0 0.18281250000000004 0.2171875 0.13750000000000004 0.2171875 0.13750000000000004 0.2375 0.18281250000000004 0.2375
0 0.3234375 0.2140625 0.2 0.2140625 0.2 0.234375 0.3234375 0.234375
0 0.4921875 0.21406250000000004 0.353125 0.2140625 0.353125 0.24687500000000004 0.4921875 0.2468750000000001
0 0.5734375 0.2140625000000001 0.5203125 0.2140625000000001 0.5203125 0.2312500000000001 0.5734375 0.2312500000000001
0 0.65625 0.2156250000000001 0.5921875 0.2156250000000001 0.5921875 0.2328125000000001 0.65625 0.2328125000000001
0 0.871875 0.2140625000000001 0.690625 0.2140625000000001 0.690625 0.23437500000000008 0.871875 0.23437500000000008
0 0.2375 0.25625 0.14062500000000006 0.25625 0.14062500000000006 0.296875 0.2375 0.296875
0 0.3265625 0.2625 0.25625 0.2625 0.25625 0.2796875 0.3265625 0.2796875
0 0.4703125 0.26093750000000004 0.353125 0.2609375 0.353125 0.29531250000000003 0.4703125 0.2953125000000001
0 0.5359375 0.26250000000000007 0.5046875 0.26250000000000007 0.5046875 0.27812500000000007 0.5359375 0.27812500000000007
0 0.6734375 0.2593750000000001 0.55625 0.2593750000000001 0.55625 0.2828125000000001 0.6734375 0.2828125000000001
0 0.759375 0.2593750000000001 0.6984375 0.2593750000000001 0.6984375 0.27812500000000007 0.759375 0.27812500000000007
0 0.88125 0.2593750000000001 0.778125 0.2593750000000001 0.778125 0.2812500000000001 0.88125 0.2812500000000001
0 0.265625 0.3125 0.14375000000000004 0.3125 0.14375000000000004 0.3328125 0.265625 0.3328125
0 0.334375 0.3078125 0.2859375 0.3078125 0.2859375 0.33125 0.334375 0.33125
0 0.415625 0.31093750000000003 0.3609375 0.3109375 0.3609375 0.34687500000000004 0.415625 0.3468750000000001
0 0.509375 0.3109375000000001 0.43125 0.3109375000000001 0.43125 0.3296875000000001 0.509375 0.3296875000000001
0 0.64375 0.30937500000000007 0.5359375 0.30937500000000007 0.5359375 0.3437500000000001 0.64375 0.3437500000000001
0 0.84375 0.31718750000000007 0.678125 0.31718750000000007 0.678125 0.3421875000000001 0.84375 0.3421875000000001
0 0.2062500000000001 0.3671875 0.13906250000000003 0.3671875 0.13906250000000003 0.3859375 0.2062500000000001 0.3859375
0 0.30937500000000007 0.365625 0.23437500000000008 0.365625 0.23437500000000008 0.3953125 0.30937500000000007 0.3953125
0 0.3843750000000001 0.36718750000000006 0.32500000000000007 0.3671875 0.32500000000000007 0.38281250000000006 0.3843750000000001 0.3828125000000001
0 0.5921875 0.3609375000000001 0.396875 0.3609375000000001 0.39687500000000003 0.3906250000000001 0.5921875 0.3906250000000001
0 0.6953125 0.3671875000000001 0.6203125 0.3671875000000001 0.6203125 0.37968750000000007 0.6953125 0.37968750000000007
0 0.7265625 0.37187500000000007 0.7203125 0.37187500000000007 0.7203125 0.3812500000000001 0.7265625 0.3812500000000001
0 0.9390625 0.3515625000000001 0.7359375 0.3515625000000001 0.7359375 0.3906250000000001 0.9390625 0.3906250000000001
0 0.2062500000000001 0.403125 0.13281250000000006 0.403125 0.13281250000000006 0.440625 0.2062500000000001 0.440625
0 0.2140625000000001 0.4015625 0.21093750000000008 0.4015625 0.21093750000000008 0.409375 0.2140625000000001 0.409375
0 0.2218750000000001 0.403125 0.2156250000000001 0.403125 0.2156250000000001 0.428125 0.2218750000000001 0.428125
0 0.3781250000000001 0.4015625 0.24375000000000008 0.4015625 0.24375000000000008 0.434375 0.3781250000000001 0.434375
0 0.5609375 0.403125 0.4 0.403125 0.4 0.4359375 0.5609375 0.4359375
0 0.615625 0.403125 0.58125 0.403125 0.58125 0.421875 0.615625 0.421875
0 0.69375 0.4 0.634375 0.4 0.634375 0.4203125 0.69375 0.4203125
0 0.8171875 0.3984375000000001 0.715625 0.3984375000000001 0.715625 0.41875000000000007 0.8171875 0.4187500000000002
0 0.95625 0.3968750000000001 0.8390625 0.3968750000000001 0.8390625 0.43281250000000016 0.95625 0.43281250000000016
0 0.2015625000000001 0.4453125 0.13906250000000003 0.4453125 0.13906250000000003 0.48125 0.2015625000000001 0.48125
0 0.34062500000000007 0.4421875 0.2328125000000001 0.4421875 0.2328125000000001 0.4640625 0.34062500000000007 0.4640625
0 0.403125 0.4515625 0.3656250000000001 0.4515625 0.3656250000000001 0.4609375 0.403125 0.4609375
0 0.4734375 0.4421875 0.4203125 0.4421875 0.4203125 0.4609375 0.4734375 0.4609375
0 0.684375 0.4328125 0.490625 0.4328125 0.490625 0.45625 0.684375 0.45625
0 0.753125 0.4328125000000001 0.7140625 0.4328125 0.7140625 0.45000000000000007 0.753125 0.4500000000000002
0 0.875 0.44062500000000016 0.78125 0.44062500000000016 0.78125 0.4546875000000002 0.875 0.4546875000000002
0 0.9515625 0.43281250000000016 0.896875 0.43281250000000016 0.896875 0.45625000000000016 0.9515625 0.45625000000000016
0 0.3437500000000001 0.4828125 0.13750000000000004 0.4828125 0.13750000000000004 0.5203125 0.3437500000000001 0.5203125
0 0.453125 0.4859375 0.3765625000000001 0.4859375 0.3765625000000001 0.509375 0.453125 0.509375
0 0.5203125 0.4828125 0.471875 0.4828125 0.471875 0.50625 0.5203125 0.50625
0 0.634375 0.4828125 0.5515625 0.4828125 0.5515625 0.521875 0.634375 0.521875
0 0.9234375 0.4781250000000001 0.6625 0.478125 0.6625 0.5218750000000001 0.9234375 0.5218750000000002
0 0.940625 0.5015625000000001 0.9359375 0.5015625000000001 0.9359375 0.5140625000000002 0.940625 0.5140625000000002
0 0.19062500000000007 0.5375 0.13906250000000003 0.5375 0.13906250000000006 0.55625 0.1906250000000001 0.55625
0 0.3296875000000001 0.53125 0.21093750000000008 0.53125 0.21093750000000008 0.5640625 0.3296875000000001 0.5640625
0 0.5546875 0.53125 0.3593750000000001 0.53125 0.3593750000000001 0.5640625 0.5546875 0.5640625
0 0.5734375 0.546875 0.5703125 0.546875 0.5703125 0.5546875 0.5734375 0.5546875
0 0.646875 0.534375 0.6046875 0.534375 0.6046875 0.5578125 0.646875 0.5578125
0 0.7484375 0.5437500000000001 0.678125 0.54375 0.678125 0.5562500000000001 0.7484375 0.5562500000000001
0 0.815625 0.5343750000000002 0.7734375 0.5343750000000002 0.7734375 0.5546875000000002 0.815625 0.5546875000000002
0 0.9203125 0.5375000000000002 0.83125 0.5375000000000002 0.83125 0.5546875000000002 0.9203125 0.5546875000000002
0 0.22656250000000008 0.578125 0.1375000000000001 0.578125 0.1375000000000001 0.60625 0.22656250000000008 0.60625
0 0.3343750000000001 0.56875 0.26250000000000007 0.56875 0.26250000000000007 0.590625 0.3343750000000001 0.590625
0 0.5328125 0.56875 0.3671875000000001 0.56875 0.3671875000000001 0.5859375 0.5328125 0.5859375
0 0.5546875 0.58125 0.5515625 0.58125 0.5515625 0.5859375 0.5546875 0.5859375
0 0.66875 0.5734375 0.578125 0.5734375 0.578125 0.603125 0.66875 0.603125
0 0.7859375 0.5687500000000001 0.69375 0.56875 0.69375 0.5921875000000001 0.7859375 0.5921875000000002
0 0.903125 0.5718750000000001 0.8125 0.5718750000000001 0.8125 0.6031250000000001 0.903125 0.6031250000000001
0 0.3031250000000001 0.609375 0.14062500000000008 0.609375 0.14062500000000008 0.6453125 0.3031250000000001 0.6453125
0 0.40625 0.60625 0.32500000000000007 0.60625 0.32500000000000007 0.6296875 0.40625 0.6296875
0 0.440625 0.621875 0.43125 0.621875 0.43125 0.63125 0.440625 0.63125
0 0.59375 0.6046875 0.4546875 0.6046875 0.4546875 0.6421875 0.59375 0.6421875
0 0.728125 0.6171875000000001 0.625 0.6171875 0.625 0.6406250000000001 0.728125 0.6406250000000002
0 0.7421875 0.6046875000000002 0.734375 0.6046875000000002 0.734375 0.6140625000000002 0.7421875 0.6140625000000002
0 0.821875 0.6125000000000002 0.7625 0.6125000000000002 0.7625 0.6328125000000002 0.821875 0.6328125000000002
0 0.8390625 0.6250000000000002 0.8328125 0.6250000000000002 0.8328125 0.6343750000000001 0.8390625 0.6343750000000001
0 0.9375 0.6218750000000002 0.85 0.6218750000000002 0.85 0.6453125000000002 0.9375 0.6453125000000002
0 0.2171875000000001 0.653125 0.14062500000000008 0.653125 0.14062500000000008 0.6765625 0.2171875000000001 0.6765625
0 0.559375 0.646875 0.2468750000000001 0.646875 0.2468750000000001 0.675 0.559375 0.675
0 0.584375 0.65 0.575 0.65 0.575 0.659375 0.584375 0.659375
0 0.8109375 0.6484375000000001 0.59375 0.6484375 0.59375 0.6828125 0.8109375 0.6828125000000002
0 0.896875 0.6468750000000002 0.85625 0.6468750000000002 0.85625 0.6843750000000002 0.896875 0.6843750000000002
0 0.1843750000000001 0.6953125 0.1390625000000001 0.6953125 0.1390625000000001 0.7203125 0.1843750000000001 0.7203125
0 0.3000000000000001 0.69375 0.21093750000000008 0.69375 0.21093750000000008 0.734375 0.3000000000000001 0.734375
0 0.45625 0.6953125 0.3203125000000001 0.6953125 0.3203125000000001 0.71875 0.45625 0.71875
0 0.7250000000000001 0.69375 0.5015625 0.69375 0.5015625000000001 0.728125 0.7250000000000002 0.728125
0 0.809375 0.6875000000000002 0.7671875 0.6875000000000002 0.7671875 0.7156250000000002 0.809375 0.7156250000000002
0 0.9171875 0.6906250000000002 0.8421875 0.6906250000000002 0.8421875 0.7140625000000002 0.9171875 0.7140625000000002
0 0.2406250000000001 0.7359375 0.1375000000000001 0.7359375 0.1375000000000001 0.75625 0.2406250000000001 0.75625
0 0.2609375000000001 0.75 0.2578125000000001 0.75 0.2578125000000001 0.7578125 0.2609375000000001 0.7578125