0 0.17500000000000004 0.2078125 0.15625000000000006 0.2078125 0.15625000000000006 0.2328125 0.17500000000000004 0.2328125
0 0.24375 0.2078125 0.18125000000000005 0.2078125 0.18125000000000005 0.2453125 0.24375 0.2453125
0 0.2421875 0.234375 0.2375 0.234375 0.2375 0.240625 0.2421875 0.240625
0 0.3640625 0.20937500000000003 0.2515625 0.209375 0.2515625 0.23281250000000003 0.3640625 0.2328125000000001
0 0.4125 0.2218750000000001 0.365625 0.2218750000000001 0.365625 0.23437500000000008 0.4125 0.23437500000000008
0 0.4625 0.21093750000000008 0.415625 0.21093750000000008 0.415625 0.23437500000000008 0.4625 0.23437500000000008
0 0.4984375 0.2140625000000001 0.471875 0.2140625000000001 0.471875 0.23437500000000008 0.4984375 0.23437500000000008
0 0.5875 0.2250000000000001 0.50625 0.2250000000000001 0.50625 0.23593750000000008 0.5875 0.23593750000000008
0 0.646875 0.2234375000000001 0.59375 0.2234375000000001 0.59375 0.23437500000000008 0.646875 0.23437500000000008
0 0.69375 0.21250000000000008 0.6515625 0.21250000000000008 0.6515625 0.2468750000000001 0.69375 0.2468750000000001
0 0.7375 0.21250000000000008 0.7 0.21250000000000008 0.7 0.2328125000000001 0.7375 0.2328125000000001
0 0.80625 0.21093750000000008 0.7453125 0.21093750000000008 0.7453125 0.23437500000000008 0.80625 0.23437500000000008
0 0.8765625 0.2156250000000001 0.815625 0.2156250000000001 0.815625 0.23593750000000008 0.8765625 0.23593750000000008
0 0.2328125 0.259375 0.15312500000000004 0.259375 0.15312500000000004 0.2953125 0.2328125 0.2953125
0 0.309375 0.2625 0.2515625 0.2625 0.2515625 0.2859375 0.309375 0.2859375
0 0.4203125 0.26250000000000007 0.3203125 0.2625 0.3203125 0.28750000000000003 0.4203125 0.2875000000000001
0 0.4828125 0.2609375000000001 0.4296875 0.2609375000000001 0.4296875 0.2843750000000001 0.4828125 0.2843750000000001
0 0.5140625 0.2656250000000001 0.4921875 0.2656250000000001 0.4921875 0.2828125000000001 0.5140625 0.2828125000000001
0 0.590625 0.2640625000000001 0.521875 0.2640625000000001 0.521875 0.2843750000000001 0.590625 0.2843750000000001
0 0.628125 0.2640625000000001 0.6046875 0.2640625000000001 0.6046875 0.28593750000000007 0.628125 0.28593750000000007
0 0.653125 0.2656250000000001 0.634375 0.2656250000000001 0.634375 0.28593750000000007 0.653125 0.28593750000000007
0 0.75625 0.2640625000000001 0.66875 0.2640625000000001 0.66875 0.2843750000000001 0.75625 0.2843750000000001
0 0.765625 0.2843750000000001 0.7625 0.2843750000000001 0.7625 0.28593750000000007 0.765625 0.28593750000000007
0 0.8390625 0.2640625000000001 0.7765625 0.2640625000000001 0.7765625 0.2875000000000001 0.8390625 0.2875000000000001
0 0.18281250000000004 0.3171875 0.15312500000000004 0.3171875 0.15312500000000004 0.33125 0.18281250000000004 0.33125
0 0.2125 0.3203125 0.19531250000000006 0.3203125 0.19531250000000006 0.33125 0.2125 0.33125
0 0.3703125 0.31562500000000004 0.21875 0.315625 0.21875 0.35000000000000003 0.3703125 0.3500000000000001
0 0.41875 0.3156250000000001 0.38125 0.3156250000000001 0.38125 0.34843750000000007 0.41875 0.34843750000000007
0 0.5125 0.3140625000000001 0.43125 0.3140625000000001 0.43125 0.3359375000000001 0.5125 0.3359375000000001
0 0.60625 0.3187500000000001 0.521875 0.3187500000000001 0.521875 0.3390625000000001 0.60625 0.3390625000000001
0 0.771875 0.3203125000000001 0.621875 0.3203125000000001 0.621875 0.34843750000000007 0.771875 0.34843750000000007
0 0.7796875 0.3375000000000001 0.771875 0.3375000000000001 0.771875 0.3453125000000001 0.7796875 0.3453125000000001
0 0.2328125000000001 0.3640625 0.15156250000000004 0.3640625 0.15156250000000004 0.3859375 0.2328125000000001 0.3859375
0 0.30156250000000007 0.3640625 0.2468750000000001 0.3640625 0.2468750000000001 0.384375 0.30156250000000007 0.384375
0 0.3703125000000001 0.36406250000000007 0.3046875000000001 0.3640625 0.3046875000000001 0.3921875 0.3703125000000001 0.3921875000000001
0 0.440625 0.3656250000000001 0.3812500000000001 0.3656250000000001 0.3812500000000001 0.39531250000000007 0.440625 0.39531250000000007
0 0.5265625 0.3671875000000001 0.4609375 0.3671875000000001 0.4609375 0.3859375000000001 0.5265625 0.3859375000000001
0 0.55625 0.3703125000000001 0.534375 0.3703125000000001 0.534375 0.3859375000000001 0.55625 0.3859375000000001
0 0.64375 0.3671875000000001 0.5765625 0.3671875000000001 0.5765625 0.3859375000000001 0.64375 0.3859375000000001
0 0.6890625 0.3781250000000001 0.6453125 0.3781250000000001 0.6453125 0.3984375000000001 0.6890625 0.3984375000000001
0 0.753125 0.3656250000000001 0.6921875 0.3656250000000001 0.6921875 0.3921875000000001 0.753125 0.3921875000000001
0 0.2015625000000001 0.409375 0.14687500000000003 0.409375 0.14687500000000003 0.4328125 0.2015625000000001 0.4328125
0 0.2578125000000001 0.4140625 0.2140625000000001 0.4140625 0.2140625000000001 0.4359375 0.2578125000000001 0.4359375
0 0.3468750000000001 0.4140625 0.2656250000000001 0.4140625 0.2656250000000001 0.4390625 0.3468750000000001 0.4390625
0 0.4515625 0.4265625 0.36406250000000007 0.4265625 0.36406250000000007 0.4546875 0.4515625 0.4546875
0 0.5046875 0.415625 0.4640625 0.415625 0.4640625 0.4359375 0.5046875 0.4359375
0 0.6015625 0.415625 0.515625 0.415625 0.515625 0.440625 0.6015625 0.440625
0 0.7328125 0.4140625000000001 0.615625 0.4140625 0.615625 0.4453125000000001 0.7328125 0.44531250000000017
0 0.765625 0.41718750000000016 0.74375 0.41718750000000016 0.74375 0.4359375000000002 0.765625 0.4359375000000002
0 0.8109375 0.41718750000000016 0.7671875 0.41718750000000016 0.7671875 0.4359375000000002 0.8109375 0.4359375000000002
0 0.28593750000000007 0.465625 0.15468750000000003 0.465625 0.15468750000000003 0.503125 0.28593750000000007 0.503125
0 0.3390625000000001 0.4640625 0.2968750000000001 0.4640625 0.2968750000000001 0.4859375 0.3390625000000001 0.4859375
0 0.4375 0.465625 0.3500000000000001 0.465625 0.3500000000000001 0.4890625 0.4375 0.4890625
0 0.4421875 0.4859375 0.4390625 0.4859375 0.4390625 0.4875 0.4421875 0.4875
0 0.5 0.465625 0.4625 0.465625 0.4625 0.4875 0.5 0.4875
0 0.6515625 0.4671875 0.50625 0.4671875 0.50625 0.4890625 0.6515625 0.4890625
0 0.721875 0.465625 0.6640625 0.465625 0.6640625 0.4875 0.721875 0.4875
0 0.825 0.4671875000000002 0.728125 0.4671875000000002 0.728125 0.4890625000000002 0.825 0.4890625000000002
0 0.18593750000000006 0.5125 0.14843750000000006 0.5125 0.14843750000000006 0.546875 0.1859375000000001 0.546875
0 0.27031250000000007 0.515625 0.19218750000000004 0.515625 0.19218750000000007 0.5484375 0.27031250000000007 0.5484375
0 0.30937500000000007 0.515625 0.2843750000000001 0.515625 0.2843750000000001 0.5390625 0.30937500000000007 0.5390625
0 0.3609375000000001 0.5140625 0.3078125000000001 0.5140625 0.3078125000000001 0.540625 0.3609375000000001 0.540625
0 0.4046875 0.5140625 0.3656250000000001 0.5140625 0.3656250000000001 0.55 0.4046875 0.55
0 0.4484375 0.515625 0.40625 0.515625 0.40625 0.5390625 0.4484375 0.5390625
0 0.575 0.5140625 0.4640625 0.5140625 0.4640625 0.5484375 0.575 0.5484375
0 0.6328125 0.515625 0.590625 0.515625 0.590625 0.5375 0.6328125 0.5375
0 0.715625 0.5171875 0.6390625 0.5171875 0.6390625 0.5390625 0.715625 0.5390625
0 0.821875 0.5156250000000002 0.728125 0.5156250000000002 0.728125 0.5375000000000002 0.821875 0.5375000000000002
0 0.2093750000000001 0.565625 0.14843750000000008 0.565625 0.14843750000000008 0.5890625 0.2093750000000001 0.5890625
0 0.31718750000000007 0.5671875 0.2250000000000001 0.5671875 0.2250000000000001 0.590625 0.31718750000000007 0.590625
0 0.425 0.565625 0.3312500000000001 0.565625 0.3312500000000001 0.590625 0.425 0.590625
0 0.5671875 0.565625 0.4484375 0.565625 0.4484375 0.609375 0.5671875 0.609375
0 0.6203125 0.5671875 0.5796875 0.5671875 0.5796875 0.5890625 0.6203125 0.5890625
0 0.696875 0.5671875 0.6296875 0.5671875 0.6296875 0.6078125 0.696875 0.6078125
0 0.8140625 0.5671875000000001 0.7078125 0.5671875 0.7078125 0.6062500000000001 0.8140625 0.6062500000000002
0 0.2640625000000001 0.6140625 0.1515625000000001 0.6140625 0.1515625000000001 0.6484375 0.2640625000000001 0.6484375
0 0.2656250000000001 0.6359375 0.2562500000000001 0.6359375 0.2562500000000001 0.646875 0.2656250000000001 0.646875
0 0.3734375000000001 0.615625 0.2843750000000001 0.615625 0.2843750000000001 0.6421875 0.3734375000000001 0.6421875
0 0.4765625 0.615625 0.3765625000000001 0.615625 0.3765625000000001 0.653125 0.4765625 0.653125
0 0.5515625 0.615625 0.4890625 0.615625 0.4890625 0.6421875 0.5515625 0.6421875
0 0.625 0.61875 0.5609375 0.61875 0.5609375 0.6421875 0.625 0.6421875
0 0.68125 0.6171875 0.640625 0.6171875 0.640625 0.65625 0.68125 0.65625
0 0.71875 0.63125 0.684375 0.63125 0.684375 0.653125 0.71875 0.653125
0 0.75625 0.6203125000000002 0.7265625 0.6203125000000002 0.7265625 0.6421875000000001 0.75625 0.6421875000000001
0 0.840625 0.6171875000000002 0.778125 0.6171875000000002 0.778125 0.6406250000000002 0.840625 0.6406250000000002
0 0.1906250000000001 0.678125 0.14218750000000008 0.678125 0.14218750000000008 0.696875 0.1906250000000001 0.696875
0 0.27031250000000007 0.6640625 0.2000000000000001 0.6640625 0.2000000000000001 0.690625 0.27031250000000007 0.690625
0 0.3125000000000001 0.66875 0.2890625000000001 0.66875 0.2890625000000001 0.690625 0.3125000000000001 0.690625
0 0.3703125000000001 0.665625 0.3265625000000001 0.665625 0.3265625000000001 0.6921875 0.3703125000000001 0.6921875
0 0.44375 0.665625 0.37968750000000007 0.665625 0.37968750000000007 0.6921875 0.44375 0.6921875
0 0.5453125 0.6671875 0.4546875 0.6671875 0.4546875 0.7109375 0.5453125 0.7109375
0 0.6265625 0.6796875 0.5546875 0.6796875 0.5546875 0.703125 0.6265625 0.703125
0 0.6375 0.6890625 0.634375 0.6890625 0.634375 0.6921875 0.6375 0.6921875