0 0.19843750000000004 0.2234375 0.15312500000000004 0.2234375 0.15312500000000004 0.2390625 0.19843750000000004 0.2390625
0 0.3234375 0.2234375 0.2328125 0.2234375 0.2328125 0.2390625 0.3234375 0.2390625
0 0.4390625 0.22812500000000005 0.3484375 0.228125 0.3484375 0.24218750000000006 0.4390625 0.24218750000000008
0 0.625 0.2296875000000001 0.465625 0.2296875000000001 0.465625 0.2453125000000001 0.625 0.2453125000000001
0 0.7234375 0.22812500000000008 0.66875 0.22812500000000008 0.66875 0.24375000000000008 0.7234375 0.24375000000000008
0 0.8921875 0.22656250000000008 0.75 0.22656250000000008 0.75 0.24375000000000008 0.8921875 0.24375000000000008
0 0.275 0.278125 0.14687500000000003 0.278125 0.14687500000000003 0.296875 0.275 0.296875
0 0.4890625 0.27656250000000004 0.3078125 0.2765625 0.3078125 0.29375000000000007 0.4890625 0.29375000000000007
0 0.590625 0.2765625000000001 0.521875 0.2765625000000001 0.521875 0.2921875000000001 0.590625 0.2921875000000001
0 0.8171875 0.2765625000000001 0.6140625 0.2765625000000001 0.6140625 0.3000000000000001 0.8171875 0.3000000000000001
0 0.9484375 0.27812500000000007 0.84375 0.27812500000000007 0.84375 0.29375000000000007 0.9484375 0.29375000000000007
0 0.234375 0.328125 0.14062500000000006 0.328125 0.14062500000000006 0.3421875 0.234375 0.3421875
0 0.3015625 0.328125 0.2578125 0.328125 0.2578125 0.346875 0.3015625 0.346875
0 0.390625 0.3296875 0.321875 0.3296875 0.321875 0.34218750000000003 0.390625 0.3421875000000001
0 0.6078125 0.3296875000000001 0.4265625 0.3296875000000001 0.4265625 0.3437500000000001 0.6078125 0.3437500000000001
0 0.621875 0.3421875000000001 0.61875 0.3421875000000001 0.61875 0.3453125000000001 0.621875 0.3453125000000001
0 0.840625 0.3281250000000001 0.6578125 0.3281250000000001 0.6578125 0.3500000000000001 0.840625 0.3500000000000001
0 0.921875 0.3296875000000001 0.86875 0.3296875000000001 0.86875 0.3453125000000001 0.921875 0.3453125000000001
0 0.27031250000000007 0.3765625 0.13593750000000004 0.3765625 0.13593750000000004 0.4015625 0.27031250000000007 0.4015625
0 0.409375 0.38125000000000003 0.3000000000000001 0.38125 0.3000000000000001 0.39531250000000007 0.409375 0.39531250000000007
0 0.471875 0.3859375000000001 0.45 0.3859375000000001 0.45 0.3937500000000001 0.471875 0.3937500000000001
0 0.5703125 0.3781250000000001 0.490625 0.3781250000000001 0.490625 0.3921875000000001 0.5703125 0.3921875000000001
0 0.6328125 0.37968750000000007 0.603125 0.37968750000000007 0.603125 0.39531250000000007 0.6328125 0.39531250000000007
0 0.7921875 0.37968750000000007 0.671875 0.37968750000000007 0.671875 0.39531250000000007 0.7921875 0.39531250000000007
0 0.9546875 0.3750000000000001 0.8203125 0.3750000000000001 0.8203125 0.3937500000000001 0.9546875 0.3937500000000001
0 0.24375000000000008 0.4265625 0.12968750000000004 0.4265625 0.12968750000000004 0.4515625 0.24375000000000008 0.4515625
0 0.3500000000000001 0.4296875 0.2875000000000001 0.4296875 0.2875000000000001 0.44375 0.3500000000000001 0.44375
0 0.4953125 0.425 0.3687500000000001 0.425 0.3687500000000001 0.44375 0.4953125 0.44375
0 0.628125 0.425 0.5015625 0.425 0.5015625 0.4453125 0.628125 0.4453125
0 0.68125 0.428125 0.65 0.428125 0.65 0.446875 0.68125 0.446875
0 0.8875 0.4250000000000001 0.703125 0.425 0.703125 0.4515625000000001 0.8875 0.4515625000000002
0 0.9578125 0.4265625000000002 0.9 0.4265625000000002 0.9 0.4390625000000002 0.9578125 0.4390625000000002
0 0.2734375000000001 0.4796875 0.13437500000000005 0.4796875 0.13437500000000005 0.496875 0.2734375000000001 0.496875
0 0.3375000000000001 0.4875 0.3046875000000001 0.4875 0.3046875000000001 0.496875 0.3375000000000001 0.496875
0 0.440625 0.4796875 0.3890625000000001 0.4796875 0.3890625000000001 0.49375 0.440625 0.49375
0 0.5828125 0.48125 0.48125 0.48125 0.48125 0.4953125 0.5828125 0.4953125
0 0.5921875 0.490625 0.5890625 0.490625 0.5890625 0.49375 0.5921875 0.49375
0 0.68125 0.478125 0.6296875 0.478125 0.6296875 0.4953125 0.68125 0.4953125
0 0.865625 0.4765625000000001 0.7046875 0.4765625 0.7046875 0.4937500000000001 0.865625 0.4937500000000002
0 0.18125000000000005 0.5296875 0.13593750000000004 0.5296875 0.13593750000000004 0.5421875 0.18125000000000005 0.5421875
0 0.3125000000000001 0.53125 0.2000000000000001 0.53125 0.2000000000000001 0.546875 0.3125000000000001 0.546875
0 0.4796875 0.5296875 0.3500000000000001 0.5296875 0.3500000000000001 0.55 0.4796875 0.55
0 0.5234375 0.540625 0.5125 0.540625 0.5125 0.546875 0.5234375 0.546875
0 0.746875 0.5250000000000001 0.5328125 0.525 0.5328125 0.55 0.746875 0.5500000000000002
0 0.8828125 0.5281250000000002 0.7734375 0.5281250000000002 0.7734375 0.5468750000000002 0.8828125 0.5468750000000002
0 0.90625 0.5250000000000001 0.8953125 0.5250000000000001 0.8953125 0.5312500000000002 0.90625 0.5312500000000002
0 0.1515625000000001 0.5796875 0.1296875000000001 0.5796875 0.1296875000000001 0.596875 0.1515625000000001 0.596875
0 0.2140625000000001 0.5796875 0.1703125000000001 0.5796875 0.1703125000000001 0.596875 0.2140625000000001 0.596875
0 0.3000000000000001 0.58125 0.24375000000000008 0.58125 0.24375000000000008 0.5984375 0.3000000000000001 0.5984375
0 0.3109375000000001 0.5953125 0.3078125000000001 0.5953125 0.3078125000000001 0.596875 0.3109375000000001 0.596875
0 0.49375 0.5765625 0.3546875000000001 0.5765625 0.3546875000000001 0.5953125 0.49375 0.5953125
0 0.69375 0.575 0.521875 0.575 0.521875 0.5953125 0.69375 0.5953125
0 0.884375 0.5750000000000001 0.7234375 0.575 0.7234375 0.596875 0.884375 0.5968750000000002
0 0.1765625000000001 0.634375 0.12656250000000008 0.634375 0.12656250000000008 0.646875 0.1765625000000001 0.646875
0 0.23437500000000008 0.6328125 0.20312500000000008 0.6328125 0.20312500000000008 0.646875 0.23437500000000008 0.646875
0 0.32500000000000007 0.6375 0.2593750000000001 0.6375 0.2593750000000001 0.6484375 0.32500000000000007 0.6484375
0 0.425 0.6296875 0.3687500000000001 0.6296875 0.3687500000000001 0.646875 0.425 0.646875
0 0.5640625 0.6296875 0.4453125 0.6296875 0.4453125 0.646875 0.5640625 0.646875
0 0.7421875 0.6312500000000001 0.584375 0.63125 0.584375 0.6468750000000001 0.7421875 0.6468750000000002
0 0.8734375 0.6281250000000002 0.7640625 0.6281250000000002 0.7640625 0.6500000000000001 0.8734375 0.6500000000000001
0 0.91875 0.6296875000000002 0.8890625 0.6296875000000002 0.8890625 0.6437500000000002 0.91875 0.6437500000000002
0 0.1828125000000001 0.6875 0.13281250000000008 0.6875 0.13281250000000008 0.6984375 0.1828125000000001 0.6984375
0 0.27031250000000007 0.68125 0.2250000000000001 0.68125 0.2250000000000001 0.696875 0.27031250000000007 0.696875
0 0.484375 0.68125 0.30156250000000007 0.68125 0.30156250000000007 0.6984375 0.484375 0.6984375
0 0.5515625 0.684375 0.51875 0.684375 0.51875 0.703125 0.5515625 0.703125
0 0.6359375 0.6828125 0.56875 0.6828125 0.56875 0.6984375 0.6359375 0.6984375
0 0.715625 0.68125 0.6625 0.68125 0.6625 0.7 0.715625 0.7
0 0.8703125 0.6812500000000001 0.75625 0.6812500000000001 0.75625 0.6984375000000002 0.8703125 0.6984375000000002
0 0.884375 0.6953125000000002 0.88125 0.6953125000000002 0.88125 0.6968750000000001 0.884375 0.6968750000000001