0 0.2109375 0.20625 0.14531250000000004 0.20625 0.14531250000000004 0.234375 0.2109375 0.234375
0 0.2265625 0.2328125 0.21875 0.2328125 0.21875 0.246875 0.2265625 0.246875
0 0.31875 0.2109375 0.246875 0.2109375 0.246875 0.234375 0.31875 0.234375
0 0.4015625 0.20625000000000004 0.3421875 0.20625 0.3421875 0.23750000000000004 0.4015625 0.2375000000000001
0 0.453125 0.2078125000000001 0.4265625 0.2078125000000001 0.4265625 0.23437500000000008 0.453125 0.23437500000000008
0 0.6015625 0.2015625000000001 0.4828125 0.2015625000000001 0.4828125 0.23593750000000008 0.6015625 0.23593750000000008
0 0.6953125 0.21875000000000008 0.6265625 0.21875000000000008 0.6265625 0.2531250000000001 0.6953125 0.2531250000000001
0 0.7546875 0.21093750000000008 0.728125 0.21093750000000008 0.728125 0.2328125000000001 0.7546875 0.2328125000000001
0 0.84375 0.20468750000000008 0.7796875 0.20468750000000008 0.7796875 0.23437500000000008 0.84375 0.23437500000000008
0 0.290625 0.259375 0.14687500000000003 0.259375 0.14687500000000003 0.309375 0.290625 0.309375
0 0.3171875 0.284375 0.30625 0.284375 0.30625 0.3015625 0.3171875 0.3015625
0 0.3859375 0.25781250000000006 0.346875 0.2578125 0.346875 0.290625 0.3859375 0.2906250000000001
0 0.5546875 0.2609375000000001 0.4109375 0.2609375000000001 0.4109375 0.2875000000000001 0.5546875 0.2875000000000001
0 0.5984375 0.2640625000000001 0.575 0.2640625000000001 0.575 0.2875000000000001 0.5984375 0.2875000000000001
0 0.6578125 0.26250000000000007 0.6265625 0.26250000000000007 0.6265625 0.28593750000000007 0.6578125 0.28593750000000007
0 0.6984375 0.2750000000000001 0.6796875 0.2750000000000001 0.6796875 0.2843750000000001 0.6984375 0.2843750000000001
0 0.80625 0.2562500000000001 0.715625 0.2562500000000001 0.715625 0.2968750000000001 0.80625 0.2968750000000001
0 0.2234375 0.3109375 0.14218750000000005 0.3109375 0.14218750000000005 0.3515625 0.2234375 0.3515625
0 0.2296875 0.3375 0.2265625 0.3375 0.2265625 0.3390625 0.2296875 0.3390625
0 0.353125 0.3109375 0.2546875 0.3109375 0.2546875 0.3578125 0.353125 0.3578125
0 0.5234375 0.3078125000000001 0.3765625 0.3078125000000001 0.3765625 0.3500000000000001 0.5234375 0.3500000000000001
0 0.6484375 0.3078125000000001 0.5484375 0.3078125000000001 0.5484375 0.3359375000000001 0.6484375 0.3359375000000001
0 0.665625 0.32500000000000007 0.659375 0.32500000000000007 0.659375 0.3359375000000001 0.665625 0.3359375000000001
0 0.8375 0.3078125000000001 0.6953125 0.3078125000000001 0.6953125 0.3390625000000001 0.8375 0.3390625000000001
0 0.28437500000000004 0.3578125 0.14062500000000006 0.3578125 0.14062500000000006 0.4015625 0.2843750000000001 0.4015625
0 0.36406250000000007 0.35937500000000006 0.3171875 0.359375 0.31718750000000007 0.39062500000000006 0.36406250000000007 0.3906250000000001
0 0.434375 0.3593750000000001 0.390625 0.3593750000000001 0.39062500000000006 0.3890625000000001 0.434375 0.3890625000000001
0 0.65 0.3546875000000001 0.465625 0.3546875000000001 0.465625 0.4 0.65 0.4
0 0.7390625 0.3546875000000001 0.6734375 0.3546875000000001 0.6734375 0.3890625000000001 0.7390625 0.3890625000000001
0 0.859375 0.3656250000000001 0.7609375 0.3656250000000001 0.7609375 0.3843750000000001 0.859375 0.3843750000000001
0 0.2750000000000001 0.40625 0.14062500000000006 0.40625 0.14062500000000006 0.45 0.2750000000000001 0.45
0 0.4671875 0.40625 0.3046875000000001 0.40625 0.3046875000000001 0.440625 0.4671875 0.440625
0 0.53125 0.4125 0.496875 0.4125 0.496875 0.434375 0.53125 0.434375
0 0.6078125 0.40625 0.55 0.40625 0.55 0.4359375 0.6078125 0.4359375
0 0.6984375 0.4046875 0.634375 0.4046875 0.634375 0.4359375 0.6984375 0.4359375
0 0.790625 0.4046875000000001 0.7140625 0.4046875 0.7140625 0.4375000000000001 0.790625 0.43750000000000017
0 0.27812500000000007 0.453125 0.14375000000000004 0.453125 0.14375000000000004 0.490625 0.27812500000000007 0.490625
0 0.4359375 0.45625 0.3156250000000001 0.45625 0.3156250000000001 0.4890625 0.4359375 0.4890625
0 0.521875 0.4703125 0.4625 0.4703125 0.4625 0.490625 0.521875 0.490625
0 0.653125 0.4546875 0.5390625 0.4546875 0.5390625 0.50625 0.653125 0.50625
0 0.803125 0.45781250000000007 0.6765625 0.4578125 0.6765625 0.4906250000000001 0.803125 0.4906250000000002
0 0.2640625000000001 0.5078125 0.14062500000000006 0.5078125 0.14062500000000006 0.540625 0.2640625000000001 0.540625
0 0.3296875000000001 0.5125 0.2968750000000001 0.5125 0.2968750000000001 0.540625 0.3296875000000001 0.540625
0 0.484375 0.5140625 0.3531250000000001 0.5140625 0.3531250000000001 0.540625 0.484375 0.540625
0 0.61875 0.525 0.5078125 0.525 0.5078125 0.553125 0.61875 0.553125
0 0.63125 0.5390625 0.6265625 0.5390625 0.6265625 0.5421875 0.63125 0.5421875
0 0.7015625 0.5109375 0.6625 0.5109375 0.6625 0.540625 0.7015625 0.540625
0 0.8046875 0.5203125000000001 0.7109375 0.5203125 0.7109375 0.5406250000000001 0.8046875 0.5406250000000001
0 0.8609375 0.5187500000000002 0.81875 0.5187500000000002 0.81875 0.5390625000000002 0.8609375 0.5390625000000002
0 0.21250000000000008 0.5703125 0.14062500000000008 0.5703125 0.14062500000000008 0.5859375 0.21250000000000008 0.5859375
0 0.3828125000000001 0.559375 0.2406250000000001 0.559375 0.2406250000000001 0.6140625 0.3828125000000001 0.6140625
0 0.45625 0.559375 0.4109375 0.559375 0.4109375 0.603125 0.45625 0.603125
0 0.5296875 0.5625 0.471875 0.5625 0.471875 0.59375 0.5296875 0.59375
0 0.6546875 0.571875 0.5578125 0.571875 0.5578125 0.590625 0.6546875 0.590625
0 0.8046875 0.5593750000000001 0.6765625 0.559375 0.6765625 0.6078125000000001 0.8046875 0.6078125000000002
0 0.21875000000000008 0.615625 0.13437500000000008 0.615625 0.13437500000000008 0.6390625 0.21875000000000008 0.6390625
0 0.2750000000000001 0.6125 0.2484375000000001 0.6125 0.2484375000000001 0.6421875 0.2750000000000001 0.6421875
0 0.3890625000000001 0.6265625 0.2921875000000001 0.6265625 0.2921875000000001 0.640625 0.3890625000000001 0.640625
0 0.4578125 0.6234375 0.4140625 0.6234375 0.4140625 0.653125 0.4578125 0.653125
0 0.5625 0.615625 0.4703125 0.615625 0.4703125 0.640625 0.5625 0.640625
0 0.634375 0.615625 0.5765625 0.615625 0.5765625 0.6390625 0.634375 0.6390625
0 0.7734375 0.6234375000000001 0.65 0.6234375 0.65 0.6421875000000001 0.7734375 0.6421875000000001
0 0.8375 0.6296875000000002 0.7921875 0.6296875000000002 0.7921875 0.6421875000000001 0.8375 0.6421875000000001
0 0.30156250000000007 0.6625 0.14218750000000008 0.6625 0.14218750000000008 0.7078125 0.30156250000000007 0.7078125
0 0.3656250000000001 0.6625 0.3218750000000001 0.6625 0.3218750000000001 0.6890625 0.3656250000000001 0.6890625
0 0.3859375000000001 0.684375 0.3781250000000001 0.684375 0.3781250000000001 0.690625 0.3859375000000001 0.690625