0 0.16562500000000005 0.2171875 0.15156250000000004 0.2171875 0.15156250000000004 0.2359375 0.16562500000000005 0.2359375
0 0.2625 0.215625 0.2046875 0.215625 0.2046875 0.234375 0.2625 0.234375
0 0.3125 0.2140625 0.29375 0.2140625 0.29375 0.234375 0.3125 0.234375
0 0.371875 0.21562500000000004 0.3359375 0.215625 0.3359375 0.24843750000000003 0.371875 0.2484375000000001
0 0.4375 0.2140625000000001 0.4046875 0.2140625000000001 0.4046875 0.23437500000000008 0.4375 0.23437500000000008
0 0.5671875 0.21093750000000008 0.4765625 0.21093750000000008 0.4765625 0.23437500000000008 0.5671875 0.23437500000000008
0 0.634375 0.21093750000000008 0.5921875 0.21093750000000008 0.5921875 0.2515625000000001 0.634375 0.2515625000000001
0 0.78125 0.21093750000000008 0.66875 0.21093750000000008 0.66875 0.2531250000000001 0.78125 0.2531250000000001
0 0.19218750000000004 0.271875 0.15468750000000003 0.271875 0.15468750000000003 0.303125 0.19218750000000004 0.303125
0 0.2546875 0.2734375 0.209375 0.2734375 0.209375 0.284375 0.2546875 0.284375
0 0.3625 0.2640625 0.2921875 0.2640625 0.2921875 0.2859375 0.3625 0.2859375
0 0.43125 0.26250000000000007 0.3984375 0.26250000000000007 0.3984375 0.30156250000000007 0.43125 0.30156250000000007
0 0.4984375 0.2609375000000001 0.45 0.2609375000000001 0.45 0.28593750000000007 0.4984375 0.28593750000000007
0 0.54375 0.26250000000000007 0.5328125 0.26250000000000007 0.5328125 0.2828125000000001 0.54375 0.2828125000000001
0 0.584375 0.2640625000000001 0.56875 0.2640625000000001 0.56875 0.2843750000000001 0.584375 0.2843750000000001
0 0.6390625 0.26250000000000007 0.61875 0.26250000000000007 0.61875 0.2843750000000001 0.6390625 0.2843750000000001
0 0.715625 0.26250000000000007 0.665625 0.26250000000000007 0.665625 0.2843750000000001 0.715625 0.2843750000000001
0 0.759375 0.2640625000000001 0.740625 0.2640625000000001 0.740625 0.2843750000000001 0.759375 0.2843750000000001
0 0.7984375 0.2750000000000001 0.784375 0.2750000000000001 0.784375 0.2843750000000001 0.7984375 0.2843750000000001
0 0.23125 0.3140625 0.15625000000000006 0.3140625 0.15625000000000006 0.353125 0.23125 0.353125
0 0.2921875 0.315625 0.2765625 0.315625 0.2765625 0.353125 0.2921875 0.353125
0 0.390625 0.3140625 0.3265625 0.3140625 0.3265625 0.33593750000000006 0.390625 0.3359375000000001
0 0.5234375 0.3140625000000001 0.4390625 0.3140625000000001 0.4390625 0.3343750000000001 0.5234375 0.3343750000000001
0 0.6421875 0.3140625000000001 0.5578125 0.3140625000000001 0.5578125 0.3359375000000001 0.6421875 0.3359375000000001
0 0.65625 0.3312500000000001 0.653125 0.3312500000000001 0.653125 0.3343750000000001 0.65625 0.3343750000000001
0 0.715625 0.3140625000000001 0.68125 0.3140625000000001 0.68125 0.33281250000000007 0.715625 0.33281250000000007
0 0.815625 0.3140625000000001 0.74375 0.3140625000000001 0.74375 0.3359375000000001 0.815625 0.3359375000000001
0 0.19218750000000004 0.3609375 0.15156250000000004 0.3609375 0.15156250000000004 0.3828125 0.19218750000000004 0.3828125
0 0.25312500000000004 0.3625 0.225 0.3625 0.22500000000000003 0.3828125 0.2531250000000001 0.3828125
0 0.30781250000000004 0.3625 0.278125 0.3625 0.27812500000000007 0.403125 0.3078125000000001 0.403125
0 0.3890625000000001 0.36406250000000007 0.3437500000000001 0.3640625 0.3437500000000001 0.38593750000000004 0.3890625000000001 0.3859375000000001
0 0.4421875 0.3734375000000001 0.428125 0.3734375000000001 0.428125 0.3828125000000001 0.4421875 0.3828125000000001
0 0.5875 0.3625000000000001 0.4828125 0.3625000000000001 0.4828125 0.3843750000000001 0.5875 0.3843750000000001
0 0.6453125 0.3734375000000001 0.6234375 0.3734375000000001 0.6234375 0.3828125000000001 0.6453125 0.3828125000000001
0 0.69375 0.3625000000000001 0.665625 0.3625000000000001 0.665625 0.3843750000000001 0.69375 0.3843750000000001
0 0.790625 0.36406250000000007 0.7234375 0.36406250000000007 0.7234375 0.40312500000000007 0.790625 0.4031250000000002
0 0.19843750000000004 0.4125 0.16093750000000004 0.4125 0.16093750000000004 0.4359375 0.19843750000000004 0.4359375
0 0.2500000000000001 0.4140625 0.22656250000000008 0.4140625 0.22656250000000008 0.434375 0.2500000000000001 0.434375
0 0.2828125000000001 0.4125 0.2640625000000001 0.4125 0.2640625000000001 0.434375 0.2828125000000001 0.434375
0 0.3343750000000001 0.4140625 0.3187500000000001 0.4140625 0.3187500000000001 0.4375 0.3343750000000001 0.4375
0 0.3859375000000001 0.4125 0.3656250000000001 0.4125 0.3656250000000001 0.4328125 0.3859375000000001 0.4328125
0 0.4828125 0.4125 0.4171875 0.4125 0.4171875 0.434375 0.4828125 0.434375
0 0.546875 0.4125 0.5203125 0.4125 0.5203125 0.453125 0.546875 0.453125
0 0.61875 0.4171875 0.584375 0.4171875 0.584375 0.4375 0.61875 0.4375
0 0.7015625 0.4140625 0.653125 0.4140625 0.653125 0.434375 0.7015625 0.434375
0 0.8140625 0.41406250000000017 0.734375 0.41406250000000017 0.734375 0.4546875000000002 0.8140625 0.4546875000000002
0 0.825 0.43281250000000016 0.821875 0.43281250000000016 0.821875 0.4390625000000002 0.825 0.4390625000000002
0 0.23593750000000008 0.4609375 0.15937500000000004 0.4609375 0.15937500000000004 0.4859375 0.23593750000000008 0.4859375
0 0.3000000000000001 0.4625 0.2734375000000001 0.4625 0.2734375000000001 0.4984375 0.3000000000000001 0.4984375
0 0.453125 0.4625 0.3500000000000001 0.4625 0.3500000000000001 0.4875 0.453125 0.4875
0 0.5859375 0.4640625 0.4890625 0.4640625 0.4890625 0.5046875 0.5859375 0.5046875
0 0.5953125 0.48125 0.590625 0.48125 0.590625 0.4828125 0.5953125 0.4828125