0 0.203125 0.2203125 0.15312500000000004 0.2203125 0.15312500000000004 0.2359375 0.203125 0.2359375
0 0.3421875 0.215625 0.2328125 0.215625 0.2328125 0.234375 0.3421875 0.234375
0 0.3609375 0.228125 0.3578125 0.228125 0.3578125 0.2375 0.3609375 0.2375
0 0.559375 0.2156250000000001 0.396875 0.2156250000000001 0.396875 0.23437500000000008 0.559375 0.23437500000000008
0 0.6484375 0.2171875000000001 0.5875 0.2171875000000001 0.5875 0.2296875000000001 0.6484375 0.2296875000000001
0 0.9 0.2171875000000001 0.671875 0.2171875000000001 0.671875 0.2296875000000001 0.9 0.2296875000000001
0 0.915625 0.2296875000000001 0.9078125 0.2296875000000001 0.9078125 0.23593750000000008 0.915625 0.23593750000000008
0 0.19687500000000005 0.2703125 0.15625000000000006 0.2703125 0.15625000000000006 0.2796875 0.19687500000000005 0.2796875
0 0.3640625 0.26562500000000006 0.246875 0.265625 0.246875 0.28125000000000006 0.3640625 0.2812500000000001
0 0.5 0.2687500000000001 0.4046875 0.2687500000000001 0.4046875 0.2812500000000001 0.5 0.2812500000000001
0 0.5515625 0.2750000000000001 0.5234375 0.2750000000000001 0.5234375 0.2828125000000001 0.5515625 0.2828125000000001
0 0.64375 0.2687500000000001 0.5875 0.2687500000000001 0.5875 0.2812500000000001 0.64375 0.2812500000000001
0 0.7640625 0.2687500000000001 0.6796875 0.2687500000000001 0.6796875 0.28593750000000007 0.7640625 0.28593750000000007
0 0.890625 0.2671875000000001 0.8 0.2671875000000001 0.8 0.2796875000000001 0.890625 0.2796875000000001
0 0.2640625 0.31875 0.15468750000000003 0.31875 0.15468750000000003 0.3359375 0.2640625 0.3359375
0 0.271875 0.3296875 0.2671875 0.3296875 0.2671875 0.3328125 0.271875 0.3328125
0 0.3796875 0.31718750000000007 0.321875 0.3171875 0.321875 0.33281250000000007 0.3796875 0.33281250000000007
0 0.5203125 0.3125000000000001 0.409375 0.3125000000000001 0.409375 0.3312500000000001 0.5203125 0.3312500000000001
0 0.5375 0.3281250000000001 0.5328125 0.3281250000000001 0.5328125 0.3375000000000001 0.5375 0.3375000000000001
0 0.7703125 0.3125000000000001 0.565625 0.3125000000000001 0.565625 0.3312500000000001 0.7703125 0.3312500000000001
0 0.8640625 0.3187500000000001 0.7953125 0.3187500000000001 0.7953125 0.3312500000000001 0.8640625 0.3312500000000001
0 0.31718750000000007 0.365625 0.15156250000000004 0.365625 0.15156250000000004 0.3890625 0.31718750000000007 0.3890625
0 0.5265625 0.36875 0.3531250000000001 0.36875 0.3531250000000001 0.38281250000000006 0.5265625 0.3828125000000001
0 0.5453125 0.37968750000000007 0.540625 0.37968750000000007 0.540625 0.38750000000000007 0.5453125 0.38750000000000007
0 0.6875 0.3656250000000001 0.571875 0.3656250000000001 0.571875 0.3890625000000001 0.6875 0.3890625000000001
0 0.775 0.36406250000000007 0.7078125 0.36406250000000007 0.7078125 0.3812500000000001 0.775 0.3812500000000001
0 0.8171875 0.3734375000000001 0.7953125 0.3734375000000001 0.7953125 0.3812500000000001 0.8171875 0.3812500000000001
0 0.2734375000000001 0.41875 0.14218750000000005 0.41875 0.14218750000000005 0.4328125 0.2734375000000001 0.4328125
0 0.446875 0.41875 0.2984375000000001 0.41875 0.2984375000000001 0.43125 0.446875 0.43125
0 0.4828125 0.4265625 0.46875 0.4265625 0.46875 0.4296875 0.4828125 0.4296875
0 0.578125 0.4203125 0.5109375 0.4203125 0.5109375 0.43125 0.578125 0.43125
0 0.709375 0.421875 0.609375 0.421875 0.609375 0.4328125 0.709375 0.4328125
0 0.7828125 0.4203125000000002 0.7390625 0.4203125000000002 0.7390625 0.4359375000000002 0.7828125 0.4359375000000002
0 0.9171875 0.4156250000000002 0.8 0.4156250000000002 0.8 0.4390625000000002 0.9171875 0.4390625000000002
0 0.2562500000000001 0.46875 0.14687500000000003 0.46875 0.14687500000000003 0.4859375 0.2562500000000001 0.4859375
0 0.37187500000000007 0.4640625 0.3000000000000001 0.4640625 0.3000000000000001 0.4828125 0.37187500000000007 0.4828125
0 0.4296875 0.46875 0.4 0.46875 0.4 0.4828125 0.4296875 0.4828125
0 0.5328125 0.4734375 0.44375 0.4734375 0.44375 0.4890625 0.5328125 0.4890625
0 0.68125 0.471875 0.571875 0.471875 0.571875 0.4859375 0.68125 0.4859375
0 0.690625 0.4796875 0.6859375 0.4796875 0.6859375 0.4828125 0.690625 0.4828125
0 0.8 0.47187500000000016 0.7265625 0.47187500000000016 0.7265625 0.4859375000000002 0.8 0.4859375000000002
0 0.9046875 0.46875000000000017 0.8265625 0.46875000000000017 0.8265625 0.4828125000000002 0.9046875 0.4828125000000002
0 0.2218750000000001 0.5140625 0.14843750000000006 0.5140625 0.14843750000000006 0.534375 0.2218750000000001 0.534375
0 0.3296875000000001 0.5171875 0.27031250000000007 0.5171875 0.27031250000000007 0.534375 0.3296875000000001 0.534375
0 0.4640625 0.521875 0.36406250000000007 0.521875 0.36406250000000007 0.534375 0.4640625 0.534375
0 0.584375 0.515625 0.503125 0.515625 0.503125 0.5328125 0.584375 0.5328125
0 0.728125 0.5156250000000001 0.628125 0.515625 0.628125 0.5328125000000001 0.728125 0.5328125000000001
0 0.809375 0.5203125000000002 0.7609375 0.5203125000000002 0.7609375 0.5312500000000002 0.809375 0.5312500000000002
0 0.9421875 0.5171875000000001 0.8375 0.5171875000000001 0.8375 0.5328125000000001 0.9421875 0.5328125000000001
0 0.2640625000000001 0.56875 0.1453125000000001 0.56875 0.1453125000000001 0.5859375 0.2640625000000001 0.5859375
0 0.2734375000000001 0.575 0.2687500000000001 0.575 0.2687500000000001 0.590625 0.2734375000000001 0.590625
0 0.3687500000000001 0.56875 0.30937500000000007 0.56875 0.30937500000000007 0.584375 0.3687500000000001 0.584375
0 0.4703125 0.5703125 0.4 0.5703125 0.4 0.584375 0.4703125 0.584375
0 0.5765625 0.56875 0.4921875 0.56875 0.4921875 0.584375 0.5765625 0.584375
0 0.6265625 0.571875 0.6015625 0.571875 0.6015625 0.584375 0.6265625 0.584375
0 0.709375 0.571875 0.64375 0.571875 0.64375 0.5828125 0.709375 0.5828125
0 0.8078125 0.5687500000000002 0.740625 0.5687500000000002 0.740625 0.5812500000000002 0.8078125 0.5812500000000002
0 0.865625 0.5703125000000002 0.8203125 0.5703125000000002 0.8203125 0.5843750000000002 0.865625 0.5843750000000002
0 0.37968750000000007 0.6171875 0.15000000000000008 0.6171875 0.15000000000000008 0.6375 0.37968750000000007 0.6375
0 0.49375 0.6203125 0.41875 0.6203125 0.41875 0.634375 0.49375 0.634375
0 0.634375 0.621875 0.5296875 0.621875 0.5296875 0.640625 0.634375 0.640625
0 0.7484375 0.6234375000000001 0.6640625 0.6234375 0.6640625 0.6343750000000001 0.7484375 0.6343750000000001
0 0.8625 0.6171875000000002 0.7984375 0.6171875000000002 0.7984375 0.6328125000000002 0.8625 0.6328125000000002
0 0.871875 0.6312500000000002 0.8671875 0.6312500000000002 0.8671875 0.6328125000000002 0.871875 0.6328125000000002