0 0.29375 0.2265625 0.15625000000000006 0.2265625 0.15625000000000006 0.24375 0.29375 0.24375
0 0.421875 0.22968750000000004 0.3390625 0.2296875 0.3390625 0.24531250000000004 0.421875 0.2453125000000001
0 0.5984375 0.22812500000000008 0.465625 0.22812500000000008 0.465625 0.2453125000000001 0.5984375 0.2453125000000001
0 0.6265625 0.24375000000000008 0.61875 0.24375000000000008 0.61875 0.2515625000000001 0.6265625 0.2515625000000001
0 0.6765625 0.2250000000000001 0.6453125 0.2250000000000001 0.6453125 0.24218750000000008 0.6765625 0.24218750000000008
0 0.8640625 0.2250000000000001 0.7203125 0.2250000000000001 0.7203125 0.24218750000000008 0.8640625 0.24218750000000008
0 0.88125 0.2406250000000001 0.875 0.2406250000000001 0.875 0.2484375000000001 0.88125 0.2484375000000001
0 0.2734375 0.2796875 0.15312500000000004 0.2796875 0.15312500000000004 0.2984375 0.2734375 0.2984375
0 0.3671875 0.275 0.315625 0.275 0.315625 0.29531250000000003 0.3671875 0.2953125000000001
0 0.4484375 0.2812500000000001 0.39375 0.2812500000000001 0.39375 0.2953125000000001 0.4484375 0.2953125000000001
0 0.6203125 0.2750000000000001 0.4765625 0.2750000000000001 0.4765625 0.30156250000000007 0.6203125 0.30156250000000007
0 0.6890625 0.2750000000000001 0.6546875 0.2750000000000001 0.6546875 0.2953125000000001 0.6890625 0.2953125000000001
0 0.815625 0.2718750000000001 0.7109375 0.2718750000000001 0.7109375 0.29375000000000007 0.815625 0.29375000000000007
0 0.8671875 0.2796875000000001 0.84375 0.2796875000000001 0.84375 0.2875000000000001 0.8671875 0.2875000000000001
0 0.303125 0.33125 0.15156250000000004 0.33125 0.15156250000000004 0.346875 0.303125 0.346875
0 0.5046875 0.3296875 0.3390625 0.3296875 0.3390625 0.3453125 0.5046875 0.3453125000000001
0 0.5578125 0.3234375000000001 0.534375 0.3234375000000001 0.534375 0.34062500000000007 0.5578125 0.34062500000000007
0 0.6375 0.3312500000000001 0.5796875 0.3312500000000001 0.5796875 0.34062500000000007 0.6375 0.34062500000000007
0 0.675 0.3359375000000001 0.6640625 0.3359375000000001 0.6640625 0.3421875000000001 0.675 0.3421875000000001
0 0.8046875 0.3218750000000001 0.6921875 0.3218750000000001 0.6921875 0.3390625000000001 0.8046875 0.3390625000000001
0 0.32500000000000007 0.3796875 0.14843750000000006 0.3796875 0.14843750000000006 0.4015625 0.32500000000000007 0.4015625
0 0.440625 0.3765625 0.3546875000000001 0.3765625 0.3546875000000001 0.39843750000000006 0.440625 0.3984375000000001
0 0.4609375 0.37187500000000007 0.4515625 0.37187500000000007 0.4515625 0.3781250000000001 0.4609375 0.3781250000000001
0 0.5453125 0.3765625000000001 0.48125 0.3765625000000001 0.48125 0.3890625000000001 0.5453125 0.3890625000000001
0 0.69375 0.3750000000000001 0.5890625 0.3750000000000001 0.5890625 0.38750000000000007 0.69375 0.38750000000000007
0 0.7984375 0.3765625000000001 0.721875 0.3765625000000001 0.721875 0.3859375000000001 0.7984375 0.3859375000000001
0 0.88125 0.37187500000000007 0.821875 0.37187500000000007 0.821875 0.3843750000000001 0.88125 0.3843750000000001
0 0.3281250000000001 0.4296875 0.14687500000000003 0.4296875 0.14687500000000003 0.446875 0.3281250000000001 0.446875
0 0.5390625 0.4265625 0.3625000000000001 0.4265625 0.3625000000000001 0.446875 0.5390625 0.446875
0 0.553125 0.440625 0.55 0.440625 0.55 0.44375 0.553125 0.44375
0 0.65625 0.421875 0.584375 0.421875 0.584375 0.4390625 0.65625 0.4390625
0 0.8046875 0.4234375000000001 0.6859375 0.4234375 0.6859375 0.4390625000000001 0.8046875 0.4390625000000002
0 0.9328125 0.41718750000000016 0.8203125 0.41718750000000016 0.8203125 0.4421875000000002 0.9328125 0.4421875000000002
0 0.3109375000000001 0.4796875 0.14687500000000003 0.4796875 0.14687500000000003 0.5 0.3109375000000001 0.5
0 0.3218750000000001 0.49375 0.31718750000000007 0.49375 0.31718750000000007 0.5 0.3218750000000001 0.5
0 0.4578125 0.478125 0.3546875000000001 0.478125 0.3546875000000001 0.49375 0.4578125 0.49375
0 0.515625 0.4734375 0.4875 0.4734375 0.4875 0.490625 0.515625 0.490625
0 0.65625 0.4796875 0.5421875 0.4796875 0.5421875 0.490625 0.65625 0.490625
0 0.73125 0.4750000000000001 0.6921875 0.475 0.6921875 0.4921875000000001 0.73125 0.49218750000000017
0 0.8828125 0.47187500000000016 0.7609375 0.47187500000000016 0.7609375 0.48750000000000016 0.8828125 0.48750000000000016
0 0.2890625000000001 0.53125 0.14687500000000003 0.53125 0.14687500000000006 0.546875 0.2890625000000001 0.546875
0 0.453125 0.5296875 0.3312500000000001 0.5296875 0.3312500000000001 0.54375 0.453125 0.54375
0 0.4890625 0.534375 0.4734375 0.534375 0.4734375 0.5375 0.4890625 0.5375
0 0.6421875 0.525 0.5125 0.525 0.5125 0.5421875 0.6421875 0.5421875
0 0.7953125 0.5203125000000001 0.653125 0.5203125 0.653125 0.5390625000000001 0.7953125 0.5390625000000002
0 0.8125 0.5328125000000001 0.809375 0.5328125000000001 0.809375 0.5406250000000001 0.8125 0.5406250000000001
0 0.865625 0.5187500000000002 0.83125 0.5187500000000002 0.83125 0.5359375000000002 0.865625 0.5359375000000002
0 0.28593750000000007 0.58125 0.1515625000000001 0.58125 0.1515625000000001 0.603125 0.28593750000000007 0.603125
0 0.3125000000000001 0.5890625 0.3000000000000001 0.5890625 0.3000000000000001 0.5921875 0.3125000000000001 0.5921875
0 0.4125 0.578125 0.34062500000000007 0.578125 0.34062500000000007 0.59375 0.4125 0.59375
0 0.5375 0.5796875 0.434375 0.5796875 0.434375 0.5953125 0.5375 0.5953125
0 0.59375 0.5734375 0.5640625 0.5734375 0.5640625 0.5890625 0.59375 0.5890625
0 0.7140625 0.5765625 0.6265625 0.5765625 0.6265625 0.590625 0.7140625 0.590625
0 0.8375 0.5703125000000002 0.7296875 0.5703125000000002 0.7296875 0.5890625000000002 0.8375 0.5890625000000002
0 0.884375 0.5718750000000001 0.853125 0.5718750000000001 0.853125 0.5890625000000002 0.884375 0.5890625000000002
0 0.2765625000000001 0.6359375 0.15000000000000008 0.6359375 0.15000000000000008 0.65 0.2765625000000001 0.65
0 0.475 0.625 0.3296875000000001 0.625 0.3296875000000001 0.646875 0.475 0.646875
0 0.734375 0.6234375000000001 0.5046875 0.6234375 0.5046875 0.6468750000000001 0.734375 0.6468750000000002
0 0.790625 0.6234375000000002 0.7671875 0.6234375000000002 0.7671875 0.6390625000000002 0.790625 0.6390625000000002
0 0.8953125 0.6234375000000002 0.7921875 0.6234375000000002 0.7921875 0.6375000000000002 0.8953125 0.6375000000000002
0 0.2812500000000001 0.6796875 0.1359375000000001 0.6796875 0.1359375000000001 0.7 0.2812500000000001 0.7
0 0.3921875000000001 0.68125 0.3218750000000001 0.68125 0.3218750000000001 0.696875 0.3921875000000001 0.696875
0 0.5828125 0.678125 0.4234375 0.678125 0.4234375 0.6953125 0.5828125 0.6953125
0 0.653125 0.6765625 0.6078125 0.6765625 0.6078125 0.690625 0.653125 0.690625
0 0.734375 0.6765625000000001 0.6640625 0.6765625 0.6640625 0.690625 0.734375 0.6906250000000002
0 0.828125 0.6734375000000001 0.765625 0.6734375000000001 0.765625 0.6906250000000002 0.828125 0.6906250000000002
0 0.8671875 0.6796875000000002 0.8453125 0.6796875000000002 0.8453125 0.6890625000000001 0.8671875 0.6890625000000001
0 0.9515625 0.6718750000000002 0.8859375 0.6718750000000002 0.8859375 0.6890625000000001 0.9515625 0.6890625000000001
0 0.1703125000000001 0.734375 0.1390625000000001 0.734375 0.1390625000000001 0.7515625 0.1703125000000001 0.7515625
0 0.24375000000000008 0.7328125 0.1937500000000001 0.7328125 0.1937500000000001 0.75 0.24375000000000008 0.75
0 0.4109375000000002 0.734375 0.27812500000000007 0.734375 0.27812500000000007 0.7515625 0.4109375000000002 0.7515625
0 0.5500000000000002 0.728125 0.4359375000000002 0.728125 0.4359375000000002 0.7546875 0.5500000000000002 0.7546875
0 0.6125000000000002 0.7265625 0.5718750000000001 0.7265625 0.5718750000000001 0.7421875 0.6125000000000002 0.7421875
0 0.7031250000000002 0.728125 0.6375000000000002 0.728125 0.6375000000000002 0.740625 0.7031250000000002 0.740625
0 0.859375 0.7234375000000002 0.728125 0.7234375000000002 0.7281250000000001 0.7406250000000002 0.859375 0.7406250000000002