0 0.19218750000000004 0.21875 0.15000000000000005 0.21875 0.15000000000000005 0.2359375 0.19218750000000004 0.2359375
0 0.3640625 0.21875000000000006 0.23125 0.21875 0.23125 0.23593750000000005 0.3640625 0.23593750000000008
0 0.4875 0.21875000000000008 0.40625 0.21875000000000008 0.40625 0.2328125000000001 0.4875 0.2328125000000001
0 0.54375 0.2234375000000001 0.5109375 0.2234375000000001 0.5109375 0.2312500000000001 0.54375 0.2312500000000001
0 0.6296875 0.2140625000000001 0.5625 0.2140625000000001 0.5625 0.2312500000000001 0.6296875 0.2312500000000001
0 0.725 0.21875000000000008 0.665625 0.21875000000000008 0.665625 0.2328125000000001 0.725 0.2328125000000001
0 0.9078125 0.2140625000000001 0.746875 0.2140625000000001 0.746875 0.2312500000000001 0.9078125 0.2312500000000001
0 0.18281250000000004 0.2703125 0.15000000000000005 0.2703125 0.15000000000000005 0.2875 0.18281250000000004 0.2875
0 0.378125 0.26875000000000004 0.2171875 0.26875 0.2171875 0.28593750000000007 0.378125 0.28593750000000007
0 0.5171875 0.2687500000000001 0.40625 0.2687500000000001 0.40625 0.2828125000000001 0.5171875 0.2828125000000001
0 0.6703125 0.2656250000000001 0.553125 0.2656250000000001 0.553125 0.28593750000000007 0.6703125 0.28593750000000007
0 0.7671875 0.2687500000000001 0.7125 0.2687500000000001 0.7125 0.2828125000000001 0.7671875 0.2828125000000001
0 0.88125 0.2640625000000001 0.7921875 0.2640625000000001 0.7921875 0.2828125000000001 0.88125 0.2828125000000001
0 0.24375 0.31875 0.15000000000000005 0.31875 0.15000000000000005 0.334375 0.24375 0.334375
0 0.3359375 0.31875 0.26875 0.31875 0.26875 0.3328125 0.3359375 0.3328125
0 0.4609375 0.3203125000000001 0.3703125 0.3203125000000001 0.3703125 0.3343750000000001 0.4609375 0.3343750000000001
0 0.5203125 0.32500000000000007 0.4875 0.32500000000000007 0.4875 0.3359375000000001 0.5203125 0.3359375000000001
0 0.534375 0.3312500000000001 0.5296875 0.3312500000000001 0.5296875 0.3343750000000001 0.534375 0.3343750000000001
0 0.6015625 0.31718750000000007 0.5578125 0.31718750000000007 0.5578125 0.3312500000000001 0.6015625 0.3312500000000001
0 0.6828125 0.3187500000000001 0.63125 0.3187500000000001 0.63125 0.33281250000000007 0.6828125 0.33281250000000007
0 0.7734375 0.3234375000000001 0.7078125 0.3234375000000001 0.7078125 0.33281250000000007 0.7734375 0.33281250000000007
0 0.9265625 0.31718750000000007 0.7921875 0.31718750000000007 0.7921875 0.3312500000000001 0.9265625 0.3312500000000001
0 0.19687500000000005 0.36875 0.14531250000000004 0.36875 0.14531250000000004 0.384375 0.19687500000000005 0.384375
0 0.2828125000000001 0.3671875 0.22812500000000008 0.3671875 0.22812500000000008 0.3859375 0.2828125000000001 0.3859375
0 0.3921875000000001 0.37187500000000007 0.3109375000000001 0.371875 0.3109375000000001 0.38593750000000004 0.3921875000000001 0.3859375000000001
0 0.4640625 0.37187500000000007 0.43125 0.37187500000000007 0.43125 0.3843750000000001 0.4640625 0.3843750000000001
0 0.55625 0.3671875000000001 0.4921875 0.3671875000000001 0.4921875 0.3843750000000001 0.55625 0.3843750000000001
0 0.7046875 0.3656250000000001 0.590625 0.3656250000000001 0.590625 0.3843750000000001 0.7046875 0.3843750000000001
0 0.7984375 0.3671875000000001 0.7328125 0.3671875000000001 0.7328125 0.3828125000000001 0.7984375 0.3828125000000001
0 0.9421875 0.3656250000000001 0.8375 0.3656250000000001 0.8375 0.3828125000000001 0.9421875 0.3828125000000001
0 0.3062500000000001 0.41875 0.14687500000000003 0.41875 0.14687500000000003 0.4453125 0.3062500000000001 0.4453125
0 0.3281250000000001 0.4296875 0.3218750000000001 0.4296875 0.3218750000000001 0.4328125 0.3281250000000001 0.4328125
0 0.48125 0.415625 0.36406250000000007 0.415625 0.36406250000000007 0.4359375 0.48125 0.4359375
0 0.60625 0.421875 0.5125 0.421875 0.5125 0.4375 0.60625 0.4375
0 0.6671875 0.41875 0.6265625 0.41875 0.6265625 0.4328125 0.6671875 0.4328125
0 0.74375 0.4171875000000001 0.69375 0.4171875 0.69375 0.4328125000000001 0.74375 0.43281250000000016
0 0.85 0.41718750000000016 0.7734375 0.41718750000000016 0.7734375 0.4390625000000002 0.85 0.4390625000000002
0 0.93125 0.41718750000000016 0.8734375 0.41718750000000016 0.8734375 0.43281250000000016 0.93125 0.43281250000000016
0 0.2875000000000001 0.46875 0.15312500000000004 0.46875 0.15312500000000004 0.4890625 0.2875000000000001 0.4890625
0 0.3968750000000001 0.4703125 0.3265625000000001 0.4703125 0.3265625000000001 0.4875 0.3968750000000001 0.4875
0 0.5421875 0.4703125 0.4328125 0.4703125 0.4328125 0.4875 0.5421875 0.4875
0 0.7171875 0.4671875 0.5640625 0.4671875 0.5640625 0.49375 0.7171875 0.49375
0 0.80625 0.4671875000000002 0.7390625 0.4671875000000002 0.7390625 0.48750000000000016 0.80625 0.48750000000000016
0 0.875 0.4703125000000002 0.8234375 0.4703125000000002 0.8234375 0.48437500000000017 0.875 0.48437500000000017
0 0.2750000000000001 0.5171875 0.15156250000000004 0.5171875 0.15156250000000007 0.5453125 0.2750000000000001 0.5453125
0 0.2875000000000001 0.534375 0.2843750000000001 0.534375 0.2843750000000001 0.5375 0.2875000000000001 0.5375
0 0.471875 0.5171875 0.3421875000000001 0.5171875 0.3421875000000001 0.5359375 0.471875 0.5359375
0 0.6921875 0.51875 0.5125 0.51875 0.5125 0.540625 0.6921875 0.540625
0 0.765625 0.5234375000000001 0.7171875 0.5234375 0.7171875 0.534375 0.765625 0.5343750000000002
0 0.9453125 0.5171875000000001 0.7875 0.5171875000000001 0.7875 0.5453125000000002 0.9453125 0.5453125000000002
0 0.2234375000000001 0.571875 0.14218750000000008 0.571875 0.14218750000000008 0.5875 0.2234375000000001 0.5875
0 0.3578125000000001 0.5765625 0.25468750000000007 0.5765625 0.25468750000000007 0.5953125 0.3578125000000001 0.5953125
0 0.3625000000000001 0.5859375 0.3593750000000001 0.5859375 0.3593750000000001 0.5890625 0.3625000000000001 0.5890625
0 0.484375 0.5703125 0.4 0.5703125 0.4 0.5875 0.484375 0.5875
0 0.690625 0.5671875 0.5125 0.5671875 0.5125 0.5875 0.690625 0.5875
0 0.790625 0.5671875000000001 0.7234375 0.5671875 0.7234375 0.5843750000000001 0.790625 0.5843750000000002
0 0.8953125 0.5687500000000002 0.8140625 0.5687500000000002 0.8140625 0.5843750000000002 0.8953125 0.5843750000000002
0 0.1609375000000001 0.625 0.13437500000000008 0.625 0.13437500000000008 0.6375 0.1609375000000001 0.6375
0 0.31718750000000007 0.621875 0.19531250000000008 0.621875 0.19531250000000008 0.6375 0.31718750000000007 0.6375
0 0.4265625 0.621875 0.3625000000000001 0.621875 0.3625000000000001 0.6390625 0.4265625 0.6390625
0 0.584375 0.61875 0.4625 0.61875 0.4625 0.640625 0.584375 0.640625
0 0.65 0.61875 0.615625 0.61875 0.615625 0.6375 0.65 0.6375
0 0.690625 0.6265625 0.671875 0.6265625 0.671875 0.634375 0.690625 0.634375
0 0.8703125 0.6187500000000001 0.728125 0.6187500000000001 0.728125 0.6390625000000002 0.8703125 0.6390625000000002
0 0.26250000000000007 0.6734375 0.14218750000000008 0.6734375 0.14218750000000008 0.6890625 0.26250000000000007 0.6890625
0 0.33281250000000007 0.6671875 0.29375000000000007 0.6671875 0.29375000000000007 0.690625 0.33281250000000007 0.690625
0 0.465625 0.66875 0.36406250000000007 0.66875 0.36406250000000007 0.6890625 0.465625 0.6890625
0 0.4796875 0.6859375 0.475 0.6859375 0.475 0.6890625 0.4796875 0.6890625