0 0.18593750000000003 0.2375 0.14218750000000005 0.2375 0.14218750000000005 0.2515625 0.18593750000000003 0.2515625
0 0.284375 0.2375 0.225 0.2375 0.225 0.253125 0.284375 0.253125
0 0.396875 0.24218750000000006 0.321875 0.2421875 0.321875 0.25312500000000004 0.396875 0.2531250000000001
0 0.4859375 0.2375000000000001 0.4296875 0.2375000000000001 0.4296875 0.2515625000000001 0.4859375 0.2515625000000001
0 0.5828125 0.2328125000000001 0.5125 0.2328125000000001 0.5125 0.2500000000000001 0.5828125 0.2500000000000001
0 0.7578125 0.23593750000000008 0.615625 0.23593750000000008 0.615625 0.2531250000000001 0.7578125 0.2531250000000001
0 0.809375 0.23437500000000008 0.778125 0.23437500000000008 0.778125 0.2515625000000001 0.809375 0.2515625000000001
0 0.921875 0.23437500000000008 0.8234375 0.23437500000000008 0.8234375 0.2500000000000001 0.921875 0.2500000000000001
0 0.25625 0.290625 0.13750000000000004 0.290625 0.13750000000000004 0.30625 0.25625 0.30625
0 0.3515625 0.2953125 0.2890625 0.2953125 0.2890625 0.30625 0.3515625 0.30625
0 0.4734375 0.2890625000000001 0.3828125 0.2890625000000001 0.3828125 0.30937500000000007 0.4734375 0.30937500000000007
0 0.6265625 0.28593750000000007 0.503125 0.28593750000000007 0.503125 0.3031250000000001 0.6265625 0.3031250000000001
0 0.6515625 0.2953125000000001 0.6421875 0.2953125000000001 0.6421875 0.2968750000000001 0.6515625 0.2968750000000001
0 0.8765625 0.28593750000000007 0.671875 0.28593750000000007 0.671875 0.3046875000000001 0.8765625 0.3046875000000001
0 0.2765625 0.340625 0.13281250000000006 0.340625 0.13281250000000006 0.3578125 0.2765625 0.3578125
0 0.3796875 0.33906250000000004 0.315625 0.3390625 0.315625 0.35625000000000007 0.3796875 0.35625000000000007
0 0.4875 0.3390625000000001 0.4171875 0.3390625000000001 0.4171875 0.3531250000000001 0.4875 0.3531250000000001
0 0.5421875 0.3375000000000001 0.5125 0.3375000000000001 0.5125 0.3546875000000001 0.5421875 0.3546875000000001
0 0.678125 0.3390625000000001 0.5765625 0.3390625000000001 0.5765625 0.3515625000000001 0.678125 0.3515625000000001
0 0.6875 0.3531250000000001 0.684375 0.3531250000000001 0.684375 0.3546875000000001 0.6875 0.3546875000000001
0 0.7921875 0.3343750000000001 0.7109375 0.3343750000000001 0.7109375 0.35625000000000007 0.7921875 0.35625000000000007
0 0.915625 0.3375000000000001 0.8140625 0.3375000000000001 0.8140625 0.3500000000000001 0.915625 0.3500000000000001
0 0.2484375000000001 0.390625 0.12343750000000005 0.390625 0.12343750000000005 0.4109375 0.2484375000000001 0.4109375
0 0.32500000000000007 0.3984375 0.2796875000000001 0.3984375 0.2796875000000001 0.40625 0.32500000000000007 0.40625
0 0.540625 0.38906250000000003 0.3625000000000001 0.3890625 0.3625000000000001 0.4046875 0.540625 0.4046875
0 0.678125 0.38750000000000007 0.56875 0.38750000000000007 0.56875 0.4015625 0.678125 0.4015625
0 0.7515625 0.3859375000000001 0.703125 0.3859375000000001 0.703125 0.4062500000000001 0.7515625 0.40625000000000017
0 0.8203125 0.3859375000000001 0.775 0.3859375000000001 0.775 0.40156250000000016 0.8203125 0.40156250000000016
0 0.984375 0.3859375000000001 0.8453125 0.3859375000000001 0.8453125 0.40937500000000016 0.984375 0.40937500000000016
0 0.2906250000000001 0.4421875 0.12656250000000005 0.4421875 0.12656250000000005 0.459375 0.2906250000000001 0.459375
0 0.32500000000000007 0.45 0.3125000000000001 0.45 0.3125000000000001 0.453125 0.32500000000000007 0.453125
0 0.4046875 0.4421875 0.3468750000000001 0.4421875 0.3468750000000001 0.45625 0.4046875 0.45625
0 0.4421875 0.440625 0.4125 0.440625 0.4125 0.4546875 0.4421875 0.4546875
0 0.59375 0.440625 0.484375 0.440625 0.484375 0.4546875 0.59375 0.4546875
0 0.671875 0.4390625 0.621875 0.4390625 0.621875 0.453125 0.671875 0.453125
0 0.7453125 0.4390625000000001 0.7046875 0.4390625 0.7046875 0.4515625000000001 0.7453125 0.4515625000000002
0 0.8078125 0.4359375000000002 0.7640625 0.4359375000000002 0.7640625 0.4500000000000002 0.8078125 0.4500000000000002
0 0.98125 0.4359375000000002 0.8359375 0.4359375000000002 0.8359375 0.4515625000000002 0.98125 0.4515625000000002
0 0.17812500000000003 0.5 0.12500000000000006 0.5 0.12500000000000006 0.509375 0.17812500000000003 0.509375
0 0.2593750000000001 0.4921875 0.2156250000000001 0.4921875 0.2156250000000001 0.5078125 0.2593750000000001 0.5078125
0 0.3781250000000001 0.4953125 0.2968750000000001 0.4953125 0.2968750000000001 0.5109375 0.3781250000000001 0.5109375
0 0.41875 0.4921875 0.3921875000000001 0.4921875 0.3921875000000001 0.50625 0.41875 0.50625
0 0.49375 0.4921875 0.44375 0.4921875 0.44375 0.5125 0.49375 0.5125
0 0.5046875 0.5046875 0.5015625 0.5046875 0.5015625 0.50625 0.5046875 0.50625
0 0.6890625 0.4875 0.53125 0.4875 0.53125 0.5125 0.6890625 0.5125
0 0.790625 0.4843750000000001 0.721875 0.484375 0.721875 0.5062500000000001 0.790625 0.5062500000000002
0 0.8875 0.48750000000000016 0.8171875 0.48750000000000016 0.8171875 0.5015625000000001 0.8875 0.5015625000000001
0 0.15937500000000007 0.5421875 0.12812500000000004 0.5421875 0.12812500000000007 0.55625 0.1593750000000001 0.55625
0 0.2328125000000001 0.546875 0.17968750000000008 0.546875 0.17968750000000008 0.55625 0.2328125000000001 0.55625
0 0.3937500000000001 0.5421875 0.2656250000000001 0.5421875 0.2656250000000001 0.5578125 0.3937500000000001 0.5578125
0 0.540625 0.5421875 0.4421875 0.5421875 0.4421875 0.5578125 0.540625 0.5578125
0 0.64375 0.5375 0.571875 0.5375 0.571875 0.55625 0.64375 0.55625
0 0.715625 0.5390625 0.6609375 0.5390625 0.6609375 0.55625 0.715625 0.55625
0 0.7640625 0.5468750000000002 0.740625 0.5468750000000002 0.740625 0.5546875000000002 0.7640625 0.5546875000000002
0 0.8828125 0.5375000000000002 0.7890625 0.5375000000000002 0.7890625 0.5625000000000002 0.8828125 0.5625000000000002
0 0.1593750000000001 0.6 0.1312500000000001 0.6 0.1312500000000001 0.609375 0.1593750000000001 0.609375
0 0.2953125000000001 0.5921875 0.19531250000000008 0.5921875 0.19531250000000008 0.6078125 0.2953125000000001 0.6078125
0 0.4609375 0.5921875 0.3218750000000001 0.5921875 0.3218750000000001 0.6140625 0.4609375 0.6140625
0 0.5453125 0.59375 0.4828125 0.59375 0.4828125 0.6046875 0.5453125 0.6046875
0 0.6796875 0.590625 0.5765625 0.590625 0.5765625 0.60625 0.6796875 0.60625
0 0.825 0.5921875000000001 0.70625 0.5921875 0.70625 0.6093750000000001 0.825 0.6093750000000002
0 0.8421875 0.6000000000000002 0.8359375 0.6000000000000002 0.8359375 0.6093750000000002 0.8421875 0.6093750000000002
0 0.91875 0.5890625000000002 0.8625 0.5890625000000002 0.8625 0.6046875000000002 0.91875 0.6046875000000002
0 0.2140625000000001 0.640625 0.11718750000000008 0.640625 0.11718750000000008 0.6609375 0.2140625000000001 0.6609375
0 0.4046875 0.640625 0.2468750000000001 0.640625 0.2468750000000001 0.65625 0.4046875 0.65625
0 0.484375 0.640625 0.43125 0.640625 0.43125 0.65625 0.484375 0.65625
0 0.61875 0.640625 0.5125 0.640625 0.5125 0.65625 0.61875 0.65625
0 0.8046875 0.6406250000000001 0.653125 0.640625 0.653125 0.6562500000000001 0.8046875 0.6562500000000002
0 0.95 0.6421875000000001 0.8390625 0.6421875000000001 0.8390625 0.6546875000000002 0.95 0.6546875000000002
0 0.1906250000000001 0.6921875 0.12500000000000008 0.6921875 0.12500000000000008 0.709375 0.1906250000000001 0.709375
0 0.2718750000000001 0.7015625 0.22031250000000008 0.7015625 0.22031250000000008 0.709375 0.2718750000000001 0.709375
0 0.37187500000000007 0.6984375 0.30156250000000007 0.6984375 0.30156250000000007 0.7109375 0.37187500000000007 0.7109375
0 0.421875 0.69375 0.3906250000000001 0.69375 0.3906250000000001 0.7078125 0.421875 0.7078125
0 0.5234375 0.6921875 0.45 0.6921875 0.45 0.7078125 0.5234375 0.7078125
0 0.678125 0.69375 0.5625 0.69375 0.5625 0.7078125 0.678125 0.7078125
0 0.740625 0.690625 0.7078125 0.690625 0.7078125 0.70625 0.740625 0.7062500000000002
0 0.8109375 0.6921875000000002 0.7609375 0.6921875000000002 0.7609375 0.7046875000000001 0.8109375 0.7046875000000001
0 0.96875 0.6906250000000002 0.84375 0.6906250000000002 0.84375 0.7062500000000002 0.96875 0.7062500000000002
0 0.22031250000000008 0.74375 0.13437500000000008 0.74375 0.13437500000000008 0.7609375 0.22031250000000008 0.7609375
0 0.2875000000000001 0.7421875 0.2531250000000001 0.7421875 0.2531250000000001 0.759375 0.2875000000000001 0.759375
0 0.37187500000000007 0.74375 0.3187500000000001 0.74375 0.3187500000000001 0.759375 0.37187500000000007 0.759375
0 0.5328125000000001 0.7453125 0.42187500000000017 0.7453125 0.42187500000000017 0.759375 0.5328125000000001 0.759375
0 0.6281250000000002 0.746875 0.5562500000000001 0.746875 0.5562500000000001 0.7578125 0.6281250000000002 0.7578125
0 0.6296875000000002 0.7546875 0.6250000000000002 0.7546875 0.6250000000000002 0.75625 0.6296875000000002 0.75625