0 0.15312500000000004 0.234375 0.14687500000000003 0.234375 0.14687500000000003 0.2421875 0.15312500000000004 0.2421875
0 0.221875 0.221875 0.17656250000000004 0.221875 0.17656250000000004 0.2375 0.221875 0.2375
0 0.3484375 0.221875 0.246875 0.221875 0.246875 0.2359375 0.3484375 0.2359375
0 0.4359375 0.2218750000000001 0.365625 0.2218750000000001 0.365625 0.2375000000000001 0.4359375 0.2375000000000001
0 0.4890625 0.22031250000000008 0.46875 0.22031250000000008 0.46875 0.23593750000000008 0.4890625 0.23593750000000008
0 0.590625 0.22031250000000008 0.509375 0.22031250000000008 0.509375 0.23437500000000008 0.590625 0.23437500000000008
0 0.6484375 0.2234375000000001 0.6203125 0.2234375000000001 0.6203125 0.23593750000000008 0.6484375 0.23593750000000008
0 0.7375 0.2218750000000001 0.6609375 0.2218750000000001 0.6609375 0.2328125000000001 0.7375 0.2328125000000001
0 0.7859375 0.2171875000000001 0.7609375 0.2171875000000001 0.7609375 0.2312500000000001 0.7859375 0.2312500000000001
0 0.8578125 0.22031250000000008 0.8078125 0.22031250000000008 0.8078125 0.2312500000000001 0.8578125 0.2312500000000001
0 0.17812500000000003 0.271875 0.14687500000000003 0.271875 0.14687500000000003 0.2875 0.17812500000000003 0.2875
0 0.3140625 0.2734375 0.2078125 0.2734375 0.2078125 0.2859375 0.3140625 0.2859375
0 0.3265625 0.2828125 0.321875 0.2828125 0.321875 0.2921875 0.3265625 0.2921875
0 0.46875 0.27031250000000007 0.3453125 0.2703125 0.3453125 0.28593750000000007 0.46875 0.28593750000000007
0 0.5671875 0.2734375000000001 0.5015625 0.2734375000000001 0.5015625 0.2843750000000001 0.5671875 0.2843750000000001
0 0.6453125 0.2750000000000001 0.5875 0.2750000000000001 0.5875 0.2843750000000001 0.6453125 0.2843750000000001
0 0.7703125 0.2750000000000001 0.6671875 0.2750000000000001 0.6671875 0.2875000000000001 0.7703125 0.2875000000000001
0 0.871875 0.27031250000000007 0.7984375 0.27031250000000007 0.7984375 0.2828125000000001 0.871875 0.2828125000000001
0 0.17968750000000006 0.325 0.14843750000000006 0.325 0.14843750000000006 0.3375 0.17968750000000006 0.3375
0 0.3046875 0.3265625 0.215625 0.3265625 0.215625 0.3375 0.3046875 0.3375
0 0.3765625 0.32812500000000006 0.34375 0.328125 0.34375 0.33593750000000006 0.3765625 0.3359375000000001
0 0.4734375 0.3218750000000001 0.415625 0.3218750000000001 0.415625 0.3343750000000001 0.4734375 0.3343750000000001
0 0.5671875 0.3218750000000001 0.5078125 0.3218750000000001 0.5078125 0.3343750000000001 0.5671875 0.3343750000000001
0 0.7390625 0.3218750000000001 0.5921875 0.3218750000000001 0.5921875 0.3437500000000001 0.7390625 0.3437500000000001
0 0.7578125 0.3343750000000001 0.7484375 0.3343750000000001 0.7484375 0.3468750000000001 0.7578125 0.3468750000000001
0 0.7796875 0.3187500000000001 0.7703125 0.3187500000000001 0.7703125 0.32500000000000007 0.7796875 0.32500000000000007
0 0.8546875 0.3203125000000001 0.803125 0.3203125000000001 0.803125 0.3343750000000001 0.8546875 0.3343750000000001
0 0.2406250000000001 0.3703125 0.13750000000000004 0.3703125 0.13750000000000004 0.3875 0.2406250000000001 0.3875
0 0.4453125 0.37500000000000006 0.2609375000000001 0.375 0.2609375000000001 0.38750000000000007 0.4453125 0.38750000000000007
0 0.559375 0.3703125000000001 0.4859375 0.3703125000000001 0.4859375 0.3906250000000001 0.559375 0.3906250000000001
0 0.578125 0.3843750000000001 0.575 0.3843750000000001 0.575 0.38750000000000007 0.578125 0.38750000000000007
0 0.6140625 0.3828125000000001 0.603125 0.3828125000000001 0.603125 0.3890625000000001 0.6140625 0.3890625000000001
0 0.6625 0.3734375000000001 0.628125 0.3734375000000001 0.628125 0.3859375000000001 0.6625 0.3859375000000001
0 0.7125 0.3765625000000001 0.6828125 0.3765625000000001 0.6828125 0.3859375000000001 0.7125 0.3859375000000001
0 0.80625 0.3750000000000001 0.7375 0.3750000000000001 0.7375 0.3859375000000001 0.80625 0.3859375000000001
0 0.85 0.37968750000000007 0.8328125 0.37968750000000007 0.8328125 0.3859375000000001 0.85 0.3859375000000001
0 0.19218750000000004 0.4234375 0.14375000000000004 0.4234375 0.14375000000000004 0.44375 0.19218750000000004 0.44375
0 0.34062500000000007 0.4234375 0.21875000000000008 0.4234375 0.21875000000000008 0.446875 0.34062500000000007 0.446875
0 0.4296875 0.4203125 0.36406250000000007 0.4203125 0.36406250000000007 0.4359375 0.4296875 0.4359375
0 0.5234375 0.425 0.4703125 0.425 0.4703125 0.4375 0.5234375 0.4375
0 0.5953125 0.4234375 0.5375 0.4234375 0.5375 0.4375 0.5953125 0.4375
0 0.6453125 0.4203125 0.615625 0.4203125 0.615625 0.4375 0.6453125 0.4375
0 0.753125 0.4250000000000001 0.665625 0.425 0.665625 0.44218750000000007 0.753125 0.4421875000000002
0 0.8390625 0.4203125000000002 0.775 0.4203125000000002 0.775 0.43281250000000016 0.8390625 0.43281250000000016
0 0.19843750000000004 0.4765625 0.13906250000000003 0.4765625 0.13906250000000003 0.4890625 0.19843750000000004 0.4890625
0 0.484375 0.4734375 0.22656250000000008 0.4734375 0.22656250000000008 0.490625 0.484375 0.490625
0 0.6359375 0.471875 0.509375 0.471875 0.509375 0.49375 0.6359375 0.49375
0 0.64375 0.4859375 0.6390625 0.4859375 0.6390625 0.4875 0.64375 0.4875
0 0.665625 0.471875 0.65625 0.471875 0.65625 0.4765625 0.665625 0.4765625
0 0.753125 0.4718750000000001 0.6875 0.471875 0.6875 0.4843750000000001 0.753125 0.48437500000000017
0 0.853125 0.4734375000000002 0.765625 0.4734375000000002 0.765625 0.4859375000000002 0.853125 0.4859375000000002
0 0.16875000000000004 0.5234375 0.13906250000000003 0.5234375 0.13906250000000003 0.5421875 0.16875000000000004 0.5421875
0 0.32500000000000007 0.5234375 0.2000000000000001 0.5234375 0.2000000000000001 0.5390625 0.32500000000000007 0.5390625
0 0.4515625 0.525 0.3546875000000001 0.525 0.3546875000000001 0.54375 0.4515625 0.54375
0 0.565625 0.5234375 0.4828125 0.5234375 0.4828125 0.5375 0.565625 0.5375
0 0.6828125 0.528125 0.5984375 0.528125 0.5984375 0.5390625 0.6828125 0.5390625
0 0.7296875 0.5250000000000001 0.70625 0.525 0.70625 0.5375000000000001 0.7296875 0.5375000000000002
0 0.8125 0.5265625000000002 0.75625 0.5265625000000002 0.75625 0.5375000000000002 0.8125 0.5375000000000002
0 0.9453125 0.5234375000000002 0.8296875 0.5234375000000002 0.8296875 0.5406250000000001 0.9453125 0.5406250000000001
0 0.2218750000000001 0.5765625 0.14062500000000008 0.5765625 0.14062500000000008 0.59375 0.2218750000000001 0.59375
0 0.3812500000000001 0.578125 0.2500000000000001 0.578125 0.2500000000000001 0.590625 0.3812500000000001 0.590625
0 0.4015625 0.584375 0.39531250000000007 0.584375 0.39531250000000007 0.5890625 0.4015625 0.5890625
0 0.4671875 0.571875 0.440625 0.571875 0.440625 0.5890625 0.4671875 0.5890625
0 0.55 0.58125 0.4875 0.58125 0.4875 0.590625 0.55 0.590625
0 0.78125 0.5734375 0.584375 0.5734375 0.584375 0.5890625 0.78125 0.5890625000000002
0 0.903125 0.5765625000000002 0.803125 0.5765625000000002 0.803125 0.5968750000000002 0.903125 0.5968750000000002
0 0.19687500000000008 0.6296875 0.14062500000000008 0.6296875 0.14062500000000008 0.640625 0.19687500000000008 0.640625
0 0.2687500000000001 0.63125 0.2078125000000001 0.63125 0.2078125000000001 0.640625 0.2687500000000001 0.640625
0 0.28593750000000007 0.6375 0.2812500000000001 0.6375 0.2812500000000001 0.640625 0.28593750000000007 0.640625
0 0.38750000000000007 0.625 0.3203125000000001 0.625 0.3203125000000001 0.640625 0.38750000000000007 0.640625
0 0.4515625 0.6234375 0.421875 0.6234375 0.421875 0.6375 0.4515625 0.6375
0 0.6421875 0.6234375 0.4859375 0.6234375 0.4859375 0.6390625 0.6421875 0.6390625
0 0.7046875 0.6234375 0.6734375 0.6234375 0.6734375 0.6390625 0.7046875 0.6390625
0 0.80625 0.6218750000000002 0.7296875 0.6218750000000002 0.7296875 0.6437500000000002 0.80625 0.6437500000000002
0 0.3078125000000001 0.671875 0.14218750000000008 0.671875 0.14218750000000008 0.690625 0.3078125000000001 0.690625
0 0.3515625000000001 0.6734375 0.3312500000000001 0.6734375 0.3312500000000001 0.690625 0.3515625000000001 0.690625
0 0.5 0.678125 0.3734375000000001 0.678125 0.3734375000000001 0.6890625 0.5 0.6890625
0 0.5640625 0.675 0.534375 0.675 0.534375 0.6890625 0.5640625 0.6890625
0 0.6703125 0.6734375 0.5828125 0.6734375 0.5828125 0.6875 0.6703125 0.6875
0 0.753125 0.6718750000000001 0.7046875 0.671875 0.7046875 0.6875000000000001 0.753125 0.6875000000000002
0 0.8265625 0.6734375000000001 0.7765625 0.6734375000000001 0.7765625 0.6890625000000001 0.8265625 0.6890625000000001
0 0.2812500000000001 0.7234375 0.15000000000000008 0.7234375 0.15000000000000008 0.7375 0.2812500000000001 0.7375
0 0.3343750000000001 0.73125 0.3031250000000001 0.73125 0.3031250000000001 0.740625 0.3343750000000001 0.740625
0 0.3500000000000001 0.7375 0.3468750000000001 0.7375 0.3468750000000001 0.740625 0.3500000000000001 0.740625