0 0.19843750000000004 0.2421875 0.14687500000000003 0.2421875 0.14687500000000003 0.2765625 0.19843750000000004 0.2765625
0 0.3140625 0.2484375 0.2234375 0.2484375 0.2234375 0.2953125 0.3140625 0.2953125
0 0.4359375 0.25000000000000006 0.334375 0.25 0.334375 0.27343750000000006 0.4359375 0.2734375000000001
0 0.565625 0.2500000000000001 0.446875 0.2500000000000001 0.446875 0.2734375000000001 0.565625 0.2734375000000001
0 0.66875 0.2515625000000001 0.5796875 0.2515625000000001 0.5796875 0.2906250000000001 0.66875 0.2906250000000001
0 0.721875 0.2562500000000001 0.6875 0.2562500000000001 0.6875 0.2734375000000001 0.721875 0.2734375000000001
0 0.903125 0.25468750000000007 0.7359375 0.25468750000000007 0.7359375 0.2953125000000001 0.903125 0.2953125000000001
0 0.18593750000000003 0.3015625 0.14062500000000006 0.3015625 0.14062500000000006 0.325 0.18593750000000003 0.325
0 0.325 0.3 0.2078125 0.3 0.2078125 0.325 0.325 0.325
0 0.4390625 0.30156250000000007 0.3515625 0.3015625 0.3515625 0.32500000000000007 0.4390625 0.32500000000000007
0 0.496875 0.3109375000000001 0.453125 0.3109375000000001 0.453125 0.32500000000000007 0.496875 0.32500000000000007
0 0.56875 0.3062500000000001 0.5203125 0.3062500000000001 0.5203125 0.3234375000000001 0.56875 0.3234375000000001
0 0.83125 0.3000000000000001 0.5875 0.3000000000000001 0.5875 0.3265625000000001 0.83125 0.3265625000000001
0 0.24062500000000003 0.346875 0.13750000000000004 0.346875 0.13750000000000004 0.3921875 0.2406250000000001 0.3921875
0 0.2484375000000001 0.3703125 0.2453125000000001 0.3703125 0.2453125000000001 0.371875 0.2484375000000001 0.371875
0 0.35468750000000004 0.353125 0.278125 0.353125 0.27812500000000007 0.378125 0.3546875000000001 0.378125
0 0.44375 0.3515625000000001 0.375 0.3515625000000001 0.37500000000000006 0.3750000000000001 0.44375 0.3750000000000001
0 0.6421875 0.34843750000000007 0.453125 0.34843750000000007 0.453125 0.3765625000000001 0.6421875 0.3765625000000001
0 0.7328125 0.3515625000000001 0.6625 0.3515625000000001 0.6625 0.37187500000000007 0.7328125 0.37187500000000007
0 0.846875 0.3531250000000001 0.7484375 0.3531250000000001 0.7484375 0.3906250000000001 0.846875 0.3906250000000001
0 0.8671875 0.3734375000000001 0.8640625 0.3734375000000001 0.8640625 0.3750000000000001 0.8671875 0.3750000000000001
0 0.15937500000000004 0.396875 0.14843750000000006 0.396875 0.14843750000000006 0.4078125 0.15937500000000004 0.4078125
0 0.2062500000000001 0.3921875 0.17031250000000003 0.3921875 0.17031250000000003 0.425 0.2062500000000001 0.425
0 0.3031250000000001 0.40625 0.2250000000000001 0.40625 0.2250000000000001 0.425 0.3031250000000001 0.425
0 0.3437500000000001 0.403125 0.3265625000000001 0.403125 0.3265625000000001 0.4234375 0.3437500000000001 0.4234375
0 0.49375 0.40625 0.3671875000000001 0.40625 0.3671875000000001 0.425 0.49375 0.425
0 0.5859375 0.403125 0.4984375 0.403125 0.4984375 0.425 0.5859375 0.425
0 0.63125 0.4078125 0.603125 0.4078125 0.603125 0.4265625 0.63125 0.4265625
0 0.6859375 0.40625 0.646875 0.40625 0.646875 0.425 0.6859375 0.425
0 0.7328125 0.4046875000000001 0.69375 0.4046875 0.69375 0.4390625000000001 0.7328125 0.4390625000000002
0 0.8125 0.40937500000000016 0.759375 0.40937500000000016 0.759375 0.4281250000000002 0.8125 0.4281250000000002
0 0.2515625000000001 0.446875 0.12656250000000005 0.446875 0.12656250000000005 0.4734375 0.2515625000000001 0.4734375
0 0.4875 0.4484375 0.27031250000000007 0.4484375 0.27031250000000007 0.5 0.4875 0.5
0 0.60625 0.459375 0.4984375 0.459375 0.4984375 0.49375 0.60625 0.49375
0 0.64375 0.459375 0.60625 0.459375 0.60625 0.4765625 0.64375 0.4765625
0 0.6921875 0.45625 0.6671875 0.45625 0.6671875 0.475 0.6921875 0.475
0 0.759375 0.45000000000000007 0.7078125 0.45 0.7078125 0.47343750000000007 0.759375 0.4734375000000002
0 0.8609375 0.4515625000000002 0.7796875 0.4515625000000002 0.7796875 0.49218750000000017 0.8609375 0.49218750000000017
0 0.19531250000000006 0.5 0.12968750000000004 0.5 0.12968750000000004 0.521875 0.19531250000000006 0.521875
0 0.2609375000000001 0.5046875 0.2156250000000001 0.5046875 0.2156250000000001 0.5234375 0.2609375000000001 0.5234375
0 0.3843750000000001 0.503125 0.2921875000000001 0.503125 0.2921875000000001 0.5234375 0.3843750000000001 0.5234375
0 0.46875 0.5 0.3937500000000001 0.5 0.3937500000000001 0.5421875 0.46875 0.5421875
0 0.6171875 0.50625 0.4859375 0.50625 0.4859375 0.546875 0.6171875 0.546875
0 0.625 0.528125 0.621875 0.528125 0.621875 0.5296875 0.625 0.5296875
0 0.73125 0.5015625000000001 0.6421875 0.5015625 0.6421875 0.5265625 0.73125 0.5265625000000002
0 0.79375 0.5125000000000002 0.746875 0.5125000000000002 0.746875 0.5234375000000002 0.79375 0.5234375000000002
0 0.9203125 0.5078125000000002 0.815625 0.5078125000000002 0.815625 0.5281250000000002 0.9203125 0.5281250000000002
0 0.1515625000000001 0.5484375 0.12500000000000008 0.5484375 0.12500000000000008 0.571875 0.1515625000000001 0.571875
0 0.21250000000000008 0.553125 0.18125000000000008 0.553125 0.18125000000000008 0.575 0.21250000000000008 0.575
0 0.4984375 0.5578125 0.2406250000000001 0.5578125 0.2406250000000001 0.5796875 0.4984375 0.5796875
0 0.5046875 0.5796875 0.5015625 0.5796875 0.5015625 0.58125 0.5046875 0.58125
0 0.540625 0.5546875 0.53125 0.5546875 0.53125 0.5625 0.540625 0.5625
0 0.74375 0.5578125 0.5515625 0.5578125 0.5515625 0.6046875 0.74375 0.6046875000000002
0 0.825 0.5562500000000001 0.765625 0.5562500000000001 0.765625 0.5796875000000001 0.825 0.5796875000000001
0 0.9375 0.5500000000000002 0.8390625 0.5500000000000002 0.8390625 0.5906250000000002 0.9375 0.5906250000000002
0 0.22031250000000008 0.603125 0.1281250000000001 0.603125 0.1281250000000001 0.65 0.22031250000000008 0.65
0 0.3109375000000001 0.609375 0.2390625000000001 0.609375 0.2390625000000001 0.628125 0.3109375000000001 0.628125
0 0.3281250000000001 0.6265625 0.3140625000000001 0.6265625 0.3140625000000001 0.6375 0.3281250000000001 0.6375
0 0.409375 0.603125 0.3515625000000001 0.603125 0.3515625000000001 0.6265625 0.409375 0.6265625
0 0.5203125 0.603125 0.4125 0.603125 0.4125 0.65 0.5203125 0.65
0 0.7078125 0.60625 0.521875 0.60625 0.521875 0.6515625 0.7078125 0.6515625
0 0.7125 0.6296875 0.6984375 0.6296875 0.6984375 0.6421875 0.7125 0.6421875
0 0.921875 0.6093750000000002 0.7359375 0.6093750000000002 0.7359375 0.6453125000000002 0.921875 0.6453125000000002
0 0.1750000000000001 0.6515625 0.12656250000000008 0.6515625 0.12656250000000008 0.678125 0.1750000000000001 0.678125
0 0.2890625000000001 0.65625 0.1984375000000001 0.65625 0.1984375000000001 0.6796875 0.2890625000000001 0.6796875
0 0.3312500000000001 0.6625 0.3109375000000001 0.6625 0.3109375000000001 0.678125 0.3312500000000001 0.678125
0 0.4703125 0.6609375 0.3546875000000001 0.6609375 0.3546875000000001 0.69375 0.4703125 0.69375
0 0.534375 0.6671875 0.4875 0.6671875 0.4875 0.68125 0.534375 0.68125
0 0.6015625 0.65625 0.55 0.65625 0.55 0.6796875 0.6015625 0.6796875
0 0.725 0.6625 0.63125 0.6625 0.63125 0.6828125 0.725 0.6828125
0 0.828125 0.6562500000000002 0.746875 0.6562500000000002 0.746875 0.6781250000000002 0.828125 0.6781250000000002
0 0.9046875 0.6515625000000002 0.8390625 0.6515625000000002 0.8390625 0.6796875000000002 0.9046875 0.6796875000000002
0 0.3265625000000001 0.7 0.1218750000000001 0.7 0.1218750000000001 0.7265625 0.3265625000000001 0.7265625
0 0.38750000000000007 0.7046875 0.3468750000000001 0.7046875 0.3468750000000001 0.725 0.38750000000000007 0.725
0 0.6000000000000001 0.7015625 0.4171875 0.7015625 0.4171875000000001 0.7453125 0.6000000000000002 0.7453125
0 0.5875000000000001 0.728125 0.5859375000000002 0.728125 0.5859375000000002 0.7296875 0.5875000000000001 0.7296875