0 0.2421875 0.215625 0.14531250000000004 0.215625 0.14531250000000004 0.2328125 0.2421875 0.2328125
0 0.3671875 0.21406250000000004 0.2640625 0.2140625 0.2640625 0.23281250000000003 0.3671875 0.2328125000000001
0 0.45625 0.2156250000000001 0.3859375 0.2156250000000001 0.3859375 0.2296875000000001 0.45625 0.2296875000000001
0 0.5375 0.21875000000000008 0.490625 0.21875000000000008 0.490625 0.22812500000000008 0.5375 0.22812500000000008
0 0.58125 0.2171875000000001 0.559375 0.2171875000000001 0.559375 0.22812500000000008 0.58125 0.22812500000000008
0 0.66875 0.2140625000000001 0.6171875 0.2140625000000001 0.6171875 0.23593750000000008 0.66875 0.23593750000000008
0 0.76875 0.21250000000000008 0.690625 0.21250000000000008 0.690625 0.2296875000000001 0.76875 0.2296875000000001
0 0.8234375 0.2218750000000001 0.79375 0.2218750000000001 0.79375 0.22812500000000008 0.8234375 0.22812500000000008
0 0.284375 0.2609375 0.14375000000000004 0.2609375 0.14375000000000004 0.28125 0.284375 0.28125
0 0.4171875 0.26562500000000006 0.3234375 0.265625 0.3234375 0.27968750000000003 0.4171875 0.2796875000000001
0 0.575 0.2687500000000001 0.4546875 0.2687500000000001 0.4546875 0.2796875000000001 0.575 0.2796875000000001
0 0.590625 0.27812500000000007 0.5875 0.27812500000000007 0.5875 0.2796875000000001 0.590625 0.2796875000000001
0 0.678125 0.26250000000000007 0.6125 0.26250000000000007 0.6125 0.2796875000000001 0.678125 0.2796875000000001
0 0.8546875 0.26250000000000007 0.7015625 0.26250000000000007 0.7015625 0.2812500000000001 0.8546875 0.2812500000000001
0 0.24375 0.31875 0.14218750000000005 0.31875 0.14218750000000005 0.33125 0.24375 0.33125
0 0.303125 0.3140625 0.2734375 0.3140625 0.2734375 0.3296875 0.303125 0.3296875
0 0.384375 0.31562500000000004 0.315625 0.315625 0.315625 0.33125000000000004 0.384375 0.3312500000000001
0 0.74375 0.3140625000000001 0.4125 0.3140625000000001 0.4125 0.3312500000000001 0.74375 0.3312500000000001
0 0.8453125 0.31718750000000007 0.778125 0.31718750000000007 0.778125 0.3296875000000001 0.8453125 0.3296875000000001
0 0.20937500000000003 0.3625 0.13906250000000003 0.3625 0.13906250000000003 0.3859375 0.2093750000000001 0.3859375
0 0.28125000000000006 0.3625 0.253125 0.3625 0.25312500000000004 0.38125 0.2812500000000001 0.38125
0 0.509375 0.36406250000000007 0.3265625000000001 0.3640625 0.3265625000000001 0.38125000000000003 0.509375 0.3812500000000001
0 0.5203125 0.37968750000000007 0.5171875 0.37968750000000007 0.5171875 0.3812500000000001 0.5203125 0.3812500000000001
0 0.7 0.36406250000000007 0.540625 0.36406250000000007 0.540625 0.3812500000000001 0.7 0.3812500000000001
0 0.875 0.3625000000000001 0.734375 0.3625000000000001 0.734375 0.3859375000000001 0.875 0.3859375000000001
0 0.28593750000000007 0.4125 0.13750000000000004 0.4125 0.13750000000000004 0.4375 0.28593750000000007 0.4375
0 0.3500000000000001 0.4125 0.3218750000000001 0.4125 0.3218750000000001 0.4359375 0.3500000000000001 0.4359375
0 0.3984375000000001 0.4140625 0.3703125000000001 0.4140625 0.3703125000000001 0.43125 0.3984375000000001 0.43125
0 0.4578125 0.4140625 0.4375 0.4140625 0.4375 0.43125 0.4578125 0.43125
0 0.50625 0.425 0.4859375 0.425 0.4859375 0.4328125 0.50625 0.4328125
0 0.6609375 0.415625 0.54375 0.415625 0.54375 0.4359375 0.6609375 0.4359375
0 0.746875 0.4171875000000001 0.6859375 0.4171875 0.6859375 0.4328125000000001 0.746875 0.43281250000000016
0 0.8015625 0.41718750000000016 0.775 0.41718750000000016 0.775 0.4312500000000002 0.8015625 0.4312500000000002
0 0.88125 0.41718750000000016 0.8234375 0.41718750000000016 0.8234375 0.4343750000000002 0.88125 0.4343750000000002
0 0.2078125000000001 0.465625 0.14062500000000006 0.465625 0.14062500000000006 0.4828125 0.2078125000000001 0.4828125
0 0.3546875000000001 0.4671875 0.2375000000000001 0.4671875 0.2375000000000001 0.4828125 0.3546875000000001 0.4828125
0 0.5609375 0.465625 0.3984375000000001 0.465625 0.3984375000000001 0.48125 0.5609375 0.48125
0 0.5765625 0.4796875 0.5734375 0.4796875 0.5734375 0.4828125 0.5765625 0.4828125
0 0.6203125 0.4671875 0.6015625 0.4671875 0.6015625 0.4828125 0.6203125 0.4828125
0 0.6875 0.46875 0.634375 0.46875 0.634375 0.4828125 0.6875 0.4828125
0 0.775 0.47343750000000007 0.7203125 0.4734375 0.7203125 0.4828125000000001 0.775 0.4828125000000002
0 0.884375 0.4703125000000002 0.8125 0.4703125000000002 0.8125 0.4859375000000002 0.884375 0.4859375000000002
0 0.16093750000000004 0.5171875 0.13437500000000005 0.5171875 0.13437500000000005 0.5328125 0.16093750000000004 0.5328125
0 0.23437500000000008 0.5234375 0.17968750000000006 0.5234375 0.17968750000000006 0.5359375 0.23437500000000008 0.5359375
0 0.3359375000000001 0.521875 0.2531250000000001 0.521875 0.2531250000000001 0.5328125 0.3359375000000001 0.5328125
0 0.3593750000000001 0.5265625 0.34843750000000007 0.5265625 0.34843750000000007 0.5296875 0.3593750000000001 0.5296875
0 0.4515625 0.5203125 0.3890625000000001 0.5203125 0.3890625000000001 0.53125 0.4515625 0.53125
0 0.6328125 0.515625 0.4859375 0.515625 0.4859375 0.5328125 0.6328125 0.5328125
0 0.7875 0.5171875000000001 0.6578125 0.5171875 0.6578125 0.5328125000000001 0.7875 0.5328125000000001
0 0.8359375 0.5187500000000002 0.803125 0.5187500000000002 0.803125 0.5328125000000001 0.8359375 0.5328125000000001
0 0.890625 0.5218750000000002 0.85625 0.5218750000000002 0.85625 0.5328125000000001 0.890625 0.5328125000000001
0 0.16406250000000008 0.5734375 0.1359375000000001 0.5734375 0.1359375000000001 0.58125 0.16406250000000008 0.58125
0 0.1859375000000001 0.575 0.1765625000000001 0.575 0.1765625000000001 0.578125 0.1859375000000001 0.578125
0 0.24375000000000008 0.575 0.2093750000000001 0.575 0.2093750000000001 0.5828125 0.24375000000000008 0.5828125
0 0.3140625000000001 0.575 0.26250000000000007 0.575 0.26250000000000007 0.58125 0.3140625000000001 0.58125
0 0.4078125 0.5671875 0.3500000000000001 0.5671875 0.3500000000000001 0.5828125 0.4078125 0.5828125
0 0.5640625 0.5671875 0.45 0.5671875 0.45 0.584375 0.5640625 0.584375
0 0.665625 0.56875 0.5953125 0.56875 0.5953125 0.584375 0.665625 0.584375
0 0.7328125 0.5703125000000001 0.68125 0.5703125 0.68125 0.5843750000000001 0.7328125 0.5843750000000002
0 0.7828125 0.5671875000000002 0.75625 0.5671875000000002 0.75625 0.5812500000000002 0.7828125 0.5812500000000002
0 0.9375 0.5687500000000002 0.8078125 0.5687500000000002 0.8078125 0.5921875000000002 0.9375 0.5921875000000002
0 0.1906250000000001 0.6203125 0.1375000000000001 0.6203125 0.1375000000000001 0.6359375 0.1906250000000001 0.6359375
0 0.2734375000000001 0.625 0.2156250000000001 0.625 0.2156250000000001 0.6359375 0.2734375000000001 0.6359375
0 0.46875 0.61875 0.3218750000000001 0.61875 0.3218750000000001 0.6359375 0.46875 0.6359375
0 0.74375 0.6187500000000001 0.5078125 0.61875 0.5078125 0.6343750000000001 0.74375 0.6343750000000001
0 0.7609375 0.6343750000000001 0.75625 0.6343750000000001 0.75625 0.6359375000000002 0.7609375 0.6359375000000002