0 0.15781250000000005 0.2171875 0.13281250000000006 0.2171875 0.13281250000000006 0.240625 0.15781250000000005 0.240625
0 0.221875 0.21875 0.18593750000000003 0.21875 0.18593750000000003 0.2390625 0.221875 0.2390625
0 0.2796875 0.2171875 0.2390625 0.2171875 0.2390625 0.2375 0.2796875 0.2375
0 0.3375 0.215625 0.2984375 0.215625 0.2984375 0.2375 0.3375 0.2375
0 0.396875 0.21718750000000003 0.3578125 0.2171875 0.3578125 0.23906250000000004 0.396875 0.2390625000000001
0 0.5140625 0.21875000000000008 0.425 0.21875000000000008 0.425 0.25468750000000007 0.5140625 0.25468750000000007
0 0.5640625 0.2156250000000001 0.5375 0.2156250000000001 0.5375 0.2531250000000001 0.5640625 0.2531250000000001
0 0.6328125 0.2171875000000001 0.5796875 0.2171875000000001 0.5796875 0.23593750000000008 0.6328125 0.23593750000000008
0 0.7234375 0.22031250000000008 0.659375 0.22031250000000008 0.659375 0.2375000000000001 0.7234375 0.2375000000000001
0 0.784375 0.22656250000000008 0.746875 0.22656250000000008 0.746875 0.23593750000000008 0.784375 0.23593750000000008
0 0.85625 0.2171875000000001 0.803125 0.2171875000000001 0.803125 0.2500000000000001 0.85625 0.2500000000000001
0 0.2171875 0.265625 0.13437500000000005 0.265625 0.13437500000000005 0.296875 0.2171875 0.296875
0 0.2484375 0.278125 0.234375 0.278125 0.234375 0.28125 0.2484375 0.28125
0 0.4109375 0.26562500000000006 0.2671875 0.265625 0.2671875 0.30937500000000007 0.4109375 0.30937500000000007
0 0.5203125 0.2656250000000001 0.4390625 0.2656250000000001 0.4390625 0.2968750000000001 0.5203125 0.2968750000000001
0 0.584375 0.2671875000000001 0.540625 0.2671875000000001 0.540625 0.30156250000000007 0.584375 0.30156250000000007
0 0.6609375 0.2656250000000001 0.615625 0.2656250000000001 0.615625 0.2875000000000001 0.6609375 0.2875000000000001
0 0.7109375 0.2609375000000001 0.68125 0.2609375000000001 0.68125 0.3000000000000001 0.7109375 0.3000000000000001
0 0.7875 0.2640625000000001 0.734375 0.2640625000000001 0.734375 0.2875000000000001 0.7875 0.2875000000000001
0 0.7890625 0.2843750000000001 0.784375 0.2843750000000001 0.784375 0.2875000000000001 0.7890625 0.2875000000000001
0 0.853125 0.26250000000000007 0.8078125 0.26250000000000007 0.8078125 0.3046875000000001 0.853125 0.3046875000000001
0 0.19531250000000006 0.3171875 0.13593750000000004 0.3171875 0.13593750000000004 0.340625 0.19531250000000006 0.340625
0 0.2890625 0.3171875 0.215625 0.3171875 0.215625 0.3515625 0.2890625 0.3515625
0 0.340625 0.328125 0.31875 0.328125 0.31875 0.3375 0.340625 0.3375
0 0.475 0.31718750000000007 0.36875 0.31718750000000007 0.36875 0.3390625000000001 0.475 0.3390625000000001
0 0.56875 0.3203125000000001 0.4984375 0.3203125000000001 0.4984375 0.3390625000000001 0.56875 0.3390625000000001
0 0.609375 0.3140625000000001 0.58125 0.3140625000000001 0.58125 0.3468750000000001 0.609375 0.3468750000000001
0 0.66875 0.3156250000000001 0.6390625 0.3156250000000001 0.6390625 0.3359375000000001 0.66875 0.3359375000000001
0 0.7875 0.3156250000000001 0.690625 0.3156250000000001 0.690625 0.3578125000000001 0.7875 0.3578125000000001
0 0.22812500000000008 0.3671875 0.13437500000000005 0.3671875 0.13437500000000005 0.390625 0.22812500000000008 0.390625
0 0.2484375000000001 0.3796875 0.23593750000000008 0.3796875 0.23593750000000008 0.38125 0.2484375000000001 0.38125
0 0.3046875000000001 0.3671875 0.27031250000000007 0.3671875 0.27031250000000007 0.3890625 0.3046875000000001 0.3890625
0 0.3390625000000001 0.36875 0.3203125000000001 0.36875 0.3203125000000001 0.3890625 0.3390625000000001 0.3890625
0 0.4125 0.36875 0.3578125000000001 0.36875 0.3578125000000001 0.38906250000000003 0.4125 0.3890625000000001
0 0.4609375 0.3687500000000001 0.4265625 0.3687500000000001 0.4265625 0.3890625000000001 0.4609375 0.3890625000000001
0 0.5 0.3671875000000001 0.478125 0.3671875000000001 0.478125 0.3890625000000001 0.5 0.3890625000000001
0 0.5453125 0.3703125000000001 0.521875 0.3703125000000001 0.521875 0.3906250000000001 0.5453125 0.3906250000000001
0 0.675 0.3656250000000001 0.5671875 0.3656250000000001 0.5671875 0.3968750000000001 0.675 0.3968750000000001
0 0.725 0.3765625000000001 0.696875 0.3765625000000001 0.696875 0.38750000000000007 0.725 0.38750000000000007
0 0.7671875 0.3656250000000001 0.740625 0.3656250000000001 0.740625 0.38750000000000007 0.7671875 0.38750000000000007
0 0.8265625 0.3765625000000001 0.7859375 0.3765625000000001 0.7859375 0.4046875000000002 0.8265625 0.4046875000000002
0 0.859375 0.3656250000000001 0.8421875 0.3656250000000001 0.8421875 0.3859375000000001 0.859375 0.3859375000000001
0 0.16406250000000006 0.41875 0.12968750000000004 0.41875 0.12968750000000004 0.459375 0.16406250000000006 0.459375
0 0.16406250000000006 0.434375 0.16093750000000004 0.434375 0.16093750000000004 0.4375 0.16406250000000006 0.4375
0 0.2906250000000001 0.4171875 0.19375000000000003 0.4171875 0.19375000000000003 0.4609375 0.2906250000000001 0.4609375
0 0.36406250000000007 0.421875 0.3125000000000001 0.421875 0.3125000000000001 0.453125 0.36406250000000007 0.453125
0 0.4296875 0.415625 0.3843750000000001 0.415625 0.3843750000000001 0.4390625 0.4296875 0.4390625
0 0.4703125 0.41875 0.4515625 0.41875 0.4515625 0.4390625 0.4703125 0.4390625
0 0.5109375 0.4296875 0.4765625 0.4296875 0.4765625 0.440625 0.5109375 0.440625
0 0.5984375 0.415625 0.53125 0.415625 0.53125 0.4390625 0.5984375 0.4390625
0 0.6890625 0.415625 0.6296875 0.415625 0.6296875 0.4390625 0.6890625 0.4390625
0 0.78125 0.4156250000000001 0.7171875 0.415625 0.7171875 0.45000000000000007 0.78125 0.4500000000000002
0 0.846875 0.4156250000000002 0.796875 0.4156250000000002 0.796875 0.4468750000000002 0.846875 0.4468750000000002
0 0.8734375 0.4265625000000002 0.859375 0.4265625000000002 0.859375 0.43750000000000017 0.8734375 0.43750000000000017
0 0.19375000000000003 0.471875 0.13281250000000006 0.471875 0.13281250000000006 0.5109375 0.19375000000000003 0.5109375
0 0.2468750000000001 0.478125 0.22656250000000008 0.478125 0.22656250000000008 0.4890625 0.2468750000000001 0.4890625
0 0.34843750000000007 0.465625 0.2875000000000001 0.465625 0.2875000000000001 0.490625 0.34843750000000007 0.490625
0 0.4671875 0.471875 0.3828125000000001 0.471875 0.3828125000000001 0.5109375 0.4671875 0.5109375
0 0.540625 0.4671875 0.496875 0.4671875 0.496875 0.4890625 0.540625 0.4890625
0 0.640625 0.4671875 0.56875 0.4671875 0.56875 0.4921875 0.640625 0.4921875
0 0.7390625 0.4703125000000001 0.6625 0.4703125 0.6625 0.5093750000000001 0.7390625 0.5093750000000001
0 0.746875 0.4859375000000002 0.74375 0.4859375000000002 0.74375 0.4890625000000002 0.746875 0.4890625000000002
0 0.803125 0.4671875000000002 0.775 0.4671875000000002 0.775 0.48750000000000016 0.803125 0.48750000000000016
0 0.8703125 0.4656250000000002 0.815625 0.4656250000000002 0.815625 0.4890625000000002 0.8703125 0.4890625000000002
0 0.2390625000000001 0.521875 0.13593750000000004 0.521875 0.13593750000000004 0.5421875 0.2390625000000001 0.5421875
0 0.3031250000000001 0.5203125 0.2734375000000001 0.5203125 0.2734375000000001 0.5421875 0.3031250000000001 0.5421875
0 0.40625 0.51875 0.3390625000000001 0.51875 0.3390625000000001 0.540625 0.40625 0.540625
0 0.571875 0.51875 0.4515625 0.51875 0.4515625 0.540625 0.571875 0.540625
0 0.6828125 0.5171875 0.603125 0.5171875 0.603125 0.540625 0.6828125 0.540625
0 0.7546875 0.51875 0.7078125 0.51875 0.7078125 0.5390625000000001 0.7546875 0.5390625000000002
0 0.8125 0.5281250000000002 0.775 0.5281250000000002 0.775 0.5390625000000002 0.8125 0.5390625000000002
0 0.18125000000000008 0.5703125 0.1390625000000001 0.5703125 0.1390625000000001 0.5921875 0.18125000000000008 0.5921875
0 0.23593750000000008 0.5703125 0.2218750000000001 0.5703125 0.2218750000000001 0.590625 0.23593750000000008 0.590625
0 0.3296875000000001 0.571875 0.27031250000000007 0.571875 0.27031250000000007 0.590625 0.3296875000000001 0.590625
0 0.4390625 0.5703125 0.36406250000000007 0.5703125 0.36406250000000007 0.590625 0.4390625 0.590625
0 0.5 0.565625 0.4671875 0.565625 0.4671875 0.6046875 0.5 0.6046875
0 0.5546875 0.5703125 0.521875 0.5703125 0.521875 0.5921875 0.5546875 0.5921875
0 0.6796875 0.5671875 0.5828125 0.5671875 0.5828125 0.5984375 0.6796875 0.5984375
0 0.76875 0.5671875000000001 0.7125 0.5671875 0.7125 0.5890625 0.76875 0.5890625000000002
0 0.8296875 0.5640625000000001 0.7984375 0.5640625000000001 0.7984375 0.5984375000000002 0.8296875 0.5984375000000002
0 0.1781250000000001 0.621875 0.14218750000000008 0.621875 0.14218750000000008 0.6421875 0.1781250000000001 0.6421875
0 0.29375000000000007 0.6171875 0.22812500000000008 0.6171875 0.22812500000000008 0.6421875 0.29375000000000007 0.6421875
0 0.37187500000000007 0.6296875 0.33281250000000007 0.6296875 0.33281250000000007 0.640625 0.37187500000000007 0.640625
0 0.3750000000000001 0.6375 0.3703125000000001 0.6375 0.3703125000000001 0.6390625 0.3750000000000001 0.6390625