0 0.31875 0.2046875 0.13906250000000003 0.2046875 0.13906250000000003 0.234375 0.31875 0.234375
0 0.4703125 0.20000000000000004 0.325 0.2 0.325 0.24531250000000004 0.4703125 0.2453125000000001
0 0.5203125 0.2000000000000001 0.4875 0.2000000000000001 0.4875 0.22812500000000008 0.5203125 0.22812500000000008
0 0.621875 0.20312500000000008 0.525 0.20312500000000008 0.525 0.24218750000000008 0.621875 0.24218750000000008
0 0.6765625 0.2000000000000001 0.6375 0.2000000000000001 0.6375 0.2296875000000001 0.6765625 0.2296875000000001
0 0.759375 0.19687500000000008 0.675 0.19687500000000008 0.675 0.2453125000000001 0.759375 0.2453125000000001
0 0.8515625 0.1984375000000001 0.7578125 0.1984375000000001 0.7578125 0.2453125000000001 0.8515625 0.2453125000000001
0 0.221875 0.2640625 0.14843750000000006 0.2640625 0.14843750000000006 0.2828125 0.221875 0.2828125
0 0.3328125 0.2484375 0.2484375 0.2484375 0.2484375 0.2796875 0.3328125 0.2796875
0 0.5203125 0.24843750000000003 0.334375 0.2484375 0.334375 0.30156250000000007 0.5203125 0.30156250000000007
0 0.621875 0.24375000000000008 0.5359375 0.24375000000000008 0.5359375 0.2796875000000001 0.621875 0.2796875000000001
0 0.7 0.24375000000000008 0.63125 0.24375000000000008 0.63125 0.2875000000000001 0.7 0.2875000000000001
0 0.7546875 0.2484375000000001 0.71875 0.2484375000000001 0.71875 0.27812500000000007 0.7546875 0.27812500000000007
0 0.8578125 0.24375000000000008 0.7734375 0.24375000000000008 0.7734375 0.2906250000000001 0.8578125 0.2906250000000001
0 0.4125 0.29687500000000006 0.13281250000000006 0.296875 0.13281250000000006 0.33593750000000006 0.4125 0.3359375000000001
0 0.4421875 0.31718750000000007 0.4140625 0.31718750000000007 0.4140625 0.3312500000000001 0.4421875 0.3312500000000001
0 0.5140625 0.2984375000000001 0.4640625 0.2984375000000001 0.4640625 0.3421875000000001 0.5140625 0.3421875000000001
0 0.7 0.3000000000000001 0.50625 0.3000000000000001 0.50625 0.3500000000000001 0.7 0.3500000000000001
0 0.8375 0.3031250000000001 0.6984375 0.3031250000000001 0.6984375 0.3421875000000001 0.8375 0.3421875000000001
0 0.859375 0.3281250000000001 0.8546875 0.3281250000000001 0.8546875 0.33281250000000007 0.859375 0.33281250000000007
0 0.18437500000000004 0.3515625 0.14375000000000004 0.3515625 0.14375000000000004 0.3859375 0.18437500000000004 0.3859375
0 0.31093750000000003 0.3515625 0.203125 0.3515625 0.20312500000000006 0.384375 0.3109375000000001 0.384375
0 0.4734375 0.3453125 0.3171875 0.3453125 0.31718750000000007 0.39687500000000003 0.4734375 0.3968750000000001
0 0.5203125 0.3468750000000001 0.48125 0.3468750000000001 0.48125 0.37968750000000007 0.5203125 0.37968750000000007
0 0.7421875 0.34843750000000007 0.5375 0.34843750000000007 0.5375 0.4000000000000001 0.7421875 0.4000000000000002
0 0.8796875 0.34843750000000007 0.7578125 0.34843750000000007 0.7578125 0.39531250000000007 0.8796875 0.39531250000000007
0 0.2015625000000001 0.4015625 0.14218750000000005 0.4015625 0.14218750000000005 0.45 0.2015625000000001 0.45
0 0.31718750000000007 0.3984375 0.2312500000000001 0.3984375 0.2312500000000001 0.4328125 0.31718750000000007 0.4328125
0 0.37968750000000007 0.39843750000000006 0.3218750000000001 0.3984375 0.3218750000000001 0.434375 0.37968750000000007 0.434375
0 0.478125 0.3984375000000001 0.4015625 0.3984375000000001 0.4015625 0.440625 0.478125 0.440625
0 0.525 0.4171875 0.4984375 0.4171875 0.4984375 0.425 0.525 0.425
0 0.76875 0.4000000000000001 0.5375 0.4 0.5375 0.43437500000000007 0.76875 0.4343750000000002
0 0.796875 0.42187500000000017 0.7828125 0.42187500000000017 0.7828125 0.4265625000000002 0.796875 0.4265625000000002
0 0.8765625 0.4109375000000002 0.81875 0.4109375000000002 0.81875 0.4312500000000002 0.8765625 0.4312500000000002
0 0.2156250000000001 0.453125 0.13750000000000004 0.453125 0.13750000000000004 0.4890625 0.2156250000000001 0.4890625
0 0.3265625000000001 0.45 0.21093750000000008 0.45 0.21093750000000008 0.496875 0.3265625000000001 0.496875
0 0.465625 0.4515625 0.3265625000000001 0.4515625 0.3265625000000001 0.503125 0.465625 0.503125
0 0.4671875 0.48125 0.4609375 0.48125 0.4609375 0.4859375 0.4671875 0.4859375
0 0.5984375 0.446875 0.5078125 0.446875 0.5078125 0.48125 0.5984375 0.48125
0 0.6453125 0.446875 0.590625 0.446875 0.590625 0.4828125 0.6453125 0.4828125
0 0.8625 0.4468750000000001 0.665625 0.446875 0.665625 0.4828125000000001 0.8625 0.4828125000000002
0 0.2218750000000001 0.4984375 0.12968750000000004 0.4984375 0.12968750000000004 0.5359375 0.2218750000000001 0.5359375
0 0.2843750000000001 0.5 0.2140625000000001 0.5 0.2140625000000001 0.5359375 0.2843750000000001 0.5359375
0 0.5265625 0.503125 0.3031250000000001 0.503125 0.3031250000000001 0.553125 0.5265625 0.553125
0 0.6796875 0.5015625 0.540625 0.5015625 0.540625 0.5359375 0.6796875 0.5359375
0 0.7359375 0.503125 0.675 0.503125 0.675 0.5515625000000001 0.7359375 0.5515625000000002
0 0.790625 0.5000000000000002 0.7546875 0.5000000000000002 0.7546875 0.5296875000000002 0.790625 0.5296875000000002
0 0.8796875 0.5000000000000002 0.7890625 0.5000000000000002 0.7890625 0.5453125000000002 0.8796875 0.5453125000000002
0 0.2687500000000001 0.55 0.13437500000000008 0.55 0.13437500000000008 0.6046875 0.2687500000000001 0.6046875
0 0.34062500000000007 0.5515625 0.3000000000000001 0.5515625 0.3000000000000001 0.584375 0.34062500000000007 0.584375
0 0.4265625 0.565625 0.34062500000000007 0.565625 0.34062500000000007 0.603125 0.4265625 0.603125
0 0.540625 0.5640625 0.453125 0.5640625 0.453125 0.584375 0.540625 0.584375
0 0.54375 0.58125 0.5390625 0.58125 0.5390625 0.5859375 0.54375 0.5859375
0 0.625 0.553125 0.578125 0.553125 0.578125 0.5875 0.625 0.5875
0 0.7375 0.55 0.6421875 0.55 0.6421875 0.5859375000000001 0.7375 0.5859375000000002
0 0.8171875 0.5515625000000002 0.73125 0.5515625000000002 0.73125 0.5812500000000002 0.8171875 0.5812500000000002
0 0.2843750000000001 0.603125 0.14218750000000008 0.603125 0.14218750000000008 0.6390625 0.2843750000000001 0.6390625
0 0.48125 0.6015625 0.2906250000000001 0.6015625 0.2906250000000001 0.65 0.48125 0.65
0 0.5859375 0.5984375 0.490625 0.5984375 0.490625 0.634375 0.5859375 0.634375
0 0.7109375 0.5984375 0.6171875 0.5984375 0.6171875 0.6359375 0.7109375 0.6359375
0 0.771875 0.6046875 0.7140625 0.6046875 0.7140625 0.6328125000000001 0.771875 0.6328125000000002
0 0.3125000000000001 0.653125 0.1375000000000001 0.653125 0.1375000000000001 0.6859375 0.3125000000000001 0.6859375
0 0.33281250000000007 0.678125 0.3125000000000001 0.678125 0.3125000000000001 0.6953125 0.33281250000000007 0.6953125
0 0.415625 0.65 0.3578125000000001 0.65 0.3578125000000001 0.6859375 0.415625 0.6859375
0 0.53125 0.653125 0.4375 0.653125 0.4375 0.6828125 0.53125 0.6828125
0 0.6671875 0.653125 0.540625 0.653125 0.540625 0.6953125 0.6671875 0.6953125
0 0.890625 0.6500000000000001 0.6921875 0.65 0.6921875 0.6875000000000001 0.890625 0.6875000000000002
0 0.8921875 0.6781250000000002 0.8875 0.6781250000000002 0.8875 0.6843750000000002 0.8921875 0.6843750000000002