0 0.221875 0.246875 0.14375000000000004 0.246875 0.14375000000000004 0.2703125 0.221875 0.2703125
0 0.3171875 0.253125 0.2453125 0.253125 0.2453125 0.2734375 0.3171875 0.2734375
0 0.334375 0.2703125 0.3265625 0.2703125 0.3265625 0.28125 0.334375 0.28125
0 0.3921875 0.25312500000000004 0.353125 0.253125 0.353125 0.27187500000000003 0.3921875 0.2718750000000001
0 0.5 0.2500000000000001 0.3984375 0.2500000000000001 0.3984375 0.2750000000000001 0.5 0.2750000000000001
0 0.5671875 0.2515625000000001 0.5171875 0.2515625000000001 0.5171875 0.2906250000000001 0.5671875 0.2906250000000001
0 0.65 0.2515625000000001 0.5859375 0.2515625000000001 0.5859375 0.2734375000000001 0.65 0.2734375000000001
0 0.7265625 0.2531250000000001 0.6640625 0.2531250000000001 0.6640625 0.2734375000000001 0.7265625 0.2734375000000001
0 0.8125 0.2515625000000001 0.7421875 0.2515625000000001 0.7421875 0.2750000000000001 0.8125 0.2750000000000001
0 0.2625 0.296875 0.13906250000000003 0.296875 0.13906250000000003 0.3234375 0.2625 0.3234375
0 0.3453125 0.296875 0.2890625 0.296875 0.2890625 0.3234375 0.3453125 0.3234375
0 0.425 0.2984375000000001 0.3671875 0.2984375000000001 0.3671875 0.3234375000000001 0.425 0.3234375000000001
0 0.5453125 0.3000000000000001 0.4484375 0.3000000000000001 0.4484375 0.32500000000000007 0.5453125 0.32500000000000007
0 0.553125 0.3234375000000001 0.55 0.3234375000000001 0.55 0.32500000000000007 0.553125 0.32500000000000007
0 0.6375 0.3000000000000001 0.5703125 0.3000000000000001 0.5703125 0.32500000000000007 0.6375 0.32500000000000007
0 0.759375 0.3000000000000001 0.6484375 0.3000000000000001 0.6484375 0.3265625000000001 0.759375 0.3265625000000001
0 0.9140625 0.30156250000000007 0.76875 0.30156250000000007 0.76875 0.32500000000000007 0.9140625 0.32500000000000007
0 0.23281250000000003 0.346875 0.14375000000000004 0.346875 0.14375000000000004 0.371875 0.2328125000000001 0.371875
0 0.31718750000000007 0.346875 0.25625 0.346875 0.25625000000000003 0.3734375 0.31718750000000007 0.3734375
0 0.4390625 0.34843750000000007 0.328125 0.3484375 0.32812500000000006 0.39531250000000007 0.4390625 0.39531250000000007
0 0.5015625 0.3500000000000001 0.4609375 0.3500000000000001 0.4609375 0.3734375000000001 0.5015625 0.3734375000000001
0 0.6734375 0.34843750000000007 0.5359375 0.34843750000000007 0.5359375 0.3734375000000001 0.6734375 0.3734375000000001
0 0.7296875 0.3500000000000001 0.696875 0.3500000000000001 0.696875 0.3859375000000001 0.7296875 0.3859375000000001
0 0.775 0.3515625000000001 0.7375 0.3515625000000001 0.7375 0.3750000000000001 0.775 0.3750000000000001
0 0.8765625 0.3515625000000001 0.790625 0.3515625000000001 0.790625 0.3734375000000001 0.8765625 0.3734375000000001
0 0.17812500000000003 0.3984375 0.14843750000000006 0.3984375 0.14843750000000006 0.434375 0.17812500000000003 0.434375
0 0.2671875000000001 0.39375 0.19218750000000004 0.39375 0.19218750000000004 0.421875 0.2671875000000001 0.421875
0 0.2906250000000001 0.4203125 0.2843750000000001 0.4203125 0.2843750000000001 0.428125 0.2906250000000001 0.428125
0 0.3593750000000001 0.3953125 0.3031250000000001 0.3953125 0.3031250000000001 0.421875 0.3593750000000001 0.421875
0 0.4578125 0.3984375000000001 0.37968750000000007 0.3984375000000001 0.37968750000000007 0.425 0.4578125 0.425
0 0.5171875 0.4015625 0.4859375 0.4015625 0.4859375 0.425 0.5171875 0.425
0 0.6515625 0.40625 0.53125 0.40625 0.53125 0.425 0.6515625 0.425
0 0.7859375 0.3968750000000001 0.678125 0.3968750000000001 0.678125 0.42656250000000007 0.7859375 0.4265625000000002
0 0.8390625 0.4000000000000002 0.796875 0.4000000000000002 0.796875 0.4234375000000002 0.8390625 0.4234375000000002
0 0.884375 0.40156250000000016 0.8546875 0.40156250000000016 0.8546875 0.4234375000000002 0.884375 0.4234375000000002
0 0.19843750000000004 0.4484375 0.13593750000000004 0.4484375 0.13593750000000004 0.475 0.19843750000000004 0.475
0 0.27812500000000007 0.4609375 0.2406250000000001 0.4609375 0.2406250000000001 0.4734375 0.27812500000000007 0.4734375
0 0.440625 0.4484375 0.3062500000000001 0.4484375 0.3062500000000001 0.4828125 0.440625 0.4828125
0 0.571875 0.453125 0.459375 0.453125 0.459375 0.4765625 0.571875 0.4765625
0 0.6296875 0.4515625 0.5953125 0.4515625 0.5953125 0.490625 0.6296875 0.490625
0 0.7609375 0.4531250000000001 0.640625 0.453125 0.640625 0.4765625000000001 0.7609375 0.47656250000000017
0 0.784375 0.4750000000000002 0.7796875 0.4750000000000002 0.7796875 0.4781250000000002 0.784375 0.4781250000000002
0 0.8625 0.4546875000000002 0.79375 0.4546875000000002 0.79375 0.4781250000000002 0.8625 0.4781250000000002
0 0.18750000000000006 0.4984375 0.13125000000000003 0.4984375 0.13125000000000003 0.5234375 0.18750000000000006 0.5234375
0 0.27812500000000007 0.5015625 0.2093750000000001 0.5015625 0.2093750000000001 0.525 0.27812500000000007 0.525
0 0.421875 0.5015625 0.3140625000000001 0.5015625 0.3140625000000001 0.5375 0.421875 0.5375
0 0.6234375 0.4984375 0.45 0.4984375 0.45 0.525 0.6234375 0.525
0 0.740625 0.5015625000000001 0.6453125 0.5015625 0.6453125 0.5281250000000001 0.740625 0.5281250000000002
0 0.79375 0.5046875000000002 0.7609375 0.5046875000000002 0.7609375 0.5390625000000002 0.79375 0.5390625000000002
0 0.925 0.5031250000000002 0.8015625 0.5031250000000002 0.8015625 0.5312500000000002 0.925 0.5312500000000002
0 0.2500000000000001 0.546875 0.1359375000000001 0.546875 0.1359375000000001 0.571875 0.2500000000000001 0.571875
0 0.34062500000000007 0.546875 0.2812500000000001 0.546875 0.2812500000000001 0.5703125 0.34062500000000007 0.5703125
0 0.4453125 0.55 0.3625000000000001 0.55 0.3625000000000001 0.5859375 0.4453125 0.5859375
0 0.49375 0.553125 0.4609375 0.553125 0.4609375 0.5734375 0.49375 0.5734375
0 0.553125 0.5515625 0.503125 0.5515625 0.503125 0.5890625 0.553125 0.5890625
0 0.66875 0.5515625 0.5671875 0.5515625 0.5671875 0.590625 0.66875 0.590625
0 0.7140625 0.55625 0.6875 0.55625 0.6875 0.5765625 0.7140625 0.5765625
0 0.7796875 0.55 0.715625 0.55 0.715625 0.5921875000000001 0.7796875 0.5921875000000002
0 0.8421875 0.5562500000000001 0.8015625 0.5562500000000001 0.8015625 0.5796875000000001 0.8421875 0.5796875000000001
0 0.26250000000000007 0.5984375 0.13437500000000008 0.5984375 0.13437500000000008 0.6453125 0.26250000000000007 0.6453125
0 0.3546875000000001 0.596875 0.2890625000000001 0.596875 0.2890625000000001 0.6375 0.3546875000000001 0.6375
0 0.4390625 0.596875 0.3984375000000001 0.596875 0.3984375000000001 0.6203125 0.4390625 0.6203125
0 0.503125 0.59375 0.4578125 0.59375 0.4578125 0.6375 0.503125 0.6375
0 0.6375 0.596875 0.5203125 0.596875 0.5203125 0.6421875 0.6375 0.6421875
0 0.65 0.625 0.6453125 0.625 0.6453125 0.63125 0.65 0.63125
0 0.709375 0.603125 0.6625 0.603125 0.6625 0.625 0.709375 0.625
0 0.8375 0.6015625000000002 0.73125 0.6015625000000002 0.73125 0.6250000000000002 0.8375 0.6250000000000002
0 0.9390625 0.6015625000000002 0.8484375 0.6015625000000002 0.8484375 0.6281250000000002 0.9390625 0.6281250000000002
0 0.9359375 0.6281250000000002 0.93125 0.6281250000000002 0.93125 0.6296875000000002 0.9359375 0.6296875000000002