0 0.2046875 0.265625 0.15000000000000005 0.265625 0.15000000000000005 0.2859375 0.2046875 0.2859375
0 0.296875 0.26875 0.2328125 0.26875 0.2328125 0.3 0.296875 0.3
0 0.3640625 0.2671875 0.3234375 0.2671875 0.3234375 0.28593750000000007 0.3640625 0.28593750000000007
0 0.421875 0.2750000000000001 0.39375 0.2750000000000001 0.39375 0.2843750000000001 0.421875 0.2843750000000001
0 0.459375 0.2750000000000001 0.4453125 0.2750000000000001 0.4453125 0.2843750000000001 0.459375 0.2843750000000001
0 0.5125 0.2656250000000001 0.4828125 0.2656250000000001 0.4828125 0.3046875000000001 0.5125 0.3046875000000001
0 0.584375 0.2593750000000001 0.5375 0.2593750000000001 0.5375 0.2843750000000001 0.584375 0.2843750000000001
0 0.625 0.2750000000000001 0.6046875 0.2750000000000001 0.6046875 0.2843750000000001 0.625 0.2843750000000001
0 0.759375 0.2609375000000001 0.6640625 0.2609375000000001 0.6640625 0.2843750000000001 0.759375 0.2843750000000001
0 0.2140625 0.3140625 0.15781250000000005 0.3140625 0.15781250000000005 0.3359375 0.2140625 0.3359375
0 0.309375 0.3234375 0.2453125 0.3234375 0.2453125 0.334375 0.309375 0.334375
0 0.321875 0.3328125 0.31875 0.3328125 0.31875 0.3359375 0.321875 0.3359375
0 0.390625 0.31093750000000003 0.34375 0.3109375 0.34375 0.33437500000000003 0.390625 0.3343750000000001
0 0.5234375 0.3125000000000001 0.4171875 0.3125000000000001 0.4171875 0.3359375000000001 0.5234375 0.3359375000000001
0 0.61875 0.3218750000000001 0.5578125 0.3218750000000001 0.5578125 0.3343750000000001 0.61875 0.3343750000000001
0 0.6671875 0.3125000000000001 0.6515625 0.3125000000000001 0.6515625 0.33281250000000007 0.6671875 0.33281250000000007
0 0.7125 0.3156250000000001 0.6875 0.3156250000000001 0.6875 0.33281250000000007 0.7125 0.33281250000000007
0 0.35625000000000007 0.3625 0.15625000000000006 0.3625 0.15625000000000006 0.4 0.35625000000000007 0.4
0 0.4203125 0.36406250000000007 0.3812500000000001 0.36406250000000007 0.3812500000000001 0.3843750000000001 0.4203125 0.3843750000000001
0 0.4828125 0.3609375000000001 0.446875 0.3609375000000001 0.446875 0.3968750000000001 0.4828125 0.3968750000000001
0 0.5328125 0.36406250000000007 0.5140625 0.36406250000000007 0.5140625 0.3984375000000001 0.5328125 0.3984375000000001
0 0.6703125 0.3625000000000001 0.565625 0.3625000000000001 0.565625 0.3859375000000001 0.6703125 0.3859375000000001
0 0.6828125 0.3812500000000001 0.6796875 0.3812500000000001 0.6796875 0.3828125000000001 0.6828125 0.3828125000000001
0 0.784375 0.3593750000000001 0.6984375 0.3593750000000001 0.6984375 0.3843750000000001 0.784375 0.3843750000000001
0 0.2593750000000001 0.4140625 0.15937500000000004 0.4140625 0.15937500000000004 0.45 0.2593750000000001 0.45
0 0.3703125000000001 0.4125 0.2906250000000001 0.4125 0.2906250000000001 0.45625 0.3703125000000001 0.45625
0 0.4203125 0.4140625 0.4 0.4140625 0.4 0.453125 0.4203125 0.453125
0 0.4484375 0.415625 0.434375 0.415625 0.434375 0.4328125 0.4484375 0.4328125
0 0.4875 0.4140625 0.46875 0.4140625 0.46875 0.434375 0.4875 0.434375
0 0.51875 0.425 0.50625 0.425 0.50625 0.434375 0.51875 0.434375
0 0.6109375 0.4125 0.540625 0.4125 0.540625 0.453125 0.6109375 0.453125
0 0.678125 0.4125 0.640625 0.4125 0.640625 0.434375 0.678125 0.434375
0 0.7171875 0.4125 0.7 0.4125 0.7 0.434375 0.7171875 0.434375
0 0.765625 0.4125000000000002 0.7359375 0.4125000000000002 0.7359375 0.4343750000000002 0.765625 0.4343750000000002
0 0.2015625000000001 0.465625 0.16093750000000004 0.465625 0.16093750000000004 0.4859375 0.2015625000000001 0.4859375
0 0.2968750000000001 0.465625 0.2234375000000001 0.465625 0.2234375000000001 0.4859375 0.2968750000000001 0.4859375
0 0.440625 0.4625 0.3343750000000001 0.4625 0.3343750000000001 0.4859375 0.440625 0.4859375
0 0.4515625 0.48125 0.4484375 0.48125 0.4484375 0.484375 0.4515625 0.484375
0 0.5015625 0.4640625 0.484375 0.4640625 0.484375 0.484375 0.5015625 0.484375
0 0.5640625 0.4640625 0.528125 0.4640625 0.528125 0.484375 0.5640625 0.484375
0 0.6234375 0.4765625 0.5921875 0.4765625 0.5921875 0.4875 0.6234375 0.4875
0 0.6859375 0.4625 0.64375 0.4625 0.64375 0.4828125 0.6859375 0.4828125
0 0.7234375 0.4625 0.7078125 0.4625 0.7078125 0.4859375 0.7234375 0.4859375
0 0.7828125 0.4734375000000002 0.746875 0.4734375000000002 0.746875 0.5031250000000002 0.7828125 0.5031250000000002
0 0.2093750000000001 0.5234375 0.16562500000000005 0.5234375 0.16562500000000005 0.5359375 0.2093750000000001 0.5359375
0 0.24218750000000008 0.5265625 0.22656250000000008 0.5265625 0.22656250000000008 0.5296875 0.24218750000000008 0.5296875
0 0.3140625000000001 0.5140625 0.27812500000000007 0.5140625 0.27812500000000007 0.5359375 0.3140625000000001 0.5359375
0 0.41875 0.5125 0.3421875000000001 0.5125 0.3421875000000001 0.5359375 0.41875 0.5359375
0 0.553125 0.5109375 0.4578125 0.5109375 0.4578125 0.5359375 0.553125 0.5359375
0 0.5828125 0.515625 0.565625 0.515625 0.565625 0.5359375 0.5828125 0.5359375
0 0.63125 0.515625 0.6109375 0.515625 0.6109375 0.534375 0.63125 0.534375
0 0.6796875 0.525 0.6609375 0.525 0.6609375 0.5359375 0.6796875 0.5359375
0 0.71875 0.5234375 0.703125 0.5234375 0.703125 0.5265625 0.71875 0.5265625
0 0.7765625 0.5218750000000002 0.7546875 0.5218750000000002 0.7546875 0.5343750000000002 0.7765625 0.5343750000000002
0 0.2015625000000001 0.571875 0.16406250000000008 0.571875 0.16406250000000008 0.584375 0.2015625000000001 0.584375
0 0.27031250000000007 0.5640625 0.2375000000000001 0.5640625 0.2375000000000001 0.5875 0.27031250000000007 0.5875
0 0.3671875000000001 0.5640625 0.2953125000000001 0.5640625 0.2953125000000001 0.5875 0.3671875000000001 0.5875
0 0.44375 0.5640625 0.4015625 0.5640625 0.4015625 0.5859375 0.44375 0.5859375
0 0.5015625 0.575 0.48125 0.575 0.48125 0.584375 0.5015625 0.584375
0 0.625 0.5625 0.5296875 0.5625 0.5296875 0.6015625 0.625 0.6015625
0 0.696875 0.5640625 0.665625 0.5640625 0.665625 0.584375 0.696875 0.584375
0 0.759375 0.5734375 0.725 0.5734375 0.725 0.5843750000000001 0.759375 0.5843750000000002
0 0.26250000000000007 0.6140625 0.1687500000000001 0.6140625 0.1687500000000001 0.6375 0.26250000000000007 0.6375
0 0.453125 0.6140625 0.3078125000000001 0.6140625 0.3078125000000001 0.6375 0.453125 0.6375
0 0.4640625 0.6328125 0.4609375 0.6328125 0.4609375 0.6359375 0.4640625 0.6359375