0 0.16406250000000006 0.2015625 0.13906250000000003 0.2015625 0.13906250000000003 0.225 0.16406250000000006 0.225
0 0.2390625 0.2015625 0.18125000000000005 0.2015625 0.18125000000000005 0.225 0.2390625 0.225
0 0.2984375 0.203125 0.259375 0.203125 0.259375 0.225 0.2984375 0.225
0 0.325 0.2140625 0.3140625 0.2140625 0.3140625 0.2234375 0.325 0.2234375
0 0.471875 0.20625000000000004 0.35 0.20625 0.35 0.23593750000000005 0.471875 0.23593750000000008
0 0.56875 0.20468750000000008 0.4921875 0.20468750000000008 0.4921875 0.2234375000000001 0.56875 0.2234375000000001
0 0.646875 0.20468750000000008 0.5875 0.20468750000000008 0.5875 0.2250000000000001 0.646875 0.2250000000000001
0 0.6515625 0.2218750000000001 0.646875 0.2218750000000001 0.646875 0.2328125000000001 0.6515625 0.2328125000000001
0 0.70625 0.20468750000000008 0.6671875 0.20468750000000008 0.6671875 0.2375000000000001 0.70625 0.2375000000000001
0 0.7390625 0.20468750000000008 0.7234375 0.20468750000000008 0.7234375 0.2234375000000001 0.7390625 0.2234375000000001
0 0.790625 0.20312500000000008 0.7625 0.20312500000000008 0.7625 0.2234375000000001 0.790625 0.2234375000000001
0 0.8703125 0.20312500000000008 0.8 0.20312500000000008 0.8 0.23593750000000008 0.8703125 0.23593750000000008
0 0.16093750000000004 0.253125 0.13593750000000004 0.253125 0.13593750000000004 0.275 0.16093750000000004 0.275
0 0.2171875 0.253125 0.18750000000000006 0.253125 0.18750000000000006 0.2734375 0.2171875 0.2734375
0 0.2890625 0.25625 0.234375 0.25625 0.234375 0.2875 0.2890625 0.2875
0 0.328125 0.2515625 0.303125 0.2515625 0.303125 0.2890625 0.328125 0.2890625
0 0.39375 0.2515625 0.3484375 0.2515625 0.3484375 0.275 0.39375 0.2750000000000001
0 0.45 0.2531250000000001 0.4078125 0.2531250000000001 0.4078125 0.2750000000000001 0.45 0.2750000000000001
0 0.5125 0.2531250000000001 0.471875 0.2531250000000001 0.471875 0.2750000000000001 0.5125 0.2750000000000001
0 0.5609375 0.2640625000000001 0.528125 0.2640625000000001 0.528125 0.2734375000000001 0.5609375 0.2734375000000001
0 0.6578125 0.2531250000000001 0.575 0.2531250000000001 0.575 0.2750000000000001 0.6578125 0.2750000000000001
0 0.703125 0.2531250000000001 0.675 0.2531250000000001 0.675 0.28593750000000007 0.703125 0.28593750000000007
0 0.7546875 0.25468750000000007 0.7265625 0.25468750000000007 0.7265625 0.2734375000000001 0.7546875 0.2734375000000001
0 0.8109375 0.2531250000000001 0.7765625 0.2531250000000001 0.7765625 0.2734375000000001 0.8109375 0.2734375000000001
0 0.19531250000000006 0.30625 0.13281250000000006 0.30625 0.13281250000000006 0.340625 0.19531250000000006 0.340625
0 0.2015625 0.3234375 0.19687500000000005 0.3234375 0.19687500000000005 0.3359375 0.2015625 0.3359375
0 0.240625 0.3078125 0.2234375 0.3078125 0.2234375 0.3265625 0.240625 0.3265625
0 0.3 0.3046875 0.25 0.3046875 0.25 0.346875 0.3 0.346875
0 0.35 0.30625 0.3109375 0.30625 0.3109375 0.3265625 0.35 0.3265625
0 0.45625 0.3062500000000001 0.3671875 0.3062500000000001 0.3671875 0.3265625000000001 0.45625 0.3265625000000001
0 0.4609375 0.32500000000000007 0.4578125 0.32500000000000007 0.4578125 0.3281250000000001 0.4609375 0.3281250000000001
0 0.478125 0.3234375000000001 0.46875 0.3234375000000001 0.46875 0.3343750000000001 0.478125 0.3343750000000001
0 0.521875 0.3046875000000001 0.49375 0.3046875000000001 0.49375 0.32500000000000007 0.521875 0.32500000000000007
0 0.5953125 0.3062500000000001 0.5359375 0.3062500000000001 0.5359375 0.32500000000000007 0.5953125 0.32500000000000007
0 0.634375 0.3031250000000001 0.6109375 0.3031250000000001 0.6109375 0.3390625000000001 0.634375 0.3390625000000001
0 0.671875 0.3046875000000001 0.65 0.3046875000000001 0.65 0.32500000000000007 0.671875 0.32500000000000007
0 0.715625 0.3031250000000001 0.6921875 0.3031250000000001 0.6921875 0.3234375000000001 0.715625 0.3234375000000001
0 0.7359375 0.3046875000000001 0.7109375 0.3046875000000001 0.7109375 0.3234375000000001 0.7359375 0.3234375000000001
0 0.78125 0.3062500000000001 0.7515625 0.3062500000000001 0.7515625 0.32500000000000007 0.78125 0.32500000000000007
0 0.8578125 0.30156250000000007 0.8109375 0.30156250000000007 0.8109375 0.3234375000000001 0.8578125 0.3234375000000001
0 0.17812500000000003 0.3671875 0.13125000000000003 0.3671875 0.13125000000000003 0.3765625 0.17812500000000003 0.3765625
0 0.2500000000000001 0.365625 0.20312500000000008 0.365625 0.20312500000000008 0.3765625 0.2500000000000001 0.3765625
0 0.27812500000000007 0.353125 0.253125 0.353125 0.25312500000000004 0.3765625 0.27812500000000007 0.3765625
0 0.31718750000000007 0.3546875 0.303125 0.3546875 0.30312500000000003 0.375 0.31718750000000007 0.375
0 0.4125 0.35468750000000004 0.30625 0.3546875 0.30625 0.38906250000000003 0.4125 0.3890625000000001
0 0.4578125 0.3546875000000001 0.4375 0.3546875000000001 0.4375 0.3937500000000001 0.4578125 0.3937500000000001
0 0.534375 0.36406250000000007 0.4859375 0.36406250000000007 0.4859375 0.3984375000000001 0.534375 0.3984375000000001
0 0.6078125 0.34843750000000007 0.5578125 0.34843750000000007 0.5578125 0.3750000000000001 0.6078125 0.3750000000000001
0 0.6109375 0.37187500000000007 0.6046875 0.37187500000000007 0.6046875 0.3843750000000001 0.6109375 0.3843750000000001
0 0.671875 0.3515625000000001 0.6359375 0.3515625000000001 0.6359375 0.3750000000000001 0.671875 0.3750000000000001
0 0.75625 0.3515625000000001 0.6875 0.3515625000000001 0.6875 0.3750000000000001 0.75625 0.3750000000000001
0 0.8671875 0.3546875000000001 0.7796875 0.3546875000000001 0.7796875 0.3765625000000001 0.8671875 0.3765625000000001
0 0.871875 0.3671875000000001 0.8671875 0.3671875000000001 0.8671875 0.3750000000000001 0.871875 0.3750000000000001
0 0.13906250000000003 0.4234375 0.13281250000000006 0.4234375 0.13281250000000006 0.43125 0.13906250000000003 0.43125
0 0.18437500000000004 0.4046875 0.15625000000000006 0.4046875 0.15625000000000006 0.428125 0.18437500000000004 0.428125
0 0.2812500000000001 0.4078125 0.19843750000000004 0.4078125 0.19843750000000004 0.44375 0.2812500000000001 0.44375
0 0.34062500000000007 0.40625 0.30937500000000007 0.40625 0.30937500000000007 0.45 0.34062500000000007 0.45
0 0.4140625 0.40625 0.37187500000000007 0.40625 0.37187500000000007 0.4265625 0.4140625 0.4265625
0 0.4859375 0.40625 0.4421875 0.40625 0.4421875 0.4265625 0.4859375 0.4265625
0 0.540625 0.4046875 0.5234375 0.4046875 0.5234375 0.4265625 0.540625 0.4265625
0 0.6359375 0.4046875 0.56875 0.4046875 0.56875 0.4484375 0.6359375 0.4484375
0 0.7171875 0.403125 0.66875 0.403125 0.66875 0.4265625 0.7171875 0.4265625
0 0.778125 0.4031250000000002 0.7390625 0.4031250000000002 0.7390625 0.44062500000000016 0.778125 0.44062500000000016
0 0.83125 0.41406250000000017 0.803125 0.41406250000000017 0.803125 0.42500000000000016 0.83125 0.42500000000000016
0 0.8734375 0.4031250000000002 0.8484375 0.4031250000000002 0.8484375 0.4234375000000002 0.8734375 0.4234375000000002
0 0.8765625 0.42187500000000017 0.875 0.42187500000000017 0.875 0.42500000000000016 0.8765625 0.42500000000000016
0 0.89375 0.4031250000000002 0.884375 0.4031250000000002 0.884375 0.4109375000000002 0.89375 0.4109375000000002