0 0.2921875 0.2140625 0.15468750000000003 0.2140625 0.15468750000000003 0.234375 0.2921875 0.234375
0 0.3984375 0.21718750000000003 0.3171875 0.2171875 0.3171875 0.23125000000000004 0.3984375 0.2312500000000001
0 0.4625 0.2156250000000001 0.4328125 0.2156250000000001 0.4328125 0.2312500000000001 0.4625 0.2312500000000001
0 0.6515625 0.21250000000000008 0.50625 0.21250000000000008 0.50625 0.2296875000000001 0.6515625 0.2296875000000001
0 0.78125 0.2093750000000001 0.68125 0.2093750000000001 0.68125 0.22812500000000008 0.78125 0.22812500000000008
0 0.8640625 0.2078125000000001 0.80625 0.2078125000000001 0.80625 0.22656250000000008 0.8640625 0.22656250000000008
0 0.2671875 0.2703125 0.15468750000000003 0.2703125 0.15468750000000003 0.284375 0.2671875 0.284375
0 0.3921875 0.26875000000000004 0.2875 0.26875 0.2875 0.28437500000000004 0.3921875 0.2843750000000001
0 0.4015625 0.27812500000000007 0.396875 0.27812500000000007 0.396875 0.2812500000000001 0.4015625 0.2812500000000001
0 0.5984375 0.2609375000000001 0.41875 0.2609375000000001 0.41875 0.2796875000000001 0.5984375 0.2796875000000001
0 0.76875 0.26250000000000007 0.6296875 0.26250000000000007 0.6296875 0.2796875000000001 0.76875 0.2796875000000001
0 0.8828125 0.2609375000000001 0.7890625 0.2609375000000001 0.7890625 0.2812500000000001 0.8828125 0.2812500000000001
0 0.296875 0.315625 0.14843750000000006 0.315625 0.14843750000000006 0.334375 0.296875 0.334375
0 0.3921875 0.321875 0.3265625 0.321875 0.3265625 0.33437500000000003 0.3921875 0.3343750000000001
0 0.6109375 0.3140625000000001 0.421875 0.3140625000000001 0.421875 0.3343750000000001 0.6109375 0.3343750000000001
0 0.6640625 0.3109375000000001 0.634375 0.3109375000000001 0.634375 0.3281250000000001 0.6640625 0.3281250000000001
0 0.709375 0.31718750000000007 0.6890625 0.31718750000000007 0.6890625 0.3281250000000001 0.709375 0.3281250000000001
0 0.8109375 0.3125000000000001 0.725 0.3125000000000001 0.725 0.3312500000000001 0.8109375 0.3312500000000001
0 0.8671875 0.3187500000000001 0.834375 0.3187500000000001 0.834375 0.3281250000000001 0.8671875 0.3281250000000001
0 0.18750000000000006 0.3671875 0.13906250000000003 0.3671875 0.13906250000000003 0.384375 0.18750000000000006 0.384375
0 0.3609375000000001 0.3640625 0.22031250000000008 0.3640625 0.22031250000000008 0.3921875 0.3609375000000001 0.3921875
0 0.496875 0.36406250000000007 0.3812500000000001 0.36406250000000007 0.3812500000000001 0.3843750000000001 0.496875 0.3843750000000001
0 0.5140625 0.37968750000000007 0.5109375 0.37968750000000007 0.5109375 0.3812500000000001 0.5140625 0.3812500000000001
0 0.5765625 0.36406250000000007 0.55625 0.36406250000000007 0.55625 0.3781250000000001 0.5765625 0.3781250000000001
0 0.6546875 0.36406250000000007 0.6078125 0.36406250000000007 0.6078125 0.37968750000000007 0.6546875 0.37968750000000007
0 0.825 0.3656250000000001 0.6921875 0.3656250000000001 0.6921875 0.37968750000000007 0.825 0.37968750000000007
0 0.93125 0.3625000000000001 0.840625 0.3625000000000001 0.840625 0.3828125000000001 0.93125 0.3828125000000001
0 0.2953125000000001 0.415625 0.13906250000000003 0.415625 0.13906250000000003 0.4390625 0.2953125000000001 0.4390625
0 0.3906250000000001 0.4171875 0.3234375000000001 0.4171875 0.3234375000000001 0.4375 0.3906250000000001 0.4375
0 0.48125 0.41875 0.41875 0.41875 0.41875 0.434375 0.48125 0.434375
0 0.66875 0.415625 0.49375 0.415625 0.49375 0.4359375 0.66875 0.4359375
0 0.8171875 0.4171875000000001 0.6875 0.4171875 0.6875 0.4312500000000001 0.8171875 0.4312500000000002
0 0.865625 0.4125000000000002 0.834375 0.4125000000000002 0.834375 0.42968750000000017 0.865625 0.42968750000000017
0 0.9375 0.4125000000000002 0.8875 0.4125000000000002 0.8875 0.42968750000000017 0.9375 0.42968750000000017
0 0.21093750000000008 0.4671875 0.12656250000000005 0.4671875 0.12656250000000005 0.484375 0.21093750000000008 0.484375
0 0.35625000000000007 0.4671875 0.2515625000000001 0.4671875 0.2515625000000001 0.4828125 0.35625000000000007 0.4828125
0 0.3703125000000001 0.4796875 0.3671875000000001 0.4796875 0.3671875000000001 0.4828125 0.3703125000000001 0.4828125
0 0.4796875 0.465625 0.4015625 0.465625 0.4015625 0.4828125 0.4796875 0.4828125
0 0.59375 0.4734375 0.509375 0.4734375 0.509375 0.4875 0.59375 0.4875
0 0.646875 0.465625 0.6234375 0.465625 0.6234375 0.48125 0.646875 0.48125
0 0.7375 0.4671875000000001 0.6859375 0.4671875 0.6859375 0.4828125000000001 0.7375 0.4828125000000002
0 0.853125 0.46406250000000016 0.75625 0.46406250000000016 0.75625 0.4828125000000002 0.853125 0.4828125000000002
0 0.896875 0.4656250000000002 0.871875 0.4656250000000002 0.871875 0.4734375000000002 0.896875 0.4734375000000002
0 0.2390625000000001 0.51875 0.13281250000000006 0.51875 0.13281250000000006 0.534375 0.2390625000000001 0.534375
0 0.2984375000000001 0.515625 0.2687500000000001 0.515625 0.2687500000000001 0.5390625 0.2984375000000001 0.5390625
0 0.3828125000000001 0.5203125 0.31718750000000007 0.5203125 0.31718750000000007 0.5359375 0.3828125000000001 0.5359375
0 0.4890625 0.5203125 0.4125 0.5203125 0.4125 0.5375 0.4890625 0.5375
0 0.496875 0.5328125 0.49375 0.5328125 0.49375 0.534375 0.496875 0.534375
0 0.615625 0.5171875 0.546875 0.5171875 0.546875 0.534375 0.615625 0.534375
0 0.68125 0.515625 0.6546875 0.515625 0.6546875 0.534375 0.68125 0.534375
0 0.7484375 0.5156250000000001 0.703125 0.515625 0.703125 0.5312500000000001 0.7484375 0.5312500000000002
0 0.8609375 0.5156250000000002 0.778125 0.5156250000000002 0.778125 0.5328125000000001 0.8609375 0.5328125000000001
0 0.9375 0.5140625000000002 0.8859375 0.5140625000000002 0.8859375 0.5312500000000002 0.9375 0.5312500000000002
0 0.18750000000000008 0.5703125 0.14843750000000008 0.5703125 0.14843750000000008 0.5859375 0.18750000000000008 0.5859375
0 0.2500000000000001 0.5703125 0.22031250000000008 0.5703125 0.22031250000000008 0.5859375 0.2500000000000001 0.5859375
0 0.3390625000000001 0.575 0.2796875000000001 0.575 0.2796875000000001 0.584375 0.3390625000000001 0.584375
0 0.4609375 0.5703125 0.37968750000000007 0.5703125 0.37968750000000007 0.5859375 0.4609375 0.5859375
0 0.515625 0.5671875 0.4875 0.5671875 0.4875 0.5828125 0.515625 0.5828125
0 0.578125 0.575 0.5421875 0.575 0.5421875 0.584375 0.578125 0.584375
0 0.7015625 0.565625 0.590625 0.565625 0.590625 0.584375 0.7015625 0.584375
0 0.9625 0.5640625000000001 0.734375 0.5640625000000001 0.734375 0.5812500000000002 0.9625 0.5812500000000002
0 0.1750000000000001 0.6171875 0.1468750000000001 0.6171875 0.1468750000000001 0.634375 0.1750000000000001 0.634375
0 0.4296875 0.6203125 0.2156250000000001 0.6203125 0.2156250000000001 0.6390625 0.4296875 0.6390625
0 0.5359375 0.6203125 0.4640625 0.6203125 0.4640625 0.6359375 0.5359375 0.6359375
0 0.6828125 0.61875 0.5859375 0.61875 0.5859375 0.634375 0.6828125 0.634375
0 0.8484375 0.6156250000000001 0.7109375 0.615625 0.7109375 0.6421875000000001 0.8484375 0.6421875000000001
0 0.2734375000000001 0.6703125 0.1453125000000001 0.6703125 0.1453125000000001 0.6953125 0.2734375000000001 0.6953125
0 0.2890625000000001 0.684375 0.2843750000000001 0.684375 0.2843750000000001 0.6875 0.2890625000000001 0.6875