0 0.18437500000000004 0.234375 0.15781250000000005 0.234375 0.15781250000000005 0.25 0.18437500000000004 0.25
0 0.2875 0.2328125 0.2234375 0.2328125 0.2234375 0.2515625 0.2875 0.2515625
0 0.296875 0.2484375 0.2921875 0.2484375 0.2921875 0.2578125 0.296875 0.2578125
0 0.3765625 0.23750000000000004 0.3171875 0.2375 0.3171875 0.25000000000000006 0.3765625 0.2500000000000001
0 0.4890625 0.2312500000000001 0.3953125 0.2312500000000001 0.3953125 0.2468750000000001 0.4890625 0.2468750000000001
0 0.609375 0.2375000000000001 0.5125 0.2375000000000001 0.5125 0.2484375000000001 0.609375 0.2484375000000001
0 0.6671875 0.2328125000000001 0.6390625 0.2328125000000001 0.6390625 0.2484375000000001 0.6671875 0.2484375000000001
0 0.7859375 0.2390625000000001 0.690625 0.2390625000000001 0.690625 0.2468750000000001 0.7859375 0.2468750000000001
0 0.86875 0.2390625000000001 0.8125 0.2390625000000001 0.8125 0.2468750000000001 0.86875 0.2468750000000001
0 0.203125 0.2890625 0.15937500000000004 0.2890625 0.15937500000000004 0.3078125 0.203125 0.3078125
0 0.2875 0.2859375 0.2390625 0.2859375 0.2390625 0.2984375 0.2875 0.2984375
0 0.3671875 0.28750000000000003 0.309375 0.2875 0.309375 0.30000000000000004 0.3671875 0.3000000000000001
0 0.46875 0.2890625000000001 0.3984375 0.2890625000000001 0.3984375 0.3000000000000001 0.46875 0.3000000000000001
0 0.59375 0.2890625000000001 0.496875 0.2890625000000001 0.496875 0.3078125000000001 0.59375 0.3078125000000001
0 0.6828125 0.2843750000000001 0.61875 0.2843750000000001 0.61875 0.2968750000000001 0.6828125 0.2968750000000001
0 0.825 0.2843750000000001 0.7265625 0.2843750000000001 0.7265625 0.2984375000000001 0.825 0.2984375000000001
0 0.9015625 0.2875000000000001 0.8484375 0.2875000000000001 0.8484375 0.2984375000000001 0.9015625 0.2984375000000001
0 0.18750000000000006 0.340625 0.16093750000000004 0.340625 0.16093750000000004 0.353125 0.18750000000000006 0.353125
0 0.3 0.3421875 0.2109375 0.3421875 0.2109375 0.3515625 0.3 0.3515625
0 0.35625 0.334375 0.328125 0.334375 0.328125 0.35 0.35625 0.35
0 0.4046875 0.3359375000000001 0.375 0.3359375000000001 0.375 0.3500000000000001 0.4046875 0.3500000000000001
0 0.509375 0.3375000000000001 0.428125 0.3375000000000001 0.428125 0.3531250000000001 0.509375 0.3531250000000001
0 0.5171875 0.3468750000000001 0.5125 0.3468750000000001 0.5125 0.34843750000000007 0.5171875 0.34843750000000007
0 0.60625 0.3359375000000001 0.553125 0.3359375000000001 0.553125 0.3515625000000001 0.60625 0.3515625000000001
0 0.65625 0.34062500000000007 0.6234375 0.34062500000000007 0.6234375 0.34843750000000007 0.65625 0.34843750000000007
0 0.7 0.34062500000000007 0.6796875 0.34062500000000007 0.6796875 0.34843750000000007 0.7 0.34843750000000007
0 0.896875 0.3343750000000001 0.71875 0.3343750000000001 0.71875 0.3546875000000001 0.896875 0.3546875000000001
0 0.19375000000000003 0.384375 0.16093750000000004 0.384375 0.16093750000000004 0.403125 0.19375000000000003 0.403125
0 0.29375000000000007 0.3859375 0.2015625000000001 0.3859375 0.2015625000000001 0.403125 0.29375000000000007 0.403125
0 0.4390625 0.38750000000000007 0.3187500000000001 0.3875 0.3187500000000001 0.403125 0.4390625 0.403125
0 0.665625 0.3843750000000001 0.4671875 0.3843750000000001 0.4671875 0.4015625 0.665625 0.4015625
0 0.6796875 0.3984375000000001 0.675 0.3984375000000001 0.675 0.40625 0.6796875 0.40625
0 0.796875 0.3843750000000001 0.7046875 0.3843750000000001 0.7046875 0.3984375000000001 0.796875 0.3984375000000001
0 0.88125 0.3859375000000001 0.821875 0.3859375000000001 0.821875 0.3984375000000001 0.88125 0.3984375000000001
0 0.2578125000000001 0.4390625 0.16562500000000005 0.4390625 0.16562500000000005 0.45625 0.2578125000000001 0.45625
0 0.35625000000000007 0.4328125 0.2984375000000001 0.4328125 0.2984375000000001 0.4578125 0.35625000000000007 0.4578125
0 0.46875 0.4359375 0.3921875000000001 0.4359375 0.3921875000000001 0.45 0.46875 0.45
0 0.525 0.4328125 0.49375 0.4328125 0.49375 0.45 0.525 0.45
0 0.625 0.4375 0.5578125 0.4375 0.5578125 0.4515625 0.625 0.4515625
0 0.6984375 0.4421875 0.65625 0.4421875 0.65625 0.453125 0.6984375 0.453125
0 0.8 0.4359375000000001 0.721875 0.4359375 0.721875 0.4515625000000001 0.8 0.4515625000000002
0 0.8984375 0.4343750000000002 0.8265625 0.4343750000000002 0.8265625 0.44843750000000016 0.8984375 0.44843750000000016
0 0.2156250000000001 0.4875 0.16718750000000004 0.4875 0.16718750000000004 0.5046875 0.2156250000000001 0.5046875
0 0.3468750000000001 0.4859375 0.2406250000000001 0.4859375 0.2406250000000001 0.503125 0.3468750000000001 0.503125
0 0.471875 0.4921875 0.3703125000000001 0.4921875 0.3703125000000001 0.5109375 0.471875 0.5109375
0 0.5484375 0.4875 0.5 0.4875 0.5 0.5015625 0.5484375 0.5015625
0 0.684375 0.4875 0.5796875 0.4875 0.5796875 0.5015625 0.684375 0.5015625
0 0.8453125 0.4875000000000001 0.7125 0.4875 0.7125 0.5062500000000001 0.8453125 0.5062500000000002
0 0.890625 0.48750000000000016 0.8609375 0.48750000000000016 0.8609375 0.5000000000000002 0.890625 0.5000000000000002
0 0.2156250000000001 0.5421875 0.15781250000000005 0.5421875 0.15781250000000008 0.5546875 0.2156250000000001 0.5546875
0 0.4 0.5359375 0.2468750000000001 0.5359375 0.2468750000000001 0.559375 0.4 0.559375
0 0.5109375 0.5375 0.4484375 0.5375 0.4484375 0.553125 0.5109375 0.553125
0 0.646875 0.5359375 0.5328125 0.5359375 0.5328125 0.5515625 0.646875 0.5515625
0 0.6625 0.55 0.6578125 0.55 0.6578125 0.553125 0.6625 0.553125
0 0.753125 0.5359375000000001 0.696875 0.5359375 0.696875 0.5484375000000001 0.753125 0.5484375000000001
0 0.9546875 0.5375000000000002 0.784375 0.5375000000000002 0.784375 0.5500000000000002 0.9546875 0.5500000000000002
0 0.2312500000000001 0.590625 0.15625000000000008 0.590625 0.15625000000000008 0.6046875 0.2312500000000001 0.6046875
0 0.3890625000000001 0.590625 0.25468750000000007 0.590625 0.25468750000000007 0.6046875 0.3890625000000001 0.6046875
0 0.459375 0.584375 0.4203125 0.584375 0.4203125 0.6015625 0.459375 0.6015625
0 0.6078125 0.584375 0.484375 0.584375 0.484375 0.6109375 0.6078125 0.6109375
0 0.6578125 0.5875 0.625 0.5875 0.625 0.6015625 0.6578125 0.6015625
0 0.7328125 0.5890625 0.6796875 0.5890625 0.6796875 0.6015625000000001 0.7328125 0.6015625000000002
0 0.7875 0.5859375000000002 0.7578125 0.5859375000000002 0.7578125 0.6015625000000002 0.7875 0.6015625000000002
0 0.859375 0.5875000000000001 0.803125 0.5875000000000001 0.803125 0.6046875000000002 0.859375 0.6046875000000002
0 0.27812500000000007 0.6390625 0.1546875000000001 0.6390625 0.1546875000000001 0.6578125 0.27812500000000007 0.6578125
0 0.3921875000000001 0.6390625 0.3359375000000001 0.6390625 0.3359375000000001 0.653125 0.3921875000000001 0.653125
0 0.5203125 0.6375 0.409375 0.6375 0.409375 0.653125 0.5203125 0.653125
0 0.6625 0.6390625 0.5453125 0.6390625 0.5453125 0.6515625 0.6625 0.6515625
0 0.7796875 0.6406250000000001 0.696875 0.640625 0.696875 0.6515625 0.7796875 0.6515625000000002
0 0.9296875 0.6406250000000002 0.7984375 0.6406250000000002 0.7984375 0.6531250000000002 0.9296875 0.6531250000000002
0 0.24218750000000008 0.6890625 0.15781250000000008 0.6890625 0.15781250000000008 0.7046875 0.24218750000000008 0.7046875
0 0.3828125000000001 0.6890625 0.2687500000000001 0.6890625 0.2687500000000001 0.709375 0.3828125000000001 0.709375
0 0.478125 0.69375 0.4171875 0.69375 0.4171875 0.703125 0.478125 0.703125
0 0.5765625 0.6921875 0.5015625 0.6921875 0.5015625 0.709375 0.5765625 0.709375
0 0.709375 0.6875 0.603125 0.6875 0.603125 0.7078125 0.709375 0.7078125
0 0.8703125 0.6859375000000002 0.7296875 0.6859375000000002 0.7296875 0.7109375000000002 0.8703125 0.7109375000000002
0 0.8828125 0.7000000000000002 0.8796875 0.7000000000000002 0.8796875 0.7078125000000002 0.8828125 0.7078125000000002
0 0.946875 0.6921875000000002 0.896875 0.6921875000000002 0.896875 0.7031250000000002 0.946875 0.7031250000000002
0 0.25468750000000007 0.7421875 0.1546875000000001 0.7421875 0.1546875000000001 0.75625 0.25468750000000007 0.75625
0 0.37968750000000007 0.7375 0.2796875000000001 0.7375 0.2796875000000001 0.7546875 0.37968750000000007 0.7546875
0 0.47187500000000016 0.7421875 0.4125000000000002 0.7421875 0.4125000000000002 0.7546875 0.47187500000000016 0.7546875
0 0.5921875000000002 0.7390625 0.5046875000000002 0.7390625 0.5046875000000002 0.7546875 0.5921875000000002 0.7546875
0 0.6703125000000002 0.7421875 0.6281250000000002 0.7421875 0.6281250000000002 0.7578125 0.6703125000000002 0.7578125
0 0.7203125000000001 0.74375 0.6859375000000002 0.74375 0.6859375000000002 0.7546875 0.7203125000000001 0.7546875
0 0.7750000000000001 0.7375000000000002 0.7468750000000002 0.7375000000000002 0.7468750000000002 0.7515625000000001 0.7750000000000001 0.7515625000000001
0 0.8609375 0.7359375000000001 0.80625 0.7359375000000001 0.80625 0.7484375000000002 0.8609375 0.7484375000000002
0 0.934375 0.7406250000000002 0.8859375 0.7406250000000002 0.8859375 0.7531250000000002 0.934375 0.7531250000000002