0 0.21875 0.21875 0.14218750000000005 0.21875 0.14218750000000005 0.2359375 0.21875 0.2359375
0 0.321875 0.2203125 0.2421875 0.2203125 0.2421875 0.2359375 0.321875 0.2359375
0 0.33125 0.2359375 0.325 0.2359375 0.325 0.2421875 0.33125 0.2421875
0 0.3828125 0.22031250000000005 0.3484375 0.2203125 0.3484375 0.23437500000000006 0.3828125 0.23437500000000008
0 0.5078125 0.2171875000000001 0.4046875 0.2171875000000001 0.4046875 0.23593750000000008 0.5078125 0.23593750000000008
0 0.58125 0.2156250000000001 0.53125 0.2156250000000001 0.53125 0.2406250000000001 0.58125 0.2406250000000001
0 0.6671875 0.21875000000000008 0.6 0.21875000000000008 0.6 0.23593750000000008 0.6671875 0.23593750000000008
0 0.7453125 0.21875000000000008 0.6859375 0.21875000000000008 0.6859375 0.23593750000000008 0.7453125 0.23593750000000008
0 0.2421875 0.26875 0.13593750000000004 0.26875 0.13593750000000004 0.2875 0.2421875 0.2875
0 0.3390625 0.265625 0.2671875 0.265625 0.2671875 0.2859375 0.3390625 0.2859375
0 0.41875 0.2671875 0.35625 0.2671875 0.35625 0.28750000000000003 0.41875 0.2875000000000001
0 0.5328125 0.2656250000000001 0.44375 0.2656250000000001 0.44375 0.2875000000000001 0.5328125 0.2875000000000001
0 0.54375 0.2843750000000001 0.540625 0.2843750000000001 0.540625 0.28593750000000007 0.54375 0.28593750000000007
0 0.6203125 0.2687500000000001 0.5546875 0.2687500000000001 0.5546875 0.2890625000000001 0.6203125 0.2890625000000001
0 0.7515625 0.2640625000000001 0.6453125 0.2640625000000001 0.6453125 0.28593750000000007 0.7515625 0.28593750000000007
0 0.2703125 0.31875 0.14375000000000004 0.31875 0.14375000000000004 0.3390625 0.2703125 0.3390625
0 0.3890625 0.31718750000000007 0.2953125 0.3171875 0.2953125 0.3375 0.3890625 0.3375000000000001
0 0.4546875 0.3156250000000001 0.4140625 0.3156250000000001 0.4140625 0.3359375000000001 0.4546875 0.3359375000000001
0 0.51875 0.3156250000000001 0.453125 0.3156250000000001 0.453125 0.3359375000000001 0.51875 0.3359375000000001
0 0.6375 0.3140625000000001 0.540625 0.3140625000000001 0.540625 0.3437500000000001 0.6375 0.3437500000000001
0 0.7 0.3156250000000001 0.6515625 0.3156250000000001 0.6515625 0.3375000000000001 0.7 0.3375000000000001
0 0.828125 0.3140625000000001 0.71875 0.3140625000000001 0.71875 0.3375000000000001 0.828125 0.3375000000000001
0 0.17968750000000006 0.3640625 0.14687500000000003 0.3640625 0.14687500000000003 0.3890625 0.17968750000000006 0.3890625
0 0.2406250000000001 0.36875 0.19218750000000004 0.36875 0.19218750000000004 0.3875 0.2406250000000001 0.3875
0 0.3500000000000001 0.36875 0.2656250000000001 0.36875 0.2656250000000001 0.3875 0.3500000000000001 0.3875
0 0.403125 0.3671875000000001 0.3671875000000001 0.3671875000000001 0.3671875000000001 0.3937500000000001 0.403125 0.3937500000000001
0 0.503125 0.3671875000000001 0.4296875 0.3671875000000001 0.4296875 0.3859375000000001 0.503125 0.3859375000000001
0 0.5171875 0.3828125000000001 0.5078125 0.3828125000000001 0.5078125 0.3921875000000001 0.5171875 0.3921875000000001
0 0.5875 0.3625000000000001 0.5328125 0.3625000000000001 0.5328125 0.38750000000000007 0.5875 0.38750000000000007
0 0.678125 0.36406250000000007 0.6109375 0.36406250000000007 0.6109375 0.38750000000000007 0.678125 0.38750000000000007
0 0.7328125 0.3687500000000001 0.6984375 0.3687500000000001 0.6984375 0.38750000000000007 0.7328125 0.38750000000000007
0 0.8375 0.37187500000000007 0.7421875 0.37187500000000007 0.7421875 0.3890625000000001 0.8375 0.3890625000000001
0 0.2406250000000001 0.41875 0.14531250000000004 0.41875 0.14531250000000004 0.4390625 0.2406250000000001 0.4390625
0 0.3078125000000001 0.4171875 0.2515625000000001 0.4171875 0.2515625000000001 0.4390625 0.3078125000000001 0.4390625
0 0.3578125000000001 0.4171875 0.3218750000000001 0.4171875 0.3218750000000001 0.4390625 0.3578125000000001 0.4390625
0 0.4546875 0.41875 0.3687500000000001 0.41875 0.3687500000000001 0.440625 0.4546875 0.440625
0 0.5140625 0.425 0.475 0.425 0.475 0.434375 0.5140625 0.434375
0 0.6546875 0.4171875 0.53125 0.4171875 0.53125 0.45 0.6546875 0.45
0 0.778125 0.41875000000000007 0.6734375 0.41875 0.6734375 0.4375000000000001 0.778125 0.43750000000000017
0 0.8375 0.41406250000000017 0.7984375 0.41406250000000017 0.7984375 0.44531250000000017 0.8375 0.44531250000000017
0 0.2578125000000001 0.46875 0.13437500000000005 0.46875 0.13437500000000005 0.4875 0.2578125000000001 0.4875
0 0.2734375000000001 0.4828125 0.27031250000000007 0.4828125 0.27031250000000007 0.484375 0.2734375000000001 0.484375
0 0.3734375000000001 0.46875 0.2953125000000001 0.46875 0.2953125000000001 0.4875 0.3734375000000001 0.4875
0 0.4453125 0.46875 0.3765625000000001 0.46875 0.3765625000000001 0.4890625 0.4453125 0.4890625
0 0.5421875 0.46875 0.465625 0.46875 0.465625 0.4890625 0.5421875 0.4890625
0 0.65625 0.46875 0.55625 0.46875 0.55625 0.49375 0.65625 0.49375
0 0.8296875 0.4687500000000001 0.6875 0.46875 0.6875 0.48906250000000007 0.8296875 0.4890625000000002
0 0.2296875000000001 0.515625 0.13437500000000005 0.515625 0.13437500000000005 0.5421875 0.2296875000000001 0.5421875
0 0.29375000000000007 0.5203125 0.2562500000000001 0.5203125 0.2562500000000001 0.546875 0.29375000000000007 0.546875
0 0.421875 0.5171875 0.3078125000000001 0.5171875 0.3078125000000001 0.540625 0.421875 0.540625
0 0.5765625 0.515625 0.4515625 0.515625 0.4515625 0.5390625 0.5765625 0.5390625
0 0.6609375 0.5125 0.596875 0.5125 0.596875 0.5375 0.6609375 0.5375
0 0.771875 0.5156250000000001 0.6828125 0.515625 0.6828125 0.5484375000000001 0.771875 0.5484375000000001
0 0.828125 0.5125000000000002 0.7859375 0.5125000000000002 0.7859375 0.5359375000000002 0.828125 0.5359375000000002
0 0.1859375000000001 0.5703125 0.1453125000000001 0.5703125 0.1453125000000001 0.6 0.1859375000000001 0.6
0 0.3203125000000001 0.5671875 0.21093750000000008 0.5671875 0.21093750000000008 0.5984375 0.3203125000000001 0.5984375
0 0.37187500000000007 0.56875 0.3359375000000001 0.56875 0.3359375000000001 0.5875 0.37187500000000007 0.5875
0 0.45 0.5640625 0.3828125000000001 0.5640625 0.3828125000000001 0.5953125 0.45 0.5953125
0 0.515625 0.5640625 0.4734375 0.5640625 0.4734375 0.5890625 0.515625 0.5890625
0 0.65625 0.5640625 0.5375 0.5640625 0.5375 0.6015625 0.65625 0.6015625
0 0.7421875 0.5625000000000001 0.6828125 0.5625 0.6828125 0.5953125000000001 0.7421875 0.5953125000000001
0 0.815625 0.5671875000000002 0.775 0.5671875000000002 0.775 0.5890625000000002 0.815625 0.5890625000000002
0 0.1921875000000001 0.621875 0.14062500000000008 0.621875 0.14062500000000008 0.65 0.1921875000000001 0.65
0 0.3578125000000001 0.621875 0.22031250000000008 0.621875 0.22031250000000008 0.65 0.3578125000000001 0.65
0 0.3765625000000001 0.6359375 0.3671875000000001 0.6359375 0.3671875000000001 0.64375 0.3765625000000001 0.64375
0 0.4484375 0.615625 0.39531250000000007 0.615625 0.39531250000000007 0.640625 0.4484375 0.640625
0 0.5625 0.6171875 0.4671875 0.6171875 0.4671875 0.6390625 0.5625 0.6390625
0 0.6765625 0.61875 0.5734375 0.61875 0.5734375 0.6390625 0.6765625 0.6390625
0 0.68125 0.6359375 0.6765625 0.6359375 0.6765625 0.6390625 0.68125 0.6390625