0 0.17812500000000003 0.2546875 0.14218750000000005 0.2546875 0.14218750000000005 0.2765625 0.17812500000000003 0.2765625
0 0.3234375 0.25625 0.209375 0.25625 0.209375 0.275 0.3234375 0.275
0 0.4171875 0.25781250000000006 0.353125 0.2578125 0.353125 0.275 0.4171875 0.2750000000000001
0 0.4703125 0.2656250000000001 0.440625 0.2656250000000001 0.440625 0.2750000000000001 0.4703125 0.2750000000000001
0 0.5453125 0.2578125000000001 0.49375 0.2578125000000001 0.49375 0.2750000000000001 0.5453125 0.2750000000000001
0 0.6109375 0.2578125000000001 0.5734375 0.2578125000000001 0.5734375 0.2750000000000001 0.6109375 0.2750000000000001
0 0.765625 0.2562500000000001 0.640625 0.2562500000000001 0.640625 0.2796875000000001 0.765625 0.2796875000000001
0 0.8171875 0.2578125000000001 0.7875 0.2578125000000001 0.7875 0.2718750000000001 0.8171875 0.2718750000000001
0 0.253125 0.3078125 0.13281250000000006 0.3078125 0.13281250000000006 0.328125 0.253125 0.328125
0 0.3640625 0.30781250000000004 0.2859375 0.3078125 0.2859375 0.32656250000000003 0.3640625 0.3265625000000001
0 0.4796875 0.3125000000000001 0.3890625 0.3125000000000001 0.3890625 0.33281250000000007 0.4796875 0.33281250000000007
0 0.5453125 0.30937500000000007 0.50625 0.30937500000000007 0.50625 0.3281250000000001 0.5453125 0.3281250000000001
0 0.6390625 0.3125000000000001 0.56875 0.3125000000000001 0.56875 0.3265625000000001 0.6390625 0.3265625000000001
0 0.7296875 0.30937500000000007 0.6609375 0.30937500000000007 0.6609375 0.32500000000000007 0.7296875 0.32500000000000007
0 0.8140625 0.3062500000000001 0.7578125 0.3062500000000001 0.7578125 0.3234375000000001 0.8140625 0.3234375000000001
0 0.21093750000000006 0.3609375 0.12343750000000005 0.3609375 0.12343750000000005 0.3765625 0.21093750000000008 0.3765625
0 0.2656250000000001 0.3671875 0.2312500000000001 0.3671875 0.2312500000000001 0.3828125 0.2656250000000001 0.3828125
0 0.2734375000000001 0.375 0.27031250000000007 0.375 0.27031250000000007 0.3765625 0.2734375000000001 0.3765625
0 0.32812500000000006 0.359375 0.3 0.359375 0.30000000000000004 0.3765625 0.3281250000000001 0.3765625
0 0.39375000000000004 0.35937500000000006 0.353125 0.359375 0.353125 0.3765625 0.3937500000000001 0.3765625000000001
0 0.46875 0.3671875000000001 0.421875 0.3671875000000001 0.421875 0.3781250000000001 0.46875 0.3781250000000001
0 0.6140625 0.3625000000000001 0.49375 0.3625000000000001 0.49375 0.3781250000000001 0.6140625 0.3781250000000001
0 0.6796875 0.3609375000000001 0.6421875 0.3609375000000001 0.6421875 0.3765625000000001 0.6796875 0.3765625000000001
0 0.7484375 0.3593750000000001 0.703125 0.3593750000000001 0.703125 0.3828125000000001 0.7484375 0.3828125000000001
0 0.8484375 0.3609375000000001 0.7640625 0.3609375000000001 0.7640625 0.3828125000000001 0.8484375 0.3828125000000001
0 0.15625000000000006 0.409375 0.13750000000000004 0.409375 0.13750000000000004 0.4265625 0.15625000000000006 0.4265625
0 0.2218750000000001 0.4078125 0.18281250000000004 0.4078125 0.18281250000000004 0.428125 0.2218750000000001 0.428125
0 0.3703125000000001 0.409375 0.2531250000000001 0.409375 0.2531250000000001 0.43125 0.3703125000000001 0.43125
0 0.4578125 0.4125 0.4015625 0.4125 0.4015625 0.4265625 0.4578125 0.4265625
0 0.575 0.409375 0.4828125 0.409375 0.4828125 0.428125 0.575 0.428125
0 0.734375 0.41093750000000007 0.6046875 0.4109375 0.6046875 0.44218750000000007 0.734375 0.4421875000000002
0 0.7421875 0.4265625000000002 0.7390625 0.4265625000000002 0.7390625 0.4281250000000002 0.7421875 0.4281250000000002
0 0.8453125 0.40625000000000017 0.76875 0.40625000000000017 0.76875 0.4281250000000002 0.8453125 0.4281250000000002
0 0.2140625000000001 0.4640625 0.13437500000000005 0.4640625 0.13437500000000005 0.4875 0.2140625000000001 0.4875
0 0.2734375000000001 0.465625 0.24218750000000008 0.465625 0.24218750000000008 0.4796875 0.2734375000000001 0.4796875
0 0.3375000000000001 0.4625 0.2953125000000001 0.4625 0.2953125000000001 0.4796875 0.3375000000000001 0.4796875
0 0.4078125 0.4640625 0.3531250000000001 0.4640625 0.3531250000000001 0.4921875 0.4078125 0.4921875
0 0.478125 0.4609375 0.4375 0.4609375 0.4375 0.4765625 0.478125 0.4765625
0 0.6140625 0.459375 0.5015625 0.459375 0.5015625 0.4828125 0.6140625 0.4828125
0 0.678125 0.4609375 0.6359375 0.4609375 0.6359375 0.4796875 0.678125 0.4796875
0 0.7859375 0.4609375000000001 0.7015625 0.4609375 0.7015625 0.4781250000000001 0.7859375 0.4781250000000002
0 0.25468750000000007 0.5140625 0.13906250000000003 0.5140625 0.13906250000000003 0.5421875 0.25468750000000007 0.5421875
0 0.3375000000000001 0.509375 0.2843750000000001 0.509375 0.2843750000000001 0.5359375 0.3375000000000001 0.5359375
0 0.4015625 0.5171875 0.3609375000000001 0.5171875 0.3609375000000001 0.528125 0.4015625 0.528125
0 0.528125 0.5140625 0.4296875 0.5140625 0.4296875 0.5453125 0.528125 0.5453125
0 0.5390625 0.5265625 0.534375 0.5265625 0.534375 0.5296875 0.5390625 0.5296875
0 0.68125 0.5078125 0.571875 0.5078125 0.571875 0.534375 0.68125 0.534375
0 0.834375 0.5125000000000001 0.70625 0.5125 0.70625 0.5375000000000001 0.834375 0.5375000000000002
0 0.1843750000000001 0.565625 0.1437500000000001 0.565625 0.1437500000000001 0.578125 0.1843750000000001 0.578125
0 0.3421875000000001 0.5625 0.21875000000000008 0.5625 0.21875000000000008 0.596875 0.3421875000000001 0.596875
0 0.4390625 0.5625 0.3765625000000001 0.5625 0.3765625000000001 0.58125 0.4390625 0.58125
0 0.5484375 0.559375 0.46875 0.559375 0.46875 0.5953125 0.5484375 0.5953125
0 0.5609375 0.5765625 0.5546875 0.5765625 0.5546875 0.58125 0.5609375 0.58125
0 0.6375 0.559375 0.590625 0.559375 0.590625 0.5765625 0.6375 0.5765625
0 0.7953125 0.5609375000000001 0.6625 0.5609375 0.6625 0.5859375000000001 0.7953125 0.5859375000000002
0 0.1828125000000001 0.6109375 0.14062500000000008 0.6109375 0.14062500000000008 0.628125 0.1828125000000001 0.628125
0 0.2734375000000001 0.6140625 0.20468750000000008 0.6140625 0.20468750000000008 0.6296875 0.2734375000000001 0.6296875
0 0.3234375000000001 0.6140625 0.30156250000000007 0.6140625 0.30156250000000007 0.63125 0.3234375000000001 0.63125
0 0.4609375 0.6125 0.3531250000000001 0.6125 0.3531250000000001 0.6296875 0.4609375 0.6296875
0 0.53125 0.609375 0.4875 0.609375 0.4875 0.6296875 0.53125 0.6296875
0 0.68125 0.6109375 0.5640625 0.6109375 0.5640625 0.634375 0.68125 0.634375
0 0.7453125 0.6093750000000001 0.7125 0.609375 0.7125 0.6328125000000001 0.7453125 0.6328125000000002
0 0.7984375 0.6171875000000002 0.7703125 0.6171875000000002 0.7703125 0.6296875000000002 0.7984375 0.6296875000000002
0 0.2796875000000001 0.6671875 0.1437500000000001 0.6671875 0.1437500000000001 0.6875 0.2796875000000001 0.6875
0 0.403125 0.6640625 0.31718750000000007 0.6640625 0.31718750000000007 0.68125 0.403125 0.68125
0 0.4671875 0.6609375 0.43125 0.6609375 0.43125 0.684375 0.4671875 0.684375
0 0.571875 0.6609375 0.4953125 0.6609375 0.4953125 0.684375 0.571875 0.684375
0 0.58125 0.675 0.5765625 0.675 0.5765625 0.678125 0.58125 0.678125