0 0.18437500000000004 0.20625 0.14843750000000006 0.20625 0.14843750000000006 0.2328125 0.18437500000000004 0.2328125
0 0.3015625 0.209375 0.209375 0.209375 0.209375 0.2375 0.3015625 0.2375
0 0.4046875 0.20625000000000004 0.3140625 0.20625 0.3140625 0.23750000000000004 0.4046875 0.2375000000000001
0 0.61875 0.2093750000000001 0.4296875 0.2093750000000001 0.4296875 0.2390625000000001 0.61875 0.2390625000000001
0 0.6765625 0.2093750000000001 0.6265625 0.2093750000000001 0.6265625 0.23593750000000008 0.6765625 0.23593750000000008
0 0.853125 0.2093750000000001 0.7078125 0.2093750000000001 0.7078125 0.23593750000000008 0.853125 0.23593750000000008
0 0.2671875 0.25 0.13281250000000006 0.25 0.13281250000000006 0.3015625 0.2671875 0.3015625
0 0.4390625 0.25781250000000006 0.2640625 0.2578125 0.2640625 0.28750000000000003 0.4390625 0.2875000000000001
0 0.54375 0.2578125000000001 0.4625 0.2578125000000001 0.4625 0.2890625000000001 0.54375 0.2890625000000001
0 0.76875 0.2593750000000001 0.5546875 0.2593750000000001 0.5546875 0.2984375000000001 0.76875 0.2984375000000001
0 0.89375 0.25468750000000007 0.7890625 0.25468750000000007 0.7890625 0.2875000000000001 0.89375 0.2875000000000001
0 0.2453125 0.3046875 0.13125000000000003 0.3046875 0.13125000000000003 0.3359375 0.2453125 0.3359375
0 0.3078125 0.3015625 0.2578125 0.3015625 0.2578125 0.3484375 0.3078125 0.3484375
0 0.3796875 0.30156250000000007 0.3265625 0.3015625 0.3265625 0.33437500000000003 0.3796875 0.3343750000000001
0 0.6015625 0.3046875000000001 0.3921875 0.3046875000000001 0.3921875 0.3515625000000001 0.6015625 0.3515625000000001
0 0.590625 0.33281250000000007 0.5875 0.33281250000000007 0.5875 0.3375000000000001 0.590625 0.3375000000000001
0 0.8453125 0.3031250000000001 0.621875 0.3031250000000001 0.621875 0.3500000000000001 0.8453125 0.3500000000000001
0 0.19687500000000005 0.3546875 0.14687500000000003 0.3546875 0.14687500000000003 0.384375 0.19687500000000005 0.384375
0 0.36406250000000007 0.35468750000000004 0.228125 0.3546875 0.22812500000000005 0.4 0.36406250000000007 0.4
0 0.5078125 0.35625000000000007 0.3859375 0.35625000000000007 0.38593750000000004 0.3890625000000001 0.5078125 0.3890625000000001
0 0.53125 0.37187500000000007 0.5078125 0.37187500000000007 0.5078125 0.38750000000000007 0.53125 0.38750000000000007
0 0.6265625 0.3515625000000001 0.553125 0.3515625000000001 0.553125 0.38750000000000007 0.6265625 0.38750000000000007
0 0.6875 0.3531250000000001 0.65 0.3531250000000001 0.65 0.3859375000000001 0.6875 0.3859375000000001
0 0.815625 0.3531250000000001 0.70625 0.3531250000000001 0.70625 0.38750000000000007 0.815625 0.38750000000000007
0 0.2718750000000001 0.40625 0.14375000000000004 0.40625 0.14375000000000004 0.4390625 0.2718750000000001 0.4390625
0 0.409375 0.4046875 0.2968750000000001 0.4046875 0.2968750000000001 0.4546875 0.409375 0.4546875
0 0.48125 0.4015625 0.3890625000000001 0.4015625 0.3890625000000001 0.45625 0.48125 0.45625
0 0.6265625 0.4078125 0.5015625 0.4078125 0.5015625 0.4390625 0.6265625 0.4390625
0 0.7359375 0.4093750000000001 0.628125 0.409375 0.628125 0.4390625000000001 0.7359375 0.4390625000000002
0 0.8078125 0.4046875000000002 0.7546875 0.4046875000000002 0.7546875 0.44531250000000017 0.8078125 0.44531250000000017
0 0.86875 0.4046875000000002 0.8234375 0.4046875000000002 0.8234375 0.43750000000000017 0.86875 0.43750000000000017
0 0.3218750000000001 0.45625 0.14218750000000005 0.45625 0.14218750000000005 0.5046875 0.3218750000000001 0.5046875
0 0.4421875 0.4578125 0.3531250000000001 0.4578125 0.3531250000000001 0.4890625 0.4421875 0.4890625
0 0.5859375 0.4578125 0.44375 0.4578125 0.44375 0.503125 0.5859375 0.503125
0 0.63125 0.46875 0.5890625 0.46875 0.5890625 0.4875 0.63125 0.4875
0 0.7109375 0.4609375 0.659375 0.4609375 0.659375 0.4875 0.7109375 0.4875
0 0.8484375 0.4578125000000002 0.7453125 0.4578125000000002 0.7453125 0.48750000000000016 0.8484375 0.48750000000000016
0 0.8671875 0.4828125000000002 0.8640625 0.4828125000000002 0.8640625 0.48750000000000016 0.8671875 0.48750000000000016
0 0.17812500000000003 0.5046875 0.14218750000000005 0.5046875 0.14218750000000005 0.5359375 0.17812500000000003 0.5359375
0 0.34843750000000007 0.5015625 0.19843750000000004 0.5015625 0.19843750000000004 0.5390625 0.34843750000000007 0.5390625
0 0.40625 0.50625 0.3500000000000001 0.50625 0.3500000000000001 0.5390625 0.40625 0.5390625
0 0.5484375 0.5078125 0.43125 0.5078125 0.43125 0.540625 0.5484375 0.540625
0 0.66875 0.5015625 0.5421875 0.5015625 0.5421875 0.5484375 0.66875 0.5484375
0 0.7234375 0.5046875 0.70625 0.5046875 0.70625 0.51875 0.7234375 0.51875
0 0.9 0.5062500000000001 0.7125 0.50625 0.7125 0.5562500000000001 0.9 0.5562500000000001
0 0.2406250000000001 0.5578125 0.1437500000000001 0.5578125 0.1437500000000001 0.5890625 0.2406250000000001 0.5890625
0 0.2828125000000001 0.55625 0.2656250000000001 0.55625 0.2656250000000001 0.56875 0.2828125000000001 0.56875
0 0.32500000000000007 0.553125 0.2890625000000001 0.553125 0.2890625000000001 0.5859375 0.32500000000000007 0.5859375
0 0.403125 0.5546875 0.3468750000000001 0.5546875 0.3468750000000001 0.5890625 0.403125 0.5890625
0 0.50625 0.5578125 0.4015625 0.5578125 0.4015625 0.6046875 0.50625 0.6046875
0 0.4984375 0.5828125 0.4953125 0.5828125 0.4953125 0.5875 0.4984375 0.5875
0 0.6546875 0.55625 0.5375 0.55625 0.5375 0.5875 0.6546875 0.5875
0 0.8828125 0.5562500000000001 0.6875 0.55625 0.6875 0.5890625 0.8828125 0.5890625000000002
0 0.2734375000000001 0.609375 0.1437500000000001 0.609375 0.1437500000000001 0.6421875 0.2734375000000001 0.6421875
0 0.3656250000000001 0.6046875 0.29375000000000007 0.6046875 0.29375000000000007 0.6390625 0.3656250000000001 0.6390625
0 0.4359375 0.6046875 0.3984375000000001 0.6046875 0.3984375000000001 0.6359375 0.4359375 0.6359375
0 0.6109375 0.6109375 0.4203125 0.6109375 0.4203125 0.6578125 0.6109375 0.6578125
0 0.8015625 0.6062500000000001 0.590625 0.60625 0.590625 0.6406250000000001 0.8015625 0.6406250000000002
0 0.3609375000000001 0.659375 0.15000000000000008 0.659375 0.15000000000000008 0.6921875 0.3609375000000001 0.6921875
0 0.496875 0.6546875 0.3890625000000001 0.6546875 0.3890625000000001 0.6921875 0.496875 0.6921875
0 0.5765625 0.659375 0.5265625 0.659375 0.5265625 0.6890625 0.5765625 0.6890625
0 0.65 0.6703125 0.5828125 0.6703125 0.5828125 0.690625 0.65 0.690625
0 0.7234375 0.6546875 0.675 0.6546875 0.675 0.6890625 0.7234375 0.6890625
0 0.8265625 0.6703125000000002 0.740625 0.6703125000000002 0.740625 0.6906250000000002 0.8265625 0.6906250000000002
0 0.2796875000000001 0.70625 0.15781250000000008 0.70625 0.15781250000000008 0.7421875 0.2796875000000001 0.7421875
0 0.4078125000000001 0.7078125 0.2828125000000001 0.7078125 0.2828125000000001 0.7421875 0.4078125000000002 0.7421875
0 0.4703125000000001 0.7078125 0.425 0.7078125 0.4250000000000001 0.7546875 0.4703125000000002 0.7546875
0 0.5296875000000001 0.7046875 0.48125 0.7046875 0.48125000000000007 0.7390625 0.5296875000000002 0.7390625
0 0.6359375 0.7015625 0.540625 0.7015625 0.5406250000000001 0.75 0.6359375000000002 0.75
0 0.7765625 0.7078125000000001 0.659375 0.7078125 0.659375 0.7390625000000001 0.7765625000000002 0.7390625000000002
0 0.7812500000000002 0.7375000000000002 0.7765625000000002 0.7375000000000002 0.7765625000000002 0.7406250000000002 0.7812500000000002 0.7406250000000002