0 0.209375 0.253125 0.12656250000000005 0.253125 0.12656250000000005 0.2921875 0.209375 0.2921875
0 0.2921875 0.2546875 0.24375 0.2546875 0.24375 0.290625 0.2921875 0.290625
0 0.3609375 0.2625 0.309375 0.2625 0.309375 0.2875 0.3609375 0.2875
0 0.4578125 0.2531250000000001 0.3796875 0.2531250000000001 0.3796875 0.2906250000000001 0.4578125 0.2906250000000001
0 0.5546875 0.2609375000000001 0.4875 0.2609375000000001 0.4875 0.2765625000000001 0.5546875 0.2765625000000001
0 0.6953125 0.2468750000000001 0.58125 0.2468750000000001 0.58125 0.29375000000000007 0.6953125 0.29375000000000007
0 0.8140625 0.2500000000000001 0.7109375 0.2500000000000001 0.7109375 0.2875000000000001 0.8140625 0.2875000000000001
0 0.8203125 0.2750000000000001 0.815625 0.2750000000000001 0.815625 0.2812500000000001 0.8203125 0.2812500000000001
0 0.85 0.2609375000000001 0.834375 0.2609375000000001 0.834375 0.2750000000000001 0.85 0.2750000000000001
0 0.18906250000000005 0.3015625 0.12343750000000005 0.3015625 0.12343750000000005 0.3421875 0.18906250000000005 0.3421875
0 0.325 0.3 0.21875 0.3 0.21875 0.34375 0.325 0.34375
0 0.378125 0.30312500000000003 0.3484375 0.303125 0.3484375 0.3375 0.378125 0.3375000000000001
0 0.4890625 0.2953125000000001 0.3890625 0.2953125000000001 0.3890625 0.3265625000000001 0.4890625 0.3265625000000001
0 0.59375 0.3000000000000001 0.509375 0.3000000000000001 0.509375 0.32500000000000007 0.59375 0.32500000000000007
0 0.653125 0.3109375000000001 0.6140625 0.3109375000000001 0.6140625 0.3218750000000001 0.653125 0.3218750000000001
0 0.746875 0.2984375000000001 0.671875 0.2984375000000001 0.671875 0.3375000000000001 0.746875 0.3375000000000001
0 0.7921875 0.3000000000000001 0.7671875 0.3000000000000001 0.7671875 0.3218750000000001 0.7921875 0.3218750000000001
0 0.8625 0.2984375000000001 0.803125 0.2984375000000001 0.803125 0.32500000000000007 0.8625 0.32500000000000007
0 0.19687500000000005 0.353125 0.12812500000000004 0.353125 0.12812500000000004 0.378125 0.19687500000000005 0.378125
0 0.259375 0.35625 0.2171875 0.35625 0.21718750000000003 0.3765625 0.2593750000000001 0.3765625
0 0.471875 0.353125 0.290625 0.353125 0.290625 0.38750000000000007 0.471875 0.38750000000000007
0 0.625 0.3531250000000001 0.496875 0.3531250000000001 0.496875 0.3765625000000001 0.625 0.3765625000000001
0 0.63125 0.3734375000000001 0.6296875 0.3734375000000001 0.6296875 0.3750000000000001 0.63125 0.3750000000000001
0 0.7 0.3515625000000001 0.6609375 0.3515625000000001 0.6609375 0.37187500000000007 0.7 0.37187500000000007
0 0.8015625 0.3515625000000001 0.71875 0.3515625000000001 0.71875 0.3750000000000001 0.8015625 0.3750000000000001
0 0.8671875 0.3515625000000001 0.8125 0.3515625000000001 0.8125 0.3734375000000001 0.8671875 0.3734375000000001
0 0.18125000000000005 0.4015625 0.13125000000000003 0.4015625 0.13125000000000003 0.425 0.18125000000000005 0.425
0 0.23437500000000008 0.4046875 0.20468750000000008 0.4046875 0.20468750000000008 0.428125 0.23437500000000008 0.428125
0 0.3140625000000001 0.403125 0.2531250000000001 0.403125 0.2531250000000001 0.425 0.3140625000000001 0.425
0 0.35625000000000007 0.4140625 0.3296875000000001 0.4140625 0.3296875000000001 0.425 0.35625000000000007 0.425
0 0.4640625 0.4015625 0.3765625000000001 0.4015625 0.3765625000000001 0.4265625 0.4640625 0.4265625
0 0.578125 0.403125 0.4875 0.403125 0.4875 0.4265625 0.578125 0.4265625
0 0.7125 0.4015625 0.60625 0.4015625 0.60625 0.4375 0.7125 0.4375
0 0.7625 0.40312500000000007 0.7234375 0.403125 0.7234375 0.4234375000000001 0.7625 0.4234375000000002
0 0.8734375 0.4031250000000002 0.7828125 0.4031250000000002 0.7828125 0.4234375000000002 0.8734375 0.4234375000000002
0 0.18906250000000005 0.45 0.12343750000000005 0.45 0.12343750000000005 0.475 0.18906250000000005 0.475
0 0.2593750000000001 0.4546875 0.2078125000000001 0.4546875 0.2078125000000001 0.4765625 0.2593750000000001 0.4765625
0 0.3515625000000001 0.45 0.2828125000000001 0.45 0.2828125000000001 0.4734375 0.3515625000000001 0.4734375
0 0.465625 0.4515625 0.3656250000000001 0.4515625 0.3656250000000001 0.4890625 0.465625 0.4890625
0 0.5203125 0.4515625 0.4796875 0.4515625 0.4796875 0.4859375 0.5203125 0.4859375
0 0.6046875 0.4609375 0.53125 0.4609375 0.53125 0.4859375 0.6046875 0.4859375
0 0.675 0.4515625 0.621875 0.4515625 0.621875 0.4734375 0.675 0.4734375
0 0.80625 0.4484375000000001 0.696875 0.4484375 0.696875 0.4750000000000001 0.80625 0.4750000000000002
0 0.815625 0.47187500000000016 0.80625 0.47187500000000016 0.80625 0.4828125000000002 0.815625 0.4828125000000002
0 0.8796875 0.4515625000000002 0.828125 0.4515625000000002 0.828125 0.4937500000000002 0.8796875 0.4937500000000002
0 0.2156250000000001 0.5015625 0.12343750000000005 0.5015625 0.12343750000000005 0.5265625 0.2156250000000001 0.5265625
0 0.2890625000000001 0.5046875 0.23437500000000008 0.5046875 0.23437500000000008 0.528125 0.2890625000000001 0.528125
0 0.3609375000000001 0.5109375 0.3031250000000001 0.5109375 0.3031250000000001 0.5296875 0.3609375000000001 0.5296875
0 0.4328125 0.5015625 0.3687500000000001 0.5015625 0.3687500000000001 0.5390625 0.4328125 0.5390625
0 0.5484375 0.5 0.434375 0.5 0.434375 0.5390625 0.5484375 0.5390625
0 0.70625 0.5078125 0.5625 0.5078125 0.5625 0.5265625 0.70625 0.5265625
0 0.725 0.5234375 0.721875 0.5234375 0.721875 0.5234375 0.725 0.5234375
0 0.7796875 0.4984375000000002 0.7484375 0.4984375000000002 0.7484375 0.5234375000000002 0.7796875 0.5234375000000002
0 0.8828125 0.5015625000000001 0.796875 0.5015625000000001 0.796875 0.5250000000000001 0.8828125 0.5250000000000001
0 0.1843750000000001 0.5515625 0.1281250000000001 0.5515625 0.1281250000000001 0.5765625 0.1843750000000001 0.5765625
0 0.2328125000000001 0.553125 0.20312500000000008 0.553125 0.20312500000000008 0.5765625 0.2328125000000001 0.5765625
0 0.3421875000000001 0.553125 0.26250000000000007 0.553125 0.26250000000000007 0.578125 0.3421875000000001 0.578125
0 0.3937500000000001 0.553125 0.3656250000000001 0.553125 0.3656250000000001 0.5875 0.3937500000000001 0.5875
0 0.478125 0.5484375 0.4046875 0.5484375 0.4046875 0.5765625 0.478125 0.5765625
0 0.596875 0.5515625 0.4984375 0.5515625 0.4984375 0.575 0.596875 0.575
0 0.640625 0.5515625 0.6046875 0.5515625 0.6046875 0.5734375 0.640625 0.5734375
0 0.79375 0.5484375000000001 0.665625 0.5484375 0.665625 0.5765625000000001 0.79375 0.5765625000000002
0 0.878125 0.5546875000000002 0.8109375 0.5546875000000002 0.8109375 0.5750000000000002 0.878125 0.5750000000000002
0 0.19531250000000008 0.6015625 0.13281250000000008 0.6015625 0.13281250000000008 0.6265625 0.19531250000000008 0.6265625
0 0.3187500000000001 0.6 0.21093750000000008 0.6 0.21093750000000008 0.628125 0.3187500000000001 0.628125
0 0.440625 0.603125 0.3390625000000001 0.603125 0.3390625000000001 0.628125 0.440625 0.628125
0 0.5203125 0.6 0.4578125 0.6 0.4578125 0.628125 0.5203125 0.628125
0 0.578125 0.6 0.528125 0.6 0.528125 0.6265625 0.578125 0.6265625
0 0.65625 0.609375 0.6 0.609375 0.6 0.6375 0.65625 0.6375
0 0.7359375 0.6031250000000001 0.66875 0.603125 0.66875 0.6375000000000001 0.7359375 0.6375000000000002
0 0.8296875 0.6031250000000001 0.75 0.6031250000000001 0.75 0.6250000000000002 0.8296875 0.6250000000000002
0 0.9203125 0.6046875000000002 0.8328125 0.6046875000000002 0.8328125 0.6281250000000002 0.9203125 0.6281250000000002
0 0.2140625000000001 0.6609375 0.13437500000000008 0.6609375 0.13437500000000008 0.6921875 0.2140625000000001 0.6921875
0 0.2609375000000001 0.653125 0.2312500000000001 0.653125 0.2312500000000001 0.678125 0.2609375000000001 0.678125
0 0.30156250000000007 0.6578125 0.2953125000000001 0.6578125 0.2953125000000001 0.665625 0.30156250000000007 0.665625
0 0.3515625000000001 0.6671875 0.2984375000000001 0.6671875 0.2984375000000001 0.6921875 0.3515625000000001 0.6921875
0 0.39531250000000007 0.66875 0.3609375000000001 0.66875 0.3609375000000001 0.690625 0.39531250000000007 0.690625
0 0.4109375 0.6578125 0.403125 0.6578125 0.403125 0.665625 0.4109375 0.665625
0 0.4734375 0.6625 0.4359375 0.6625 0.4359375 0.6765625 0.4734375 0.6765625
0 0.6671875 0.6515625 0.509375 0.6515625 0.509375 0.678125 0.6671875 0.678125
0 0.8453125 0.6546875000000001 0.6859375 0.6546875 0.6859375 0.6781250000000001 0.8453125 0.6781250000000002
0 0.8484375 0.6781250000000002 0.846875 0.6781250000000002 0.846875 0.6796875000000002 0.8484375 0.6796875000000002