0 0.2171875 0.23125 0.15156250000000004 0.23125 0.15156250000000004 0.246875 0.2171875 0.246875
0 0.325 0.2328125 0.240625 0.2328125 0.240625 0.2484375 0.325 0.2484375
0 0.3359375 0.246875 0.3296875 0.246875 0.3296875 0.25625 0.3359375 0.25625
0 0.4390625 0.23906250000000004 0.35625 0.2390625 0.35625 0.25312500000000004 0.4390625 0.2531250000000001
0 0.56875 0.2328125000000001 0.4578125 0.2328125000000001 0.4578125 0.2468750000000001 0.56875 0.2468750000000001
0 0.665625 0.2312500000000001 0.596875 0.2312500000000001 0.596875 0.24375000000000008 0.665625 0.24375000000000008
0 0.7875 0.2312500000000001 0.6859375 0.2312500000000001 0.6859375 0.2468750000000001 0.7875 0.2468750000000001
0 0.8765625 0.2328125000000001 0.8078125 0.2328125000000001 0.8078125 0.2453125000000001 0.8765625 0.2453125000000001
0 0.3390625 0.2890625 0.15312500000000004 0.2890625 0.15312500000000004 0.30625 0.3390625 0.30625
0 0.4265625 0.2843750000000001 0.36875 0.2843750000000001 0.36875 0.2968750000000001 0.4265625 0.2968750000000001
0 0.59375 0.28593750000000007 0.459375 0.28593750000000007 0.459375 0.3000000000000001 0.59375 0.3000000000000001
0 0.60625 0.29375000000000007 0.603125 0.29375000000000007 0.603125 0.2968750000000001 0.60625 0.2968750000000001
0 0.690625 0.2843750000000001 0.6453125 0.2843750000000001 0.6453125 0.2968750000000001 0.690625 0.2968750000000001
0 0.8171875 0.2812500000000001 0.7203125 0.2812500000000001 0.7203125 0.2984375000000001 0.8171875 0.2984375000000001
0 0.89375 0.2796875000000001 0.8421875 0.2796875000000001 0.8421875 0.2984375000000001 0.89375 0.2984375000000001
0 0.2078125 0.3328125 0.15468750000000003 0.3328125 0.15468750000000003 0.3484375 0.2078125 0.3484375
0 0.2984375 0.3359375 0.2296875 0.3359375 0.2296875 0.3484375 0.2984375 0.3484375
0 0.4234375 0.33281250000000007 0.33125 0.3328125 0.33125 0.35000000000000003 0.4234375 0.3500000000000001
0 0.5046875 0.3343750000000001 0.4515625 0.3343750000000001 0.4515625 0.3500000000000001 0.5046875 0.3500000000000001
0 0.6625 0.3312500000000001 0.54375 0.3312500000000001 0.54375 0.3468750000000001 0.6625 0.3468750000000001
0 0.746875 0.33281250000000007 0.690625 0.33281250000000007 0.690625 0.3453125000000001 0.746875 0.3453125000000001
0 0.8921875 0.3343750000000001 0.765625 0.3343750000000001 0.765625 0.3453125000000001 0.8921875 0.3453125000000001
0 0.909375 0.3359375000000001 0.9046875 0.3359375000000001 0.9046875 0.3421875000000001 0.909375 0.3421875000000001
0 0.15781250000000005 0.3984375 0.14843750000000006 0.3984375 0.14843750000000006 0.4046875 0.15781250000000005 0.4046875
0 0.22656250000000008 0.3859375 0.17968750000000006 0.3859375 0.17968750000000006 0.4046875 0.22656250000000008 0.4046875
0 0.4515625 0.384375 0.2562500000000001 0.384375 0.2562500000000001 0.403125 0.4515625 0.403125
0 0.5015625 0.3828125000000001 0.4796875 0.3828125000000001 0.4796875 0.3984375000000001 0.5015625 0.3984375000000001
0 0.5546875 0.3890625000000001 0.5296875 0.3890625000000001 0.5296875 0.3984375000000001 0.5546875 0.3984375000000001
0 0.690625 0.3828125000000001 0.5859375 0.3828125000000001 0.5859375 0.3968750000000001 0.690625 0.3968750000000001
0 0.753125 0.37968750000000007 0.7265625 0.37968750000000007 0.7265625 0.3968750000000001 0.753125 0.3968750000000001
0 0.83125 0.37968750000000007 0.7875 0.37968750000000007 0.7875 0.40156250000000016 0.83125 0.40156250000000016
0 0.8734375 0.3843750000000001 0.8515625 0.3843750000000001 0.8515625 0.39531250000000007 0.8734375 0.39531250000000007
0 0.9046875 0.3812500000000001 0.8765625 0.3812500000000001 0.8765625 0.39531250000000007 0.9046875 0.39531250000000007
0 0.18906250000000005 0.4421875 0.13906250000000003 0.4421875 0.13906250000000003 0.4515625 0.18906250000000005 0.4515625
0 0.3750000000000001 0.434375 0.21875000000000008 0.434375 0.21875000000000008 0.45 0.3750000000000001 0.45
0 0.5578125 0.434375 0.4015625 0.434375 0.4015625 0.45 0.5578125 0.45
0 0.628125 0.43125 0.58125 0.43125 0.58125 0.45 0.628125 0.45
0 0.684375 0.4328125 0.65 0.4328125 0.65 0.45 0.684375 0.45
0 0.778125 0.4375000000000001 0.709375 0.4375 0.709375 0.4531250000000001 0.778125 0.45312500000000017
0 0.790625 0.44531250000000017 0.7859375 0.44531250000000017 0.7859375 0.45312500000000017 0.790625 0.45312500000000017
0 0.915625 0.4281250000000002 0.8171875 0.4281250000000002 0.8171875 0.45312500000000017 0.915625 0.45312500000000017
0 0.18125000000000005 0.49375 0.14687500000000003 0.49375 0.14687500000000003 0.5015625 0.18125000000000005 0.5015625
0 0.24218750000000008 0.490625 0.2171875000000001 0.490625 0.2171875000000001 0.5 0.24218750000000008 0.5
0 0.35625000000000007 0.4859375 0.2671875000000001 0.4859375 0.2671875000000001 0.5046875 0.35625000000000007 0.5046875
0 0.49375 0.4875 0.3890625000000001 0.4875 0.3890625000000001 0.5015625 0.49375 0.5015625
0 0.5 0.496875 0.496875 0.496875 0.496875 0.4984375 0.5 0.4984375
0 0.5421875 0.4953125 0.534375 0.4953125 0.534375 0.503125 0.5421875 0.503125
0 0.58125 0.4875 0.5765625 0.4875 0.5765625 0.4984375 0.58125 0.4984375
0 0.6421875 0.490625 0.6078125 0.490625 0.6078125 0.4984375 0.6421875 0.4984375
0 0.6921875 0.4921875 0.6734375 0.4921875 0.6734375 0.4984375 0.6921875 0.4984375
0 0.8359375 0.4843750000000001 0.7171875 0.484375 0.7171875 0.5046875000000001 0.8359375 0.5046875000000002
0 0.3281250000000001 0.5359375 0.14531250000000004 0.5359375 0.14531250000000007 0.553125 0.3281250000000001 0.553125
0 0.3421875000000001 0.55 0.3375000000000001 0.55 0.3375000000000001 0.5515625 0.3421875000000001 0.5515625
0 0.3781250000000001 0.5375 0.37187500000000007 0.5375 0.37187500000000007 0.55 0.3781250000000001 0.55
0 0.440625 0.54375 0.3921875000000001 0.54375 0.3921875000000001 0.5515625 0.440625 0.5515625
0 0.6296875 0.5359375 0.4765625 0.5359375 0.4765625 0.553125 0.6296875 0.553125
0 0.7171875 0.5375 0.65 0.5375 0.65 0.5484375 0.7171875 0.5484375
0 0.875 0.5359375000000002 0.746875 0.5359375000000002 0.746875 0.5515625000000002 0.875 0.5515625000000002
0 0.1843750000000001 0.5953125 0.1453125000000001 0.5953125 0.1453125000000001 0.609375 0.1843750000000001 0.609375
0 0.2515625000000001 0.596875 0.2000000000000001 0.596875 0.2000000000000001 0.6109375 0.2515625000000001 0.6109375
0 0.37968750000000007 0.5859375 0.27812500000000007 0.5859375 0.27812500000000007 0.609375 0.37968750000000007 0.609375
0 0.54375 0.5859375 0.4109375 0.5859375 0.4109375 0.603125 0.54375 0.603125
0 0.60625 0.5875 0.5765625 0.5875 0.5765625 0.5984375 0.60625 0.5984375
0 0.8 0.5828125000000001 0.6390625 0.5828125 0.6390625 0.6031250000000001 0.8 0.6031250000000001
0 0.8796875 0.5843750000000002 0.825 0.5843750000000002 0.825 0.5984375000000002 0.8796875 0.5984375000000002
0 0.2515625000000001 0.640625 0.1515625000000001 0.640625 0.1515625000000001 0.6546875 0.2515625000000001 0.6546875
0 0.425 0.6359375 0.27031250000000007 0.6359375 0.27031250000000007 0.653125 0.425 0.653125
0 0.48125 0.6375 0.4484375 0.6375 0.4484375 0.653125 0.48125 0.653125
0 0.5625 0.6375 0.503125 0.6375 0.503125 0.6515625 0.5625 0.6515625
0 0.7 0.6359375 0.6140625 0.6359375 0.6140625 0.6515625 0.7 0.6515625
0 0.821875 0.6359375 0.7203125 0.6359375 0.7203125 0.6515625 0.821875 0.6515625000000002
0 0.9125 0.6359375000000002 0.8453125 0.6359375000000002 0.8453125 0.6468750000000002 0.9125 0.6468750000000002
0 0.1843750000000001 0.690625 0.1546875000000001 0.690625 0.1546875000000001 0.7046875 0.1843750000000001 0.7046875
0 0.3265625000000001 0.6859375 0.22031250000000008 0.6859375 0.22031250000000008 0.7046875 0.3265625000000001 0.7046875
0 0.4125 0.6859375 0.34843750000000007 0.6859375 0.34843750000000007 0.7 0.4125 0.7
0 0.5390625 0.6875 0.4359375 0.6875 0.4359375 0.703125 0.5390625 0.703125
0 0.58125 0.69375 0.559375 0.69375 0.559375 0.7015625 0.58125 0.7015625
0 0.728125 0.6859375000000001 0.6015625 0.6859375 0.6015625 0.7015625000000001 0.728125 0.7015625000000002
0 0.784375 0.6875000000000002 0.75625 0.6875000000000002 0.75625 0.7000000000000002 0.784375 0.7000000000000002
0 0.8734375 0.6906250000000002 0.80625 0.6906250000000002 0.80625 0.7015625000000002 0.8734375 0.7015625000000002
0 0.2578125000000001 0.740625 0.14843750000000008 0.740625 0.14843750000000008 0.75625 0.2578125000000001 0.75625
0 0.2765625000000001 0.7515625 0.2734375000000001 0.7515625 0.2734375000000001 0.753125 0.2765625000000001 0.753125