0 0.14843750000000006 0.2328125 0.14062500000000006 0.2328125 0.14062500000000006 0.2453125 0.14843750000000006 0.2453125
0 0.33125 0.2140625 0.15781250000000005 0.2140625 0.15781250000000005 0.25 0.33125 0.25
0 0.359375 0.2140625 0.325 0.2140625 0.325 0.2359375 0.359375 0.2359375
0 0.4265625 0.2140625000000001 0.36875 0.2140625000000001 0.36875 0.23437500000000008 0.4265625 0.23437500000000008
0 0.45 0.2156250000000001 0.4265625 0.2156250000000001 0.4265625 0.23437500000000008 0.45 0.23437500000000008
0 0.475 0.2250000000000001 0.4453125 0.2250000000000001 0.4453125 0.23437500000000008 0.475 0.23437500000000008
0 0.5109375 0.2140625000000001 0.484375 0.2140625000000001 0.484375 0.23437500000000008 0.5109375 0.23437500000000008
0 0.56875 0.2140625000000001 0.515625 0.2140625000000001 0.515625 0.23593750000000008 0.56875 0.23593750000000008
0 0.6203125 0.2171875000000001 0.578125 0.2171875000000001 0.578125 0.23593750000000008 0.6203125 0.23593750000000008
0 0.6515625 0.2171875000000001 0.61875 0.2171875000000001 0.61875 0.2375000000000001 0.6515625 0.2375000000000001
0 0.684375 0.2156250000000001 0.6515625 0.2156250000000001 0.6515625 0.2468750000000001 0.684375 0.2468750000000001
0 0.771875 0.2156250000000001 0.68125 0.2156250000000001 0.68125 0.2375000000000001 0.771875 0.2375000000000001
0 0.78125 0.23437500000000008 0.771875 0.23437500000000008 0.771875 0.24375000000000008 0.78125 0.24375000000000008
0 0.2515625 0.2625 0.14375000000000004 0.2625 0.14375000000000004 0.284375 0.2515625 0.284375
0 0.3203125 0.265625 0.2640625 0.265625 0.2640625 0.2859375 0.3203125 0.2859375
0 0.378125 0.26562500000000006 0.328125 0.265625 0.328125 0.28593750000000007 0.378125 0.28593750000000007
0 0.4640625 0.2687500000000001 0.3828125 0.2687500000000001 0.3828125 0.2968750000000001 0.4640625 0.2968750000000001
0 0.53125 0.2671875000000001 0.4765625 0.2671875000000001 0.4765625 0.2875000000000001 0.53125 0.2875000000000001
0 0.5609375 0.2671875000000001 0.5359375 0.2671875000000001 0.5359375 0.2875000000000001 0.5609375 0.2875000000000001
0 0.621875 0.2656250000000001 0.56875 0.2656250000000001 0.56875 0.28593750000000007 0.621875 0.28593750000000007
0 0.6640625 0.2750000000000001 0.63125 0.2750000000000001 0.63125 0.2843750000000001 0.6640625 0.2843750000000001
0 0.7171875 0.2656250000000001 0.66875 0.2656250000000001 0.66875 0.2875000000000001 0.7171875 0.2875000000000001
0 0.7859375 0.2671875000000001 0.728125 0.2671875000000001 0.728125 0.2875000000000001 0.7859375 0.2875000000000001
0 0.2421875 0.309375 0.14218750000000005 0.309375 0.14218750000000005 0.3296875 0.2421875 0.3296875
0 0.246875 0.3296875 0.2359375 0.3296875 0.2359375 0.3390625 0.246875 0.3390625
0 0.2671875 0.309375 0.259375 0.309375 0.259375 0.315625 0.2671875 0.315625
0 0.3078125 0.3109375 0.275 0.3109375 0.275 0.3296875 0.3078125 0.3296875
0 0.3859375 0.30937500000000007 0.321875 0.309375 0.321875 0.33125000000000004 0.3859375 0.3312500000000001
0 0.5265625 0.3140625000000001 0.39375 0.3140625000000001 0.39375 0.3343750000000001 0.5265625 0.3343750000000001
0 0.5953125 0.3156250000000001 0.5375 0.3156250000000001 0.5375 0.3468750000000001 0.5953125 0.3468750000000001
0 0.603125 0.3343750000000001 0.6 0.3343750000000001 0.6 0.3359375000000001 0.603125 0.3359375000000001
0 0.6203125 0.33281250000000007 0.609375 0.33281250000000007 0.609375 0.34062500000000007 0.6203125 0.34062500000000007
0 0.66875 0.3156250000000001 0.6296875 0.3156250000000001 0.6296875 0.3375000000000001 0.66875 0.3375000000000001
0 0.696875 0.3281250000000001 0.6671875 0.3281250000000001 0.6671875 0.3390625000000001 0.696875 0.3390625000000001
0 0.7671875 0.3140625000000001 0.709375 0.3140625000000001 0.709375 0.3359375000000001 0.7671875 0.3359375000000001
0 0.7921875 0.3281250000000001 0.775 0.3281250000000001 0.775 0.3359375000000001 0.7921875 0.3359375000000001
0 0.18281250000000004 0.3640625 0.12968750000000004 0.3640625 0.12968750000000004 0.3984375 0.18281250000000004 0.3984375
0 0.2640625000000001 0.36875 0.19687500000000005 0.36875 0.19687500000000005 0.4 0.2640625000000001 0.4
0 0.3203125000000001 0.36875 0.2796875000000001 0.36875 0.2796875000000001 0.3890625 0.3203125000000001 0.3890625
0 0.3593750000000001 0.36875 0.32500000000000007 0.36875 0.32500000000000007 0.3890625 0.3593750000000001 0.3890625
0 0.425 0.36718750000000006 0.3609375000000001 0.3671875 0.3609375000000001 0.38906250000000003 0.425 0.3890625000000001
0 0.4640625 0.3671875000000001 0.428125 0.3671875000000001 0.428125 0.39531250000000007 0.4640625 0.39531250000000007
0 0.5328125 0.3671875000000001 0.4578125 0.3671875000000001 0.4578125 0.3984375000000001 0.5328125 0.3984375000000001
0 0.596875 0.3687500000000001 0.5375 0.3687500000000001 0.5375 0.3890625000000001 0.596875 0.3890625000000001
0 0.6453125 0.3671875000000001 0.6046875 0.3671875000000001 0.6046875 0.38750000000000007 0.6453125 0.38750000000000007
0 0.85 0.3671875000000001 0.653125 0.3671875000000001 0.653125 0.3968750000000001 0.85 0.3968750000000001
0 0.2406250000000001 0.415625 0.13750000000000004 0.415625 0.13750000000000004 0.4453125 0.2406250000000001 0.4453125
0 0.2500000000000001 0.434375 0.2468750000000001 0.434375 0.2468750000000001 0.4375 0.2500000000000001 0.4375
0 0.27031250000000007 0.415625 0.2593750000000001 0.415625 0.2593750000000001 0.4234375 0.27031250000000007 0.4234375
0 0.3281250000000001 0.41875 0.28593750000000007 0.41875 0.28593750000000007 0.4375 0.3281250000000001 0.4375
0 0.41875 0.4171875 0.3375000000000001 0.4171875 0.3375000000000001 0.4375 0.41875 0.4375
0 0.459375 0.415625 0.41875 0.415625 0.41875 0.4484375 0.459375 0.4484375
0 0.5546875 0.4171875 0.453125 0.4171875 0.453125 0.4390625 0.5546875 0.4390625
0 0.63125 0.415625 0.5625 0.415625 0.5625 0.4453125 0.63125 0.4453125
0 0.7171875 0.41875 0.6375 0.41875 0.6375 0.4390625 0.7171875 0.4390625
0 0.790625 0.4171875000000001 0.7234375 0.4171875 0.7234375 0.4375000000000001 0.790625 0.43750000000000017
0 0.16250000000000003 0.46875 0.13750000000000004 0.46875 0.13750000000000004 0.4921875 0.16250000000000003 0.4921875
0 0.21093750000000008 0.4671875 0.17500000000000004 0.4671875 0.17500000000000004 0.4890625 0.21093750000000008 0.4890625
0 0.3234375000000001 0.4703125 0.2218750000000001 0.4703125 0.2218750000000001 0.503125 0.3234375000000001 0.503125
0 0.3921875000000001 0.4671875 0.3281250000000001 0.4671875 0.3281250000000001 0.4984375 0.3921875000000001 0.4984375
0 0.49375 0.46875 0.3968750000000001 0.46875 0.3968750000000001 0.490625 0.49375 0.490625
0 0.5046875 0.4875 0.5015625 0.4875 0.5015625 0.490625 0.5046875 0.490625
0 0.546875 0.4671875 0.5234375 0.4671875 0.5234375 0.4890625 0.546875 0.4890625
0 0.6046875 0.478125 0.5578125 0.478125 0.5578125 0.490625 0.6046875 0.490625
0 0.784375 0.4671875000000001 0.61875 0.4671875 0.61875 0.4906250000000001 0.784375 0.4906250000000002
0 0.2250000000000001 0.5140625 0.14218750000000005 0.5140625 0.14218750000000008 0.5453125 0.2250000000000001 0.5453125
0 0.2734375000000001 0.5171875 0.23593750000000008 0.5171875 0.23593750000000008 0.5375 0.2734375000000001 0.5375
0 0.3296875000000001 0.528125 0.27812500000000007 0.528125 0.27812500000000007 0.5375 0.3296875000000001 0.5375
0 0.3343750000000001 0.5328125 0.3312500000000001 0.5328125 0.3312500000000001 0.5359375 0.3343750000000001 0.5359375
0 0.4109375 0.5171875 0.3531250000000001 0.5171875 0.3531250000000001 0.5390625 0.4109375 0.5390625
0 0.4390625 0.5234375 0.41875 0.5234375 0.41875 0.540625 0.4390625 0.540625
0 0.5703125 0.5171875 0.45 0.5171875 0.45 0.540625 0.5703125 0.540625
0 0.5828125 0.5296875 0.571875 0.5296875 0.571875 0.540625 0.5828125 0.540625
0 0.6921875 0.5171875 0.590625 0.5171875 0.590625 0.55 0.6921875 0.55
0 0.2671875000000001 0.5671875 0.14218750000000008 0.5671875 0.14218750000000008 0.6015625 0.2671875000000001 0.6015625
0 0.30937500000000007 0.5703125 0.2828125000000001 0.5703125 0.2828125000000001 0.5921875 0.30937500000000007 0.5921875
0 0.4109375 0.5734375 0.3156250000000001 0.5734375 0.3156250000000001 0.5921875 0.4109375 0.5921875
0 0.4546875 0.56875 0.425 0.56875 0.425 0.590625 0.4546875 0.590625
0 0.5421875 0.5703125 0.459375 0.5703125 0.459375 0.590625 0.5421875 0.590625
0 0.6078125 0.5703125 0.55625 0.5703125 0.55625 0.590625 0.6078125 0.590625
0 0.634375 0.571875 0.609375 0.571875 0.609375 0.590625 0.634375 0.590625
0 0.7453125 0.5687500000000001 0.646875 0.56875 0.646875 0.5921875000000001 0.7453125 0.5921875000000002
0 0.7828125 0.5812500000000002 0.74375 0.5812500000000002 0.74375 0.5906250000000002 0.7828125 0.5906250000000002
0 0.7890625 0.5875000000000001 0.7859375 0.5875000000000001 0.7859375 0.5906250000000002 0.7890625 0.5906250000000002