0 0.26875 0.2078125 0.15156250000000004 0.2078125 0.15156250000000004 0.225 0.26875 0.225
0 0.40625 0.20468750000000005 0.2875 0.2046875 0.2875 0.22500000000000003 0.40625 0.2250000000000001
0 0.4421875 0.2078125000000001 0.421875 0.2078125000000001 0.421875 0.2250000000000001 0.4421875 0.2250000000000001
0 0.46875 0.21250000000000008 0.453125 0.21250000000000008 0.453125 0.2234375000000001 0.46875 0.2234375000000001
0 0.5765625 0.2062500000000001 0.4796875 0.2062500000000001 0.4796875 0.2234375000000001 0.5765625 0.2234375000000001
0 0.6125 0.2062500000000001 0.5859375 0.2062500000000001 0.5859375 0.22656250000000008 0.6125 0.22656250000000008
0 0.6703125 0.20468750000000008 0.6265625 0.20468750000000008 0.6265625 0.2234375000000001 0.6703125 0.2234375000000001
0 0.803125 0.20468750000000008 0.6796875 0.20468750000000008 0.6796875 0.2234375000000001 0.803125 0.2234375000000001
0 0.8109375 0.2218750000000001 0.809375 0.2218750000000001 0.809375 0.2234375000000001 0.8109375 0.2234375000000001
0 0.15937500000000004 0.2578125 0.12031250000000004 0.2578125 0.12031250000000004 0.275 0.15937500000000004 0.275
0 0.2515625 0.25625 0.16250000000000003 0.25625 0.16250000000000003 0.2765625 0.2515625 0.2765625
0 0.30625 0.265625 0.2625 0.265625 0.2625 0.2765625 0.30625 0.2765625
0 0.35625 0.2609375 0.3140625 0.2609375 0.3140625 0.278125 0.35625 0.278125
0 0.4 0.2593750000000001 0.3703125 0.2593750000000001 0.3703125 0.2765625000000001 0.4 0.2765625000000001
0 0.575 0.2578125000000001 0.40625 0.2578125000000001 0.40625 0.2765625000000001 0.575 0.2765625000000001
0 0.6828125 0.2640625000000001 0.5859375 0.2640625000000001 0.5859375 0.2843750000000001 0.6828125 0.2843750000000001
0 0.6921875 0.2765625000000001 0.6890625 0.2765625000000001 0.6890625 0.27812500000000007 0.6921875 0.27812500000000007
0 0.7515625 0.2593750000000001 0.7015625 0.2593750000000001 0.7015625 0.2796875000000001 0.7515625 0.2796875000000001
0 0.790625 0.2640625000000001 0.7640625 0.2640625000000001 0.7640625 0.2796875000000001 0.790625 0.2796875000000001
0 0.846875 0.26250000000000007 0.7953125 0.26250000000000007 0.7953125 0.2796875000000001 0.846875 0.2796875000000001
0 0.18125000000000005 0.3109375 0.12343750000000005 0.3109375 0.12343750000000005 0.3265625 0.18125000000000005 0.3265625
0 0.303125 0.3078125 0.19687500000000005 0.3078125 0.19687500000000005 0.334375 0.303125 0.334375
0 0.3109375 0.31875 0.3046875 0.31875 0.3046875 0.3265625 0.3109375 0.3265625
0 0.3265625 0.30625 0.3171875 0.30625 0.3171875 0.3125 0.3265625 0.3125
0 0.340625 0.30625 0.3328125 0.30625 0.3328125 0.325 0.340625 0.325
0 0.415625 0.30937500000000007 0.35 0.309375 0.35 0.32656250000000003 0.415625 0.3265625000000001
0 0.4546875 0.3156250000000001 0.4234375 0.3156250000000001 0.4234375 0.3265625000000001 0.4546875 0.3265625000000001
0 0.5640625 0.3062500000000001 0.4671875 0.3062500000000001 0.4671875 0.3312500000000001 0.5640625 0.3312500000000001
0 0.6015625 0.3078125000000001 0.578125 0.3078125000000001 0.578125 0.3281250000000001 0.6015625 0.3281250000000001
0 0.6765625 0.3109375000000001 0.6140625 0.3109375000000001 0.6140625 0.3265625000000001 0.6765625 0.3265625000000001
0 0.8328125 0.3078125000000001 0.690625 0.3078125000000001 0.690625 0.33281250000000007 0.8328125 0.33281250000000007
0 0.8421875 0.3218750000000001 0.8390625 0.3218750000000001 0.8390625 0.32500000000000007 0.8421875 0.32500000000000007
0 0.85625 0.3125000000000001 0.8484375 0.3125000000000001 0.8484375 0.31718750000000007 0.85625 0.31718750000000007
0 0.16093750000000004 0.3609375 0.12500000000000006 0.3609375 0.12500000000000006 0.3765625 0.16093750000000004 0.3765625
0 0.22812500000000005 0.359375 0.17500000000000004 0.359375 0.17500000000000004 0.375 0.22812500000000008 0.375
0 0.32500000000000007 0.35625 0.240625 0.35625 0.24062500000000003 0.375 0.32500000000000007 0.375
0 0.38750000000000007 0.35781250000000003 0.334375 0.3578125 0.33437500000000003 0.3765625 0.38750000000000007 0.3765625000000001
0 0.428125 0.3656250000000001 0.4 0.3656250000000001 0.4 0.3765625000000001 0.428125 0.3765625000000001
0 0.5765625 0.3578125000000001 0.440625 0.3578125000000001 0.440625 0.3843750000000001 0.5765625 0.3843750000000001
0 0.609375 0.35625000000000007 0.584375 0.35625000000000007 0.584375 0.3734375000000001 0.609375 0.3734375000000001
0 0.721875 0.3578125000000001 0.6234375 0.3578125000000001 0.6234375 0.3781250000000001 0.721875 0.3781250000000001
0 0.775 0.3593750000000001 0.73125 0.3593750000000001 0.73125 0.3765625000000001 0.775 0.3765625000000001
0 0.8625 0.3593750000000001 0.7921875 0.3593750000000001 0.7921875 0.3765625000000001 0.8625 0.3765625000000001
0 0.2578125000000001 0.4046875 0.13281250000000006 0.4046875 0.13281250000000006 0.4265625 0.2578125000000001 0.4265625
0 0.26250000000000007 0.4234375 0.2578125000000001 0.4234375 0.2578125000000001 0.425 0.26250000000000007 0.425
0 0.3187500000000001 0.4046875 0.2718750000000001 0.4046875 0.2718750000000001 0.425 0.3187500000000001 0.425
0 0.3765625000000001 0.40625 0.3312500000000001 0.40625 0.3312500000000001 0.428125 0.3765625000000001 0.428125
0 0.4484375 0.4078125 0.3843750000000001 0.4078125 0.3843750000000001 0.43125 0.4484375 0.43125
0 0.540625 0.4078125 0.4578125 0.4078125 0.4578125 0.428125 0.540625 0.428125
0 0.6421875 0.409375 0.546875 0.409375 0.546875 0.4265625 0.6421875 0.4265625
0 0.703125 0.409375 0.646875 0.409375 0.646875 0.4265625 0.703125 0.4265625
0 0.7515625 0.41093750000000007 0.7078125 0.4109375 0.7078125 0.42656250000000007 0.7515625 0.4265625000000002
0 0.83125 0.4078125000000002 0.7625 0.4078125000000002 0.7625 0.4281250000000002 0.83125 0.4281250000000002
0 0.23437500000000008 0.45625 0.12187500000000004 0.45625 0.12187500000000004 0.4859375 0.23437500000000008 0.4859375
0 0.2390625000000001 0.478125 0.23593750000000008 0.478125 0.23593750000000008 0.48125 0.2390625000000001 0.48125
0 0.2734375000000001 0.459375 0.2468750000000001 0.459375 0.2468750000000001 0.4796875 0.2734375000000001 0.4796875
0 0.3515625000000001 0.4609375 0.2875000000000001 0.4609375 0.2875000000000001 0.478125 0.3515625000000001 0.478125
0 0.4796875 0.459375 0.3625000000000001 0.459375 0.3625000000000001 0.4859375 0.4796875 0.4859375
0 0.4859375 0.475 0.4828125 0.475 0.4828125 0.48125 0.4859375 0.48125
0 0.596875 0.459375 0.490625 0.459375 0.490625 0.48125 0.596875 0.48125
0 0.7078125 0.4578125 0.60625 0.4578125 0.60625 0.475 0.7078125 0.475
0 0.859375 0.4562500000000001 0.721875 0.45625 0.721875 0.4765625000000001 0.859375 0.47656250000000017
0 0.17187500000000006 0.5109375 0.12031250000000004 0.5109375 0.12031250000000004 0.528125 0.17187500000000006 0.528125
0 0.2312500000000001 0.509375 0.18906250000000005 0.509375 0.18906250000000005 0.5265625 0.2312500000000001 0.5265625
0 0.2890625000000001 0.509375 0.24375000000000008 0.509375 0.24375000000000008 0.5375 0.2890625000000001 0.5375
0 0.3531250000000001 0.5046875 0.3031250000000001 0.5046875 0.3031250000000001 0.5265625 0.3531250000000001 0.5265625
0 0.3968750000000001 0.515625 0.36406250000000007 0.515625 0.36406250000000007 0.5265625 0.3968750000000001 0.5265625
0 0.4609375 0.5078125 0.403125 0.5078125 0.403125 0.5359375 0.4609375 0.5359375
0 0.496875 0.5078125 0.475 0.5078125 0.475 0.5234375 0.496875 0.5234375
0 0.5625 0.5046875 0.5046875 0.5046875 0.5046875 0.53125 0.5625 0.53125
0 0.665625 0.5140625 0.5765625 0.5140625 0.5765625 0.5328125 0.665625 0.5328125
0 0.7015625 0.503125 0.675 0.503125 0.675 0.5234375 0.7015625 0.5234375
0 0.75 0.5062500000000001 0.709375 0.50625 0.709375 0.5250000000000001 0.75 0.5250000000000001
0 0.815625 0.5031250000000002 0.759375 0.5031250000000002 0.759375 0.5218750000000002 0.815625 0.5218750000000002
0 0.8640625 0.5062500000000002 0.83125 0.5062500000000002 0.83125 0.5312500000000002 0.8640625 0.5312500000000002
0 0.2390625000000001 0.559375 0.13281250000000008 0.559375 0.13281250000000008 0.5890625 0.2390625000000001 0.5890625
0 0.27812500000000007 0.5609375 0.2484375000000001 0.5609375 0.2484375000000001 0.578125 0.27812500000000007 0.578125
0 0.3312500000000001 0.559375 0.2921875000000001 0.559375 0.2921875000000001 0.578125 0.3312500000000001 0.578125
0 0.421875 0.559375 0.3453125000000001 0.559375 0.3453125000000001 0.578125 0.421875 0.578125
0 0.471875 0.559375 0.428125 0.559375 0.428125 0.578125 0.471875 0.578125
0 0.6 0.559375 0.484375 0.559375 0.484375 0.578125 0.6 0.578125
0 0.684375 0.5578125 0.61875 0.5578125 0.61875 0.575 0.684375 0.575
0 0.6875 0.571875 0.684375 0.571875 0.684375 0.575 0.6875 0.575