0 0.2109375 0.209375 0.15000000000000005 0.209375 0.15000000000000005 0.2359375 0.2109375 0.2359375
0 0.346875 0.2046875 0.2390625 0.2046875 0.2390625 0.2359375 0.346875 0.2359375
0 0.4 0.2093750000000001 0.36875 0.2093750000000001 0.36875 0.2515625000000001 0.4 0.2515625000000001
0 0.48125 0.2078125000000001 0.4234375 0.2078125000000001 0.4234375 0.2390625000000001 0.48125 0.2390625000000001
0 0.575 0.2062500000000001 0.4984375 0.2062500000000001 0.4984375 0.23593750000000008 0.575 0.23593750000000008
0 0.6578125 0.22031250000000008 0.5984375 0.22031250000000008 0.5984375 0.2375000000000001 0.6578125 0.2375000000000001
0 0.7375 0.1984375000000001 0.684375 0.1984375000000001 0.684375 0.2390625000000001 0.7375 0.2390625000000001
0 0.79375 0.21093750000000008 0.759375 0.21093750000000008 0.759375 0.2375000000000001 0.79375 0.2375000000000001
0 0.2671875 0.25625 0.14531250000000004 0.25625 0.14531250000000004 0.2921875 0.2671875 0.2921875
0 0.2875 0.2875 0.2828125 0.2875 0.2828125 0.290625 0.2875 0.290625
0 0.3765625 0.259375 0.3171875 0.259375 0.3171875 0.29218750000000004 0.3765625 0.2921875000000001
0 0.4578125 0.2578125000000001 0.4015625 0.2578125000000001 0.4015625 0.2921875000000001 0.4578125 0.2921875000000001
0 0.590625 0.2593750000000001 0.4875 0.2593750000000001 0.4875 0.2921875000000001 0.590625 0.2921875000000001
0 0.7046875 0.27031250000000007 0.6234375 0.27031250000000007 0.6234375 0.2890625000000001 0.7046875 0.2890625000000001
0 0.859375 0.2640625000000001 0.73125 0.2640625000000001 0.73125 0.2875000000000001 0.859375 0.2875000000000001
0 0.17656250000000004 0.3140625 0.14687500000000003 0.3140625 0.14687500000000003 0.3375 0.17656250000000004 0.3375
0 0.3296875 0.325 0.20625 0.325 0.20625 0.340625 0.3296875 0.340625
0 0.3984375 0.3109375000000001 0.3671875 0.3109375000000001 0.3671875 0.3437500000000001 0.3984375 0.3437500000000001
0 0.4984375 0.3078125000000001 0.4234375 0.3078125000000001 0.4234375 0.3421875000000001 0.4984375 0.3421875000000001
0 0.628125 0.30937500000000007 0.5234375 0.30937500000000007 0.5234375 0.3468750000000001 0.628125 0.3468750000000001
0 0.6890625 0.30937500000000007 0.6625 0.30937500000000007 0.6625 0.34062500000000007 0.6890625 0.34062500000000007
0 0.81875 0.3078125000000001 0.7078125 0.3078125000000001 0.7078125 0.3546875000000001 0.81875 0.3546875000000001
0 0.85625 0.32500000000000007 0.8296875 0.32500000000000007 0.8296875 0.3390625000000001 0.85625 0.3390625000000001
0 0.2734375000000001 0.371875 0.14375000000000004 0.371875 0.14375000000000004 0.390625 0.2734375000000001 0.390625
0 0.4046875 0.35937500000000006 0.2921875 0.359375 0.29218750000000004 0.39062500000000006 0.4046875 0.3906250000000001
0 0.46875 0.3765625000000001 0.4265625 0.3765625000000001 0.4265625 0.38750000000000007 0.46875 0.38750000000000007
0 0.559375 0.35625000000000007 0.5 0.35625000000000007 0.5 0.3890625000000001 0.559375 0.3890625000000001
0 0.7796875 0.35625000000000007 0.5796875 0.35625000000000007 0.5796875 0.4078125000000001 0.7796875 0.4078125000000002
0 0.8421875 0.3578125000000001 0.7953125 0.3578125000000001 0.7953125 0.40156250000000016 0.8421875 0.40156250000000016
0 0.16406250000000006 0.4109375 0.14687500000000003 0.4109375 0.14687500000000003 0.4234375 0.16406250000000006 0.4234375
0 0.3812500000000001 0.41875 0.16718750000000004 0.41875 0.16718750000000004 0.459375 0.3812500000000001 0.459375
0 0.46875 0.4109375 0.4140625 0.4109375 0.4140625 0.4421875 0.46875 0.4421875
0 0.6015625 0.409375 0.4890625 0.409375 0.4890625 0.4421875 0.6015625 0.4421875
0 0.7296875 0.4093750000000001 0.61875 0.409375 0.61875 0.4406250000000001 0.7296875 0.44062500000000016
0 0.753125 0.40937500000000016 0.7390625 0.40937500000000016 0.7390625 0.4203125000000002 0.753125 0.4203125000000002
0 0.83125 0.4187500000000002 0.7703125 0.4187500000000002 0.7703125 0.4390625000000002 0.83125 0.4390625000000002
0 0.27031250000000007 0.4640625 0.13281250000000006 0.4640625 0.13281250000000006 0.5140625 0.27031250000000007 0.5140625
0 0.4109375 0.4609375 0.3203125000000001 0.4609375 0.3203125000000001 0.5078125 0.4109375 0.5078125
0 0.5671875 0.4578125 0.440625 0.4578125 0.440625 0.4921875 0.5671875 0.4921875
0 0.64375 0.4765625 0.6 0.4765625 0.6 0.4875 0.64375 0.4875
0 0.7546875 0.4562500000000001 0.6671875 0.45625 0.6671875 0.48906250000000007 0.7546875 0.4890625000000002
0 0.884375 0.46093750000000017 0.775 0.46093750000000017 0.775 0.4890625000000002 0.884375 0.4890625000000002
0 0.2312500000000001 0.5140625 0.14375000000000004 0.5140625 0.14375000000000004 0.5421875 0.2312500000000001 0.5421875
0 0.2968750000000001 0.5171875 0.2656250000000001 0.5171875 0.2656250000000001 0.540625 0.2968750000000001 0.540625
0 0.4015625 0.515625 0.32500000000000007 0.515625 0.32500000000000007 0.54375 0.4015625 0.54375
0 0.528125 0.5109375 0.434375 0.5109375 0.434375 0.5390625 0.528125 0.5390625
0 0.540625 0.540625 0.5359375 0.540625 0.5359375 0.5421875 0.540625 0.5421875
0 0.6421875 0.5125 0.571875 0.5125 0.571875 0.540625 0.6421875 0.540625
0 0.778125 0.5125000000000001 0.6671875 0.5125 0.6671875 0.5437500000000001 0.778125 0.5437500000000002
0 0.3031250000000001 0.5640625 0.1375000000000001 0.5640625 0.1375000000000001 0.59375 0.3031250000000001 0.59375
0 0.4140625 0.5578125 0.3281250000000001 0.5578125 0.3281250000000001 0.5953125 0.4140625 0.5953125
0 0.496875 0.5640625 0.4375 0.5640625 0.4375 0.5921875 0.496875 0.5921875
0 0.6234375 0.5640625 0.5203125 0.5640625 0.5203125 0.60625 0.6234375 0.60625
0 0.7453125 0.5640625000000001 0.653125 0.5640625 0.653125 0.5921875000000001 0.7453125 0.5921875000000002
0 0.8828125 0.5703125000000002 0.7625 0.5703125000000002 0.7625 0.5875000000000001 0.8828125 0.5875000000000001
0 0.2156250000000001 0.621875 0.1375000000000001 0.621875 0.1375000000000001 0.6390625 0.2156250000000001 0.6390625
0 0.43125 0.615625 0.2468750000000001 0.615625 0.2468750000000001 0.6421875 0.43125 0.6421875
0 0.45625 0.640625 0.45 0.640625 0.45 0.64375 0.45625 0.64375
0 0.525 0.609375 0.490625 0.609375 0.490625 0.640625 0.525 0.640625
0 0.6125 0.609375 0.5484375 0.609375 0.5484375 0.6390625 0.6125 0.6390625
0 0.7890625 0.6093750000000001 0.640625 0.609375 0.640625 0.6531250000000001 0.7890625 0.6531250000000002
0 0.86875 0.6203125000000002 0.8046875 0.6203125000000002 0.8046875 0.6546875000000002 0.86875 0.6546875000000002
0 0.2531250000000001 0.665625 0.14843750000000008 0.665625 0.14843750000000008 0.709375 0.2531250000000001 0.709375
0 0.3281250000000001 0.665625 0.2765625000000001 0.665625 0.2765625000000001 0.7125 0.3281250000000001 0.7125
0 0.471875 0.6640625 0.3531250000000001 0.6640625 0.3531250000000001 0.709375 0.471875 0.709375
0 0.55625 0.6640625 0.503125 0.6640625 0.503125 0.69375 0.55625 0.69375
0 0.659375 0.665625 0.56875 0.665625 0.56875 0.6921875 0.659375 0.6921875
0 0.728125 0.659375 0.6875 0.659375 0.6875 0.70625 0.728125 0.7062500000000002
0 0.8453125 0.6578125000000001 0.740625 0.6578125000000001 0.740625 0.6937500000000002 0.8453125 0.6937500000000002
0 0.3468750000000001 0.7171875 0.15781250000000008 0.7171875 0.15781250000000008 0.7609375 0.3468750000000001 0.7609375
0 0.36406250000000007 0.740625 0.3609375000000001 0.740625 0.3609375000000001 0.7421875 0.36406250000000007 0.7421875