0 0.284375 0.2328125 0.14687500000000003 0.2328125 0.14687500000000003 0.25 0.284375 0.25
0 0.4171875 0.22968750000000004 0.328125 0.2296875 0.328125 0.24843750000000003 0.4171875 0.2484375000000001
0 0.6015625 0.2296875000000001 0.4453125 0.2296875000000001 0.4453125 0.2562500000000001 0.6015625 0.2562500000000001
0 0.640625 0.2390625000000001 0.625 0.2390625000000001 0.625 0.2484375000000001 0.640625 0.2484375000000001
0 0.6578125 0.22812500000000008 0.6453125 0.22812500000000008 0.6453125 0.2531250000000001 0.6578125 0.2531250000000001
0 0.8390625 0.22812500000000008 0.6921875 0.22812500000000008 0.6921875 0.2484375000000001 0.8390625 0.2484375000000001
0 0.859375 0.2453125000000001 0.853125 0.2453125000000001 0.853125 0.2593750000000001 0.859375 0.2593750000000001
0 0.2671875 0.2828125 0.14375000000000004 0.2828125 0.14375000000000004 0.3046875 0.2671875 0.3046875
0 0.3578125 0.28125 0.3109375 0.28125 0.3109375 0.303125 0.3578125 0.303125
0 0.45625 0.2843750000000001 0.390625 0.2843750000000001 0.390625 0.3000000000000001 0.45625 0.3000000000000001
0 0.6265625 0.2828125000000001 0.48125 0.2828125000000001 0.48125 0.3078125000000001 0.6265625 0.3078125000000001
0 0.709375 0.28593750000000007 0.6609375 0.28593750000000007 0.6609375 0.30937500000000007 0.709375 0.30937500000000007
0 0.8296875 0.2812500000000001 0.7296875 0.2812500000000001 0.7296875 0.30937500000000007 0.8296875 0.30937500000000007
0 0.878125 0.2890625000000001 0.85625 0.2890625000000001 0.85625 0.3000000000000001 0.878125 0.3000000000000001
0 0.2859375 0.3328125 0.14531250000000004 0.3328125 0.14531250000000004 0.35 0.2859375 0.35
0 0.4796875 0.33281250000000007 0.3296875 0.3328125 0.3296875 0.35468750000000004 0.4796875 0.3546875000000001
0 0.5375 0.33281250000000007 0.5140625 0.33281250000000007 0.5140625 0.3515625000000001 0.5375 0.3515625000000001
0 0.6265625 0.3390625000000001 0.5640625 0.3390625000000001 0.5640625 0.3500000000000001 0.6265625 0.3500000000000001
0 0.675 0.3281250000000001 0.66875 0.3281250000000001 0.66875 0.3343750000000001 0.675 0.3343750000000001
0 0.7875 0.33281250000000007 0.6796875 0.33281250000000007 0.6796875 0.34843750000000007 0.7875 0.34843750000000007
0 0.9578125 0.3296875000000001 0.815625 0.3296875000000001 0.815625 0.3515625000000001 0.9578125 0.3515625000000001
0 0.2390625000000001 0.3828125 0.13593750000000004 0.3828125 0.13593750000000004 0.409375 0.2390625000000001 0.409375
0 0.26250000000000007 0.3796875 0.2515625000000001 0.3796875 0.2515625000000001 0.3859375 0.26250000000000007 0.3859375
0 0.3515625000000001 0.384375 0.2890625000000001 0.384375 0.2890625000000001 0.4 0.3515625000000001 0.4
0 0.49375 0.38750000000000007 0.38750000000000007 0.38750000000000007 0.38750000000000007 0.4015625 0.49375 0.4015625
0 0.5921875 0.3890625000000001 0.51875 0.3890625000000001 0.51875 0.403125 0.5921875 0.403125
0 0.6625 0.3859375000000001 0.60625 0.3859375000000001 0.60625 0.3984375000000001 0.6625 0.3984375000000001
0 0.840625 0.37968750000000007 0.6890625 0.37968750000000007 0.6890625 0.3984375000000001 0.840625 0.3984375000000001
0 0.96875 0.3781250000000001 0.865625 0.3781250000000001 0.865625 0.3984375000000001 0.96875 0.3984375000000001
0 0.2078125000000001 0.4359375 0.13437500000000005 0.4359375 0.13437500000000005 0.4515625 0.2078125000000001 0.4515625
0 0.2171875000000001 0.45 0.2140625000000001 0.45 0.2140625000000001 0.4515625 0.2171875000000001 0.4515625
0 0.31718750000000007 0.434375 0.25468750000000007 0.434375 0.25468750000000007 0.4515625 0.31718750000000007 0.4515625
0 0.465625 0.434375 0.3515625000000001 0.434375 0.3515625000000001 0.45 0.465625 0.45
0 0.615625 0.4328125 0.4828125 0.4328125 0.4828125 0.45625 0.615625 0.45625
0 0.80625 0.4328125000000001 0.646875 0.4328125 0.646875 0.4515625000000001 0.80625 0.4515625000000002
0 0.8203125 0.4468750000000002 0.815625 0.4468750000000002 0.815625 0.45625000000000016 0.8203125 0.45625000000000016
0 0.9359375 0.43281250000000016 0.8359375 0.43281250000000016 0.8359375 0.4500000000000002 0.9359375 0.4500000000000002
0 0.15312500000000004 0.4859375 0.13281250000000006 0.4859375 0.13281250000000006 0.5046875 0.15312500000000004 0.5046875
0 0.30937500000000007 0.4875 0.19062500000000004 0.4875 0.19062500000000004 0.5 0.30937500000000007 0.5
0 0.3968750000000001 0.4875 0.3578125000000001 0.4875 0.3578125000000001 0.509375 0.3968750000000001 0.509375
0 0.5515625 0.4859375 0.4328125 0.4859375 0.4328125 0.503125 0.5515625 0.503125
0 0.728125 0.4843750000000001 0.5984375 0.484375 0.5984375 0.5015625000000001 0.728125 0.5015625000000001
0 0.896875 0.4828125000000002 0.76875 0.4828125000000002 0.76875 0.5000000000000002 0.896875 0.5000000000000002
0 0.9421875 0.4937500000000002 0.921875 0.4937500000000002 0.921875 0.4968750000000002 0.9421875 0.4968750000000002
0 0.2218750000000001 0.534375 0.13750000000000004 0.534375 0.13750000000000007 0.5515625 0.2218750000000001 0.5515625
0 0.37968750000000007 0.53125 0.23593750000000008 0.53125 0.23593750000000008 0.5515625 0.37968750000000007 0.5515625
0 0.3906250000000001 0.55 0.3828125000000001 0.55 0.3828125000000001 0.5609375 0.3906250000000001 0.5609375
0 0.4625 0.5328125 0.4296875 0.5328125 0.4296875 0.55625 0.4625 0.55625
0 0.6234375 0.534375 0.49375 0.534375 0.49375 0.5546875 0.6234375 0.5546875
0 0.6421875 0.54375 0.634375 0.54375 0.634375 0.5453125 0.6421875 0.5453125
0 0.7234375 0.5328125 0.66875 0.5328125 0.66875 0.55 0.7234375 0.55
0 0.8375 0.5328125000000001 0.746875 0.5328125000000001 0.746875 0.5562500000000001 0.8375 0.5562500000000001
0 0.8984375 0.5312500000000002 0.871875 0.5312500000000002 0.871875 0.5468750000000002 0.8984375 0.5468750000000002
0 0.21875000000000008 0.5890625 0.1312500000000001 0.5890625 0.1312500000000001 0.603125 0.21875000000000008 0.603125
0 0.3609375000000001 0.5890625 0.2500000000000001 0.5890625 0.2500000000000001 0.603125 0.3609375000000001 0.603125
0 0.4296875 0.5859375 0.3921875000000001 0.5859375 0.3921875000000001 0.6046875 0.4296875 0.6046875
0 0.5703125 0.5875 0.4515625 0.5875 0.4515625 0.603125 0.5703125 0.603125
0 0.7390625 0.5765625000000001 0.596875 0.5765625 0.596875 0.6031250000000001 0.7390625 0.6031250000000001
0 0.9125 0.5828125000000002 0.7578125 0.5828125000000002 0.7578125 0.6062500000000002 0.9125 0.6062500000000002
0 0.9203125 0.5953125000000001 0.9171875 0.5953125000000001 0.9171875 0.5984375000000002 0.9203125 0.5984375000000002
0 0.2562500000000001 0.634375 0.1312500000000001 0.634375 0.1312500000000001 0.65 0.2562500000000001 0.65
0 0.4125 0.63125 0.2796875000000001 0.63125 0.2796875000000001 0.653125 0.4125 0.653125
0 0.5078125 0.6359375 0.4421875 0.6359375 0.4421875 0.653125 0.5078125 0.653125
0 0.6640625 0.6359375 0.5234375 0.6359375 0.5234375 0.6515625 0.6640625 0.6515625
0 0.71875 0.6375 0.6890625 0.6375 0.6890625 0.6515625 0.71875 0.6515625
0 0.790625 0.6343750000000001 0.7359375 0.6343750000000001 0.7359375 0.6515625000000002 0.790625 0.6515625000000002
0 0.8796875 0.6343750000000001 0.8140625 0.6343750000000001 0.8140625 0.6500000000000001 0.8796875 0.6500000000000001
0 0.9109375 0.6406250000000002 0.890625 0.6406250000000002 0.890625 0.6515625000000002 0.9109375 0.6515625000000002
0 0.2000000000000001 0.684375 0.1218750000000001 0.684375 0.1218750000000001 0.703125 0.2000000000000001 0.703125
0 0.2468750000000001 0.6859375 0.22031250000000008 0.6859375 0.22031250000000008 0.70625 0.2468750000000001 0.70625
0 0.3156250000000001 0.6859375 0.2750000000000001 0.6859375 0.2750000000000001 0.70625 0.3156250000000001 0.70625
0 0.4453125 0.6828125 0.3390625000000001 0.6828125 0.3390625000000001 0.7109375 0.4453125 0.7109375
0 0.5765625 0.6828125 0.4578125 0.6828125 0.4578125 0.7078125 0.5765625 0.7078125
0 0.6390625 0.6921875 0.6015625 0.6921875 0.6015625 0.703125 0.6390625 0.703125
0 0.715625 0.6875 0.65625 0.6875 0.65625 0.7015625 0.715625 0.7015625
0 0.8578125 0.6828125000000002 0.7421875 0.6828125000000002 0.7421875 0.7031250000000002 0.8578125 0.7031250000000002
0 0.9609375 0.6812500000000001 0.871875 0.6812500000000001 0.871875 0.7000000000000002 0.9609375 0.7000000000000002
0 0.2796875000000001 0.734375 0.11875000000000009 0.734375 0.11875000000000009 0.7609375 0.2796875000000001 0.7609375
0 0.4281250000000002 0.7375 0.3234375000000001 0.7375 0.3234375000000001 0.75625 0.4281250000000002 0.75625
0 0.6078125000000002 0.7265625 0.4734375000000002 0.7265625 0.4734375000000002 0.7546875 0.6078125000000002 0.7546875
0 0.7703125000000002 0.7328125000000001 0.6296875000000002 0.7328125 0.6296875000000002 0.7593750000000001 0.7703125000000002 0.7593750000000001
0 0.7796875000000002 0.7484375000000002 0.7734375000000002 0.7484375000000002 0.7734375000000002 0.7515625000000001 0.7796875000000002 0.7515625000000001