0 0.14218750000000005 0.2234375 0.13281250000000006 0.2234375 0.13281250000000006 0.228125 0.14218750000000005 0.228125
0 0.2125 0.2109375 0.15156250000000004 0.2109375 0.15156250000000004 0.2234375 0.2125 0.2234375
0 0.365625 0.20937500000000003 0.234375 0.209375 0.234375 0.22500000000000003 0.365625 0.2250000000000001
0 0.465625 0.2093750000000001 0.3953125 0.2093750000000001 0.3953125 0.22031250000000008 0.465625 0.22031250000000008
0 0.515625 0.21250000000000008 0.49375 0.21250000000000008 0.49375 0.22031250000000008 0.515625 0.22031250000000008
0 0.771875 0.20468750000000008 0.5515625 0.20468750000000008 0.5515625 0.2218750000000001 0.771875 0.2218750000000001
0 0.9078125 0.20312500000000008 0.7953125 0.20312500000000008 0.7953125 0.2171875000000001 0.9078125 0.2171875000000001
0 0.259375 0.259375 0.13906250000000003 0.259375 0.13906250000000003 0.275 0.259375 0.275
0 0.28125 0.2734375 0.275 0.2734375 0.275 0.28125 0.28125 0.28125
0 0.378125 0.25625000000000003 0.3171875 0.25625 0.3171875 0.275 0.378125 0.2750000000000001
0 0.44375 0.2578125000000001 0.4125 0.2578125000000001 0.4125 0.2687500000000001 0.44375 0.2687500000000001
0 0.525 0.2562500000000001 0.4625 0.2562500000000001 0.4625 0.27031250000000007 0.525 0.27031250000000007
0 0.665625 0.25468750000000007 0.5578125 0.25468750000000007 0.5578125 0.2734375000000001 0.665625 0.2734375000000001
0 0.7296875 0.25468750000000007 0.696875 0.25468750000000007 0.696875 0.2671875000000001 0.7296875 0.2671875000000001
0 0.7984375 0.25468750000000007 0.7453125 0.25468750000000007 0.7453125 0.2687500000000001 0.7984375 0.2687500000000001
0 0.8921875 0.2578125000000001 0.81875 0.2578125000000001 0.81875 0.2734375000000001 0.8921875 0.2734375000000001
0 0.18437500000000004 0.3078125 0.14843750000000006 0.3078125 0.14843750000000006 0.325 0.18437500000000004 0.325
0 0.2890625 0.3125 0.2046875 0.3125 0.2046875 0.321875 0.2890625 0.321875
0 0.403125 0.31250000000000006 0.33125 0.3125 0.33125 0.321875 0.403125 0.3218750000000001
0 0.5078125 0.3078125000000001 0.44375 0.3078125000000001 0.44375 0.3218750000000001 0.5078125 0.3218750000000001
0 0.59375 0.3125000000000001 0.5390625 0.3125000000000001 0.5390625 0.3218750000000001 0.59375 0.3218750000000001
0 0.7453125 0.3062500000000001 0.6109375 0.3062500000000001 0.6109375 0.3203125000000001 0.7453125 0.3203125000000001
0 0.825 0.3062500000000001 0.7734375 0.3062500000000001 0.7734375 0.3203125000000001 0.825 0.3203125000000001
0 0.878125 0.3062500000000001 0.8421875 0.3062500000000001 0.8421875 0.31718750000000007 0.878125 0.31718750000000007
0 0.20468750000000005 0.3625 0.14218750000000005 0.3625 0.14218750000000005 0.3765625 0.20468750000000008 0.3765625
0 0.3453125000000001 0.3640625 0.2328125000000001 0.3640625 0.2328125000000001 0.3765625 0.3453125000000001 0.3765625
0 0.3671875000000001 0.37187500000000007 0.3625000000000001 0.371875 0.3625000000000001 0.37968750000000007 0.3671875000000001 0.37968750000000007
0 0.425 0.3578125000000001 0.4046875 0.3578125000000001 0.4046875 0.37187500000000007 0.425 0.37187500000000007
0 0.5328125 0.3609375000000001 0.4515625 0.3609375000000001 0.4515625 0.3781250000000001 0.5328125 0.3781250000000001
0 0.625 0.3609375000000001 0.559375 0.3609375000000001 0.559375 0.3734375000000001 0.625 0.3734375000000001
0 0.8390625 0.3578125000000001 0.653125 0.3578125000000001 0.653125 0.37187500000000007 0.8390625 0.37187500000000007
0 0.8546875 0.3671875000000001 0.8515625 0.3671875000000001 0.8515625 0.3703125000000001 0.8546875 0.3703125000000001
0 0.15000000000000005 0.4234375 0.14375000000000004 0.4234375 0.14375000000000004 0.428125 0.15000000000000005 0.428125
0 0.2312500000000001 0.415625 0.17656250000000004 0.415625 0.17656250000000004 0.4265625 0.2312500000000001 0.4265625
0 0.3828125000000001 0.4109375 0.26250000000000007 0.4109375 0.26250000000000007 0.4234375 0.3828125000000001 0.4234375
0 0.4796875 0.40625 0.4203125 0.40625 0.4203125 0.425 0.4796875 0.425
0 0.534375 0.40625 0.5015625 0.40625 0.5015625 0.421875 0.534375 0.421875
0 0.546875 0.4203125 0.5421875 0.4203125 0.5421875 0.4234375 0.546875 0.4234375
0 0.634375 0.40625 0.5578125 0.40625 0.5578125 0.421875 0.634375 0.421875
0 0.7375 0.4078125000000001 0.66875 0.4078125 0.66875 0.4203125000000001 0.7375 0.4203125000000002
0 0.8625 0.4031250000000002 0.7546875 0.4031250000000002 0.7546875 0.4203125000000002 0.8625 0.4203125000000002
0 0.2234375000000001 0.4671875 0.13906250000000003 0.4671875 0.13906250000000003 0.478125 0.2234375000000001 0.478125
0 0.3359375000000001 0.465625 0.2515625000000001 0.465625 0.2515625000000001 0.4765625 0.3359375000000001 0.4765625
0 0.3546875000000001 0.4734375 0.3500000000000001 0.4734375 0.3500000000000001 0.4765625 0.3546875000000001 0.4765625
0 0.3781250000000001 0.459375 0.3687500000000001 0.459375 0.3687500000000001 0.465625 0.3781250000000001 0.465625
0 0.6109375 0.4609375 0.4203125 0.4609375 0.4203125 0.475 0.6109375 0.475
0 0.684375 0.459375 0.63125 0.459375 0.63125 0.48125 0.684375 0.48125
0 0.8 0.4625000000000001 0.70625 0.4625 0.70625 0.4781250000000001 0.8 0.4781250000000002
0 0.925 0.45312500000000017 0.8125 0.45312500000000017 0.8125 0.47187500000000016 0.925 0.47187500000000016
0 0.940625 0.46875000000000017 0.9359375 0.46875000000000017 0.9359375 0.47656250000000017 0.940625 0.47656250000000017
0 0.20468750000000008 0.5140625 0.15156250000000004 0.5140625 0.15156250000000004 0.5296875 0.20468750000000008 0.5296875
0 0.3500000000000001 0.509375 0.2312500000000001 0.509375 0.2312500000000001 0.528125 0.3500000000000001 0.528125
0 0.5296875 0.5109375 0.3859375000000001 0.5109375 0.3859375000000001 0.5265625 0.5296875 0.5265625
0 0.5421875 0.515625 0.5375 0.515625 0.5375 0.521875 0.5421875 0.521875
0 0.571875 0.521875 0.5609375 0.521875 0.5609375 0.53125 0.571875 0.53125
0 0.646875 0.509375 0.5796875 0.509375 0.5796875 0.5234375 0.646875 0.5234375
0 0.7796875 0.5062500000000001 0.6609375 0.50625 0.6609375 0.5281250000000001 0.7796875 0.5281250000000002
0 0.86875 0.5078125000000002 0.80625 0.5078125000000002 0.80625 0.5281250000000002 0.86875 0.5281250000000002
0 0.2218750000000001 0.565625 0.14843750000000008 0.565625 0.14843750000000008 0.58125 0.2218750000000001 0.58125
0 0.3343750000000001 0.5625 0.2562500000000001 0.5625 0.2562500000000001 0.578125 0.3343750000000001 0.578125
0 0.3906250000000001 0.5609375 0.36406250000000007 0.5609375 0.36406250000000007 0.575 0.3906250000000001 0.575
0 0.5515625 0.559375 0.4296875 0.559375 0.4296875 0.58125 0.5515625 0.58125
0 0.671875 0.559375 0.5796875 0.559375 0.5796875 0.5734375 0.671875 0.5734375
0 0.7625 0.5593750000000001 0.69375 0.559375 0.69375 0.5796875000000001 0.7625 0.5796875000000001
0 0.8375 0.5625000000000002 0.7828125 0.5625000000000002 0.7828125 0.5718750000000001 0.8375 0.5718750000000001
0 0.8953125 0.5593750000000002 0.8578125 0.5593750000000002 0.8578125 0.5718750000000001 0.8953125 0.5718750000000001
0 0.9015625 0.5703125000000002 0.896875 0.5703125000000002 0.896875 0.5718750000000001 0.9015625 0.5718750000000001
0 0.9234375 0.5531250000000002 0.9140625 0.5531250000000002 0.9140625 0.5578125000000002 0.9234375 0.5578125000000002