0 0.209375 0.2046875 0.13906250000000003 0.2046875 0.13906250000000003 0.21875 0.209375 0.21875
0 0.4015625 0.20625000000000004 0.23125 0.20625 0.23125 0.22031250000000005 0.4015625 0.22031250000000008
0 0.534375 0.2078125000000001 0.4265625 0.2078125000000001 0.4265625 0.22031250000000008 0.534375 0.22031250000000008
0 0.603125 0.2062500000000001 0.553125 0.2062500000000001 0.553125 0.22031250000000008 0.603125 0.22031250000000008
0 0.671875 0.2062500000000001 0.6234375 0.2062500000000001 0.6234375 0.22031250000000008 0.671875 0.22031250000000008
0 0.7234375 0.2078125000000001 0.6921875 0.2078125000000001 0.6921875 0.22031250000000008 0.7234375 0.22031250000000008
0 0.8140625 0.2078125000000001 0.740625 0.2078125000000001 0.740625 0.22812500000000008 0.8140625 0.22812500000000008
0 0.825 0.2156250000000001 0.8140625 0.2156250000000001 0.8140625 0.2250000000000001 0.825 0.2250000000000001
0 0.31875 0.2546875 0.13281250000000006 0.2546875 0.13281250000000006 0.271875 0.31875 0.271875
0 0.4328125 0.25781250000000006 0.33125 0.2578125 0.33125 0.27187500000000003 0.4328125 0.2718750000000001
0 0.5390625 0.2562500000000001 0.4453125 0.2562500000000001 0.4453125 0.2796875000000001 0.5390625 0.2796875000000001
0 0.5453125 0.2671875000000001 0.5390625 0.2671875000000001 0.5390625 0.2718750000000001 0.5453125 0.2718750000000001
0 0.6015625 0.2578125000000001 0.553125 0.2578125000000001 0.553125 0.2734375000000001 0.6015625 0.2734375000000001
0 0.665625 0.2562500000000001 0.615625 0.2562500000000001 0.615625 0.2796875000000001 0.665625 0.2796875000000001
0 0.728125 0.2578125000000001 0.6796875 0.2578125000000001 0.6796875 0.27031250000000007 0.728125 0.27031250000000007
0 0.7625 0.2578125000000001 0.7421875 0.2578125000000001 0.7421875 0.27031250000000007 0.7625 0.27031250000000007
0 0.796875 0.2578125000000001 0.7734375 0.2578125000000001 0.7734375 0.27031250000000007 0.796875 0.27031250000000007
0 0.859375 0.2578125000000001 0.8109375 0.2578125000000001 0.8109375 0.2750000000000001 0.859375 0.2750000000000001
0 0.15937500000000004 0.3109375 0.13750000000000004 0.3109375 0.13750000000000004 0.321875 0.15937500000000004 0.321875
0 0.2453125 0.309375 0.18437500000000004 0.309375 0.18437500000000004 0.321875 0.2453125 0.321875
0 0.2890625 0.3109375 0.265625 0.3109375 0.265625 0.3203125 0.2890625 0.3203125
0 0.3875 0.30781250000000004 0.3078125 0.3078125 0.3078125 0.32343750000000004 0.3875 0.3234375000000001
0 0.396875 0.3156250000000001 0.3921875 0.3156250000000001 0.3921875 0.3203125000000001 0.396875 0.3203125000000001
0 0.4734375 0.3078125000000001 0.4109375 0.3078125000000001 0.4109375 0.3218750000000001 0.4734375 0.3218750000000001
0 0.5234375 0.3062500000000001 0.49375 0.3062500000000001 0.49375 0.3265625000000001 0.5234375 0.3265625000000001
0 0.5828125 0.3109375000000001 0.528125 0.3109375000000001 0.528125 0.3234375000000001 0.5828125 0.3234375000000001
0 0.6046875 0.3140625000000001 0.5984375 0.3140625000000001 0.5984375 0.3156250000000001 0.6046875 0.3156250000000001
0 0.696875 0.30937500000000007 0.615625 0.30937500000000007 0.615625 0.3234375000000001 0.696875 0.3234375000000001
0 0.709375 0.3187500000000001 0.7015625 0.3187500000000001 0.7015625 0.3265625000000001 0.709375 0.3265625000000001
0 0.8171875 0.30937500000000007 0.7203125 0.30937500000000007 0.7203125 0.3234375000000001 0.8171875 0.3234375000000001
0 0.828125 0.31718750000000007 0.8171875 0.31718750000000007 0.8171875 0.3265625000000001 0.828125 0.3265625000000001
0 0.18437500000000004 0.3578125 0.13906250000000003 0.3578125 0.13906250000000003 0.3703125 0.18437500000000004 0.3703125
0 0.28750000000000003 0.35625 0.20625 0.35625 0.20625000000000004 0.3734375 0.2875000000000001 0.3734375
0 0.30937500000000007 0.3671875 0.3031250000000001 0.3671875 0.3031250000000001 0.36875 0.30937500000000007 0.36875
0 0.36718750000000006 0.35937500000000006 0.3234375 0.359375 0.32343750000000004 0.37187500000000007 0.3671875000000001 0.37187500000000007
0 0.434375 0.3593750000000001 0.3828125 0.3593750000000001 0.38281250000000006 0.37187500000000007 0.434375 0.37187500000000007
0 0.5171875 0.3593750000000001 0.453125 0.3593750000000001 0.453125 0.3843750000000001 0.5171875 0.3843750000000001
0 0.6609375 0.3593750000000001 0.534375 0.3593750000000001 0.534375 0.3859375000000001 0.6609375 0.3859375000000001
0 0.703125 0.3578125000000001 0.6765625 0.3578125000000001 0.6765625 0.37187500000000007 0.703125 0.37187500000000007
0 0.740625 0.3656250000000001 0.7125 0.3656250000000001 0.7125 0.3734375000000001 0.740625 0.3734375000000001
0 0.834375 0.36406250000000007 0.75625 0.36406250000000007 0.75625 0.3812500000000001 0.834375 0.3812500000000001
0 0.22812500000000008 0.409375 0.12968750000000004 0.409375 0.12968750000000004 0.4328125 0.22812500000000008 0.4328125
0 0.2671875000000001 0.4140625 0.2453125000000001 0.4140625 0.2453125000000001 0.425 0.2671875000000001 0.425
0 0.3750000000000001 0.4109375 0.28593750000000007 0.4109375 0.28593750000000007 0.425 0.3750000000000001 0.425
0 0.425 0.4140625 0.3937500000000001 0.4140625 0.3937500000000001 0.4234375 0.425 0.4234375
0 0.5375 0.4109375 0.4515625 0.4109375 0.4515625 0.43125 0.5375 0.43125
0 0.54375 0.41875 0.540625 0.41875 0.540625 0.4203125 0.54375 0.4203125
0 0.6171875 0.409375 0.5640625 0.409375 0.5640625 0.425 0.6171875 0.425
0 0.6734375 0.4109375 0.6421875 0.4109375 0.6421875 0.4234375 0.6734375 0.4234375
0 0.7796875 0.41093750000000007 0.69375 0.4109375 0.69375 0.4250000000000001 0.7796875 0.42500000000000016
0 0.2250000000000001 0.4578125 0.13125000000000003 0.4578125 0.13125000000000003 0.475 0.2250000000000001 0.475
0 0.33281250000000007 0.459375 0.2515625000000001 0.459375 0.2515625000000001 0.475 0.33281250000000007 0.475
0 0.37968750000000007 0.4609375 0.3515625000000001 0.4609375 0.3515625000000001 0.478125 0.37968750000000007 0.478125
0 0.509375 0.4609375 0.4015625 0.4609375 0.4015625 0.475 0.509375 0.475
0 0.603125 0.4609375 0.5328125 0.4609375 0.5328125 0.475 0.603125 0.475
0 0.65 0.4640625 0.6234375 0.4640625 0.6234375 0.4796875 0.65 0.4796875
0 0.6984375 0.4625 0.665625 0.4625 0.665625 0.475 0.6984375 0.475
0 0.828125 0.4625000000000001 0.70625 0.4625 0.70625 0.48125000000000007 0.828125 0.4812500000000002
0 0.16718750000000004 0.5109375 0.13437500000000005 0.5109375 0.13437500000000005 0.5296875 0.16718750000000004 0.5296875
0 0.3421875000000001 0.509375 0.19218750000000004 0.509375 0.19218750000000004 0.5359375 0.3421875000000001 0.5359375
0 0.3750000000000001 0.5140625 0.35625000000000007 0.5140625 0.35625000000000007 0.5234375 0.3750000000000001 0.5234375
0 0.403125 0.515625 0.3890625000000001 0.515625 0.3890625000000001 0.525 0.403125 0.525
0 0.528125 0.5109375 0.4125 0.5109375 0.4125 0.53125 0.528125 0.53125
0 0.5875 0.5109375 0.5421875 0.5109375 0.5421875 0.5265625 0.5875 0.5265625
0 0.6015625 0.521875 0.5953125 0.521875 0.5953125 0.528125 0.6015625 0.528125
0 0.678125 0.5125 0.61875 0.5125 0.61875 0.525 0.678125 0.525
0 0.8625 0.5093750000000001 0.696875 0.509375 0.696875 0.5250000000000001 0.8625 0.5250000000000001
0 0.23437500000000008 0.5625 0.1312500000000001 0.5625 0.1312500000000001 0.575 0.23437500000000008 0.575
0 0.3000000000000001 0.5625 0.26250000000000007 0.5625 0.26250000000000007 0.5734375 0.3000000000000001 0.5734375
0 0.428125 0.565625 0.3312500000000001 0.565625 0.3312500000000001 0.5859375 0.428125 0.5859375
0 0.4796875 0.559375 0.4453125 0.559375 0.4453125 0.5796875 0.4796875 0.5796875
0 0.6015625 0.5625 0.5046875 0.5625 0.5046875 0.5765625 0.6015625 0.5765625
0 0.640625 0.5625 0.6234375 0.5625 0.6234375 0.575 0.640625 0.575
0 0.7265625 0.5640625000000001 0.6578125 0.5640625 0.6578125 0.5765625000000001 0.7265625 0.5765625000000002
0 0.76875 0.5625000000000002 0.740625 0.5625000000000002 0.740625 0.5750000000000002 0.76875 0.5750000000000002
0 0.85 0.5609375000000002 0.7828125 0.5609375000000002 0.7828125 0.5750000000000002 0.85 0.5750000000000002
0 0.26250000000000007 0.609375 0.1296875000000001 0.609375 0.1296875000000001 0.6359375 0.26250000000000007 0.6359375
0 0.3390625000000001 0.6109375 0.28593750000000007 0.6109375 0.28593750000000007 0.625 0.3390625000000001 0.625
0 0.34843750000000007 0.6203125 0.3453125000000001 0.6203125 0.3453125000000001 0.621875 0.34843750000000007 0.621875