0 0.18437500000000004 0.2 0.14062500000000006 0.2 0.14062500000000006 0.21875 0.18437500000000004 0.21875
0 0.3375 0.203125 0.19531250000000006 0.203125 0.19531250000000006 0.2328125 0.3375 0.2328125
0 0.4375 0.20312500000000008 0.3640625 0.20312500000000008 0.3640625 0.2218750000000001 0.4375 0.2218750000000001
0 0.496875 0.20312500000000008 0.4515625 0.20312500000000008 0.4515625 0.2218750000000001 0.496875 0.2218750000000001
0 0.70625 0.2062500000000001 0.509375 0.2062500000000001 0.509375 0.2375000000000001 0.70625 0.2375000000000001
0 0.8203125 0.20468750000000008 0.7109375 0.20468750000000008 0.7109375 0.23593750000000008 0.8203125 0.23593750000000008
0 0.2390625 0.2484375 0.13125000000000003 0.2484375 0.13125000000000003 0.271875 0.2390625 0.271875
0 0.3890625 0.25000000000000006 0.2734375 0.25 0.2734375 0.27187500000000003 0.3890625 0.2718750000000001
0 0.4578125 0.2515625 0.3609375 0.2515625 0.3609375 0.27343750000000006 0.4578125 0.2734375000000001
0 0.55625 0.25468750000000007 0.484375 0.25468750000000007 0.484375 0.2718750000000001 0.55625 0.2718750000000001
0 0.64375 0.2531250000000001 0.5828125 0.2531250000000001 0.5828125 0.2734375000000001 0.64375 0.2734375000000001
0 0.6484375 0.2718750000000001 0.640625 0.2718750000000001 0.640625 0.2796875000000001 0.6484375 0.2796875000000001
0 0.759375 0.2562500000000001 0.6765625 0.2562500000000001 0.6765625 0.2734375000000001 0.759375 0.2734375000000001
0 0.775 0.27031250000000007 0.765625 0.27031250000000007 0.765625 0.2812500000000001 0.775 0.2812500000000001
0 0.86875 0.2578125000000001 0.796875 0.2578125000000001 0.796875 0.2734375000000001 0.86875 0.2734375000000001
0 0.246875 0.3015625 0.13906250000000003 0.3015625 0.13906250000000003 0.321875 0.246875 0.321875
0 0.325 0.303125 0.2765625 0.303125 0.2765625 0.3234375 0.325 0.3234375
0 0.45 0.30468750000000006 0.34375 0.3046875 0.34375 0.32343750000000004 0.45 0.3234375000000001
0 0.5546875 0.3062500000000001 0.46875 0.3062500000000001 0.46875 0.3343750000000001 0.5546875 0.3343750000000001
0 0.696875 0.30156250000000007 0.578125 0.30156250000000007 0.578125 0.3343750000000001 0.696875 0.3343750000000001
0 0.715625 0.3156250000000001 0.696875 0.3156250000000001 0.696875 0.31718750000000007 0.715625 0.31718750000000007
0 0.8578125 0.30156250000000007 0.728125 0.30156250000000007 0.728125 0.32500000000000007 0.8578125 0.32500000000000007
0 0.18593750000000003 0.3484375 0.14218750000000005 0.3484375 0.14218750000000005 0.3703125 0.18593750000000003 0.3703125
0 0.43125 0.353125 0.2140625 0.353125 0.21406250000000004 0.37343750000000003 0.43125 0.3734375000000001
0 0.5078125 0.3515625000000001 0.4515625 0.3515625000000001 0.4515625 0.3734375000000001 0.5078125 0.3734375000000001
0 0.6171875 0.3546875000000001 0.5171875 0.3546875000000001 0.5171875 0.3750000000000001 0.6171875 0.3750000000000001
0 0.6796875 0.36406250000000007 0.6390625 0.36406250000000007 0.6390625 0.3734375000000001 0.6796875 0.3734375000000001
0 0.775 0.3531250000000001 0.6921875 0.3531250000000001 0.6921875 0.3750000000000001 0.775 0.3750000000000001
0 0.7875 0.3703125000000001 0.76875 0.3703125000000001 0.76875 0.37187500000000007 0.7875 0.37187500000000007
0 0.8703125 0.3656250000000001 0.796875 0.3656250000000001 0.796875 0.3765625000000001 0.8703125 0.3765625000000001
0 0.2218750000000001 0.4 0.13437500000000005 0.4 0.13437500000000005 0.4375 0.2218750000000001 0.4375
0 0.421875 0.4015625 0.25468750000000007 0.4015625 0.25468750000000007 0.425 0.421875 0.425
0 0.46875 0.40625 0.421875 0.40625 0.421875 0.425 0.46875 0.425
0 0.671875 0.403125 0.4921875 0.403125 0.4921875 0.425 0.671875 0.425
0 0.765625 0.40312500000000007 0.675 0.403125 0.675 0.4250000000000001 0.765625 0.42500000000000016
0 0.8640625 0.40156250000000016 0.753125 0.40156250000000016 0.753125 0.4343750000000002 0.8640625 0.4343750000000002
0 0.8546875 0.42500000000000016 0.853125 0.42500000000000016 0.853125 0.4265625000000002 0.8546875 0.4265625000000002
0 0.17031250000000003 0.453125 0.12968750000000004 0.453125 0.12968750000000004 0.4734375 0.17031250000000003 0.4734375
0 0.24218750000000008 0.4625 0.17656250000000004 0.4625 0.17656250000000004 0.4734375 0.24218750000000008 0.4734375
0 0.34843750000000007 0.4546875 0.26250000000000007 0.4546875 0.26250000000000007 0.4734375 0.34843750000000007 0.4734375
0 0.4484375 0.453125 0.3468750000000001 0.453125 0.3468750000000001 0.4765625 0.4484375 0.4765625
0 0.490625 0.4625 0.4671875 0.4625 0.4671875 0.4734375 0.490625 0.4734375
0 0.575 0.465625 0.490625 0.465625 0.490625 0.4890625 0.575 0.4890625
0 0.6625 0.4671875 0.590625 0.4671875 0.590625 0.4875 0.6625 0.4875
0 0.6859375 0.471875 0.675 0.471875 0.675 0.4828125 0.6859375 0.4828125
0 0.7578125 0.4546875000000001 0.715625 0.4546875 0.715625 0.4750000000000001 0.7578125 0.4750000000000002
0 0.85625 0.45625000000000016 0.765625 0.45625000000000016 0.765625 0.47656250000000017 0.85625 0.47656250000000017
0 0.2218750000000001 0.5 0.12812500000000004 0.5 0.12812500000000004 0.5234375 0.2218750000000001 0.5234375
0 0.28593750000000007 0.5015625 0.2375000000000001 0.5015625 0.2375000000000001 0.521875 0.28593750000000007 0.521875
0 0.36406250000000007 0.5 0.3125000000000001 0.5 0.3125000000000001 0.5234375 0.36406250000000007 0.5234375
0 0.528125 0.5015625 0.38750000000000007 0.5015625 0.38750000000000007 0.525 0.528125 0.525
0 0.6359375 0.50625 0.55 0.50625 0.55 0.525 0.6359375 0.525
0 0.7109375 0.5015625 0.6375 0.5015625 0.6375 0.525 0.7109375 0.525
0 0.7328125 0.5218750000000002 0.728125 0.5218750000000002 0.728125 0.5250000000000001 0.7328125 0.5250000000000001
0 0.853125 0.5062500000000002 0.7625 0.5062500000000002 0.7625 0.5375000000000002 0.853125 0.5375000000000002
0 0.1859375000000001 0.5546875 0.1312500000000001 0.5546875 0.1312500000000001 0.5734375 0.1859375000000001 0.5734375
0 0.3046875000000001 0.553125 0.21093750000000008 0.553125 0.21093750000000008 0.575 0.3046875000000001 0.575
0 0.4125 0.5546875 0.32500000000000007 0.5546875 0.32500000000000007 0.575 0.4125 0.575
0 0.5109375 0.5546875 0.4171875 0.5546875 0.4171875 0.5765625 0.5109375 0.5765625
0 0.6203125 0.553125 0.534375 0.553125 0.534375 0.5765625 0.6203125 0.5765625
0 0.7265625 0.5546875000000001 0.634375 0.5546875 0.634375 0.5781250000000001 0.7265625 0.5781250000000002
0 0.8296875 0.5531250000000002 0.7484375 0.5531250000000002 0.7484375 0.5765625000000002 0.8296875 0.5765625000000002
0 0.3390625000000001 0.6 0.1375000000000001 0.6 0.1375000000000001 0.6265625 0.3390625000000001 0.6265625
0 0.421875 0.6015625 0.3578125000000001 0.6015625 0.3578125000000001 0.625 0.421875 0.625
0 0.5546875 0.603125 0.4359375 0.603125 0.4359375 0.634375 0.5546875 0.634375
0 0.7125 0.6015625 0.571875 0.6015625 0.571875 0.6375 0.7125 0.6375
0 0.775 0.6062500000000002 0.7390625 0.6062500000000002 0.7390625 0.6265625000000001 0.775 0.6265625000000001
0 0.21875000000000008 0.6546875 0.1359375000000001 0.6546875 0.1359375000000001 0.675 0.21875000000000008 0.675
0 0.3031250000000001 0.6640625 0.24218750000000008 0.6640625 0.24218750000000008 0.68125 0.3031250000000001 0.68125
0 0.425 0.6515625 0.3234375000000001 0.6515625 0.3234375000000001 0.678125 0.425 0.678125
0 0.5453125 0.6578125 0.4375 0.6578125 0.4375 0.684375 0.5453125 0.684375
0 0.61875 0.6515625 0.553125 0.6515625 0.553125 0.6828125 0.61875 0.6828125
0 0.6796875 0.65625 0.628125 0.65625 0.628125 0.675 0.6796875 0.675
0 0.7140625 0.675 0.7 0.675 0.7 0.6828125 0.7140625 0.6828125
0 0.8390625 0.6562500000000002 0.7375 0.6562500000000002 0.7375 0.6781250000000002 0.8390625 0.6781250000000002
0 0.17343750000000008 0.703125 0.13437500000000008 0.703125 0.13437500000000008 0.7328125 0.17343750000000008 0.7328125
0 0.3906250000000001 0.7 0.2000000000000001 0.7 0.2000000000000001 0.7265625 0.3906250000000001 0.7265625
0 0.534375 0.7046875 0.4234375 0.7046875 0.4234375000000001 0.7421875 0.5343750000000002 0.7421875
0 0.56875 0.703125 0.55625 0.703125 0.55625 0.7125 0.56875 0.7125