0 0.15937500000000004 0.2015625 0.14218750000000005 0.2015625 0.14218750000000005 0.2203125 0.15937500000000004 0.2203125
0 0.2359375 0.20625 0.18125000000000005 0.20625 0.18125000000000005 0.2203125 0.2359375 0.2203125
0 0.303125 0.2 0.2625 0.2 0.2625 0.2203125 0.303125 0.2203125
0 0.4046875 0.20000000000000004 0.3171875 0.2 0.3171875 0.21875000000000006 0.4046875 0.21875000000000008
0 0.4796875 0.20312500000000008 0.4265625 0.20312500000000008 0.4265625 0.22031250000000008 0.4796875 0.22031250000000008
0 0.6375 0.2000000000000001 0.4984375 0.2000000000000001 0.4984375 0.22031250000000008 0.6375 0.22031250000000008
0 0.740625 0.2000000000000001 0.6625 0.2000000000000001 0.6625 0.22031250000000008 0.740625 0.22031250000000008
0 0.85 0.2015625000000001 0.7625 0.2015625000000001 0.7625 0.22031250000000008 0.85 0.22031250000000008
0 0.2203125 0.2515625 0.13125000000000003 0.2515625 0.13125000000000003 0.2703125 0.2203125 0.2703125
0 0.3640625 0.25000000000000006 0.2453125 0.25 0.2453125 0.28437500000000004 0.3640625 0.2843750000000001
0 0.4125 0.2531250000000001 0.3875 0.2531250000000001 0.3875 0.2687500000000001 0.4125 0.2687500000000001
0 0.4859375 0.2515625000000001 0.4390625 0.2515625000000001 0.4390625 0.27031250000000007 0.4859375 0.27031250000000007
0 0.6390625 0.2562500000000001 0.503125 0.2562500000000001 0.503125 0.2734375000000001 0.6390625 0.2734375000000001
0 0.6828125 0.2468750000000001 0.6546875 0.2468750000000001 0.6546875 0.27812500000000007 0.6828125 0.27812500000000007
0 0.7515625 0.2500000000000001 0.7 0.2500000000000001 0.7 0.27031250000000007 0.7515625 0.27031250000000007
0 0.28125 0.2984375 0.13750000000000004 0.2984375 0.13750000000000004 0.321875 0.28125 0.321875
0 0.328125 0.3 0.303125 0.3 0.303125 0.3296875 0.328125 0.3296875
0 0.4015625 0.30000000000000004 0.359375 0.3 0.359375 0.321875 0.4015625 0.3218750000000001
0 0.5015625 0.2984375000000001 0.4234375 0.2984375000000001 0.4234375 0.3312500000000001 0.5015625 0.3312500000000001
0 0.68125 0.3000000000000001 0.521875 0.3000000000000001 0.521875 0.33281250000000007 0.68125 0.33281250000000007
0 0.7359375 0.2984375000000001 0.690625 0.2984375000000001 0.690625 0.3312500000000001 0.7359375 0.3312500000000001
0 0.8546875 0.3000000000000001 0.7453125 0.3000000000000001 0.7453125 0.3390625000000001 0.8546875 0.3390625000000001
0 0.14687500000000003 0.3578125 0.13437500000000005 0.3578125 0.13437500000000005 0.371875 0.14687500000000003 0.371875
0 0.259375 0.353125 0.17031250000000003 0.353125 0.17031250000000003 0.371875 0.2593750000000001 0.371875
0 0.30781250000000004 0.35 0.28125 0.35 0.28125000000000006 0.38125 0.3078125000000001 0.38125
0 0.37500000000000006 0.353125 0.3265625 0.353125 0.32656250000000003 0.37343750000000003 0.3750000000000001 0.3734375000000001
0 0.4859375 0.3578125000000001 0.409375 0.3578125000000001 0.409375 0.37968750000000007 0.4859375 0.37968750000000007
0 0.4953125 0.3687500000000001 0.4921875 0.3687500000000001 0.4921875 0.3734375000000001 0.4953125 0.3734375000000001
0 0.5625 0.3468750000000001 0.5078125 0.3468750000000001 0.5078125 0.3734375000000001 0.5625 0.3734375000000001
0 0.765625 0.34843750000000007 0.5859375 0.34843750000000007 0.5859375 0.37187500000000007 0.765625 0.37187500000000007
0 0.2687500000000001 0.4015625 0.13281250000000006 0.4015625 0.13281250000000006 0.4328125 0.2687500000000001 0.4328125
0 0.525 0.4015625 0.2968750000000001 0.4015625 0.2968750000000001 0.4375 0.525 0.4375
0 0.625 0.4015625 0.5609375 0.4015625 0.5609375 0.421875 0.625 0.421875
0 0.7546875 0.3968750000000001 0.6390625 0.3968750000000001 0.6390625 0.4250000000000001 0.7546875 0.42500000000000016
0 0.834375 0.4000000000000002 0.7765625 0.4000000000000002 0.7765625 0.42187500000000017 0.834375 0.42187500000000017
0 0.17812500000000003 0.446875 0.13593750000000004 0.446875 0.13593750000000004 0.471875 0.17812500000000003 0.471875
0 0.4125 0.4515625 0.2000000000000001 0.4515625 0.2000000000000001 0.4875 0.4125 0.4875
0 0.5 0.4453125 0.4421875 0.4453125 0.4421875 0.4859375 0.5 0.4859375
0 0.5921875 0.459375 0.525 0.459375 0.525 0.475 0.5921875 0.475
0 0.6828125 0.453125 0.6109375 0.453125 0.6109375 0.4734375 0.6828125 0.4734375
0 0.7828125 0.4531250000000001 0.6984375 0.453125 0.6984375 0.4875000000000001 0.7828125 0.48750000000000016
0 0.84375 0.4468750000000002 0.796875 0.4468750000000002 0.796875 0.4890625000000002 0.84375 0.4890625000000002
0 0.15312500000000004 0.5078125 0.13906250000000003 0.5078125 0.13906250000000003 0.5234375 0.15312500000000004 0.5234375
0 0.2500000000000001 0.5046875 0.17500000000000004 0.5046875 0.17500000000000004 0.5234375 0.2500000000000001 0.5234375
0 0.2640625000000001 0.5171875 0.26250000000000007 0.5171875 0.26250000000000007 0.5234375 0.2640625000000001 0.5234375
0 0.446875 0.4953125 0.2828125000000001 0.4953125 0.2828125000000001 0.5375 0.446875 0.5375
0 0.5625 0.5015625 0.4734375 0.5015625 0.4734375 0.5234375 0.5625 0.5234375
0 0.6875 0.5 0.59375 0.5 0.59375 0.525 0.6875 0.525
0 0.7203125 0.4984375 0.7078125 0.4984375 0.7078125 0.525 0.7203125 0.525
0 0.778125 0.4984375000000002 0.728125 0.4984375000000002 0.728125 0.5234375000000002 0.778125 0.5234375000000002
0 0.85625 0.5000000000000002 0.7890625 0.5000000000000002 0.7890625 0.5234375000000002 0.85625 0.5234375000000002
0 0.8890625 0.49218750000000017 0.85625 0.49218750000000017 0.85625 0.5250000000000001 0.8890625 0.5250000000000001
0 0.1828125000000001 0.5546875 0.13281250000000008 0.5546875 0.13281250000000008 0.5734375 0.1828125000000001 0.5734375
0 0.3000000000000001 0.5484375 0.2093750000000001 0.5484375 0.2093750000000001 0.575 0.3000000000000001 0.575
0 0.3812500000000001 0.5515625 0.32500000000000007 0.5515625 0.32500000000000007 0.5734375 0.3812500000000001 0.5734375
0 0.4140625 0.55 0.40625 0.55 0.40625 0.5734375 0.4140625 0.5734375
0 0.465625 0.55 0.41875 0.55 0.41875 0.571875 0.465625 0.571875
0 0.625 0.55 0.475 0.55 0.475 0.590625 0.625 0.590625
0 0.7515625 0.5437500000000001 0.646875 0.54375 0.646875 0.5937500000000001 0.7515625 0.5937500000000002
0 0.7953125 0.5609375000000002 0.76875 0.5609375000000002 0.76875 0.5781250000000002 0.7953125 0.5781250000000002
0 0.8421875 0.5609375000000002 0.7953125 0.5609375000000002 0.7953125 0.5750000000000002 0.8421875 0.5750000000000002
0 0.2062500000000001 0.6 0.1390625000000001 0.6 0.1390625000000001 0.6390625 0.2062500000000001 0.6390625
0 0.2687500000000001 0.5984375 0.22812500000000008 0.5984375 0.22812500000000008 0.6359375 0.2687500000000001 0.6359375
0 0.3187500000000001 0.609375 0.3000000000000001 0.609375 0.3000000000000001 0.625 0.3187500000000001 0.625
0 0.44375 0.6015625 0.3437500000000001 0.6015625 0.3437500000000001 0.6265625 0.44375 0.6265625
0 0.4546875 0.6203125 0.4515625 0.6203125 0.4515625 0.625 0.4546875 0.625