0 0.2015625 0.2546875 0.14843750000000006 0.2546875 0.14843750000000006 0.284375 0.2015625 0.284375
0 0.3234375 0.2546875 0.2265625 0.2546875 0.2265625 0.275 0.3234375 0.275
0 0.3921875 0.25468750000000007 0.34375 0.2546875 0.34375 0.27187500000000003 0.3921875 0.2718750000000001
0 0.46875 0.25468750000000007 0.409375 0.25468750000000007 0.409375 0.2734375000000001 0.46875 0.2734375000000001
0 0.5515625 0.2562500000000001 0.4921875 0.2562500000000001 0.4921875 0.2750000000000001 0.5515625 0.2750000000000001
0 0.7109375 0.2578125000000001 0.571875 0.2578125000000001 0.571875 0.2875000000000001 0.7109375 0.2875000000000001
0 0.796875 0.2578125000000001 0.7359375 0.2578125000000001 0.7359375 0.2750000000000001 0.796875 0.2750000000000001
0 0.84375 0.25468750000000007 0.815625 0.25468750000000007 0.815625 0.2812500000000001 0.84375 0.2812500000000001
0 0.215625 0.3203125 0.14375000000000004 0.3203125 0.14375000000000004 0.33125 0.215625 0.33125
0 0.3578125 0.3125 0.25 0.3125 0.25 0.34375 0.3578125 0.34375
0 0.4046875 0.3140625000000001 0.3828125 0.3140625000000001 0.3828125 0.3281250000000001 0.4046875 0.3281250000000001
0 0.5140625 0.3109375000000001 0.4296875 0.3109375000000001 0.4296875 0.34062500000000007 0.5140625 0.34062500000000007
0 0.6234375 0.3109375000000001 0.5359375 0.3109375000000001 0.5359375 0.3281250000000001 0.6234375 0.3281250000000001
0 0.6765625 0.3125000000000001 0.64375 0.3125000000000001 0.64375 0.3421875000000001 0.6765625 0.3421875000000001
0 0.75625 0.3125000000000001 0.6953125 0.3125000000000001 0.6953125 0.3296875000000001 0.75625 0.3296875000000001
0 0.8375 0.30937500000000007 0.7734375 0.30937500000000007 0.7734375 0.3265625000000001 0.8375 0.3265625000000001
0 0.24843750000000003 0.3625 0.14062500000000006 0.3625 0.14062500000000006 0.3828125 0.2484375000000001 0.3828125
0 0.4125 0.36562500000000003 0.2812500000000001 0.365625 0.2812500000000001 0.3921875 0.4125 0.3921875000000001
0 0.475 0.36406250000000007 0.434375 0.36406250000000007 0.434375 0.37968750000000007 0.475 0.37968750000000007
0 0.546875 0.36406250000000007 0.4984375 0.36406250000000007 0.4984375 0.3812500000000001 0.546875 0.3812500000000001
0 0.675 0.3593750000000001 0.56875 0.3593750000000001 0.56875 0.3812500000000001 0.675 0.3812500000000001
0 0.690625 0.3750000000000001 0.6875 0.3750000000000001 0.6875 0.3781250000000001 0.690625 0.3781250000000001
0 0.796875 0.3593750000000001 0.7140625 0.3593750000000001 0.7140625 0.38750000000000007 0.796875 0.38750000000000007
0 0.859375 0.3609375000000001 0.821875 0.3609375000000001 0.821875 0.3734375000000001 0.859375 0.3734375000000001
0 0.2296875000000001 0.4125 0.14375000000000004 0.4125 0.14375000000000004 0.446875 0.2296875000000001 0.446875
0 0.4484375 0.4125 0.2593750000000001 0.4125 0.2593750000000001 0.43125 0.4484375 0.43125
0 0.6125 0.415625 0.4796875 0.415625 0.4796875 0.440625 0.6125 0.440625
0 0.703125 0.41875 0.6359375 0.41875 0.6359375 0.4375 0.703125 0.4375
0 0.778125 0.41875000000000007 0.725 0.41875 0.725 0.4281250000000001 0.778125 0.4281250000000002
0 0.890625 0.4125000000000002 0.7921875 0.4125000000000002 0.7921875 0.4359375000000002 0.890625 0.4359375000000002
0 0.8953125 0.4265625000000002 0.8921875 0.4265625000000002 0.8921875 0.4281250000000002 0.8953125 0.4281250000000002
0 0.17968750000000006 0.4640625 0.14062500000000006 0.4640625 0.14062500000000006 0.4828125 0.17968750000000006 0.4828125
0 0.32500000000000007 0.465625 0.2140625000000001 0.465625 0.2140625000000001 0.49375 0.32500000000000007 0.49375
0 0.3421875000000001 0.4765625 0.3390625000000001 0.4765625 0.3390625000000001 0.4828125 0.3421875000000001 0.4828125
0 0.4375 0.4625 0.3703125000000001 0.4625 0.3703125000000001 0.4796875 0.4375 0.4796875
0 0.54375 0.4703125 0.4609375 0.4703125 0.4609375 0.48125 0.54375 0.48125
0 0.590625 0.4640625 0.5703125 0.4640625 0.5703125 0.4796875 0.590625 0.4796875
0 0.6390625 0.4703125 0.6109375 0.4703125 0.6109375 0.478125 0.6390625 0.478125
0 0.8140625 0.4609375000000001 0.6578125 0.4609375 0.6578125 0.48906250000000007 0.8140625 0.4890625000000002
0 0.9109375 0.4625000000000002 0.8296875 0.4625000000000002 0.8296875 0.49218750000000017 0.9109375 0.49218750000000017
0 0.91875 0.47968750000000016 0.9171875 0.47968750000000016 0.9171875 0.4812500000000002 0.91875 0.4812500000000002
0 0.18125000000000005 0.515625 0.14375000000000004 0.515625 0.14375000000000004 0.5328125 0.18125000000000005 0.5328125
0 0.31718750000000007 0.5140625 0.2000000000000001 0.5140625 0.2000000000000001 0.5328125 0.31718750000000007 0.5328125
0 0.4390625 0.5140625 0.3390625000000001 0.5140625 0.3390625000000001 0.5390625 0.4390625 0.5390625
0 0.4953125 0.5125 0.4578125 0.5125 0.4578125 0.5421875 0.4953125 0.5421875
0 0.56875 0.51875 0.515625 0.51875 0.515625 0.5296875 0.56875 0.5296875
0 0.6703125 0.5109375 0.584375 0.5109375 0.584375 0.5296875 0.6703125 0.5296875
0 0.8171875 0.5125000000000001 0.690625 0.5125 0.690625 0.5406250000000001 0.8171875 0.5406250000000001
0 0.853125 0.5093750000000001 0.8359375 0.5093750000000001 0.8359375 0.5265625000000002 0.853125 0.5265625000000002
0 0.1750000000000001 0.571875 0.1437500000000001 0.571875 0.1437500000000001 0.58125 0.1750000000000001 0.58125
0 0.27031250000000007 0.56875 0.2062500000000001 0.56875 0.2062500000000001 0.58125 0.27031250000000007 0.58125
0 0.3265625000000001 0.5671875 0.2921875000000001 0.5671875 0.2921875000000001 0.58125 0.3265625000000001 0.58125
0 0.528125 0.5640625 0.3515625000000001 0.5640625 0.3515625000000001 0.5921875 0.528125 0.5921875
0 0.665625 0.5625 0.553125 0.5625 0.553125 0.5796875 0.665625 0.5796875
0 0.7546875 0.5640625000000001 0.690625 0.5640625 0.690625 0.5781250000000001 0.7546875 0.5781250000000002
0 0.828125 0.5609375000000002 0.775 0.5609375000000002 0.775 0.5781250000000002 0.828125 0.5781250000000002
0 0.88125 0.5609375000000002 0.8421875 0.5609375000000002 0.8421875 0.5750000000000002 0.88125 0.5750000000000002
0 0.1984375000000001 0.6234375 0.14843750000000008 0.6234375 0.14843750000000008 0.634375 0.1984375000000001 0.634375
0 0.2531250000000001 0.6125 0.2250000000000001 0.6125 0.2250000000000001 0.64375 0.2531250000000001 0.64375
0 0.3156250000000001 0.6125 0.2765625000000001 0.6125 0.2765625000000001 0.63125 0.3156250000000001 0.63125
0 0.4546875 0.6171875 0.3421875000000001 0.6171875 0.3421875000000001 0.64375 0.4546875 0.64375
0 0.471875 0.6296875 0.46875 0.6296875 0.46875 0.63125 0.471875 0.63125
0 0.5140625 0.6125 0.496875 0.6125 0.496875 0.6296875 0.5140625 0.6296875
0 0.6921875 0.6140625 0.540625 0.6140625 0.540625 0.6296875 0.6921875 0.6296875
0 0.79375 0.6171875000000001 0.71875 0.6171875 0.71875 0.6375000000000001 0.79375 0.6375000000000002
0 0.8640625 0.6062500000000002 0.809375 0.6062500000000002 0.809375 0.6265625000000001 0.8640625 0.6265625000000001
0 0.27031250000000007 0.6609375 0.1453125000000001 0.6609375 0.1453125000000001 0.696875 0.27031250000000007 0.696875
0 0.35625000000000007 0.6625 0.2890625000000001 0.6625 0.2890625000000001 0.68125 0.35625000000000007 0.68125
0 0.453125 0.6609375 0.37968750000000007 0.6609375 0.37968750000000007 0.6921875 0.453125 0.6921875
0 0.528125 0.6625 0.4796875 0.6625 0.4796875 0.6796875 0.528125 0.6796875
0 0.71875 0.659375 0.5453125 0.659375 0.5453125 0.6796875 0.71875 0.6796875
0 0.759375 0.6703125000000002 0.7453125 0.6703125000000002 0.7453125 0.6781250000000002 0.759375 0.6781250000000002
0 0.8265625 0.6625000000000002 0.775 0.6625000000000002 0.775 0.6906250000000002 0.8265625 0.6906250000000002
0 0.86875 0.6609375000000002 0.8421875 0.6609375000000002 0.8421875 0.6906250000000002 0.86875 0.6906250000000002
0 0.24375000000000008 0.7125 0.1375000000000001 0.7125 0.1375000000000001 0.7421875 0.24375000000000008 0.7421875
0 0.42656250000000007 0.7140625 0.2671875000000001 0.7140625 0.2671875000000001 0.73125 0.4265625000000002 0.73125
0 0.45000000000000007 0.725 0.4453125 0.725 0.4453125000000001 0.73125 0.4500000000000002 0.73125
0 0.5203125000000001 0.709375 0.465625 0.709375 0.46562500000000007 0.728125 0.5203125000000002 0.728125
0 0.5750000000000001 0.7109375 0.5390625 0.7109375 0.5390625000000001 0.728125 0.5750000000000002 0.728125
0 0.6609375000000001 0.7109375 0.596875 0.7109375 0.596875 0.7421875 0.6609375000000002 0.7421875
0 0.7562500000000001 0.70625 0.678125 0.70625 0.6781250000000001 0.7406250000000001 0.7562500000000002 0.7406250000000002
0 0.8203125 0.7171875000000002 0.7796875 0.7171875000000002 0.7796875 0.7250000000000002 0.8203125 0.7250000000000002
0 0.8875 0.7109375000000002 0.84375 0.7109375000000002 0.84375 0.7265625000000002 0.8875 0.7265625000000002