0 0.15781250000000005 0.2484375 0.13750000000000004 0.2484375 0.13750000000000004 0.271875 0.15781250000000005 0.271875
0 0.2375 0.25 0.16406250000000006 0.25 0.16406250000000006 0.2734375 0.2375 0.2734375
0 0.3328125 0.25 0.25 0.25 0.25 0.2734375 0.3328125 0.2734375
0 0.4265625 0.25312500000000004 0.3515625 0.253125 0.3515625 0.27656250000000004 0.4265625 0.2765625000000001
0 0.5 0.2578125000000001 0.4421875 0.2578125000000001 0.4421875 0.2750000000000001 0.5 0.2750000000000001
0 0.6328125 0.2515625000000001 0.5125 0.2515625000000001 0.5125 0.2734375000000001 0.6328125 0.2734375000000001
0 0.68125 0.2515625000000001 0.6421875 0.2515625000000001 0.6421875 0.2812500000000001 0.68125 0.2812500000000001
0 0.7421875 0.2515625000000001 0.684375 0.2515625000000001 0.684375 0.2812500000000001 0.7421875 0.2812500000000001
0 0.821875 0.2531250000000001 0.7484375 0.2531250000000001 0.7484375 0.2875000000000001 0.821875 0.2875000000000001
0 0.17031250000000003 0.3046875 0.13281250000000006 0.3046875 0.13281250000000006 0.340625 0.17031250000000003 0.340625
0 0.3765625 0.30000000000000004 0.18437500000000004 0.3 0.18437500000000004 0.33281250000000007 0.3765625 0.33281250000000007
0 0.453125 0.3062500000000001 0.390625 0.3062500000000001 0.390625 0.32500000000000007 0.453125 0.32500000000000007
0 0.459375 0.3234375000000001 0.4578125 0.3234375000000001 0.4578125 0.32500000000000007 0.459375 0.32500000000000007
0 0.7265625 0.3000000000000001 0.471875 0.3000000000000001 0.471875 0.32500000000000007 0.7265625 0.32500000000000007
0 0.7796875 0.2984375000000001 0.7421875 0.2984375000000001 0.7421875 0.3218750000000001 0.7796875 0.3218750000000001
0 0.8765625 0.2968750000000001 0.7890625 0.2968750000000001 0.7890625 0.3421875000000001 0.8765625 0.3421875000000001
0 0.20781250000000004 0.346875 0.12343750000000005 0.346875 0.12343750000000005 0.3734375 0.2078125000000001 0.3734375
0 0.39062500000000006 0.35156250000000006 0.2171875 0.3515625 0.21718750000000003 0.37500000000000006 0.3906250000000001 0.3750000000000001
0 0.4484375 0.3531250000000001 0.4109375 0.3531250000000001 0.4109375 0.3734375000000001 0.4484375 0.3734375000000001
0 0.4828125 0.35625000000000007 0.459375 0.35625000000000007 0.459375 0.3734375000000001 0.4828125 0.3734375000000001
0 0.5640625 0.3468750000000001 0.4953125 0.3468750000000001 0.4953125 0.3750000000000001 0.5640625 0.3750000000000001
0 0.7328125 0.3468750000000001 0.5765625 0.3468750000000001 0.5765625 0.3812500000000001 0.7328125 0.3812500000000001
0 0.7359375 0.37187500000000007 0.734375 0.37187500000000007 0.734375 0.3734375000000001 0.7359375 0.3734375000000001
0 0.7390625 0.3656250000000001 0.7359375 0.3656250000000001 0.7359375 0.3671875000000001 0.7390625 0.3671875000000001
0 0.8125 0.3500000000000001 0.7453125 0.3500000000000001 0.7453125 0.3843750000000001 0.8125 0.3843750000000001
0 0.2000000000000001 0.3984375 0.12656250000000005 0.3984375 0.12656250000000005 0.4234375 0.2000000000000001 0.4234375
0 0.4125 0.4 0.2062500000000001 0.4 0.2062500000000001 0.4421875 0.4125 0.4421875
0 0.5171875 0.4 0.41875 0.4 0.41875 0.440625 0.5171875 0.440625
0 0.578125 0.4078125 0.53125 0.4078125 0.53125 0.4265625 0.578125 0.4265625
0 0.7625 0.4015625000000001 0.5921875 0.4015625 0.5921875 0.4437500000000001 0.7625 0.4437500000000002
0 0.7765625 0.3984375000000001 0.7625 0.3984375000000001 0.7625 0.42500000000000016 0.7765625 0.42500000000000016
0 0.7828125 0.3984375000000001 0.7796875 0.3984375000000001 0.7796875 0.4078125000000002 0.7828125 0.4078125000000002
0 0.859375 0.3984375000000001 0.790625 0.3984375000000001 0.790625 0.4421875000000002 0.859375 0.4421875000000002
0 0.2734375000000001 0.45 0.12500000000000006 0.45 0.12500000000000006 0.4734375 0.2734375000000001 0.4734375
0 0.425 0.453125 0.2843750000000001 0.453125 0.2843750000000001 0.4765625 0.425 0.4765625
0 0.5046875 0.4515625 0.44375 0.4515625 0.44375 0.475 0.5046875 0.475
0 0.6375 0.45625 0.5125 0.45625 0.5125 0.484375 0.6375 0.484375
0 0.6890625 0.453125 0.646875 0.453125 0.646875 0.4765625 0.6890625 0.4765625
0 0.8578125 0.45000000000000007 0.6984375 0.45 0.6984375 0.4781250000000001 0.8578125 0.4781250000000002
0 0.2218750000000001 0.5 0.12187500000000004 0.5 0.12187500000000004 0.540625 0.2218750000000001 0.540625
0 0.22656250000000008 0.5203125 0.2234375000000001 0.5203125 0.2234375000000001 0.5296875 0.22656250000000008 0.5296875
0 0.4046875 0.5 0.24218750000000008 0.5 0.24218750000000008 0.540625 0.4046875 0.540625
0 0.490625 0.4984375 0.4171875 0.4984375 0.4171875 0.525 0.490625 0.525
0 0.6234375 0.4984375 0.5125 0.4984375 0.5125 0.525 0.6234375 0.525
0 0.628125 0.5203125 0.621875 0.5203125 0.621875 0.5296875 0.628125 0.5296875
0 0.725 0.5 0.6375 0.5 0.6375 0.54375 0.725 0.54375
0 0.8359375 0.4984375000000002 0.73125 0.4984375000000002 0.73125 0.5265625000000002 0.8359375 0.5265625000000002
0 0.840625 0.5187500000000002 0.834375 0.5187500000000002 0.834375 0.5296875000000002 0.840625 0.5296875000000002
0 0.1937500000000001 0.55 0.12343750000000009 0.55 0.12343750000000009 0.575 0.1937500000000001 0.575
0 0.3859375000000001 0.5515625 0.2062500000000001 0.5515625 0.2062500000000001 0.5890625 0.3859375000000001 0.5890625
0 0.421875 0.5546875 0.3843750000000001 0.5546875 0.3843750000000001 0.575 0.421875 0.575
0 0.496875 0.546875 0.4296875 0.546875 0.4296875 0.5765625 0.496875 0.5765625
0 0.54375 0.55 0.5109375 0.55 0.5109375 0.575 0.54375 0.575
0 0.6328125 0.55 0.54375 0.55 0.54375 0.5765625 0.6328125 0.5765625
0 0.7203125 0.55 0.6421875 0.55 0.6421875 0.5765625 0.7203125 0.5765625
0 0.725 0.571875 0.7171875 0.571875 0.7171875 0.5875 0.725 0.5875
0 0.8125 0.5531250000000002 0.7390625 0.5531250000000002 0.7390625 0.5765625000000002 0.8125 0.5765625000000002
0 0.16562500000000008 0.6015625 0.1281250000000001 0.6015625 0.1281250000000001 0.6265625 0.16562500000000008 0.6265625
0 0.27031250000000007 0.596875 0.1781250000000001 0.596875 0.1781250000000001 0.625 0.27031250000000007 0.625
0 0.2734375000000001 0.6203125 0.27031250000000007 0.6203125 0.27031250000000007 0.621875 0.2734375000000001 0.621875