0 0.12656250000000005 0.1953125 0.11093750000000005 0.1953125 0.11093750000000005 0.20625 0.12656250000000005 0.20625
0 0.15625000000000006 0.20625 0.12968750000000004 0.20625 0.12968750000000004 0.2265625 0.15625000000000006 0.2265625
0 0.18593750000000003 0.2140625 0.17031250000000003 0.2140625 0.17031250000000003 0.2296875 0.18593750000000003 0.2296875
0 0.2546875 0.2078125 0.2078125 0.2078125 0.2078125 0.2265625 0.2546875 0.2265625
0 0.3078125 0.20625 0.2796875 0.20625 0.2796875 0.2265625 0.3078125 0.2265625
0 0.4 0.21250000000000005 0.321875 0.2125 0.321875 0.22812500000000005 0.4 0.22812500000000008
0 0.4375 0.2171875000000001 0.4234375 0.2171875000000001 0.4234375 0.22656250000000008 0.4375 0.22656250000000008
0 0.528125 0.2093750000000001 0.45625 0.2093750000000001 0.45625 0.23593750000000008 0.528125 0.23593750000000008
0 0.5625 0.2078125000000001 0.5328125 0.2078125000000001 0.5328125 0.23593750000000008 0.5625 0.23593750000000008
0 0.6421875 0.21250000000000008 0.5765625 0.21250000000000008 0.5765625 0.2375000000000001 0.6421875 0.2375000000000001
0 0.71875 0.2062500000000001 0.66875 0.2062500000000001 0.66875 0.24218750000000008 0.71875 0.24218750000000008
0 0.828125 0.20468750000000008 0.740625 0.20468750000000008 0.740625 0.22812500000000008 0.828125 0.22812500000000008
0 0.19687500000000005 0.2578125 0.12968750000000004 0.2578125 0.12968750000000004 0.2875 0.19687500000000005 0.2875
0 0.3390625 0.259375 0.21875 0.259375 0.21875 0.278125 0.3390625 0.278125
0 0.484375 0.259375 0.35625 0.259375 0.35625 0.27656250000000004 0.484375 0.2765625000000001
0 0.5640625 0.2578125000000001 0.5046875 0.2578125000000001 0.5046875 0.27812500000000007 0.5640625 0.27812500000000007
0 0.628125 0.2593750000000001 0.5890625 0.2593750000000001 0.5890625 0.27812500000000007 0.628125 0.27812500000000007
0 0.7703125 0.2578125000000001 0.6359375 0.2578125000000001 0.6359375 0.2890625000000001 0.7703125 0.2890625000000001
0 0.8484375 0.2578125000000001 0.7921875 0.2578125000000001 0.7921875 0.2765625000000001 0.8484375 0.2765625000000001
0 0.2328125 0.309375 0.13281250000000006 0.309375 0.13281250000000006 0.340625 0.2328125 0.340625
0 0.2671875 0.3078125 0.253125 0.3078125 0.253125 0.321875 0.2671875 0.321875
0 0.3359375 0.3125 0.284375 0.3125 0.284375 0.3296875 0.3359375 0.3296875
0 0.45625 0.31093750000000003 0.359375 0.3109375 0.359375 0.32812500000000006 0.45625 0.3281250000000001
0 0.4703125 0.3281250000000001 0.4671875 0.3281250000000001 0.4671875 0.3296875000000001 0.4703125 0.3296875000000001
0 0.49375 0.3046875000000001 0.48125 0.3046875000000001 0.48125 0.3140625000000001 0.49375 0.3140625000000001
0 0.565625 0.3078125000000001 0.5125 0.3078125000000001 0.5125 0.3281250000000001 0.565625 0.3281250000000001
0 0.609375 0.30937500000000007 0.5765625 0.30937500000000007 0.5765625 0.3234375000000001 0.609375 0.3234375000000001
0 0.6703125 0.30937500000000007 0.628125 0.30937500000000007 0.628125 0.3421875000000001 0.6703125 0.3421875000000001
0 0.7875 0.3078125000000001 0.6828125 0.3078125000000001 0.6828125 0.3390625000000001 0.7875 0.3390625000000001
0 0.85625 0.3109375000000001 0.8140625 0.3109375000000001 0.8140625 0.3265625000000001 0.85625 0.3265625000000001
0 0.19062500000000004 0.3609375 0.13593750000000004 0.3609375 0.13593750000000004 0.378125 0.19062500000000004 0.378125
0 0.2218750000000001 0.3703125 0.20468750000000008 0.3703125 0.20468750000000008 0.38125 0.2218750000000001 0.38125
0 0.290625 0.359375 0.24375 0.359375 0.24375000000000005 0.3875 0.2906250000000001 0.3875
0 0.415625 0.35937500000000006 0.3078125 0.359375 0.30781250000000004 0.38281250000000006 0.415625 0.3828125000000001
0 0.4765625 0.3671875000000001 0.4328125 0.3671875000000001 0.4328125 0.38750000000000007 0.4765625 0.38750000000000007
0 0.5453125 0.3578125000000001 0.5015625 0.3578125000000001 0.5015625 0.3781250000000001 0.5453125 0.3781250000000001
0 0.6546875 0.3609375000000001 0.5609375 0.3609375000000001 0.5609375 0.3781250000000001 0.6546875 0.3781250000000001
0 0.7375 0.3625000000000001 0.6734375 0.3625000000000001 0.6734375 0.3765625000000001 0.7375 0.3765625000000001
0 0.8640625 0.3578125000000001 0.7578125 0.3578125000000001 0.7578125 0.37968750000000007 0.8640625 0.37968750000000007
0 0.16562500000000005 0.409375 0.14062500000000006 0.409375 0.14062500000000006 0.440625 0.16562500000000005 0.440625
0 0.2578125000000001 0.409375 0.19687500000000005 0.409375 0.19687500000000005 0.4265625 0.2578125000000001 0.4265625
0 0.3187500000000001 0.409375 0.2765625000000001 0.409375 0.2765625000000001 0.428125 0.3187500000000001 0.428125
0 0.3781250000000001 0.409375 0.3390625000000001 0.409375 0.3390625000000001 0.4265625 0.3781250000000001 0.4265625
0 0.434375 0.409375 0.3906250000000001 0.409375 0.3906250000000001 0.4375 0.434375 0.4375
0 0.48125 0.4125 0.446875 0.4125 0.446875 0.43125 0.48125 0.43125
0 0.553125 0.41875 0.5 0.41875 0.5 0.44375 0.553125 0.44375
0 0.6421875 0.4125 0.571875 0.4125 0.571875 0.4296875 0.6421875 0.4296875
0 0.740625 0.41093750000000007 0.6609375 0.4109375 0.6609375 0.4296875000000001 0.740625 0.42968750000000017
0 0.84375 0.4109375000000002 0.7546875 0.4109375000000002 0.7546875 0.43750000000000017 0.84375 0.43750000000000017
0 0.2250000000000001 0.459375 0.14218750000000005 0.459375 0.14218750000000005 0.478125 0.2250000000000001 0.478125
0 0.31718750000000007 0.4625 0.24375000000000008 0.4625 0.24375000000000008 0.48125 0.31718750000000007 0.48125
0 0.3765625000000001 0.4625 0.3421875000000001 0.4625 0.3421875000000001 0.4796875 0.3765625000000001 0.4796875
0 0.4546875 0.4640625 0.3984375000000001 0.4640625 0.3984375000000001 0.48125 0.4546875 0.48125
0 0.515625 0.4625 0.465625 0.4625 0.465625 0.4796875 0.515625 0.4796875
0 0.5578125 0.4609375 0.540625 0.4609375 0.540625 0.4796875 0.5578125 0.4796875
0 0.65625 0.4609375 0.575 0.4609375 0.575 0.49375 0.65625 0.49375
0 0.690625 0.45625 0.6796875 0.45625 0.6796875 0.4640625 0.690625 0.4640625
0 0.746875 0.4687500000000001 0.6890625 0.46875 0.6890625 0.4796875000000001 0.746875 0.47968750000000016
0 0.8125 0.46093750000000017 0.765625 0.46093750000000017 0.765625 0.4812500000000002 0.8125 0.4812500000000002
0 0.865625 0.47187500000000016 0.840625 0.47187500000000016 0.840625 0.47968750000000016 0.865625 0.47968750000000016
0 0.2453125000000001 0.50625 0.14218750000000005 0.50625 0.14218750000000005 0.5328125 0.2453125000000001 0.5328125
0 0.3375000000000001 0.5125 0.27031250000000007 0.5125 0.27031250000000007 0.534375 0.3375000000000001 0.534375
0 0.3593750000000001 0.50625 0.3515625000000001 0.50625 0.3515625000000001 0.5140625 0.3593750000000001 0.5140625
0 0.3546875000000001 0.53125 0.3515625000000001 0.53125 0.3515625000000001 0.5328125 0.3546875000000001 0.5328125