0 0.2078125 0.228125 0.16875000000000004 0.228125 0.16875000000000004 0.25 0.2078125 0.25
0 0.2984375 0.2265625 0.246875 0.2265625 0.246875 0.265625 0.2984375 0.265625
0 0.4546875 0.22656250000000006 0.3390625 0.2265625 0.3390625 0.26875000000000004 0.4546875 0.2687500000000001
0 0.5640625 0.2390625000000001 0.4953125 0.2390625000000001 0.4953125 0.2531250000000001 0.5640625 0.2531250000000001
0 0.659375 0.2312500000000001 0.5953125 0.2312500000000001 0.5953125 0.2671875000000001 0.659375 0.2671875000000001
0 0.7390625 0.2312500000000001 0.6875 0.2312500000000001 0.6875 0.2531250000000001 0.7390625 0.2531250000000001
0 0.7984375 0.2312500000000001 0.759375 0.2312500000000001 0.759375 0.2531250000000001 0.7984375 0.2531250000000001
0 0.846875 0.2453125000000001 0.815625 0.2453125000000001 0.815625 0.2515625000000001 0.846875 0.2515625000000001
0 0.2515625 0.28125 0.16875000000000004 0.28125 0.16875000000000004 0.3125 0.2515625 0.3125
0 0.409375 0.28437500000000004 0.2875 0.284375 0.2875 0.30781250000000004 0.409375 0.3078125000000001
0 0.4890625 0.2828125000000001 0.45 0.2828125000000001 0.45 0.3031250000000001 0.4890625 0.3031250000000001
0 0.5703125 0.2906250000000001 0.51875 0.2906250000000001 0.51875 0.3125000000000001 0.5703125 0.3125000000000001
0 0.66875 0.2812500000000001 0.6125 0.2812500000000001 0.6125 0.3125000000000001 0.66875 0.3125000000000001
0 0.728125 0.28593750000000007 0.696875 0.28593750000000007 0.696875 0.3140625000000001 0.728125 0.3140625000000001
0 0.7828125 0.28593750000000007 0.753125 0.28593750000000007 0.753125 0.3031250000000001 0.7828125 0.3031250000000001
0 0.9171875 0.28593750000000007 0.8046875 0.28593750000000007 0.8046875 0.3062500000000001 0.9171875 0.3062500000000001
0 0.2578125 0.3296875 0.16406250000000006 0.3296875 0.16406250000000006 0.353125 0.2578125 0.353125
0 0.284375 0.34375 0.2625 0.34375 0.2625 0.3515625 0.284375 0.3515625
0 0.3421875 0.3296875 0.3109375 0.3296875 0.3109375 0.3546875 0.3421875 0.3546875
0 0.409375 0.3312500000000001 0.365625 0.3312500000000001 0.36562500000000003 0.3671875000000001 0.409375 0.3671875000000001
0 0.4234375 0.3515625000000001 0.4203125 0.3515625000000001 0.4203125 0.3578125000000001 0.4234375 0.3578125000000001
0 0.5515625 0.33281250000000007 0.4515625 0.33281250000000007 0.4515625 0.3531250000000001 0.5515625 0.3531250000000001
0 0.728125 0.3343750000000001 0.5734375 0.3343750000000001 0.5734375 0.3531250000000001 0.728125 0.3531250000000001
0 0.8359375 0.3312500000000001 0.7578125 0.3312500000000001 0.7578125 0.3546875000000001 0.8359375 0.3546875000000001
0 0.9484375 0.3359375000000001 0.85625 0.3359375000000001 0.85625 0.3531250000000001 0.9484375 0.3531250000000001
0 0.95625 0.35625000000000007 0.9515625 0.35625000000000007 0.9515625 0.3656250000000001 0.95625 0.3656250000000001
0 0.2250000000000001 0.3890625 0.16562500000000005 0.3890625 0.16562500000000005 0.403125 0.2250000000000001 0.403125
0 0.3140625000000001 0.38125 0.2609375000000001 0.38125 0.2609375000000001 0.4015625 0.3140625000000001 0.4015625
0 0.37187500000000007 0.384375 0.3390625000000001 0.384375 0.3390625000000001 0.403125 0.37187500000000007 0.403125
0 0.578125 0.3812500000000001 0.40625 0.3812500000000001 0.40625 0.4046875 0.578125 0.4046875
0 0.646875 0.38750000000000007 0.5828125 0.38750000000000007 0.5828125 0.40625 0.646875 0.40625
0 0.79375 0.3843750000000001 0.671875 0.3843750000000001 0.671875 0.4046875000000001 0.79375 0.4046875000000002
0 0.99375 0.3890625000000001 0.815625 0.3890625000000001 0.815625 0.4109375000000002 0.99375 0.4109375000000002
0 0.2328125000000001 0.43125 0.15781250000000005 0.43125 0.15781250000000005 0.4640625 0.2328125000000001 0.4640625
0 0.3109375000000001 0.440625 0.26250000000000007 0.440625 0.26250000000000007 0.453125 0.3109375000000001 0.453125
0 0.3468750000000001 0.44375 0.3343750000000001 0.44375 0.3343750000000001 0.4484375 0.3468750000000001 0.4484375
0 0.484375 0.434375 0.3703125000000001 0.434375 0.3703125000000001 0.4546875 0.484375 0.4546875
0 0.5421875 0.446875 0.515625 0.446875 0.515625 0.4546875 0.5421875 0.4546875
0 0.6515625 0.4375 0.5671875 0.4375 0.5671875 0.45625 0.6515625 0.45625
0 0.7140625 0.4453125 0.690625 0.4453125 0.690625 0.4546875 0.7140625 0.4546875
0 0.7765625 0.4343750000000002 0.740625 0.4343750000000002 0.740625 0.4546875000000002 0.7765625 0.4546875000000002
0 0.90625 0.4359375000000002 0.8015625 0.4359375000000002 0.8015625 0.4546875000000002 0.90625 0.4546875000000002
0 0.2921875000000001 0.478125 0.16250000000000003 0.478125 0.16250000000000003 0.5046875 0.2921875000000001 0.5046875
0 0.459375 0.4796875 0.3281250000000001 0.4796875 0.3281250000000001 0.51875 0.459375 0.51875
0 0.4734375 0.5046875 0.4703125 0.5046875 0.4703125 0.5109375 0.4734375 0.5109375
0 0.5828125 0.4859375 0.50625 0.4859375 0.50625 0.5046875 0.5828125 0.5046875
0 0.659375 0.496875 0.6140625 0.496875 0.6140625 0.50625 0.659375 0.50625
0 0.73125 0.48906250000000007 0.684375 0.4890625 0.684375 0.5062500000000001 0.73125 0.5062500000000002
0 0.7796875 0.4906250000000002 0.753125 0.4906250000000002 0.753125 0.5203125000000002 0.7796875 0.5203125000000002
0 0.8453125 0.4859375000000002 0.815625 0.4859375000000002 0.815625 0.5046875000000002 0.8453125 0.5046875000000002
0 0.96875 0.4750000000000002 0.86875 0.4750000000000002 0.86875 0.5093750000000001 0.96875 0.5093750000000001
0 0.2375000000000001 0.53125 0.16562500000000005 0.53125 0.16562500000000008 0.55 0.2375000000000001 0.55
0 0.30156250000000007 0.53125 0.2687500000000001 0.53125 0.2687500000000001 0.5515625 0.30156250000000007 0.5515625
0 0.37968750000000007 0.540625 0.3343750000000001 0.540625 0.3343750000000001 0.553125 0.37968750000000007 0.553125
0 0.5828125 0.5328125 0.4328125 0.5328125 0.4328125 0.553125 0.5828125 0.553125
0 0.6328125 0.5421875 0.6109375 0.5421875 0.6109375 0.5546875 0.6328125 0.5546875
0 0.7421875 0.5390625000000001 0.665625 0.5390625 0.665625 0.5531250000000001 0.7421875 0.5531250000000002
0 0.753125 0.5500000000000002 0.75 0.5500000000000002 0.75 0.5500000000000002 0.753125 0.5500000000000002
0 0.8265625 0.5312500000000002 0.784375 0.5312500000000002 0.784375 0.5546875000000002 0.8265625 0.5546875000000002
0 0.9328125 0.5390625000000002 0.8515625 0.5390625000000002 0.8515625 0.5531250000000002 0.9328125 0.5531250000000002
0 0.1984375000000001 0.578125 0.16406250000000008 0.578125 0.16406250000000008 0.6046875 0.1984375000000001 0.6046875
0 0.40625 0.58125 0.2296875000000001 0.58125 0.2296875000000001 0.6046875 0.40625 0.6046875
0 0.546875 0.5921875 0.453125 0.5921875 0.453125 0.61875 0.546875 0.61875
0 0.66875 0.584375 0.5859375 0.584375 0.5859375 0.6046875 0.66875 0.6046875
0 0.859375 0.5859375000000001 0.6953125 0.5859375 0.6953125 0.6109375000000001 0.859375 0.6109375000000001
0 0.9453125 0.5875000000000001 0.878125 0.5875000000000001 0.878125 0.6078125000000002 0.9453125 0.6078125000000002
0 0.2312500000000001 0.63125 0.16406250000000008 0.63125 0.16406250000000008 0.6515625 0.2312500000000001 0.6515625
0 0.2718750000000001 0.64375 0.2609375000000001 0.64375 0.2609375000000001 0.6546875 0.2718750000000001 0.6546875
0 0.37187500000000007 0.6359375 0.3062500000000001 0.6359375 0.3062500000000001 0.6671875 0.37187500000000007 0.6671875
0 0.478125 0.6453125 0.4125 0.6453125 0.4125 0.6671875 0.478125 0.6671875
0 0.5015625 0.653125 0.4984375 0.653125 0.4984375 0.6578125 0.5015625 0.6578125
0 0.5625 0.634375 0.534375 0.634375 0.534375 0.6546875 0.5625 0.6546875
0 0.6421875 0.6328125 0.596875 0.6328125 0.596875 0.66875 0.6421875 0.66875
0 0.734375 0.6328125000000001 0.6734375 0.6328125 0.6734375 0.6531250000000001 0.734375 0.6531250000000002
0 0.8015625 0.6343750000000001 0.76875 0.6343750000000001 0.76875 0.6531250000000002 0.8015625 0.6531250000000002
0 0.30156250000000007 0.6796875 0.17187500000000008 0.6796875 0.17187500000000008 0.7046875 0.30156250000000007 0.7046875
0 0.540625 0.6796875 0.3437500000000001 0.6796875 0.3437500000000001 0.70625 0.540625 0.70625
0 0.609375 0.6875 0.5890625 0.6875 0.5890625 0.7046875 0.609375 0.7046875
0 0.765625 0.6828125 0.653125 0.6828125 0.653125 0.7171875000000001 0.765625 0.7171875000000002
0 0.7921875 0.6984375000000002 0.775 0.6984375000000002 0.775 0.7234375000000002 0.7921875 0.7234375000000002