0 0.234375 0.2125 0.13437500000000005 0.2125 0.13437500000000005 0.2515625 0.234375 0.2515625
0 0.3015625 0.225 0.2453125 0.225 0.2453125 0.2359375 0.3015625 0.2359375
0 0.465625 0.21875000000000006 0.325 0.21875 0.325 0.24687500000000004 0.465625 0.2468750000000001
0 0.5296875 0.22031250000000008 0.5 0.22031250000000008 0.5 0.2390625000000001 0.5296875 0.2390625000000001
0 0.65625 0.22031250000000008 0.5625 0.22031250000000008 0.5625 0.2390625000000001 0.65625 0.2390625000000001
0 0.7609375 0.22031250000000008 0.6796875 0.22031250000000008 0.6796875 0.2500000000000001 0.7609375 0.2500000000000001
0 0.8578125 0.22031250000000008 0.7875 0.22031250000000008 0.7875 0.2515625000000001 0.8578125 0.2515625000000001
0 0.259375 0.2640625 0.13437500000000005 0.2640625 0.13437500000000005 0.284375 0.259375 0.284375
0 0.353125 0.2640625 0.2890625 0.2640625 0.2890625 0.2859375 0.353125 0.2859375
0 0.4109375 0.2656250000000001 0.378125 0.2656250000000001 0.378125 0.28593750000000007 0.4109375 0.28593750000000007
0 0.55625 0.2718750000000001 0.440625 0.2718750000000001 0.440625 0.2890625000000001 0.55625 0.2890625000000001
0 0.6578125 0.2765625000000001 0.590625 0.2765625000000001 0.590625 0.2890625000000001 0.6578125 0.2890625000000001
0 0.7296875 0.2687500000000001 0.6765625 0.2687500000000001 0.6765625 0.2953125000000001 0.7296875 0.2953125000000001
0 0.9203125 0.2687500000000001 0.753125 0.2687500000000001 0.753125 0.3000000000000001 0.9203125 0.3000000000000001
0 0.18906250000000005 0.315625 0.13750000000000004 0.315625 0.13750000000000004 0.3359375 0.18906250000000005 0.3359375
0 0.3078125 0.325 0.21875 0.325 0.21875 0.346875 0.3078125 0.346875
0 0.4203125 0.32343750000000004 0.3484375 0.3234375 0.3484375 0.3375 0.4203125 0.3375000000000001
0 0.496875 0.31718750000000007 0.4453125 0.31718750000000007 0.4453125 0.3453125000000001 0.496875 0.3453125000000001
0 0.6765625 0.31718750000000007 0.5203125 0.31718750000000007 0.5203125 0.3500000000000001 0.6765625 0.3500000000000001
0 0.725 0.3265625000000001 0.703125 0.3265625000000001 0.703125 0.3375000000000001 0.725 0.3375000000000001
0 0.8671875 0.3203125000000001 0.7515625 0.3203125000000001 0.7515625 0.34062500000000007 0.8671875 0.34062500000000007
0 0.17500000000000004 0.3640625 0.14375000000000004 0.3640625 0.14375000000000004 0.3953125 0.17500000000000004 0.3953125
0 0.2531250000000001 0.3671875 0.2015625000000001 0.3671875 0.2015625000000001 0.3875 0.2531250000000001 0.3875
0 0.3843750000000001 0.37500000000000006 0.2890625000000001 0.375 0.2890625000000001 0.39531250000000007 0.3843750000000001 0.39531250000000007
0 0.3906250000000001 0.38750000000000007 0.38750000000000007 0.38750000000000007 0.38750000000000007 0.3906250000000001 0.3906250000000001 0.3906250000000001
0 0.478125 0.3687500000000001 0.4265625 0.3687500000000001 0.4265625 0.38750000000000007 0.478125 0.38750000000000007
0 0.7234375 0.37968750000000007 0.496875 0.37968750000000007 0.496875 0.3906250000000001 0.7234375 0.3906250000000001
0 0.8234375 0.3781250000000001 0.753125 0.3781250000000001 0.753125 0.4031250000000002 0.8234375 0.4031250000000002
0 0.909375 0.3703125000000001 0.8421875 0.3703125000000001 0.8421875 0.4000000000000002 0.909375 0.4000000000000002
0 0.2062500000000001 0.4234375 0.14687500000000003 0.4234375 0.14687500000000003 0.4375 0.2062500000000001 0.4375
0 0.2234375000000001 0.41875 0.2156250000000001 0.41875 0.2156250000000001 0.4296875 0.2234375000000001 0.4296875
0 0.3218750000000001 0.41875 0.2171875000000001 0.41875 0.2171875000000001 0.45 0.3218750000000001 0.45
0 0.3906250000000001 0.4203125 0.3531250000000001 0.4203125 0.3531250000000001 0.4375 0.3906250000000001 0.4375
0 0.575 0.4265625 0.4171875 0.4265625 0.4171875 0.4484375 0.575 0.4484375
0 0.6484375 0.41875 0.6078125 0.41875 0.6078125 0.4390625 0.6484375 0.4390625
0 0.771875 0.4234375000000001 0.6796875 0.4234375 0.6796875 0.4406250000000001 0.771875 0.44062500000000016
0 0.98125 0.42187500000000017 0.79375 0.42187500000000017 0.79375 0.44843750000000016 0.98125 0.44843750000000016
0 0.3078125000000001 0.4671875 0.14687500000000003 0.4671875 0.14687500000000003 0.4875 0.3078125000000001 0.4875
0 0.3218750000000001 0.4859375 0.31718750000000007 0.4859375 0.31718750000000007 0.4875 0.3218750000000001 0.4875
0 0.3359375000000001 0.4671875 0.3296875000000001 0.4671875 0.3296875000000001 0.475 0.3359375000000001 0.475
0 0.4671875 0.465625 0.3765625000000001 0.465625 0.3765625000000001 0.4890625 0.4671875 0.4890625
0 0.6359375 0.4703125 0.4984375 0.4703125 0.4984375 0.490625 0.6359375 0.490625
0 0.646875 0.4890625 0.64375 0.4890625 0.64375 0.496875 0.646875 0.496875
0 0.7046875 0.471875 0.671875 0.471875 0.671875 0.4875 0.7046875 0.4875
0 0.7234375 0.4890625 0.71875 0.4890625 0.71875 0.496875 0.7234375 0.496875
0 0.8140625 0.47968750000000016 0.7453125 0.47968750000000016 0.7453125 0.4906250000000002 0.8140625 0.4906250000000002
0 0.3000000000000001 0.515625 0.14843750000000006 0.515625 0.14843750000000006 0.5515625 0.3000000000000001 0.5515625
0 0.3921875000000001 0.5203125 0.3296875000000001 0.5203125 0.3296875000000001 0.5375 0.3921875000000001 0.5375
0 0.5453125 0.5203125 0.4203125 0.5203125 0.4203125 0.5484375 0.5453125 0.5484375
0 0.61875 0.5234375 0.5765625 0.5234375 0.5765625 0.540625 0.61875 0.540625
0 0.7375 0.5234375000000001 0.653125 0.5234375 0.653125 0.5406250000000001 0.7375 0.5406250000000001
0 0.7484375 0.5421875000000002 0.74375 0.5421875000000002 0.74375 0.5515625000000002 0.7484375 0.5515625000000002
0 0.8546875 0.5218750000000002 0.78125 0.5218750000000002 0.78125 0.5390625000000002 0.8546875 0.5390625000000002
0 0.2875000000000001 0.5703125 0.14062500000000008 0.5703125 0.14062500000000008 0.603125 0.2875000000000001 0.603125
0 0.3421875000000001 0.578125 0.3218750000000001 0.578125 0.3218750000000001 0.590625 0.3421875000000001 0.590625
0 0.4234375 0.5796875 0.3671875000000001 0.5796875 0.3671875000000001 0.590625 0.4234375 0.590625
0 0.4453125 0.58125 0.4265625 0.58125 0.4265625 0.6015625 0.4453125 0.6015625
0 0.4984375 0.5703125 0.4671875 0.5703125 0.4671875 0.590625 0.4984375 0.590625
0 0.58125 0.5734375 0.51875 0.5734375 0.51875 0.590625 0.58125 0.590625
0 0.725 0.5734375 0.603125 0.5734375 0.603125 0.5890625 0.725 0.5890625
0 0.853125 0.5734375000000002 0.753125 0.5734375000000002 0.753125 0.5906250000000002 0.853125 0.5906250000000002
0 0.3281250000000001 0.6203125 0.1281250000000001 0.6203125 0.1281250000000001 0.6546875 0.3281250000000001 0.6546875
0 0.34062500000000007 0.6375 0.3359375000000001 0.6375 0.3359375000000001 0.6390625 0.34062500000000007 0.6390625
0 0.4296875 0.6234375 0.3656250000000001 0.6234375 0.3656250000000001 0.640625 0.4296875 0.640625
0 0.6328125 0.6203125 0.4578125 0.6203125 0.4578125 0.6515625 0.6328125 0.6515625
0 0.64375 0.640625 0.640625 0.640625 0.640625 0.646875 0.64375 0.646875
0 0.9484375 0.6203125 0.665625 0.6203125 0.665625 0.6406250000000001 0.9484375 0.6406250000000002
0 0.18906250000000008 0.6640625 0.13281250000000008 0.6640625 0.13281250000000008 0.6921875 0.18906250000000008 0.6921875
0 0.3578125000000001 0.66875 0.2375000000000001 0.66875 0.2375000000000001 0.7015625 0.3578125000000001 0.7015625
0 0.5859375 0.671875 0.3812500000000001 0.671875 0.3812500000000001 0.69375 0.5859375 0.69375
0 0.6015625 0.6921875 0.5984375 0.6921875 0.5984375 0.7 0.6015625 0.7
0 0.7171875 0.675 0.6265625 0.675 0.6265625 0.6921875 0.7171875 0.6921875
0 0.7375 0.6828125000000002 0.73125 0.6828125000000002 0.73125 0.6906250000000002 0.7375 0.6906250000000002