0 0.2046875 0.19843750000000002 0.15000000000000005 0.1984375 0.15000000000000005 0.221875 0.2046875 0.221875
0 0.371875 0.20000000000000004 0.209375 0.2 0.209375 0.22343750000000004 0.371875 0.2234375000000001
0 0.4359375 0.2062500000000001 0.3875 0.2062500000000001 0.3875 0.2234375000000001 0.4359375 0.2234375000000001
0 0.5375 0.2062500000000001 0.4328125 0.2062500000000001 0.4328125 0.2312500000000001 0.5375 0.2312500000000001
0 0.5609375 0.21093750000000008 0.5390625 0.21093750000000008 0.5390625 0.22031250000000008 0.5609375 0.22031250000000008
0 0.6484375 0.20468750000000008 0.565625 0.20468750000000008 0.565625 0.2328125000000001 0.6484375 0.2328125000000001
0 0.678125 0.20468750000000008 0.66875 0.20468750000000008 0.66875 0.2093750000000001 0.678125 0.2093750000000001
0 0.7625 0.2062500000000001 0.675 0.2062500000000001 0.675 0.2234375000000001 0.7625 0.2234375000000001
0 0.8375 0.20468750000000008 0.7671875 0.20468750000000008 0.7671875 0.2234375000000001 0.8375 0.2234375000000001
0 0.85 0.2015625000000001 0.84375 0.2015625000000001 0.84375 0.2078125000000001 0.85 0.2078125000000001
0 0.20625 0.2515625 0.14218750000000005 0.2515625 0.14218750000000005 0.271875 0.20625 0.271875
0 0.24375 0.253125 0.2125 0.253125 0.2125 0.2734375 0.24375 0.2734375
0 0.3765625 0.25468750000000007 0.24375 0.2546875 0.24375 0.28125000000000006 0.3765625 0.2812500000000001
0 0.48125 0.2531250000000001 0.3984375 0.2531250000000001 0.3984375 0.2718750000000001 0.48125 0.2718750000000001
0 0.53125 0.25468750000000007 0.478125 0.25468750000000007 0.478125 0.2796875000000001 0.53125 0.2796875000000001
0 0.6421875 0.2531250000000001 0.5203125 0.2531250000000001 0.5203125 0.28593750000000007 0.6421875 0.28593750000000007
0 0.6921875 0.2531250000000001 0.6484375 0.2531250000000001 0.6484375 0.2718750000000001 0.6921875 0.2718750000000001
0 0.8109375 0.2562500000000001 0.7046875 0.2562500000000001 0.7046875 0.2750000000000001 0.8109375 0.2750000000000001
0 0.9109375 0.2531250000000001 0.815625 0.2531250000000001 0.815625 0.2734375000000001 0.9109375 0.2734375000000001
0 0.890625 0.2734375000000001 0.8875 0.2734375000000001 0.8875 0.2750000000000001 0.890625 0.2750000000000001
0 0.18906250000000005 0.303125 0.13437500000000005 0.303125 0.13437500000000005 0.3234375 0.18906250000000005 0.3234375
0 0.228125 0.3046875 0.19218750000000004 0.3046875 0.19218750000000004 0.3234375 0.228125 0.3234375
0 0.2875 0.303125 0.2359375 0.303125 0.2359375 0.3234375 0.2875 0.3234375
0 0.4671875 0.30312500000000003 0.296875 0.303125 0.296875 0.32500000000000007 0.4671875 0.32500000000000007
0 0.5296875 0.3062500000000001 0.4453125 0.3062500000000001 0.4453125 0.33281250000000007 0.5296875 0.33281250000000007
0 0.565625 0.3062500000000001 0.534375 0.3062500000000001 0.534375 0.32500000000000007 0.565625 0.32500000000000007
0 0.6375 0.3046875000000001 0.5734375 0.3046875000000001 0.5734375 0.3234375000000001 0.6375 0.3234375000000001
0 0.7703125 0.3046875000000001 0.6390625 0.3046875000000001 0.6390625 0.3265625000000001 0.7703125 0.3265625000000001
0 0.815625 0.3062500000000001 0.7765625 0.3062500000000001 0.7765625 0.32500000000000007 0.815625 0.32500000000000007
0 0.22656250000000006 0.3546875 0.13906250000000003 0.3546875 0.13906250000000003 0.375 0.22656250000000008 0.375
0 0.30312500000000003 0.35625 0.24375 0.35625 0.24375000000000005 0.3765625 0.3031250000000001 0.3765625
0 0.4109375 0.35625000000000007 0.3125 0.35625 0.31250000000000006 0.3765625 0.4109375 0.3765625000000001
0 0.4546875 0.35625000000000007 0.4234375 0.35625000000000007 0.4234375 0.3750000000000001 0.4546875 0.3750000000000001
0 0.5765625 0.35625000000000007 0.465625 0.35625000000000007 0.465625 0.3750000000000001 0.5765625 0.3750000000000001
0 0.6375 0.3546875000000001 0.584375 0.3546875000000001 0.584375 0.3765625000000001 0.6375 0.3765625000000001
0 0.7171875 0.3609375000000001 0.6515625 0.3609375000000001 0.6515625 0.38750000000000007 0.7171875 0.38750000000000007
0 0.721875 0.3703125000000001 0.715625 0.3703125000000001 0.715625 0.3734375000000001 0.721875 0.3734375000000001
0 0.8625 0.3546875000000001 0.73125 0.3546875000000001 0.73125 0.3765625000000001 0.8625 0.3765625000000001
0 0.17187500000000006 0.403125 0.13437500000000005 0.403125 0.13437500000000005 0.425 0.17187500000000006 0.425
0 0.3140625000000001 0.4046875 0.19218750000000004 0.4046875 0.19218750000000004 0.4265625 0.3140625000000001 0.4265625
0 0.4546875 0.403125 0.3265625000000001 0.403125 0.3265625000000001 0.434375 0.4546875 0.434375
0 0.6015625 0.403125 0.4625 0.403125 0.4625 0.425 0.6015625 0.425
0 0.6984375 0.4015625 0.6328125 0.4015625 0.6328125 0.425 0.6984375 0.425
0 0.79375 0.40312500000000007 0.703125 0.403125 0.703125 0.4250000000000001 0.79375 0.42500000000000016
0 0.16562500000000005 0.4515625 0.13906250000000003 0.4515625 0.13906250000000003 0.4734375 0.16562500000000005 0.4734375
0 0.3265625000000001 0.453125 0.18125000000000005 0.453125 0.18125000000000005 0.478125 0.3265625000000001 0.478125
0 0.4375 0.4625 0.3375000000000001 0.4625 0.3375000000000001 0.4765625 0.4375 0.4765625
0 0.584375 0.4546875 0.45625 0.4546875 0.45625 0.475 0.584375 0.475
0 0.6515625 0.45625 0.5984375 0.45625 0.5984375 0.4765625 0.6515625 0.4765625
0 0.71875 0.459375 0.671875 0.459375 0.671875 0.4765625 0.71875 0.4765625
0 0.790625 0.46093750000000017 0.7375 0.46093750000000017 0.7375 0.4781250000000002 0.790625 0.4781250000000002
0 0.24218750000000008 0.503125 0.14531250000000004 0.503125 0.14531250000000004 0.5265625 0.24218750000000008 0.5265625
0 0.3046875000000001 0.5140625 0.2671875000000001 0.5140625 0.2671875000000001 0.528125 0.3046875000000001 0.528125
0 0.3453125000000001 0.5140625 0.3218750000000001 0.5140625 0.3218750000000001 0.5265625 0.3453125000000001 0.5265625
0 0.515625 0.5078125 0.3578125000000001 0.5078125 0.3578125000000001 0.5390625 0.515625 0.5390625
0 0.6484375 0.5046875 0.5203125 0.5046875 0.5203125 0.5375 0.6484375 0.5375
0 0.7015625 0.509375 0.66875 0.509375 0.66875 0.5265625 0.7015625 0.5265625
0 0.85 0.5046875000000001 0.71875 0.5046875 0.71875 0.5265625 0.85 0.5265625000000002
0 0.85 0.5218750000000002 0.828125 0.5218750000000002 0.828125 0.5359375000000002 0.85 0.5359375000000002
0 0.1921875000000001 0.5546875 0.1375000000000001 0.5546875 0.1375000000000001 0.5765625 0.1921875000000001 0.5765625
0 0.25468750000000007 0.5640625 0.2171875000000001 0.5640625 0.2171875000000001 0.5765625 0.25468750000000007 0.5765625
0 0.36406250000000007 0.565625 0.2687500000000001 0.565625 0.2687500000000001 0.5765625 0.36406250000000007 0.5765625
0 0.4703125 0.55625 0.3968750000000001 0.55625 0.3968750000000001 0.5765625 0.4703125 0.5765625
0 0.5625 0.5546875 0.4859375 0.5546875 0.4859375 0.5765625 0.5625 0.5765625
0 0.55625 0.575 0.55 0.575 0.55 0.578125 0.55625 0.578125