0 0.16562500000000005 0.24375 0.14062500000000006 0.24375 0.14062500000000006 0.278125 0.16562500000000005 0.278125
0 0.21875 0.246875 0.18281250000000004 0.246875 0.18281250000000004 0.2671875 0.21875 0.2671875
0 0.3703125 0.25000000000000006 0.2375 0.25 0.2375 0.26875000000000004 0.3703125 0.2687500000000001
0 0.3890625 0.2640625000000001 0.375 0.2640625000000001 0.375 0.2718750000000001 0.3890625 0.2718750000000001
0 0.5859375 0.2484375000000001 0.396875 0.2484375000000001 0.396875 0.2687500000000001 0.5859375 0.2687500000000001
0 0.60625 0.2500000000000001 0.5953125 0.2500000000000001 0.5953125 0.2593750000000001 0.60625 0.2593750000000001
0 0.6625 0.2531250000000001 0.61875 0.2531250000000001 0.61875 0.2671875000000001 0.6625 0.2671875000000001
0 0.7375 0.24375000000000008 0.675 0.24375000000000008 0.675 0.2671875000000001 0.7375 0.2671875000000001
0 0.74375 0.2484375000000001 0.7265625 0.2484375000000001 0.7265625 0.2687500000000001 0.74375 0.2687500000000001
0 0.7515625 0.2578125000000001 0.7375 0.2578125000000001 0.7375 0.2671875000000001 0.7515625 0.2671875000000001
0 0.828125 0.2484375000000001 0.7609375 0.2484375000000001 0.7609375 0.2828125000000001 0.828125 0.2828125000000001
0 0.16562500000000005 0.303125 0.13593750000000004 0.303125 0.13593750000000004 0.321875 0.16562500000000005 0.321875
0 0.29375 0.3015625 0.19218750000000004 0.3015625 0.19218750000000004 0.321875 0.29375 0.321875
0 0.3625 0.3 0.309375 0.3 0.309375 0.321875 0.3625 0.321875
0 0.428125 0.30156250000000007 0.371875 0.30156250000000007 0.371875 0.3281250000000001 0.428125 0.3281250000000001
0 0.478125 0.30156250000000007 0.4453125 0.30156250000000007 0.4453125 0.3218750000000001 0.478125 0.3218750000000001
0 0.565625 0.3000000000000001 0.490625 0.3000000000000001 0.490625 0.3203125000000001 0.565625 0.3203125000000001
0 0.603125 0.30156250000000007 0.578125 0.30156250000000007 0.578125 0.3218750000000001 0.603125 0.3218750000000001
0 0.678125 0.30156250000000007 0.603125 0.30156250000000007 0.603125 0.3343750000000001 0.678125 0.3343750000000001
0 0.740625 0.3000000000000001 0.6890625 0.3000000000000001 0.6890625 0.3203125000000001 0.740625 0.3203125000000001
0 0.803125 0.30156250000000007 0.74375 0.30156250000000007 0.74375 0.3218750000000001 0.803125 0.3218750000000001
0 0.22031250000000005 0.3515625 0.13750000000000004 0.3515625 0.13750000000000004 0.38125 0.22031250000000008 0.38125
0 0.29375000000000007 0.353125 0.246875 0.353125 0.24687500000000004 0.371875 0.29375000000000007 0.371875
0 0.33437500000000003 0.3515625 0.2984375 0.3515625 0.2984375 0.3703125 0.3343750000000001 0.3703125
0 0.41875 0.35468750000000004 0.353125 0.3546875 0.353125 0.37187500000000007 0.41875 0.37187500000000007
0 0.49375 0.3515625000000001 0.4296875 0.3515625000000001 0.4296875 0.37968750000000007 0.49375 0.37968750000000007
0 0.5375 0.3515625000000001 0.496875 0.3515625000000001 0.496875 0.37187500000000007 0.5375 0.37187500000000007
0 0.5796875 0.3546875000000001 0.5484375 0.3546875000000001 0.5484375 0.3703125000000001 0.5796875 0.3703125000000001
0 0.640625 0.3515625000000001 0.5734375 0.3515625000000001 0.5734375 0.3703125000000001 0.640625 0.3703125000000001
0 0.6828125 0.3515625000000001 0.65 0.3515625000000001 0.65 0.3765625000000001 0.6828125 0.3765625000000001
0 0.7328125 0.3515625000000001 0.6921875 0.3515625000000001 0.6921875 0.3734375000000001 0.7328125 0.3734375000000001
0 0.3234375000000001 0.4 0.14218750000000005 0.4 0.14218750000000005 0.421875 0.3234375000000001 0.421875
0 0.3937500000000001 0.409375 0.3453125000000001 0.409375 0.3453125000000001 0.425 0.3937500000000001 0.425
0 0.4375 0.40625 0.40625 0.40625 0.40625 0.4203125 0.4375 0.4203125
0 0.5484375 0.403125 0.453125 0.403125 0.453125 0.421875 0.5484375 0.421875
0 0.65 0.4 0.5671875 0.4 0.5671875 0.434375 0.65 0.434375
0 0.696875 0.4015625 0.66875 0.4015625 0.66875 0.428125 0.696875 0.428125
0 0.7296875 0.4000000000000001 0.696875 0.4 0.696875 0.4203125000000001 0.7296875 0.4203125000000002
0 0.8296875 0.4078125000000002 0.734375 0.4078125000000002 0.734375 0.4312500000000002 0.8296875 0.4312500000000002
0 0.8359375 0.4187500000000002 0.8328125 0.4187500000000002 0.8328125 0.4203125000000002 0.8359375 0.4203125000000002
0 0.19843750000000004 0.45 0.14218750000000005 0.45 0.14218750000000005 0.48125 0.19843750000000004 0.48125
0 0.2515625000000001 0.4546875 0.2093750000000001 0.4546875 0.2093750000000001 0.4734375 0.2515625000000001 0.4734375
0 0.2828125000000001 0.453125 0.2515625000000001 0.453125 0.2515625000000001 0.4734375 0.2828125000000001 0.4734375
0 0.3421875000000001 0.45625 0.28593750000000007 0.45625 0.28593750000000007 0.4734375 0.3421875000000001 0.4734375
0 0.4078125 0.4546875 0.3656250000000001 0.4546875 0.3656250000000001 0.4734375 0.4078125 0.4734375
0 0.53125 0.4515625 0.41875 0.4515625 0.41875 0.4734375 0.53125 0.4734375
0 0.5859375 0.4515625 0.5375 0.4515625 0.5375 0.471875 0.5859375 0.471875
0 0.7203125 0.4515625 0.5984375 0.4515625 0.5984375 0.484375 0.7203125 0.484375
0 0.7859375 0.4546875000000002 0.7265625 0.4546875000000002 0.7265625 0.47656250000000017 0.7859375 0.47656250000000017
0 0.834375 0.45312500000000017 0.7890625 0.45312500000000017 0.7890625 0.4734375000000002 0.834375 0.4734375000000002
0 0.20312500000000008 0.509375 0.13906250000000003 0.509375 0.13906250000000003 0.5328125 0.20312500000000008 0.5328125
0 0.2609375000000001 0.5015625 0.2171875000000001 0.5015625 0.2171875000000001 0.5234375 0.2609375000000001 0.5234375
0 0.39531250000000007 0.503125 0.2828125000000001 0.503125 0.2828125000000001 0.5234375 0.39531250000000007 0.5234375
0 0.553125 0.503125 0.415625 0.503125 0.415625 0.5234375 0.553125 0.5234375
0 0.659375 0.5015625 0.5703125 0.5015625 0.5703125 0.521875 0.659375 0.521875
0 0.759375 0.5015625000000001 0.6671875 0.5015625 0.6671875 0.5250000000000001 0.759375 0.5250000000000001
0 0.8375 0.5015625000000001 0.7671875 0.5015625000000001 0.7671875 0.5234375000000002 0.8375 0.5234375000000002
0 0.1609375000000001 0.5546875 0.1390625000000001 0.5546875 0.1390625000000001 0.5734375 0.1609375000000001 0.5734375
0 0.2468750000000001 0.5546875 0.1765625000000001 0.5546875 0.1765625000000001 0.5734375 0.2468750000000001 0.5734375
0 0.2562500000000001 0.5671875 0.2531250000000001 0.5671875 0.2531250000000001 0.5703125 0.2562500000000001 0.5703125
0 0.1453125000000001 0.6140625 0.1312500000000001 0.6140625 0.1312500000000001 0.6265625 0.1453125000000001 0.6265625
0 0.2390625000000001 0.6109375 0.15000000000000008 0.6109375 0.15000000000000008 0.6390625 0.2390625000000001 0.6390625