0 0.19375000000000003 0.25 0.15312500000000004 0.25 0.15312500000000004 0.271875 0.19375000000000003 0.271875
0 0.278125 0.253125 0.2109375 0.253125 0.2109375 0.271875 0.278125 0.271875
0 0.3515625 0.2515625 0.3 0.2515625 0.3 0.271875 0.3515625 0.271875
0 0.43125 0.2500000000000001 0.3671875 0.2500000000000001 0.3671875 0.2687500000000001 0.43125 0.2687500000000001
0 0.5 0.2500000000000001 0.4484375 0.2500000000000001 0.4484375 0.27031250000000007 0.5 0.27031250000000007
0 0.559375 0.2500000000000001 0.5203125 0.2500000000000001 0.5203125 0.2750000000000001 0.559375 0.2750000000000001
0 0.6109375 0.2515625000000001 0.5703125 0.2515625000000001 0.5703125 0.2687500000000001 0.6109375 0.2687500000000001
0 0.690625 0.2578125000000001 0.628125 0.2578125000000001 0.628125 0.2671875000000001 0.690625 0.2671875000000001
0 0.7859375 0.2484375000000001 0.709375 0.2484375000000001 0.709375 0.2671875000000001 0.7859375 0.2671875000000001
0 0.865625 0.2531250000000001 0.7984375 0.2531250000000001 0.7984375 0.2640625000000001 0.865625 0.2640625000000001
0 0.20625 0.303125 0.14531250000000004 0.303125 0.14531250000000004 0.321875 0.20625 0.321875
0 0.2640625 0.303125 0.2234375 0.303125 0.2234375 0.3234375 0.2640625 0.3234375
0 0.4 0.2984375 0.2859375 0.2984375 0.2859375 0.32812500000000006 0.4 0.3281250000000001
0 0.4609375 0.2953125000000001 0.4171875 0.2953125000000001 0.4171875 0.31718750000000007 0.4609375 0.31718750000000007
0 0.528125 0.30156250000000007 0.478125 0.30156250000000007 0.478125 0.3234375000000001 0.528125 0.3234375000000001
0 0.575 0.2968750000000001 0.540625 0.2968750000000001 0.540625 0.3218750000000001 0.575 0.3218750000000001
0 0.70625 0.2968750000000001 0.59375 0.2968750000000001 0.59375 0.3156250000000001 0.70625 0.3156250000000001
0 0.7625 0.2968750000000001 0.7234375 0.2968750000000001 0.7234375 0.3187500000000001 0.7625 0.3187500000000001
0 0.8171875 0.2968750000000001 0.7734375 0.2968750000000001 0.7734375 0.3140625000000001 0.8171875 0.3140625000000001
0 0.8875 0.2968750000000001 0.8296875 0.2968750000000001 0.8296875 0.3203125000000001 0.8875 0.3203125000000001
0 0.21718750000000003 0.3515625 0.14375000000000004 0.3515625 0.14375000000000004 0.375 0.2171875000000001 0.375
0 0.22812500000000008 0.3734375 0.2250000000000001 0.3734375 0.2250000000000001 0.375 0.22812500000000008 0.375
0 0.3140625 0.3515625 0.2578125 0.3515625 0.25781250000000006 0.3671875 0.3140625000000001 0.3671875
0 0.35781250000000003 0.3484375 0.325 0.3484375 0.32500000000000007 0.36875 0.3578125000000001 0.36875
0 0.4203125 0.3500000000000001 0.3765625 0.3500000000000001 0.3765625 0.3687500000000001 0.4203125 0.3687500000000001
0 0.5671875 0.3500000000000001 0.440625 0.3500000000000001 0.440625 0.3703125000000001 0.5671875 0.3703125000000001
0 0.58125 0.3593750000000001 0.578125 0.3593750000000001 0.578125 0.3656250000000001 0.58125 0.3656250000000001
0 0.6546875 0.34843750000000007 0.60625 0.34843750000000007 0.60625 0.3671875000000001 0.6546875 0.3671875000000001
0 0.7921875 0.3500000000000001 0.675 0.3500000000000001 0.675 0.3765625000000001 0.7921875 0.3765625000000001
0 0.8875 0.34843750000000007 0.80625 0.34843750000000007 0.80625 0.3734375000000001 0.8875 0.3734375000000001
0 0.8875 0.36406250000000007 0.8765625 0.36406250000000007 0.8765625 0.3750000000000001 0.8875 0.3750000000000001
0 0.2734375000000001 0.4046875 0.14218750000000005 0.4046875 0.14218750000000005 0.43125 0.2734375000000001 0.43125
0 0.3046875000000001 0.4140625 0.2890625000000001 0.4140625 0.2890625000000001 0.4234375 0.3046875000000001 0.4234375
0 0.4671875 0.4046875 0.3234375000000001 0.4046875 0.3234375000000001 0.4296875 0.4671875 0.4296875
0 0.575 0.4109375 0.4828125 0.4109375 0.4828125 0.428125 0.575 0.428125
0 0.68125 0.4015625 0.5921875 0.4015625 0.5921875 0.421875 0.68125 0.421875
0 0.7875 0.4000000000000001 0.7015625 0.4 0.7015625 0.4171875000000001 0.7875 0.41718750000000016
0 0.8515625 0.4000000000000002 0.803125 0.4000000000000002 0.803125 0.4187500000000002 0.8515625 0.4187500000000002
0 0.22656250000000008 0.4578125 0.15000000000000005 0.4578125 0.15000000000000005 0.4796875 0.22656250000000008 0.4796875
0 0.3812500000000001 0.4578125 0.2500000000000001 0.4578125 0.2500000000000001 0.48125 0.3812500000000001 0.48125
0 0.525 0.4546875 0.3984375000000001 0.4546875 0.3984375000000001 0.471875 0.525 0.471875
0 0.5671875 0.4625 0.5359375 0.4625 0.5359375 0.46875 0.5671875 0.46875
0 0.634375 0.446875 0.5796875 0.446875 0.5796875 0.475 0.634375 0.475
0 0.6453125 0.465625 0.6421875 0.465625 0.6421875 0.4671875 0.6453125 0.4671875
0 0.775 0.4484375000000001 0.6703125 0.4484375 0.6703125 0.4718750000000001 0.775 0.47187500000000016
0 0.8640625 0.4500000000000002 0.7859375 0.4500000000000002 0.7859375 0.47187500000000016 0.8640625 0.47187500000000016
0 0.2015625000000001 0.5171875 0.14218750000000005 0.5171875 0.14218750000000005 0.525 0.2015625000000001 0.525
0 0.2375000000000001 0.5140625 0.2218750000000001 0.5140625 0.2218750000000001 0.5265625 0.2375000000000001 0.5265625
0 0.3031250000000001 0.50625 0.25468750000000007 0.50625 0.25468750000000007 0.5234375 0.3031250000000001 0.5234375
0 0.3734375000000001 0.50625 0.31718750000000007 0.50625 0.31718750000000007 0.5265625 0.3734375000000001 0.5265625
0 0.4203125 0.5046875 0.3906250000000001 0.5046875 0.3906250000000001 0.5234375 0.4203125 0.5234375
0 0.4859375 0.5046875 0.428125 0.5046875 0.428125 0.5234375 0.4859375 0.5234375
0 0.5484375 0.5046875 0.5046875 0.5046875 0.5046875 0.521875 0.5484375 0.521875
0 0.625 0.5015625 0.5640625 0.5015625 0.5640625 0.5203125 0.625 0.5203125
0 0.6390625 0.51875 0.6359375 0.51875 0.6359375 0.5203125 0.6390625 0.5203125
0 0.7765625 0.5000000000000001 0.6625 0.5 0.6625 0.5203125000000001 0.7765625 0.5203125000000002
0 0.9015625 0.5031250000000002 0.7921875 0.5031250000000002 0.7921875 0.5203125000000002 0.9015625 0.5203125000000002
0 0.909375 0.5140625000000002 0.896875 0.5140625000000002 0.896875 0.5265625000000002 0.909375 0.5265625000000002
0 0.21875000000000008 0.559375 0.14218750000000008 0.559375 0.14218750000000008 0.584375 0.21875000000000008 0.584375
0 0.2953125000000001 0.55625 0.2328125000000001 0.55625 0.2328125000000001 0.5734375 0.2953125000000001 0.5734375
0 0.34843750000000007 0.55625 0.3109375000000001 0.55625 0.3109375000000001 0.571875 0.34843750000000007 0.571875
0 0.521875 0.5546875 0.3671875000000001 0.5546875 0.3671875000000001 0.5734375 0.521875 0.5734375
0 0.571875 0.5546875 0.5375 0.5546875 0.5375 0.5703125 0.571875 0.5703125
0 0.634375 0.553125 0.5875 0.553125 0.5875 0.571875 0.634375 0.571875
0 0.7578125 0.55 0.653125 0.55 0.653125 0.5718750000000001 0.7578125 0.5718750000000001
0 0.8921875 0.5531250000000002 0.778125 0.5531250000000002 0.778125 0.5718750000000001 0.8921875 0.5718750000000001
0 0.1765625000000001 0.615625 0.14218750000000008 0.615625 0.14218750000000008 0.625 0.1765625000000001 0.625
0 0.2968750000000001 0.6046875 0.1937500000000001 0.6046875 0.1937500000000001 0.6328125 0.2968750000000001 0.6328125
0 0.3125000000000001 0.621875 0.3078125000000001 0.621875 0.3078125000000001 0.634375 0.3125000000000001 0.634375
0 0.3687500000000001 0.60625 0.3234375000000001 0.60625 0.3234375000000001 0.6265625 0.3687500000000001 0.6265625
0 0.484375 0.6046875 0.3843750000000001 0.6046875 0.3843750000000001 0.6234375 0.484375 0.6234375
0 0.5375 0.60625 0.5 0.60625 0.5 0.6234375 0.5375 0.6234375
0 0.665625 0.603125 0.553125 0.603125 0.553125 0.63125 0.665625 0.63125
0 0.703125 0.6125 0.6796875 0.6125 0.6796875 0.61875 0.703125 0.61875
0 0.76875 0.6046875 0.71875 0.6046875 0.71875 0.6218750000000001 0.76875 0.6218750000000002
0 0.8484375 0.6031250000000001 0.7796875 0.6031250000000001 0.7796875 0.6234375000000002 0.8484375 0.6234375000000002
0 0.1906250000000001 0.6578125 0.14218750000000008 0.6578125 0.14218750000000008 0.678125 0.1906250000000001 0.678125
0 0.2593750000000001 0.6625 0.2140625000000001 0.6625 0.2140625000000001 0.6796875 0.2593750000000001 0.6796875
0 0.3125000000000001 0.6703125 0.2828125000000001 0.6703125 0.2828125000000001 0.68125 0.3125000000000001 0.68125
0 0.3687500000000001 0.66875 0.3296875000000001 0.66875 0.3296875000000001 0.6796875 0.3687500000000001 0.6796875
0 0.4453125 0.659375 0.3890625000000001 0.659375 0.3890625000000001 0.6796875 0.4453125 0.6796875
0 0.578125 0.6578125 0.465625 0.6578125 0.465625 0.684375 0.578125 0.684375
0 0.6265625 0.6609375 0.59375 0.6609375 0.59375 0.6765625 0.6265625 0.6765625
0 0.7109375 0.6578125 0.6375 0.6578125 0.6375 0.675 0.7109375 0.675
0 0.7953125 0.659375 0.721875 0.659375 0.721875 0.6765625000000001 0.7953125 0.6765625000000002
0 0.8546875 0.6578125000000001 0.8109375 0.6578125000000001 0.8109375 0.6765625000000002 0.8546875 0.6765625000000002
0 0.2140625000000001 0.7109375 0.1468750000000001 0.7109375 0.1468750000000001 0.7296875 0.2140625000000001 0.7296875
0 0.3156250000000001 0.7140625 0.2296875000000001 0.7140625 0.2296875000000001 0.73125 0.3156250000000001 0.73125
0 0.3265625000000001 0.728125 0.3234375000000001 0.728125 0.3234375000000001 0.73125 0.3265625000000001 0.73125