0 0.19687500000000005 0.2078125 0.14375000000000004 0.2078125 0.14375000000000004 0.2296875 0.19687500000000005 0.2296875
0 0.33125 0.209375 0.225 0.209375 0.225 0.2359375 0.33125 0.2359375
0 0.3828125 0.22187500000000004 0.3546875 0.221875 0.3546875 0.22968750000000004 0.3828125 0.2296875000000001
0 0.44375 0.21250000000000008 0.403125 0.21250000000000008 0.403125 0.2328125000000001 0.44375 0.2328125000000001
0 0.5734375 0.2093750000000001 0.4671875 0.2093750000000001 0.4671875 0.2406250000000001 0.5734375 0.2406250000000001
0 0.6296875 0.21093750000000008 0.5984375 0.21093750000000008 0.5984375 0.2296875000000001 0.6296875 0.2296875000000001
0 0.6921875 0.21250000000000008 0.653125 0.21250000000000008 0.653125 0.2312500000000001 0.6921875 0.2312500000000001
0 0.8359375 0.2156250000000001 0.715625 0.2156250000000001 0.715625 0.2328125000000001 0.8359375 0.2328125000000001
0 0.3265625 0.259375 0.14531250000000004 0.259375 0.14531250000000004 0.2796875 0.3265625 0.2796875
0 0.4796875 0.26093750000000004 0.3546875 0.2609375 0.3546875 0.29218750000000004 0.4796875 0.2921875000000001
0 0.5734375 0.2609375000000001 0.5078125 0.2609375000000001 0.5078125 0.2812500000000001 0.5734375 0.2812500000000001
0 0.6484375 0.2609375000000001 0.6046875 0.2609375000000001 0.6046875 0.2812500000000001 0.6484375 0.2812500000000001
0 0.684375 0.2609375000000001 0.66875 0.2609375000000001 0.66875 0.2843750000000001 0.684375 0.2843750000000001
0 0.75625 0.26250000000000007 0.7109375 0.26250000000000007 0.7109375 0.2812500000000001 0.75625 0.2812500000000001
0 0.8453125 0.26250000000000007 0.7765625 0.26250000000000007 0.7765625 0.2796875000000001 0.8453125 0.2796875000000001
0 0.2015625 0.3125 0.14375000000000004 0.3125 0.14375000000000004 0.3328125 0.2015625 0.3328125
0 0.2671875 0.3125 0.228125 0.3125 0.228125 0.3328125 0.2671875 0.3328125
0 0.415625 0.30937500000000007 0.29375 0.309375 0.29375 0.3375 0.415625 0.3375000000000001
0 0.503125 0.3140625000000001 0.4375 0.3140625000000001 0.4375 0.3312500000000001 0.503125 0.3312500000000001
0 0.6546875 0.3140625000000001 0.5234375 0.3140625000000001 0.5234375 0.3375000000000001 0.6546875 0.3375000000000001
0 0.8453125 0.3109375000000001 0.6765625 0.3109375000000001 0.6765625 0.3390625000000001 0.8453125 0.3390625000000001
0 0.17031250000000003 0.3609375 0.14062500000000006 0.3609375 0.14062500000000006 0.3859375 0.17031250000000003 0.3859375
0 0.25000000000000006 0.3578125 0.209375 0.3578125 0.20937500000000003 0.38125 0.2500000000000001 0.38125
0 0.58125 0.3609375 0.284375 0.3609375 0.28437500000000004 0.39531250000000007 0.58125 0.39531250000000007
0 0.590625 0.3828125000000001 0.5875 0.3828125000000001 0.5875 0.38750000000000007 0.590625 0.38750000000000007
0 0.6703125 0.3625000000000001 0.5953125 0.3625000000000001 0.5953125 0.3843750000000001 0.6703125 0.3843750000000001
0 0.7296875 0.3625000000000001 0.690625 0.3625000000000001 0.690625 0.3843750000000001 0.7296875 0.3843750000000001
0 0.7921875 0.3609375000000001 0.740625 0.3609375000000001 0.740625 0.3859375000000001 0.7921875 0.3859375000000001
0 0.2890625000000001 0.4125 0.14843750000000006 0.4125 0.14843750000000006 0.440625 0.2890625000000001 0.440625
0 0.3531250000000001 0.4125 0.3187500000000001 0.4125 0.3187500000000001 0.434375 0.3531250000000001 0.434375
0 0.4578125 0.4140625 0.3828125000000001 0.4140625 0.3828125000000001 0.440625 0.4578125 0.440625
0 0.6421875 0.4109375 0.4859375 0.4109375 0.4859375 0.4421875 0.6421875 0.4421875
0 0.7421875 0.4140625000000001 0.6671875 0.4140625 0.6671875 0.4312500000000001 0.7421875 0.4312500000000002
0 0.809375 0.4125000000000002 0.7578125 0.4125000000000002 0.7578125 0.43281250000000016 0.809375 0.43281250000000016
0 0.2875000000000001 0.4609375 0.14531250000000004 0.4609375 0.14531250000000004 0.4953125 0.2875000000000001 0.4953125
0 0.4375 0.4625 0.3265625000000001 0.4625 0.3265625000000001 0.4859375 0.4375 0.4859375
0 0.5421875 0.4609375 0.46875 0.4609375 0.46875 0.4859375 0.5421875 0.4859375
0 0.6171875 0.4625 0.5828125 0.4625 0.5828125 0.4890625 0.6171875 0.4890625
0 0.7078125 0.4671875 0.634375 0.4671875 0.634375 0.4859375 0.7078125 0.4859375
0 0.73125 0.4781250000000001 0.721875 0.478125 0.721875 0.4875000000000001 0.73125 0.48750000000000016
0 0.875 0.46093750000000017 0.7375 0.46093750000000017 0.7375 0.4828125000000002 0.875 0.4828125000000002
0 0.88125 0.4828125000000002 0.875 0.4828125000000002 0.875 0.48750000000000016 0.88125 0.48750000000000016
0 0.24375000000000008 0.5234375 0.14843750000000006 0.5234375 0.14843750000000006 0.54375 0.24375000000000008 0.54375
0 0.3468750000000001 0.509375 0.2750000000000001 0.509375 0.2750000000000001 0.534375 0.3468750000000001 0.534375
0 0.3968750000000001 0.5140625 0.3687500000000001 0.5140625 0.3687500000000001 0.534375 0.3968750000000001 0.534375
0 0.453125 0.5171875 0.4203125 0.5171875 0.4203125 0.5375 0.453125 0.5375
0 0.60625 0.5125 0.478125 0.5125 0.478125 0.5453125 0.60625 0.5453125
0 0.6609375 0.509375 0.634375 0.509375 0.634375 0.5328125 0.6609375 0.5328125
0 0.7625 0.5109375 0.6765625 0.5109375 0.6765625 0.5328125000000001 0.7625 0.5328125000000001
0 0.8765625 0.5109375000000002 0.78125 0.5109375000000002 0.78125 0.5312500000000002 0.8765625 0.5312500000000002
0 0.878125 0.5281250000000002 0.8734375 0.5281250000000002 0.8734375 0.5328125000000001 0.878125 0.5328125000000001
0 0.2015625000000001 0.5640625 0.15000000000000008 0.5640625 0.15000000000000008 0.5890625 0.2015625000000001 0.5890625
0 0.4484375 0.5625 0.24375000000000008 0.5625 0.24375000000000008 0.5859375 0.4484375 0.5859375
0 0.5234375 0.5625 0.471875 0.5625 0.471875 0.584375 0.5234375 0.584375
0 0.7046875 0.55625 0.559375 0.55625 0.559375 0.5859375 0.7046875 0.5859375
0 0.784375 0.5625000000000002 0.728125 0.5625000000000002 0.728125 0.5828125000000002 0.784375 0.5828125000000002
0 0.3312500000000001 0.615625 0.15000000000000008 0.615625 0.15000000000000008 0.6453125 0.3312500000000001 0.6453125
0 0.4125 0.615625 0.3734375000000001 0.615625 0.3734375000000001 0.6359375 0.4125 0.6359375
0 0.51875 0.6171875 0.4359375 0.6171875 0.4359375 0.6453125 0.51875 0.6453125
0 0.65 0.6125 0.559375 0.6125 0.559375 0.64375 0.65 0.64375
0 0.6765625 0.634375 0.671875 0.634375 0.671875 0.6390625 0.6765625 0.6390625
0 0.7375 0.6140625000000001 0.6875 0.6140625 0.6875 0.6390625000000001 0.7375 0.6390625000000002
0 0.85625 0.6250000000000002 0.765625 0.6250000000000002 0.765625 0.6437500000000002 0.85625 0.6437500000000002
0 0.3937500000000001 0.659375 0.1531250000000001 0.659375 0.1531250000000001 0.6875 0.3937500000000001 0.6875
0 0.534375 0.6640625 0.4015625 0.6640625 0.4015625 0.6890625 0.534375 0.6890625
0 0.6765625 0.665625 0.584375 0.665625 0.584375 0.684375 0.6765625 0.684375
0 0.775 0.6656250000000001 0.734375 0.6656250000000001 0.734375 0.6859375000000002 0.775 0.6859375000000002
0 0.88125 0.6656250000000001 0.796875 0.6656250000000001 0.796875 0.6859375000000002 0.88125 0.6859375000000002
0 0.2515625000000001 0.715625 0.1546875000000001 0.715625 0.1546875000000001 0.7375 0.2515625000000001 0.7375
0 0.3359375000000001 0.715625 0.2968750000000001 0.715625 0.2968750000000001 0.7390625 0.3359375000000001 0.7390625
0 0.5578125 0.7109375 0.403125 0.7109375 0.40312500000000007 0.7375 0.5578125000000002 0.7375
0 0.5718750000000001 0.734375 0.5687500000000002 0.734375 0.5687500000000002 0.7390625 0.5718750000000001 0.7390625
0 0.6515625 0.7125 0.596875 0.7125 0.596875 0.7359375 0.6515625000000002 0.7359375
0 0.7468750000000001 0.7125000000000001 0.6796875 0.7125 0.6796875000000001 0.7359375000000001 0.7468750000000002 0.7359375000000001
0 0.8609375 0.7109375000000002 0.771875 0.7109375000000002 0.7718750000000001 0.7375000000000002 0.8609375 0.7375000000000002