0 0.18437500000000004 0.20625 0.14375000000000004 0.20625 0.14375000000000004 0.2296875 0.18437500000000004 0.2296875
0 0.4234375 0.20625000000000004 0.18750000000000006 0.20625 0.18750000000000006 0.24062500000000003 0.4234375 0.2406250000000001
0 0.525 0.2078125000000001 0.4375 0.2078125000000001 0.4375 0.2328125000000001 0.525 0.2328125000000001
0 0.6703125 0.2140625000000001 0.5359375 0.2140625000000001 0.5359375 0.24218750000000008 0.6703125 0.24218750000000008
0 0.7328125 0.21093750000000008 0.684375 0.21093750000000008 0.684375 0.2312500000000001 0.7328125 0.2312500000000001
0 0.7875 0.21093750000000008 0.746875 0.21093750000000008 0.746875 0.2312500000000001 0.7875 0.2312500000000001
0 0.8265625 0.2156250000000001 0.790625 0.2156250000000001 0.790625 0.2328125000000001 0.8265625 0.2328125000000001
0 0.253125 0.2625 0.13906250000000003 0.2625 0.13906250000000003 0.28125 0.253125 0.28125
0 0.3421875 0.259375 0.2640625 0.259375 0.2640625 0.2796875 0.3421875 0.2796875
0 0.45625 0.25625000000000003 0.35 0.25625 0.35 0.28125000000000006 0.45625 0.2812500000000001
0 0.465625 0.2765625000000001 0.4578125 0.2765625000000001 0.4578125 0.2906250000000001 0.465625 0.2906250000000001
0 0.525 0.2578125000000001 0.4734375 0.2578125000000001 0.4734375 0.2812500000000001 0.525 0.2812500000000001
0 0.571875 0.2609375000000001 0.540625 0.2609375000000001 0.540625 0.2812500000000001 0.571875 0.2812500000000001
0 0.7265625 0.2609375000000001 0.58125 0.2609375000000001 0.58125 0.2890625000000001 0.7265625 0.2890625000000001
0 0.784375 0.2609375000000001 0.73125 0.2609375000000001 0.73125 0.2828125000000001 0.784375 0.2828125000000001
0 0.24375 0.3078125 0.13437500000000005 0.3078125 0.13437500000000005 0.33125 0.24375 0.33125
0 0.453125 0.30781250000000004 0.2625 0.3078125 0.2625 0.33281250000000007 0.453125 0.33281250000000007
0 0.5265625 0.3109375000000001 0.46875 0.3109375000000001 0.46875 0.3312500000000001 0.5265625 0.3312500000000001
0 0.5828125 0.30937500000000007 0.5375 0.30937500000000007 0.5375 0.3296875000000001 0.5828125 0.3296875000000001
0 0.7375 0.3078125000000001 0.5984375 0.3078125000000001 0.5984375 0.3437500000000001 0.7375 0.3437500000000001
0 0.865625 0.3109375000000001 0.7546875 0.3109375000000001 0.7546875 0.3343750000000001 0.865625 0.3343750000000001
0 0.27968750000000003 0.35625 0.14062500000000006 0.35625 0.14062500000000006 0.38125 0.2796875000000001 0.38125
0 0.32343750000000004 0.3578125 0.296875 0.3578125 0.29687500000000006 0.38125 0.3234375000000001 0.38125
0 0.4234375 0.35781250000000003 0.3390625 0.3578125 0.33906250000000004 0.39062500000000006 0.4234375 0.3906250000000001
0 0.5234375 0.3609375000000001 0.440625 0.3609375000000001 0.440625 0.3812500000000001 0.5234375 0.3812500000000001
0 0.6140625 0.3609375000000001 0.5328125 0.3609375000000001 0.5328125 0.3843750000000001 0.6140625 0.3843750000000001
0 0.628125 0.3781250000000001 0.6203125 0.3781250000000001 0.6203125 0.3906250000000001 0.628125 0.3906250000000001
0 0.66875 0.3625000000000001 0.6359375 0.3625000000000001 0.6359375 0.3843750000000001 0.66875 0.3843750000000001
0 0.703125 0.3687500000000001 0.678125 0.3687500000000001 0.678125 0.3828125000000001 0.703125 0.3828125000000001
0 0.7828125 0.3578125000000001 0.70625 0.3578125000000001 0.70625 0.3812500000000001 0.7828125 0.3812500000000001
0 0.878125 0.3625000000000001 0.79375 0.3625000000000001 0.79375 0.3828125000000001 0.878125 0.3828125000000001
0 0.19531250000000006 0.415625 0.13906250000000003 0.415625 0.13906250000000003 0.44375 0.19531250000000006 0.44375
0 0.3609375000000001 0.4140625 0.2171875000000001 0.4140625 0.2171875000000001 0.4328125 0.3609375000000001 0.4328125
0 0.40625 0.4109375 0.37187500000000007 0.4109375 0.37187500000000007 0.43125 0.40625 0.43125
0 0.55625 0.4109375 0.4171875 0.4109375 0.4171875 0.4484375 0.55625 0.4484375
0 0.80625 0.4125000000000001 0.5734375 0.4125 0.5734375 0.43437500000000007 0.80625 0.4343750000000002
0 0.24218750000000008 0.4578125 0.13906250000000003 0.4578125 0.13906250000000003 0.4828125 0.24218750000000008 0.4828125
0 0.3781250000000001 0.459375 0.26250000000000007 0.459375 0.26250000000000007 0.484375 0.3781250000000001 0.484375
0 0.5296875 0.4578125 0.3906250000000001 0.4578125 0.3906250000000001 0.49375 0.5296875 0.49375
0 0.6515625 0.4640625 0.5453125 0.4640625 0.5453125 0.4859375 0.6515625 0.4859375
0 0.6875 0.4671875 0.6625 0.4671875 0.6625 0.484375 0.6875 0.484375
0 0.903125 0.4593750000000001 0.709375 0.459375 0.709375 0.5000000000000001 0.903125 0.5000000000000002
0 0.20312500000000008 0.509375 0.14218750000000005 0.509375 0.14218750000000005 0.534375 0.20312500000000008 0.534375
0 0.2390625000000001 0.5078125 0.2062500000000001 0.5078125 0.2062500000000001 0.5328125 0.2390625000000001 0.5328125
0 0.3843750000000001 0.509375 0.2484375000000001 0.509375 0.2484375000000001 0.5359375 0.3843750000000001 0.5359375
0 0.4140625 0.5234375 0.3968750000000001 0.5234375 0.3968750000000001 0.528125 0.4140625 0.528125
0 0.5921875 0.5078125 0.428125 0.5078125 0.428125 0.5484375 0.5921875 0.5484375
0 0.640625 0.5203125 0.6046875 0.5203125 0.6046875 0.534375 0.640625 0.534375
0 0.7171875 0.5203125 0.6546875 0.5203125 0.6546875 0.534375 0.7171875 0.534375
0 0.7515625 0.5125000000000001 0.721875 0.5125 0.721875 0.5359375000000001 0.7515625 0.5359375000000002
0 0.9 0.5078125000000002 0.7640625 0.5078125000000002 0.7640625 0.5453125000000002 0.9 0.5453125000000002
0 0.1750000000000001 0.5609375 0.1437500000000001 0.5609375 0.1437500000000001 0.584375 0.1750000000000001 0.584375
0 0.4 0.5625 0.18906250000000008 0.5625 0.18906250000000008 0.590625 0.4 0.590625
0 0.4421875 0.559375 0.4078125 0.559375 0.4078125 0.5828125 0.4421875 0.5828125
0 0.5 0.5671875 0.453125 0.5671875 0.453125 0.584375 0.5 0.584375
0 0.6375 0.559375 0.5125 0.559375 0.5125 0.584375 0.6375 0.584375
0 0.7296875 0.5687500000000001 0.65625 0.56875 0.65625 0.5953125000000001 0.7296875 0.5953125000000001
0 0.7390625 0.5796875000000001 0.7359375 0.5796875000000001 0.7359375 0.5843750000000002 0.7390625 0.5843750000000002
0 0.18437500000000004 0.20625 0.14375000000000004 0.20625 0.14375000000000004 0.2296875 0.18437500000000004 0.2296875
0 0.4234375 0.20625000000000004 0.18750000000000006 0.20625 0.18750000000000006 0.24062500000000003 0.4234375 0.2406250000000001
0 0.525 0.2078125000000001 0.4375 0.2078125000000001 0.4375 0.2328125000000001 0.525 0.2328125000000001
0 0.6703125 0.2140625000000001 0.5359375 0.2140625000000001 0.5359375 0.24218750000000008 0.6703125 0.24218750000000008
0 0.7328125 0.21093750000000008 0.684375 0.21093750000000008 0.684375 0.2312500000000001 0.7328125 0.2312500000000001
0 0.7875 0.21093750000000008 0.746875 0.21093750000000008 0.746875 0.2312500000000001 0.7875 0.2312500000000001
0 0.8265625 0.2156250000000001 0.790625 0.2156250000000001 0.790625 0.2328125000000001 0.8265625 0.2328125000000001
0 0.253125 0.2625 0.13906250000000003 0.2625 0.13906250000000003 0.28125 0.253125 0.28125
0 0.3421875 0.259375 0.2640625 0.259375 0.2640625 0.2796875 0.3421875 0.2796875
0 0.45625 0.25625000000000003 0.35 0.25625 0.35 0.28125000000000006 0.45625 0.2812500000000001
0 0.465625 0.2765625000000001 0.4578125 0.2765625000000001 0.4578125 0.2906250000000001 0.465625 0.2906250000000001
0 0.525 0.2578125000000001 0.4734375 0.2578125000000001 0.4734375 0.2812500000000001 0.525 0.2812500000000001
0 0.571875 0.2609375000000001 0.540625 0.2609375000000001 0.540625 0.2812500000000001 0.571875 0.2812500000000001
0 0.7265625 0.2609375000000001 0.58125 0.2609375000000001 0.58125 0.2890625000000001 0.7265625 0.2890625000000001
0 0.784375 0.2609375000000001 0.73125 0.2609375000000001 0.73125 0.2828125000000001 0.784375 0.2828125000000001
0 0.24375 0.3078125 0.13437500000000005 0.3078125 0.13437500000000005 0.33125 0.24375 0.33125
0 0.453125 0.30781250000000004 0.2625 0.3078125 0.2625 0.33281250000000007 0.453125 0.33281250000000007
0 0.5265625 0.3109375000000001 0.46875 0.3109375000000001 0.46875 0.3312500000000001 0.5265625 0.3312500000000001
0 0.5828125 0.30937500000000007 0.5375 0.30937500000000007 0.5375 0.3296875000000001 0.5828125 0.3296875000000001
0 0.7375 0.3078125000000001 0.5984375 0.3078125000000001 0.5984375 0.3437500000000001 0.7375 0.3437500000000001
0 0.865625 0.3109375000000001 0.7546875 0.3109375000000001 0.7546875 0.3343750000000001 0.865625 0.3343750000000001
0 0.27968750000000003 0.35625 0.14062500000000006 0.35625 0.14062500000000006 0.38125 0.2796875000000001 0.38125
0 0.32343750000000004 0.3578125 0.296875 0.3578125 0.29687500000000006 0.38125 0.3234375000000001 0.38125
0 0.4234375 0.35781250000000003 0.3390625 0.3578125 0.33906250000000004 0.39062500000000006 0.4234375 0.3906250000000001
0 0.5234375 0.3609375000000001 0.440625 0.3609375000000001 0.440625 0.3812500000000001 0.5234375 0.3812500000000001
0 0.6140625 0.3609375000000001 0.5328125 0.3609375000000001 0.5328125 0.3843750000000001 0.6140625 0.3843750000000001
0 0.628125 0.3781250000000001 0.6203125 0.3781250000000001 0.6203125 0.3906250000000001 0.628125 0.3906250000000001
0 0.66875 0.3625000000000001 0.6359375 0.3625000000000001 0.6359375 0.3843750000000001 0.66875 0.3843750000000001
0 0.703125 0.3687500000000001 0.678125 0.3687500000000001 0.678125 0.3828125000000001 0.703125 0.3828125000000001
0 0.7828125 0.3578125000000001 0.70625 0.3578125000000001 0.70625 0.3812500000000001 0.7828125 0.3812500000000001
0 0.878125 0.3625000000000001 0.79375 0.3625000000000001 0.79375 0.3828125000000001 0.878125 0.3828125000000001
0 0.19531250000000006 0.415625 0.13906250000000003 0.415625 0.13906250000000003 0.44375 0.19531250000000006 0.44375
0 0.3609375000000001 0.4140625 0.2171875000000001 0.4140625 0.2171875000000001 0.4328125 0.3609375000000001 0.4328125
0 0.40625 0.4109375 0.37187500000000007 0.4109375 0.37187500000000007 0.43125 0.40625 0.43125
0 0.55625 0.4109375 0.4171875 0.4109375 0.4171875 0.4484375 0.55625 0.4484375
0 0.80625 0.4125000000000001 0.5734375 0.4125 0.5734375 0.43437500000000007 0.80625 0.4343750000000002
0 0.24218750000000008 0.4578125 0.13906250000000003 0.4578125 0.13906250000000003 0.4828125 0.24218750000000008 0.4828125
0 0.3781250000000001 0.459375 0.26250000000000007 0.459375 0.26250000000000007 0.484375 0.3781250000000001 0.484375
0 0.5296875 0.4578125 0.3906250000000001 0.4578125 0.3906250000000001 0.49375 0.5296875 0.49375
0 0.6515625 0.4640625 0.5453125 0.4640625 0.5453125 0.4859375 0.6515625 0.4859375
0 0.6875 0.4671875 0.6625 0.4671875 0.6625 0.484375 0.6875 0.484375
0 0.903125 0.4593750000000001 0.709375 0.459375 0.709375 0.5000000000000001 0.903125 0.5000000000000002
0 0.20312500000000008 0.509375 0.14218750000000005 0.509375 0.14218750000000005 0.534375 0.20312500000000008 0.534375
0 0.2390625000000001 0.5078125 0.2062500000000001 0.5078125 0.2062500000000001 0.5328125 0.2390625000000001 0.5328125
0 0.3843750000000001 0.509375 0.2484375000000001 0.509375 0.2484375000000001 0.5359375 0.3843750000000001 0.5359375
0 0.4140625 0.5234375 0.3968750000000001 0.5234375 0.3968750000000001 0.528125 0.4140625 0.528125
0 0.5921875 0.5078125 0.428125 0.5078125 0.428125 0.5484375 0.5921875 0.5484375
0 0.640625 0.5203125 0.6046875 0.5203125 0.6046875 0.534375 0.640625 0.534375
0 0.7171875 0.5203125 0.6546875 0.5203125 0.6546875 0.534375 0.7171875 0.534375
0 0.7515625 0.5125000000000001 0.721875 0.5125 0.721875 0.5359375000000001 0.7515625 0.5359375000000002
0 0.9 0.5078125000000002 0.7640625 0.5078125000000002 0.7640625 0.5453125000000002 0.9 0.5453125000000002
0 0.1750000000000001 0.5609375 0.1437500000000001 0.5609375 0.1437500000000001 0.584375 0.1750000000000001 0.584375
0 0.4 0.5625 0.18906250000000008 0.5625 0.18906250000000008 0.590625 0.4 0.590625
0 0.4421875 0.559375 0.4078125 0.559375 0.4078125 0.5828125 0.4421875 0.5828125
0 0.5 0.5671875 0.453125 0.5671875 0.453125 0.584375 0.5 0.584375
0 0.6375 0.559375 0.5125 0.559375 0.5125 0.584375 0.6375 0.584375
0 0.7296875 0.5687500000000001 0.65625 0.56875 0.65625 0.5953125000000001 0.7296875 0.5953125000000001
0 0.7390625 0.5796875000000001 0.7359375 0.5796875000000001 0.7359375 0.5843750000000002 0.7390625 0.5843750000000002