0 0.2359375 0.2421875 0.13750000000000004 0.2421875 0.13750000000000004 0.25625 0.2359375 0.25625
0 0.375 0.24218750000000006 0.2671875 0.2421875 0.2671875 0.25781250000000006 0.375 0.2578125000000001
0 0.16875000000000004 0.290625 0.14062500000000006 0.290625 0.14062500000000006 0.3078125 0.16875000000000004 0.3078125
0 0.353125 0.2890625 0.19687500000000005 0.2890625 0.19687500000000005 0.315625 0.353125 0.315625
0 0.3578125 0.3046875 0.35 0.3046875 0.35 0.3109375 0.3578125 0.3109375
0 0.40625 0.2921875000000001 0.3703125 0.2921875000000001 0.3703125 0.3078125000000001 0.40625 0.3078125000000001
0 0.5171875 0.2921875000000001 0.4234375 0.2921875000000001 0.4234375 0.3078125000000001 0.5171875 0.3078125000000001
0 0.5640625 0.2890625000000001 0.528125 0.2890625000000001 0.528125 0.3109375000000001 0.5640625 0.3109375000000001
0 0.659375 0.2906250000000001 0.5671875 0.2906250000000001 0.5671875 0.3062500000000001 0.659375 0.3062500000000001
0 0.6671875 0.3046875000000001 0.659375 0.3046875000000001 0.659375 0.3125000000000001 0.6671875 0.3125000000000001
0 0.721875 0.2906250000000001 0.678125 0.2906250000000001 0.678125 0.3062500000000001 0.721875 0.3062500000000001
0 0.803125 0.2921875000000001 0.73125 0.2921875000000001 0.73125 0.3062500000000001 0.803125 0.3062500000000001
0 0.8359375 0.2906250000000001 0.8125 0.2906250000000001 0.8125 0.3062500000000001 0.8359375 0.3062500000000001
0 0.17343750000000005 0.3421875 0.13593750000000004 0.3421875 0.13593750000000004 0.35625 0.17343750000000005 0.35625
0 0.2875 0.3421875 0.18750000000000006 0.3421875 0.18750000000000006 0.3578125 0.2875 0.3578125
0 0.34062500000000007 0.3421875 0.3 0.3421875 0.30000000000000004 0.3640625 0.34062500000000007 0.3640625
0 0.4015625 0.34375000000000006 0.3515625 0.34375 0.3515625 0.35625000000000007 0.4015625 0.35625000000000007
0 0.4734375 0.3453125000000001 0.421875 0.3453125000000001 0.421875 0.3593750000000001 0.4734375 0.3593750000000001
0 0.5265625 0.3437500000000001 0.4890625 0.3437500000000001 0.4890625 0.35625000000000007 0.5265625 0.35625000000000007
0 0.628125 0.34062500000000007 0.5453125 0.34062500000000007 0.5453125 0.35625000000000007 0.628125 0.35625000000000007
0 0.778125 0.3437500000000001 0.6390625 0.3437500000000001 0.6390625 0.3578125000000001 0.778125 0.3578125000000001
0 0.809375 0.3500000000000001 0.7828125 0.3500000000000001 0.7828125 0.35625000000000007 0.809375 0.35625000000000007
0 0.8296875 0.3500000000000001 0.815625 0.3500000000000001 0.815625 0.3578125000000001 0.8296875 0.3578125000000001
0 0.2390625000000001 0.39375 0.13750000000000004 0.39375 0.13750000000000004 0.4140625 0.2390625000000001 0.4140625
0 0.3234375000000001 0.4015625 0.2562500000000001 0.4015625 0.2562500000000001 0.415625 0.3234375000000001 0.415625
0 0.4375 0.39375000000000004 0.34062500000000007 0.39375 0.34062500000000007 0.4078125 0.4375 0.4078125
0 0.546875 0.3921875000000001 0.4453125 0.3921875000000001 0.4453125 0.421875 0.546875 0.421875
0 0.546875 0.4046875 0.5390625 0.4046875 0.5390625 0.409375 0.546875 0.409375
0 0.6078125 0.3921875000000001 0.5578125 0.3921875000000001 0.5578125 0.4078125 0.6078125 0.4078125
0 0.678125 0.3921875000000001 0.609375 0.3921875000000001 0.609375 0.4125 0.678125 0.4125
0 0.73125 0.3937500000000001 0.684375 0.3937500000000001 0.684375 0.4093750000000001 0.73125 0.40937500000000016
0 0.846875 0.39531250000000007 0.7453125 0.39531250000000007 0.7453125 0.40937500000000016 0.846875 0.40937500000000016
0 0.2578125000000001 0.4421875 0.13281250000000006 0.4421875 0.13281250000000006 0.459375 0.2578125000000001 0.459375
0 0.29375000000000007 0.4453125 0.2687500000000001 0.4453125 0.2687500000000001 0.4609375 0.29375000000000007 0.4609375
0 0.3421875000000001 0.4421875 0.3046875000000001 0.4421875 0.3046875000000001 0.459375 0.3421875000000001 0.459375
0 0.4625 0.44375 0.34843750000000007 0.44375 0.34843750000000007 0.465625 0.4625 0.465625
0 0.5171875 0.44375 0.478125 0.44375 0.478125 0.465625 0.5171875 0.465625
0 0.5765625 0.45 0.5046875 0.45 0.5046875 0.4671875 0.5765625 0.4671875
0 0.7 0.4421875 0.5859375 0.4421875 0.5859375 0.459375 0.7 0.459375
0 0.7046875 0.45625 0.6953125 0.45625 0.6953125 0.4625 0.7046875 0.4625
0 0.7640625 0.4437500000000001 0.7140625 0.44375 0.7140625 0.4593750000000001 0.7640625 0.4593750000000002
0 0.8390625 0.4437500000000002 0.7671875 0.4437500000000002 0.7671875 0.4578125000000002 0.8390625 0.4578125000000002
0 0.2453125000000001 0.4921875 0.12656250000000005 0.4921875 0.12656250000000005 0.5125 0.2453125000000001 0.5125
0 0.3375000000000001 0.4953125 0.2578125000000001 0.4953125 0.2578125000000001 0.5109375 0.3375000000000001 0.5109375
0 0.4421875 0.4953125 0.3515625000000001 0.4953125 0.3515625000000001 0.5109375 0.4421875 0.5109375
0 0.521875 0.4953125 0.4453125 0.4953125 0.4453125 0.515625 0.521875 0.515625
0 0.578125 0.4921875 0.53125 0.4921875 0.53125 0.5171875 0.578125 0.5171875
0 0.7078125 0.49375 0.5859375 0.49375 0.5859375 0.521875 0.7078125 0.521875
0 0.7484375 0.4937500000000001 0.71875 0.49375 0.71875 0.5093750000000001 0.7484375 0.5093750000000001
0 0.7453125 0.5078125000000002 0.740625 0.5078125000000002 0.740625 0.5093750000000001 0.7453125 0.5093750000000001
0 0.19687500000000008 0.5421875 0.12500000000000006 0.5421875 0.12500000000000006 0.5609375 0.19687500000000008 0.5609375
0 0.2500000000000001 0.55 0.19687500000000008 0.55 0.19687500000000008 0.559375 0.2500000000000001 0.559375
0 0.3515625000000001 0.5453125 0.2640625000000001 0.5453125 0.2640625000000001 0.5671875 0.3515625000000001 0.5671875
0 0.3593750000000001 0.5578125 0.3500000000000001 0.5578125 0.3500000000000001 0.565625 0.3593750000000001 0.565625
0 0.4265625 0.54375 0.3687500000000001 0.54375 0.3687500000000001 0.56875 0.4265625 0.56875
0 0.4765625 0.5515625 0.4375 0.5515625 0.4375 0.5609375 0.4765625 0.5609375
0 0.5421875 0.5421875 0.4859375 0.5421875 0.4859375 0.5609375 0.5421875 0.5609375
0 0.6953125 0.5453125 0.5421875 0.5453125 0.5421875 0.5609375 0.6953125 0.5609375
0 0.7671875 0.5453125000000001 0.7046875 0.5453125 0.7046875 0.5625000000000001 0.7671875 0.5625000000000002
0 0.1703125000000001 0.5953125 0.12500000000000008 0.5953125 0.12500000000000008 0.6125 0.1703125000000001 0.6125
0 0.21093750000000008 0.5953125 0.1859375000000001 0.5953125 0.1859375000000001 0.6125 0.21093750000000008 0.6125
0 0.2656250000000001 0.5921875 0.2171875000000001 0.5921875 0.2171875000000001 0.6109375 0.2656250000000001 0.6109375
0 0.415625 0.5953125 0.27812500000000007 0.5953125 0.27812500000000007 0.61875 0.415625 0.61875
0 0.471875 0.603125 0.4375 0.603125 0.4375 0.6109375 0.471875 0.6109375
0 0.5609375 0.584375 0.4796875 0.584375 0.4796875 0.6171875 0.5609375 0.6171875
0 0.5953125 0.603125 0.5671875 0.603125 0.5671875 0.6109375 0.5953125 0.6109375
0 0.70625 0.59375 0.603125 0.59375 0.603125 0.6125 0.70625 0.6125
0 0.7890625 0.5953125000000001 0.71875 0.5953125 0.71875 0.6187500000000001 0.7890625 0.6187500000000001
0 0.81875 0.5968750000000002 0.7953125 0.5968750000000002 0.7953125 0.6125000000000002 0.81875 0.6125000000000002
0 0.1843750000000001 0.64375 0.12343750000000009 0.64375 0.12343750000000009 0.6625 0.1843750000000001 0.6625
0 0.2562500000000001 0.6453125 0.20468750000000008 0.6453125 0.20468750000000008 0.6609375 0.2562500000000001 0.6609375
0 0.35625000000000007 0.646875 0.27031250000000007 0.646875 0.27031250000000007 0.6609375 0.35625000000000007 0.6609375
0 0.3671875000000001 0.659375 0.3578125000000001 0.659375 0.3578125000000001 0.6671875 0.3671875000000001 0.6671875
0 0.4515625 0.646875 0.37968750000000007 0.646875 0.37968750000000007 0.6609375 0.4515625 0.6609375
0 0.5140625 0.653125 0.4671875 0.653125 0.4671875 0.6609375 0.5140625 0.6609375
0 0.6671875 0.646875 0.5328125 0.646875 0.5328125 0.6640625 0.6671875 0.6640625
0 0.7421875 0.6500000000000001 0.6828125 0.65 0.6828125 0.6671875 0.7421875 0.6671875000000002
0 0.8484375 0.6578125000000001 0.7390625 0.6578125000000001 0.7390625 0.6671875000000002 0.8484375 0.6671875000000002
0 0.1625000000000001 0.7015625 0.13281250000000008 0.7015625 0.13281250000000008 0.7109375 0.1625000000000001 0.7109375
0 0.18750000000000008 0.703125 0.17187500000000008 0.703125 0.17187500000000008 0.7109375 0.18750000000000008 0.7109375
0 0.3218750000000001 0.6953125 0.2093750000000001 0.6953125 0.2093750000000001 0.721875 0.3218750000000001 0.721875
0 0.4296875 0.696875 0.32500000000000007 0.696875 0.32500000000000007 0.7234375 0.4296875 0.7234375
0 0.434375 0.70625 0.41875 0.70625 0.41875 0.721875 0.434375 0.721875
0 0.4734375 0.70625 0.4484375 0.70625 0.4484375 0.715625 0.4734375 0.715625
0 0.5484375 0.6953125 0.4828125 0.6953125 0.4828125 0.715625 0.5484375 0.715625
0 0.5921875 0.7015625 0.553125 0.7015625 0.553125 0.7171875 0.5921875 0.7171875
0 0.70625 0.7015625 0.60625 0.7015625 0.60625 0.7234375 0.70625 0.7234375
0 0.775 0.7093750000000001 0.715625 0.709375 0.715625 0.7234375000000001 0.775 0.7234375000000002
0 0.8625 0.7015625000000002 0.7875 0.7015625000000002 0.7875 0.7203125000000001 0.8625 0.7203125000000001
0 0.15625000000000008 0.74375 0.13437500000000008 0.74375 0.13437500000000008 0.7640625 0.15625000000000008 0.7640625
0 0.2578125000000001 0.7453125 0.1671875000000001 0.7453125 0.1671875000000001 0.765625 0.2578125000000001 0.765625
0 0.2890625000000001 0.753125 0.2656250000000001 0.753125 0.2656250000000001 0.7671875 0.2890625000000001 0.7671875
0 0.32500000000000007 0.7546875 0.3000000000000001 0.7546875 0.3000000000000001 0.7671875 0.32500000000000007 0.7671875
0 0.4187500000000002 0.7515625 0.3281250000000001 0.7515625 0.3281250000000001 0.7765625 0.4187500000000002 0.7765625
0 0.5484375000000001 0.75 0.4343750000000002 0.75 0.4343750000000002 0.771875 0.5484375000000001 0.771875
0 0.5890625000000002 0.75 0.5625000000000002 0.75 0.5625000000000002 0.7671875 0.5890625000000002 0.7671875
0 0.7078125000000002 0.75 0.6046875000000002 0.75 0.6046875000000002 0.7703125 0.7078125000000002 0.7703125
0 0.7078125000000002 0.765625 0.7031250000000002 0.765625 0.7031250000000002 0.76875 0.7078125000000002 0.76875