0 0.203125 0.15781250000000002 0.14375 0.1578125 0.14375 0.17343750000000002 0.203125 0.17343750000000005
0 0.253125 0.16093750000000004 0.23125 0.16093750000000004 0.23125 0.17500000000000004 0.253125 0.17500000000000004
0 0.428125 0.15937500000000004 0.2875 0.15937500000000004 0.2875 0.17812500000000003 0.428125 0.17812500000000003
0 0.6265625 0.16250000000000006 0.4640625 0.16250000000000003 0.4640625 0.18125000000000008 0.6265625 0.18125000000000008
0 0.68125 0.1625000000000001 0.653125 0.1625000000000001 0.653125 0.17343750000000008 0.68125 0.17343750000000008
0 0.8125 0.16406250000000008 0.703125 0.16406250000000008 0.703125 0.1781250000000001 0.8125 0.1781250000000001
0 0.8890625 0.1625000000000001 0.8375 0.1625000000000001 0.8375 0.1781250000000001 0.8890625 0.1781250000000001
0 0.2125 0.209375 0.13906250000000003 0.209375 0.13906250000000003 0.2265625 0.2125 0.2265625
0 0.334375 0.2125 0.2578125 0.2125 0.2578125 0.2265625 0.334375 0.2265625
0 0.353125 0.221875 0.3453125 0.221875 0.3453125 0.2296875 0.353125 0.2296875
0 0.44375 0.2140625000000001 0.3875 0.2140625000000001 0.3875 0.2250000000000001 0.44375 0.2250000000000001
0 0.5546875 0.21093750000000008 0.496875 0.21093750000000008 0.496875 0.22656250000000008 0.5546875 0.22656250000000008
0 0.6640625 0.2093750000000001 0.6 0.2093750000000001 0.6 0.2250000000000001 0.6640625 0.2250000000000001
0 0.6984375 0.2140625000000001 0.665625 0.2140625000000001 0.665625 0.2250000000000001 0.6984375 0.2250000000000001
0 0.8953125 0.2093750000000001 0.740625 0.2093750000000001 0.740625 0.2296875000000001 0.8953125 0.2296875000000001
0 0.8953125 0.22812500000000008 0.8875 0.22812500000000008 0.8875 0.2375000000000001 0.8953125 0.2375000000000001
0 0.2125 0.2640625 0.15156250000000004 0.2640625 0.15156250000000004 0.275 0.2125 0.275
0 0.3859375 0.26250000000000007 0.2375 0.2625 0.2375 0.27656250000000004 0.3859375 0.2765625000000001
0 0.46875 0.2593750000000001 0.4390625 0.2593750000000001 0.4390625 0.2750000000000001 0.46875 0.2750000000000001
0 0.5609375 0.2609375000000001 0.4921875 0.2609375000000001 0.4921875 0.2765625000000001 0.5609375 0.2765625000000001
0 0.7234375 0.26250000000000007 0.6140625 0.26250000000000007 0.6140625 0.2765625000000001 0.7234375 0.2765625000000001
0 0.809375 0.2593750000000001 0.7640625 0.2593750000000001 0.7640625 0.2765625000000001 0.809375 0.2765625000000001
0 0.2421875 0.3125 0.13437500000000005 0.3125 0.13437500000000005 0.3265625 0.2421875 0.3265625
0 0.259375 0.3234375 0.25625 0.3234375 0.25625 0.3265625 0.259375 0.3265625