0 0.21875 0.20625 0.14375000000000004 0.20625 0.14375000000000004 0.2328125 0.21875 0.2328125
0 0.3765625 0.20625000000000004 0.24375 0.20625 0.24375 0.23125000000000004 0.3765625 0.2312500000000001
0 0.509375 0.2078125000000001 0.4015625 0.2078125000000001 0.4015625 0.2328125000000001 0.509375 0.2328125000000001
0 0.584375 0.21093750000000008 0.5390625 0.21093750000000008 0.5390625 0.22812500000000008 0.584375 0.22812500000000008
0 0.665625 0.2093750000000001 0.6 0.2093750000000001 0.6 0.2312500000000001 0.665625 0.2312500000000001
0 0.73125 0.2093750000000001 0.6703125 0.2093750000000001 0.6703125 0.2390625000000001 0.73125 0.2390625000000001
0 0.8328125 0.21093750000000008 0.7375 0.21093750000000008 0.7375 0.2406250000000001 0.8328125 0.2406250000000001
0 0.8625 0.2140625000000001 0.8390625 0.2140625000000001 0.8390625 0.2312500000000001 0.8625 0.2312500000000001
0 0.17968750000000006 0.259375 0.13906250000000003 0.259375 0.13906250000000003 0.2796875 0.17968750000000006 0.2796875
0 0.2921875 0.259375 0.19687500000000005 0.259375 0.19687500000000005 0.28125 0.2921875 0.28125
0 0.3015625 0.278125 0.29375 0.278125 0.29375 0.2875 0.3015625 0.2875
0 0.36875 0.259375 0.3171875 0.259375 0.3171875 0.27812500000000007 0.36875 0.27812500000000007
0 0.4796875 0.2593750000000001 0.378125 0.2593750000000001 0.378125 0.2812500000000001 0.4796875 0.2812500000000001
0 0.6640625 0.2609375000000001 0.49375 0.2609375000000001 0.49375 0.2843750000000001 0.6640625 0.2843750000000001
0 0.7625 0.2609375000000001 0.6796875 0.2609375000000001 0.6796875 0.2796875000000001 0.7625 0.2796875000000001
0 0.821875 0.2656250000000001 0.7890625 0.2656250000000001 0.7890625 0.28593750000000007 0.821875 0.28593750000000007
0 0.8734375 0.2640625000000001 0.8328125 0.2640625000000001 0.8328125 0.2843750000000001 0.8734375 0.2843750000000001
0 0.16562500000000005 0.3125 0.14218750000000005 0.3125 0.14218750000000005 0.33125 0.16562500000000005 0.33125
0 0.2859375 0.3078125 0.18437500000000004 0.3078125 0.18437500000000004 0.33125 0.2859375 0.33125
0 0.3890625 0.30625 0.3125 0.30625 0.3125 0.3296875 0.3890625 0.3296875000000001
0 0.5203125 0.3062500000000001 0.40625 0.3062500000000001 0.40625 0.33281250000000007 0.5203125 0.33281250000000007
0 0.5984375 0.30937500000000007 0.540625 0.30937500000000007 0.540625 0.3343750000000001 0.5984375 0.3343750000000001
0 0.6453125 0.3125000000000001 0.6109375 0.3125000000000001 0.6109375 0.33281250000000007 0.6453125 0.33281250000000007
0 0.7265625 0.3125000000000001 0.6625 0.3125000000000001 0.6625 0.3359375000000001 0.7265625 0.3359375000000001
0 0.828125 0.3109375000000001 0.7375 0.3109375000000001 0.7375 0.3421875000000001 0.828125 0.3421875000000001
0 0.25781250000000006 0.35625 0.13906250000000003 0.35625 0.13906250000000003 0.3859375 0.2578125000000001 0.3859375
0 0.2906250000000001 0.36875 0.2593750000000001 0.36875 0.2593750000000001 0.3796875 0.2906250000000001 0.3796875
0 0.34843750000000007 0.35625 0.3046875 0.35625 0.30468750000000006 0.3796875 0.34843750000000007 0.3796875
0 0.434375 0.3578125000000001 0.371875 0.3578125000000001 0.37187500000000007 0.3859375000000001 0.434375 0.3859375000000001
0 0.5390625 0.3593750000000001 0.45625 0.3593750000000001 0.45625 0.3937500000000001 0.5390625 0.3937500000000001
0 0.6359375 0.3609375000000001 0.5515625 0.3609375000000001 0.5515625 0.3812500000000001 0.6359375 0.3812500000000001
0 0.7859375 0.3625000000000001 0.6625 0.3625000000000001 0.6625 0.3843750000000001 0.7859375 0.3843750000000001
0 0.846875 0.3593750000000001 0.8046875 0.3593750000000001 0.8046875 0.38750000000000007 0.846875 0.38750000000000007
0 0.20468750000000008 0.4109375 0.14062500000000006 0.4109375 0.14062500000000006 0.4296875 0.20468750000000008 0.4296875
0 0.2093750000000001 0.4296875 0.2062500000000001 0.4296875 0.2062500000000001 0.4328125 0.2093750000000001 0.4328125
0 0.2734375000000001 0.4109375 0.22812500000000008 0.4109375 0.22812500000000008 0.43125 0.2734375000000001 0.43125
0 0.3921875000000001 0.4109375 0.2875000000000001 0.4109375 0.2875000000000001 0.4421875 0.3921875000000001 0.4421875
0 0.45625 0.409375 0.4125 0.409375 0.4125 0.434375 0.45625 0.434375
0 0.5515625 0.409375 0.459375 0.409375 0.459375 0.434375 0.5515625 0.434375
0 0.7078125 0.4109375 0.565625 0.4109375 0.565625 0.4453125 0.7078125 0.4453125
0 0.7921875 0.4156250000000002 0.7265625 0.4156250000000002 0.7265625 0.44062500000000016 0.7921875 0.44062500000000016
0 0.8703125 0.4125000000000002 0.8046875 0.4125000000000002 0.8046875 0.4359375000000002 0.8703125 0.4359375000000002
0 0.17187500000000006 0.4625 0.14843750000000006 0.4625 0.14843750000000006 0.484375 0.17187500000000006 0.484375
0 0.2609375000000001 0.4640625 0.18906250000000005 0.4640625 0.18906250000000005 0.484375 0.2609375000000001 0.484375
0 0.34843750000000007 0.459375 0.27812500000000007 0.459375 0.27812500000000007 0.4875 0.34843750000000007 0.4875
0 0.4109375 0.4640625 0.3703125000000001 0.4640625 0.3703125000000001 0.484375 0.4109375 0.484375
0 0.5640625 0.4625 0.434375 0.4625 0.434375 0.4984375 0.5640625 0.4984375
0 0.6296875 0.4609375 0.5984375 0.4609375 0.5984375 0.4828125 0.6296875 0.4828125
0 0.73125 0.4703125000000001 0.640625 0.4703125 0.640625 0.4875000000000001 0.73125 0.48750000000000016
0 0.740625 0.4781250000000002 0.7296875 0.4781250000000002 0.7296875 0.4890625000000002 0.740625 0.4890625000000002
0 0.859375 0.4578125000000002 0.75625 0.4578125000000002 0.75625 0.4937500000000002 0.859375 0.4937500000000002
0 0.18125000000000005 0.509375 0.14062500000000006 0.509375 0.14062500000000006 0.53125 0.18125000000000005 0.53125
0 0.2390625000000001 0.5078125 0.18906250000000005 0.5078125 0.18906250000000005 0.5328125 0.2390625000000001 0.5328125
0 0.3359375000000001 0.509375 0.26250000000000007 0.509375 0.26250000000000007 0.5328125 0.3359375000000001 0.5328125
0 0.38750000000000007 0.509375 0.3421875000000001 0.509375 0.3421875000000001 0.5390625 0.38750000000000007 0.5390625
0 0.5140625 0.50625 0.4 0.50625 0.4 0.534375 0.5140625 0.534375
0 0.640625 0.5125 0.5203125 0.5125 0.5203125 0.5390625 0.640625 0.5390625
0 0.7078125 0.509375 0.6671875 0.509375 0.6671875 0.5390625 0.7078125 0.5390625
0 0.753125 0.5156250000000001 0.7171875 0.515625 0.7171875 0.5328125000000001 0.753125 0.5328125000000001
0 0.86875 0.5125000000000002 0.771875 0.5125000000000002 0.771875 0.5453125000000002 0.86875 0.5453125000000002
0 0.20468750000000008 0.5609375 0.1468750000000001 0.5609375 0.1468750000000001 0.584375 0.20468750000000008 0.584375
0 0.2734375000000001 0.5609375 0.22812500000000008 0.5609375 0.22812500000000008 0.5828125 0.2734375000000001 0.5828125
0 0.565625 0.5640625 0.2953125000000001 0.5640625 0.2953125000000001 0.590625 0.565625 0.590625
0 0.6578125 0.5640625 0.56875 0.5640625 0.56875 0.5859375 0.6578125 0.5859375
0 0.746875 0.5625000000000001 0.66875 0.5625 0.66875 0.5859375000000001 0.746875 0.5859375000000002
0 0.803125 0.5656250000000002 0.75625 0.5656250000000002 0.75625 0.5859375000000002 0.803125 0.5859375000000002
0 0.3140625000000001 0.6125 0.13281250000000008 0.6125 0.13281250000000008 0.64375 0.3140625000000001 0.64375
0 0.421875 0.6140625 0.34062500000000007 0.6140625 0.34062500000000007 0.634375 0.421875 0.634375
0 0.5125 0.6140625 0.44375 0.6140625 0.44375 0.6328125 0.5125 0.6328125
0 0.6109375 0.6125 0.5234375 0.6125 0.5234375 0.634375 0.6109375 0.634375
0 0.609375 0.63125 0.6078125 0.63125 0.6078125 0.6328125 0.609375 0.6328125