0 0.19687500000000005 0.19843750000000002 0.14218750000000005 0.1984375 0.14218750000000005 0.228125 0.19687500000000005 0.228125
0 0.371875 0.20156250000000003 0.21875 0.2015625 0.21875 0.22812500000000005 0.371875 0.22812500000000008
0 0.4609375 0.19531250000000006 0.390625 0.19531250000000006 0.390625 0.24218750000000008 0.4609375 0.24218750000000008
0 0.5265625 0.19843750000000004 0.478125 0.19843750000000004 0.478125 0.22656250000000008 0.5265625 0.22656250000000008
0 0.6765625 0.1906250000000001 0.546875 0.1906250000000001 0.546875 0.2296875000000001 0.6765625 0.2296875000000001
0 0.8671875 0.20468750000000008 0.7 0.20468750000000008 0.7 0.24218750000000008 0.8671875 0.24218750000000008
0 0.18125000000000005 0.2296875 0.13906250000000003 0.2296875 0.13906250000000003 0.271875 0.18125000000000005 0.271875
0 0.2875 0.2328125 0.19843750000000004 0.2328125 0.19843750000000004 0.265625 0.2875 0.265625
0 0.3953125 0.23281250000000003 0.3109375 0.2328125 0.3109375 0.26562500000000006 0.3953125 0.2656250000000001
0 0.4984375 0.24218750000000008 0.41875 0.24218750000000008 0.41875 0.2671875000000001 0.4984375 0.2671875000000001
0 0.5984375 0.23437500000000008 0.5234375 0.23437500000000008 0.5234375 0.2640625000000001 0.5984375 0.2640625000000001
0 0.7421875 0.2406250000000001 0.621875 0.2406250000000001 0.621875 0.2671875000000001 0.7421875 0.2671875000000001
0 0.7890625 0.2484375000000001 0.7515625 0.2484375000000001 0.7515625 0.27031250000000007 0.7890625 0.27031250000000007
0 0.2390625 0.2859375 0.14062500000000006 0.2859375 0.14062500000000006 0.31875 0.2390625 0.31875
0 0.346875 0.284375 0.271875 0.284375 0.271875 0.3140625 0.346875 0.3140625
0 0.359375 0.3109375 0.35 0.3109375 0.35 0.3265625 0.359375 0.3265625
0 0.525 0.2875000000000001 0.38125 0.2875000000000001 0.38125 0.3140625000000001 0.525 0.3140625000000001
0 0.540625 0.3109375000000001 0.5296875 0.3109375000000001 0.5296875 0.3265625000000001 0.540625 0.3265625000000001
0 0.603125 0.28593750000000007 0.5640625 0.28593750000000007 0.5640625 0.3125000000000001 0.603125 0.3125000000000001
0 0.715625 0.28593750000000007 0.6125 0.28593750000000007 0.6125 0.3156250000000001 0.715625 0.3156250000000001
0 0.8359375 0.2843750000000001 0.7453125 0.2843750000000001 0.7453125 0.3187500000000001 0.8359375 0.3187500000000001
0 0.30312500000000003 0.33125 0.13906250000000003 0.33125 0.13906250000000003 0.3703125 0.3031250000000001 0.3703125
0 0.4546875 0.34062500000000007 0.33125 0.340625 0.33125000000000004 0.36875 0.4546875 0.3687500000000001
0 0.471875 0.3656250000000001 0.4625 0.3656250000000001 0.4625 0.37968750000000007 0.471875 0.37968750000000007
0 0.54375 0.3421875000000001 0.48125 0.3421875000000001 0.48125 0.3703125000000001 0.54375 0.3703125000000001
0 0.665625 0.3421875000000001 0.5671875 0.3421875000000001 0.5671875 0.3859375000000001 0.665625 0.3859375000000001
0 0.7671875 0.34062500000000007 0.6890625 0.34062500000000007 0.6890625 0.37187500000000007 0.7671875 0.37187500000000007
0 0.89375 0.3453125000000001 0.7859375 0.3453125000000001 0.7859375 0.37187500000000007 0.89375 0.37187500000000007
0 0.2062500000000001 0.3890625 0.13281250000000006 0.3890625 0.13281250000000006 0.421875 0.2062500000000001 0.421875
0 0.2156250000000001 0.4171875 0.2078125000000001 0.4171875 0.2078125000000001 0.43125 0.2156250000000001 0.43125
0 0.2796875000000001 0.3921875 0.23437500000000008 0.3921875 0.23437500000000008 0.4234375 0.2796875000000001 0.4234375
0 0.4140625 0.39531250000000007 0.3000000000000001 0.3953125 0.3000000000000001 0.425 0.4140625 0.425
0 0.48125 0.3968750000000001 0.440625 0.3968750000000001 0.440625 0.4265625 0.48125 0.4265625
0 0.584375 0.3937500000000001 0.509375 0.3937500000000001 0.509375 0.4296875 0.584375 0.4296875
0 0.5921875 0.4265625 0.5875 0.4265625 0.5875 0.428125 0.5921875 0.428125
0 0.6734375 0.4015625 0.615625 0.4015625 0.615625 0.43125 0.6734375 0.43125
0 0.8 0.4000000000000001 0.690625 0.4 0.690625 0.4312500000000001 0.8 0.4312500000000002
0 0.8734375 0.3906250000000001 0.825 0.3906250000000001 0.825 0.43750000000000017 0.8734375 0.43750000000000017
0 0.19843750000000004 0.44375 0.10937500000000004 0.44375 0.10937500000000004 0.475 0.19843750000000004 0.475
0 0.3500000000000001 0.44375 0.21875000000000008 0.44375 0.21875000000000008 0.4765625 0.3500000000000001 0.4765625
0 0.4546875 0.4421875 0.37968750000000007 0.4421875 0.37968750000000007 0.4796875 0.4546875 0.4796875
0 0.5515625 0.446875 0.478125 0.446875 0.478125 0.478125 0.5515625 0.478125
0 0.759375 0.4453125000000001 0.5828125 0.4453125 0.5828125 0.48125000000000007 0.759375 0.4812500000000002
0 0.771875 0.47656250000000017 0.7625 0.47656250000000017 0.7625 0.49218750000000017 0.771875 0.49218750000000017
0 0.85625 0.44843750000000016 0.7796875 0.44843750000000016 0.7796875 0.4812500000000002 0.85625 0.4812500000000002
0 0.9109375 0.4515625000000002 0.8671875 0.4515625000000002 0.8671875 0.47968750000000016 0.9109375 0.47968750000000016
0 0.19843750000000004 0.515625 0.12187500000000004 0.515625 0.12187500000000004 0.53125 0.19843750000000004 0.53125
0 0.3609375000000001 0.496875 0.2234375000000001 0.496875 0.2234375000000001 0.5421875 0.3609375000000001 0.5421875
0 0.4984375 0.496875 0.3828125000000001 0.496875 0.3828125000000001 0.5296875 0.4984375 0.5296875
0 0.55625 0.503125 0.5125 0.503125 0.5125 0.5296875 0.55625 0.5296875
0 0.6734375 0.4890625 0.59375 0.4890625 0.59375 0.53125 0.6734375 0.53125
0 0.784375 0.5000000000000001 0.7 0.5 0.7 0.5359375000000001 0.784375 0.5359375000000002
0 0.9015625 0.4984375000000002 0.809375 0.4984375000000002 0.809375 0.5343750000000002 0.9015625 0.5343750000000002
0 0.2375000000000001 0.5484375 0.13437500000000008 0.5484375 0.13437500000000008 0.590625 0.2375000000000001 0.590625
0 0.3671875000000001 0.5578125 0.2765625000000001 0.5578125 0.2765625000000001 0.5859375 0.3671875000000001 0.5859375
0 0.478125 0.571875 0.3968750000000001 0.571875 0.3968750000000001 0.5875 0.478125 0.5875
0 0.7296875 0.5437500000000001 0.5125 0.54375 0.5125 0.6000000000000001 0.7296875 0.6000000000000002
0 0.89375 0.5484375000000001 0.7640625 0.5484375000000001 0.7640625 0.6015625000000002 0.89375 0.6015625000000002
0 0.22812500000000008 0.603125 0.13281250000000008 0.603125 0.13281250000000008 0.6390625 0.22812500000000008 0.6390625
0 0.43125 0.5984375 0.2578125000000001 0.5984375 0.2578125000000001 0.6375 0.43125 0.6375
0 0.61875 0.603125 0.475 0.603125 0.475 0.6375 0.61875 0.6375
0 0.6953125 0.6078125 0.6421875 0.6078125 0.6421875 0.6375 0.6953125 0.6375
0 0.775 0.5984375000000001 0.7046875 0.5984375 0.7046875 0.6515625 0.775 0.6515625000000002
0 0.878125 0.6062500000000002 0.8015625 0.6062500000000002 0.8015625 0.6406250000000002 0.878125 0.6406250000000002
0 0.3593750000000001 0.6515625 0.1281250000000001 0.6515625 0.1281250000000001 0.703125 0.3593750000000001 0.703125
0 0.3734375000000001 0.675 0.3703125000000001 0.675 0.3703125000000001 0.678125 0.3734375000000001 0.678125