0 0.18593750000000003 0.2046875 0.14375000000000004 0.2046875 0.14375000000000004 0.221875 0.18593750000000003 0.221875
0 0.265625 0.2015625 0.2078125 0.2015625 0.2078125 0.23125 0.265625 0.23125
0 0.340625 0.2078125 0.2875 0.2078125 0.2875 0.225 0.340625 0.225
0 0.496875 0.2015625000000001 0.3640625 0.2015625000000001 0.3640625 0.22031250000000008 0.496875 0.22031250000000008
0 0.6546875 0.2015625000000001 0.5140625 0.2015625000000001 0.5140625 0.2312500000000001 0.6546875 0.2312500000000001
0 0.659375 0.2140625000000001 0.65625 0.2140625000000001 0.65625 0.2171875000000001 0.659375 0.2171875000000001
0 0.7328125 0.2015625000000001 0.675 0.2015625000000001 0.675 0.21875000000000008 0.7328125 0.21875000000000008
0 0.86875 0.2015625000000001 0.74375 0.2015625000000001 0.74375 0.2234375000000001 0.86875 0.2234375000000001
0 0.16250000000000003 0.2625 0.14375000000000004 0.2625 0.14375000000000004 0.275 0.16250000000000003 0.275
0 0.2703125 0.2546875 0.17968750000000006 0.2546875 0.17968750000000006 0.284375 0.2703125 0.284375
0 0.3390625 0.25625 0.2859375 0.25625 0.2859375 0.28125 0.3390625 0.28125
0 0.45 0.25312500000000004 0.3546875 0.253125 0.3546875 0.275 0.45 0.2750000000000001
0 0.528125 0.2500000000000001 0.4640625 0.2500000000000001 0.4640625 0.2718750000000001 0.528125 0.2718750000000001
0 0.5859375 0.2500000000000001 0.540625 0.2500000000000001 0.540625 0.2765625000000001 0.5859375 0.2765625000000001
0 0.64375 0.2515625000000001 0.590625 0.2515625000000001 0.590625 0.2718750000000001 0.64375 0.2718750000000001
0 0.721875 0.2500000000000001 0.6640625 0.2500000000000001 0.6640625 0.2765625000000001 0.721875 0.2765625000000001
0 0.8046875 0.25468750000000007 0.7359375 0.25468750000000007 0.7359375 0.2734375000000001 0.8046875 0.2734375000000001
0 0.89375 0.2562500000000001 0.8234375 0.2562500000000001 0.8234375 0.2734375000000001 0.89375 0.2734375000000001
0 0.18281250000000004 0.303125 0.12968750000000004 0.303125 0.12968750000000004 0.325 0.18281250000000004 0.325
0 0.4171875 0.30468750000000006 0.209375 0.3046875 0.209375 0.32500000000000007 0.4171875 0.32500000000000007
0 0.5296875 0.3109375000000001 0.4484375 0.3109375000000001 0.4484375 0.3234375000000001 0.5296875 0.3234375000000001
0 0.58125 0.3046875000000001 0.546875 0.3046875000000001 0.546875 0.3234375000000001 0.58125 0.3234375000000001
0 0.6875 0.30937500000000007 0.6078125 0.30937500000000007 0.6078125 0.3359375000000001 0.6875 0.3359375000000001
0 0.75 0.3062500000000001 0.7015625 0.3062500000000001 0.7015625 0.3265625000000001 0.75 0.3265625000000001
0 0.8375 0.3062500000000001 0.76875 0.3062500000000001 0.76875 0.3234375000000001 0.8375 0.3234375000000001
0 0.9015625 0.3062500000000001 0.85 0.3062500000000001 0.85 0.3281250000000001 0.9015625 0.3281250000000001
0 0.24531250000000004 0.35625 0.12812500000000004 0.35625 0.12812500000000004 0.378125 0.2453125000000001 0.378125
0 0.33281250000000007 0.3609375 0.2734375 0.3609375 0.27343750000000006 0.3765625 0.33281250000000007 0.3765625
0 0.4515625 0.35468750000000004 0.35625 0.3546875 0.35625000000000007 0.37343750000000003 0.4515625 0.3734375000000001
0 0.4859375 0.35625000000000007 0.46875 0.35625000000000007 0.46875 0.3750000000000001 0.4859375 0.3750000000000001
0 0.521875 0.35625000000000007 0.4890625 0.35625000000000007 0.4890625 0.3750000000000001 0.521875 0.3750000000000001
0 0.584375 0.3609375000000001 0.5375 0.3609375000000001 0.5375 0.3828125000000001 0.584375 0.3828125000000001
0 0.665625 0.3546875000000001 0.60625 0.3546875000000001 0.60625 0.3734375000000001 0.665625 0.3734375000000001
0 0.746875 0.3609375000000001 0.6859375 0.3609375000000001 0.6859375 0.3765625000000001 0.746875 0.3765625000000001
0 0.7984375 0.3546875000000001 0.765625 0.3546875000000001 0.765625 0.3750000000000001 0.7984375 0.3750000000000001
0 0.9171875 0.3546875000000001 0.8234375 0.3546875000000001 0.8234375 0.37968750000000007 0.9171875 0.37968750000000007
0 0.15781250000000005 0.4046875 0.13125000000000003 0.4046875 0.13125000000000003 0.4296875 0.15781250000000005 0.4296875
0 0.18906250000000005 0.4171875 0.18125000000000005 0.4171875 0.18125000000000005 0.425 0.18906250000000005 0.425
0 0.2484375000000001 0.4078125 0.20468750000000008 0.4078125 0.20468750000000008 0.4265625 0.2484375000000001 0.4265625
0 0.3265625000000001 0.4046875 0.2687500000000001 0.4046875 0.2687500000000001 0.4390625 0.3265625000000001 0.4390625
0 0.3453125000000001 0.40625 0.3375000000000001 0.40625 0.3375000000000001 0.4125 0.3453125000000001 0.4125
0 0.3937500000000001 0.403125 0.3515625000000001 0.403125 0.3515625000000001 0.428125 0.3937500000000001 0.428125
0 0.428125 0.4140625 0.409375 0.4140625 0.409375 0.4234375 0.428125 0.4234375
0 0.5625 0.4015625 0.45625 0.4015625 0.45625 0.4296875 0.5625 0.4296875
0 0.69375 0.403125 0.584375 0.403125 0.584375 0.4234375 0.69375 0.4234375
0 0.790625 0.40312500000000007 0.715625 0.403125 0.715625 0.4250000000000001 0.790625 0.42500000000000016
0 0.86875 0.4046875000000002 0.796875 0.4046875000000002 0.796875 0.42500000000000016 0.86875 0.42500000000000016
0 0.2093750000000001 0.4546875 0.12656250000000005 0.4546875 0.12656250000000005 0.4828125 0.2093750000000001 0.4828125
0 0.3000000000000001 0.45625 0.2312500000000001 0.45625 0.2312500000000001 0.4765625 0.3000000000000001 0.4765625
0 0.4375 0.4578125 0.3187500000000001 0.4578125 0.3187500000000001 0.4765625 0.4375 0.4765625
0 0.4546875 0.471875 0.446875 0.471875 0.446875 0.48125 0.4546875 0.48125
0 0.50625 0.4609375 0.4765625 0.4609375 0.4765625 0.4765625 0.50625 0.4765625
0 0.5796875 0.4625 0.53125 0.4625 0.53125 0.4859375 0.5796875 0.4859375
0 0.6625 0.4578125 0.6 0.4578125 0.6 0.475 0.6625 0.475
0 0.725 0.453125 0.6765625 0.453125 0.6765625 0.4828125 0.725 0.4828125
0 0.8015625 0.4546875000000002 0.7421875 0.4546875000000002 0.7421875 0.4781250000000002 0.8015625 0.4781250000000002
0 0.3062500000000001 0.5046875 0.12968750000000004 0.5046875 0.12968750000000004 0.5265625 0.3062500000000001 0.5265625
0 0.3937500000000001 0.50625 0.3296875000000001 0.50625 0.3296875000000001 0.5265625 0.3937500000000001 0.5265625
0 0.4515625 0.5078125 0.415625 0.5078125 0.415625 0.5265625 0.4515625 0.5265625
0 0.5203125 0.5125 0.471875 0.5125 0.471875 0.5375 0.5203125 0.5375
0 0.60625 0.50625 0.5390625 0.50625 0.5390625 0.525 0.60625 0.525
0 0.675 0.5015625 0.6359375 0.5015625 0.6359375 0.534375 0.675 0.534375
0 0.7359375 0.5062500000000001 0.6953125 0.50625 0.6953125 0.5265625 0.7359375 0.5265625000000002
0 0.859375 0.5125000000000002 0.7625 0.5125000000000002 0.7625 0.5312500000000002 0.859375 0.5312500000000002
0 0.8765625 0.5031250000000002 0.85625 0.5031250000000002 0.85625 0.5359375000000002 0.8765625 0.5359375000000002
0 0.884375 0.5265625000000002 0.8796875 0.5265625000000002 0.8796875 0.5296875000000002 0.884375 0.5296875000000002