0 0.3328125 0.25 0.15312500000000004 0.25 0.15312500000000004 0.29375 0.3328125 0.29375
0 0.38125 0.25312500000000004 0.346875 0.253125 0.346875 0.275 0.38125 0.2750000000000001
0 0.5140625 0.2531250000000001 0.3984375 0.2531250000000001 0.3984375 0.29375000000000007 0.5140625 0.29375000000000007
0 0.61875 0.2515625000000001 0.5234375 0.2515625000000001 0.5234375 0.2750000000000001 0.61875 0.2750000000000001
0 0.6703125 0.2578125000000001 0.6359375 0.2578125000000001 0.6359375 0.27812500000000007 0.6703125 0.27812500000000007
0 0.8375 0.2578125000000001 0.6921875 0.2578125000000001 0.6921875 0.2890625000000001 0.8375 0.2890625000000001
0 0.16406250000000006 0.3078125 0.14218750000000005 0.3078125 0.14218750000000005 0.3234375 0.16406250000000006 0.3234375
0 0.275 0.309375 0.19218750000000004 0.309375 0.19218750000000004 0.325 0.275 0.325
0 0.4 0.30468750000000006 0.2921875 0.3046875 0.2921875 0.34062500000000007 0.4 0.34062500000000007
0 0.4078125 0.3218750000000001 0.403125 0.3218750000000001 0.403125 0.3265625000000001 0.4078125 0.3265625000000001
0 0.6 0.3046875000000001 0.43125 0.3046875000000001 0.43125 0.3437500000000001 0.6 0.3437500000000001
0 0.6046875 0.3265625000000001 0.6 0.3265625000000001 0.6 0.3343750000000001 0.6046875 0.3343750000000001
0 0.6765625 0.3062500000000001 0.615625 0.3062500000000001 0.615625 0.3281250000000001 0.6765625 0.3281250000000001
0 0.7109375 0.3078125000000001 0.6796875 0.3078125000000001 0.6796875 0.32500000000000007 0.7109375 0.32500000000000007
0 0.7953125 0.3125000000000001 0.7296875 0.3125000000000001 0.7296875 0.3265625000000001 0.7953125 0.3265625000000001
0 0.825 0.3125000000000001 0.803125 0.3125000000000001 0.803125 0.3265625000000001 0.825 0.3265625000000001
0 0.24687500000000004 0.3515625 0.14218750000000005 0.3515625 0.14218750000000005 0.371875 0.2468750000000001 0.371875
0 0.37812500000000004 0.35468750000000004 0.2703125 0.3546875 0.27031250000000007 0.39375000000000004 0.3781250000000001 0.3937500000000001
0 0.5453125 0.3546875000000001 0.390625 0.3546875000000001 0.39062500000000006 0.3765625000000001 0.5453125 0.3765625000000001
0 0.625 0.35625000000000007 0.571875 0.35625000000000007 0.571875 0.39531250000000007 0.625 0.39531250000000007
0 0.69375 0.3515625000000001 0.6328125 0.3515625000000001 0.6328125 0.3750000000000001 0.69375 0.3750000000000001
0 0.8546875 0.3515625000000001 0.7078125 0.3515625000000001 0.7078125 0.37968750000000007 0.8546875 0.37968750000000007
0 0.2390625000000001 0.4015625 0.13593750000000004 0.4015625 0.13593750000000004 0.425 0.2390625000000001 0.425
0 0.3000000000000001 0.40625 0.2609375000000001 0.40625 0.2609375000000001 0.4265625 0.3000000000000001 0.4265625
0 0.3828125000000001 0.40625 0.3140625000000001 0.40625 0.3140625000000001 0.425 0.3828125000000001 0.425
0 0.50625 0.40625 0.4 0.40625 0.4 0.428125 0.50625 0.428125
0 0.5640625 0.4078125 0.5234375 0.4078125 0.5234375 0.4265625 0.5640625 0.4265625
0 0.678125 0.40625 0.5796875 0.40625 0.5796875 0.428125 0.678125 0.428125
0 0.7921875 0.4046875000000001 0.696875 0.4046875 0.696875 0.4484375000000001 0.7921875 0.44843750000000016
0 0.2234375000000001 0.453125 0.13281250000000006 0.453125 0.13281250000000006 0.4921875 0.2234375000000001 0.4921875
0 0.2375000000000001 0.475 0.2328125000000001 0.475 0.2328125000000001 0.4796875 0.2375000000000001 0.4796875
0 0.2921875000000001 0.453125 0.26250000000000007 0.453125 0.26250000000000007 0.475 0.2921875000000001 0.475
0 0.38750000000000007 0.4546875 0.3203125000000001 0.4546875 0.3203125000000001 0.4765625 0.38750000000000007 0.4765625
0 0.50625 0.4546875 0.409375 0.4546875 0.409375 0.4765625 0.50625 0.4765625
0 0.546875 0.4609375 0.521875 0.4609375 0.521875 0.4765625 0.546875 0.4765625
0 0.646875 0.4546875 0.559375 0.4546875 0.559375 0.4796875 0.646875 0.4796875
0 0.734375 0.4593750000000001 0.659375 0.459375 0.659375 0.4796875000000001 0.734375 0.47968750000000016
0 0.825 0.45625000000000016 0.746875 0.45625000000000016 0.746875 0.47968750000000016 0.825 0.47968750000000016
0 0.19531250000000006 0.5 0.13281250000000006 0.5 0.13281250000000006 0.525 0.19531250000000006 0.525
0 0.3031250000000001 0.5125 0.21875000000000008 0.5125 0.21875000000000008 0.53125 0.3031250000000001 0.53125
0 0.37187500000000007 0.5140625 0.3312500000000001 0.5140625 0.3312500000000001 0.5265625 0.37187500000000007 0.5265625
0 0.415625 0.5078125 0.3609375000000001 0.5078125 0.3609375000000001 0.528125 0.415625 0.528125
0 0.565625 0.5046875 0.4390625 0.5046875 0.4390625 0.55 0.565625 0.55
0 0.609375 0.5015625 0.575 0.5015625 0.575 0.534375 0.609375 0.534375
0 0.78125 0.5078125000000001 0.640625 0.5078125 0.640625 0.5375000000000001 0.78125 0.5375000000000002
0 0.37187500000000007 0.5578125 0.1312500000000001 0.5578125 0.1312500000000001 0.578125 0.37187500000000007 0.578125
0 0.4828125 0.559375 0.3921875000000001 0.559375 0.3921875000000001 0.5953125 0.4828125 0.5953125
0 0.58125 0.55625 0.5015625 0.55625 0.5015625 0.575 0.58125 0.575
0 0.6484375 0.5546875 0.5953125 0.5546875 0.5953125 0.5921875 0.6484375 0.5921875
0 0.7296875 0.5593750000000001 0.66875 0.559375 0.66875 0.5796875000000001 0.7296875 0.5796875000000001
0 0.83125 0.5593750000000002 0.75 0.5593750000000002 0.75 0.5796875000000001 0.83125 0.5796875000000001
0 0.2968750000000001 0.6078125 0.1390625000000001 0.6078125 0.1390625000000001 0.6265625 0.2968750000000001 0.6265625
0 0.3609375000000001 0.6125 0.3234375000000001 0.6125 0.3234375000000001 0.6296875 0.3609375000000001 0.6296875
0 0.496875 0.609375 0.3859375000000001 0.609375 0.3859375000000001 0.6296875 0.496875 0.6296875
0 0.6609375 0.6125 0.5203125 0.6125 0.5203125 0.628125 0.6609375 0.628125
0 0.665625 0.6265625 0.6609375 0.6265625 0.6609375 0.634375 0.665625 0.634375
0 0.725 0.609375 0.678125 0.609375 0.678125 0.6265625 0.725 0.6265625
0 0.7734375 0.6125000000000002 0.7421875 0.6125000000000002 0.7421875 0.6296875000000002 0.7734375 0.6296875000000002
0 0.2750000000000001 0.6578125 0.13437500000000008 0.6578125 0.13437500000000008 0.696875 0.2750000000000001 0.696875
0 0.3515625000000001 0.6546875 0.2890625000000001 0.6546875 0.2890625000000001 0.6765625 0.3515625000000001 0.6765625
0 0.56875 0.6546875 0.3765625000000001 0.6546875 0.3765625000000001 0.684375 0.56875 0.684375
0 0.6703125 0.65625 0.5984375 0.65625 0.5984375 0.6796875 0.6703125 0.6796875
0 0.7546875 0.6562500000000001 0.684375 0.65625 0.684375 0.6796875000000001 0.7546875 0.6796875000000002
0 0.8328125 0.6609375000000002 0.7671875 0.6609375000000002 0.7671875 0.6796875000000002 0.8328125 0.6796875000000002
0 0.3125000000000001 0.7078125 0.13281250000000008 0.7078125 0.13281250000000008 0.7265625 0.3125000000000001 0.7265625
0 0.4078125000000001 0.70625 0.3375000000000001 0.70625 0.3375000000000001 0.7296875 0.4078125000000002 0.7296875
0 0.4671875000000001 0.7078125 0.4328125 0.7078125 0.4328125000000001 0.7296875 0.4671875000000002 0.7296875
0 0.5062500000000001 0.715625 0.4828125 0.715625 0.4828125000000001 0.7296875 0.5062500000000002 0.7296875
0 0.6468750000000001 0.70625 0.53125 0.70625 0.5312500000000001 0.7296875 0.6468750000000002 0.7296875
0 0.7093750000000001 0.7046875 0.6671875 0.7046875 0.6671875 0.7359375 0.7093750000000002 0.7359375
0 0.7781250000000001 0.7078125000000001 0.7203125 0.7078125 0.7203125000000001 0.7328125000000001 0.7781250000000002 0.7328125000000002
0 0.2312500000000001 0.746875 0.1218750000000001 0.746875 0.1218750000000001 0.775 0.2312500000000001 0.775
0 0.3890625000000001 0.7375 0.24375000000000008 0.7375 0.24375000000000008 0.771875 0.3890625000000001 0.771875
0 0.5093750000000001 0.7515625 0.4109375000000002 0.7515625 0.4109375000000002 0.771875 0.5093750000000001 0.771875
0 0.5875000000000001 0.746875 0.5265625000000002 0.746875 0.5265625000000002 0.7703125 0.5875000000000001 0.7703125
0 0.6765625000000002 0.7421875 0.6078125000000002 0.7421875 0.6078125000000002 0.775 0.6765625000000002 0.775
0 0.6875000000000002 0.765625 0.6812500000000001 0.765625 0.6812500000000001 0.7703125 0.6875000000000002 0.7703125