0 0.18750000000000006 0.2578125 0.15625000000000006 0.2578125 0.15625000000000006 0.2796875 0.18750000000000006 0.2796875
0 0.2484375 0.2609375 0.19687500000000005 0.2609375 0.19687500000000005 0.2859375 0.2484375 0.2859375
0 0.390625 0.26250000000000007 0.259375 0.2625 0.259375 0.290625 0.390625 0.2906250000000001
0 0.4421875 0.2656250000000001 0.4140625 0.2656250000000001 0.4140625 0.2796875000000001 0.4421875 0.2796875000000001
0 0.49375 0.2609375000000001 0.459375 0.2609375000000001 0.459375 0.27812500000000007 0.49375 0.27812500000000007
0 0.6203125 0.2578125000000001 0.5078125 0.2578125000000001 0.5078125 0.2843750000000001 0.6203125 0.2843750000000001
0 0.684375 0.2609375000000001 0.640625 0.2609375000000001 0.640625 0.27812500000000007 0.684375 0.27812500000000007
0 0.7375 0.2562500000000001 0.7015625 0.2562500000000001 0.7015625 0.2796875000000001 0.7375 0.2796875000000001
0 0.89375 0.2578125000000001 0.759375 0.2578125000000001 0.759375 0.27812500000000007 0.89375 0.27812500000000007
0 0.20625 0.3046875 0.15312500000000004 0.3046875 0.15312500000000004 0.328125 0.20625 0.328125
0 0.275 0.3046875 0.2234375 0.3046875 0.2234375 0.325 0.275 0.325
0 0.2953125 0.3140625 0.284375 0.3140625 0.284375 0.3171875 0.2953125 0.3171875
0 0.3359375 0.30625 0.3015625 0.30625 0.3015625 0.3296875 0.3359375 0.3296875
0 0.3890625 0.30312500000000003 0.346875 0.303125 0.346875 0.3296875 0.3890625 0.3296875000000001
0 0.4515625 0.3156250000000001 0.4015625 0.3156250000000001 0.4015625 0.3281250000000001 0.4515625 0.3281250000000001
0 0.4890625 0.3078125000000001 0.4609375 0.3078125000000001 0.4609375 0.3265625000000001 0.4890625 0.3265625000000001
0 0.5484375 0.3078125000000001 0.5109375 0.3078125000000001 0.5109375 0.3343750000000001 0.5484375 0.3343750000000001
0 0.6109375 0.3078125000000001 0.5640625 0.3078125000000001 0.5640625 0.3281250000000001 0.6109375 0.3281250000000001
0 0.61875 0.3265625000000001 0.6125 0.3265625000000001 0.6125 0.3375000000000001 0.61875 0.3375000000000001
0 0.7 0.30937500000000007 0.6328125 0.30937500000000007 0.6328125 0.3296875000000001 0.7 0.3296875000000001
0 0.7171875 0.3265625000000001 0.7125 0.3265625000000001 0.7125 0.3359375000000001 0.7171875 0.3359375000000001
0 0.7625 0.30937500000000007 0.7296875 0.30937500000000007 0.7296875 0.3296875000000001 0.7625 0.3296875000000001
0 0.8375 0.3109375000000001 0.7765625 0.3109375000000001 0.7765625 0.3281250000000001 0.8375 0.3281250000000001
0 0.8671875 0.3078125000000001 0.846875 0.3078125000000001 0.846875 0.3265625000000001 0.8671875 0.3265625000000001
0 0.26406250000000003 0.3546875 0.15312500000000004 0.3546875 0.15312500000000004 0.3859375 0.2640625000000001 0.3859375
0 0.2812500000000001 0.3671875 0.2718750000000001 0.3671875 0.2718750000000001 0.36875 0.2812500000000001 0.36875
0 0.33125000000000004 0.359375 0.2890625 0.359375 0.28906250000000006 0.375 0.3312500000000001 0.375
0 0.34062500000000007 0.365625 0.3359375000000001 0.365625 0.3359375000000001 0.3703125 0.34062500000000007 0.3703125
0 0.365625 0.35625000000000007 0.3578125 0.35625 0.3578125 0.36250000000000004 0.365625 0.3625000000000001
0 0.428125 0.3578125000000001 0.375 0.3578125000000001 0.37500000000000006 0.3765625000000001 0.428125 0.3765625000000001
0 0.5484375 0.35625000000000007 0.4390625 0.35625000000000007 0.4390625 0.3765625000000001 0.5484375 0.3765625000000001
0 0.64375 0.3625000000000001 0.5625 0.3625000000000001 0.5625 0.37968750000000007 0.64375 0.37968750000000007
0 0.6859375 0.3593750000000001 0.653125 0.3593750000000001 0.653125 0.3781250000000001 0.6859375 0.3781250000000001
0 0.75625 0.3593750000000001 0.6984375 0.3593750000000001 0.6984375 0.3859375000000001 0.75625 0.3859375000000001
0 0.8515625 0.3593750000000001 0.7671875 0.3593750000000001 0.7671875 0.3906250000000001 0.8515625 0.3906250000000001
0 0.85625 0.3750000000000001 0.8421875 0.3750000000000001 0.8421875 0.3859375000000001 0.85625 0.3859375000000001
0 0.19531250000000006 0.403125 0.14843750000000006 0.403125 0.14843750000000006 0.428125 0.19531250000000006 0.428125
0 0.3125000000000001 0.4140625 0.21875000000000008 0.4140625 0.21875000000000008 0.4265625 0.3125000000000001 0.4265625
0 0.3765625000000001 0.409375 0.32500000000000007 0.409375 0.32500000000000007 0.428125 0.3765625000000001 0.428125
0 0.475 0.4078125 0.3843750000000001 0.4078125 0.3843750000000001 0.440625 0.475 0.440625
0 0.48125 0.4296875 0.4765625 0.4296875 0.4765625 0.4421875 0.48125 0.4421875
0 0.54375 0.4109375 0.4984375 0.4109375 0.4984375 0.428125 0.54375 0.428125
0 0.6484375 0.4125 0.5546875 0.4125 0.5546875 0.43125 0.6484375 0.43125
0 0.7078125 0.41875 0.6546875 0.41875 0.6546875 0.4328125 0.7078125 0.4328125
0 0.7875 0.4156250000000001 0.721875 0.415625 0.721875 0.4406250000000001 0.7875 0.44062500000000016
0 0.8390625 0.4078125000000002 0.8046875 0.4078125000000002 0.8046875 0.42968750000000017 0.8390625 0.42968750000000017
0 0.19062500000000004 0.4578125 0.13906250000000003 0.4578125 0.13906250000000003 0.478125 0.19062500000000004 0.478125
0 0.3140625000000001 0.4625 0.20312500000000008 0.4625 0.20312500000000008 0.490625 0.3140625000000001 0.490625
0 0.3593750000000001 0.453125 0.3312500000000001 0.453125 0.3312500000000001 0.4875 0.3593750000000001 0.4875
0 0.3937500000000001 0.4578125 0.3625000000000001 0.4578125 0.3625000000000001 0.4796875 0.3937500000000001 0.4796875
0 0.446875 0.459375 0.4046875 0.459375 0.4046875 0.478125 0.446875 0.478125
0 0.6 0.459375 0.46875 0.459375 0.46875 0.4828125 0.6 0.4828125
0 0.64375 0.4625 0.6234375 0.4625 0.6234375 0.4796875 0.64375 0.4796875
0 0.759375 0.46562500000000007 0.6671875 0.465625 0.6671875 0.49687500000000007 0.759375 0.4968750000000002
0 0.8265625 0.4578125000000002 0.7734375 0.4578125000000002 0.7734375 0.4828125000000002 0.8265625 0.4828125000000002
0 0.21875000000000008 0.5125 0.13750000000000004 0.5125 0.13750000000000004 0.528125 0.21875000000000008 0.528125
0 0.3125000000000001 0.5140625 0.22812500000000008 0.5140625 0.22812500000000008 0.540625 0.3125000000000001 0.540625
0 0.32500000000000007 0.525 0.3218750000000001 0.525 0.3218750000000001 0.5296875 0.32500000000000007 0.5296875
0 0.3546875000000001 0.5125 0.3468750000000001 0.5125 0.3468750000000001 0.51875 0.3546875000000001 0.51875
0 0.4546875 0.5109375 0.3578125000000001 0.5109375 0.3578125000000001 0.5328125 0.4546875 0.5328125
0 0.5140625 0.515625 0.4734375 0.515625 0.4734375 0.5328125 0.5140625 0.5328125
0 0.5859375 0.5125 0.5296875 0.5125 0.5296875 0.5453125 0.5859375 0.5453125
0 0.61875 0.509375 0.6015625 0.509375 0.6015625 0.53125 0.61875 0.53125
0 0.6953125 0.5140625 0.63125 0.5140625 0.63125 0.534375 0.6953125 0.534375
0 0.7515625 0.5093750000000001 0.7171875 0.509375 0.7171875 0.5296875000000001 0.7515625 0.5296875000000002
0 0.8078125 0.5109375000000002 0.7578125 0.5109375000000002 0.7578125 0.5296875000000002 0.8078125 0.5296875000000002
0 0.8578125 0.5046875000000002 0.8234375 0.5046875000000002 0.8234375 0.5359375000000002 0.8578125 0.5359375000000002
0 0.2328125000000001 0.5625 0.1375000000000001 0.5625 0.1375000000000001 0.578125 0.2328125000000001 0.578125
0 0.3781250000000001 0.5625 0.2468750000000001 0.5625 0.2468750000000001 0.5921875 0.3781250000000001 0.5921875
0 0.44375 0.5625 0.39531250000000007 0.5625 0.39531250000000007 0.5796875 0.44375 0.5796875
0 0.559375 0.5640625 0.4578125 0.5640625 0.4578125 0.5921875 0.559375 0.5921875
0 0.59375 0.5609375 0.575 0.5609375 0.575 0.58125 0.59375 0.58125
0 0.6453125 0.5578125 0.6078125 0.5578125 0.6078125 0.58125 0.6453125 0.58125
0 0.7453125 0.5640625000000001 0.6609375 0.5640625 0.6609375 0.596875 0.7453125 0.5968750000000002
0 0.85 0.5593750000000002 0.7640625 0.5593750000000002 0.7640625 0.5828125000000002 0.85 0.5828125000000002
0 0.16562500000000008 0.603125 0.14218750000000008 0.603125 0.14218750000000008 0.6359375 0.16562500000000008 0.6359375
0 0.2812500000000001 0.6046875 0.1781250000000001 0.6046875 0.1781250000000001 0.6359375 0.2812500000000001 0.6359375
0 0.3390625000000001 0.6109375 0.2921875000000001 0.6109375 0.2921875000000001 0.6296875 0.3390625000000001 0.6296875
0 0.54375 0.6109375 0.3593750000000001 0.6109375 0.3593750000000001 0.6453125 0.54375 0.6453125
0 0.665625 0.6109375 0.5640625 0.6109375 0.5640625 0.634375 0.665625 0.634375
0 0.740625 0.6093750000000001 0.6796875 0.609375 0.6796875 0.6312500000000001 0.740625 0.6312500000000002
0 0.75 0.6296875000000002 0.746875 0.6296875000000002 0.746875 0.6312500000000002 0.75 0.6312500000000002
0 0.7703125 0.6109375000000001 0.7609375 0.6109375000000001 0.7609375 0.6203125000000002 0.7703125 0.6203125000000002