0 0.13125000000000003 0.1875 0.08593750000000003 0.1875 0.08593750000000003 0.2109375 0.13125000000000003 0.2109375
0 0.28125 0.18593750000000003 0.15000000000000005 0.1859375 0.15000000000000005 0.2234375 0.28125 0.2234375
0 0.35625 0.18437500000000004 0.29375 0.18437500000000004 0.29375 0.2078125 0.35625 0.2078125
0 0.4296875 0.18750000000000006 0.3796875 0.18750000000000006 0.3796875 0.21093750000000008 0.4296875 0.21093750000000008
0 0.6234375 0.18593750000000006 0.44375 0.18593750000000003 0.44375 0.21093750000000008 0.6234375 0.21093750000000008
0 0.703125 0.18750000000000008 0.63125 0.18750000000000008 0.63125 0.21250000000000008 0.703125 0.21250000000000008
0 0.75625 0.18750000000000008 0.7171875 0.18750000000000008 0.7171875 0.2140625000000001 0.75625 0.2140625000000001
0 0.8453125 0.1906250000000001 0.775 0.1906250000000001 0.775 0.2140625000000001 0.8453125 0.2140625000000001
0 0.19375000000000003 0.2375 0.08750000000000002 0.2375 0.08750000000000002 0.259375 0.19375000000000003 0.259375
0 0.2921875 0.2375 0.2234375 0.2375 0.2234375 0.2578125 0.2921875 0.2578125
0 0.33125 0.2375 0.30625 0.2375 0.30625 0.2578125 0.33125 0.2578125
0 0.4296875 0.23906250000000004 0.3484375 0.2390625 0.3484375 0.27343750000000006 0.4296875 0.2734375000000001
0 0.4953125 0.23593750000000008 0.4484375 0.23593750000000008 0.4484375 0.2656250000000001 0.4953125 0.2656250000000001
0 0.70625 0.23437500000000008 0.509375 0.23437500000000008 0.509375 0.2640625000000001 0.70625 0.2640625000000001
0 0.75 0.2312500000000001 0.715625 0.2312500000000001 0.715625 0.2640625000000001 0.75 0.2640625000000001
0 0.8140625 0.23437500000000008 0.7703125 0.23437500000000008 0.7703125 0.2609375000000001 0.8140625 0.2609375000000001
0 0.953125 0.2390625000000001 0.8296875 0.2390625000000001 0.8296875 0.26250000000000007 0.953125 0.26250000000000007
0 0.2015625 0.284375 0.09218750000000005 0.284375 0.09218750000000005 0.30625 0.2015625 0.30625
0 0.20625 0.3046875 0.203125 0.3046875 0.203125 0.3171875 0.20625 0.3171875
0 0.290625 0.29375 0.228125 0.29375 0.228125 0.30625 0.290625 0.30625
0 0.3328125 0.2828125 0.30625 0.2828125 0.30625 0.3078125 0.3328125 0.3078125
0 0.371875 0.2828125 0.346875 0.2828125 0.346875 0.30625 0.371875 0.3062500000000001
0 0.4921875 0.2890625000000001 0.3890625 0.2890625000000001 0.3890625 0.30937500000000007 0.4921875 0.30937500000000007
0 0.55625 0.30156250000000007 0.5125 0.30156250000000007 0.5125 0.3140625000000001 0.55625 0.3140625000000001
0 0.7890625 0.28593750000000007 0.5640625 0.28593750000000007 0.5640625 0.3125000000000001 0.7890625 0.3125000000000001
0 0.9546875 0.2921875000000001 0.8015625 0.2921875000000001 0.8015625 0.31718750000000007 0.9546875 0.31718750000000007
0 0.9703125 0.3156250000000001 0.965625 0.3156250000000001 0.965625 0.3187500000000001 0.9703125 0.3187500000000001
0 0.17187500000000006 0.3359375 0.08437500000000005 0.3359375 0.08437500000000005 0.3578125 0.17187500000000006 0.3578125
0 0.259375 0.34375 0.18906250000000005 0.34375 0.18906250000000005 0.3609375 0.259375 0.3609375
0 0.35 0.340625 0.2796875 0.340625 0.2796875 0.359375 0.35 0.359375
0 0.4390625 0.33281250000000007 0.365625 0.33281250000000007 0.36562500000000003 0.3656250000000001 0.4390625 0.3656250000000001
0 0.6453125 0.34062500000000007 0.4578125 0.34062500000000007 0.4578125 0.3625000000000001 0.6453125 0.3625000000000001
0 0.690625 0.3500000000000001 0.653125 0.3500000000000001 0.653125 0.36406250000000007 0.690625 0.36406250000000007
0 0.790625 0.3437500000000001 0.7140625 0.3437500000000001 0.7140625 0.36406250000000007 0.790625 0.36406250000000007
0 0.796875 0.3593750000000001 0.79375 0.3593750000000001 0.79375 0.37187500000000007 0.796875 0.37187500000000007
0 0.8984375 0.3390625000000001 0.8046875 0.3390625000000001 0.8046875 0.3625000000000001 0.8984375 0.3625000000000001
0 0.15000000000000005 0.39375 0.09375000000000004 0.39375 0.09375000000000004 0.4125 0.15000000000000005 0.4125
0 0.2500000000000001 0.3890625 0.16718750000000004 0.3890625 0.16718750000000004 0.4125 0.2500000000000001 0.4125
0 0.3812500000000001 0.38593750000000004 0.2687500000000001 0.3859375 0.2687500000000001 0.428125 0.3812500000000001 0.428125
0 0.54375 0.3921875000000001 0.3984375000000001 0.3921875000000001 0.3984375000000001 0.4296875 0.54375 0.4296875
0 0.559375 0.4125 0.55625 0.4125 0.55625 0.421875 0.559375 0.421875
0 0.6671875 0.3906250000000001 0.58125 0.3906250000000001 0.58125 0.4203125 0.6671875 0.4203125
0 0.7265625 0.3921875000000001 0.6796875 0.3921875000000001 0.6796875 0.4140625000000001 0.7265625 0.41406250000000017
0 0.85 0.3890625000000001 0.7375 0.3890625000000001 0.7375 0.43281250000000016 0.85 0.43281250000000016
0 0.93125 0.3906250000000001 0.86875 0.3906250000000001 0.86875 0.4156250000000002 0.93125 0.4156250000000002
0 0.22812500000000008 0.4359375 0.09531250000000005 0.4359375 0.09531250000000005 0.4671875 0.22812500000000008 0.4671875
0 0.3000000000000001 0.4390625 0.2500000000000001 0.4390625 0.2500000000000001 0.4625 0.3000000000000001 0.4625
0 0.4734375 0.4390625 0.3109375000000001 0.4390625 0.3109375000000001 0.465625 0.4734375 0.465625
0 0.515625 0.4421875 0.4875 0.4421875 0.4875 0.46875 0.515625 0.46875
0 0.5828125 0.4421875 0.534375 0.4421875 0.534375 0.4640625 0.5828125 0.4640625
0 0.759375 0.44218750000000007 0.6 0.4421875 0.6 0.4687500000000001 0.759375 0.46875000000000017
0 0.83125 0.44531250000000017 0.7671875 0.44531250000000017 0.7671875 0.4671875000000002 0.83125 0.4671875000000002
0 0.9109375 0.4421875000000002 0.85625 0.4421875000000002 0.85625 0.4656250000000002 0.9109375 0.4656250000000002
0 0.2578125000000001 0.4875 0.08750000000000006 0.4875 0.08750000000000006 0.5109375 0.2578125000000001 0.5109375
0 0.3140625000000001 0.490625 0.2828125000000001 0.490625 0.2828125000000001 0.5109375 0.3140625000000001 0.5109375
0 0.3593750000000001 0.490625 0.3156250000000001 0.490625 0.3156250000000001 0.5140625 0.3593750000000001 0.5140625
0 0.4296875 0.4921875 0.37968750000000007 0.4921875 0.37968750000000007 0.5125 0.4296875 0.5125
0 0.5921875 0.4921875 0.45625 0.4921875 0.45625 0.5234375 0.5921875 0.5234375
0 0.6421875 0.49375 0.609375 0.49375 0.609375 0.525 0.6421875 0.525
0 0.69375 0.5015625 0.6578125 0.5015625 0.6578125 0.5203125 0.69375 0.5203125
0 0.8296875 0.49687500000000007 0.70625 0.496875 0.70625 0.51875 0.8296875 0.5187500000000002
0 0.9265625 0.4984375000000002 0.84375 0.4984375000000002 0.84375 0.5218750000000002 0.9265625 0.5218750000000002
0 0.16562500000000008 0.540625 0.09375000000000007 0.540625 0.09375000000000007 0.565625 0.16562500000000008 0.565625
0 0.2656250000000001 0.540625 0.17968750000000006 0.540625 0.17968750000000006 0.565625 0.2656250000000001 0.565625
0 0.27812500000000007 0.5640625 0.2750000000000001 0.5640625 0.2750000000000001 0.5734375 0.27812500000000007 0.5734375
0 0.4015625 0.5421875 0.2828125000000001 0.5421875 0.2828125000000001 0.578125 0.4015625 0.578125
0 0.56875 0.540625 0.421875 0.540625 0.421875 0.58125 0.56875 0.58125
0 0.58125 0.5625 0.578125 0.5625 0.578125 0.5703125 0.58125 0.5703125
0 0.646875 0.5390625 0.5875 0.5390625 0.5875 0.5671875 0.646875 0.5671875
0 0.709375 0.54375 0.65625 0.54375 0.65625 0.5671875 0.709375 0.5671875
0 0.875 0.5390625000000002 0.7265625 0.5390625000000002 0.7265625 0.5812500000000002 0.875 0.5812500000000002
0 0.1828125000000001 0.5890625 0.08906250000000007 0.5890625 0.08906250000000007 0.6265625 0.1828125000000001 0.6265625
0 0.2015625000000001 0.6125 0.1984375000000001 0.6125 0.1984375000000001 0.621875 0.2015625000000001 0.621875
0 0.2671875000000001 0.5890625 0.21250000000000008 0.5890625 0.21250000000000008 0.6171875 0.2671875000000001 0.6171875
0 0.4671875 0.5890625 0.2812500000000001 0.5890625 0.2812500000000001 0.6140625 0.4671875 0.6140625
0 0.596875 0.596875 0.475 0.596875 0.475 0.625 0.596875 0.625
0 0.7609375 0.5953125000000001 0.6125 0.5953125 0.6125 0.6171875000000001 0.7609375 0.6171875000000002
0 0.828125 0.5937500000000002 0.76875 0.5937500000000002 0.76875 0.6265625000000001 0.828125 0.6265625000000001
0 0.2156250000000001 0.64375 0.09687500000000009 0.64375 0.09687500000000009 0.684375 0.2156250000000001 0.684375
0 0.35625000000000007 0.6453125 0.2406250000000001 0.6453125 0.2406250000000001 0.6765625 0.35625000000000007 0.6765625
0 0.3671875000000001 0.6640625 0.3625000000000001 0.6640625 0.3625000000000001 0.6765625 0.3671875000000001 0.6765625
0 0.4625 0.6515625 0.3843750000000001 0.6515625 0.3843750000000001 0.6671875 0.4625 0.6671875
0 0.6296875 0.64375 0.4875 0.64375 0.4875 0.6828125 0.6296875 0.6828125
0 0.6875 0.6515625 0.65625 0.6515625 0.65625 0.6671875 0.6875 0.6671875
0 0.7078125 0.6640625 0.703125 0.6640625 0.703125 0.675 0.7078125 0.675
0 0.7828125 0.64375 0.7234375 0.64375 0.7234375 0.6687500000000001 0.7828125 0.6687500000000002
0 0.86875 0.6484375000000002 0.8125 0.6484375000000002 0.8125 0.6703125000000002 0.86875 0.6703125000000002
0 0.18125000000000008 0.7078125 0.11875000000000009 0.7078125 0.11875000000000009 0.71875 0.18125000000000008 0.71875
0 0.3156250000000001 0.6921875 0.2000000000000001 0.6921875 0.2000000000000001 0.7171875 0.3156250000000001 0.7171875
0 0.459375 0.696875 0.3578125000000001 0.696875 0.3578125000000001 0.7171875 0.459375 0.7171875
0 0.46875 0.715625 0.465625 0.715625 0.465625 0.7171875 0.46875 0.7171875