0 0.2109375 0.19843750000000002 0.15468750000000003 0.1984375 0.15468750000000003 0.2234375 0.2109375 0.2234375
0 0.3171875 0.2 0.2375 0.2 0.2375 0.225 0.3171875 0.225
0 0.4453125 0.21250000000000005 0.346875 0.2125 0.346875 0.22812500000000005 0.4453125 0.22812500000000008
0 0.503125 0.20312500000000008 0.4796875 0.20312500000000008 0.4796875 0.22656250000000008 0.503125 0.22656250000000008
0 0.596875 0.19843750000000007 0.525 0.19843750000000004 0.525 0.2250000000000001 0.596875 0.2250000000000001
0 0.6859375 0.20312500000000008 0.63125 0.20312500000000008 0.63125 0.2250000000000001 0.6859375 0.2250000000000001
0 0.8359375 0.2093750000000001 0.71875 0.2093750000000001 0.71875 0.2328125000000001 0.8359375 0.2328125000000001
0 0.2734375 0.246875 0.15468750000000003 0.246875 0.15468750000000003 0.2765625 0.2734375 0.2765625
0 0.35 0.2546875 0.296875 0.2546875 0.296875 0.278125 0.35 0.278125
0 0.43125 0.25468750000000007 0.375 0.25468750000000007 0.375 0.27812500000000007 0.43125 0.27812500000000007
0 0.540625 0.2515625000000001 0.4515625 0.2515625000000001 0.4515625 0.2750000000000001 0.540625 0.2750000000000001
0 0.659375 0.2515625000000001 0.5625 0.2515625000000001 0.5625 0.2750000000000001 0.659375 0.2750000000000001
0 0.684375 0.2656250000000001 0.6734375 0.2656250000000001 0.6734375 0.2671875000000001 0.684375 0.2671875000000001
0 0.76875 0.2500000000000001 0.7046875 0.2500000000000001 0.7046875 0.2734375000000001 0.76875 0.2734375000000001
0 0.8390625 0.2531250000000001 0.78125 0.2531250000000001 0.78125 0.2750000000000001 0.8390625 0.2750000000000001
0 0.221875 0.3015625 0.14531250000000004 0.3015625 0.14531250000000004 0.328125 0.221875 0.328125
0 0.290625 0.3046875 0.2359375 0.3046875 0.2359375 0.3265625 0.290625 0.3265625
0 0.534375 0.30156250000000007 0.3203125 0.3015625 0.3203125 0.32656250000000003 0.534375 0.3265625000000001
0 0.6765625 0.30156250000000007 0.5609375 0.30156250000000007 0.5609375 0.3265625000000001 0.6765625 0.3265625000000001
0 0.71875 0.3187500000000001 0.7 0.3187500000000001 0.7 0.3218750000000001 0.71875 0.3218750000000001
0 0.759375 0.3062500000000001 0.7390625 0.3062500000000001 0.7390625 0.3265625000000001 0.759375 0.3265625000000001
0 0.8296875 0.30156250000000007 0.7734375 0.30156250000000007 0.7734375 0.3281250000000001 0.8296875 0.3281250000000001
0 0.29531250000000003 0.35 0.14218750000000005 0.35 0.14218750000000005 0.3921875 0.2953125000000001 0.3921875
0 0.36562500000000003 0.35625000000000007 0.328125 0.35625 0.32812500000000006 0.3765625 0.3656250000000001 0.3765625000000001
0 0.49375 0.3578125000000001 0.3765625 0.3578125000000001 0.3765625 0.37968750000000007 0.49375 0.37968750000000007
0 0.5890625 0.36406250000000007 0.5234375 0.36406250000000007 0.5234375 0.3781250000000001 0.5890625 0.3781250000000001
0 0.6 0.3734375000000001 0.5953125 0.3734375000000001 0.5953125 0.3765625000000001 0.6 0.3765625000000001
0 0.64375 0.3531250000000001 0.6296875 0.3531250000000001 0.6296875 0.3625000000000001 0.64375 0.3625000000000001
0 0.675 0.3578125000000001 0.6515625 0.3578125000000001 0.6515625 0.3781250000000001 0.675 0.3781250000000001
0 0.8125 0.3546875000000001 0.6984375 0.3546875000000001 0.6984375 0.3859375000000001 0.8125 0.3859375000000001
0 0.2687500000000001 0.403125 0.14531250000000004 0.403125 0.14531250000000004 0.44375 0.2687500000000001 0.44375
0 0.3656250000000001 0.40625 0.30156250000000007 0.40625 0.30156250000000007 0.440625 0.3656250000000001 0.440625
0 0.43125 0.403125 0.3937500000000001 0.403125 0.3937500000000001 0.428125 0.43125 0.428125
0 0.5515625 0.40625 0.4390625 0.40625 0.4390625 0.4359375 0.5515625 0.4359375
0 0.6140625 0.4046875 0.584375 0.4046875 0.584375 0.428125 0.6140625 0.428125
0 0.6921875 0.403125 0.6375 0.403125 0.6375 0.43125 0.6921875 0.43125
0 0.840625 0.40312500000000007 0.725 0.403125 0.725 0.4390625000000001 0.840625 0.4390625000000002
0 0.2593750000000001 0.4546875 0.14375000000000004 0.4546875 0.14375000000000004 0.48125 0.2593750000000001 0.48125
0 0.3515625000000001 0.453125 0.2953125000000001 0.453125 0.2953125000000001 0.478125 0.3515625000000001 0.478125
0 0.48125 0.45625 0.37968750000000007 0.45625 0.37968750000000007 0.4796875 0.48125 0.4796875
0 0.596875 0.459375 0.5140625 0.459375 0.5140625 0.4796875 0.596875 0.4796875
0 0.6625 0.45625 0.6296875 0.45625 0.6296875 0.478125 0.6625 0.478125
0 0.75625 0.46562500000000007 0.6859375 0.465625 0.6859375 0.4765625000000001 0.75625 0.47656250000000017
0 0.896875 0.45312500000000017 0.778125 0.45312500000000017 0.778125 0.4781250000000002 0.896875 0.4781250000000002
0 0.17187500000000006 0.5015625 0.14062500000000006 0.5015625 0.14062500000000006 0.5296875 0.17187500000000006 0.5296875
0 0.3593750000000001 0.50625 0.2015625000000001 0.50625 0.2015625000000001 0.5453125 0.3593750000000001 0.5453125
0 0.41875 0.5171875 0.4015625 0.5171875 0.4015625 0.53125 0.41875 0.53125
0 0.5703125 0.5078125 0.45 0.5078125 0.45 0.53125 0.5703125 0.53125
0 0.6609375 0.515625 0.6 0.515625 0.6 0.5296875 0.6609375 0.5296875
0 0.7265625 0.5156250000000001 0.6921875 0.515625 0.6921875 0.5281250000000001 0.7265625 0.5281250000000002
0 0.76875 0.5187500000000002 0.7484375 0.5187500000000002 0.7484375 0.5281250000000002 0.76875 0.5281250000000002
0 0.8828125 0.5046875000000002 0.79375 0.5046875000000002 0.79375 0.5281250000000002 0.8828125 0.5281250000000002
0 0.16562500000000008 0.55625 0.13281250000000008 0.55625 0.13281250000000008 0.5890625 0.16562500000000008 0.5890625
0 0.28593750000000007 0.5578125 0.1937500000000001 0.5578125 0.1937500000000001 0.5921875 0.28593750000000007 0.5921875
0 0.3515625000000001 0.55625 0.3234375000000001 0.55625 0.3234375000000001 0.58125 0.3515625000000001 0.58125
0 0.4890625 0.5578125 0.37187500000000007 0.5578125 0.37187500000000007 0.590625 0.4890625 0.590625
0 0.6765625 0.5546875 0.5125 0.5546875 0.5125 0.5921875 0.6765625 0.5921875
0 0.7890625 0.5546875000000001 0.7 0.5546875 0.7 0.5781250000000001 0.7890625 0.5781250000000002
0 0.884375 0.5609375000000002 0.8125 0.5609375000000002 0.8125 0.5796875000000001 0.884375 0.5796875000000001
0 0.17343750000000008 0.6078125 0.1437500000000001 0.6078125 0.1437500000000001 0.63125 0.17343750000000008 0.63125
0 0.3343750000000001 0.609375 0.2015625000000001 0.609375 0.2015625000000001 0.6390625 0.3343750000000001 0.6390625
0 0.4078125 0.609375 0.3750000000000001 0.609375 0.3750000000000001 0.6390625 0.4078125 0.6390625
0 0.4984375 0.6078125 0.434375 0.6078125 0.434375 0.63125 0.4984375 0.63125
0 0.6015625 0.60625 0.5265625 0.60625 0.5265625 0.63125 0.6015625 0.63125
0 0.6828125 0.609375 0.6265625 0.609375 0.6265625 0.6296875 0.6828125 0.6296875
0 0.7703125 0.6093750000000001 0.7078125 0.609375 0.7078125 0.6296875000000001 0.7703125 0.6296875000000002
0 0.7796875 0.6281250000000002 0.7765625 0.6281250000000002 0.7765625 0.6312500000000002 0.7796875 0.6312500000000002
0 0.809375 0.6062500000000002 0.7953125 0.6062500000000002 0.7953125 0.6156250000000002 0.809375 0.6156250000000002