0 0.18437500000000004 0.2578125 0.14687500000000003 0.2578125 0.14687500000000003 0.2828125 0.18437500000000004 0.2828125
0 0.30625 0.259375 0.2140625 0.259375 0.2140625 0.2796875 0.30625 0.2796875
0 0.321875 0.278125 0.315625 0.278125 0.315625 0.2890625 0.321875 0.2890625
0 0.4203125 0.26093750000000004 0.3390625 0.2609375 0.3390625 0.28906250000000006 0.4203125 0.2890625000000001
0 0.5375 0.2593750000000001 0.4515625 0.2593750000000001 0.4515625 0.29375000000000007 0.5375 0.29375000000000007
0 0.6078125 0.2593750000000001 0.5734375 0.2593750000000001 0.5734375 0.2890625000000001 0.6078125 0.2890625000000001
0 0.653125 0.2609375000000001 0.634375 0.2609375000000001 0.634375 0.27812500000000007 0.653125 0.27812500000000007
0 0.790625 0.2578125000000001 0.6875 0.2578125000000001 0.6875 0.27812500000000007 0.790625 0.27812500000000007
0 0.8 0.2750000000000001 0.79375 0.2750000000000001 0.79375 0.2875000000000001 0.8 0.2875000000000001
0 0.17968750000000006 0.3078125 0.13906250000000003 0.3078125 0.13906250000000003 0.328125 0.17968750000000006 0.328125
0 0.35625 0.3109375 0.2078125 0.3109375 0.2078125 0.33125 0.35625 0.33125
0 0.453125 0.3156250000000001 0.3875 0.3156250000000001 0.3875 0.3296875000000001 0.453125 0.3296875000000001
0 0.503125 0.3109375000000001 0.4734375 0.3109375000000001 0.4734375 0.3281250000000001 0.503125 0.3281250000000001
0 0.6140625 0.3125000000000001 0.53125 0.3125000000000001 0.53125 0.3375000000000001 0.6140625 0.3375000000000001
0 0.66875 0.3140625000000001 0.634375 0.3140625000000001 0.634375 0.3281250000000001 0.66875 0.3281250000000001
0 0.803125 0.3125000000000001 0.6890625 0.3125000000000001 0.6890625 0.3296875000000001 0.803125 0.3296875000000001
0 0.19531250000000006 0.3625 0.13281250000000006 0.3625 0.13281250000000006 0.378125 0.19531250000000006 0.378125
0 0.2609375000000001 0.3640625 0.21250000000000008 0.3640625 0.21250000000000008 0.3796875 0.2609375000000001 0.3796875
0 0.403125 0.3609375 0.2859375 0.3609375 0.28593750000000007 0.37968750000000007 0.403125 0.37968750000000007
0 0.5359375 0.3656250000000001 0.4203125 0.3656250000000001 0.4203125 0.38750000000000007 0.5359375 0.38750000000000007
0 0.6265625 0.3656250000000001 0.559375 0.3656250000000001 0.559375 0.37968750000000007 0.6265625 0.37968750000000007
0 0.6625 0.36406250000000007 0.64375 0.36406250000000007 0.64375 0.37968750000000007 0.6625 0.37968750000000007
0 0.728125 0.36406250000000007 0.675 0.36406250000000007 0.675 0.38750000000000007 0.728125 0.38750000000000007
0 0.7640625 0.3625000000000001 0.759375 0.3625000000000001 0.759375 0.3703125000000001 0.7640625 0.3703125000000001
0 0.8 0.36406250000000007 0.778125 0.36406250000000007 0.778125 0.3781250000000001 0.8 0.3781250000000001
0 0.2468750000000001 0.4140625 0.13593750000000004 0.4140625 0.13593750000000004 0.43125 0.2468750000000001 0.43125
0 0.2984375000000001 0.421875 0.2687500000000001 0.421875 0.2687500000000001 0.43125 0.2984375000000001 0.43125
0 0.428125 0.4171875 0.3203125000000001 0.4171875 0.3203125000000001 0.4421875 0.428125 0.4421875
0 0.521875 0.4234375 0.45 0.4234375 0.45 0.4390625 0.521875 0.4390625
0 0.6484375 0.415625 0.55 0.415625 0.55 0.4328125 0.6484375 0.4328125
0 0.7609375 0.4171875000000001 0.68125 0.4171875 0.68125 0.4312500000000001 0.7609375 0.4312500000000002
0 0.775 0.4265625000000002 0.771875 0.4265625000000002 0.771875 0.4281250000000002 0.775 0.4281250000000002
0 0.7953125 0.41406250000000017 0.7875 0.41406250000000017 0.7875 0.4187500000000002 0.7953125 0.4187500000000002
0 0.2390625000000001 0.4625 0.14062500000000006 0.4625 0.14062500000000006 0.490625 0.2390625000000001 0.490625
0 0.2906250000000001 0.4703125 0.2687500000000001 0.4703125 0.2687500000000001 0.4828125 0.2906250000000001 0.4828125
0 0.3359375000000001 0.475 0.3187500000000001 0.475 0.3187500000000001 0.4828125 0.3359375000000001 0.4828125
0 0.46875 0.4625 0.3703125000000001 0.4625 0.3703125000000001 0.4875 0.46875 0.4875
0 0.553125 0.4671875 0.484375 0.4671875 0.484375 0.4890625 0.553125 0.4890625
0 0.63125 0.4625 0.5796875 0.4625 0.5796875 0.4890625 0.63125 0.4890625
0 0.753125 0.46562500000000007 0.646875 0.465625 0.646875 0.48125000000000007 0.753125 0.4812500000000002
0 0.8734375 0.4625000000000002 0.771875 0.4625000000000002 0.771875 0.4812500000000002 0.8734375 0.4812500000000002
0 0.2296875000000001 0.5140625 0.13125000000000003 0.5140625 0.13125000000000003 0.5359375 0.2296875000000001 0.5359375
0 0.25468750000000007 0.53125 0.2500000000000001 0.53125 0.2500000000000001 0.5421875 0.25468750000000007 0.5421875
0 0.3031250000000001 0.5171875 0.2718750000000001 0.5171875 0.2718750000000001 0.5328125 0.3031250000000001 0.5328125
0 0.3968750000000001 0.5171875 0.3234375000000001 0.5171875 0.3234375000000001 0.534375 0.3968750000000001 0.534375
0 0.5265625 0.5171875 0.4296875 0.5171875 0.4296875 0.5328125 0.5265625 0.5328125
0 0.665625 0.5140625 0.5578125 0.5140625 0.5578125 0.53125 0.665625 0.53125
0 0.775 0.5140625000000001 0.6859375 0.5140625 0.6859375 0.5312500000000001 0.775 0.5312500000000002
0 0.8390625 0.5140625000000002 0.7953125 0.5140625000000002 0.7953125 0.5343750000000002 0.8390625 0.5343750000000002
0 0.17187500000000008 0.5625 0.1375000000000001 0.5625 0.1375000000000001 0.5828125 0.17187500000000008 0.5828125
0 0.3343750000000001 0.5671875 0.2015625000000001 0.5671875 0.2015625000000001 0.590625 0.3343750000000001 0.590625
0 0.421875 0.5703125 0.3703125000000001 0.5703125 0.3703125000000001 0.5828125 0.421875 0.5828125
0 0.553125 0.56875 0.4421875 0.56875 0.4421875 0.584375 0.553125 0.584375
0 0.6015625 0.5703125 0.5796875 0.5703125 0.5796875 0.5828125 0.6015625 0.5828125
0 0.675 0.5671875 0.621875 0.5671875 0.621875 0.5828125 0.675 0.5828125
0 0.809375 0.5703125000000001 0.69375 0.5703125 0.69375 0.5843750000000001 0.809375 0.5843750000000002
0 0.8203125 0.5843750000000002 0.815625 0.5843750000000002 0.815625 0.5875000000000001 0.8203125 0.5875000000000001
0 0.1468750000000001 0.615625 0.14062500000000008 0.615625 0.14062500000000008 0.625 0.1468750000000001 0.625
0 0.19531250000000008 0.615625 0.1546875000000001 0.615625 0.1546875000000001 0.6328125 0.19531250000000008 0.6328125
0 0.2843750000000001 0.6171875 0.2171875000000001 0.6171875 0.2171875000000001 0.6328125 0.2843750000000001 0.6328125
0 0.3843750000000001 0.6171875 0.3109375000000001 0.6171875 0.3109375000000001 0.634375 0.3843750000000001 0.634375
0 0.446875 0.6171875 0.4078125 0.6171875 0.4078125 0.6328125 0.446875 0.6328125
0 0.5609375 0.6171875 0.46875 0.6171875 0.46875 0.640625 0.5609375 0.640625
0 0.6546875 0.615625 0.584375 0.615625 0.584375 0.6328125 0.6546875 0.6328125
0 0.73125 0.6203125 0.675 0.6203125 0.675 0.6328125000000001 0.73125 0.6328125000000002
0 0.771875 0.6218750000000002 0.7515625 0.6218750000000002 0.7515625 0.6343750000000001 0.771875 0.6343750000000001
0 0.22812500000000008 0.6671875 0.1390625000000001 0.6671875 0.1390625000000001 0.69375 0.22812500000000008 0.69375
0 0.2812500000000001 0.6671875 0.2593750000000001 0.6671875 0.2593750000000001 0.6828125 0.2812500000000001 0.6828125
0 0.440625 0.66875 0.3125000000000001 0.66875 0.3125000000000001 0.6921875 0.440625 0.6921875
0 0.4890625 0.6734375 0.459375 0.6734375 0.459375 0.6828125 0.4890625 0.6828125
0 0.6328125 0.66875 0.5203125 0.66875 0.5203125 0.690625 0.6328125 0.690625
0 0.7265625 0.6734375000000001 0.653125 0.6734375 0.653125 0.6890625000000001 0.7265625 0.6890625000000001
0 0.7921875 0.6687500000000002 0.746875 0.6687500000000002 0.746875 0.6906250000000002 0.7921875 0.6906250000000002
0 0.1703125000000001 0.71875 0.14218750000000008 0.71875 0.14218750000000008 0.734375 0.1703125000000001 0.734375
0 0.2812500000000001 0.7234375 0.18906250000000008 0.7234375 0.18906250000000008 0.7421875 0.2812500000000001 0.7421875
0 0.3000000000000001 0.73125 0.2953125000000001 0.73125 0.2953125000000001 0.740625 0.3000000000000001 0.740625
0 0.3359375000000001 0.7171875 0.31718750000000007 0.7171875 0.31718750000000007 0.7328125 0.3359375000000001 0.7328125
0 0.44062500000000016 0.7265625 0.3656250000000001 0.7265625 0.3656250000000001 0.7375 0.44062500000000016 0.7375
0 0.4984375000000001 0.725 0.4703125 0.725 0.4703125000000001 0.734375 0.4984375000000002 0.734375
0 0.5875000000000001 0.7171875 0.5234375 0.7171875 0.5234375000000001 0.74375 0.5875000000000001 0.74375
0 0.7046875000000001 0.7171875 0.6109375 0.7171875 0.6109375000000001 0.734375 0.7046875000000001 0.734375
0 0.7562500000000001 0.7187500000000002 0.728125 0.7187500000000002 0.7281250000000001 0.7421875000000002 0.7562500000000002 0.7421875000000002
0 0.8125 0.7203125000000001 0.7734375 0.7203125000000001 0.7734375000000001 0.7343750000000002 0.8125 0.7343750000000002