0 0.225 0.253125 0.15312500000000004 0.253125 0.15312500000000004 0.2796875 0.225 0.2796875
0 0.3609375 0.2546875 0.2609375 0.2546875 0.2609375 0.28125 0.3609375 0.28125
0 0.375 0.2796875000000001 0.3640625 0.2796875000000001 0.3640625 0.2875000000000001 0.375 0.2875000000000001
0 0.540625 0.2531250000000001 0.403125 0.2531250000000001 0.403125 0.2812500000000001 0.540625 0.2812500000000001
0 0.6 0.2562500000000001 0.5703125 0.2562500000000001 0.5703125 0.2812500000000001 0.6 0.2812500000000001
0 0.6640625 0.2593750000000001 0.6140625 0.2593750000000001 0.6140625 0.27812500000000007 0.6640625 0.27812500000000007
0 0.846875 0.2562500000000001 0.70625 0.2562500000000001 0.70625 0.2843750000000001 0.846875 0.2843750000000001
0 0.17500000000000004 0.30625 0.13906250000000003 0.30625 0.13906250000000003 0.3296875 0.17500000000000004 0.3296875
0 0.2609375 0.309375 0.2 0.309375 0.2 0.3296875 0.2609375 0.3296875
0 0.275 0.3296875 0.2640625 0.3296875 0.2640625 0.3359375 0.275 0.3359375
0 0.365625 0.30781250000000004 0.3078125 0.3078125 0.3078125 0.33125000000000004 0.365625 0.3312500000000001
0 0.5359375 0.3109375000000001 0.4109375 0.3109375000000001 0.4109375 0.3421875000000001 0.5359375 0.3421875000000001
0 0.63125 0.3109375000000001 0.559375 0.3109375000000001 0.559375 0.3296875000000001 0.63125 0.3296875000000001
0 0.6875 0.3140625000000001 0.6515625 0.3140625000000001 0.6515625 0.3312500000000001 0.6875 0.3312500000000001
0 0.8125 0.3078125000000001 0.721875 0.3078125000000001 0.721875 0.3312500000000001 0.8125 0.3312500000000001
0 0.21406250000000004 0.35625 0.13750000000000004 0.35625 0.13750000000000004 0.3796875 0.2140625000000001 0.3796875
0 0.35625000000000007 0.359375 0.2609375 0.359375 0.26093750000000004 0.38125 0.35625000000000007 0.38125
0 0.45 0.3578125000000001 0.4140625 0.3578125000000001 0.4140625 0.3812500000000001 0.45 0.3812500000000001
0 0.46875 0.3812500000000001 0.4625 0.3812500000000001 0.4625 0.38750000000000007 0.46875 0.38750000000000007
0 0.5484375 0.3593750000000001 0.4828125 0.3593750000000001 0.4828125 0.3812500000000001 0.5484375 0.3812500000000001
0 0.6375 0.3703125000000001 0.571875 0.3703125000000001 0.571875 0.3937500000000001 0.6375 0.3937500000000001
0 0.73125 0.3593750000000001 0.6609375 0.3593750000000001 0.6609375 0.3937500000000001 0.73125 0.3937500000000001
0 0.8203125 0.3609375000000001 0.7578125 0.3609375000000001 0.7578125 0.3828125000000001 0.8203125 0.3828125000000001
0 0.27031250000000007 0.415625 0.14062500000000006 0.415625 0.14062500000000006 0.4421875 0.27031250000000007 0.4421875
0 0.409375 0.409375 0.30937500000000007 0.409375 0.30937500000000007 0.4328125 0.409375 0.4328125
0 0.528125 0.409375 0.44375 0.409375 0.44375 0.43125 0.528125 0.43125
0 0.5796875 0.4171875 0.55625 0.4171875 0.55625 0.43125 0.5796875 0.43125
0 0.7265625 0.4140625000000001 0.6140625 0.4140625 0.6140625 0.4453125000000001 0.7265625 0.44531250000000017
0 0.7796875 0.4125000000000002 0.7484375 0.4125000000000002 0.7484375 0.4312500000000002 0.7796875 0.4312500000000002
0 0.18281250000000004 0.459375 0.13906250000000003 0.459375 0.13906250000000003 0.48125 0.18281250000000004 0.48125
0 0.428125 0.45625 0.2156250000000001 0.45625 0.2156250000000001 0.48125 0.428125 0.48125
0 0.4953125 0.459375 0.4609375 0.459375 0.4609375 0.48125 0.4953125 0.48125
0 0.5296875 0.4734375 0.515625 0.4734375 0.515625 0.4828125 0.5296875 0.4828125
0 0.65625 0.459375 0.55625 0.459375 0.55625 0.4828125 0.65625 0.4828125
0 0.7578125 0.4625000000000001 0.6890625 0.4625 0.6890625 0.48125000000000007 0.7578125 0.4812500000000002
0 0.7671875 0.4812500000000002 0.75625 0.4812500000000002 0.75625 0.4890625000000002 0.7671875 0.4890625000000002
0 0.2593750000000001 0.5078125 0.14062500000000006 0.5078125 0.14062500000000006 0.53125 0.2593750000000001 0.53125
0 0.33281250000000007 0.509375 0.2968750000000001 0.509375 0.2968750000000001 0.53125 0.33281250000000007 0.53125
0 0.41875 0.5109375 0.3609375000000001 0.5109375 0.3609375000000001 0.5421875 0.41875 0.5421875
0 0.49375 0.509375 0.43125 0.509375 0.43125 0.53125 0.49375 0.53125
0 0.5578125 0.5203125 0.5265625 0.5203125 0.5265625 0.53125 0.5578125 0.53125
0 0.7328125 0.5078125000000001 0.584375 0.5078125 0.584375 0.534375 0.7328125 0.5343750000000002
0 0.8015625 0.5234375000000002 0.7671875 0.5234375000000002 0.7671875 0.5343750000000002 0.8015625 0.5343750000000002
0 0.2453125000000001 0.5578125 0.1359375000000001 0.5578125 0.1359375000000001 0.58125 0.2453125000000001 0.58125
0 0.3968750000000001 0.5578125 0.2718750000000001 0.5578125 0.2718750000000001 0.59375 0.3968750000000001 0.59375
0 0.40625 0.58125 0.403125 0.58125 0.403125 0.5828125 0.40625 0.5828125
0 0.4375 0.5609375 0.4296875 0.5609375 0.4296875 0.5703125 0.4375 0.5703125
0 0.4984375 0.5640625 0.465625 0.5640625 0.465625 0.5828125 0.4984375 0.5828125
0 0.63125 0.559375 0.525 0.559375 0.525 0.59375 0.63125 0.59375
0 0.7125 0.5609375 0.6578125 0.5609375 0.6578125 0.584375 0.7125 0.584375
0 0.796875 0.5625000000000002 0.7328125 0.5625000000000002 0.7328125 0.5859375000000002 0.796875 0.5859375000000002
0 0.2609375000000001 0.609375 0.1453125000000001 0.609375 0.1453125000000001 0.6453125 0.2609375000000001 0.6453125
0 0.3843750000000001 0.6125 0.3031250000000001 0.6125 0.3031250000000001 0.6328125 0.3843750000000001 0.6328125
0 0.5046875 0.6109375 0.4375 0.6109375 0.4375 0.634375 0.5046875 0.634375
0 0.6171875 0.6109375 0.5484375 0.6109375 0.5484375 0.634375 0.6171875 0.634375
0 0.765625 0.6109375000000001 0.659375 0.6109375 0.659375 0.64375 0.765625 0.6437500000000002
0 0.8359375 0.6140625000000002 0.7921875 0.6140625000000002 0.7921875 0.6343750000000001 0.8359375 0.6343750000000001
0 0.19687500000000008 0.6609375 0.14062500000000008 0.6609375 0.14062500000000008 0.68125 0.19687500000000008 0.68125
0 0.2328125000000001 0.68125 0.2234375000000001 0.68125 0.2234375000000001 0.690625 0.2328125000000001 0.690625
0 0.3078125000000001 0.6703125 0.25468750000000007 0.6703125 0.25468750000000007 0.690625 0.3078125000000001 0.690625
0 0.4046875 0.6625 0.3312500000000001 0.6625 0.3312500000000001 0.6859375 0.4046875 0.6859375
0 0.5203125 0.6640625 0.43125 0.6640625 0.43125 0.6953125 0.5203125 0.6953125
0 0.659375 0.659375 0.553125 0.659375 0.553125 0.696875 0.659375 0.696875
0 0.753125 0.6734375000000001 0.703125 0.6734375 0.703125 0.6828125 0.753125 0.6828125000000002
0 0.803125 0.6640625000000002 0.775 0.6640625000000002 0.775 0.6812500000000001 0.803125 0.6812500000000001
0 0.1671875000000001 0.7125 0.1375000000000001 0.7125 0.1375000000000001 0.73125 0.1671875000000001 0.73125
0 0.31718750000000007 0.7109375 0.1906250000000001 0.7109375 0.1906250000000001 0.7484375 0.31718750000000007 0.7484375
0 0.4015625000000001 0.7109375 0.3437500000000001 0.7109375 0.3437500000000001 0.734375 0.40156250000000016 0.734375
0 0.47343750000000007 0.7234375 0.428125 0.7234375 0.4281250000000001 0.7328125 0.4734375000000002 0.7328125
0 0.5640625000000001 0.7140625 0.49375 0.7140625 0.4937500000000001 0.746875 0.5640625000000001 0.746875
0 0.70625 0.7109375 0.59375 0.7109375 0.5937500000000001 0.746875 0.7062500000000002 0.746875
0 0.7171875000000002 0.73125 0.7125000000000001 0.73125 0.7125000000000001 0.734375 0.7171875000000002 0.734375
0 0.74375 0.7171875000000002 0.734375 0.7171875000000002 0.734375 0.7250000000000002 0.74375 0.7250000000000002