0 0.209375 0.203125 0.15000000000000005 0.203125 0.15000000000000005 0.228125 0.209375 0.228125
0 0.3359375 0.203125 0.2359375 0.203125 0.2359375 0.228125 0.3359375 0.228125
0 0.44375 0.21093750000000006 0.3578125 0.2109375 0.3578125 0.22343750000000004 0.44375 0.2234375000000001
0 0.5046875 0.20468750000000008 0.4859375 0.20468750000000008 0.4859375 0.2250000000000001 0.5046875 0.2250000000000001
0 0.6609375 0.2062500000000001 0.5296875 0.2062500000000001 0.5296875 0.2250000000000001 0.6609375 0.2250000000000001
0 0.7484375 0.2000000000000001 0.6859375 0.2000000000000001 0.6859375 0.2218750000000001 0.7484375 0.2218750000000001
0 0.8640625 0.1984375000000001 0.775 0.1984375000000001 0.775 0.2234375000000001 0.8640625 0.2234375000000001
0 0.17968750000000006 0.2609375 0.15000000000000005 0.2609375 0.15000000000000005 0.2765625 0.17968750000000006 0.2765625
0 0.228125 0.25 0.19843750000000004 0.25 0.19843750000000004 0.2734375 0.228125 0.2734375
0 0.296875 0.2484375 0.25 0.2484375 0.25 0.271875 0.296875 0.271875
0 0.39375 0.2515625 0.315625 0.2515625 0.315625 0.28750000000000003 0.39375 0.2875000000000001
0 0.453125 0.2515625000000001 0.4203125 0.2515625000000001 0.4203125 0.2765625000000001 0.453125 0.2765625000000001
0 0.5046875 0.2562500000000001 0.4640625 0.2562500000000001 0.4640625 0.27812500000000007 0.5046875 0.27812500000000007
0 0.625 0.2500000000000001 0.5328125 0.2500000000000001 0.5328125 0.28593750000000007 0.625 0.28593750000000007
0 0.6828125 0.2484375000000001 0.653125 0.2484375000000001 0.653125 0.2734375000000001 0.6828125 0.2734375000000001
0 0.7734375 0.2468750000000001 0.7015625 0.2468750000000001 0.7015625 0.2734375000000001 0.7734375 0.2734375000000001
0 0.884375 0.2468750000000001 0.8015625 0.2468750000000001 0.8015625 0.27031250000000007 0.884375 0.27031250000000007
0 0.9015625 0.2609375000000001 0.8859375 0.2609375000000001 0.8859375 0.2828125000000001 0.9015625 0.2828125000000001
0 0.15156250000000004 0.3046875 0.14062500000000006 0.3046875 0.14062500000000006 0.3109375 0.15156250000000004 0.3109375
0 0.17968750000000006 0.30625 0.15156250000000004 0.30625 0.15156250000000004 0.328125 0.17968750000000006 0.328125
0 0.2453125 0.303125 0.19531250000000006 0.303125 0.19531250000000006 0.3296875 0.2453125 0.3296875
0 0.3390625 0.3046875 0.2671875 0.3046875 0.2671875 0.328125 0.3390625 0.328125
0 0.4 0.3062500000000001 0.3640625 0.3062500000000001 0.3640625 0.3281250000000001 0.4 0.3281250000000001
0 0.478125 0.3109375000000001 0.4078125 0.3109375000000001 0.4078125 0.3296875000000001 0.478125 0.3296875000000001
0 0.540625 0.3046875000000001 0.5125 0.3046875000000001 0.5125 0.3265625000000001 0.540625 0.3265625000000001
0 0.6375 0.3062500000000001 0.55625 0.3062500000000001 0.55625 0.3265625000000001 0.6375 0.3265625000000001
0 0.7890625 0.3062500000000001 0.6640625 0.3062500000000001 0.6640625 0.3359375000000001 0.7890625 0.3359375000000001
0 0.846875 0.3046875000000001 0.8125 0.3046875000000001 0.8125 0.32500000000000007 0.846875 0.32500000000000007
0 0.32031250000000006 0.3515625 0.15156250000000004 0.3515625 0.15156250000000004 0.3875 0.3203125000000001 0.3875
0 0.4015625 0.35625000000000007 0.3515625 0.35625 0.35156250000000006 0.37812500000000004 0.4015625 0.3781250000000001
0 0.465625 0.35625000000000007 0.41875 0.35625000000000007 0.41875 0.3781250000000001 0.465625 0.3781250000000001
0 0.5921875 0.3531250000000001 0.496875 0.3531250000000001 0.496875 0.3781250000000001 0.5921875 0.3781250000000001
0 0.7765625 0.3531250000000001 0.6234375 0.3531250000000001 0.6234375 0.3765625000000001 0.7765625 0.3765625000000001
0 0.83125 0.3500000000000001 0.803125 0.3500000000000001 0.803125 0.3734375000000001 0.83125 0.3734375000000001
0 0.26250000000000007 0.40625 0.14843750000000006 0.40625 0.14843750000000006 0.4265625 0.26250000000000007 0.4265625
0 0.3437500000000001 0.415625 0.2890625000000001 0.415625 0.2890625000000001 0.4359375 0.3437500000000001 0.4359375
0 0.4546875 0.4109375 0.3578125000000001 0.4109375 0.3578125000000001 0.440625 0.4546875 0.440625
0 0.5234375 0.4046875 0.4875 0.4046875 0.4875 0.428125 0.5234375 0.428125
0 0.6265625 0.40625 0.528125 0.40625 0.528125 0.4296875 0.6265625 0.4296875
0 0.7171875 0.4140625 0.6578125 0.4140625 0.6578125 0.4265625 0.7171875 0.4265625
0 0.78125 0.4046875000000002 0.7421875 0.4046875000000002 0.7421875 0.42500000000000016 0.78125 0.42500000000000016
0 0.8734375 0.4046875000000002 0.796875 0.4046875000000002 0.796875 0.4281250000000002 0.8734375 0.4281250000000002
0 0.19062500000000004 0.45625 0.15156250000000004 0.45625 0.15156250000000004 0.478125 0.19062500000000004 0.478125
0 0.3078125000000001 0.45625 0.2156250000000001 0.45625 0.2156250000000001 0.4796875 0.3078125000000001 0.4796875
0 0.4953125 0.4578125 0.34062500000000007 0.4578125 0.34062500000000007 0.48125 0.4953125 0.48125
0 0.50625 0.475 0.503125 0.475 0.503125 0.478125 0.50625 0.478125
0 0.528125 0.4546875 0.51875 0.4546875 0.51875 0.4625 0.528125 0.4625
0 0.6046875 0.45625 0.5640625 0.45625 0.5640625 0.4765625 0.6046875 0.4765625
0 0.7328125 0.4625000000000001 0.6328125 0.4625 0.6328125 0.4875000000000001 0.7328125 0.48750000000000016
0 0.840625 0.4515625000000002 0.7625 0.4515625000000002 0.7625 0.4750000000000002 0.840625 0.4750000000000002
0 0.2234375000000001 0.5 0.14218750000000005 0.5 0.14218750000000005 0.525 0.2234375000000001 0.525
0 0.27812500000000007 0.5046875 0.25468750000000007 0.5046875 0.25468750000000007 0.5296875 0.27812500000000007 0.5296875
0 0.3109375000000001 0.51875 0.2921875000000001 0.51875 0.2921875000000001 0.53125 0.3109375000000001 0.53125
0 0.4625 0.50625 0.3359375000000001 0.50625 0.3359375000000001 0.53125 0.4625 0.53125
0 0.64375 0.50625 0.4796875 0.50625 0.4796875 0.5421875 0.64375 0.5421875
0 0.746875 0.5015625000000001 0.678125 0.5015625 0.678125 0.5265625 0.746875 0.5265625000000002
0 0.803125 0.5140625000000002 0.7765625 0.5140625000000002 0.7765625 0.5281250000000002 0.803125 0.5281250000000002
0 0.875 0.5031250000000002 0.8234375 0.5031250000000002 0.8234375 0.5406250000000001 0.875 0.5406250000000001
0 0.1750000000000001 0.5625 0.1375000000000001 0.5625 0.1375000000000001 0.578125 0.1750000000000001 0.578125
0 0.2812500000000001 0.553125 0.2000000000000001 0.553125 0.2000000000000001 0.5765625 0.2812500000000001 0.5765625
0 0.3234375000000001 0.553125 0.3000000000000001 0.553125 0.3000000000000001 0.5765625 0.3234375000000001 0.5765625
0 0.3593750000000001 0.5671875 0.34062500000000007 0.5671875 0.34062500000000007 0.578125 0.3593750000000001 0.578125
0 0.4828125 0.5546875 0.3937500000000001 0.5546875 0.3937500000000001 0.5796875 0.4828125 0.5796875
0 0.578125 0.55625 0.5140625 0.55625 0.5140625 0.5796875 0.578125 0.5796875
0 0.621875 0.559375 0.596875 0.559375 0.596875 0.5796875 0.621875 0.5796875
0 0.7546875 0.5546875000000001 0.65625 0.5546875 0.65625 0.5796875000000001 0.7546875 0.5796875000000001
0 0.8421875 0.5578125000000002 0.7875 0.5578125000000002 0.7875 0.5781250000000002 0.8421875 0.5781250000000002
0 0.2406250000000001 0.603125 0.14843750000000008 0.603125 0.14843750000000008 0.6296875 0.2406250000000001 0.6296875
0 0.3609375000000001 0.6078125 0.2750000000000001 0.6078125 0.2750000000000001 0.6265625 0.3609375000000001 0.6265625
0 0.48125 0.6078125 0.3890625000000001 0.6078125 0.3890625000000001 0.640625 0.48125 0.640625
0 0.640625 0.6046875 0.5140625 0.6046875 0.5140625 0.63125 0.640625 0.63125
0 0.80625 0.6046875 0.684375 0.6046875 0.684375 0.6390625000000001 0.80625 0.6390625000000002
0 0.27031250000000007 0.65625 0.1546875000000001 0.65625 0.1546875000000001 0.68125 0.27031250000000007 0.68125
0 0.39531250000000007 0.65625 0.3078125000000001 0.65625 0.3078125000000001 0.68125 0.39531250000000007 0.68125
0 0.409375 0.6796875 0.40625 0.6796875 0.40625 0.68125 0.409375 0.68125