0 0.16875000000000004 0.203125 0.13750000000000004 0.203125 0.13750000000000004 0.2296875 0.16875000000000004 0.2296875
0 0.2390625 0.2109375 0.18125000000000005 0.2109375 0.18125000000000005 0.253125 0.2390625 0.253125
0 0.3296875 0.2125 0.259375 0.2125 0.259375 0.246875 0.3296875 0.246875
0 0.3984375 0.21093750000000006 0.353125 0.2109375 0.353125 0.23281250000000003 0.3984375 0.2328125000000001
0 0.425 0.2140625000000001 0.403125 0.2140625000000001 0.403125 0.2328125000000001 0.425 0.2328125000000001
0 0.471875 0.2250000000000001 0.4359375 0.2250000000000001 0.4359375 0.2328125000000001 0.471875 0.2328125000000001
0 0.56875 0.2218750000000001 0.484375 0.2218750000000001 0.484375 0.23437500000000008 0.56875 0.23437500000000008
0 0.6109375 0.2140625000000001 0.5890625 0.2140625000000001 0.5890625 0.23437500000000008 0.6109375 0.23437500000000008
0 0.6890625 0.2140625000000001 0.6203125 0.2140625000000001 0.6203125 0.23437500000000008 0.6890625 0.23437500000000008
0 0.7296875 0.21250000000000008 0.70625 0.21250000000000008 0.70625 0.2328125000000001 0.7296875 0.2328125000000001
0 0.80625 0.21250000000000008 0.753125 0.21250000000000008 0.753125 0.23593750000000008 0.80625 0.23593750000000008
0 0.16562500000000005 0.2625 0.12968750000000004 0.2625 0.12968750000000004 0.284375 0.16562500000000005 0.284375
0 0.2125 0.2609375 0.17968750000000006 0.2609375 0.17968750000000006 0.284375 0.2125 0.284375
0 0.2953125 0.2625 0.253125 0.2625 0.253125 0.3015625 0.2953125 0.3015625
0 0.365625 0.26093750000000004 0.3078125 0.2609375 0.3078125 0.2828125 0.365625 0.2828125000000001
0 0.38125 0.2843750000000001 0.371875 0.2843750000000001 0.371875 0.2921875000000001 0.38125 0.2921875000000001
0 0.4453125 0.2609375000000001 0.396875 0.2609375000000001 0.396875 0.2968750000000001 0.4453125 0.2968750000000001
0 0.4875 0.2656250000000001 0.4609375 0.2656250000000001 0.4609375 0.2828125000000001 0.4875 0.2828125000000001
0 0.5453125 0.2609375000000001 0.4921875 0.2609375000000001 0.4921875 0.2812500000000001 0.5453125 0.2812500000000001
0 0.6109375 0.2640625000000001 0.5546875 0.2640625000000001 0.5546875 0.2984375000000001 0.6109375 0.2984375000000001
0 0.725 0.2640625000000001 0.6359375 0.2640625000000001 0.6359375 0.2953125000000001 0.725 0.2953125000000001
0 0.740625 0.2812500000000001 0.73125 0.2812500000000001 0.73125 0.2875000000000001 0.740625 0.2875000000000001
0 0.775 0.2734375000000001 0.7578125 0.2734375000000001 0.7578125 0.2812500000000001 0.775 0.2812500000000001
0 0.16406250000000006 0.3109375 0.12500000000000006 0.3109375 0.12500000000000006 0.35 0.16406250000000006 0.35
0 0.234375 0.3125 0.18281250000000004 0.3125 0.18281250000000004 0.3328125 0.234375 0.3328125
0 0.3046875 0.31875 0.2640625 0.31875 0.2640625 0.3359375 0.3046875 0.3359375
0 0.4078125 0.31250000000000006 0.315625 0.3125 0.315625 0.3375 0.4078125 0.3375000000000001
0 0.5140625 0.3125000000000001 0.4375 0.3125000000000001 0.4375 0.3546875000000001 0.5140625 0.3546875000000001
0 0.528125 0.33281250000000007 0.5203125 0.33281250000000007 0.5203125 0.3359375000000001 0.528125 0.3359375000000001
0 0.5890625 0.3156250000000001 0.5515625 0.3156250000000001 0.5515625 0.3296875000000001 0.5890625 0.3296875000000001
0 0.6828125 0.3109375000000001 0.5953125 0.3109375000000001 0.5953125 0.3359375000000001 0.6828125 0.3359375000000001
0 0.725 0.3140625000000001 0.6984375 0.3140625000000001 0.6984375 0.3312500000000001 0.725 0.3312500000000001
0 0.8109375 0.3140625000000001 0.7390625 0.3140625000000001 0.7390625 0.3359375000000001 0.8109375 0.3359375000000001
0 0.15625000000000006 0.365625 0.12187500000000004 0.365625 0.12187500000000004 0.384375 0.15625000000000006 0.384375
0 0.18906250000000005 0.371875 0.17500000000000004 0.371875 0.17500000000000004 0.3796875 0.18906250000000005 0.3796875
0 0.2671875000000001 0.371875 0.2062500000000001 0.371875 0.2062500000000001 0.3875 0.2671875000000001 0.3875
0 0.3781250000000001 0.36406250000000007 0.2890625000000001 0.3640625 0.2890625000000001 0.38750000000000007 0.3781250000000001 0.38750000000000007
0 0.45625 0.3734375000000001 0.403125 0.3734375000000001 0.403125 0.3843750000000001 0.45625 0.3843750000000001
0 0.475 0.3843750000000001 0.471875 0.3843750000000001 0.471875 0.3843750000000001 0.475 0.3843750000000001
0 0.540625 0.3593750000000001 0.5078125 0.3593750000000001 0.5078125 0.3828125000000001 0.540625 0.3828125000000001
0 0.6765625 0.3609375000000001 0.575 0.3609375000000001 0.575 0.3843750000000001 0.6765625 0.3843750000000001
0 0.765625 0.3625000000000001 0.6921875 0.3625000000000001 0.6921875 0.3859375000000001 0.765625 0.3859375000000001
0 0.8453125 0.36406250000000007 0.79375 0.36406250000000007 0.79375 0.38750000000000007 0.8453125 0.38750000000000007
0 0.15000000000000005 0.40625 0.12031250000000004 0.40625 0.12031250000000004 0.43125 0.15000000000000005 0.43125
0 0.3390625000000001 0.4078125 0.17812500000000003 0.4078125 0.17812500000000003 0.4515625 0.3390625000000001 0.4515625
0 0.4703125 0.4140625 0.3609375000000001 0.4140625 0.3609375000000001 0.45625 0.4703125 0.45625
0 0.584375 0.4109375 0.5 0.4109375 0.5 0.434375 0.584375 0.434375
0 0.65625 0.4140625 0.6171875 0.4140625 0.6171875 0.434375 0.65625 0.434375
0 0.7109375 0.4171875 0.6625 0.4171875 0.6625 0.434375 0.7109375 0.434375
0 0.71875 0.4359375 0.70625 0.4359375 0.70625 0.44375 0.71875 0.44375
0 0.765625 0.41718750000000016 0.7375 0.41718750000000016 0.7375 0.4359375000000002 0.765625 0.4359375000000002
0 0.825 0.41406250000000017 0.7859375 0.41406250000000017 0.7859375 0.43281250000000016 0.825 0.43281250000000016
0 0.19218750000000004 0.4703125 0.12968750000000004 0.4703125 0.12968750000000004 0.484375 0.19218750000000004 0.484375
0 0.21875000000000008 0.484375 0.2078125000000001 0.484375 0.2078125000000001 0.49375 0.21875000000000008 0.49375
0 0.31718750000000007 0.4625 0.24375000000000008 0.4625 0.24375000000000008 0.5015625 0.31718750000000007 0.5015625
0 0.425 0.4640625 0.3421875000000001 0.4640625 0.3421875000000001 0.5046875 0.425 0.5046875
0 0.478125 0.4671875 0.453125 0.4671875 0.453125 0.4875 0.478125 0.4875
0 0.5875 0.4703125 0.496875 0.4703125 0.496875 0.5015625 0.5875 0.5015625
0 0.63125 0.465625 0.59375 0.465625 0.59375 0.503125 0.63125 0.503125
0 0.6703125 0.4640625 0.6390625 0.4640625 0.6390625 0.484375 0.6703125 0.484375
0 0.8078125 0.4625000000000001 0.684375 0.4625 0.684375 0.4984375000000001 0.8078125 0.4984375000000002
0 0.15937500000000007 0.5109375 0.13125000000000003 0.5109375 0.13125000000000006 0.553125 0.1593750000000001 0.553125
0 0.2406250000000001 0.5140625 0.17187500000000006 0.5140625 0.17187500000000006 0.553125 0.2406250000000001 0.553125
0 0.3703125000000001 0.5125 0.2609375000000001 0.5125 0.2609375000000001 0.5390625 0.3703125000000001 0.5390625
0 0.4609375 0.515625 0.4078125 0.515625 0.4078125 0.5359375 0.4609375 0.5359375
0 0.5359375 0.5125 0.4828125 0.5125 0.4828125 0.5359375 0.5359375 0.5359375
0 0.5921875 0.5203125 0.553125 0.5203125 0.553125 0.5375 0.5921875 0.5375
0 0.6484375 0.5125 0.6171875 0.5125 0.6171875 0.5328125 0.6484375 0.5328125
0 0.784375 0.5125000000000001 0.68125 0.5125 0.68125 0.5515625000000001 0.784375 0.5515625000000002
0 0.2375000000000001 0.565625 0.1312500000000001 0.565625 0.1312500000000001 0.609375 0.2375000000000001 0.609375
0 0.2843750000000001 0.5703125 0.2531250000000001 0.5703125 0.2531250000000001 0.5875 0.2843750000000001 0.5875
0 0.3265625000000001 0.5625 0.2968750000000001 0.5625 0.2968750000000001 0.5875 0.3265625000000001 0.5875
0 0.4484375 0.5625 0.3578125000000001 0.5625 0.3578125000000001 0.6046875 0.4484375 0.6046875
0 0.4640625 0.5875 0.4609375 0.5875 0.4609375 0.590625 0.4640625 0.590625