0 0.15156250000000004 0.20625 0.13750000000000004 0.20625 0.13750000000000004 0.2140625 0.15156250000000004 0.2140625
0 0.2265625 0.2078125 0.15468750000000003 0.2078125 0.15468750000000003 0.228125 0.2265625 0.228125
0 0.4140625 0.20625000000000004 0.253125 0.20625 0.253125 0.22968750000000004 0.4140625 0.2296875000000001
0 0.5421875 0.2062500000000001 0.446875 0.2062500000000001 0.446875 0.2390625000000001 0.5421875 0.2390625000000001
0 0.55 0.2250000000000001 0.54375 0.2250000000000001 0.54375 0.23437500000000008 0.55 0.23437500000000008
0 0.625 0.21093750000000008 0.565625 0.21093750000000008 0.565625 0.2296875000000001 0.625 0.2296875000000001
0 0.7765625 0.2093750000000001 0.6453125 0.2093750000000001 0.6453125 0.2390625000000001 0.7765625 0.2390625000000001
0 0.8703125 0.2093750000000001 0.8 0.2093750000000001 0.8 0.22656250000000008 0.8703125 0.22656250000000008
0 0.878125 0.22656250000000008 0.8703125 0.22656250000000008 0.8703125 0.23437500000000008 0.878125 0.23437500000000008
0 0.2609375 0.253125 0.14687500000000003 0.253125 0.14687500000000003 0.284375 0.2609375 0.284375
0 0.3421875 0.2546875 0.2921875 0.2546875 0.2921875 0.2796875 0.3421875 0.2796875
0 0.4515625 0.2578125000000001 0.36875 0.2578125000000001 0.36875 0.27812500000000007 0.4515625 0.27812500000000007
0 0.6296875 0.2578125000000001 0.4859375 0.2578125000000001 0.4859375 0.2890625000000001 0.6296875 0.2890625000000001
0 0.6875 0.2578125000000001 0.6546875 0.2578125000000001 0.6546875 0.2796875000000001 0.6875 0.2796875000000001
0 0.809375 0.2578125000000001 0.709375 0.2578125000000001 0.709375 0.2796875000000001 0.809375 0.2796875000000001
0 0.8578125 0.2593750000000001 0.8375 0.2593750000000001 0.8375 0.2796875000000001 0.8578125 0.2796875000000001
0 0.19218750000000004 0.303125 0.14062500000000006 0.303125 0.14062500000000006 0.325 0.19218750000000004 0.325
0 0.3046875 0.315625 0.21875 0.315625 0.21875 0.328125 0.3046875 0.328125
0 0.3734375 0.30937500000000007 0.3390625 0.309375 0.3390625 0.3375 0.3734375 0.3375000000000001
0 0.4171875 0.3203125000000001 0.4046875 0.3203125000000001 0.4046875 0.3296875000000001 0.4171875 0.3296875000000001
0 0.4375 0.3078125000000001 0.4109375 0.3078125000000001 0.4109375 0.3296875000000001 0.4375 0.3296875000000001
0 0.4765625 0.3125000000000001 0.4390625 0.3125000000000001 0.4390625 0.3312500000000001 0.4765625 0.3312500000000001
0 0.559375 0.30937500000000007 0.4921875 0.30937500000000007 0.4921875 0.34062500000000007 0.559375 0.34062500000000007
0 0.59375 0.3203125000000001 0.5828125 0.3203125000000001 0.5828125 0.3296875000000001 0.59375 0.3296875000000001
0 0.6125 0.3218750000000001 0.5984375 0.3218750000000001 0.5984375 0.3296875000000001 0.6125 0.3296875000000001
0 0.690625 0.30937500000000007 0.63125 0.30937500000000007 0.63125 0.3296875000000001 0.690625 0.3296875000000001
0 0.715625 0.3109375000000001 0.7046875 0.3109375000000001 0.7046875 0.31718750000000007 0.715625 0.31718750000000007
0 0.853125 0.3078125000000001 0.734375 0.3078125000000001 0.734375 0.3296875000000001 0.853125 0.3296875000000001
0 0.275 0.3578125 0.13750000000000004 0.3578125 0.13750000000000004 0.39375 0.2750000000000001 0.39375
0 0.4453125 0.35937500000000006 0.3125 0.359375 0.31250000000000006 0.38125000000000003 0.4453125 0.3812500000000001
0 0.6375 0.3515625000000001 0.484375 0.3515625000000001 0.484375 0.37968750000000007 0.6375 0.37968750000000007
0 0.6453125 0.3750000000000001 0.6421875 0.3750000000000001 0.6421875 0.3765625000000001 0.6453125 0.3765625000000001
0 0.7515625 0.3578125000000001 0.6875 0.3578125000000001 0.6875 0.37968750000000007 0.7515625 0.37968750000000007
0 0.8796875 0.3531250000000001 0.7859375 0.3531250000000001 0.7859375 0.3812500000000001 0.8796875 0.3812500000000001
0 0.2562500000000001 0.40625 0.14062500000000006 0.40625 0.14062500000000006 0.4328125 0.2562500000000001 0.4328125
0 0.2718750000000001 0.41875 0.2671875000000001 0.41875 0.2671875000000001 0.428125 0.2718750000000001 0.428125
0 0.3125000000000001 0.403125 0.2968750000000001 0.403125 0.2968750000000001 0.4125 0.3125000000000001 0.4125
0 0.3578125000000001 0.4046875 0.3281250000000001 0.4046875 0.3281250000000001 0.43125 0.3578125000000001 0.43125
0 0.39531250000000007 0.4078125 0.3734375000000001 0.4078125 0.3734375000000001 0.43125 0.39531250000000007 0.43125
0 0.490625 0.415625 0.425 0.415625 0.425 0.4390625 0.490625 0.4390625
0 0.7015625 0.403125 0.5125 0.403125 0.5125 0.440625 0.7015625 0.440625
0 0.865625 0.4031250000000002 0.740625 0.4031250000000002 0.740625 0.42968750000000017 0.865625 0.42968750000000017
0 0.2484375000000001 0.453125 0.14062500000000006 0.453125 0.14062500000000006 0.4765625 0.2484375000000001 0.4765625
0 0.4453125 0.45625 0.2718750000000001 0.45625 0.2718750000000001 0.4890625 0.4453125 0.4890625
0 0.50625 0.4578125 0.475 0.4578125 0.475 0.4796875 0.50625 0.4796875
0 0.5921875 0.45625 0.5265625 0.45625 0.5265625 0.48125 0.5921875 0.48125
0 0.6703125 0.459375 0.6203125 0.459375 0.6203125 0.4796875 0.6703125 0.4796875
0 0.8203125 0.4562500000000001 0.7046875 0.45625 0.7046875 0.4843750000000001 0.8203125 0.48437500000000017
0 0.3000000000000001 0.509375 0.14375000000000004 0.509375 0.14375000000000004 0.5390625 0.3000000000000001 0.5390625
0 0.3703125000000001 0.5078125 0.3343750000000001 0.5078125 0.3343750000000001 0.53125 0.3703125000000001 0.53125
0 0.525 0.5078125 0.3937500000000001 0.5078125 0.3937500000000001 0.5328125 0.525 0.5328125
0 0.6328125 0.5125 0.553125 0.5125 0.553125 0.5328125 0.6328125 0.5328125
0 0.7 0.51875 0.6703125 0.51875 0.6703125 0.5296875 0.7 0.5296875
0 0.778125 0.5203125000000001 0.7234375 0.5203125 0.7234375 0.5312500000000001 0.778125 0.5312500000000002
0 0.909375 0.5078125000000002 0.7875 0.5078125000000002 0.7875 0.5390625000000002 0.909375 0.5390625000000002
0 0.2140625000000001 0.55625 0.1453125000000001 0.55625 0.1453125000000001 0.5828125 0.2140625000000001 0.5828125
0 0.36406250000000007 0.5609375 0.2406250000000001 0.5609375 0.2406250000000001 0.596875 0.36406250000000007 0.596875
0 0.4203125 0.559375 0.3890625000000001 0.559375 0.3890625000000001 0.584375 0.4203125 0.584375
0 0.49375 0.559375 0.44375 0.559375 0.44375 0.584375 0.49375 0.584375
0 0.6546875 0.55625 0.521875 0.55625 0.521875 0.5921875 0.6546875 0.5921875
0 0.721875 0.559375 0.6859375 0.559375 0.6859375 0.58125 0.721875 0.58125
0 0.8703125 0.5609375000000002 0.7421875 0.5609375000000002 0.7421875 0.5843750000000002 0.8703125 0.5843750000000002
0 0.8828125 0.5828125000000002 0.875 0.5828125000000002 0.875 0.5953125000000001 0.8828125 0.5953125000000001
0 0.2406250000000001 0.6078125 0.14843750000000008 0.6078125 0.14843750000000008 0.6296875 0.2406250000000001 0.6296875
0 0.2578125000000001 0.628125 0.2500000000000001 0.628125 0.2500000000000001 0.6375 0.2578125000000001 0.6375
0 0.3140625000000001 0.6203125 0.2796875000000001 0.6203125 0.2796875000000001 0.6328125 0.3140625000000001 0.6328125
0 0.3703125000000001 0.6078125 0.3187500000000001 0.6078125 0.3187500000000001 0.634375 0.3703125000000001 0.634375
0 0.5203125 0.6078125 0.3968750000000001 0.6078125 0.3968750000000001 0.64375 0.5203125 0.64375
0 0.53125 0.6359375 0.5203125 0.6359375 0.5203125 0.6484375 0.53125 0.6484375
0 0.640625 0.6109375 0.5671875 0.6109375 0.5671875 0.6390625 0.640625 0.6390625
0 0.759375 0.6140625000000001 0.6625 0.6140625 0.6625 0.64375 0.759375 0.6437500000000002
0 0.8546875 0.6218750000000002 0.7921875 0.6218750000000002 0.7921875 0.6421875000000001 0.8546875 0.6421875000000001
0 0.2765625000000001 0.6640625 0.1453125000000001 0.6640625 0.1453125000000001 0.6859375 0.2765625000000001 0.6859375
0 0.3500000000000001 0.6734375 0.3109375000000001 0.6734375 0.3109375000000001 0.684375 0.3500000000000001 0.684375
0 0.490625 0.671875 0.3859375000000001 0.671875 0.3859375000000001 0.6875 0.490625 0.6875
0 0.6609375 0.6609375 0.5171875 0.6609375 0.5171875 0.690625 0.6609375 0.690625
0 0.7921875 0.6640625000000001 0.6953125 0.6640625 0.6953125 0.6843750000000001 0.7921875 0.6843750000000002
0 0.846875 0.6593750000000002 0.8171875 0.6593750000000002 0.8171875 0.6812500000000001 0.846875 0.6812500000000001
0 0.2250000000000001 0.7203125 0.15625000000000008 0.7203125 0.15625000000000008 0.746875 0.2250000000000001 0.746875
0 0.34062500000000007 0.721875 0.2531250000000001 0.721875 0.2531250000000001 0.74375 0.34062500000000007 0.74375
0 0.5546875000000001 0.7125 0.3781250000000001 0.7125 0.3781250000000001 0.7453125 0.5546875000000002 0.7453125
0 0.6109375000000001 0.7125 0.5796875 0.7125 0.5796875000000001 0.7328125 0.6109375000000001 0.7328125
0 0.7296875 0.7140625 0.63125 0.7140625 0.6312500000000001 0.7359375000000001 0.7296875000000002 0.7359375000000001
0 0.7468750000000002 0.7312500000000002 0.7421875000000002 0.7312500000000002 0.7421875000000002 0.7359375000000001 0.7468750000000002 0.7359375000000001
0 0.7781250000000001 0.7171875000000002 0.7625 0.7171875000000002 0.7625000000000001 0.7265625000000002 0.7781250000000002 0.7265625000000002