0 0.16093750000000004 0.2546875 0.14843750000000006 0.2546875 0.14843750000000006 0.275 0.16093750000000004 0.275
0 0.2078125 0.2578125 0.16718750000000004 0.2578125 0.16718750000000004 0.2765625 0.2078125 0.2765625
0 0.2578125 0.25625 0.221875 0.25625 0.221875 0.275 0.2578125 0.275
0 0.3 0.25625 0.2703125 0.25625 0.2703125 0.275 0.3 0.275
0 0.39375 0.25312500000000004 0.3125 0.253125 0.3125 0.27656250000000004 0.39375 0.2765625000000001
0 0.4484375 0.2593750000000001 0.40625 0.2593750000000001 0.40625 0.2765625000000001 0.4484375 0.2765625000000001
0 0.5390625 0.2515625000000001 0.465625 0.2515625000000001 0.465625 0.27812500000000007 0.5390625 0.27812500000000007
0 0.6109375 0.2593750000000001 0.5515625 0.2593750000000001 0.5515625 0.2765625000000001 0.6109375 0.2765625000000001
0 0.63125 0.2578125000000001 0.6234375 0.2578125000000001 0.6234375 0.2640625000000001 0.63125 0.2640625000000001
0 0.675 0.2562500000000001 0.6328125 0.2562500000000001 0.6328125 0.2765625000000001 0.675 0.2765625000000001
0 0.79375 0.2531250000000001 0.684375 0.2531250000000001 0.684375 0.2796875000000001 0.79375 0.2796875000000001
0 0.8046875 0.2593750000000001 0.7984375 0.2593750000000001 0.7984375 0.2656250000000001 0.8046875 0.2656250000000001
0 0.8515625 0.2593750000000001 0.8171875 0.2593750000000001 0.8171875 0.2796875000000001 0.8515625 0.2796875000000001
0 0.2453125 0.309375 0.15312500000000004 0.309375 0.15312500000000004 0.3375 0.2453125 0.3375
0 0.278125 0.3078125 0.259375 0.3078125 0.259375 0.328125 0.278125 0.328125
0 0.3578125 0.3046875 0.296875 0.3046875 0.296875 0.3265625 0.3578125 0.3265625
0 0.3984375 0.3156250000000001 0.375 0.3156250000000001 0.375 0.3265625000000001 0.3984375 0.3265625000000001
0 0.4421875 0.3046875000000001 0.4140625 0.3046875000000001 0.4140625 0.32500000000000007 0.4421875 0.32500000000000007
0 0.4984375 0.3109375000000001 0.453125 0.3109375000000001 0.453125 0.32500000000000007 0.4984375 0.32500000000000007
0 0.5390625 0.30156250000000007 0.5109375 0.30156250000000007 0.5109375 0.3312500000000001 0.5390625 0.3312500000000001
0 0.5765625 0.3140625000000001 0.5515625 0.3140625000000001 0.5515625 0.3265625000000001 0.5765625 0.3265625000000001
0 0.66875 0.3046875000000001 0.5875 0.3046875000000001 0.5875 0.33281250000000007 0.66875 0.33281250000000007
0 0.73125 0.3078125000000001 0.684375 0.3078125000000001 0.684375 0.3296875000000001 0.73125 0.3296875000000001
0 0.825 0.30937500000000007 0.74375 0.30937500000000007 0.74375 0.33281250000000007 0.825 0.33281250000000007
0 0.8390625 0.3234375000000001 0.8328125 0.3234375000000001 0.8328125 0.3343750000000001 0.8390625 0.3343750000000001
0 0.20625000000000004 0.353125 0.15468750000000003 0.353125 0.15468750000000003 0.375 0.2062500000000001 0.375
0 0.2828125 0.353125 0.2140625 0.353125 0.21406250000000004 0.3734375 0.2828125000000001 0.3734375
0 0.3453125 0.353125 0.2921875 0.353125 0.29218750000000004 0.3765625 0.3453125000000001 0.3765625
0 0.37031250000000004 0.35468750000000004 0.353125 0.3546875 0.353125 0.37500000000000006 0.3703125000000001 0.3750000000000001
0 0.4515625 0.3593750000000001 0.3765625 0.3593750000000001 0.3765625 0.3843750000000001 0.4515625 0.3843750000000001
0 0.5375 0.3500000000000001 0.4640625 0.3500000000000001 0.4640625 0.3750000000000001 0.5375 0.3750000000000001
0 0.56875 0.36406250000000007 0.55625 0.36406250000000007 0.55625 0.3765625000000001 0.56875 0.3765625000000001
0 0.625 0.35625000000000007 0.5796875 0.35625000000000007 0.5796875 0.3781250000000001 0.625 0.3781250000000001
0 0.7421875 0.3609375000000001 0.6390625 0.3609375000000001 0.6390625 0.3906250000000001 0.7421875 0.3906250000000001
0 0.7796875 0.3578125000000001 0.753125 0.3578125000000001 0.753125 0.3765625000000001 0.7796875 0.3765625000000001
0 0.8203125 0.3578125000000001 0.7890625 0.3578125000000001 0.7890625 0.3781250000000001 0.8203125 0.3781250000000001
0 0.2234375000000001 0.4015625 0.15000000000000005 0.4015625 0.15000000000000005 0.425 0.2234375000000001 0.425
0 0.3468750000000001 0.403125 0.24375000000000008 0.403125 0.24375000000000008 0.43125 0.3468750000000001 0.43125
0 0.3609375000000001 0.425 0.3578125000000001 0.425 0.3578125000000001 0.4265625 0.3609375000000001 0.4265625
0 0.3937500000000001 0.4109375 0.3859375000000001 0.4109375 0.3859375000000001 0.4171875 0.3937500000000001 0.4171875
0 0.49375 0.403125 0.4015625 0.403125 0.4015625 0.4296875 0.49375 0.4296875
0 0.5953125 0.4078125 0.509375 0.4078125 0.509375 0.4328125 0.5953125 0.4328125
0 0.653125 0.4171875 0.6125 0.4171875 0.6125 0.4328125 0.653125 0.4328125
0 0.7046875 0.4109375 0.665625 0.4109375 0.665625 0.4296875 0.7046875 0.4296875
0 0.771875 0.41093750000000007 0.7140625 0.4109375 0.7140625 0.44218750000000007 0.771875 0.4421875000000002
0 0.803125 0.4078125000000002 0.7859375 0.4078125000000002 0.7859375 0.4281250000000002 0.803125 0.4281250000000002
0 0.853125 0.40937500000000016 0.8171875 0.40937500000000016 0.8171875 0.42968750000000017 0.853125 0.42968750000000017
0 0.2218750000000001 0.459375 0.15000000000000005 0.459375 0.15000000000000005 0.478125 0.2218750000000001 0.478125
0 0.2843750000000001 0.4578125 0.24218750000000008 0.4578125 0.24218750000000008 0.478125 0.2843750000000001 0.478125
0 0.403125 0.45625 0.30156250000000007 0.45625 0.30156250000000007 0.4828125 0.403125 0.4828125
0 0.4671875 0.4609375 0.425 0.4609375 0.425 0.4796875 0.4671875 0.4796875
0 0.4921875 0.45625 0.475 0.45625 0.475 0.4765625 0.4921875 0.4765625
0 0.534375 0.4578125 0.5046875 0.4578125 0.5046875 0.478125 0.534375 0.478125
0 0.6296875 0.4609375 0.546875 0.4609375 0.546875 0.490625 0.6296875 0.490625
0 0.6703125 0.4546875 0.640625 0.4546875 0.640625 0.4859375 0.6703125 0.4859375
0 0.803125 0.4593750000000001 0.6734375 0.459375 0.6734375 0.48125000000000007 0.803125 0.4812500000000002
0 0.8078125 0.47968750000000016 0.8046875 0.47968750000000016 0.8046875 0.4812500000000002 0.8078125 0.4812500000000002
0 0.834375 0.4625000000000002 0.8265625 0.4625000000000002 0.8265625 0.4703125000000002 0.834375 0.4703125000000002
0 0.8703125 0.46093750000000017 0.8390625 0.46093750000000017 0.8390625 0.4812500000000002 0.8703125 0.4812500000000002
0 0.23593750000000008 0.50625 0.15000000000000005 0.50625 0.15000000000000005 0.5296875 0.23593750000000008 0.5296875
0 0.2718750000000001 0.509375 0.2500000000000001 0.509375 0.2500000000000001 0.528125 0.2718750000000001 0.528125
0 0.3515625000000001 0.5125 0.2828125000000001 0.5125 0.2828125000000001 0.5390625 0.3515625000000001 0.5390625
0 0.3843750000000001 0.509375 0.36406250000000007 0.509375 0.36406250000000007 0.5296875 0.3843750000000001 0.5296875
0 0.4875 0.5109375 0.3968750000000001 0.5109375 0.3968750000000001 0.5375 0.4875 0.5375
0 0.540625 0.515625 0.5046875 0.515625 0.5046875 0.5296875 0.540625 0.5296875
0 0.640625 0.5140625 0.5515625 0.5140625 0.5515625 0.53125 0.640625 0.53125
0 0.646875 0.5296875 0.640625 0.5296875 0.640625 0.540625 0.646875 0.540625
0 0.703125 0.515625 0.6609375 0.515625 0.6609375 0.53125 0.703125 0.53125
0 0.7640625 0.5109375 0.715625 0.5109375 0.715625 0.5296875000000001 0.7640625 0.5296875000000002
0 0.8140625 0.5156250000000002 0.7734375 0.5156250000000002 0.7734375 0.5296875000000002 0.8140625 0.5296875000000002
0 0.86875 0.5093750000000001 0.83125 0.5093750000000001 0.83125 0.5421875000000002 0.86875 0.5421875000000002
0 0.2531250000000001 0.5609375 0.1468750000000001 0.5609375 0.1468750000000001 0.5921875 0.2531250000000001 0.5921875
0 0.2843750000000001 0.5671875 0.2609375000000001 0.5671875 0.2609375000000001 0.5828125 0.2843750000000001 0.5828125
0 0.3265625000000001 0.5578125 0.2968750000000001 0.5578125 0.2968750000000001 0.5796875 0.3265625000000001 0.5796875
0 0.434375 0.5609375 0.34062500000000007 0.5609375 0.34062500000000007 0.590625 0.434375 0.590625
0 0.478125 0.5546875 0.446875 0.5546875 0.446875 0.584375 0.478125 0.584375
0 0.6203125 0.5640625 0.4859375 0.5640625 0.4859375 0.5953125 0.6203125 0.5953125
0 0.671875 0.5609375 0.6390625 0.5609375 0.6390625 0.5796875 0.671875 0.5796875
0 0.7421875 0.5593750000000001 0.68125 0.559375 0.68125 0.5906250000000001 0.7421875 0.5906250000000002
0 0.803125 0.5656250000000002 0.7625 0.5656250000000002 0.7625 0.5828125000000002 0.803125 0.5828125000000002
0 0.2640625000000001 0.60625 0.1453125000000001 0.60625 0.1453125000000001 0.6390625 0.2640625000000001 0.6390625
0 0.30937500000000007 0.60625 0.2828125000000001 0.60625 0.2828125000000001 0.6359375 0.30937500000000007 0.6359375
0 0.34843750000000007 0.6109375 0.31718750000000007 0.6109375 0.31718750000000007 0.6296875 0.34843750000000007 0.6296875
0 0.43125 0.609375 0.3671875000000001 0.609375 0.3671875000000001 0.63125 0.43125 0.63125
0 0.5921875 0.609375 0.45 0.609375 0.45 0.63125 0.5921875 0.63125
0 0.625 0.615625 0.603125 0.615625 0.603125 0.6328125 0.625 0.6328125
0 0.7125 0.60625 0.65 0.60625 0.65 0.634375 0.7125 0.634375
0 0.7234375 0.63125 0.7203125 0.63125 0.7203125 0.6328125 0.7234375 0.6328125
0 0.7390625 0.6062500000000002 0.73125 0.6062500000000002 0.73125 0.6203125000000002 0.7390625 0.6203125000000002