0 0.18437500000000004 0.19843750000000002 0.14062500000000006 0.1984375 0.14062500000000006 0.2234375 0.18437500000000004 0.2234375
0 0.3171875 0.2140625 0.2171875 0.2140625 0.2171875 0.225 0.3171875 0.225
0 0.465625 0.20781250000000004 0.3359375 0.2078125 0.3359375 0.24531250000000004 0.465625 0.2453125000000001
0 0.5765625 0.20468750000000008 0.478125 0.20468750000000008 0.478125 0.2296875000000001 0.5765625 0.2296875000000001
0 0.78125 0.2062500000000001 0.6015625 0.2062500000000001 0.6015625 0.2500000000000001 0.78125 0.2500000000000001
0 0.2609375 0.2546875 0.12656250000000005 0.2546875 0.12656250000000005 0.278125 0.2609375 0.278125
0 0.453125 0.25625000000000003 0.284375 0.25625 0.284375 0.2984375 0.453125 0.2984375000000001
0 0.5796875 0.2593750000000001 0.4734375 0.2593750000000001 0.4734375 0.2906250000000001 0.5796875 0.2906250000000001
0 0.6125 0.26250000000000007 0.5859375 0.26250000000000007 0.5859375 0.2812500000000001 0.6125 0.2812500000000001
0 0.6859375 0.2609375000000001 0.63125 0.2609375000000001 0.63125 0.2812500000000001 0.6859375 0.2812500000000001
0 0.8265625 0.2578125000000001 0.69375 0.2578125000000001 0.69375 0.2843750000000001 0.8265625 0.2843750000000001
0 0.19687500000000005 0.3046875 0.11406250000000004 0.3046875 0.11406250000000004 0.3265625 0.19687500000000005 0.3265625
0 0.334375 0.3046875 0.2140625 0.3046875 0.2140625 0.3296875 0.334375 0.3296875
0 0.390625 0.30000000000000004 0.3609375 0.3 0.3609375 0.32812500000000006 0.390625 0.3281250000000001
0 0.459375 0.3031250000000001 0.4078125 0.3031250000000001 0.4078125 0.32500000000000007 0.459375 0.32500000000000007
0 0.615625 0.3078125000000001 0.478125 0.3078125000000001 0.478125 0.3296875000000001 0.615625 0.3296875000000001
0 0.6640625 0.3062500000000001 0.6265625 0.3062500000000001 0.6265625 0.33281250000000007 0.6640625 0.33281250000000007
0 0.73125 0.3062500000000001 0.6796875 0.3062500000000001 0.6796875 0.3312500000000001 0.73125 0.3312500000000001
0 0.8390625 0.30937500000000007 0.75625 0.30937500000000007 0.75625 0.3312500000000001 0.8390625 0.3312500000000001
0 0.17343750000000005 0.3578125 0.11406250000000004 0.3578125 0.11406250000000004 0.3796875 0.17343750000000005 0.3796875
0 0.21562500000000004 0.35625 0.18437500000000004 0.35625 0.18437500000000004 0.378125 0.2156250000000001 0.378125
0 0.29375000000000007 0.359375 0.21875 0.359375 0.21875000000000006 0.3796875 0.29375000000000007 0.3796875
0 0.3046875000000001 0.378125 0.30156250000000007 0.378125 0.30156250000000007 0.38125 0.3046875000000001 0.38125
0 0.39062500000000006 0.35781250000000003 0.3140625 0.3578125 0.3140625 0.38125000000000003 0.3906250000000001 0.3812500000000001
0 0.51875 0.3593750000000001 0.40625 0.3593750000000001 0.40625 0.39531250000000007 0.51875 0.39531250000000007
0 0.5671875 0.3625000000000001 0.534375 0.3625000000000001 0.534375 0.3843750000000001 0.5671875 0.3843750000000001
0 0.6828125 0.3593750000000001 0.578125 0.3593750000000001 0.578125 0.4 0.6828125 0.4
0 0.759375 0.36406250000000007 0.69375 0.36406250000000007 0.69375 0.3859375000000001 0.759375 0.3859375000000001
0 0.8734375 0.36406250000000007 0.7734375 0.36406250000000007 0.7734375 0.3859375000000001 0.8734375 0.3859375000000001
0 0.19375000000000003 0.4109375 0.11718750000000004 0.4109375 0.11718750000000004 0.4328125 0.19375000000000003 0.4328125
0 0.27812500000000007 0.4109375 0.2093750000000001 0.4109375 0.2093750000000001 0.4328125 0.27812500000000007 0.4328125
0 0.3375000000000001 0.415625 0.2984375000000001 0.415625 0.2984375000000001 0.4328125 0.3375000000000001 0.4328125
0 0.4484375 0.409375 0.3593750000000001 0.409375 0.3593750000000001 0.4328125 0.4484375 0.4328125
0 0.5625 0.4125 0.4640625 0.4125 0.4640625 0.44375 0.5625 0.44375
0 0.7 0.409375 0.5828125 0.409375 0.5828125 0.4359375 0.7 0.4359375
0 0.7765625 0.4140625000000001 0.709375 0.4140625 0.709375 0.4375000000000001 0.7765625 0.43750000000000017
0 0.8390625 0.4156250000000002 0.79375 0.4156250000000002 0.79375 0.4390625000000002 0.8390625 0.4390625000000002
0 0.23437500000000008 0.459375 0.10937500000000004 0.459375 0.10937500000000004 0.48125 0.23437500000000008 0.48125
0 0.3468750000000001 0.459375 0.2468750000000001 0.459375 0.2468750000000001 0.4828125 0.3468750000000001 0.4828125
0 0.43125 0.459375 0.3609375000000001 0.459375 0.3609375000000001 0.4984375 0.43125 0.4984375
0 0.46875 0.4609375 0.4484375 0.4609375 0.4484375 0.4875 0.46875 0.4875
0 0.5625 0.4578125 0.4828125 0.4578125 0.4828125 0.4828125 0.5625 0.4828125
0 0.6546875 0.46875 0.575 0.46875 0.575 0.484375 0.6546875 0.484375
0 0.7125 0.4734375 0.6703125 0.4734375 0.6703125 0.484375 0.7125 0.484375
0 0.9109375 0.46093750000000017 0.7328125 0.46093750000000017 0.7328125 0.48750000000000016 0.9109375 0.48750000000000016
0 0.17656250000000004 0.5078125 0.11875000000000005 0.5078125 0.11875000000000005 0.5328125 0.17656250000000004 0.5328125
0 0.2890625000000001 0.5125 0.2000000000000001 0.5125 0.2000000000000001 0.53125 0.2890625000000001 0.53125
0 0.3375000000000001 0.5109375 0.3109375000000001 0.5109375 0.3109375000000001 0.5328125 0.3375000000000001 0.5328125
0 0.4546875 0.5109375 0.3656250000000001 0.5109375 0.3656250000000001 0.534375 0.4546875 0.534375
0 0.5375 0.509375 0.478125 0.509375 0.478125 0.5328125 0.5375 0.5328125
0 0.8515625 0.5156250000000001 0.5640625 0.515625 0.5640625 0.5406250000000001 0.8515625 0.5406250000000001
0 0.1765625000000001 0.559375 0.1218750000000001 0.559375 0.1218750000000001 0.5828125 0.1765625000000001 0.5828125
0 0.3000000000000001 0.559375 0.2093750000000001 0.559375 0.2093750000000001 0.584375 0.3000000000000001 0.584375
0 0.5515625 0.5625 0.3218750000000001 0.5625 0.3218750000000001 0.5875 0.5515625 0.5875
0 0.559375 0.5859375 0.55625 0.5859375 0.55625 0.5890625 0.559375 0.5890625