0 0.2109375 0.2140625 0.14687500000000003 0.2140625 0.14687500000000003 0.2296875 0.2109375 0.2296875
0 0.359375 0.21875 0.2375 0.21875 0.2375 0.228125 0.359375 0.228125
0 0.434375 0.2140625000000001 0.3984375 0.2140625000000001 0.3984375 0.22812500000000008 0.434375 0.22812500000000008
0 0.4578125 0.2171875000000001 0.4359375 0.2171875000000001 0.4359375 0.22812500000000008 0.4578125 0.22812500000000008
0 0.58125 0.2140625000000001 0.484375 0.2140625000000001 0.484375 0.23437500000000008 0.58125 0.23437500000000008
0 0.640625 0.21875000000000008 0.6140625 0.21875000000000008 0.6140625 0.2296875000000001 0.640625 0.2296875000000001
0 0.7921875 0.2156250000000001 0.6765625 0.2156250000000001 0.6765625 0.2312500000000001 0.7921875 0.2312500000000001
0 0.290625 0.26875 0.14843750000000006 0.26875 0.14843750000000006 0.2828125 0.290625 0.2828125
0 0.3046875 0.2796875 0.3 0.2796875 0.3 0.2828125 0.3046875 0.2828125
0 0.4109375 0.26875000000000004 0.35625 0.26875 0.35625 0.2828125 0.4109375 0.2828125000000001
0 0.59375 0.2640625000000001 0.440625 0.2640625000000001 0.440625 0.2812500000000001 0.59375 0.2812500000000001
0 0.74375 0.2671875000000001 0.61875 0.2671875000000001 0.61875 0.2812500000000001 0.74375 0.2812500000000001
0 0.8390625 0.2718750000000001 0.771875 0.2718750000000001 0.771875 0.2812500000000001 0.8390625 0.2812500000000001
0 0.2515625 0.31875 0.14531250000000004 0.31875 0.14531250000000004 0.3328125 0.2515625 0.3328125
0 0.3640625 0.31875000000000003 0.284375 0.31875 0.284375 0.3296875 0.3640625 0.3296875000000001
0 0.4609375 0.3203125000000001 0.403125 0.3203125000000001 0.403125 0.3296875000000001 0.4609375 0.3296875000000001
0 0.6078125 0.31718750000000007 0.5 0.31718750000000007 0.5 0.3375000000000001 0.6078125 0.3375000000000001
0 0.7625 0.3156250000000001 0.6265625 0.3156250000000001 0.6265625 0.33281250000000007 0.7625 0.33281250000000007
0 0.821875 0.3156250000000001 0.7890625 0.3156250000000001 0.7890625 0.3296875000000001 0.821875 0.3296875000000001
0 0.21875000000000008 0.36875 0.14687500000000003 0.36875 0.14687500000000003 0.3828125 0.21875000000000008 0.3828125
0 0.2390625000000001 0.38125 0.2312500000000001 0.38125 0.2312500000000001 0.390625 0.2390625000000001 0.390625
0 0.30156250000000007 0.36875 0.2718750000000001 0.36875 0.2718750000000001 0.38125 0.30156250000000007 0.38125
0 0.3937500000000001 0.36875 0.3390625000000001 0.36875 0.3390625000000001 0.38281250000000006 0.3937500000000001 0.3828125000000001
0 0.6171875 0.3656250000000001 0.43125 0.3656250000000001 0.43125 0.38750000000000007 0.6171875 0.38750000000000007
0 0.665625 0.3687500000000001 0.6140625 0.3687500000000001 0.6140625 0.3843750000000001 0.665625 0.3843750000000001
0 0.7328125 0.3765625000000001 0.7046875 0.3765625000000001 0.7046875 0.3828125000000001 0.7328125 0.3828125000000001
0 0.8859375 0.3671875000000001 0.7765625 0.3671875000000001 0.7765625 0.3828125000000001 0.8859375 0.3828125000000001
0 0.17500000000000004 0.4171875 0.14531250000000004 0.4171875 0.14531250000000004 0.4359375 0.17500000000000004 0.4359375
0 0.34062500000000007 0.415625 0.18906250000000005 0.415625 0.18906250000000005 0.4375 0.34062500000000007 0.4375
0 0.3984375000000001 0.41875 0.37968750000000007 0.41875 0.37968750000000007 0.43125 0.3984375000000001 0.43125
0 0.428125 0.428125 0.4203125 0.428125 0.4203125 0.4328125 0.428125 0.4328125
0 0.4703125 0.4203125 0.434375 0.4203125 0.434375 0.43125 0.4703125 0.43125
0 0.603125 0.4203125 0.4953125 0.4203125 0.4953125 0.4328125 0.603125 0.4328125
0 0.6203125 0.4296875 0.6171875 0.4296875 0.6171875 0.4328125 0.6203125 0.4328125
0 0.725 0.415625 0.6546875 0.415625 0.6546875 0.43125 0.725 0.43125
0 0.8171875 0.42500000000000016 0.7609375 0.42500000000000016 0.7609375 0.43281250000000016 0.8171875 0.43281250000000016
0 0.875 0.4187500000000002 0.8484375 0.4187500000000002 0.8484375 0.43281250000000016 0.875 0.43281250000000016
0 0.26250000000000007 0.4703125 0.14843750000000006 0.4703125 0.14843750000000006 0.484375 0.26250000000000007 0.484375
0 0.3203125000000001 0.471875 0.2906250000000001 0.471875 0.2906250000000001 0.4828125 0.3203125000000001 0.4828125
0 0.4140625 0.471875 0.34843750000000007 0.471875 0.34843750000000007 0.484375 0.4140625 0.484375
0 0.5828125 0.46875 0.4453125 0.46875 0.4453125 0.484375 0.5828125 0.484375
0 0.64375 0.465625 0.6109375 0.465625 0.6109375 0.48125 0.64375 0.48125
0 0.875 0.4671875000000001 0.678125 0.4671875 0.678125 0.4859375000000001 0.875 0.4859375000000002
0 0.2953125000000001 0.51875 0.15000000000000005 0.51875 0.15000000000000005 0.5375 0.2953125000000001 0.5375
0 0.4203125 0.5203125 0.3265625000000001 0.5203125 0.3265625000000001 0.5359375 0.4203125 0.5359375
0 0.4359375 0.53125 0.4296875 0.53125 0.4296875 0.5375 0.4359375 0.5375
0 0.5484375 0.51875 0.4765625 0.51875 0.4765625 0.534375 0.5484375 0.534375
0 0.609375 0.521875 0.575 0.521875 0.575 0.5328125 0.609375 0.5328125
0 0.721875 0.5203125 0.6578125 0.5203125 0.6578125 0.534375 0.721875 0.534375
0 0.9015625 0.5187500000000002 0.775 0.5187500000000002 0.775 0.5328125000000001 0.9015625 0.5328125000000001
0 0.3578125000000001 0.5703125 0.15625000000000008 0.5703125 0.15625000000000008 0.584375 0.3578125000000001 0.584375
0 0.4578125 0.56875 0.4046875 0.56875 0.4046875 0.5828125 0.4578125 0.5828125
0 0.5140625 0.5671875 0.48125 0.5671875 0.48125 0.5828125 0.5140625 0.5828125
0 0.678125 0.5703125 0.5484375 0.5703125 0.5484375 0.5859375 0.678125 0.5859375
0 0.7453125 0.5765625000000001 0.709375 0.5765625 0.709375 0.5890625 0.7453125 0.5890625000000002
0 0.8328125 0.5703125000000002 0.775 0.5703125000000002 0.775 0.5828125000000002 0.8328125 0.5828125000000002
0 0.9140625 0.5734375000000002 0.85625 0.5734375000000002 0.85625 0.5828125000000002 0.9140625 0.5828125000000002
0 0.1921875000000001 0.61875 0.1593750000000001 0.61875 0.1593750000000001 0.6375 0.1921875000000001 0.6375
0 0.29375000000000007 0.6234375 0.21875000000000008 0.6234375 0.21875000000000008 0.634375 0.29375000000000007 0.634375
0 0.30937500000000007 0.634375 0.3062500000000001 0.634375 0.3062500000000001 0.6359375 0.30937500000000007 0.6359375