0 0.2296875 0.2375 0.15312500000000004 0.2375 0.15312500000000004 0.253125 0.2296875 0.253125
0 0.31875 0.2484375 0.26875 0.2484375 0.26875 0.25625 0.31875 0.25625
0 0.3625 0.2484375 0.3453125 0.2484375 0.3453125 0.2546875 0.3625 0.2546875
0 0.5359375 0.24218750000000008 0.4046875 0.24218750000000008 0.4046875 0.2593750000000001 0.5359375 0.2593750000000001
0 0.6109375 0.24375000000000008 0.5734375 0.24375000000000008 0.5734375 0.2578125000000001 0.6109375 0.2578125000000001
0 0.6765625 0.2484375000000001 0.640625 0.2484375000000001 0.640625 0.2593750000000001 0.6765625 0.2593750000000001
0 0.80625 0.24375000000000008 0.6984375 0.24375000000000008 0.6984375 0.2578125000000001 0.80625 0.2578125000000001
0 0.8734375 0.24375000000000008 0.809375 0.24375000000000008 0.809375 0.2609375000000001 0.8734375 0.2609375000000001
0 0.265625 0.29375 0.15468750000000003 0.29375 0.15468750000000003 0.3078125 0.265625 0.3078125
0 0.3453125 0.2953125 0.29375 0.2953125 0.29375 0.30625 0.3453125 0.30625
0 0.5453125 0.2921875000000001 0.3796875 0.2921875000000001 0.3796875 0.3062500000000001 0.5453125 0.3062500000000001
0 0.65 0.2953125000000001 0.5734375 0.2953125000000001 0.5734375 0.3140625000000001 0.65 0.3140625000000001
0 0.703125 0.2906250000000001 0.678125 0.2906250000000001 0.678125 0.3078125000000001 0.703125 0.3078125000000001
0 0.7828125 0.2906250000000001 0.7296875 0.2906250000000001 0.7296875 0.3062500000000001 0.7828125 0.3062500000000001
0 0.915625 0.2921875000000001 0.80625 0.2921875000000001 0.80625 0.3062500000000001 0.915625 0.3062500000000001
0 0.928125 0.3062500000000001 0.9234375 0.3062500000000001 0.9234375 0.3125000000000001 0.928125 0.3125000000000001
0 0.2015625 0.346875 0.15000000000000005 0.346875 0.15000000000000005 0.3578125 0.2015625 0.3578125
0 0.3 0.3421875 0.209375 0.3421875 0.209375 0.3578125 0.3 0.3578125
0 0.4453125 0.3453125 0.328125 0.3453125 0.328125 0.35781250000000003 0.4453125 0.3578125000000001
0 0.4578125 0.3546875000000001 0.4546875 0.3546875000000001 0.4546875 0.3578125000000001 0.4578125 0.3578125000000001
0 0.5515625 0.3421875000000001 0.4859375 0.3421875000000001 0.4859375 0.35625000000000007 0.5515625 0.35625000000000007
0 0.678125 0.34062500000000007 0.5765625 0.34062500000000007 0.5765625 0.3593750000000001 0.678125 0.3593750000000001
0 0.7640625 0.3468750000000001 0.7125 0.3468750000000001 0.7125 0.35625000000000007 0.7640625 0.35625000000000007
0 0.865625 0.3437500000000001 0.803125 0.3437500000000001 0.803125 0.35625000000000007 0.865625 0.35625000000000007
0 0.3218750000000001 0.3984375 0.15000000000000005 0.3984375 0.15000000000000005 0.409375 0.3218750000000001 0.409375
0 0.3765625000000001 0.38906250000000003 0.3468750000000001 0.3890625 0.3468750000000001 0.4046875 0.3765625000000001 0.4046875
0 0.465625 0.3937500000000001 0.3968750000000001 0.3937500000000001 0.3968750000000001 0.4046875 0.465625 0.4046875
0 0.6734375 0.3890625000000001 0.4890625 0.3890625000000001 0.4890625 0.4109375 0.6734375 0.4109375
0 0.790625 0.39531250000000007 0.7109375 0.39531250000000007 0.7109375 0.4125000000000001 0.790625 0.4125000000000002
0 0.8890625 0.3937500000000001 0.81875 0.3937500000000001 0.81875 0.40937500000000016 0.8890625 0.40937500000000016
0 0.21093750000000008 0.4484375 0.14843750000000006 0.4484375 0.14843750000000006 0.45625 0.21093750000000008 0.45625
0 0.3421875000000001 0.4453125 0.2375000000000001 0.4453125 0.2375000000000001 0.45625 0.3421875000000001 0.45625
0 0.3578125000000001 0.453125 0.3531250000000001 0.453125 0.3531250000000001 0.45625 0.3578125000000001 0.45625
0 0.4921875 0.4421875 0.4046875 0.4421875 0.4046875 0.4609375 0.4921875 0.4609375
0 0.628125 0.4421875 0.5078125 0.4421875 0.5078125 0.4578125 0.628125 0.4578125
0 0.68125 0.44375 0.6515625 0.44375 0.6515625 0.45625 0.68125 0.45625
0 0.890625 0.44218750000000007 0.7234375 0.4421875 0.7234375 0.46562500000000007 0.890625 0.4656250000000002
0 0.2562500000000001 0.4953125 0.14375000000000004 0.4953125 0.14375000000000004 0.5125 0.2562500000000001 0.5125
0 0.4046875 0.4953125 0.2828125000000001 0.4953125 0.2828125000000001 0.5078125 0.4046875 0.5078125
0 0.5453125 0.496875 0.4328125 0.496875 0.4328125 0.5078125 0.5453125 0.5078125
0 0.7546875 0.4921875000000001 0.5765625 0.4921875 0.5765625 0.5093750000000001 0.7546875 0.5093750000000001
0 0.8796875 0.4937500000000002 0.790625 0.4937500000000002 0.790625 0.5125000000000002 0.8796875 0.5125000000000002
0 0.2578125000000001 0.5453125 0.1390625000000001 0.5453125 0.1390625000000001 0.5578125 0.2578125000000001 0.5578125
0 0.3187500000000001 0.546875 0.2875000000000001 0.546875 0.2875000000000001 0.5578125 0.3187500000000001 0.5578125
0 0.471875 0.5421875 0.3843750000000001 0.5421875 0.3843750000000001 0.55625 0.471875 0.55625
0 0.6609375 0.5453125 0.496875 0.5453125 0.496875 0.5640625 0.6609375 0.5640625
0 0.678125 0.5578125 0.6734375 0.5578125 0.6734375 0.5640625 0.678125 0.5640625
0 0.7671875 0.5453125000000001 0.7046875 0.5453125 0.7046875 0.5625000000000001 0.7671875 0.5625000000000002
0 0.8984375 0.5437500000000002 0.7796875 0.5437500000000002 0.7796875 0.5609375000000002 0.8984375 0.5609375000000002
0 0.2406250000000001 0.596875 0.14062500000000008 0.596875 0.14062500000000008 0.6109375 0.2406250000000001 0.6109375
0 0.3265625000000001 0.596875 0.2750000000000001 0.596875 0.2750000000000001 0.6078125 0.3265625000000001 0.6078125
0 0.415625 0.5984375 0.3578125000000001 0.5984375 0.3578125000000001 0.6078125 0.415625 0.6078125
0 0.5828125 0.5921875 0.428125 0.5921875 0.428125 0.6078125 0.5828125 0.6078125
0 0.609375 0.60625 0.60625 0.60625 0.60625 0.6140625 0.609375 0.6140625
0 0.709375 0.5953125 0.6296875 0.5953125 0.6296875 0.609375 0.709375 0.609375
0 0.85 0.5937500000000002 0.740625 0.5937500000000002 0.740625 0.6125000000000002 0.85 0.6125000000000002
0 0.30937500000000007 0.6453125 0.14062500000000008 0.6453125 0.14062500000000008 0.659375 0.30937500000000007 0.659375
0 0.50625 0.64375 0.3515625000000001 0.64375 0.3515625000000001 0.665625 0.50625 0.665625
0 0.5296875 0.6546875 0.5234375 0.6546875 0.5234375 0.6578125 0.5296875 0.6578125
0 0.621875 0.6484375 0.5921875 0.6484375 0.5921875 0.6578125 0.621875 0.6578125
0 0.7125 0.65 0.6515625 0.65 0.6515625 0.6625 0.7125 0.6625
0 0.821875 0.6484375000000002 0.740625 0.6484375000000002 0.740625 0.6671875000000002 0.821875 0.6671875000000002
0 0.8296875 0.6609375000000002 0.825 0.6609375000000002 0.825 0.6671875000000002 0.8296875 0.6671875000000002
0 0.90625 0.6500000000000001 0.8484375 0.6500000000000001 0.8484375 0.6640625000000002 0.90625 0.6640625000000002
0 0.2562500000000001 0.6984375 0.1468750000000001 0.6984375 0.1468750000000001 0.7109375 0.2562500000000001 0.7109375
0 0.4125 0.6953125 0.2984375000000001 0.6953125 0.2984375000000001 0.7109375 0.4125 0.7109375
0 0.5234375 0.6953125 0.4390625 0.6953125 0.4390625 0.7140625 0.5234375 0.7140625
0 0.6796875 0.696875 0.55625 0.696875 0.55625 0.7140625 0.6796875 0.7140625
0 0.696875 0.7109375 0.6921875 0.7109375 0.6921875 0.7171875 0.696875 0.7171875
0 0.8359375 0.6984375000000002 0.7265625 0.6984375000000002 0.7265625 0.7125000000000001 0.8359375 0.7125000000000001
0 0.8953125 0.7031250000000002 0.8375 0.7031250000000002 0.8375 0.7156250000000002 0.8953125 0.7156250000000002
0 0.2968750000000001 0.746875 0.1515625000000001 0.746875 0.1515625000000001 0.7609375 0.2968750000000001 0.7609375
0 0.3140625000000001 0.7578125 0.3078125000000001 0.7578125 0.3078125000000001 0.7640625 0.3140625000000001 0.7640625
0 0.4859375000000002 0.7453125 0.3515625000000001 0.7453125 0.3515625000000001 0.765625 0.4859375000000002 0.765625
0 0.5312500000000002 0.7546875 0.5078125000000002 0.7546875 0.5078125000000002 0.7609375 0.5312500000000002 0.7609375
0 0.5796875000000001 0.753125 0.5578125000000002 0.753125 0.5578125000000002 0.7609375 0.5796875000000001 0.7609375
0 0.7796875000000002 0.7453125 0.6046875000000002 0.7453125 0.6046875000000002 0.7640625000000001 0.7796875000000002 0.7640625000000002
0 0.7937500000000002 0.7593750000000001 0.7875000000000002 0.7593750000000001 0.7875000000000002 0.7671875000000001 0.7937500000000002 0.7671875000000001
0 0.8828125 0.7531250000000002 0.821875 0.7531250000000002 0.821875 0.7625000000000002 0.8828125 0.7625000000000002