0 0.203125 0.2296875 0.14375000000000004 0.2296875 0.14375000000000004 0.24375 0.203125 0.24375
0 0.34375 0.2328125 0.234375 0.2328125 0.234375 0.2453125 0.34375 0.2453125
0 0.490625 0.2312500000000001 0.4 0.2312500000000001 0.4 0.2453125000000001 0.490625 0.2453125000000001
0 0.5828125 0.23593750000000008 0.51875 0.23593750000000008 0.51875 0.24375000000000008 0.5828125 0.24375000000000008
0 0.7171875 0.2296875000000001 0.6046875 0.2296875000000001 0.6046875 0.24375000000000008 0.7171875 0.24375000000000008
0 0.753125 0.22812500000000008 0.734375 0.22812500000000008 0.734375 0.24218750000000008 0.753125 0.24218750000000008
0 0.8390625 0.2312500000000001 0.7734375 0.2312500000000001 0.7734375 0.2406250000000001 0.8390625 0.2406250000000001
0 0.215625 0.2828125 0.14843750000000006 0.2828125 0.14843750000000006 0.2984375 0.215625 0.2984375
0 0.3203125 0.2875 0.2265625 0.2875 0.2265625 0.2984375 0.3203125 0.2984375
0 0.3953125 0.28437500000000004 0.3484375 0.284375 0.3484375 0.29375000000000007 0.3953125 0.29375000000000007
0 0.5078125 0.2796875000000001 0.4171875 0.2796875000000001 0.4171875 0.2984375000000001 0.5078125 0.2984375000000001
0 0.5203125 0.2921875000000001 0.515625 0.2921875000000001 0.515625 0.2953125000000001 0.5203125 0.2953125000000001
0 0.6328125 0.2828125000000001 0.5546875 0.2828125000000001 0.5546875 0.3000000000000001 0.6328125 0.3000000000000001
0 0.7578125 0.2812500000000001 0.653125 0.2812500000000001 0.653125 0.29375000000000007 0.7578125 0.29375000000000007
0 0.8453125 0.28593750000000007 0.7890625 0.28593750000000007 0.7890625 0.29375000000000007 0.8453125 0.29375000000000007
0 0.9015625 0.27812500000000007 0.86875 0.27812500000000007 0.86875 0.2953125000000001 0.9015625 0.2953125000000001
0 0.203125 0.334375 0.14687500000000003 0.334375 0.14687500000000003 0.346875 0.203125 0.346875
0 0.3515625 0.328125 0.2296875 0.328125 0.2296875 0.35 0.3515625 0.35
0 0.4671875 0.3343750000000001 0.36875 0.3343750000000001 0.36875 0.3468750000000001 0.4671875 0.3468750000000001
0 0.53125 0.3312500000000001 0.5 0.3312500000000001 0.5 0.3453125000000001 0.53125 0.3453125000000001
0 0.5859375 0.3437500000000001 0.5734375 0.3437500000000001 0.5734375 0.3468750000000001 0.5859375 0.3468750000000001
0 0.6515625 0.3312500000000001 0.5859375 0.3312500000000001 0.5859375 0.3468750000000001 0.6515625 0.3468750000000001
0 0.7875 0.3265625000000001 0.6640625 0.3265625000000001 0.6640625 0.3453125000000001 0.7875 0.3453125000000001
0 0.9578125 0.3312500000000001 0.8125 0.3312500000000001 0.8125 0.3515625000000001 0.9578125 0.3515625000000001
0 0.9703125 0.3421875000000001 0.9640625 0.3421875000000001 0.9640625 0.3500000000000001 0.9703125 0.3500000000000001
0 0.9828125 0.3296875000000001 0.9703125 0.3296875000000001 0.9703125 0.3343750000000001 0.9828125 0.3343750000000001
0 0.16093750000000004 0.38125 0.13750000000000004 0.38125 0.13750000000000004 0.396875 0.16093750000000004 0.396875
0 0.2953125000000001 0.384375 0.2000000000000001 0.384375 0.2000000000000001 0.3984375 0.2953125000000001 0.3984375
0 0.3656250000000001 0.38750000000000007 0.3281250000000001 0.3875 0.3281250000000001 0.39531250000000007 0.3656250000000001 0.39531250000000007
0 0.46875 0.3828125000000001 0.40625 0.3828125000000001 0.40625 0.39531250000000007 0.46875 0.39531250000000007
0 0.5640625 0.3828125000000001 0.4859375 0.3828125000000001 0.4859375 0.4 0.5640625 0.4
0 0.653125 0.3859375000000001 0.5890625 0.3859375000000001 0.5890625 0.3968750000000001 0.653125 0.3968750000000001
0 0.796875 0.3828125000000001 0.6796875 0.3828125000000001 0.6796875 0.39531250000000007 0.796875 0.39531250000000007
0 0.84375 0.3828125000000001 0.815625 0.3828125000000001 0.815625 0.3937500000000001 0.84375 0.3937500000000001
0 0.2156250000000001 0.4390625 0.13750000000000004 0.4390625 0.13750000000000004 0.4484375 0.2156250000000001 0.4484375
0 0.3125000000000001 0.4359375 0.2515625000000001 0.4359375 0.2515625000000001 0.4515625 0.3125000000000001 0.4515625
0 0.3312500000000001 0.44375 0.3265625000000001 0.44375 0.3265625000000001 0.4515625 0.3312500000000001 0.4515625
0 0.4296875 0.4375 0.3671875000000001 0.4375 0.3671875000000001 0.4484375 0.4296875 0.4484375
0 0.53125 0.4359375 0.4609375 0.4359375 0.4609375 0.453125 0.53125 0.453125
0 0.640625 0.43125 0.5609375 0.43125 0.5609375 0.446875 0.640625 0.446875
0 0.690625 0.43125 0.653125 0.43125 0.653125 0.4453125 0.690625 0.4453125
0 0.7109375 0.44375 0.7015625 0.44375 0.7015625 0.45 0.7109375 0.45
0 0.7984375 0.4328125000000001 0.715625 0.4328125 0.715625 0.45000000000000007 0.7984375 0.4500000000000002
0 0.9 0.42968750000000017 0.8203125 0.42968750000000017 0.8203125 0.44531250000000017 0.9 0.44531250000000017
0 0.2640625000000001 0.484375 0.14375000000000004 0.484375 0.14375000000000004 0.496875 0.2640625000000001 0.496875
0 0.2812500000000001 0.4796875 0.2718750000000001 0.4796875 0.2718750000000001 0.484375 0.2812500000000001 0.484375
0 0.4484375 0.4859375 0.31718750000000007 0.4859375 0.31718750000000007 0.496875 0.4484375 0.496875
0 0.5609375 0.48125 0.48125 0.48125 0.48125 0.496875 0.5609375 0.496875
0 0.6875 0.4796875 0.590625 0.4796875 0.590625 0.496875 0.6875 0.496875
0 0.7 0.4921875 0.6953125 0.4921875 0.6953125 0.4953125 0.7 0.4953125
0 0.7921875 0.4812500000000002 0.73125 0.4812500000000002 0.73125 0.49531250000000016 0.7921875 0.49531250000000016
0 0.903125 0.4859375000000002 0.8234375 0.4859375000000002 0.8234375 0.4984375000000002 0.903125 0.4984375000000002
0 0.3750000000000001 0.5328125 0.15468750000000003 0.5328125 0.15468750000000006 0.5484375 0.3750000000000001 0.5484375
0 0.503125 0.5359375 0.40625 0.5359375 0.40625 0.546875 0.503125 0.546875
0 0.5953125 0.5375 0.51875 0.5375 0.51875 0.5484375 0.5953125 0.5484375
0 0.7359375 0.5312500000000001 0.6203125 0.53125 0.6203125 0.5484375000000001 0.7359375 0.5484375000000001
0 0.78125 0.5312500000000002 0.753125 0.5312500000000002 0.753125 0.5453125000000002 0.78125 0.5453125000000002
0 0.8671875 0.5343750000000002 0.8015625 0.5343750000000002 0.8015625 0.5500000000000002 0.8671875 0.5500000000000002
0 0.22812500000000008 0.5859375 0.14843750000000008 0.5859375 0.14843750000000008 0.603125 0.22812500000000008 0.603125
0 0.3453125000000001 0.5859375 0.24218750000000008 0.5859375 0.24218750000000008 0.603125 0.3453125000000001 0.603125
0 0.39531250000000007 0.5890625 0.3765625000000001 0.5890625 0.3765625000000001 0.6 0.39531250000000007 0.6
0 0.5703125 0.5796875 0.4 0.5796875 0.4 0.5984375 0.5703125 0.5984375
0 0.7171875 0.584375 0.603125 0.584375 0.603125 0.5984375 0.7171875 0.5984375
0 0.734375 0.5968750000000002 0.7296875 0.5968750000000002 0.7296875 0.5984375000000002 0.734375 0.5984375000000002
0 0.8265625 0.5828125000000002 0.765625 0.5828125000000002 0.765625 0.5968750000000002 0.8265625 0.5968750000000002
0 0.2468750000000001 0.6375 0.1468750000000001 0.6375 0.1468750000000001 0.6546875 0.2468750000000001 0.6546875
0 0.3312500000000001 0.6375 0.2671875000000001 0.6375 0.2671875000000001 0.65 0.3312500000000001 0.65
0 0.4890625 0.6359375 0.3593750000000001 0.6359375 0.3593750000000001 0.6484375 0.4890625 0.6484375
0 0.5671875 0.6328125 0.521875 0.6328125 0.521875 0.646875 0.5671875 0.646875
0 0.6359375 0.634375 0.6015625 0.634375 0.6015625 0.646875 0.6359375 0.646875
0 0.7203125 0.6375 0.6671875 0.6375 0.6671875 0.65 0.7203125 0.65
0 0.8203125 0.628125 0.71875 0.628125 0.71875 0.6484375000000001 0.8203125 0.6484375000000002
0 0.95625 0.6265625000000001 0.834375 0.6265625000000001 0.834375 0.6453125000000002 0.95625 0.6453125000000002
0 0.3359375000000001 0.684375 0.1437500000000001 0.684375 0.1437500000000001 0.7046875 0.3359375000000001 0.7046875
0 0.440625 0.68125 0.3468750000000001 0.68125 0.3468750000000001 0.696875 0.440625 0.696875
0 0.6375 0.68125 0.4671875 0.68125 0.4671875 0.6984375 0.6375 0.6984375
0 0.6515625 0.6953125 0.6484375 0.6953125 0.6484375 0.703125 0.6515625 0.703125
0 0.7859375 0.6812500000000001 0.690625 0.68125 0.690625 0.6984375 0.7859375 0.6984375000000002
0 0.84375 0.6875000000000002 0.8 0.6875000000000002 0.8 0.7000000000000002 0.84375 0.7000000000000002
0 0.2875000000000001 0.7375 0.14062500000000008 0.7375 0.14062500000000008 0.7515625 0.2875000000000001 0.7515625
0 0.3515625000000001 0.740625 0.3187500000000001 0.740625 0.3187500000000001 0.75 0.3515625000000001 0.75
0 0.3921875000000001 0.7484375 0.3828125000000001 0.7484375 0.3828125000000001 0.753125 0.3921875000000001 0.753125
0 0.4312500000000002 0.74375 0.4078125000000002 0.74375 0.4078125000000002 0.75 0.4312500000000002 0.75
0 0.5828125000000002 0.734375 0.4656250000000002 0.734375 0.4656250000000002 0.7546875 0.5828125000000002 0.7546875
0 0.6406250000000002 0.734375 0.6109375000000001 0.734375 0.6109375000000001 0.753125 0.6406250000000002 0.753125
0 0.7750000000000001 0.7328125000000001 0.6625000000000002 0.7328125 0.6625000000000002 0.7546875000000001 0.7750000000000001 0.7546875000000002
0 0.8796875 0.7375000000000002 0.8046875 0.7375000000000002 0.8046875 0.7468750000000002 0.8796875 0.7468750000000002