0 0.21875 0.2140625 0.14375000000000004 0.2140625 0.14375000000000004 0.23125 0.21875 0.23125
0 0.3171875 0.2171875 0.25 0.2171875 0.25 0.23125 0.3171875 0.23125
0 0.4515625 0.21250000000000005 0.3453125 0.2125 0.3453125 0.22968750000000004 0.4515625 0.2296875000000001
0 0.5625 0.21093750000000008 0.45625 0.21093750000000008 0.45625 0.2328125000000001 0.5625 0.2328125000000001
0 0.6140625 0.2218750000000001 0.5796875 0.2218750000000001 0.5796875 0.22812500000000008 0.6140625 0.22812500000000008
0 0.78125 0.2140625000000001 0.6484375 0.2140625000000001 0.6484375 0.2296875000000001 0.78125 0.2296875000000001
0 0.8 0.22656250000000008 0.7921875 0.22656250000000008 0.7921875 0.23437500000000008 0.8 0.23437500000000008
0 0.85 0.2156250000000001 0.821875 0.2156250000000001 0.821875 0.22812500000000008 0.85 0.22812500000000008
0 0.19687500000000005 0.2703125 0.15156250000000004 0.2703125 0.15156250000000004 0.2828125 0.19687500000000005 0.2828125
0 0.3703125 0.26875000000000004 0.23125 0.26875 0.23125 0.28593750000000007 0.3703125 0.28593750000000007
0 0.44375 0.2687500000000001 0.4140625 0.2687500000000001 0.4140625 0.2812500000000001 0.44375 0.2812500000000001
0 0.5828125 0.2687500000000001 0.4859375 0.2687500000000001 0.4859375 0.2812500000000001 0.5828125 0.2812500000000001
0 0.59375 0.2812500000000001 0.5875 0.2812500000000001 0.5875 0.2875000000000001 0.59375 0.2875000000000001
0 0.65625 0.2640625000000001 0.63125 0.2640625000000001 0.63125 0.2812500000000001 0.65625 0.2812500000000001
0 0.771875 0.2640625000000001 0.6859375 0.2640625000000001 0.6859375 0.2843750000000001 0.771875 0.2843750000000001
0 0.8234375 0.2671875000000001 0.790625 0.2671875000000001 0.790625 0.27812500000000007 0.8234375 0.27812500000000007
0 0.2578125 0.3203125 0.15156250000000004 0.3203125 0.15156250000000004 0.334375 0.2578125 0.334375
0 0.33125 0.325 0.3125 0.325 0.3125 0.3328125 0.33125 0.3328125
0 0.5453125 0.31562500000000004 0.3625 0.315625 0.3625 0.33437500000000003 0.5453125 0.3343750000000001
0 0.64375 0.3187500000000001 0.575 0.3187500000000001 0.575 0.33281250000000007 0.64375 0.33281250000000007
0 0.7171875 0.31718750000000007 0.675 0.31718750000000007 0.675 0.33281250000000007 0.7171875 0.33281250000000007
0 0.8203125 0.3187500000000001 0.759375 0.3187500000000001 0.759375 0.3296875000000001 0.8203125 0.3296875000000001
0 0.909375 0.31718750000000007 0.8453125 0.31718750000000007 0.8453125 0.3296875000000001 0.909375 0.3296875000000001
0 0.2750000000000001 0.3703125 0.16250000000000003 0.3703125 0.16250000000000003 0.384375 0.2750000000000001 0.384375
0 0.2921875000000001 0.38125 0.2875000000000001 0.38125 0.2875000000000001 0.384375 0.2921875000000001 0.384375
0 0.3703125000000001 0.37031250000000004 0.34062500000000007 0.3703125 0.34062500000000007 0.38281250000000006 0.3703125000000001 0.3828125000000001
0 0.453125 0.3671875000000001 0.3968750000000001 0.3671875000000001 0.3968750000000001 0.3812500000000001 0.453125 0.3812500000000001
0 0.5296875 0.3656250000000001 0.4796875 0.3656250000000001 0.4796875 0.3812500000000001 0.5296875 0.3812500000000001
0 0.596875 0.3656250000000001 0.5578125 0.3656250000000001 0.5578125 0.3812500000000001 0.596875 0.3812500000000001
0 0.646875 0.3687500000000001 0.6234375 0.3687500000000001 0.6234375 0.37968750000000007 0.646875 0.37968750000000007
0 0.790625 0.3703125000000001 0.671875 0.3703125000000001 0.671875 0.3828125000000001 0.790625 0.3828125000000001
0 0.93125 0.3656250000000001 0.8125 0.3656250000000001 0.8125 0.3828125000000001 0.93125 0.3828125000000001
0 0.3078125000000001 0.4171875 0.16250000000000003 0.4171875 0.16250000000000003 0.4390625 0.3078125000000001 0.4390625
0 0.32500000000000007 0.43125 0.31718750000000007 0.43125 0.31718750000000007 0.440625 0.32500000000000007 0.440625
0 0.584375 0.4140625 0.3734375000000001 0.4140625 0.3734375000000001 0.4359375 0.584375 0.4359375
0 0.728125 0.4140625000000001 0.6203125 0.4140625 0.6203125 0.4312500000000001 0.728125 0.4312500000000002
0 0.803125 0.41406250000000017 0.76875 0.41406250000000017 0.76875 0.4312500000000002 0.803125 0.4312500000000002
0 0.2515625000000001 0.4703125 0.15937500000000004 0.4703125 0.15937500000000004 0.484375 0.2515625000000001 0.484375
0 0.4109375 0.46875 0.3000000000000001 0.46875 0.3000000000000001 0.4828125 0.4109375 0.4828125
0 0.5171875 0.4734375 0.44375 0.4734375 0.44375 0.48125 0.5171875 0.48125
0 0.53125 0.48125 0.528125 0.48125 0.528125 0.4828125 0.53125 0.4828125
0 0.640625 0.4671875 0.571875 0.4671875 0.571875 0.48125 0.640625 0.48125
0 0.7390625 0.4671875000000001 0.65625 0.4671875 0.65625 0.4828125000000001 0.7390625 0.4828125000000002
0 0.896875 0.4671875000000002 0.7828125 0.4671875000000002 0.7828125 0.4812500000000002 0.896875 0.4812500000000002
0 0.2578125000000001 0.5234375 0.15937500000000004 0.5234375 0.15937500000000004 0.5359375 0.2578125000000001 0.5359375
0 0.3156250000000001 0.521875 0.2718750000000001 0.521875 0.2718750000000001 0.534375 0.3156250000000001 0.534375
0 0.3687500000000001 0.53125 0.3546875000000001 0.53125 0.3546875000000001 0.5375 0.3687500000000001 0.5375
0 0.55 0.51875 0.3750000000000001 0.51875 0.3750000000000001 0.5359375 0.55 0.5359375
0 0.5671875 0.5140625 0.559375 0.5140625 0.559375 0.5203125 0.5671875 0.5203125
0 0.621875 0.5171875 0.5921875 0.5171875 0.5921875 0.53125 0.621875 0.53125
0 0.671875 0.525 0.65625 0.525 0.65625 0.5296875 0.671875 0.5296875
0 0.8296875 0.51875 0.709375 0.51875 0.709375 0.5328125000000001 0.8296875 0.5328125000000001
0 0.2640625000000001 0.571875 0.1625000000000001 0.571875 0.1625000000000001 0.584375 0.2640625000000001 0.584375
0 0.3828125000000001 0.571875 0.3078125000000001 0.571875 0.3078125000000001 0.5828125 0.3828125000000001 0.5828125
0 0.4890625 0.5734375 0.4265625 0.5734375 0.4265625 0.5828125 0.4890625 0.5828125
0 0.61875 0.565625 0.5265625 0.565625 0.5265625 0.5828125 0.61875 0.5828125
0 0.6296875 0.58125 0.6265625 0.58125 0.6265625 0.584375 0.6296875 0.584375