0 0.228125 0.2265625 0.15156250000000004 0.2265625 0.15156250000000004 0.240625 0.228125 0.240625
0 0.2796875 0.228125 0.25 0.228125 0.25 0.2484375 0.2796875 0.2484375
0 0.4140625 0.23125000000000004 0.3046875 0.23125 0.3046875 0.25468750000000007 0.4140625 0.25468750000000007
0 0.4796875 0.22656250000000008 0.440625 0.22656250000000008 0.440625 0.24218750000000008 0.4796875 0.24218750000000008
0 0.5828125 0.2312500000000001 0.5046875 0.2312500000000001 0.5046875 0.24218750000000008 0.5828125 0.24218750000000008
0 0.7171875 0.22656250000000008 0.6109375 0.22656250000000008 0.6109375 0.2468750000000001 0.7171875 0.2468750000000001
0 0.7265625 0.24218750000000008 0.7203125 0.24218750000000008 0.7203125 0.2500000000000001 0.7265625 0.2500000000000001
0 0.8203125 0.22812500000000008 0.7453125 0.22812500000000008 0.7453125 0.24375000000000008 0.8203125 0.24375000000000008
0 0.85625 0.22656250000000008 0.834375 0.22656250000000008 0.834375 0.24218750000000008 0.85625 0.24218750000000008
0 0.18906250000000005 0.259375 0.14531250000000004 0.259375 0.14531250000000004 0.275 0.18906250000000005 0.275
0 0.396875 0.26250000000000007 0.20625 0.2625 0.20625 0.28437500000000004 0.396875 0.2843750000000001
0 0.41875 0.2765625000000001 0.4140625 0.2765625000000001 0.4140625 0.2828125000000001 0.41875 0.2828125000000001
0 0.4734375 0.26250000000000007 0.4328125 0.26250000000000007 0.4328125 0.2765625000000001 0.4734375 0.2765625000000001
0 0.5609375 0.26250000000000007 0.49375 0.26250000000000007 0.49375 0.2875000000000001 0.5609375 0.2875000000000001
0 0.5765625 0.2765625000000001 0.571875 0.2765625000000001 0.571875 0.2828125000000001 0.5765625 0.2828125000000001
0 0.6625 0.2640625000000001 0.5890625 0.2640625000000001 0.5890625 0.2890625000000001 0.6625 0.2890625000000001
0 0.734375 0.2640625000000001 0.6796875 0.2640625000000001 0.6796875 0.27812500000000007 0.734375 0.27812500000000007
0 0.846875 0.2609375000000001 0.7546875 0.2609375000000001 0.7546875 0.2875000000000001 0.846875 0.2875000000000001
0 0.17812500000000003 0.296875 0.14218750000000005 0.296875 0.14218750000000005 0.3125 0.17812500000000003 0.3125
0 0.2796875 0.2984375 0.19062500000000004 0.2984375 0.19062500000000004 0.3125 0.2796875 0.3125
0 0.384375 0.30000000000000004 0.3015625 0.3 0.3015625 0.31562500000000004 0.384375 0.3156250000000001
0 0.525 0.3046875000000001 0.4078125 0.3046875000000001 0.4078125 0.3156250000000001 0.525 0.3156250000000001
0 0.54375 0.3156250000000001 0.5375 0.3156250000000001 0.5375 0.3203125000000001 0.54375 0.3203125000000001
0 0.6015625 0.3000000000000001 0.559375 0.3000000000000001 0.559375 0.3203125000000001 0.6015625 0.3203125000000001
0 0.7546875 0.3000000000000001 0.621875 0.3000000000000001 0.621875 0.3203125000000001 0.7546875 0.3203125000000001
0 0.9 0.3078125000000001 0.775 0.3078125000000001 0.775 0.32500000000000007 0.9 0.32500000000000007
0 0.9140625 0.3156250000000001 0.90625 0.3156250000000001 0.90625 0.3265625000000001 0.9140625 0.3265625000000001
0 0.15625000000000006 0.334375 0.13906250000000003 0.334375 0.13906250000000003 0.34375 0.15625000000000006 0.34375
0 0.265625 0.33125 0.17187500000000006 0.33125 0.17187500000000006 0.359375 0.265625 0.359375
0 0.421875 0.3296875 0.2890625 0.3296875 0.2890625 0.353125 0.421875 0.3531250000000001
0 0.51875 0.3296875000000001 0.4359375 0.3296875000000001 0.4359375 0.3531250000000001 0.51875 0.3531250000000001
0 0.528125 0.3437500000000001 0.5265625 0.3437500000000001 0.5265625 0.3453125000000001 0.528125 0.3453125000000001
0 0.646875 0.33281250000000007 0.546875 0.33281250000000007 0.546875 0.3468750000000001 0.646875 0.3468750000000001
0 0.759375 0.33281250000000007 0.6703125 0.33281250000000007 0.6703125 0.34843750000000007 0.759375 0.34843750000000007
0 0.821875 0.3343750000000001 0.78125 0.3343750000000001 0.78125 0.34843750000000007 0.821875 0.34843750000000007
0 0.2890625000000001 0.3671875 0.13281250000000006 0.3671875 0.13281250000000006 0.3921875 0.2890625000000001 0.3921875
0 0.51875 0.36875 0.3187500000000001 0.36875 0.3187500000000001 0.39531250000000007 0.51875 0.39531250000000007
0 0.5609375 0.37187500000000007 0.5328125 0.37187500000000007 0.5328125 0.38750000000000007 0.5609375 0.38750000000000007
0 0.60625 0.3687500000000001 0.575 0.3687500000000001 0.575 0.3859375000000001 0.60625 0.3859375000000001
0 0.71875 0.3687500000000001 0.6375 0.3687500000000001 0.6375 0.38750000000000007 0.71875 0.38750000000000007
0 0.7640625 0.3703125000000001 0.7390625 0.3703125000000001 0.7390625 0.3859375000000001 0.7640625 0.3859375000000001
0 0.896875 0.3703125000000001 0.7765625 0.3703125000000001 0.7765625 0.4000000000000002 0.896875 0.4000000000000002
0 0.18906250000000005 0.403125 0.13437500000000005 0.403125 0.13437500000000005 0.421875 0.18906250000000005 0.421875
0 0.3937500000000001 0.403125 0.2093750000000001 0.403125 0.2093750000000001 0.4296875 0.3937500000000001 0.4296875
0 0.403125 0.4171875 0.4 0.4171875 0.4 0.41875 0.403125 0.41875
0 0.5109375 0.4046875 0.4203125 0.4046875 0.4203125 0.4203125 0.5109375 0.4203125
0 0.6265625 0.4046875 0.5359375 0.4046875 0.5359375 0.421875 0.6265625 0.421875
0 0.728125 0.4046875000000001 0.64375 0.4046875 0.64375 0.4312500000000001 0.728125 0.4312500000000002
0 0.8125 0.40625000000000017 0.7453125 0.40625000000000017 0.7453125 0.42187500000000017 0.8125 0.42187500000000017
0 0.85 0.4046875000000002 0.8265625 0.4046875000000002 0.8265625 0.42187500000000017 0.85 0.42187500000000017
0 0.909375 0.4078125000000002 0.8671875 0.4078125000000002 0.8671875 0.4234375000000002 0.909375 0.4234375000000002
0 0.2796875000000001 0.4453125 0.13281250000000006 0.4453125 0.13281250000000006 0.4625 0.2796875000000001 0.4625
0 0.4515625 0.44375 0.3046875000000001 0.44375 0.3046875000000001 0.4609375 0.4515625 0.4609375
0 0.5359375 0.44375 0.4734375 0.44375 0.4734375 0.4625 0.5359375 0.4625
0 0.671875 0.44375 0.559375 0.44375 0.559375 0.4625 0.671875 0.4625
0 0.915625 0.44218750000000007 0.6890625 0.4421875 0.6890625 0.4609375000000001 0.915625 0.46093750000000017
0 0.34062500000000007 0.48125 0.13437500000000005 0.48125 0.13437500000000005 0.5109375 0.34062500000000007 0.5109375
0 0.3578125000000001 0.4953125 0.35625000000000007 0.4953125 0.35625000000000007 0.496875 0.3578125000000001 0.496875
0 0.428125 0.4828125 0.3859375000000001 0.4828125 0.3859375000000001 0.4984375 0.428125 0.4984375
0 0.6140625 0.48125 0.4453125 0.48125 0.4453125 0.5078125 0.6140625 0.5078125
0 0.65 0.4796875 0.628125 0.4796875 0.628125 0.4953125 0.65 0.4953125
0 0.7484375 0.4765625000000001 0.6515625 0.4765625 0.6515625 0.4953125000000001 0.7484375 0.49531250000000016
0 0.796875 0.4750000000000002 0.7609375 0.4750000000000002 0.7609375 0.4984375000000002 0.796875 0.4984375000000002
0 0.9390625 0.47656250000000017 0.8078125 0.47656250000000017 0.8078125 0.5015625000000001 0.9390625 0.5015625000000001
0 0.953125 0.4890625000000002 0.9421875 0.4890625000000002 0.9421875 0.5015625000000001 0.953125 0.5015625000000001
0 0.19687500000000005 0.521875 0.13750000000000004 0.521875 0.13750000000000004 0.5390625 0.19687500000000005 0.5390625
0 0.3046875000000001 0.5203125 0.22656250000000008 0.5203125 0.22656250000000008 0.5375 0.3046875000000001 0.5375
0 0.453125 0.51875 0.33281250000000007 0.51875 0.33281250000000007 0.553125 0.453125 0.553125
0 0.5125 0.5296875 0.478125 0.5296875 0.478125 0.540625 0.5125 0.540625
0 0.58125 0.5234375 0.534375 0.5234375 0.534375 0.540625 0.58125 0.540625
0 0.6703125 0.5234375 0.60625 0.5234375 0.60625 0.5484375 0.6703125 0.5484375
0 0.7296875 0.5218750000000001 0.6859375 0.521875 0.6859375 0.5484375000000001 0.7296875 0.5484375000000001
0 0.8328125 0.5265625000000002 0.7484375 0.5265625000000002 0.7484375 0.5406250000000001 0.8328125 0.5406250000000001
0 0.9640625 0.5171875000000001 0.85 0.5171875000000001 0.85 0.5375000000000002 0.9640625 0.5375000000000002
0 0.9734375 0.5343750000000002 0.9625 0.5343750000000002 0.9625 0.5453125000000002 0.9734375 0.5453125000000002
0 0.19687500000000008 0.559375 0.1359375000000001 0.559375 0.1359375000000001 0.578125 0.19687500000000008 0.578125
0 0.2765625000000001 0.5609375 0.22656250000000008 0.5609375 0.22656250000000008 0.578125 0.2765625000000001 0.578125
0 0.3890625000000001 0.5578125 0.2921875000000001 0.5578125 0.2921875000000001 0.578125 0.3890625000000001 0.578125
0 0.5765625 0.5578125 0.4125 0.5578125 0.4125 0.578125 0.5765625 0.578125
0 0.728125 0.5703125000000001 0.596875 0.5703125 0.596875 0.5937500000000001 0.728125 0.5937500000000002
0 0.75 0.5640625000000001 0.734375 0.5640625000000001 0.734375 0.5843750000000002 0.75 0.5843750000000002