0 0.15781250000000005 0.2078125 0.15000000000000005 0.2078125 0.15000000000000005 0.2125 0.15781250000000005 0.2125
0 0.209375 0.2171875 0.16562500000000005 0.2171875 0.16562500000000005 0.2296875 0.209375 0.2296875
0 0.290625 0.2171875 0.2328125 0.2171875 0.2328125 0.2296875 0.290625 0.2296875
0 0.3703125 0.21718750000000003 0.328125 0.2171875 0.328125 0.22812500000000005 0.3703125 0.22812500000000008
0 0.4296875 0.21875000000000008 0.390625 0.21875000000000008 0.390625 0.2296875000000001 0.4296875 0.2296875000000001
0 0.559375 0.2156250000000001 0.4546875 0.2156250000000001 0.4546875 0.22812500000000008 0.559375 0.22812500000000008
0 0.6421875 0.21250000000000008 0.5890625 0.21250000000000008 0.5890625 0.22812500000000008 0.6421875 0.22812500000000008
0 0.7984375 0.2156250000000001 0.66875 0.2156250000000001 0.66875 0.22656250000000008 0.7984375 0.22656250000000008
0 0.8171875 0.22656250000000008 0.8109375 0.22656250000000008 0.8109375 0.2328125000000001 0.8171875 0.2328125000000001
0 0.21875 0.2703125 0.16250000000000003 0.2703125 0.16250000000000003 0.28125 0.21875 0.28125
0 0.3046875 0.271875 0.25 0.271875 0.25 0.2796875 0.3046875 0.2796875
0 0.39375 0.26562500000000006 0.3203125 0.265625 0.3203125 0.27812500000000007 0.39375 0.27812500000000007
0 0.4703125 0.2656250000000001 0.4203125 0.2656250000000001 0.4203125 0.2796875000000001 0.4703125 0.2796875000000001
0 0.5 0.2734375000000001 0.490625 0.2734375000000001 0.490625 0.2750000000000001 0.5 0.2750000000000001
0 0.5859375 0.2671875000000001 0.5296875 0.2671875000000001 0.5296875 0.2765625000000001 0.5859375 0.2765625000000001
0 0.63125 0.2671875000000001 0.6265625 0.2671875000000001 0.6265625 0.2765625000000001 0.63125 0.2765625000000001
0 0.696875 0.2718750000000001 0.6609375 0.2718750000000001 0.6609375 0.27812500000000007 0.696875 0.27812500000000007
0 0.765625 0.2656250000000001 0.7171875 0.2656250000000001 0.7171875 0.2765625000000001 0.765625 0.2765625000000001
0 0.79375 0.2718750000000001 0.784375 0.2718750000000001 0.784375 0.2734375000000001 0.79375 0.2734375000000001
0 0.8671875 0.2656250000000001 0.8296875 0.2656250000000001 0.8296875 0.27812500000000007 0.8671875 0.27812500000000007
0 0.2796875 0.315625 0.16250000000000003 0.315625 0.16250000000000003 0.334375 0.2796875 0.334375
0 0.3390625 0.3140625 0.3125 0.3140625 0.3125 0.3296875 0.3390625 0.3296875
0 0.5421875 0.3140625000000001 0.365625 0.3140625000000001 0.365625 0.3359375000000001 0.5421875 0.3359375000000001
0 0.5484375 0.3281250000000001 0.5453125 0.3281250000000001 0.5453125 0.3296875000000001 0.5484375 0.3296875000000001
0 0.559375 0.30937500000000007 0.5484375 0.30937500000000007 0.5484375 0.3156250000000001 0.559375 0.3156250000000001
0 0.6703125 0.31718750000000007 0.6078125 0.31718750000000007 0.6078125 0.3312500000000001 0.6703125 0.3312500000000001
0 0.8046875 0.3140625000000001 0.7015625 0.3140625000000001 0.7015625 0.3296875000000001 0.8046875 0.3296875000000001
0 0.8296875 0.3265625000000001 0.825 0.3265625000000001 0.825 0.33281250000000007 0.8296875 0.33281250000000007
0 0.2875000000000001 0.3671875 0.15625000000000006 0.3671875 0.15625000000000006 0.38125 0.2875000000000001 0.38125
0 0.3453125000000001 0.365625 0.3187500000000001 0.365625 0.3187500000000001 0.38125 0.3453125000000001 0.38125
0 0.4578125 0.3656250000000001 0.3703125000000001 0.3656250000000001 0.3703125000000001 0.37968750000000007 0.4578125 0.37968750000000007
0 0.46875 0.3781250000000001 0.465625 0.3781250000000001 0.465625 0.3828125000000001 0.46875 0.3828125000000001
0 0.6171875 0.3625000000000001 0.4875 0.3625000000000001 0.4875 0.3812500000000001 0.6171875 0.3812500000000001
0 0.759375 0.36406250000000007 0.65625 0.36406250000000007 0.65625 0.3812500000000001 0.759375 0.3812500000000001
0 0.778125 0.3781250000000001 0.7734375 0.3781250000000001 0.7734375 0.3859375000000001 0.778125 0.3859375000000001
0 0.875 0.3625000000000001 0.8 0.3625000000000001 0.8 0.3765625000000001 0.875 0.3765625000000001
0 0.2750000000000001 0.415625 0.15781250000000005 0.415625 0.15781250000000005 0.43125 0.2750000000000001 0.43125
0 0.3765625000000001 0.41875 0.3062500000000001 0.41875 0.3062500000000001 0.4296875 0.3765625000000001 0.4296875
0 0.4546875 0.4203125 0.4078125 0.4203125 0.4078125 0.4296875 0.4546875 0.4296875
0 0.6890625 0.41875 0.503125 0.41875 0.503125 0.43125 0.6890625 0.43125
0 0.7734375 0.4171875000000001 0.7171875 0.4171875 0.7171875 0.4281250000000001 0.7734375 0.4281250000000002
0 0.9 0.41718750000000016 0.8140625 0.41718750000000016 0.8140625 0.4281250000000002 0.9 0.4281250000000002
0 0.2171875000000001 0.4703125 0.15312500000000004 0.4703125 0.15312500000000004 0.4796875 0.2171875000000001 0.4796875
0 0.3671875000000001 0.46875 0.2500000000000001 0.46875 0.2500000000000001 0.48125 0.3671875000000001 0.48125
0 0.546875 0.4640625 0.4 0.4640625 0.4 0.48125 0.546875 0.48125
0 0.6859375 0.4640625 0.571875 0.4640625 0.571875 0.4796875 0.6859375 0.4796875
0 0.7375 0.4671875000000001 0.7109375 0.4671875 0.7109375 0.4781250000000001 0.7375 0.4781250000000002
0 0.8984375 0.4703125000000002 0.765625 0.4703125000000002 0.765625 0.47968750000000016 0.8984375 0.47968750000000016
0 0.2093750000000001 0.521875 0.15312500000000004 0.521875 0.15312500000000004 0.53125 0.2093750000000001 0.53125
0 0.3625000000000001 0.515625 0.23437500000000008 0.515625 0.23437500000000008 0.5359375 0.3625000000000001 0.5359375
0 0.496875 0.51875 0.3968750000000001 0.51875 0.3968750000000001 0.534375 0.496875 0.534375
0 0.5515625 0.5140625 0.5234375 0.5140625 0.5234375 0.528125 0.5515625 0.528125
0 0.640625 0.515625 0.5765625 0.515625 0.5765625 0.53125 0.640625 0.53125
0 0.6921875 0.5140625 0.6640625 0.5140625 0.6640625 0.5296875 0.6921875 0.5296875
0 0.765625 0.5171875000000001 0.71875 0.5171875 0.71875 0.5312500000000001 0.765625 0.5312500000000002
0 0.903125 0.5109375000000002 0.7796875 0.5109375000000002 0.7796875 0.5281250000000002 0.903125 0.5281250000000002
0 0.2156250000000001 0.5703125 0.15000000000000008 0.5703125 0.15000000000000008 0.5828125 0.2156250000000001 0.5828125
0 0.2234375000000001 0.58125 0.22031250000000008 0.58125 0.22031250000000008 0.584375 0.2234375000000001 0.584375
0 0.3437500000000001 0.565625 0.2734375000000001 0.565625 0.2734375000000001 0.5828125 0.3437500000000001 0.5828125
0 0.515625 0.565625 0.3843750000000001 0.565625 0.3843750000000001 0.58125 0.515625 0.58125
0 0.6859375 0.5640625 0.5609375 0.5640625 0.5609375 0.584375 0.6859375 0.584375
0 0.825 0.5671875000000001 0.7171875 0.5671875 0.7171875 0.58125 0.825 0.5812500000000002
0 0.8859375 0.5640625000000001 0.8453125 0.5640625000000001 0.8453125 0.5812500000000002 0.8859375 0.5812500000000002
0 0.2515625000000001 0.6234375 0.15625000000000008 0.6234375 0.15625000000000008 0.6328125 0.2515625000000001 0.6328125
0 0.3781250000000001 0.6203125 0.2796875000000001 0.6203125 0.2796875000000001 0.6328125 0.3781250000000001 0.6328125
0 0.3906250000000001 0.63125 0.3859375000000001 0.63125 0.3859375000000001 0.6328125 0.3906250000000001 0.6328125