0 0.19531250000000006 0.2171875 0.13750000000000004 0.2171875 0.13750000000000004 0.23125 0.19531250000000006 0.23125
0 0.33125 0.2140625 0.2265625 0.2140625 0.2265625 0.2328125 0.33125 0.2328125
0 0.428125 0.2234375000000001 0.3671875 0.2234375000000001 0.3671875 0.2328125000000001 0.428125 0.2328125000000001
0 0.565625 0.2156250000000001 0.4515625 0.2156250000000001 0.4515625 0.2296875000000001 0.565625 0.2296875000000001
0 0.6328125 0.21250000000000008 0.6046875 0.21250000000000008 0.6046875 0.2296875000000001 0.6328125 0.2296875000000001
0 0.8125 0.2156250000000001 0.65625 0.2156250000000001 0.65625 0.2312500000000001 0.8125 0.2312500000000001
0 0.8265625 0.22656250000000008 0.821875 0.22656250000000008 0.821875 0.22812500000000008 0.8265625 0.22812500000000008
0 0.909375 0.21093750000000008 0.8484375 0.21093750000000008 0.8484375 0.2296875000000001 0.909375 0.2296875000000001
0 0.253125 0.2671875 0.12812500000000004 0.2671875 0.12812500000000004 0.2828125 0.253125 0.2828125
0 0.40625 0.26875000000000004 0.296875 0.26875 0.296875 0.28125000000000006 0.40625 0.2812500000000001
0 0.4953125 0.2718750000000001 0.4296875 0.2718750000000001 0.4296875 0.2828125000000001 0.4953125 0.2828125000000001
0 0.609375 0.2718750000000001 0.5296875 0.2718750000000001 0.5296875 0.2812500000000001 0.609375 0.2812500000000001
0 0.7375 0.2671875000000001 0.646875 0.2671875000000001 0.646875 0.2812500000000001 0.7375 0.2812500000000001
0 0.8953125 0.27031250000000007 0.7609375 0.27031250000000007 0.7609375 0.2843750000000001 0.8953125 0.2843750000000001
0 0.2140625 0.3203125 0.13593750000000004 0.3203125 0.13593750000000004 0.3328125 0.2140625 0.3328125
0 0.34375 0.31875 0.2546875 0.31875 0.2546875 0.3328125 0.34375 0.3328125
0 0.5171875 0.31718750000000007 0.375 0.31718750000000007 0.375 0.33281250000000007 0.5171875 0.33281250000000007
0 0.5296875 0.3312500000000001 0.5265625 0.3312500000000001 0.5265625 0.3343750000000001 0.5296875 0.3343750000000001
0 0.621875 0.3156250000000001 0.5546875 0.3156250000000001 0.5546875 0.33281250000000007 0.621875 0.33281250000000007
0 0.734375 0.3125000000000001 0.6375 0.3125000000000001 0.6375 0.33281250000000007 0.734375 0.33281250000000007
0 0.909375 0.3140625000000001 0.765625 0.3140625000000001 0.765625 0.33281250000000007 0.909375 0.33281250000000007
0 0.27031250000000007 0.36875 0.13593750000000004 0.36875 0.13593750000000004 0.3859375 0.27031250000000007 0.3859375
0 0.3296875000000001 0.3671875 0.30156250000000007 0.3671875 0.30156250000000007 0.3828125 0.3296875000000001 0.3828125
0 0.4625 0.36875 0.3578125000000001 0.36875 0.3578125000000001 0.38281250000000006 0.4625 0.3828125000000001
0 0.5671875 0.3750000000000001 0.49375 0.3750000000000001 0.49375 0.3828125000000001 0.5671875 0.3828125000000001
0 0.71875 0.3687500000000001 0.6015625 0.3687500000000001 0.6015625 0.3859375000000001 0.71875 0.3859375000000001
0 0.8203125 0.3734375000000001 0.746875 0.3734375000000001 0.746875 0.3828125000000001 0.8203125 0.3828125000000001
0 0.9015625 0.3687500000000001 0.853125 0.3687500000000001 0.853125 0.3843750000000001 0.9015625 0.3843750000000001
0 0.3359375000000001 0.421875 0.13906250000000003 0.421875 0.13906250000000003 0.4375 0.3359375000000001 0.4375
0 0.4078125 0.41875 0.37187500000000007 0.41875 0.37187500000000007 0.4359375 0.4078125 0.4359375
0 0.4859375 0.421875 0.4328125 0.421875 0.4328125 0.4328125 0.4859375 0.4328125
0 0.625 0.4203125 0.5046875 0.4203125 0.5046875 0.4359375 0.625 0.4359375
0 0.64375 0.43125 0.6390625 0.43125 0.6390625 0.4390625 0.64375 0.4390625
0 0.7671875 0.41875000000000007 0.6671875 0.41875 0.6671875 0.43437500000000007 0.7671875 0.4343750000000002
0 0.8734375 0.4234375000000002 0.7953125 0.4234375000000002 0.7953125 0.4359375000000002 0.8734375 0.4359375000000002
0 0.17500000000000004 0.471875 0.14062500000000006 0.471875 0.14062500000000006 0.484375 0.17500000000000004 0.484375
0 0.2578125000000001 0.4765625 0.20468750000000008 0.4765625 0.20468750000000008 0.490625 0.2578125000000001 0.490625
0 0.3515625000000001 0.4734375 0.27812500000000007 0.4734375 0.27812500000000007 0.4875 0.3515625000000001 0.4875
0 0.4421875 0.4765625 0.37968750000000007 0.4765625 0.37968750000000007 0.4859375 0.4421875 0.4859375
0 0.49375 0.471875 0.4640625 0.471875 0.4640625 0.484375 0.49375 0.484375
0 0.6078125 0.4703125 0.53125 0.4703125 0.53125 0.4859375 0.6078125 0.4859375
0 0.715625 0.4703125 0.64375 0.4703125 0.64375 0.4875 0.715625 0.4875
0 0.7390625 0.4859375000000002 0.734375 0.4859375000000002 0.734375 0.49218750000000017 0.7390625 0.49218750000000017
0 0.7875 0.4734375000000002 0.759375 0.4734375000000002 0.759375 0.4859375000000002 0.7875 0.4859375000000002
0 0.8375 0.4750000000000002 0.8171875 0.4750000000000002 0.8171875 0.4828125000000002 0.8375 0.4828125000000002
0 0.3390625000000001 0.5234375 0.14062500000000006 0.5234375 0.14062500000000006 0.5359375 0.3390625000000001 0.5359375
0 0.4765625 0.525 0.3765625000000001 0.525 0.3765625000000001 0.5390625 0.4765625 0.5390625
0 0.5328125 0.5171875 0.50625 0.5171875 0.50625 0.534375 0.5328125 0.534375
0 0.7921875 0.51875 0.5671875 0.51875 0.5671875 0.5375000000000001 0.7921875 0.5375000000000002
0 0.803125 0.5328125000000001 0.8 0.5328125000000001 0.8 0.5343750000000002 0.803125 0.5343750000000002
0 0.3031250000000001 0.571875 0.11875000000000009 0.571875 0.11875000000000009 0.590625 0.3031250000000001 0.590625
0 0.3968750000000001 0.575 0.3375000000000001 0.575 0.3375000000000001 0.5859375 0.3968750000000001 0.5859375
0 0.609375 0.5671875 0.43125 0.5671875 0.43125 0.584375 0.609375 0.584375
0 0.740625 0.5765625000000001 0.6390625 0.5765625 0.6390625 0.5859375000000001 0.740625 0.5859375000000002
0 0.8234375 0.5750000000000002 0.7671875 0.5750000000000002 0.7671875 0.5859375000000002 0.8234375 0.5859375000000002
0 0.8921875 0.5703125000000002 0.8421875 0.5703125000000002 0.8421875 0.5843750000000002 0.8921875 0.5843750000000002
0 0.16562500000000008 0.6203125 0.13437500000000008 0.6203125 0.13437500000000008 0.6375 0.16562500000000008 0.6375
0 0.2828125000000001 0.6234375 0.18906250000000008 0.6234375 0.18906250000000008 0.6359375 0.2828125000000001 0.6359375
0 0.2953125000000001 0.6359375 0.2921875000000001 0.6359375 0.2921875000000001 0.6421875 0.2953125000000001 0.6421875
0 0.471875 0.6203125 0.3453125000000001 0.6203125 0.3453125000000001 0.6375 0.471875 0.6375
0 0.6625 0.6203125 0.5125 0.6203125 0.5125 0.640625 0.6625 0.640625
0 0.675 0.634375 0.66875 0.634375 0.66875 0.640625 0.675 0.640625
0 0.753125 0.628125 0.69375 0.628125 0.69375 0.6359375 0.753125 0.6359375000000002
0 0.8875 0.6203125000000002 0.7828125 0.6203125000000002 0.7828125 0.6421875000000001 0.8875 0.6421875000000001
0 0.17343750000000008 0.675 0.14062500000000008 0.675 0.14062500000000008 0.6875 0.17343750000000008 0.6875
0 0.2843750000000001 0.6765625 0.22656250000000008 0.6765625 0.22656250000000008 0.6859375 0.2843750000000001 0.6859375
0 0.425 0.6703125 0.3109375000000001 0.6703125 0.3109375000000001 0.6875 0.425 0.6875
0 0.5734375 0.6734375 0.465625 0.6734375 0.465625 0.690625 0.5734375 0.690625
0 0.5828125 0.6859375 0.5796875 0.6859375 0.5796875 0.6890625 0.5828125 0.6890625