0 0.203125 0.215625 0.14062500000000006 0.215625 0.14062500000000006 0.2328125 0.203125 0.2328125
0 0.3578125 0.221875 0.240625 0.221875 0.240625 0.234375 0.3578125 0.234375
0 0.45625 0.2218750000000001 0.390625 0.2218750000000001 0.390625 0.22812500000000008 0.45625 0.22812500000000008
0 0.5953125 0.21875000000000008 0.4875 0.21875000000000008 0.4875 0.2296875000000001 0.5953125 0.2296875000000001
0 0.6515625 0.21250000000000008 0.6203125 0.21250000000000008 0.6203125 0.2296875000000001 0.6515625 0.2296875000000001
0 0.86875 0.21250000000000008 0.684375 0.21250000000000008 0.684375 0.23437500000000008 0.86875 0.23437500000000008
0 0.2515625 0.2703125 0.14062500000000006 0.2703125 0.14062500000000006 0.2890625 0.2515625 0.2890625
0 0.325 0.2765625 0.2953125 0.2765625 0.2953125 0.2828125 0.325 0.2828125
0 0.4140625 0.27031250000000007 0.3578125 0.2703125 0.3578125 0.27968750000000003 0.4140625 0.2796875000000001
0 0.5234375 0.2671875000000001 0.4375 0.2671875000000001 0.4375 0.2812500000000001 0.5234375 0.2812500000000001
0 0.578125 0.2671875000000001 0.553125 0.2671875000000001 0.553125 0.2765625000000001 0.578125 0.2765625000000001
0 0.6859375 0.2656250000000001 0.60625 0.2656250000000001 0.60625 0.27812500000000007 0.6859375 0.27812500000000007
0 0.771875 0.26250000000000007 0.715625 0.26250000000000007 0.715625 0.27812500000000007 0.771875 0.27812500000000007
0 0.8609375 0.26250000000000007 0.8 0.26250000000000007 0.8 0.2750000000000001 0.8609375 0.2750000000000001
0 0.8734375 0.27812500000000007 0.8703125 0.27812500000000007 0.8703125 0.2796875000000001 0.8734375 0.2796875000000001
0 0.19843750000000004 0.3203125 0.12968750000000004 0.3203125 0.12968750000000004 0.334375 0.19843750000000004 0.334375
0 0.309375 0.3203125 0.2484375 0.3203125 0.2484375 0.334375 0.309375 0.334375
0 0.4421875 0.321875 0.340625 0.321875 0.340625 0.33906250000000004 0.4421875 0.3390625000000001
0 0.528125 0.3203125000000001 0.465625 0.3203125000000001 0.465625 0.3312500000000001 0.528125 0.3312500000000001
0 0.575 0.3218750000000001 0.553125 0.3218750000000001 0.553125 0.3296875000000001 0.575 0.3296875000000001
0 0.7078125 0.3156250000000001 0.60625 0.3156250000000001 0.60625 0.33281250000000007 0.7078125 0.33281250000000007
0 0.8046875 0.3187500000000001 0.7390625 0.3187500000000001 0.7390625 0.3281250000000001 0.8046875 0.3281250000000001
0 0.2453125000000001 0.3703125 0.13906250000000003 0.3703125 0.13906250000000003 0.384375 0.2453125000000001 0.384375
0 0.3906250000000001 0.37343750000000003 0.2812500000000001 0.3734375 0.2812500000000001 0.38281250000000006 0.3906250000000001 0.3828125000000001
0 0.421875 0.37968750000000007 0.41875 0.37968750000000007 0.41875 0.3812500000000001 0.421875 0.3812500000000001
0 0.5 0.3703125000000001 0.4484375 0.3703125000000001 0.4484375 0.37968750000000007 0.5 0.37968750000000007
0 0.6328125 0.3656250000000001 0.53125 0.3656250000000001 0.53125 0.3781250000000001 0.6328125 0.3781250000000001
0 0.7609375 0.36406250000000007 0.6546875 0.36406250000000007 0.6546875 0.3781250000000001 0.7609375 0.3781250000000001
0 0.84375 0.36406250000000007 0.7875 0.36406250000000007 0.7875 0.3750000000000001 0.84375 0.3750000000000001
0 0.19843750000000004 0.4234375 0.13750000000000004 0.4234375 0.13750000000000004 0.434375 0.19843750000000004 0.434375
0 0.3734375000000001 0.41875 0.2406250000000001 0.41875 0.2406250000000001 0.4375 0.3734375000000001 0.4375
0 0.509375 0.4171875 0.4015625 0.4171875 0.4015625 0.4375 0.509375 0.4375
0 0.5625 0.4234375 0.5375 0.4234375 0.5375 0.4296875 0.5625 0.4296875
0 0.684375 0.4171875 0.596875 0.4171875 0.596875 0.4375 0.684375 0.4375
0 0.828125 0.4171875000000001 0.7015625 0.4171875 0.7015625 0.4296875000000001 0.828125 0.42968750000000017
0 0.90625 0.4156250000000002 0.8453125 0.4156250000000002 0.8453125 0.4281250000000002 0.90625 0.4281250000000002
0 0.2171875000000001 0.471875 0.13750000000000004 0.471875 0.13750000000000004 0.4890625 0.2171875000000001 0.4890625
0 0.2953125000000001 0.475 0.2562500000000001 0.475 0.2562500000000001 0.4875 0.2953125000000001 0.4875
0 0.3625000000000001 0.4671875 0.3203125000000001 0.4671875 0.3203125000000001 0.48125 0.3625000000000001 0.48125
0 0.5 0.471875 0.403125 0.471875 0.403125 0.4828125 0.5 0.4828125
0 0.515625 0.48125 0.5078125 0.48125 0.5078125 0.4890625 0.515625 0.4890625
0 0.6234375 0.46875 0.559375 0.46875 0.559375 0.4828125 0.6234375 0.4828125
0 0.7875 0.46562500000000007 0.6578125 0.465625 0.6578125 0.4796875000000001 0.7875 0.47968750000000016
0 0.8015625 0.4750000000000002 0.7984375 0.4750000000000002 0.7984375 0.47656250000000017 0.8015625 0.47656250000000017
0 0.884375 0.4656250000000002 0.828125 0.4656250000000002 0.828125 0.4812500000000002 0.884375 0.4812500000000002
0 0.2734375000000001 0.51875 0.14218750000000005 0.51875 0.14218750000000005 0.5375 0.2734375000000001 0.5375
0 0.509375 0.51875 0.31718750000000007 0.51875 0.31718750000000007 0.5375 0.509375 0.5375
0 0.6625 0.5171875 0.5453125 0.5171875 0.5453125 0.5328125 0.6625 0.5328125
0 0.728125 0.51875 0.6859375 0.51875 0.6859375 0.5296875000000001 0.728125 0.5296875000000002
0 0.80625 0.5187500000000002 0.7515625 0.5187500000000002 0.7515625 0.5296875000000002 0.80625 0.5296875000000002
0 0.896875 0.5156250000000002 0.828125 0.5156250000000002 0.828125 0.5281250000000002 0.896875 0.5281250000000002
0 0.2234375000000001 0.578125 0.15000000000000008 0.578125 0.15000000000000008 0.5859375 0.2234375000000001 0.5859375
0 0.39531250000000007 0.5734375 0.2765625000000001 0.5734375 0.2765625000000001 0.5875 0.39531250000000007 0.5875
0 0.4671875 0.5765625 0.434375 0.5765625 0.434375 0.58125 0.4671875 0.58125
0 0.5171875 0.56875 0.4890625 0.56875 0.4890625 0.5828125 0.5171875 0.5828125
0 0.5921875 0.5703125 0.55 0.5703125 0.55 0.5859375 0.5921875 0.5859375
0 0.6875 0.5671875 0.621875 0.5671875 0.621875 0.5828125 0.6875 0.5828125
0 0.8421875 0.5671875000000001 0.7171875 0.5671875 0.7171875 0.58125 0.8421875 0.5812500000000002
0 0.8609375 0.5781250000000002 0.85625 0.5781250000000002 0.85625 0.5796875000000001 0.8609375 0.5796875000000001