0 0.2078125 0.215625 0.14531250000000004 0.215625 0.14531250000000004 0.23125 0.2078125 0.23125
0 0.3796875 0.21406250000000004 0.234375 0.2140625 0.234375 0.22968750000000004 0.3796875 0.2296875000000001
0 0.54375 0.21093750000000008 0.4078125 0.21093750000000008 0.4078125 0.2312500000000001 0.54375 0.2312500000000001
0 0.6375 0.2140625000000001 0.5734375 0.2140625000000001 0.5734375 0.22656250000000008 0.6375 0.22656250000000008
0 0.69375 0.2171875000000001 0.665625 0.2171875000000001 0.665625 0.22812500000000008 0.69375 0.22812500000000008
0 0.775 0.2156250000000001 0.7125 0.2156250000000001 0.7125 0.22812500000000008 0.775 0.22812500000000008
0 0.9125 0.21250000000000008 0.80625 0.21250000000000008 0.80625 0.2296875000000001 0.9125 0.2296875000000001
0 0.2265625 0.2671875 0.14843750000000006 0.2671875 0.14843750000000006 0.2859375 0.2265625 0.2859375
0 0.4 0.26406250000000003 0.253125 0.2640625 0.253125 0.28125000000000006 0.4 0.2812500000000001
0 0.559375 0.2656250000000001 0.446875 0.2656250000000001 0.446875 0.2828125000000001 0.559375 0.2828125000000001
0 0.640625 0.2671875000000001 0.590625 0.2671875000000001 0.590625 0.2812500000000001 0.640625 0.2812500000000001
0 0.75625 0.2718750000000001 0.6640625 0.2718750000000001 0.6640625 0.2812500000000001 0.75625 0.2812500000000001
0 0.859375 0.2671875000000001 0.796875 0.2671875000000001 0.796875 0.2828125000000001 0.859375 0.2828125000000001
0 0.2703125 0.3171875 0.13906250000000003 0.3171875 0.13906250000000003 0.334375 0.2703125 0.334375
0 0.471875 0.3140625 0.290625 0.3140625 0.290625 0.33125000000000004 0.471875 0.3312500000000001
0 0.5421875 0.3203125000000001 0.5140625 0.3203125000000001 0.5140625 0.3281250000000001 0.5421875 0.3281250000000001
0 0.6875 0.31718750000000007 0.571875 0.31718750000000007 0.571875 0.3375000000000001 0.6875 0.3375000000000001
0 0.8859375 0.3140625000000001 0.715625 0.3140625000000001 0.715625 0.3312500000000001 0.8859375 0.3312500000000001
0 0.17968750000000006 0.3703125 0.14218750000000005 0.3703125 0.14218750000000005 0.3875 0.17968750000000006 0.3875
0 0.4 0.36875 0.2015625000000001 0.36875 0.2015625000000001 0.38281250000000006 0.4 0.3828125000000001
0 0.4296875 0.37968750000000007 0.4234375 0.37968750000000007 0.4234375 0.3890625000000001 0.4296875 0.3890625000000001
0 0.5203125 0.37187500000000007 0.45625 0.37187500000000007 0.45625 0.3812500000000001 0.5203125 0.3812500000000001
0 0.5859375 0.3734375000000001 0.5546875 0.3734375000000001 0.5546875 0.37968750000000007 0.5859375 0.37968750000000007
0 0.7109375 0.3703125000000001 0.61875 0.3703125000000001 0.61875 0.3828125000000001 0.7109375 0.3828125000000001
0 0.775 0.3687500000000001 0.740625 0.3687500000000001 0.740625 0.3812500000000001 0.775 0.3812500000000001
0 0.2875000000000001 0.4234375 0.14062500000000006 0.4234375 0.14062500000000006 0.4375 0.2875000000000001 0.4375
0 0.3437500000000001 0.421875 0.31718750000000007 0.421875 0.31718750000000007 0.43125 0.3437500000000001 0.43125
0 0.4359375 0.4171875 0.3625000000000001 0.4171875 0.3625000000000001 0.4359375 0.4359375 0.4359375
0 0.5 0.4171875 0.45625 0.4171875 0.45625 0.43125 0.5 0.43125
0 0.5546875 0.415625 0.4953125 0.415625 0.4953125 0.43125 0.5546875 0.43125
0 0.6515625 0.41875 0.584375 0.41875 0.584375 0.4375 0.6515625 0.4375
0 0.7 0.4140625 0.671875 0.4140625 0.671875 0.434375 0.7 0.434375
0 0.778125 0.4187500000000002 0.73125 0.4187500000000002 0.73125 0.4312500000000002 0.778125 0.4312500000000002
0 0.8796875 0.4125000000000002 0.7875 0.4125000000000002 0.7875 0.4312500000000002 0.8796875 0.4312500000000002
0 0.18437500000000004 0.475 0.14218750000000005 0.475 0.14218750000000005 0.4828125 0.18437500000000004 0.4828125
0 0.2406250000000001 0.471875 0.21250000000000008 0.471875 0.21250000000000008 0.4828125 0.2406250000000001 0.4828125
0 0.2921875000000001 0.4765625 0.27031250000000007 0.4765625 0.27031250000000007 0.4828125 0.2921875000000001 0.4828125
0 0.4 0.46875 0.3296875000000001 0.46875 0.3296875000000001 0.4859375 0.4 0.4859375
0 0.51875 0.46875 0.4265625 0.46875 0.4265625 0.4828125 0.51875 0.4828125
0 0.653125 0.465625 0.546875 0.465625 0.546875 0.4859375 0.653125 0.4859375
0 0.6703125 0.4796875 0.665625 0.4796875 0.665625 0.4828125 0.6703125 0.4828125
0 0.775 0.4671875000000001 0.7015625 0.4671875 0.7015625 0.4828125000000001 0.775 0.4828125000000002
0 0.2515625000000001 0.5203125 0.14375000000000004 0.5203125 0.14375000000000004 0.5328125 0.2515625000000001 0.5328125
0 0.3609375000000001 0.521875 0.2765625000000001 0.521875 0.2765625000000001 0.5328125 0.3609375000000001 0.5328125
0 0.503125 0.5203125 0.3890625000000001 0.5203125 0.3890625000000001 0.53125 0.503125 0.53125
0 0.55625 0.525 0.5390625 0.525 0.5390625 0.5328125 0.55625 0.5328125
0 0.7796875 0.5203125000000001 0.6046875 0.5203125 0.6046875 0.5390625000000001 0.7796875 0.5390625000000002
0 0.88125 0.5218750000000002 0.8046875 0.5218750000000002 0.8046875 0.5328125000000001 0.88125 0.5328125000000001
0 0.2453125000000001 0.5703125 0.14218750000000008 0.5703125 0.14218750000000008 0.584375 0.2453125000000001 0.584375
0 0.4625 0.5703125 0.2890625000000001 0.5703125 0.2890625000000001 0.5859375 0.4625 0.5859375
0 0.5375 0.565625 0.5078125 0.565625 0.5078125 0.584375 0.5375 0.584375
0 0.6703125 0.5671875 0.5734375 0.5671875 0.5734375 0.584375 0.6703125 0.584375
0 0.6859375 0.58125 0.68125 0.58125 0.68125 0.584375 0.6859375 0.584375
0 0.7578125 0.5703125000000001 0.7140625 0.5703125 0.7140625 0.5843750000000001 0.7578125 0.5843750000000002
0 0.90625 0.5718750000000001 0.8 0.5718750000000001 0.8 0.5875000000000001 0.90625 0.5875000000000001
0 0.2156250000000001 0.6203125 0.15000000000000008 0.6203125 0.15000000000000008 0.634375 0.2156250000000001 0.634375
0 0.30937500000000007 0.621875 0.2515625000000001 0.621875 0.2515625000000001 0.634375 0.30937500000000007 0.634375
0 0.475 0.61875 0.3375000000000001 0.61875 0.3375000000000001 0.634375 0.475 0.634375
0 0.5734375 0.625 0.509375 0.625 0.509375 0.6328125 0.5734375 0.6328125
0 0.696875 0.6234375 0.6109375 0.6234375 0.6109375 0.634375 0.696875 0.634375
0 0.8046875 0.6250000000000002 0.734375 0.6250000000000002 0.734375 0.6343750000000001 0.8046875 0.6343750000000001
0 0.2671875000000001 0.6703125 0.15625000000000008 0.6703125 0.15625000000000008 0.6875 0.2671875000000001 0.6875
0 0.2828125000000001 0.6828125 0.27812500000000007 0.6828125 0.27812500000000007 0.6859375 0.2828125000000001 0.6859375