0 0.30625 0.221875 0.15000000000000005 0.221875 0.15000000000000005 0.2375 0.30625 0.2375
0 0.4328125 0.22031250000000005 0.3421875 0.2203125 0.3421875 0.23437500000000006 0.4328125 0.23437500000000008
0 0.5234375 0.22031250000000008 0.465625 0.22031250000000008 0.465625 0.23593750000000008 0.5234375 0.23593750000000008
0 0.71875 0.2234375000000001 0.55625 0.2234375000000001 0.55625 0.2375000000000001 0.71875 0.2375000000000001
0 0.85 0.2234375000000001 0.7484375 0.2234375000000001 0.7484375 0.23593750000000008 0.85 0.23593750000000008
0 0.18281250000000004 0.2796875 0.15625000000000006 0.2796875 0.15625000000000006 0.2890625 0.18281250000000004 0.2890625
0 0.2828125 0.278125 0.2046875 0.278125 0.2046875 0.2875 0.2828125 0.2875
0 0.4 0.27812500000000007 0.321875 0.278125 0.321875 0.28750000000000003 0.4 0.2875000000000001
0 0.559375 0.2718750000000001 0.440625 0.2718750000000001 0.440625 0.2906250000000001 0.559375 0.2906250000000001
0 0.6640625 0.2718750000000001 0.6 0.2718750000000001 0.6 0.28593750000000007 0.6640625 0.28593750000000007
0 0.78125 0.2671875000000001 0.69375 0.2671875000000001 0.69375 0.2843750000000001 0.78125 0.2843750000000001
0 0.9125 0.2671875000000001 0.81875 0.2671875000000001 0.81875 0.2828125000000001 0.9125 0.2828125000000001
0 0.2140625 0.3265625 0.15156250000000004 0.3265625 0.15156250000000004 0.3375 0.2140625 0.3375
0 0.325 0.328125 0.2515625 0.328125 0.2515625 0.3390625 0.325 0.3390625
0 0.43125 0.32500000000000007 0.3640625 0.32500000000000007 0.3640625 0.3343750000000001 0.43125 0.3343750000000001
0 0.53125 0.3203125000000001 0.4640625 0.3203125000000001 0.4640625 0.3375000000000001 0.53125 0.3375000000000001
0 0.821875 0.3203125000000001 0.5640625 0.3203125000000001 0.5640625 0.3375000000000001 0.821875 0.3375000000000001
0 0.8890625 0.3218750000000001 0.8390625 0.3218750000000001 0.8390625 0.3343750000000001 0.8890625 0.3343750000000001
0 0.19687500000000005 0.38125 0.15625000000000006 0.38125 0.15625000000000006 0.3890625 0.19687500000000005 0.3890625
0 0.2765625000000001 0.3765625 0.2250000000000001 0.3765625 0.2250000000000001 0.3859375 0.2765625000000001 0.3859375
0 0.3375000000000001 0.3734375 0.3125000000000001 0.3734375 0.3125000000000001 0.3875 0.3375000000000001 0.3875
0 0.446875 0.3734375000000001 0.3656250000000001 0.3734375000000001 0.3656250000000001 0.3859375000000001 0.446875 0.3859375000000001
0 0.5453125 0.3734375000000001 0.48125 0.3734375000000001 0.48125 0.3859375000000001 0.5453125 0.3859375000000001
0 0.6265625 0.37187500000000007 0.5765625 0.37187500000000007 0.5765625 0.38750000000000007 0.6265625 0.38750000000000007
0 0.778125 0.37187500000000007 0.6578125 0.37187500000000007 0.6578125 0.3890625000000001 0.778125 0.3890625000000001
0 0.9109375 0.3687500000000001 0.8 0.3687500000000001 0.8 0.3843750000000001 0.9109375 0.3843750000000001
0 0.9234375 0.3843750000000001 0.9203125 0.3843750000000001 0.9203125 0.3859375000000001 0.9234375 0.3859375000000001
0 0.21093750000000008 0.4265625 0.15156250000000004 0.4265625 0.15156250000000004 0.440625 0.21093750000000008 0.440625
0 0.4 0.4234375 0.2375000000000001 0.4234375 0.2375000000000001 0.4375 0.4 0.4375
0 0.4765625 0.4265625 0.4328125 0.4265625 0.4328125 0.4359375 0.4765625 0.4359375
0 0.56875 0.4265625 0.5125 0.4265625 0.5125 0.4359375 0.56875 0.4359375
0 0.653125 0.425 0.5921875 0.425 0.5921875 0.434375 0.653125 0.434375
0 0.7796875 0.4218750000000001 0.6796875 0.421875 0.6796875 0.43437500000000007 0.7796875 0.4343750000000002
0 0.9109375 0.42187500000000017 0.803125 0.42187500000000017 0.803125 0.43750000000000017 0.9109375 0.43750000000000017
0 0.2218750000000001 0.4765625 0.15312500000000004 0.4765625 0.15312500000000004 0.49375 0.2218750000000001 0.49375
0 0.3156250000000001 0.4765625 0.2562500000000001 0.4765625 0.2562500000000001 0.4875 0.3156250000000001 0.4875
0 0.5 0.475 0.3578125000000001 0.475 0.3578125000000001 0.4875 0.5 0.4875
0 0.5265625 0.4859375 0.51875 0.4859375 0.51875 0.4953125 0.5265625 0.4953125
0 0.828125 0.4703125000000001 0.5703125 0.4703125 0.5703125 0.4859375000000001 0.828125 0.4859375000000002
0 0.9078125 0.46875000000000017 0.8578125 0.46875000000000017 0.8578125 0.4828125000000002 0.9078125 0.4828125000000002
0 0.26250000000000007 0.5265625 0.13281250000000006 0.5265625 0.13281250000000006 0.540625 0.26250000000000007 0.540625
0 0.403125 0.5234375 0.28593750000000007 0.5234375 0.28593750000000007 0.54375 0.403125 0.54375
0 0.4171875 0.5375 0.4109375 0.5375 0.4109375 0.54375 0.4171875 0.54375
0 0.5265625 0.525 0.4640625 0.525 0.4640625 0.5375 0.5265625 0.5375
0 0.6921875 0.5234375 0.5671875 0.5234375 0.5671875 0.5375 0.6921875 0.5375
0 0.884375 0.5234375000000002 0.73125 0.5234375000000002 0.73125 0.5390625000000002 0.884375 0.5390625000000002
0 0.1781250000000001 0.578125 0.1468750000000001 0.578125 0.1468750000000001 0.5921875 0.1781250000000001 0.5921875
0 0.2687500000000001 0.5796875 0.20468750000000008 0.5796875 0.20468750000000008 0.5890625 0.2687500000000001 0.5890625
0 0.4640625 0.575 0.30156250000000007 0.575 0.30156250000000007 0.5921875 0.4640625 0.5921875
0 0.5203125 0.575 0.49375 0.575 0.49375 0.5875 0.5203125 0.5875
0 0.5828125 0.58125 0.546875 0.58125 0.546875 0.5875 0.5828125 0.5875
0 0.803125 0.5687500000000001 0.6265625 0.56875 0.6265625 0.5906250000000001 0.803125 0.5906250000000002
0 0.915625 0.5765625000000002 0.8421875 0.5765625000000002 0.8421875 0.5906250000000002 0.915625 0.5906250000000002
0 0.9265625 0.5843750000000002 0.9234375 0.5843750000000002 0.9234375 0.5875000000000001 0.9265625 0.5875000000000001
0 0.2218750000000001 0.63125 0.15000000000000008 0.63125 0.15000000000000008 0.6453125 0.2218750000000001 0.6453125
0 0.3125000000000001 0.628125 0.2609375000000001 0.628125 0.2609375000000001 0.640625 0.3125000000000001 0.640625
0 0.471875 0.6234375 0.3359375000000001 0.6234375 0.3359375000000001 0.6390625 0.471875 0.6390625
0 0.5703125 0.6265625 0.5109375 0.6265625 0.5109375 0.6390625 0.5703125 0.6390625
0 0.590625 0.6359375 0.5859375 0.6359375 0.5859375 0.64375 0.590625 0.64375
0 0.678125 0.628125 0.615625 0.628125 0.615625 0.6390625 0.678125 0.6390625
0 0.7265625 0.6218750000000001 0.70625 0.621875 0.70625 0.6375000000000001 0.7265625 0.6375000000000002
0 0.775 0.6250000000000002 0.746875 0.6250000000000002 0.746875 0.6375000000000002 0.775 0.6375000000000002
0 0.921875 0.6265625000000001 0.8 0.6265625000000001 0.8 0.6375000000000002 0.921875 0.6375000000000002
0 0.2078125000000001 0.6734375 0.15000000000000008 0.6734375 0.15000000000000008 0.690625 0.2078125000000001 0.690625
0 0.34062500000000007 0.675 0.2250000000000001 0.675 0.2250000000000001 0.690625 0.34062500000000007 0.690625
0 0.36406250000000007 0.6890625 0.3593750000000001 0.6890625 0.3593750000000001 0.6984375 0.36406250000000007 0.6984375
0 0.41875 0.6765625 0.4 0.6765625 0.4 0.6890625 0.41875 0.6890625
0 0.5640625 0.678125 0.4625 0.678125 0.4625 0.69375 0.5640625 0.69375
0 0.75625 0.6734375000000001 0.596875 0.6734375 0.596875 0.6890625000000001 0.75625 0.6890625000000001
0 0.85 0.6765625000000002 0.7921875 0.6765625000000002 0.7921875 0.6890625000000001 0.85 0.6890625000000001
0 0.3078125000000001 0.7265625 0.1546875000000001 0.7265625 0.1546875000000001 0.740625 0.3078125000000001 0.740625
0 0.3500000000000001 0.7265625 0.33281250000000007 0.7265625 0.33281250000000007 0.7390625 0.3500000000000001 0.7390625
0 0.4593750000000002 0.7265625 0.3921875000000001 0.7265625 0.3921875000000001 0.7421875 0.4593750000000002 0.7421875
0 0.47656250000000017 0.7375 0.4734375000000002 0.7375 0.4734375000000002 0.740625 0.47656250000000017 0.740625