0 0.2171875 0.2125 0.15312500000000004 0.2125 0.15312500000000004 0.228125 0.2171875 0.228125
0 0.35 0.2125 0.2375 0.2125 0.2375 0.228125 0.35 0.228125
0 0.415625 0.2140625000000001 0.3890625 0.2140625000000001 0.3890625 0.22812500000000008 0.415625 0.22812500000000008
0 0.4875 0.2140625000000001 0.43125 0.2140625000000001 0.43125 0.22656250000000008 0.4875 0.22656250000000008
0 0.6171875 0.2171875000000001 0.5171875 0.2171875000000001 0.5171875 0.22812500000000008 0.6171875 0.22812500000000008
0 0.6765625 0.2140625000000001 0.65 0.2140625000000001 0.65 0.22656250000000008 0.6765625 0.22656250000000008
0 0.75625 0.2140625000000001 0.6921875 0.2140625000000001 0.6921875 0.2296875000000001 0.75625 0.2296875000000001
0 0.2984375 0.2609375 0.12812500000000004 0.2609375 0.12812500000000004 0.2828125 0.2984375 0.2828125
0 0.4234375 0.26562500000000006 0.3375 0.265625 0.3375 0.2828125 0.4234375 0.2828125000000001
0 0.440625 0.2765625000000001 0.4375 0.2765625000000001 0.4375 0.2843750000000001 0.440625 0.2843750000000001
0 0.5125 0.2609375000000001 0.4484375 0.2609375000000001 0.4484375 0.2796875000000001 0.5125 0.2796875000000001
0 0.6609375 0.2593750000000001 0.54375 0.2593750000000001 0.54375 0.2828125000000001 0.6609375 0.2828125000000001
0 0.675 0.27812500000000007 0.6703125 0.27812500000000007 0.6703125 0.2843750000000001 0.675 0.2843750000000001
0 0.7453125 0.2640625000000001 0.7171875 0.2640625000000001 0.7171875 0.2765625000000001 0.7453125 0.2765625000000001
0 0.8328125 0.2593750000000001 0.7546875 0.2593750000000001 0.7546875 0.2750000000000001 0.8328125 0.2750000000000001
0 0.284375 0.315625 0.14375000000000004 0.315625 0.14375000000000004 0.3296875 0.284375 0.3296875
0 0.4078125 0.3140625 0.3140625 0.3140625 0.3140625 0.32812500000000006 0.4078125 0.3281250000000001
0 0.4203125 0.32500000000000007 0.415625 0.32500000000000007 0.415625 0.3312500000000001 0.4203125 0.3312500000000001
0 0.6234375 0.3187500000000001 0.4578125 0.3187500000000001 0.4578125 0.3281250000000001 0.6234375 0.3281250000000001
0 0.853125 0.3140625000000001 0.65625 0.3140625000000001 0.65625 0.3343750000000001 0.853125 0.3343750000000001
0 0.3000000000000001 0.3640625 0.13906250000000003 0.3640625 0.13906250000000003 0.3796875 0.3000000000000001 0.3796875
0 0.3625000000000001 0.3703125 0.32500000000000007 0.3703125 0.32500000000000007 0.384375 0.3625000000000001 0.384375
0 0.440625 0.3671875000000001 0.3781250000000001 0.3671875000000001 0.3781250000000001 0.3781250000000001 0.440625 0.3781250000000001
0 0.5796875 0.36406250000000007 0.4640625 0.36406250000000007 0.4640625 0.37968750000000007 0.5796875 0.37968750000000007
0 0.6671875 0.3656250000000001 0.5984375 0.3656250000000001 0.5984375 0.3828125000000001 0.6671875 0.3828125000000001
0 0.853125 0.3656250000000001 0.703125 0.3656250000000001 0.703125 0.37968750000000007 0.853125 0.37968750000000007
0 0.865625 0.37968750000000007 0.85625 0.37968750000000007 0.85625 0.38750000000000007 0.865625 0.38750000000000007
0 0.19531250000000006 0.4171875 0.13906250000000003 0.4171875 0.13906250000000003 0.4328125 0.19531250000000006 0.4328125
0 0.3593750000000001 0.4125 0.19687500000000005 0.4125 0.19687500000000005 0.4296875 0.3593750000000001 0.4296875
0 0.3765625000000001 0.4265625 0.3703125000000001 0.4265625 0.3703125000000001 0.434375 0.3765625000000001 0.434375
0 0.4625 0.415625 0.40625 0.415625 0.40625 0.43125 0.4625 0.43125
0 0.5578125 0.415625 0.496875 0.415625 0.496875 0.428125 0.5578125 0.428125
0 0.74375 0.4125000000000001 0.5671875 0.4125 0.5671875 0.43437500000000007 0.74375 0.4343750000000002
0 0.9015625 0.4156250000000002 0.775 0.4156250000000002 0.775 0.4312500000000002 0.9015625 0.4312500000000002
0 0.16093750000000004 0.4625 0.13437500000000005 0.4625 0.13437500000000005 0.48125 0.16093750000000004 0.48125
0 0.2468750000000001 0.465625 0.17343750000000005 0.465625 0.17343750000000005 0.4796875 0.2468750000000001 0.4796875
0 0.3609375000000001 0.4640625 0.2750000000000001 0.4640625 0.2750000000000001 0.478125 0.3609375000000001 0.478125
0 0.4734375 0.4625 0.3906250000000001 0.4625 0.3906250000000001 0.4796875 0.4734375 0.4796875
0 0.590625 0.4625 0.5109375 0.4625 0.5109375 0.48125 0.590625 0.48125
0 0.6 0.478125 0.596875 0.478125 0.596875 0.4796875 0.6 0.4796875
0 0.715625 0.4640625 0.6203125 0.4640625 0.6203125 0.48125 0.715625 0.48125
0 0.853125 0.46562500000000007 0.7203125 0.465625 0.7203125 0.48125000000000007 0.853125 0.4812500000000002
0 0.9296875 0.4671875000000002 0.871875 0.4671875000000002 0.871875 0.4781250000000002 0.9296875 0.4781250000000002
0 0.19687500000000005 0.51875 0.13906250000000003 0.51875 0.13906250000000003 0.5296875 0.19687500000000005 0.5296875
0 0.3218750000000001 0.51875 0.2140625000000001 0.51875 0.2140625000000001 0.5296875 0.3218750000000001 0.5296875
0 0.3843750000000001 0.5140625 0.34843750000000007 0.5140625 0.34843750000000007 0.5296875 0.3843750000000001 0.5296875
0 0.484375 0.515625 0.428125 0.515625 0.428125 0.5296875 0.484375 0.5296875
0 0.671875 0.5140625 0.5140625 0.5140625 0.5140625 0.534375 0.671875 0.534375
0 0.696875 0.5296875 0.6890625 0.5296875 0.6890625 0.5390625 0.696875 0.5390625
0 0.7703125 0.5156250000000001 0.7234375 0.515625 0.7234375 0.5296875000000001 0.7703125 0.5296875000000002
0 0.8421875 0.5203125000000002 0.7984375 0.5203125000000002 0.7984375 0.5312500000000002 0.8421875 0.5312500000000002
0 0.22031250000000008 0.5671875 0.1375000000000001 0.5671875 0.1375000000000001 0.5828125 0.22031250000000008 0.5828125
0 0.3656250000000001 0.565625 0.2609375000000001 0.565625 0.2609375000000001 0.58125 0.3656250000000001 0.58125
0 0.37968750000000007 0.578125 0.3750000000000001 0.578125 0.3750000000000001 0.584375 0.37968750000000007 0.584375
0 0.5140625 0.5703125 0.428125 0.5703125 0.428125 0.5796875 0.5140625 0.5796875
0 0.61875 0.565625 0.5359375 0.565625 0.5359375 0.58125 0.61875 0.58125
0 0.7765625 0.5671875000000001 0.659375 0.5671875 0.659375 0.58125 0.7765625 0.5812500000000002
0 0.946875 0.5703125000000002 0.8046875 0.5703125000000002 0.8046875 0.5875000000000001 0.946875 0.5875000000000001
0 0.9625 0.5781250000000002 0.959375 0.5781250000000002 0.959375 0.5828125000000002 0.9625 0.5828125000000002
0 0.21250000000000008 0.6171875 0.14062500000000008 0.6171875 0.14062500000000008 0.6328125 0.21250000000000008 0.6328125
0 0.3437500000000001 0.6171875 0.2375000000000001 0.6171875 0.2375000000000001 0.6296875 0.3437500000000001 0.6296875
0 0.45625 0.6203125 0.3843750000000001 0.6203125 0.3843750000000001 0.63125 0.45625 0.63125
0 0.546875 0.6140625 0.490625 0.6140625 0.490625 0.63125 0.546875 0.63125
0 0.609375 0.6171875 0.58125 0.6171875 0.58125 0.6296875 0.609375 0.6296875
0 0.71875 0.61875 0.64375 0.61875 0.64375 0.6296875 0.71875 0.6296875
0 0.7765625 0.6218750000000002 0.7515625 0.6218750000000002 0.7515625 0.6281250000000002 0.7765625 0.6281250000000002
0 0.8453125 0.6171875000000002 0.8046875 0.6171875000000002 0.8046875 0.6312500000000002 0.8453125 0.6312500000000002
0 0.3187500000000001 0.6671875 0.1437500000000001 0.6671875 0.1437500000000001 0.684375 0.3187500000000001 0.684375
0 0.41875 0.6703125 0.3578125000000001 0.6703125 0.3578125000000001 0.68125 0.41875 0.68125
0 0.4828125 0.6703125 0.453125 0.6703125 0.453125 0.68125 0.4828125 0.68125
0 0.634375 0.665625 0.515625 0.665625 0.515625 0.68125 0.634375 0.68125
0 0.7484375 0.6718750000000001 0.671875 0.671875 0.671875 0.6890625000000001 0.7484375 0.6890625000000001
0 0.8953125 0.6656250000000001 0.7859375 0.6656250000000001 0.7859375 0.6812500000000001 0.8953125 0.6812500000000001
0 0.21875000000000008 0.721875 0.14218750000000008 0.721875 0.14218750000000008 0.73125 0.21875000000000008 0.73125
0 0.3078125000000001 0.7234375 0.2515625000000001 0.7234375 0.2515625000000001 0.73125 0.3078125000000001 0.73125
0 0.4875000000000001 0.71875 0.3343750000000001 0.71875 0.3343750000000001 0.734375 0.48750000000000016 0.734375
0 0.5031250000000002 0.728125 0.5000000000000002 0.728125 0.5000000000000002 0.73125 0.5031250000000002 0.73125