0 0.19843750000000004 0.215625 0.15625000000000006 0.215625 0.15625000000000006 0.228125 0.19843750000000004 0.228125
0 0.334375 0.215625 0.21875 0.215625 0.21875 0.2328125 0.334375 0.2328125
0 0.3765625 0.21562500000000004 0.359375 0.215625 0.359375 0.22968750000000004 0.3765625 0.2296875000000001
0 0.41875 0.21875000000000008 0.3953125 0.21875000000000008 0.3953125 0.22812500000000008 0.41875 0.22812500000000008
0 0.50625 0.21875000000000008 0.434375 0.21875000000000008 0.434375 0.22812500000000008 0.50625 0.22812500000000008
0 0.6015625 0.21875000000000008 0.5390625 0.21875000000000008 0.5390625 0.22812500000000008 0.6015625 0.22812500000000008
0 0.6515625 0.2156250000000001 0.6234375 0.2156250000000001 0.6234375 0.22812500000000008 0.6515625 0.22812500000000008
0 0.740625 0.2156250000000001 0.69375 0.2156250000000001 0.69375 0.2296875000000001 0.740625 0.2296875000000001
0 0.878125 0.2093750000000001 0.753125 0.2093750000000001 0.753125 0.22812500000000008 0.878125 0.22812500000000008
0 0.18125000000000005 0.275 0.15000000000000005 0.275 0.15000000000000005 0.284375 0.18125000000000005 0.284375
0 0.290625 0.26875 0.2265625 0.26875 0.2265625 0.2828125 0.290625 0.2828125
0 0.3890625 0.26875000000000004 0.3265625 0.26875 0.3265625 0.2828125 0.3890625 0.2828125000000001
0 0.421875 0.2687500000000001 0.4125 0.2687500000000001 0.4125 0.2796875000000001 0.421875 0.2796875000000001
0 0.43125 0.2765625000000001 0.428125 0.2765625000000001 0.428125 0.2796875000000001 0.43125 0.2796875000000001
0 0.528125 0.2671875000000001 0.4578125 0.2671875000000001 0.4578125 0.2812500000000001 0.528125 0.2812500000000001
0 0.728125 0.2687500000000001 0.559375 0.2687500000000001 0.559375 0.2812500000000001 0.728125 0.2812500000000001
0 0.7421875 0.27812500000000007 0.7375 0.27812500000000007 0.7375 0.28593750000000007 0.7421875 0.28593750000000007
0 0.83125 0.2687500000000001 0.7671875 0.2687500000000001 0.7671875 0.27812500000000007 0.83125 0.27812500000000007
0 0.8828125 0.26250000000000007 0.8515625 0.26250000000000007 0.8515625 0.2765625000000001 0.8828125 0.2765625000000001
0 0.3140625 0.31875 0.15312500000000004 0.31875 0.15312500000000004 0.3359375 0.3140625 0.3359375
0 0.31875 0.33125 0.315625 0.33125 0.315625 0.3375 0.31875 0.3375
0 0.403125 0.32343750000000004 0.3484375 0.3234375 0.3484375 0.33125000000000004 0.403125 0.3312500000000001
0 0.56875 0.3203125000000001 0.4359375 0.3203125000000001 0.4359375 0.33281250000000007 0.56875 0.33281250000000007
0 0.7125 0.31718750000000007 0.59375 0.31718750000000007 0.59375 0.3312500000000001 0.7125 0.3312500000000001
0 0.7578125 0.3156250000000001 0.725 0.3156250000000001 0.725 0.3296875000000001 0.7578125 0.3296875000000001
0 0.84375 0.31718750000000007 0.784375 0.31718750000000007 0.784375 0.3312500000000001 0.84375 0.3312500000000001
0 0.2218750000000001 0.36875 0.13125000000000003 0.36875 0.13125000000000003 0.384375 0.2218750000000001 0.384375
0 0.3343750000000001 0.36875 0.2500000000000001 0.36875 0.2500000000000001 0.38125 0.3343750000000001 0.38125
0 0.3437500000000001 0.3828125 0.34062500000000007 0.3828125 0.34062500000000007 0.384375 0.3437500000000001 0.384375
0 0.4265625 0.3703125000000001 0.3734375000000001 0.3703125000000001 0.3734375000000001 0.3828125000000001 0.4265625 0.3828125000000001
0 0.61875 0.3656250000000001 0.459375 0.3656250000000001 0.459375 0.3812500000000001 0.61875 0.3812500000000001
0 0.7203125 0.3703125000000001 0.6625 0.3703125000000001 0.6625 0.37968750000000007 0.7203125 0.37968750000000007
0 0.7859375 0.3656250000000001 0.7421875 0.3656250000000001 0.7421875 0.37968750000000007 0.7859375 0.37968750000000007
0 0.9140625 0.3671875000000001 0.8125 0.3671875000000001 0.8125 0.37968750000000007 0.9140625 0.37968750000000007
0 0.19687500000000005 0.421875 0.13906250000000003 0.421875 0.13906250000000003 0.4359375 0.19687500000000005 0.4359375
0 0.2796875000000001 0.421875 0.22656250000000008 0.421875 0.22656250000000008 0.43125 0.2796875000000001 0.43125
0 0.4125 0.421875 0.3062500000000001 0.421875 0.3062500000000001 0.434375 0.4125 0.434375
0 0.5484375 0.421875 0.4484375 0.421875 0.4484375 0.4328125 0.5484375 0.4328125
0 0.6171875 0.421875 0.58125 0.421875 0.58125 0.4328125 0.6171875 0.4328125
0 0.7453125 0.4203125000000001 0.64375 0.4203125 0.64375 0.4312500000000001 0.7453125 0.4312500000000002
0 0.803125 0.41718750000000016 0.7671875 0.41718750000000016 0.7671875 0.42968750000000017 0.803125 0.42968750000000017
0 0.8546875 0.42187500000000017 0.83125 0.42187500000000017 0.83125 0.4281250000000002 0.8546875 0.4281250000000002
0 0.2609375000000001 0.471875 0.14062500000000006 0.471875 0.14062500000000006 0.484375 0.2609375000000001 0.484375
0 0.3734375000000001 0.471875 0.2843750000000001 0.471875 0.2843750000000001 0.4828125 0.3734375000000001 0.4828125
0 0.48125 0.4734375 0.3906250000000001 0.4734375 0.3906250000000001 0.4828125 0.48125 0.4828125
0 0.665625 0.46875 0.5171875 0.46875 0.5171875 0.48125 0.665625 0.48125
0 0.7453125 0.4703125000000001 0.6875 0.4703125 0.6875 0.4796875000000001 0.7453125 0.47968750000000016
0 0.7921875 0.46875000000000017 0.7640625 0.46875000000000017 0.7640625 0.4812500000000002 0.7921875 0.4812500000000002
0 0.8515625 0.46875000000000017 0.8140625 0.46875000000000017 0.8140625 0.4828125000000002 0.8515625 0.4828125000000002
0 0.3500000000000001 0.521875 0.14687500000000003 0.521875 0.14687500000000003 0.534375 0.3500000000000001 0.534375
0 0.421875 0.5234375 0.38750000000000007 0.5234375 0.38750000000000007 0.53125 0.421875 0.53125
0 0.5734375 0.51875 0.44375 0.51875 0.44375 0.5359375 0.5734375 0.5359375
0 0.675 0.521875 0.59375 0.521875 0.59375 0.5328125 0.675 0.5328125
0 0.75625 0.5171875000000001 0.7078125 0.5171875 0.7078125 0.534375 0.75625 0.5343750000000002
0 0.9109375 0.5187500000000002 0.7859375 0.5187500000000002 0.7859375 0.5312500000000002 0.9109375 0.5312500000000002
0 0.28593750000000007 0.571875 0.15000000000000008 0.571875 0.15000000000000008 0.590625 0.28593750000000007 0.590625
0 0.446875 0.5703125 0.3109375000000001 0.5703125 0.3109375000000001 0.5875 0.446875 0.5875
0 0.45625 0.5796875 0.4515625 0.5796875 0.4515625 0.58125 0.45625 0.58125
0 0.54375 0.5671875 0.4828125 0.5671875 0.4828125 0.5828125 0.54375 0.5828125
0 0.61875 0.5671875 0.5625 0.5671875 0.5625 0.58125 0.61875 0.58125
0 0.7484375 0.5703125000000001 0.640625 0.5703125 0.640625 0.5796875000000001 0.7484375 0.5796875000000001
0 0.8296875 0.5625000000000002 0.778125 0.5625000000000002 0.778125 0.5796875000000001 0.8296875 0.5796875000000001
0 0.2468750000000001 0.615625 0.12500000000000008 0.615625 0.12500000000000008 0.63125 0.2468750000000001 0.63125
0 0.3937500000000001 0.61875 0.27812500000000007 0.61875 0.27812500000000007 0.6359375 0.3937500000000001 0.6359375
0 0.4421875 0.6203125 0.4125 0.6203125 0.4125 0.6265625 0.4421875 0.6265625
0 0.4625 0.6265625 0.45625 0.6265625 0.45625 0.6359375 0.4625 0.6359375
0 0.5625 0.615625 0.4984375 0.615625 0.4984375 0.6265625 0.5625 0.6265625
0 0.6671875 0.6140625 0.5953125 0.6140625 0.5953125 0.6265625 0.6671875 0.6265625
0 0.8484375 0.6140625000000001 0.6875 0.6140625 0.6875 0.6265625000000001 0.8484375 0.6265625000000001
0 0.1828125000000001 0.6703125 0.14062500000000008 0.6703125 0.14062500000000008 0.6828125 0.1828125000000001 0.6828125
0 0.2968750000000001 0.6734375 0.2156250000000001 0.6734375 0.2156250000000001 0.684375 0.2968750000000001 0.684375
0 0.3109375000000001 0.68125 0.3078125000000001 0.68125 0.3078125000000001 0.684375 0.3109375000000001 0.684375