0 0.18125000000000005 0.2140625 0.14218750000000005 0.2140625 0.14218750000000005 0.23125 0.18125000000000005 0.23125
0 0.26875 0.2171875 0.19687500000000005 0.2171875 0.19687500000000005 0.2296875 0.26875 0.2296875
0 0.3 0.2171875 0.2828125 0.2171875 0.2828125 0.2296875 0.3 0.2296875
0 0.409375 0.21250000000000005 0.3125 0.2125 0.3125 0.23125000000000004 0.409375 0.2312500000000001
0 0.465625 0.2140625000000001 0.43125 0.2140625000000001 0.43125 0.2328125000000001 0.465625 0.2328125000000001
0 0.521875 0.21250000000000008 0.48125 0.21250000000000008 0.48125 0.2312500000000001 0.521875 0.2312500000000001
0 0.584375 0.22031250000000008 0.5375 0.22031250000000008 0.5375 0.2312500000000001 0.584375 0.2312500000000001
0 0.6484375 0.21875000000000008 0.6015625 0.21875000000000008 0.6015625 0.2312500000000001 0.6484375 0.2312500000000001
0 0.659375 0.2296875000000001 0.6578125 0.2296875000000001 0.6578125 0.2312500000000001 0.659375 0.2312500000000001
0 0.675 0.21250000000000008 0.6703125 0.21250000000000008 0.6703125 0.22031250000000008 0.675 0.22031250000000008
0 0.6890625 0.2156250000000001 0.6859375 0.2156250000000001 0.6859375 0.2296875000000001 0.6890625 0.2296875000000001
0 0.7734375 0.21875000000000008 0.7046875 0.21875000000000008 0.7046875 0.2296875000000001 0.7734375 0.2296875000000001
0 0.8078125 0.21875000000000008 0.7890625 0.21875000000000008 0.7890625 0.2296875000000001 0.8078125 0.2296875000000001
0 0.8625 0.2171875000000001 0.825 0.2171875000000001 0.825 0.2296875000000001 0.8625 0.2296875000000001
0 0.15625000000000006 0.2671875 0.14218750000000005 0.2671875 0.14218750000000005 0.2796875 0.15625000000000006 0.2796875
0 0.19375000000000003 0.265625 0.16718750000000004 0.265625 0.16718750000000004 0.2828125 0.19375000000000003 0.2828125
0 0.253125 0.26875 0.2078125 0.26875 0.2078125 0.28125 0.253125 0.28125
0 0.2921875 0.26875 0.2703125 0.26875 0.2703125 0.284375 0.2921875 0.284375
0 0.3359375 0.26875 0.3046875 0.26875 0.3046875 0.28125 0.3359375 0.28125
0 0.4140625 0.26406250000000003 0.359375 0.2640625 0.359375 0.28125000000000006 0.4140625 0.2812500000000001
0 0.528125 0.26250000000000007 0.4375 0.26250000000000007 0.4375 0.2828125000000001 0.528125 0.2828125000000001
0 0.5390625 0.27812500000000007 0.5359375 0.27812500000000007 0.5359375 0.2812500000000001 0.5390625 0.2812500000000001
0 0.5515625 0.26250000000000007 0.5453125 0.26250000000000007 0.5453125 0.2687500000000001 0.5515625 0.2687500000000001
0 0.65625 0.26250000000000007 0.5671875 0.26250000000000007 0.5671875 0.2828125000000001 0.65625 0.2828125000000001
0 0.703125 0.2687500000000001 0.671875 0.2687500000000001 0.671875 0.2812500000000001 0.703125 0.2812500000000001
0 0.759375 0.27031250000000007 0.715625 0.27031250000000007 0.715625 0.2828125000000001 0.759375 0.2828125000000001
0 0.8625 0.2687500000000001 0.771875 0.2687500000000001 0.771875 0.2828125000000001 0.8625 0.2828125000000001
0 0.18281250000000004 0.31875 0.13906250000000003 0.31875 0.13906250000000003 0.33125 0.18281250000000004 0.33125
0 0.2453125 0.3109375 0.2 0.3109375 0.2 0.3375 0.2453125 0.3375
0 0.325 0.31875 0.259375 0.31875 0.259375 0.33125 0.325 0.33125
0 0.3328125 0.3265625 0.3296875 0.3265625 0.3296875 0.328125 0.3328125 0.328125
0 0.3828125 0.3140625 0.3453125 0.3140625 0.3453125 0.33125000000000004 0.3828125 0.3312500000000001
0 0.4390625 0.3156250000000001 0.403125 0.3156250000000001 0.403125 0.3312500000000001 0.4390625 0.3312500000000001
0 0.515625 0.3125000000000001 0.4546875 0.3125000000000001 0.4546875 0.3312500000000001 0.515625 0.3312500000000001
0 0.5953125 0.3187500000000001 0.5328125 0.3187500000000001 0.5328125 0.3312500000000001 0.5953125 0.3312500000000001
0 0.646875 0.3203125000000001 0.6109375 0.3203125000000001 0.6109375 0.3312500000000001 0.646875 0.3312500000000001
0 0.8125 0.3187500000000001 0.6609375 0.3187500000000001 0.6609375 0.3312500000000001 0.8125 0.3312500000000001
0 0.8203125 0.3296875000000001 0.8171875 0.3296875000000001 0.8171875 0.33281250000000007 0.8203125 0.33281250000000007
0 0.8546875 0.3156250000000001 0.8328125 0.3156250000000001 0.8328125 0.33281250000000007 0.8546875 0.33281250000000007
0 0.2140625000000001 0.36875 0.13750000000000004 0.36875 0.13750000000000004 0.3828125 0.2140625000000001 0.3828125
0 0.26250000000000007 0.3671875 0.23437500000000008 0.3671875 0.23437500000000008 0.38125 0.26250000000000007 0.38125
0 0.33593750000000006 0.3625 0.2828125 0.3625 0.2828125 0.3828125 0.3359375000000001 0.3828125
0 0.4515625 0.36406250000000007 0.3593750000000001 0.3640625 0.3593750000000001 0.38281250000000006 0.4515625 0.3828125000000001
0 0.4859375 0.3703125000000001 0.4671875 0.3703125000000001 0.4671875 0.3812500000000001 0.4859375 0.3812500000000001
0 0.5109375 0.3671875000000001 0.50625 0.3671875000000001 0.50625 0.3734375000000001 0.5109375 0.3734375000000001
0 0.6 0.36406250000000007 0.51875 0.36406250000000007 0.51875 0.3828125000000001 0.6 0.3828125000000001
0 0.68125 0.3703125000000001 0.6171875 0.3703125000000001 0.6171875 0.3828125000000001 0.68125 0.3828125000000001
0 0.74375 0.3703125000000001 0.7015625 0.3703125000000001 0.7015625 0.3828125000000001 0.74375 0.3828125000000001
0 0.7515625 0.3812500000000001 0.75 0.3812500000000001 0.75 0.3828125000000001 0.7515625 0.3828125000000001
0 0.7609375 0.3687500000000001 0.75625 0.3687500000000001 0.75625 0.3765625000000001 0.7609375 0.3765625000000001
0 0.778125 0.3671875000000001 0.775 0.3671875000000001 0.775 0.3734375000000001 0.778125 0.3734375000000001
0 0.803125 0.3656250000000001 0.7890625 0.3656250000000001 0.7890625 0.37968750000000007 0.803125 0.37968750000000007
0 0.846875 0.3703125000000001 0.815625 0.3703125000000001 0.815625 0.3812500000000001 0.846875 0.3812500000000001
0 0.16718750000000004 0.41875 0.13906250000000003 0.41875 0.13906250000000003 0.43125 0.16718750000000004 0.43125
0 0.2531250000000001 0.41875 0.18750000000000006 0.41875 0.18750000000000006 0.4328125 0.2531250000000001 0.4328125
0 0.2906250000000001 0.4203125 0.2671875000000001 0.4203125 0.2671875000000001 0.43125 0.2906250000000001 0.43125
0 0.3375000000000001 0.41875 0.3031250000000001 0.41875 0.3031250000000001 0.4328125 0.3375000000000001 0.4328125
0 0.4234375 0.41875 0.3546875000000001 0.41875 0.3546875000000001 0.4328125 0.4234375 0.4328125
0 0.5359375 0.4203125 0.4359375 0.4203125 0.4359375 0.434375 0.5359375 0.434375
0 0.5890625 0.4203125 0.5515625 0.4203125 0.5515625 0.4359375 0.5890625 0.4359375
0 0.625 0.4203125 0.6015625 0.4203125 0.6015625 0.434375 0.625 0.434375
0 0.6765625 0.421875 0.6390625 0.421875 0.6390625 0.434375 0.6765625 0.434375
0 0.7546875 0.4203125000000001 0.6921875 0.4203125 0.6921875 0.4359375000000001 0.7546875 0.4359375000000002
0 0.809375 0.42187500000000017 0.76875 0.42187500000000017 0.76875 0.4359375000000002 0.809375 0.4359375000000002
0 0.8765625 0.4203125000000002 0.8265625 0.4203125000000002 0.8265625 0.43750000000000017 0.8765625 0.43750000000000017
0 0.23437500000000008 0.4625 0.14062500000000006 0.4625 0.14062500000000006 0.484375 0.23437500000000008 0.484375
0 0.2687500000000001 0.4671875 0.2531250000000001 0.4671875 0.2531250000000001 0.484375 0.2687500000000001 0.484375
0 0.2906250000000001 0.4734375 0.2828125000000001 0.4734375 0.2828125000000001 0.484375 0.2906250000000001 0.484375
0 0.3984375000000001 0.4671875 0.3062500000000001 0.4671875 0.3062500000000001 0.484375 0.3984375000000001 0.484375
0 0.5046875 0.46875 0.4171875 0.46875 0.4171875 0.4875 0.5046875 0.4875
0 0.515625 0.484375 0.50625 0.484375 0.50625 0.4953125 0.515625 0.4953125
0 0.525 0.4671875 0.5203125 0.4671875 0.5203125 0.475 0.525 0.475
0 0.55625 0.4734375 0.5359375 0.4734375 0.5359375 0.484375 0.55625 0.484375
0 0.6140625 0.4703125 0.571875 0.4703125 0.571875 0.484375 0.6140625 0.484375
0 0.6234375 0.484375 0.6203125 0.484375 0.6203125 0.4859375 0.6234375 0.4859375