0 0.19218750000000004 0.19687500000000002 0.14531250000000004 0.196875 0.14531250000000004 0.2234375 0.19218750000000004 0.2234375
0 0.3421875 0.19843750000000004 0.2359375 0.19843750000000004 0.2359375 0.2234375 0.3421875 0.2234375
0 0.4765625 0.19375000000000003 0.378125 0.19375000000000003 0.378125 0.2390625000000001 0.4765625 0.2390625000000001
0 0.4875 0.22031250000000008 0.48125 0.22031250000000008 0.48125 0.22656250000000008 0.4875 0.22656250000000008
0 0.653125 0.19687500000000008 0.525 0.19687500000000005 0.525 0.2250000000000001 0.653125 0.2250000000000001
0 0.796875 0.2015625000000001 0.684375 0.2015625000000001 0.684375 0.2375000000000001 0.796875 0.2375000000000001
0 0.16718750000000004 0.25 0.14375000000000004 0.25 0.14375000000000004 0.2765625 0.16718750000000004 0.2765625
0 0.2625 0.2484375 0.21875 0.2484375 0.21875 0.2765625 0.2625 0.2765625
0 0.4140625 0.24687500000000004 0.3203125 0.246875 0.3203125 0.28906250000000006 0.4140625 0.2890625000000001
0 0.428125 0.2750000000000001 0.4234375 0.2750000000000001 0.4234375 0.2812500000000001 0.428125 0.2812500000000001
0 0.5203125 0.2515625000000001 0.4640625 0.2515625000000001 0.4640625 0.2765625000000001 0.5203125 0.2765625000000001
0 0.6640625 0.25468750000000007 0.5484375 0.25468750000000007 0.5484375 0.2906250000000001 0.6640625 0.2906250000000001
0 0.7625 0.2468750000000001 0.6984375 0.2468750000000001 0.6984375 0.2734375000000001 0.7625 0.2734375000000001
0 0.8234375 0.2515625000000001 0.778125 0.2515625000000001 0.778125 0.2750000000000001 0.8234375 0.2750000000000001
0 0.284375 0.296875 0.14531250000000004 0.296875 0.14531250000000004 0.328125 0.284375 0.328125
0 0.3703125 0.30312500000000003 0.3203125 0.303125 0.3203125 0.32656250000000003 0.3703125 0.3265625000000001
0 0.4375 0.3031250000000001 0.3953125 0.3031250000000001 0.3953125 0.3234375000000001 0.4375 0.3234375000000001
0 0.51875 0.2984375000000001 0.4640625 0.2984375000000001 0.4640625 0.32500000000000007 0.51875 0.32500000000000007
0 0.69375 0.3031250000000001 0.559375 0.3031250000000001 0.559375 0.3359375000000001 0.69375 0.3359375000000001
0 0.846875 0.30156250000000007 0.7234375 0.30156250000000007 0.7234375 0.3375000000000001 0.846875 0.3375000000000001
0 0.8578125 0.3234375000000001 0.8546875 0.3234375000000001 0.8546875 0.3265625000000001 0.8578125 0.3265625000000001
0 0.16406250000000006 0.3453125 0.11875000000000005 0.3453125 0.11875000000000005 0.3875 0.16406250000000006 0.3875
0 0.26250000000000007 0.3515625 0.2078125 0.3515625 0.20781250000000004 0.3765625 0.26250000000000007 0.3765625
0 0.3187500000000001 0.365625 0.2953125000000001 0.365625 0.2953125000000001 0.3765625 0.3187500000000001 0.3765625
0 0.39687500000000003 0.3515625000000001 0.3671875 0.3515625000000001 0.36718750000000006 0.3750000000000001 0.3968750000000001 0.3750000000000001
0 0.5484375 0.3531250000000001 0.4453125 0.3531250000000001 0.4453125 0.3765625000000001 0.5484375 0.3765625000000001
0 0.628125 0.3515625000000001 0.5859375 0.3515625000000001 0.5859375 0.3765625000000001 0.628125 0.3765625000000001
0 0.7375 0.3515625000000001 0.6734375 0.3515625000000001 0.6734375 0.3765625000000001 0.7375 0.3765625000000001
0 0.8125 0.3531250000000001 0.7796875 0.3531250000000001 0.7796875 0.3750000000000001 0.8125 0.3750000000000001
0 0.18906250000000005 0.4 0.12187500000000004 0.4 0.12187500000000004 0.434375 0.18906250000000005 0.434375
0 0.27812500000000007 0.4015625 0.23593750000000008 0.4015625 0.23593750000000008 0.425 0.27812500000000007 0.425
0 0.4609375 0.4 0.33281250000000007 0.4 0.33281250000000007 0.425 0.4609375 0.425
0 0.571875 0.4015625 0.503125 0.4015625 0.503125 0.4359375 0.571875 0.4359375
0 0.6234375 0.403125 0.6015625 0.403125 0.6015625 0.428125 0.6234375 0.428125
0 0.6921875 0.4046875 0.6515625 0.4046875 0.6515625 0.4296875 0.6921875 0.4296875
0 0.71875 0.425 0.7140625 0.425 0.7140625 0.4265625 0.71875 0.4265625
0 0.8015625 0.40156250000000016 0.734375 0.40156250000000016 0.734375 0.42968750000000017 0.8015625 0.42968750000000017
0 0.17031250000000003 0.4640625 0.13281250000000006 0.4640625 0.13281250000000006 0.475 0.17031250000000003 0.475
0 0.2734375000000001 0.4515625 0.2062500000000001 0.4515625 0.2062500000000001 0.48125 0.2734375000000001 0.48125
0 0.3921875000000001 0.4515625 0.3156250000000001 0.4515625 0.3156250000000001 0.4890625 0.3921875000000001 0.4890625
0 0.484375 0.453125 0.43125 0.453125 0.43125 0.478125 0.484375 0.478125
0 0.5921875 0.45625 0.509375 0.45625 0.509375 0.4890625 0.5921875 0.4890625
0 0.6984375 0.453125 0.6265625 0.453125 0.6265625 0.478125 0.6984375 0.478125
0 0.809375 0.45312500000000017 0.73125 0.45312500000000017 0.73125 0.47968750000000016 0.809375 0.47968750000000016
0 0.16250000000000003 0.515625 0.14531250000000004 0.515625 0.14531250000000004 0.5265625 0.16250000000000003 0.5265625
0 0.2734375000000001 0.5015625 0.19687500000000005 0.5015625 0.19687500000000005 0.5265625 0.2734375000000001 0.5265625
0 0.3937500000000001 0.5015625 0.3109375000000001 0.5015625 0.3109375000000001 0.5328125 0.3937500000000001 0.5328125
0 0.3890625000000001 0.525 0.3828125000000001 0.525 0.3828125000000001 0.5328125 0.3890625000000001 0.5328125
0 0.490625 0.5046875 0.425 0.5046875 0.425 0.528125 0.490625 0.528125
0 0.540625 0.509375 0.5296875 0.509375 0.5296875 0.5171875 0.540625 0.5171875
0 0.6421875 0.503125 0.540625 0.503125 0.540625 0.540625 0.6421875 0.540625
0 0.6625 0.5078125 0.65625 0.5078125 0.65625 0.5125 0.6625 0.5125
0 0.7078125 0.5140625 0.684375 0.5140625 0.684375 0.525 0.7078125 0.525
0 0.7609375 0.5187500000000002 0.7421875 0.5187500000000002 0.7421875 0.5281250000000002 0.7609375 0.5281250000000002
0 0.8375 0.5171875000000001 0.790625 0.5171875000000001 0.790625 0.5265625000000002 0.8375 0.5265625000000002
0 0.90625 0.5171875000000001 0.859375 0.5171875000000001 0.859375 0.5281250000000002 0.90625 0.5281250000000002
0 0.1843750000000001 0.553125 0.1375000000000001 0.553125 0.1375000000000001 0.5765625 0.1843750000000001 0.5765625
0 0.3203125000000001 0.5484375 0.2328125000000001 0.5484375 0.2328125000000001 0.590625 0.3203125000000001 0.590625
0 0.4484375 0.55 0.3671875000000001 0.55 0.3671875000000001 0.5765625 0.4484375 0.5765625
0 0.5375 0.5515625 0.4921875 0.5515625 0.4921875 0.578125 0.5375 0.578125
0 0.634375 0.553125 0.5859375 0.553125 0.5859375 0.5796875 0.634375 0.5796875
0 0.6875 0.56875 0.671875 0.56875 0.671875 0.578125 0.6875 0.578125
0 0.78125 0.5531250000000001 0.7140625 0.553125 0.7140625 0.5796875000000001 0.78125 0.5796875000000001
0 0.8515625 0.5578125000000002 0.8234375 0.5578125000000002 0.8234375 0.5796875000000001 0.8515625 0.5796875000000001
0 0.2562500000000001 0.6125 0.14218750000000008 0.6125 0.14218750000000008 0.6375 0.2562500000000001 0.6375
0 0.3671875000000001 0.6046875 0.31718750000000007 0.6046875 0.31718750000000007 0.628125 0.3671875000000001 0.628125
0 0.4421875 0.60625 0.4 0.60625 0.4 0.640625 0.4421875 0.640625
0 0.521875 0.6203125 0.484375 0.6203125 0.484375 0.6296875 0.521875 0.6296875
0 0.6328125 0.603125 0.5453125 0.603125 0.5453125 0.6390625 0.6328125 0.6390625
0 0.734375 0.6046875 0.6765625 0.6046875 0.6765625 0.6296875000000001 0.734375 0.6296875000000002
0 0.853125 0.6046875000000002 0.7546875 0.6046875000000002 0.7546875 0.6453125000000002 0.853125 0.6453125000000002
0 0.19687500000000008 0.6546875 0.1390625000000001 0.6546875 0.1390625000000001 0.6796875 0.19687500000000008 0.6796875
0 0.2015625000000001 0.675 0.1984375000000001 0.675 0.1984375000000001 0.6765625 0.2015625000000001 0.6765625
0 0.19218750000000004 0.19687500000000002 0.14531250000000004 0.196875 0.14531250000000004 0.2234375 0.19218750000000004 0.2234375
0 0.3421875 0.19843750000000004 0.2359375 0.19843750000000004 0.2359375 0.2234375 0.3421875 0.2234375
0 0.4765625 0.19375000000000003 0.378125 0.19375000000000003 0.378125 0.2390625000000001 0.4765625 0.2390625000000001
0 0.4875 0.22031250000000008 0.48125 0.22031250000000008 0.48125 0.22656250000000008 0.4875 0.22656250000000008
0 0.653125 0.19687500000000008 0.525 0.19687500000000005 0.525 0.2250000000000001 0.653125 0.2250000000000001
0 0.796875 0.2015625000000001 0.684375 0.2015625000000001 0.684375 0.2375000000000001 0.796875 0.2375000000000001
0 0.16718750000000004 0.25 0.14375000000000004 0.25 0.14375000000000004 0.2765625 0.16718750000000004 0.2765625
0 0.2625 0.2484375 0.21875 0.2484375 0.21875 0.2765625 0.2625 0.2765625
0 0.4140625 0.24687500000000004 0.3203125 0.246875 0.3203125 0.28906250000000006 0.4140625 0.2890625000000001
0 0.428125 0.2750000000000001 0.4234375 0.2750000000000001 0.4234375 0.2812500000000001 0.428125 0.2812500000000001
0 0.5203125 0.2515625000000001 0.4640625 0.2515625000000001 0.4640625 0.2765625000000001 0.5203125 0.2765625000000001
0 0.6640625 0.25468750000000007 0.5484375 0.25468750000000007 0.5484375 0.2906250000000001 0.6640625 0.2906250000000001
0 0.7625 0.2468750000000001 0.6984375 0.2468750000000001 0.6984375 0.2734375000000001 0.7625 0.2734375000000001
0 0.8234375 0.2515625000000001 0.778125 0.2515625000000001 0.778125 0.2750000000000001 0.8234375 0.2750000000000001
0 0.284375 0.296875 0.14531250000000004 0.296875 0.14531250000000004 0.328125 0.284375 0.328125
0 0.3703125 0.30312500000000003 0.3203125 0.303125 0.3203125 0.32656250000000003 0.3703125 0.3265625000000001
0 0.4375 0.3031250000000001 0.3953125 0.3031250000000001 0.3953125 0.3234375000000001 0.4375 0.3234375000000001
0 0.51875 0.2984375000000001 0.4640625 0.2984375000000001 0.4640625 0.32500000000000007 0.51875 0.32500000000000007
0 0.69375 0.3031250000000001 0.559375 0.3031250000000001 0.559375 0.3359375000000001 0.69375 0.3359375000000001
0 0.846875 0.30156250000000007 0.7234375 0.30156250000000007 0.7234375 0.3375000000000001 0.846875 0.3375000000000001
0 0.8578125 0.3234375000000001 0.8546875 0.3234375000000001 0.8546875 0.3265625000000001 0.8578125 0.3265625000000001
0 0.16406250000000006 0.3453125 0.11875000000000005 0.3453125 0.11875000000000005 0.3875 0.16406250000000006 0.3875
0 0.26250000000000007 0.3515625 0.2078125 0.3515625 0.20781250000000004 0.3765625 0.26250000000000007 0.3765625
0 0.3187500000000001 0.365625 0.2953125000000001 0.365625 0.2953125000000001 0.3765625 0.3187500000000001 0.3765625
0 0.39687500000000003 0.3515625000000001 0.3671875 0.3515625000000001 0.36718750000000006 0.3750000000000001 0.3968750000000001 0.3750000000000001
0 0.5484375 0.3531250000000001 0.4453125 0.3531250000000001 0.4453125 0.3765625000000001 0.5484375 0.3765625000000001
0 0.628125 0.3515625000000001 0.5859375 0.3515625000000001 0.5859375 0.3765625000000001 0.628125 0.3765625000000001
0 0.7375 0.3515625000000001 0.6734375 0.3515625000000001 0.6734375 0.3765625000000001 0.7375 0.3765625000000001
0 0.8125 0.3531250000000001 0.7796875 0.3531250000000001 0.7796875 0.3750000000000001 0.8125 0.3750000000000001
0 0.18906250000000005 0.4 0.12187500000000004 0.4 0.12187500000000004 0.434375 0.18906250000000005 0.434375
0 0.27812500000000007 0.4015625 0.23593750000000008 0.4015625 0.23593750000000008 0.425 0.27812500000000007 0.425
0 0.4609375 0.4 0.33281250000000007 0.4 0.33281250000000007 0.425 0.4609375 0.425
0 0.571875 0.4015625 0.503125 0.4015625 0.503125 0.4359375 0.571875 0.4359375
0 0.6234375 0.403125 0.6015625 0.403125 0.6015625 0.428125 0.6234375 0.428125
0 0.6921875 0.4046875 0.6515625 0.4046875 0.6515625 0.4296875 0.6921875 0.4296875
0 0.71875 0.425 0.7140625 0.425 0.7140625 0.4265625 0.71875 0.4265625
0 0.8015625 0.40156250000000016 0.734375 0.40156250000000016 0.734375 0.42968750000000017 0.8015625 0.42968750000000017
0 0.17031250000000003 0.4640625 0.13281250000000006 0.4640625 0.13281250000000006 0.475 0.17031250000000003 0.475
0 0.2734375000000001 0.4515625 0.2062500000000001 0.4515625 0.2062500000000001 0.48125 0.2734375000000001 0.48125
0 0.3921875000000001 0.4515625 0.3156250000000001 0.4515625 0.3156250000000001 0.4890625 0.3921875000000001 0.4890625
0 0.484375 0.453125 0.43125 0.453125 0.43125 0.478125 0.484375 0.478125
0 0.5921875 0.45625 0.509375 0.45625 0.509375 0.4890625 0.5921875 0.4890625
0 0.6984375 0.453125 0.6265625 0.453125 0.6265625 0.478125 0.6984375 0.478125
0 0.809375 0.45312500000000017 0.73125 0.45312500000000017 0.73125 0.47968750000000016 0.809375 0.47968750000000016
0 0.16250000000000003 0.515625 0.14531250000000004 0.515625 0.14531250000000004 0.5265625 0.16250000000000003 0.5265625
0 0.2734375000000001 0.5015625 0.19687500000000005 0.5015625 0.19687500000000005 0.5265625 0.2734375000000001 0.5265625
0 0.3937500000000001 0.5015625 0.3109375000000001 0.5015625 0.3109375000000001 0.5328125 0.3937500000000001 0.5328125
0 0.3890625000000001 0.525 0.3828125000000001 0.525 0.3828125000000001 0.5328125 0.3890625000000001 0.5328125
0 0.490625 0.5046875 0.425 0.5046875 0.425 0.528125 0.490625 0.528125
0 0.540625 0.509375 0.5296875 0.509375 0.5296875 0.5171875 0.540625 0.5171875
0 0.6421875 0.503125 0.540625 0.503125 0.540625 0.540625 0.6421875 0.540625
0 0.6625 0.5078125 0.65625 0.5078125 0.65625 0.5125 0.6625 0.5125
0 0.7078125 0.5140625 0.684375 0.5140625 0.684375 0.525 0.7078125 0.525
0 0.7609375 0.5187500000000002 0.7421875 0.5187500000000002 0.7421875 0.5281250000000002 0.7609375 0.5281250000000002
0 0.8375 0.5171875000000001 0.790625 0.5171875000000001 0.790625 0.5265625000000002 0.8375 0.5265625000000002
0 0.90625 0.5171875000000001 0.859375 0.5171875000000001 0.859375 0.5281250000000002 0.90625 0.5281250000000002
0 0.1843750000000001 0.553125 0.1375000000000001 0.553125 0.1375000000000001 0.5765625 0.1843750000000001 0.5765625
0 0.3203125000000001 0.5484375 0.2328125000000001 0.5484375 0.2328125000000001 0.590625 0.3203125000000001 0.590625
0 0.4484375 0.55 0.3671875000000001 0.55 0.3671875000000001 0.5765625 0.4484375 0.5765625
0 0.5375 0.5515625 0.4921875 0.5515625 0.4921875 0.578125 0.5375 0.578125
0 0.634375 0.553125 0.5859375 0.553125 0.5859375 0.5796875 0.634375 0.5796875
0 0.6875 0.56875 0.671875 0.56875 0.671875 0.578125 0.6875 0.578125
0 0.78125 0.5531250000000001 0.7140625 0.553125 0.7140625 0.5796875000000001 0.78125 0.5796875000000001
0 0.8515625 0.5578125000000002 0.8234375 0.5578125000000002 0.8234375 0.5796875000000001 0.8515625 0.5796875000000001
0 0.2562500000000001 0.6125 0.14218750000000008 0.6125 0.14218750000000008 0.6375 0.2562500000000001 0.6375
0 0.3671875000000001 0.6046875 0.31718750000000007 0.6046875 0.31718750000000007 0.628125 0.3671875000000001 0.628125
0 0.4421875 0.60625 0.4 0.60625 0.4 0.640625 0.4421875 0.640625
0 0.521875 0.6203125 0.484375 0.6203125 0.484375 0.6296875 0.521875 0.6296875
0 0.6328125 0.603125 0.5453125 0.603125 0.5453125 0.6390625 0.6328125 0.6390625
0 0.734375 0.6046875 0.6765625 0.6046875 0.6765625 0.6296875000000001 0.734375 0.6296875000000002
0 0.853125 0.6046875000000002 0.7546875 0.6046875000000002 0.7546875 0.6453125000000002 0.853125 0.6453125000000002
0 0.19687500000000008 0.6546875 0.1390625000000001 0.6546875 0.1390625000000001 0.6796875 0.19687500000000008 0.6796875
0 0.2015625000000001 0.675 0.1984375000000001 0.675 0.1984375000000001 0.6765625 0.2015625000000001 0.6765625