0 0.19062500000000004 0.2078125 0.13593750000000004 0.2078125 0.13593750000000004 0.228125 0.19062500000000004 0.228125
0 0.2984375 0.2109375 0.2171875 0.2109375 0.2171875 0.228125 0.2984375 0.228125
0 0.3984375 0.20781250000000004 0.3296875 0.2078125 0.3296875 0.22343750000000004 0.3984375 0.2234375000000001
0 0.5921875 0.2140625000000001 0.428125 0.2140625000000001 0.428125 0.22812500000000008 0.5921875 0.22812500000000008
0 0.61875 0.22031250000000008 0.615625 0.22031250000000008 0.615625 0.22656250000000008 0.61875 0.22656250000000008
0 0.7171875 0.2078125000000001 0.6640625 0.2078125000000001 0.6640625 0.22656250000000008 0.7171875 0.22656250000000008
0 0.85625 0.2093750000000001 0.746875 0.2093750000000001 0.746875 0.24218750000000008 0.85625 0.24218750000000008
0 0.3125 0.2578125 0.14062500000000006 0.2578125 0.14062500000000006 0.2796875 0.3125 0.2796875
0 0.4328125 0.26250000000000007 0.34375 0.2625 0.34375 0.27968750000000003 0.4328125 0.2796875000000001
0 0.5109375 0.2640625000000001 0.45625 0.2640625000000001 0.45625 0.2796875000000001 0.5109375 0.2796875000000001
0 0.6203125 0.2640625000000001 0.54375 0.2640625000000001 0.54375 0.2765625000000001 0.6203125 0.2765625000000001
0 0.7359375 0.2593750000000001 0.6375 0.2593750000000001 0.6375 0.2812500000000001 0.7359375 0.2812500000000001
0 0.80625 0.2609375000000001 0.75625 0.2609375000000001 0.75625 0.2828125000000001 0.80625 0.2828125000000001
0 0.884375 0.26250000000000007 0.8296875 0.26250000000000007 0.8296875 0.2843750000000001 0.884375 0.2843750000000001
0 0.2375 0.3171875 0.15312500000000004 0.3171875 0.15312500000000004 0.33125 0.2375 0.33125
0 0.2671875 0.3203125 0.25625 0.3203125 0.25625 0.3359375 0.2671875 0.3359375
0 0.56875 0.30937500000000007 0.3046875 0.309375 0.3046875 0.33125000000000004 0.56875 0.3312500000000001
0 0.659375 0.3156250000000001 0.6078125 0.3156250000000001 0.6078125 0.33281250000000007 0.659375 0.33281250000000007
0 0.7234375 0.3203125000000001 0.6796875 0.3203125000000001 0.6796875 0.3343750000000001 0.7234375 0.3343750000000001
0 0.778125 0.3125000000000001 0.7515625 0.3125000000000001 0.7515625 0.3296875000000001 0.778125 0.3296875000000001
0 0.8796875 0.3125000000000001 0.80625 0.3125000000000001 0.80625 0.33281250000000007 0.8796875 0.33281250000000007
0 0.2890625000000001 0.3640625 0.14531250000000004 0.3640625 0.14531250000000004 0.3890625 0.2890625000000001 0.3890625
0 0.39687500000000003 0.35937500000000006 0.321875 0.359375 0.321875 0.37968750000000007 0.3968750000000001 0.37968750000000007
0 0.528125 0.3625000000000001 0.44375 0.3625000000000001 0.44375 0.3828125000000001 0.528125 0.3828125000000001
0 0.6109375 0.3625000000000001 0.575 0.3625000000000001 0.575 0.38750000000000007 0.6109375 0.38750000000000007
0 0.684375 0.3625000000000001 0.6359375 0.3625000000000001 0.6359375 0.3781250000000001 0.684375 0.3781250000000001
0 0.81875 0.3687500000000001 0.7140625 0.3687500000000001 0.7140625 0.3843750000000001 0.81875 0.3843750000000001
0 0.91875 0.3593750000000001 0.8390625 0.3593750000000001 0.8390625 0.3812500000000001 0.91875 0.3812500000000001
0 0.3031250000000001 0.409375 0.15000000000000005 0.409375 0.15000000000000005 0.4328125 0.3031250000000001 0.4328125
0 0.35625000000000007 0.4140625 0.33281250000000007 0.4140625 0.33281250000000007 0.43125 0.35625000000000007 0.43125
0 0.453125 0.4125 0.403125 0.4125 0.403125 0.4296875 0.453125 0.4296875
0 0.5671875 0.415625 0.4796875 0.415625 0.4796875 0.4328125 0.5671875 0.4328125
0 0.578125 0.428125 0.5765625 0.428125 0.5765625 0.4296875 0.578125 0.4296875
0 0.703125 0.4125 0.628125 0.4125 0.628125 0.4296875 0.703125 0.4296875
0 0.7921875 0.4156250000000002 0.7375 0.4156250000000002 0.7375 0.43281250000000016 0.7921875 0.43281250000000016
0 0.89375 0.4156250000000002 0.83125 0.4156250000000002 0.83125 0.4312500000000002 0.89375 0.4312500000000002
0 0.2828125000000001 0.4640625 0.15156250000000004 0.4640625 0.15156250000000004 0.4796875 0.2828125000000001 0.4796875
0 0.45625 0.465625 0.3140625000000001 0.465625 0.3140625000000001 0.4890625 0.45625 0.4890625
0 0.5171875 0.4703125 0.4859375 0.4703125 0.4859375 0.4796875 0.5171875 0.4796875
0 0.55625 0.475 0.5421875 0.475 0.5421875 0.48125 0.55625 0.48125
0 0.6859375 0.465625 0.5890625 0.465625 0.5890625 0.4921875 0.6859375 0.4921875
0 0.925 0.46562500000000007 0.71875 0.465625 0.71875 0.4828125000000001 0.925 0.4828125000000002
0 0.9546875 0.46093750000000017 0.94375 0.46093750000000017 0.94375 0.4671875000000002 0.9546875 0.4671875000000002
0 0.2234375000000001 0.5125 0.15468750000000003 0.5125 0.15468750000000003 0.5296875 0.2234375000000001 0.5296875
0 0.27812500000000007 0.5125 0.2671875000000001 0.5125 0.2671875000000001 0.5203125 0.27812500000000007 0.5203125
0 0.4875 0.5140625 0.2828125000000001 0.5140625 0.2828125000000001 0.53125 0.4875 0.53125
0 0.50625 0.5125 0.496875 0.5125 0.496875 0.51875 0.50625 0.51875
0 0.7234375 0.50625 0.534375 0.50625 0.534375 0.534375 0.7234375 0.534375
0 0.7359375 0.5296875000000002 0.734375 0.5296875000000002 0.734375 0.5312500000000002 0.7359375 0.5312500000000002
0 0.765625 0.5109375000000002 0.753125 0.5109375000000002 0.753125 0.5171875000000001 0.765625 0.5171875000000001
0 0.85625 0.5125000000000002 0.7984375 0.5125000000000002 0.7984375 0.5296875000000002 0.85625 0.5296875000000002
0 0.9015625 0.5156250000000002 0.8734375 0.5156250000000002 0.8734375 0.5312500000000002 0.9015625 0.5312500000000002
0 0.2750000000000001 0.5671875 0.14843750000000008 0.5671875 0.14843750000000008 0.5859375 0.2750000000000001 0.5859375
0 0.3265625000000001 0.559375 0.30156250000000007 0.559375 0.30156250000000007 0.5796875 0.3265625000000001 0.5796875
0 0.4984375 0.5640625 0.3500000000000001 0.5640625 0.3500000000000001 0.5875 0.4984375 0.5875
0 0.6796875 0.565625 0.5390625 0.565625 0.5390625 0.5859375 0.6796875 0.5859375
0 0.7578125 0.5625000000000001 0.71875 0.5625 0.71875 0.5859375000000001 0.7578125 0.5859375000000002
0 0.8203125 0.5625000000000002 0.775 0.5625000000000002 0.775 0.5828125000000002 0.8203125 0.5828125000000002
0 0.9390625 0.5671875000000002 0.853125 0.5671875000000002 0.853125 0.5828125000000002 0.9390625 0.5828125000000002
0 0.3281250000000001 0.615625 0.1515625000000001 0.615625 0.1515625000000001 0.63125 0.3281250000000001 0.63125
0 0.3437500000000001 0.6296875 0.34062500000000007 0.6296875 0.34062500000000007 0.63125 0.3437500000000001 0.63125