0 0.234375 0.2 0.14531250000000004 0.2 0.14531250000000004 0.221875 0.234375 0.221875
0 0.334375 0.2125 0.25625 0.2125 0.25625 0.2234375 0.334375 0.2234375
0 0.4265625 0.20000000000000004 0.35 0.2 0.35 0.22343750000000004 0.4265625 0.2234375000000001
0 0.5296875 0.2000000000000001 0.4484375 0.2000000000000001 0.4484375 0.2234375000000001 0.5296875 0.2234375000000001
0 0.58125 0.2062500000000001 0.55 0.2062500000000001 0.55 0.23593750000000008 0.58125 0.23593750000000008
0 0.61875 0.20468750000000008 0.6109375 0.20468750000000008 0.6109375 0.21093750000000008 0.61875 0.21093750000000008
0 0.7125 0.20468750000000008 0.615625 0.20468750000000008 0.615625 0.2250000000000001 0.7125 0.2250000000000001
0 0.7203125 0.20468750000000008 0.7109375 0.20468750000000008 0.7109375 0.21250000000000008 0.7203125 0.21250000000000008
0 0.8140625 0.20312500000000008 0.7375 0.20312500000000008 0.7375 0.2312500000000001 0.8140625 0.2312500000000001
0 0.19375000000000003 0.2484375 0.15000000000000005 0.2484375 0.15000000000000005 0.2734375 0.19375000000000003 0.2734375
0 0.2875 0.25 0.2140625 0.25 0.2140625 0.284375 0.2875 0.284375
0 0.3421875 0.253125 0.309375 0.253125 0.309375 0.284375 0.3421875 0.284375
0 0.4234375 0.2515625 0.353125 0.2515625 0.353125 0.27812500000000007 0.4234375 0.27812500000000007
0 0.6640625 0.2531250000000001 0.45625 0.2531250000000001 0.45625 0.27812500000000007 0.6640625 0.27812500000000007
0 0.759375 0.2531250000000001 0.6875 0.2531250000000001 0.6875 0.2765625000000001 0.759375 0.2765625000000001
0 0.76875 0.2718750000000001 0.7640625 0.2718750000000001 0.7640625 0.2734375000000001 0.76875 0.2734375000000001
0 0.8265625 0.2578125000000001 0.7875 0.2578125000000001 0.7875 0.2765625000000001 0.8265625 0.2765625000000001
0 0.2078125 0.303125 0.13593750000000004 0.303125 0.13593750000000004 0.325 0.2078125 0.325
0 0.3734375 0.30312500000000003 0.228125 0.303125 0.228125 0.33437500000000003 0.3734375 0.3343750000000001
0 0.4390625 0.3078125000000001 0.39375 0.3078125000000001 0.39375 0.32500000000000007 0.4390625 0.32500000000000007
0 0.4984375 0.3062500000000001 0.4515625 0.3062500000000001 0.4515625 0.32500000000000007 0.4984375 0.32500000000000007
0 0.571875 0.3078125000000001 0.5203125 0.3078125000000001 0.5203125 0.32500000000000007 0.571875 0.32500000000000007
0 0.671875 0.3031250000000001 0.5859375 0.3031250000000001 0.5859375 0.3265625000000001 0.671875 0.3265625000000001
0 0.7328125 0.3156250000000001 0.6890625 0.3156250000000001 0.6890625 0.3265625000000001 0.7328125 0.3265625000000001
0 0.7953125 0.3046875000000001 0.75 0.3046875000000001 0.75 0.3281250000000001 0.7953125 0.3281250000000001
0 0.871875 0.3046875000000001 0.8125 0.3046875000000001 0.8125 0.3265625000000001 0.871875 0.3265625000000001
0 0.22656250000000006 0.3484375 0.14062500000000006 0.3484375 0.14062500000000006 0.3734375 0.22656250000000008 0.3734375
0 0.2390625000000001 0.36875 0.23593750000000008 0.36875 0.23593750000000008 0.371875 0.2390625000000001 0.371875
0 0.2828125 0.359375 0.259375 0.359375 0.259375 0.3765625 0.2828125000000001 0.3765625
0 0.35937500000000006 0.3578125 0.303125 0.3578125 0.30312500000000003 0.3828125 0.3593750000000001 0.3828125
0 0.4875 0.3546875000000001 0.3796875 0.3546875000000001 0.37968750000000007 0.3750000000000001 0.4875 0.3750000000000001
0 0.5765625 0.3546875000000001 0.5078125 0.3546875000000001 0.5078125 0.3765625000000001 0.5765625 0.3765625000000001
0 0.5890625 0.3734375000000001 0.584375 0.3734375000000001 0.584375 0.3828125000000001 0.5890625 0.3828125000000001
0 0.6421875 0.3593750000000001 0.60625 0.3593750000000001 0.60625 0.3781250000000001 0.6421875 0.3781250000000001
0 0.728125 0.35625000000000007 0.6578125 0.35625000000000007 0.6578125 0.3781250000000001 0.728125 0.3781250000000001
0 0.8109375 0.3546875000000001 0.7515625 0.3546875000000001 0.7515625 0.3859375000000001 0.8109375 0.3859375000000001
0 0.86875 0.36406250000000007 0.8234375 0.36406250000000007 0.8234375 0.3859375000000001 0.86875 0.3859375000000001
0 0.2000000000000001 0.3984375 0.13593750000000004 0.3984375 0.13593750000000004 0.425 0.2000000000000001 0.425
0 0.2828125000000001 0.4 0.21875000000000008 0.4 0.21875000000000008 0.43125 0.2828125000000001 0.43125
0 0.3546875000000001 0.4 0.2968750000000001 0.4 0.2968750000000001 0.4265625 0.3546875000000001 0.4265625
0 0.5109375 0.4015625 0.3734375000000001 0.4015625 0.3734375000000001 0.4265625 0.5109375 0.4265625
0 0.521875 0.4234375 0.51875 0.4234375 0.51875 0.4265625 0.521875 0.4265625
0 0.5828125 0.4078125 0.5390625 0.4078125 0.5390625 0.425 0.5828125 0.425
0 0.7328125 0.4000000000000001 0.6015625 0.4 0.6015625 0.42656250000000007 0.7328125 0.4265625000000002
0 0.8234375 0.4046875000000002 0.7515625 0.4046875000000002 0.7515625 0.42968750000000017 0.8234375 0.42968750000000017
0 0.2562500000000001 0.4484375 0.13906250000000003 0.4484375 0.13906250000000003 0.475 0.2562500000000001 0.475
0 0.3453125000000001 0.4546875 0.2750000000000001 0.4546875 0.2750000000000001 0.475 0.3453125000000001 0.475
0 0.4109375 0.45625 0.36406250000000007 0.45625 0.36406250000000007 0.4765625 0.4109375 0.4765625
0 0.51875 0.4546875 0.428125 0.4546875 0.428125 0.4765625 0.51875 0.4765625
0 0.621875 0.4515625 0.5421875 0.4515625 0.5421875 0.4875 0.621875 0.4875
0 0.740625 0.4562500000000001 0.64375 0.45625 0.64375 0.4796875000000001 0.740625 0.47968750000000016
0 0.8203125 0.45625000000000016 0.7625 0.45625000000000016 0.7625 0.47968750000000016 0.8203125 0.47968750000000016
0 0.3031250000000001 0.503125 0.13593750000000004 0.503125 0.13593750000000004 0.540625 0.3031250000000001 0.540625
0 0.440625 0.503125 0.30937500000000007 0.503125 0.30937500000000007 0.5375 0.440625 0.5375
0 0.5625 0.5171875 0.4578125 0.5171875 0.4578125 0.5296875 0.5625 0.5296875
0 0.74375 0.503125 0.578125 0.503125 0.578125 0.5359375000000001 0.74375 0.5359375000000002
0 0.75 0.5250000000000001 0.746875 0.5250000000000001 0.746875 0.5281250000000002 0.75 0.5281250000000002
0 0.8046875 0.5093750000000001 0.7640625 0.5093750000000001 0.7640625 0.5296875000000002 0.8046875 0.5296875000000002
0 0.86875 0.5046875000000002 0.815625 0.5046875000000002 0.815625 0.5281250000000002 0.86875 0.5281250000000002
0 0.2453125000000001 0.5515625 0.14218750000000008 0.5515625 0.14218750000000008 0.575 0.2453125000000001 0.575
0 0.2953125000000001 0.5578125 0.2656250000000001 0.5578125 0.2656250000000001 0.5859375 0.2953125000000001 0.5859375
0 0.3531250000000001 0.553125 0.3078125000000001 0.553125 0.3078125000000001 0.5796875 0.3531250000000001 0.5796875
0 0.5234375 0.5546875 0.3734375000000001 0.5546875 0.3734375000000001 0.5890625 0.5234375 0.5890625
0 0.646875 0.565625 0.546875 0.565625 0.546875 0.578125 0.646875 0.578125
0 0.65 0.575 0.646875 0.575 0.646875 0.578125 0.65 0.578125
0 0.7046875 0.5578125 0.6703125 0.5578125 0.6703125 0.58125 0.7046875 0.58125
0 0.8671875 0.5531250000000001 0.721875 0.553125 0.721875 0.5796875000000001 0.8671875 0.5796875000000001
0 0.24375000000000008 0.603125 0.1437500000000001 0.603125 0.1437500000000001 0.628125 0.24375000000000008 0.628125
0 0.3125000000000001 0.603125 0.26250000000000007 0.603125 0.26250000000000007 0.6265625 0.3125000000000001 0.6265625
0 0.4109375 0.603125 0.32500000000000007 0.603125 0.32500000000000007 0.628125 0.4109375 0.628125
0 0.48125 0.6015625 0.440625 0.6015625 0.440625 0.6265625 0.48125 0.6265625
0 0.5390625 0.6078125 0.5 0.6078125 0.5 0.6296875 0.5390625 0.6296875
0 0.625 0.6046875 0.55625 0.6046875 0.55625 0.6296875 0.625 0.6296875
0 0.63125 0.6265625 0.628125 0.6265625 0.628125 0.6296875 0.63125 0.6296875