0 0.17343750000000005 0.2171875 0.15312500000000004 0.2171875 0.15312500000000004 0.228125 0.17343750000000005 0.228125
0 0.221875 0.221875 0.18750000000000006 0.221875 0.18750000000000006 0.2296875 0.221875 0.2296875
0 0.34375 0.21875 0.2390625 0.21875 0.2390625 0.2375 0.34375 0.2375
0 0.375 0.21718750000000003 0.3484375 0.2171875 0.3484375 0.22968750000000004 0.375 0.2296875000000001
0 0.4984375 0.2171875000000001 0.3875 0.2171875000000001 0.3875 0.2296875000000001 0.4984375 0.2296875000000001
0 0.596875 0.2171875000000001 0.5125 0.2171875000000001 0.5125 0.23593750000000008 0.596875 0.23593750000000008
0 0.6296875 0.2171875000000001 0.6046875 0.2171875000000001 0.6046875 0.23437500000000008 0.6296875 0.23437500000000008
0 0.6640625 0.2171875000000001 0.6375 0.2171875000000001 0.6375 0.22812500000000008 0.6640625 0.22812500000000008
0 0.7671875 0.2156250000000001 0.675 0.2156250000000001 0.675 0.2296875000000001 0.7671875 0.2296875000000001
0 0.8015625 0.2171875000000001 0.78125 0.2171875000000001 0.78125 0.22812500000000008 0.8015625 0.22812500000000008
0 0.8484375 0.2171875000000001 0.821875 0.2171875000000001 0.821875 0.22656250000000008 0.8484375 0.22656250000000008
0 0.2078125 0.265625 0.15468750000000003 0.265625 0.15468750000000003 0.2796875 0.2078125 0.2796875
0 0.2484375 0.2671875 0.221875 0.2671875 0.221875 0.2796875 0.2484375 0.2796875
0 0.3203125 0.26875 0.2609375 0.26875 0.2609375 0.2875 0.3203125 0.2875
0 0.353125 0.2671875 0.334375 0.2671875 0.334375 0.2796875 0.353125 0.2796875
0 0.3953125 0.2671875000000001 0.36875 0.2671875000000001 0.36875 0.27812500000000007 0.3953125 0.27812500000000007
0 0.4515625 0.2687500000000001 0.4109375 0.2687500000000001 0.4109375 0.2796875000000001 0.4515625 0.2796875000000001
0 0.496875 0.2687500000000001 0.4640625 0.2687500000000001 0.4640625 0.28593750000000007 0.496875 0.28593750000000007
0 0.5359375 0.2671875000000001 0.50625 0.2671875000000001 0.50625 0.2812500000000001 0.5359375 0.2812500000000001
0 0.65625 0.2671875000000001 0.546875 0.2671875000000001 0.546875 0.2906250000000001 0.65625 0.2906250000000001
0 0.6921875 0.2687500000000001 0.66875 0.2687500000000001 0.66875 0.2796875000000001 0.6921875 0.2796875000000001
0 0.7421875 0.2671875000000001 0.7 0.2671875000000001 0.7 0.2796875000000001 0.7421875 0.2796875000000001
0 0.75625 0.2718750000000001 0.746875 0.2718750000000001 0.746875 0.2796875000000001 0.75625 0.2796875000000001
0 0.7796875 0.2656250000000001 0.765625 0.2656250000000001 0.765625 0.2718750000000001 0.7796875 0.2718750000000001
0 0.825 0.2671875000000001 0.7890625 0.2671875000000001 0.7890625 0.2796875000000001 0.825 0.2796875000000001
0 0.8828125 0.2671875000000001 0.8328125 0.2671875000000001 0.8328125 0.2812500000000001 0.8828125 0.2812500000000001
0 0.19218750000000004 0.321875 0.15937500000000004 0.321875 0.15937500000000004 0.3390625 0.19218750000000004 0.3390625
0 0.24375 0.3171875 0.2046875 0.3171875 0.2046875 0.3296875 0.24375 0.3296875
0 0.28125 0.3171875 0.2546875 0.3171875 0.2546875 0.3375 0.28125 0.3375
0 0.31875 0.325 0.2953125 0.325 0.2953125 0.33125 0.31875 0.33125
0 0.4203125 0.31718750000000007 0.334375 0.3171875 0.334375 0.3375 0.4203125 0.3375000000000001
0 0.5125 0.3187500000000001 0.4375 0.3187500000000001 0.4375 0.3421875000000001 0.5125 0.3421875000000001
0 0.55 0.31718750000000007 0.5234375 0.31718750000000007 0.5234375 0.3296875000000001 0.55 0.3296875000000001
0 0.5828125 0.31718750000000007 0.5609375 0.31718750000000007 0.5609375 0.3281250000000001 0.5828125 0.3281250000000001
0 0.628125 0.31718750000000007 0.59375 0.31718750000000007 0.59375 0.3296875000000001 0.628125 0.3296875000000001
0 0.71875 0.3187500000000001 0.640625 0.3187500000000001 0.640625 0.3312500000000001 0.71875 0.3312500000000001
0 0.7546875 0.31718750000000007 0.7328125 0.31718750000000007 0.7328125 0.3281250000000001 0.7546875 0.3281250000000001
0 0.8 0.3218750000000001 0.7640625 0.3218750000000001 0.7640625 0.3281250000000001 0.8 0.3281250000000001
0 0.8671875 0.31718750000000007 0.8109375 0.31718750000000007 0.8109375 0.3390625000000001 0.8671875 0.3390625000000001
0 0.18593750000000003 0.365625 0.15156250000000004 0.365625 0.15156250000000004 0.3859375 0.18593750000000003 0.3859375
0 0.25468750000000007 0.365625 0.20312500000000008 0.365625 0.20312500000000008 0.3796875 0.25468750000000007 0.3796875
0 0.3281250000000001 0.371875 0.2734375000000001 0.371875 0.2734375000000001 0.3859375 0.3281250000000001 0.3859375
0 0.3437500000000001 0.378125 0.3359375000000001 0.378125 0.3359375000000001 0.38125 0.3437500000000001 0.38125
0 0.3734375000000001 0.36718750000000006 0.3578125000000001 0.3671875 0.3578125000000001 0.37343750000000003 0.3734375000000001 0.3734375000000001
0 0.4 0.3671875000000001 0.3859375000000001 0.3671875000000001 0.3859375000000001 0.3781250000000001 0.4 0.3781250000000001
0 0.453125 0.3687500000000001 0.409375 0.3687500000000001 0.409375 0.3812500000000001 0.453125 0.3812500000000001
0 0.5109375 0.36406250000000007 0.465625 0.36406250000000007 0.465625 0.3921875000000001 0.5109375 0.3921875000000001
0 0.5359375 0.3703125000000001 0.521875 0.3703125000000001 0.521875 0.37968750000000007 0.5359375 0.37968750000000007
0 0.5890625 0.3687500000000001 0.5515625 0.3687500000000001 0.5515625 0.3843750000000001 0.5890625 0.3843750000000001
0 0.65625 0.3734375000000001 0.6 0.3734375000000001 0.6 0.3890625000000001 0.65625 0.3890625000000001
0 0.6953125 0.3671875000000001 0.675 0.3671875000000001 0.675 0.3781250000000001 0.6953125 0.3781250000000001
0 0.73125 0.3734375000000001 0.7078125 0.3734375000000001 0.7078125 0.3906250000000001 0.73125 0.3906250000000001
0 0.81875 0.3671875000000001 0.74375 0.3671875000000001 0.74375 0.3890625000000001 0.81875 0.3890625000000001
0 0.8453125 0.3671875000000001 0.8296875 0.3671875000000001 0.8296875 0.37968750000000007 0.8453125 0.37968750000000007
0 0.909375 0.3671875000000001 0.85625 0.3671875000000001 0.85625 0.37968750000000007 0.909375 0.37968750000000007
0 0.9171875 0.3765625000000001 0.909375 0.3765625000000001 0.909375 0.3843750000000001 0.9171875 0.3843750000000001
0 0.18437500000000004 0.4171875 0.15156250000000004 0.4171875 0.15156250000000004 0.428125 0.18437500000000004 0.428125
0 0.23593750000000008 0.4171875 0.20312500000000008 0.4171875 0.20312500000000008 0.43125 0.23593750000000008 0.43125
0 0.27031250000000007 0.4171875 0.2484375000000001 0.4171875 0.2484375000000001 0.4296875 0.27031250000000007 0.4296875
0 0.3187500000000001 0.421875 0.28593750000000007 0.421875 0.28593750000000007 0.4296875 0.3187500000000001 0.4296875
0 0.4484375 0.4171875 0.3390625000000001 0.4171875 0.3390625000000001 0.4359375 0.4484375 0.4359375
0 0.5140625 0.4171875 0.4625 0.4171875 0.4625 0.440625 0.5140625 0.440625
0 0.5546875 0.4234375 0.528125 0.4234375 0.528125 0.4421875 0.5546875 0.4421875
0 0.60625 0.41875 0.5671875 0.41875 0.5671875 0.4421875 0.60625 0.4421875
0 0.7015625 0.4171875 0.6203125 0.4171875 0.6203125 0.4375 0.7015625 0.4375
0 0.7421875 0.41875000000000007 0.7140625 0.41875 0.7140625 0.4406250000000001 0.7421875 0.44062500000000016
0 0.784375 0.41718750000000016 0.753125 0.41718750000000016 0.753125 0.4312500000000002 0.784375 0.4312500000000002
0 0.846875 0.41718750000000016 0.7890625 0.41718750000000016 0.7890625 0.4312500000000002 0.846875 0.4312500000000002
0 0.903125 0.41718750000000016 0.859375 0.41718750000000016 0.859375 0.42968750000000017 0.903125 0.42968750000000017
0 0.16562500000000005 0.4640625 0.15000000000000005 0.4640625 0.15000000000000005 0.48125 0.16562500000000005 0.48125
0 0.2718750000000001 0.465625 0.18125000000000005 0.465625 0.18125000000000005 0.48125 0.2718750000000001 0.48125
0 0.3890625000000001 0.465625 0.2968750000000001 0.465625 0.2968750000000001 0.48125 0.3890625000000001 0.48125
0 0.5234375 0.4640625 0.40625 0.4640625 0.40625 0.48125 0.5234375 0.48125
0 0.5375 0.4765625 0.53125 0.4765625 0.53125 0.48125 0.5375 0.48125