0 0.18125000000000005 0.259375 0.13750000000000004 0.259375 0.13750000000000004 0.271875 0.18125000000000005 0.271875
0 0.265625 0.2625 0.20625 0.2625 0.20625 0.275 0.265625 0.275
0 0.309375 0.2625 0.2921875 0.2625 0.2921875 0.275 0.309375 0.275
0 0.3671875 0.26250000000000007 0.3375 0.2625 0.3375 0.27656250000000004 0.3671875 0.2765625000000001
0 0.4359375 0.26250000000000007 0.4078125 0.26250000000000007 0.4078125 0.27812500000000007 0.4359375 0.27812500000000007
0 0.5125 0.26250000000000007 0.4609375 0.26250000000000007 0.4609375 0.2750000000000001 0.5125 0.2750000000000001
0 0.5796875 0.2640625000000001 0.534375 0.2640625000000001 0.534375 0.2750000000000001 0.5796875 0.2750000000000001
0 0.6140625 0.27031250000000007 0.603125 0.27031250000000007 0.603125 0.2765625000000001 0.6140625 0.2765625000000001
0 0.7875 0.2640625000000001 0.6328125 0.2640625000000001 0.6328125 0.2765625000000001 0.7875 0.2765625000000001
0 0.825 0.26250000000000007 0.80625 0.26250000000000007 0.80625 0.2765625000000001 0.825 0.2765625000000001
0 0.18906250000000005 0.3125 0.13750000000000004 0.3125 0.13750000000000004 0.3234375 0.18906250000000005 0.3234375
0 0.3125 0.3140625 0.2171875 0.3140625 0.2171875 0.3296875 0.3125 0.3296875
0 0.3828125 0.31718750000000007 0.3390625 0.3171875 0.3390625 0.32500000000000007 0.3828125 0.32500000000000007
0 0.496875 0.31718750000000007 0.40625 0.31718750000000007 0.40625 0.33281250000000007 0.496875 0.33281250000000007
0 0.5421875 0.3156250000000001 0.521875 0.3156250000000001 0.521875 0.3281250000000001 0.5421875 0.3281250000000001
0 0.646875 0.31718750000000007 0.565625 0.31718750000000007 0.565625 0.3281250000000001 0.646875 0.3281250000000001
0 0.7671875 0.31718750000000007 0.675 0.31718750000000007 0.675 0.3312500000000001 0.7671875 0.3312500000000001
0 0.7765625 0.32500000000000007 0.7734375 0.32500000000000007 0.7734375 0.3265625000000001 0.7765625 0.3265625000000001
0 0.8515625 0.3140625000000001 0.8015625 0.3140625000000001 0.8015625 0.33281250000000007 0.8515625 0.33281250000000007
0 0.16406250000000006 0.3609375 0.13750000000000004 0.3609375 0.13750000000000004 0.3734375 0.16406250000000006 0.3734375
0 0.17656250000000004 0.3671875 0.17343750000000005 0.3671875 0.17343750000000005 0.3734375 0.17656250000000004 0.3734375
0 0.2562500000000001 0.365625 0.2093750000000001 0.365625 0.2093750000000001 0.378125 0.2562500000000001 0.378125
0 0.3187500000000001 0.365625 0.27812500000000007 0.365625 0.27812500000000007 0.378125 0.3187500000000001 0.378125
0 0.3359375000000001 0.3734375 0.3296875000000001 0.3734375 0.3296875000000001 0.375 0.3359375000000001 0.375
0 0.3734375000000001 0.36718750000000006 0.3578125000000001 0.3671875 0.3578125000000001 0.37968750000000007 0.3734375000000001 0.37968750000000007
0 0.403125 0.3671875000000001 0.3906250000000001 0.3671875000000001 0.3906250000000001 0.3781250000000001 0.403125 0.3781250000000001
0 0.4703125 0.3656250000000001 0.428125 0.3656250000000001 0.428125 0.3843750000000001 0.4703125 0.3843750000000001
0 0.509375 0.3656250000000001 0.4921875 0.3656250000000001 0.4921875 0.3781250000000001 0.509375 0.3781250000000001
0 0.565625 0.3703125000000001 0.534375 0.3703125000000001 0.534375 0.3812500000000001 0.565625 0.3812500000000001
0 0.625 0.3656250000000001 0.590625 0.3656250000000001 0.590625 0.3781250000000001 0.625 0.3781250000000001
0 0.7265625 0.3687500000000001 0.646875 0.3687500000000001 0.646875 0.37968750000000007 0.7265625 0.37968750000000007
0 0.7671875 0.3703125000000001 0.75 0.3703125000000001 0.75 0.3828125000000001 0.7671875 0.3828125000000001
0 0.8 0.3734375000000001 0.7890625 0.3734375000000001 0.7890625 0.37968750000000007 0.8 0.37968750000000007
0 0.865625 0.3734375000000001 0.821875 0.3734375000000001 0.821875 0.3859375000000001 0.865625 0.3859375000000001
0 0.19062500000000004 0.4109375 0.13437500000000005 0.4109375 0.13437500000000005 0.43125 0.19062500000000004 0.43125
0 0.26250000000000007 0.4140625 0.2171875000000001 0.4140625 0.2171875000000001 0.4265625 0.26250000000000007 0.4265625
0 0.3812500000000001 0.4140625 0.2906250000000001 0.4140625 0.2906250000000001 0.4296875 0.3812500000000001 0.4296875
0 0.459375 0.4203125 0.4078125 0.4203125 0.4078125 0.428125 0.459375 0.428125
0 0.5078125 0.4203125 0.48125 0.4203125 0.48125 0.4265625 0.5078125 0.4265625
0 0.5609375 0.4171875 0.5296875 0.4171875 0.5296875 0.4265625 0.5609375 0.4265625
0 0.653125 0.41875 0.5875 0.41875 0.5875 0.434375 0.653125 0.434375
0 0.665625 0.4265625 0.6625 0.4265625 0.6625 0.428125 0.665625 0.428125
0 0.75 0.4171875000000001 0.696875 0.4171875 0.696875 0.4296875000000001 0.75 0.42968750000000017
0 0.8625 0.4187500000000002 0.76875 0.4187500000000002 0.76875 0.4359375000000002 0.8625 0.4359375000000002
0 0.875 0.4281250000000002 0.8703125 0.4281250000000002 0.8703125 0.4359375000000002 0.875 0.4359375000000002
0 0.18437500000000004 0.4640625 0.13593750000000004 0.4640625 0.13593750000000004 0.4765625 0.18437500000000004 0.4765625
0 0.23437500000000008 0.4625 0.2140625000000001 0.4625 0.2140625000000001 0.478125 0.23437500000000008 0.478125
0 0.3734375000000001 0.4640625 0.2671875000000001 0.4640625 0.2671875000000001 0.4765625 0.3734375000000001 0.4765625
0 0.4421875 0.465625 0.4 0.465625 0.4 0.4765625 0.4421875 0.4765625
0 0.6359375 0.465625 0.471875 0.465625 0.471875 0.4859375 0.6359375 0.4859375
0 0.6640625 0.4703125 0.6609375 0.4703125 0.6609375 0.4796875 0.6640625 0.4796875
0 0.675 0.4671875 0.6625 0.4671875 0.6625 0.478125 0.675 0.478125
0 0.78125 0.46562500000000007 0.696875 0.465625 0.696875 0.48125000000000007 0.78125 0.4812500000000002
0 0.815625 0.4734375000000002 0.8046875 0.4734375000000002 0.8046875 0.4781250000000002 0.815625 0.4781250000000002
0 0.2093750000000001 0.5140625 0.13125000000000003 0.5140625 0.13125000000000003 0.5265625 0.2093750000000001 0.5265625
0 0.2656250000000001 0.5171875 0.2406250000000001 0.5171875 0.2406250000000001 0.5328125 0.2656250000000001 0.5328125
0 0.31718750000000007 0.521875 0.2843750000000001 0.521875 0.2843750000000001 0.528125 0.31718750000000007 0.528125
0 0.4109375 0.5171875 0.34843750000000007 0.5171875 0.34843750000000007 0.534375 0.4109375 0.534375
0 0.4484375 0.515625 0.4296875 0.515625 0.4296875 0.5265625 0.4484375 0.5265625
0 0.540625 0.5171875 0.475 0.5171875 0.475 0.5328125 0.540625 0.5328125
0 0.55625 0.5265625 0.55 0.5265625 0.55 0.528125 0.55625 0.528125
0 0.6265625 0.5171875 0.5796875 0.5171875 0.5796875 0.5296875 0.6265625 0.5296875
0 0.6828125 0.5234375 0.6421875 0.5234375 0.6421875 0.5296875 0.6828125 0.5296875
0 0.6953125 0.5296875 0.6890625 0.5296875 0.6890625 0.5359375 0.6953125 0.5359375
0 0.7765625 0.5203125000000001 0.7140625 0.5203125 0.7140625 0.5296875000000001 0.7765625 0.5296875000000002
0 0.828125 0.5187500000000002 0.803125 0.5187500000000002 0.803125 0.5359375000000002 0.828125 0.5359375000000002
0 0.1671875000000001 0.565625 0.13437500000000008 0.565625 0.13437500000000008 0.578125 0.1671875000000001 0.578125
0 0.2906250000000001 0.5671875 0.19531250000000008 0.5671875 0.19531250000000008 0.584375 0.2906250000000001 0.584375
0 0.3265625000000001 0.5671875 0.29375000000000007 0.5671875 0.29375000000000007 0.578125 0.3265625000000001 0.578125
0 0.3421875000000001 0.56875 0.3187500000000001 0.56875 0.3187500000000001 0.575 0.3421875000000001 0.575
0 0.4125 0.5671875 0.3671875000000001 0.5671875 0.3671875000000001 0.578125 0.4125 0.578125
0 0.5046875 0.565625 0.4421875 0.565625 0.4421875 0.578125 0.5046875 0.578125
0 0.5171875 0.5796875 0.5109375 0.5796875 0.5109375 0.584375 0.5171875 0.584375
0 0.546875 0.565625 0.534375 0.565625 0.534375 0.578125 0.546875 0.578125
0 0.603125 0.5671875 0.5640625 0.5671875 0.5640625 0.5796875 0.603125 0.5796875
0 0.6828125 0.5734375 0.628125 0.5734375 0.628125 0.58125 0.6828125 0.58125
0 0.7640625 0.565625 0.7078125 0.565625 0.7078125 0.5796875000000001 0.7640625 0.5796875000000001
0 0.8453125 0.5671875000000002 0.7828125 0.5671875000000002 0.7828125 0.5859375000000002 0.8453125 0.5859375000000002
0 0.1921875000000001 0.6140625 0.1390625000000001 0.6140625 0.1390625000000001 0.63125 0.1921875000000001 0.63125
0 0.2562500000000001 0.61875 0.2156250000000001 0.61875 0.2156250000000001 0.628125 0.2562500000000001 0.628125
0 0.3375000000000001 0.621875 0.2812500000000001 0.621875 0.2812500000000001 0.628125 0.3375000000000001 0.628125
0 0.37968750000000007 0.615625 0.3656250000000001 0.615625 0.3656250000000001 0.628125 0.37968750000000007 0.628125
0 0.459375 0.6171875 0.4078125 0.6171875 0.4078125 0.6296875 0.459375 0.6296875
0 0.5015625 0.6171875 0.4765625 0.6171875 0.4765625 0.6328125 0.5015625 0.6328125
0 0.5296875 0.625 0.5171875 0.625 0.5171875 0.6296875 0.5296875 0.6296875
0 0.6109375 0.61875 0.55625 0.61875 0.55625 0.6296875 0.6109375 0.6296875
0 0.6609375 0.625 0.6265625 0.625 0.6265625 0.63125 0.6609375 0.63125
0 0.6671875 0.628125 0.6640625 0.628125 0.6640625 0.63125 0.6671875 0.63125