0 0.2015625 0.259375 0.14687500000000003 0.259375 0.14687500000000003 0.2734375 0.2015625 0.2734375
0 0.259375 0.2625 0.2265625 0.2625 0.2265625 0.2796875 0.259375 0.2796875
0 0.3203125 0.2625 0.2796875 0.2625 0.2796875 0.275 0.3203125 0.275
0 0.4 0.26562500000000006 0.3421875 0.265625 0.3421875 0.27656250000000004 0.4 0.2765625000000001
0 0.48125 0.26250000000000007 0.4265625 0.26250000000000007 0.4265625 0.2750000000000001 0.48125 0.2750000000000001
0 0.5625 0.26250000000000007 0.5015625 0.26250000000000007 0.5015625 0.2750000000000001 0.5625 0.2750000000000001
0 0.6484375 0.2609375000000001 0.5875 0.2609375000000001 0.5875 0.27812500000000007 0.6484375 0.27812500000000007
0 0.703125 0.26250000000000007 0.671875 0.26250000000000007 0.671875 0.2750000000000001 0.703125 0.2750000000000001
0 0.76875 0.26250000000000007 0.7234375 0.26250000000000007 0.7234375 0.2796875000000001 0.76875 0.2796875000000001
0 0.803125 0.2671875000000001 0.790625 0.2671875000000001 0.790625 0.2750000000000001 0.803125 0.2750000000000001
0 0.871875 0.26250000000000007 0.8203125 0.26250000000000007 0.8203125 0.27812500000000007 0.871875 0.27812500000000007
0 0.284375 0.3125 0.14375000000000004 0.3125 0.14375000000000004 0.325 0.284375 0.325
0 0.34375 0.3140625 0.309375 0.3140625 0.309375 0.3265625 0.34375 0.3265625
0 0.4453125 0.3125000000000001 0.365625 0.3125000000000001 0.365625 0.3296875000000001 0.4453125 0.3296875000000001
0 0.490625 0.3203125000000001 0.465625 0.3203125000000001 0.465625 0.32500000000000007 0.490625 0.32500000000000007
0 0.6265625 0.3125000000000001 0.5140625 0.3125000000000001 0.5140625 0.3265625000000001 0.6265625 0.3265625000000001
0 0.6828125 0.3140625000000001 0.6453125 0.3140625000000001 0.6453125 0.3312500000000001 0.6828125 0.3312500000000001
0 0.7265625 0.3125000000000001 0.709375 0.3125000000000001 0.709375 0.32500000000000007 0.7265625 0.32500000000000007
0 0.8796875 0.3140625000000001 0.7546875 0.3140625000000001 0.7546875 0.3343750000000001 0.8796875 0.3343750000000001
0 0.8859375 0.32500000000000007 0.884375 0.32500000000000007 0.884375 0.3265625000000001 0.8859375 0.3265625000000001
0 0.19531250000000006 0.3625 0.14218750000000005 0.3625 0.14218750000000005 0.3734375 0.19531250000000006 0.3734375
0 0.33593750000000006 0.3625 0.221875 0.3625 0.22187500000000004 0.378125 0.3359375000000001 0.378125
0 0.3656250000000001 0.37031250000000004 0.35625000000000007 0.3703125 0.35625000000000007 0.37187500000000007 0.3656250000000001 0.37187500000000007
0 0.4546875 0.36406250000000007 0.3937500000000001 0.36406250000000007 0.3937500000000001 0.3765625000000001 0.4546875 0.3765625000000001
0 0.534375 0.3671875000000001 0.475 0.3671875000000001 0.475 0.3781250000000001 0.534375 0.3781250000000001
0 0.5890625 0.3625000000000001 0.5546875 0.3625000000000001 0.5546875 0.3765625000000001 0.5890625 0.3765625000000001
0 0.6296875 0.36406250000000007 0.6140625 0.36406250000000007 0.6140625 0.3765625000000001 0.6296875 0.3765625000000001
0 0.6734375 0.3703125000000001 0.646875 0.3703125000000001 0.646875 0.3765625000000001 0.6734375 0.3765625000000001
0 0.7046875 0.3734375000000001 0.6953125 0.3734375000000001 0.6953125 0.37968750000000007 0.7046875 0.37968750000000007
0 0.775 0.3687500000000001 0.725 0.3687500000000001 0.725 0.3781250000000001 0.775 0.3781250000000001
0 0.7875 0.3703125000000001 0.775 0.3703125000000001 0.775 0.3781250000000001 0.7875 0.3781250000000001
0 0.24375000000000008 0.4140625 0.14062500000000006 0.4140625 0.14062500000000006 0.428125 0.24375000000000008 0.428125
0 0.3031250000000001 0.4125 0.2640625000000001 0.4125 0.2640625000000001 0.425 0.3031250000000001 0.425
0 0.3765625000000001 0.4125 0.32500000000000007 0.4125 0.32500000000000007 0.425 0.3765625000000001 0.425
0 0.475 0.4140625 0.3968750000000001 0.4140625 0.3968750000000001 0.43125 0.475 0.43125
0 0.5546875 0.4171875 0.5015625 0.4171875 0.5015625 0.428125 0.5546875 0.428125
0 0.6046875 0.4171875 0.5734375 0.4171875 0.5734375 0.428125 0.6046875 0.428125
0 0.690625 0.4171875 0.625 0.4171875 0.625 0.428125 0.690625 0.428125
0 0.7515625 0.4218750000000001 0.70625 0.421875 0.70625 0.4281250000000001 0.7515625 0.4281250000000002
0 0.78125 0.4234375000000002 0.771875 0.4234375000000002 0.771875 0.4281250000000002 0.78125 0.4281250000000002
0 0.81875 0.4156250000000002 0.790625 0.4156250000000002 0.790625 0.4312500000000002 0.81875 0.4312500000000002
0 0.884375 0.4187500000000002 0.8421875 0.4187500000000002 0.8421875 0.4281250000000002 0.884375 0.4281250000000002
0 0.15000000000000005 0.4640625 0.13437500000000005 0.4640625 0.13437500000000005 0.4796875 0.15000000000000005 0.4796875
0 0.18281250000000004 0.4703125 0.17187500000000006 0.4703125 0.17187500000000006 0.4765625 0.18281250000000004 0.4765625
0 0.2515625000000001 0.4640625 0.2000000000000001 0.4640625 0.2000000000000001 0.475 0.2515625000000001 0.475
0 0.3265625000000001 0.4671875 0.27812500000000007 0.4671875 0.27812500000000007 0.475 0.3265625000000001 0.475
0 0.3750000000000001 0.4703125 0.3421875000000001 0.4703125 0.3421875000000001 0.4765625 0.3750000000000001 0.4765625
0 0.3843750000000001 0.4734375 0.37968750000000007 0.4734375 0.37968750000000007 0.475 0.3843750000000001 0.475
0 0.453125 0.465625 0.4171875 0.465625 0.4171875 0.478125 0.453125 0.478125
0 0.5078125 0.4671875 0.4734375 0.4671875 0.4734375 0.4765625 0.5078125 0.4765625
0 0.5625 0.471875 0.528125 0.471875 0.528125 0.4828125 0.5625 0.4828125
0 0.596875 0.465625 0.5828125 0.465625 0.5828125 0.4765625 0.596875 0.4765625
0 0.6546875 0.4703125 0.61875 0.4703125 0.61875 0.478125 0.6546875 0.478125
0 0.703125 0.4671875 0.671875 0.4671875 0.671875 0.4796875 0.703125 0.4796875
0 0.7640625 0.4671875000000001 0.7234375 0.4671875 0.7234375 0.4781250000000001 0.7640625 0.4781250000000002
0 0.7953125 0.4734375000000002 0.7828125 0.4734375000000002 0.7828125 0.4781250000000002 0.7953125 0.4781250000000002
0 0.8609375 0.4656250000000002 0.8125 0.4656250000000002 0.8125 0.4828125000000002 0.8609375 0.4828125000000002
0 0.2312500000000001 0.5171875 0.13437500000000005 0.5171875 0.13437500000000005 0.53125 0.2312500000000001 0.53125
0 0.3078125000000001 0.5171875 0.2593750000000001 0.5171875 0.2593750000000001 0.528125 0.3078125000000001 0.528125
0 0.3500000000000001 0.515625 0.3281250000000001 0.515625 0.3281250000000001 0.5265625 0.3500000000000001 0.5265625
0 0.3812500000000001 0.5171875 0.3671875000000001 0.5171875 0.3671875000000001 0.5265625 0.3812500000000001 0.5265625
0 0.4453125 0.51875 0.4140625 0.51875 0.4140625 0.5328125 0.4453125 0.5328125
0 0.4734375 0.5234375 0.4640625 0.5234375 0.4640625 0.528125 0.4734375 0.528125
0 0.540625 0.521875 0.5 0.521875 0.5 0.534375 0.540625 0.534375
0 0.6109375 0.5171875 0.559375 0.5171875 0.559375 0.5328125 0.6109375 0.5328125
0 0.6515625 0.5171875 0.6359375 0.5171875 0.6359375 0.528125 0.6515625 0.528125
0 0.728125 0.5234375000000001 0.6703125 0.5234375 0.6703125 0.5312500000000001 0.728125 0.5312500000000002
0 0.7796875 0.5171875000000001 0.746875 0.5171875000000001 0.746875 0.5296875000000002 0.7796875 0.5296875000000002
0 0.871875 0.5234375000000002 0.8046875 0.5234375000000002 0.8046875 0.5296875000000002 0.871875 0.5296875000000002
0 0.1984375000000001 0.565625 0.1312500000000001 0.565625 0.1312500000000001 0.5828125 0.1984375000000001 0.5828125
0 0.24375000000000008 0.5671875 0.22656250000000008 0.5671875 0.22656250000000008 0.58125 0.24375000000000008 0.58125
0 0.32500000000000007 0.565625 0.2765625000000001 0.565625 0.2765625000000001 0.578125 0.32500000000000007 0.578125
0 0.415625 0.565625 0.3468750000000001 0.565625 0.3468750000000001 0.5765625 0.415625 0.5765625
0 0.5484375 0.56875 0.4484375 0.56875 0.4484375 0.584375 0.5484375 0.584375
0 0.6203125 0.5671875 0.5703125 0.5671875 0.5703125 0.58125 0.6203125 0.58125
0 0.628125 0.5765625 0.625 0.5765625 0.625 0.578125 0.628125 0.578125