0 0.18906250000000005 0.209375 0.16250000000000003 0.209375 0.16250000000000003 0.2328125 0.18906250000000005 0.2328125
0 0.253125 0.2140625 0.2078125 0.2140625 0.2078125 0.2328125 0.253125 0.2328125
0 0.421875 0.20937500000000003 0.275 0.209375 0.275 0.23281250000000003 0.421875 0.2328125000000001
0 0.515625 0.21250000000000008 0.4421875 0.21250000000000008 0.4421875 0.2328125000000001 0.515625 0.2328125000000001
0 0.5671875 0.2140625000000001 0.5328125 0.2140625000000001 0.5328125 0.2312500000000001 0.5671875 0.2312500000000001
0 0.7828125 0.2218750000000001 0.584375 0.2218750000000001 0.584375 0.23437500000000008 0.7828125 0.23437500000000008
0 0.79375 0.2296875000000001 0.7859375 0.2296875000000001 0.7859375 0.2375000000000001 0.79375 0.2375000000000001
0 0.8375 0.2171875000000001 0.80625 0.2171875000000001 0.80625 0.23437500000000008 0.8375 0.23437500000000008
0 0.2328125 0.259375 0.15937500000000004 0.259375 0.15937500000000004 0.2828125 0.2328125 0.2828125
0 0.2921875 0.271875 0.253125 0.271875 0.253125 0.284375 0.2921875 0.284375
0 0.415625 0.26406250000000003 0.309375 0.2640625 0.309375 0.28437500000000004 0.415625 0.2843750000000001
0 0.4296875 0.2812500000000001 0.4265625 0.2812500000000001 0.4265625 0.2828125000000001 0.4296875 0.2828125000000001
0 0.484375 0.2640625000000001 0.4515625 0.2640625000000001 0.4515625 0.28593750000000007 0.484375 0.28593750000000007
0 0.5609375 0.2687500000000001 0.5015625 0.2687500000000001 0.5015625 0.2828125000000001 0.5609375 0.2828125000000001
0 0.5765625 0.27812500000000007 0.5703125 0.27812500000000007 0.5703125 0.28593750000000007 0.5765625 0.28593750000000007
0 0.6015625 0.2671875000000001 0.59375 0.2671875000000001 0.59375 0.2718750000000001 0.6015625 0.2718750000000001
0 0.6390625 0.27031250000000007 0.6125 0.27031250000000007 0.6125 0.2812500000000001 0.6390625 0.2812500000000001
0 0.7265625 0.2656250000000001 0.6640625 0.2656250000000001 0.6640625 0.2843750000000001 0.7265625 0.2843750000000001
0 0.8265625 0.26250000000000007 0.75 0.26250000000000007 0.75 0.2843750000000001 0.8265625 0.2843750000000001
0 0.3171875 0.3125 0.15781250000000005 0.3125 0.15781250000000005 0.33125 0.3171875 0.33125
0 0.4046875 0.3140625 0.33125 0.3140625 0.33125 0.33125000000000004 0.4046875 0.3312500000000001
0 0.4703125 0.3187500000000001 0.41875 0.3187500000000001 0.41875 0.3453125000000001 0.4703125 0.3453125000000001
0 0.525 0.3156250000000001 0.490625 0.3156250000000001 0.490625 0.33281250000000007 0.525 0.33281250000000007
0 0.6625 0.3187500000000001 0.5421875 0.3187500000000001 0.5421875 0.3468750000000001 0.6625 0.3468750000000001
0 0.8125 0.3187500000000001 0.678125 0.3187500000000001 0.678125 0.33281250000000007 0.8125 0.33281250000000007
0 0.3109375000000001 0.365625 0.15312500000000004 0.365625 0.15312500000000004 0.3921875 0.3109375000000001 0.3921875
0 0.4234375 0.3609375 0.328125 0.3609375 0.32812500000000006 0.38281250000000006 0.4234375 0.3828125000000001
0 0.5 0.3734375000000001 0.4375 0.3734375000000001 0.4375 0.39531250000000007 0.5 0.39531250000000007
0 0.65625 0.3671875000000001 0.5125 0.3671875000000001 0.5125 0.39531250000000007 0.65625 0.39531250000000007
0 0.7140625 0.3656250000000001 0.665625 0.3656250000000001 0.665625 0.3812500000000001 0.7140625 0.3812500000000001
0 0.7375 0.3750000000000001 0.725 0.3750000000000001 0.725 0.3828125000000001 0.7375 0.3828125000000001
0 0.8171875 0.3734375000000001 0.7609375 0.3734375000000001 0.7609375 0.3843750000000001 0.8171875 0.3843750000000001
0 0.17812500000000003 0.4125 0.15937500000000004 0.4125 0.15937500000000004 0.4328125 0.17812500000000003 0.4328125
0 0.2750000000000001 0.415625 0.18750000000000006 0.415625 0.18750000000000006 0.446875 0.2750000000000001 0.446875
0 0.3343750000000001 0.4140625 0.30156250000000007 0.4140625 0.30156250000000007 0.4359375 0.3343750000000001 0.4359375
0 0.415625 0.41875 0.3546875000000001 0.41875 0.3546875000000001 0.4390625 0.415625 0.4390625
0 0.4609375 0.4140625 0.434375 0.4140625 0.434375 0.4453125 0.4609375 0.4453125
0 0.5078125 0.41875 0.4703125 0.41875 0.4703125 0.4359375 0.5078125 0.4359375
0 0.728125 0.41875000000000007 0.521875 0.41875 0.521875 0.4359375000000001 0.728125 0.4359375000000002
0 0.8625 0.4156250000000002 0.7453125 0.4156250000000002 0.7453125 0.4343750000000002 0.8625 0.4343750000000002
0 0.875 0.4343750000000002 0.86875 0.4343750000000002 0.86875 0.4421875000000002 0.875 0.4421875000000002
0 0.17968750000000006 0.4671875 0.14687500000000003 0.4671875 0.14687500000000003 0.4984375 0.17968750000000006 0.4984375
0 0.2500000000000001 0.475 0.19843750000000004 0.475 0.19843750000000004 0.4859375 0.2500000000000001 0.4859375
0 0.4 0.4734375 0.2734375000000001 0.4734375 0.2734375000000001 0.496875 0.4 0.496875
0 0.471875 0.4703125 0.421875 0.4703125 0.421875 0.4875 0.471875 0.4875
0 0.5453125 0.46875 0.4765625 0.46875 0.4765625 0.4859375 0.5453125 0.4859375
0 0.71875 0.4671875 0.565625 0.4671875 0.565625 0.4859375 0.71875 0.4859375
0 0.8421875 0.46875000000000017 0.7375 0.46875000000000017 0.7375 0.4968750000000002 0.8421875 0.4968750000000002
0 0.2062500000000001 0.5171875 0.14843750000000006 0.5171875 0.14843750000000006 0.534375 0.2062500000000001 0.534375
0 0.2484375000000001 0.5171875 0.2250000000000001 0.5171875 0.2250000000000001 0.546875 0.2484375000000001 0.546875
0 0.3609375000000001 0.515625 0.27812500000000007 0.515625 0.27812500000000007 0.534375 0.3609375000000001 0.534375
0 0.5265625 0.51875 0.3828125000000001 0.51875 0.3828125000000001 0.55 0.5265625 0.55
0 0.5375 0.5359375 0.53125 0.5359375 0.53125 0.5390625 0.5375 0.5390625
0 0.5609375 0.5203125 0.55 0.5203125 0.55 0.5296875 0.5609375 0.5296875
0 0.64375 0.51875 0.5828125 0.51875 0.5828125 0.5359375 0.64375 0.5359375
0 0.6953125 0.51875 0.6625 0.51875 0.6625 0.534375 0.6953125 0.534375
0 0.75625 0.51875 0.7078125 0.51875 0.7078125 0.5375000000000001 0.75625 0.5375000000000002
0 0.796875 0.5203125000000002 0.775 0.5203125000000002 0.775 0.5484375000000001 0.796875 0.5484375000000001
0 0.84375 0.5296875000000002 0.825 0.5296875000000002 0.825 0.5359375000000002 0.84375 0.5359375000000002
0 0.20312500000000008 0.5609375 0.1531250000000001 0.5609375 0.1531250000000001 0.6 0.20312500000000008 0.6
0 0.3906250000000001 0.5625 0.2312500000000001 0.5625 0.2312500000000001 0.5859375 0.3906250000000001 0.5859375
0 0.4046875 0.584375 0.39531250000000007 0.584375 0.39531250000000007 0.5921875 0.4046875 0.5921875
0 0.475 0.56875 0.4421875 0.56875 0.4421875 0.584375 0.475 0.584375
0 0.6359375 0.565625 0.496875 0.565625 0.496875 0.5875 0.6359375 0.5875
0 0.746875 0.565625 0.6640625 0.565625 0.6640625 0.5875000000000001 0.746875 0.5875000000000001
0 0.8 0.5718750000000001 0.7671875 0.5718750000000001 0.7671875 0.5890625000000002 0.8 0.5890625000000002
0 0.34843750000000007 0.615625 0.15781250000000008 0.615625 0.15781250000000008 0.6359375 0.34843750000000007 0.6359375
0 0.503125 0.61875 0.37968750000000007 0.61875 0.37968750000000007 0.6359375 0.503125 0.6359375
0 0.5171875 0.6296875 0.5125 0.6296875 0.5125 0.6328125 0.5171875 0.6328125