0 0.19062500000000004 0.209375 0.14843750000000006 0.209375 0.14843750000000006 0.2234375 0.19062500000000004 0.2234375
0 0.2453125 0.209375 0.2125 0.209375 0.2125 0.228125 0.2453125 0.228125
0 0.2859375 0.209375 0.28125 0.209375 0.28125 0.2140625 0.2859375 0.2140625
0 0.3609375 0.215625 0.2890625 0.215625 0.2890625 0.2265625 0.3609375 0.2265625
0 0.3734375 0.21093750000000008 0.36875 0.21093750000000008 0.36875 0.2140625000000001 0.3734375 0.2140625000000001
0 0.46875 0.2171875000000001 0.409375 0.2171875000000001 0.409375 0.2250000000000001 0.46875 0.2250000000000001
0 0.54375 0.21093750000000008 0.5 0.21093750000000008 0.5 0.2250000000000001 0.54375 0.2250000000000001
0 0.5890625 0.21250000000000008 0.5734375 0.21250000000000008 0.5734375 0.2234375000000001 0.5890625 0.2234375000000001
0 0.6203125 0.2156250000000001 0.6078125 0.2156250000000001 0.6078125 0.22656250000000008 0.6203125 0.22656250000000008
0 0.6890625 0.2171875000000001 0.6453125 0.2171875000000001 0.6453125 0.2328125000000001 0.6890625 0.2328125000000001
0 0.728125 0.2140625000000001 0.7125 0.2140625000000001 0.7125 0.2250000000000001 0.728125 0.2250000000000001
0 0.76875 0.2156250000000001 0.746875 0.2156250000000001 0.746875 0.2250000000000001 0.76875 0.2250000000000001
0 0.8421875 0.22031250000000008 0.7921875 0.22031250000000008 0.7921875 0.2250000000000001 0.8421875 0.2250000000000001
0 0.2234375 0.2625 0.14687500000000003 0.2625 0.14687500000000003 0.278125 0.2234375 0.278125
0 0.2640625 0.2625 0.2484375 0.2625 0.2484375 0.2734375 0.2640625 0.2734375
0 0.3390625 0.26875 0.278125 0.26875 0.278125 0.278125 0.3390625 0.278125
0 0.3734375 0.27031250000000007 0.3609375 0.2703125 0.3609375 0.275 0.3734375 0.2750000000000001
0 0.434375 0.26250000000000007 0.390625 0.26250000000000007 0.390625 0.2765625000000001 0.434375 0.2765625000000001
0 0.475 0.27031250000000007 0.4546875 0.27031250000000007 0.4546875 0.27812500000000007 0.475 0.27812500000000007
0 0.5796875 0.2640625000000001 0.496875 0.2640625000000001 0.496875 0.2796875000000001 0.5796875 0.2796875000000001
0 0.5890625 0.2718750000000001 0.5875 0.2718750000000001 0.5875 0.2750000000000001 0.5890625 0.2750000000000001
0 0.659375 0.26250000000000007 0.6171875 0.26250000000000007 0.6171875 0.2750000000000001 0.659375 0.2750000000000001
0 0.7296875 0.2640625000000001 0.6765625 0.2640625000000001 0.6765625 0.2750000000000001 0.7296875 0.2750000000000001
0 0.7875 0.2640625000000001 0.7515625 0.2640625000000001 0.7515625 0.2765625000000001 0.7875 0.2765625000000001
0 0.8296875 0.26250000000000007 0.809375 0.26250000000000007 0.809375 0.2750000000000001 0.8296875 0.2750000000000001
0 0.21875 0.309375 0.14687500000000003 0.309375 0.14687500000000003 0.3234375 0.21875 0.3234375
0 0.265625 0.3140625 0.2453125 0.3140625 0.2453125 0.325 0.265625 0.325
0 0.3625 0.3140625 0.290625 0.3140625 0.290625 0.33125 0.3625 0.33125
0 0.453125 0.3156250000000001 0.3875 0.3156250000000001 0.3875 0.3312500000000001 0.453125 0.3312500000000001
0 0.5625 0.3156250000000001 0.4703125 0.3156250000000001 0.4703125 0.3281250000000001 0.5625 0.3281250000000001
0 0.5796875 0.32500000000000007 0.5765625 0.32500000000000007 0.5765625 0.3265625000000001 0.5796875 0.3265625000000001
0 0.6421875 0.3156250000000001 0.59375 0.3156250000000001 0.59375 0.3296875000000001 0.6421875 0.3296875000000001
0 0.675 0.3156250000000001 0.6640625 0.3156250000000001 0.6640625 0.3265625000000001 0.675 0.3265625000000001
0 0.80625 0.3156250000000001 0.69375 0.3156250000000001 0.69375 0.3281250000000001 0.80625 0.3281250000000001
0 0.8421875 0.3156250000000001 0.8234375 0.3156250000000001 0.8234375 0.3265625000000001 0.8421875 0.3265625000000001
0 0.17500000000000004 0.359375 0.14687500000000003 0.359375 0.14687500000000003 0.3734375 0.17500000000000004 0.3734375
0 0.2640625000000001 0.3640625 0.19687500000000005 0.3640625 0.19687500000000005 0.375 0.2640625000000001 0.375
0 0.3515625000000001 0.3640625 0.2921875000000001 0.3640625 0.2921875000000001 0.3734375 0.3515625000000001 0.3734375
0 0.4375 0.36406250000000007 0.3781250000000001 0.36406250000000007 0.3781250000000001 0.3781250000000001 0.4375 0.3781250000000001
0 0.509375 0.36406250000000007 0.4578125 0.36406250000000007 0.4578125 0.3750000000000001 0.509375 0.3750000000000001
0 0.5296875 0.3734375000000001 0.515625 0.3734375000000001 0.515625 0.3750000000000001 0.5296875 0.3750000000000001
0 0.578125 0.37187500000000007 0.5609375 0.37187500000000007 0.5609375 0.3750000000000001 0.578125 0.3750000000000001
0 0.653125 0.3656250000000001 0.5890625 0.3656250000000001 0.5890625 0.3765625000000001 0.653125 0.3765625000000001
0 0.725 0.3656250000000001 0.6734375 0.3656250000000001 0.6734375 0.37968750000000007 0.725 0.37968750000000007
0 0.7953125 0.36406250000000007 0.7515625 0.36406250000000007 0.7515625 0.3781250000000001 0.7953125 0.3781250000000001
0 0.8640625 0.3734375000000001 0.815625 0.3734375000000001 0.815625 0.3781250000000001 0.8640625 0.3781250000000001
0 0.19375000000000003 0.4109375 0.14843750000000006 0.4109375 0.14843750000000006 0.4234375 0.19375000000000003 0.4234375
0 0.3468750000000001 0.4140625 0.2250000000000001 0.4140625 0.2250000000000001 0.4296875 0.3468750000000001 0.4296875
0 0.3921875000000001 0.415625 0.3734375000000001 0.415625 0.3734375000000001 0.4296875 0.3921875000000001 0.4296875
0 0.440625 0.4171875 0.409375 0.4171875 0.409375 0.428125 0.440625 0.428125
0 0.5234375 0.4140625 0.4625 0.4140625 0.4625 0.4265625 0.5234375 0.4265625
0 0.6046875 0.4234375 0.540625 0.4234375 0.540625 0.4359375 0.6046875 0.4359375
0 0.640625 0.4171875 0.6328125 0.4171875 0.6328125 0.4265625 0.640625 0.4265625
0 0.7015625 0.4203125 0.6640625 0.4203125 0.6640625 0.4265625 0.7015625 0.4265625
0 0.784375 0.41718750000000016 0.7265625 0.41718750000000016 0.7265625 0.4312500000000002 0.784375 0.4312500000000002
0 0.81875 0.4187500000000002 0.8015625 0.4187500000000002 0.8015625 0.4281250000000002 0.81875 0.4281250000000002
0 0.8671875 0.41718750000000016 0.840625 0.41718750000000016 0.840625 0.42968750000000017 0.8671875 0.42968750000000017
0 0.19687500000000005 0.45625 0.15000000000000005 0.45625 0.15000000000000005 0.4765625 0.19687500000000005 0.4765625
0 0.2328125000000001 0.4640625 0.2140625000000001 0.4640625 0.2140625000000001 0.4765625 0.2328125000000001 0.4765625
0 0.3203125000000001 0.4671875 0.2640625000000001 0.4671875 0.2640625000000001 0.4828125 0.3203125000000001 0.4828125
0 0.4109375 0.4671875 0.3453125000000001 0.4671875 0.3453125000000001 0.4796875 0.4109375 0.4796875
0 0.471875 0.4640625 0.43125 0.4640625 0.43125 0.478125 0.471875 0.478125
0 0.521875 0.465625 0.490625 0.465625 0.490625 0.478125 0.521875 0.478125
0 0.5890625 0.46875 0.54375 0.46875 0.54375 0.48125 0.5890625 0.48125
0 0.6234375 0.46875 0.60625 0.46875 0.60625 0.484375 0.6234375 0.484375
0 0.7125 0.46875 0.64375 0.46875 0.64375 0.4859375 0.7125 0.4859375
0 0.721875 0.4765625 0.71875 0.4765625 0.71875 0.4796875 0.721875 0.4796875