0 0.25 0.203125 0.14218750000000005 0.203125 0.14218750000000005 0.228125 0.25 0.228125
0 0.4890625 0.20781250000000004 0.278125 0.2078125 0.278125 0.23125000000000004 0.4890625 0.2312500000000001
0 0.53125 0.2171875000000001 0.475 0.2171875000000001 0.475 0.2406250000000001 0.53125 0.2406250000000001
0 0.6046875 0.2078125000000001 0.559375 0.2078125000000001 0.559375 0.24218750000000008 0.6046875 0.24218750000000008
0 0.7546875 0.2078125000000001 0.625 0.2078125000000001 0.625 0.2453125000000001 0.7546875 0.2453125000000001
0 0.8796875 0.2093750000000001 0.7890625 0.2093750000000001 0.7890625 0.24218750000000008 0.8796875 0.24218750000000008
0 0.3515625 0.259375 0.13593750000000004 0.259375 0.13593750000000004 0.2828125 0.3515625 0.2828125
0 0.4140625 0.2671875000000001 0.375 0.2671875000000001 0.375 0.2812500000000001 0.4140625 0.2812500000000001
0 0.4953125 0.26250000000000007 0.4359375 0.26250000000000007 0.4359375 0.2796875000000001 0.4953125 0.2796875000000001
0 0.6546875 0.26250000000000007 0.5171875 0.26250000000000007 0.5171875 0.2812500000000001 0.6546875 0.2812500000000001
0 0.715625 0.26250000000000007 0.6734375 0.26250000000000007 0.6734375 0.2796875000000001 0.715625 0.2796875000000001
0 0.85 0.2593750000000001 0.7328125 0.2593750000000001 0.7328125 0.2890625000000001 0.85 0.2890625000000001
0 0.16250000000000003 0.3171875 0.13437500000000005 0.3171875 0.13437500000000005 0.3296875 0.16250000000000003 0.3296875
0 0.2609375 0.309375 0.18593750000000003 0.309375 0.18593750000000003 0.328125 0.2609375 0.328125
0 0.425 0.30937500000000007 0.29375 0.309375 0.29375 0.34375000000000006 0.425 0.3437500000000001
0 0.50625 0.3125000000000001 0.4578125 0.3125000000000001 0.4578125 0.3312500000000001 0.50625 0.3312500000000001
0 0.6390625 0.3187500000000001 0.5296875 0.3187500000000001 0.5296875 0.3390625000000001 0.6390625 0.3390625000000001
0 0.8078125 0.3156250000000001 0.6796875 0.3156250000000001 0.6796875 0.34843750000000007 0.8078125 0.34843750000000007
0 0.875 0.3203125000000001 0.83125 0.3203125000000001 0.83125 0.3375000000000001 0.875 0.3375000000000001
0 0.22968750000000004 0.3578125 0.14218750000000005 0.3578125 0.14218750000000005 0.3796875 0.2296875000000001 0.3796875
0 0.384375 0.3609375 0.2390625 0.3609375 0.23906250000000004 0.3921875 0.3843750000000001 0.3921875000000001
0 0.3984375000000001 0.3750000000000001 0.39531250000000007 0.3750000000000001 0.39531250000000007 0.3781250000000001 0.3984375000000001 0.3781250000000001
0 0.5984375 0.3578125000000001 0.4265625 0.3578125000000001 0.4265625 0.37968750000000007 0.5984375 0.37968750000000007
0 0.6671875 0.37187500000000007 0.615625 0.37187500000000007 0.615625 0.37968750000000007 0.6671875 0.37968750000000007
0 0.81875 0.3687500000000001 0.6875 0.3687500000000001 0.6875 0.3984375000000001 0.81875 0.3984375000000001
0 0.890625 0.3671875000000001 0.834375 0.3671875000000001 0.834375 0.38750000000000007 0.890625 0.38750000000000007
0 0.2515625000000001 0.4078125 0.14218750000000005 0.4078125 0.14218750000000005 0.4421875 0.2515625000000001 0.4421875
0 0.3281250000000001 0.4125 0.2843750000000001 0.4125 0.2843750000000001 0.4390625 0.3281250000000001 0.4390625
0 0.425 0.4109375 0.3546875000000001 0.4109375 0.3546875000000001 0.4296875 0.425 0.4296875
0 0.615625 0.415625 0.459375 0.415625 0.459375 0.4453125 0.615625 0.4453125
0 0.7 0.41875 0.64375 0.41875 0.64375 0.4328125 0.7 0.4328125
0 0.803125 0.4171875000000001 0.725 0.4171875 0.725 0.4328125000000001 0.803125 0.43281250000000016
0 0.2171875000000001 0.4578125 0.13906250000000003 0.4578125 0.13906250000000003 0.4796875 0.2171875000000001 0.4796875
0 0.3453125000000001 0.459375 0.2406250000000001 0.459375 0.2406250000000001 0.49375 0.3453125000000001 0.49375
0 0.425 0.4625 0.3687500000000001 0.4625 0.3687500000000001 0.4796875 0.425 0.4796875
0 0.503125 0.46875 0.4421875 0.46875 0.4421875 0.48125 0.503125 0.48125
0 0.521875 0.478125 0.51875 0.478125 0.51875 0.4796875 0.521875 0.4796875
0 0.6078125 0.4625 0.54375 0.4625 0.54375 0.4796875 0.6078125 0.4796875
0 0.6796875 0.459375 0.621875 0.459375 0.621875 0.4796875 0.6796875 0.4796875
0 0.7953125 0.4609375000000001 0.690625 0.4609375 0.690625 0.4828125000000001 0.7953125 0.4828125000000002
0 0.24218750000000008 0.5078125 0.13906250000000003 0.5078125 0.13906250000000003 0.5421875 0.24218750000000008 0.5421875
0 0.3765625000000001 0.5140625 0.2734375000000001 0.5140625 0.2734375000000001 0.5359375 0.3765625000000001 0.5359375
0 0.525 0.5125 0.4046875 0.5125 0.4046875 0.5328125 0.525 0.5328125
0 0.6078125 0.5109375 0.5390625 0.5109375 0.5390625 0.53125 0.6078125 0.53125
0 0.753125 0.5140625000000001 0.63125 0.5140625 0.63125 0.5437500000000001 0.753125 0.5437500000000002
0 0.796875 0.5125000000000002 0.765625 0.5125000000000002 0.765625 0.5296875000000002 0.796875 0.5296875000000002
0 0.2171875000000001 0.5671875 0.1359375000000001 0.5671875 0.1359375000000001 0.5828125 0.2171875000000001 0.5828125
0 0.3156250000000001 0.5625 0.2406250000000001 0.5625 0.2406250000000001 0.5796875 0.3156250000000001 0.5796875
0 0.4375 0.5625 0.3546875000000001 0.5625 0.3546875000000001 0.58125 0.4375 0.58125
0 0.5765625 0.5609375 0.459375 0.5609375 0.459375 0.5828125 0.5765625 0.5828125
0 0.7296875 0.5640625000000001 0.603125 0.5640625 0.603125 0.5906250000000001 0.7296875 0.5906250000000002
0 0.8515625 0.5671875000000002 0.7578125 0.5671875000000002 0.7578125 0.5843750000000002 0.8515625 0.5843750000000002
0 0.27031250000000007 0.6109375 0.1453125000000001 0.6109375 0.1453125000000001 0.634375 0.27031250000000007 0.634375
0 0.4328125 0.6171875 0.3031250000000001 0.6171875 0.3031250000000001 0.6359375 0.4328125 0.6359375
0 0.5546875 0.6171875 0.44375 0.6171875 0.44375 0.634375 0.5546875 0.634375
0 0.559375 0.628125 0.55625 0.628125 0.55625 0.6296875 0.559375 0.6296875
0 0.6625 0.615625 0.590625 0.615625 0.590625 0.634375 0.6625 0.634375
0 0.8484375 0.6187500000000001 0.684375 0.61875 0.684375 0.64375 0.8484375 0.6437500000000002
0 0.2656250000000001 0.6625 0.1453125000000001 0.6625 0.1453125000000001 0.690625 0.2656250000000001 0.690625
0 0.3437500000000001 0.6640625 0.2812500000000001 0.6640625 0.2812500000000001 0.68125 0.3437500000000001 0.68125
0 0.46875 0.665625 0.3625000000000001 0.665625 0.3625000000000001 0.6828125 0.46875 0.6828125
0 0.5390625 0.6703125 0.4890625 0.6703125 0.4890625 0.684375 0.5390625 0.684375
0 0.6609375 0.6703125 0.571875 0.6703125 0.571875 0.69375 0.6609375 0.69375
0 0.725 0.66875 0.6828125 0.66875 0.6828125 0.6859375 0.725 0.6859375
0 0.2593750000000001 0.715625 0.1625000000000001 0.715625 0.1625000000000001 0.7375 0.2593750000000001 0.7375
0 0.3000000000000001 0.725 0.2828125000000001 0.725 0.2828125000000001 0.7359375 0.3000000000000001 0.7359375
0 0.41093750000000007 0.7203125 0.3343750000000001 0.7203125 0.3343750000000001 0.7578125 0.4109375000000002 0.7578125
0 0.42500000000000016 0.73125 0.42187500000000017 0.73125 0.42187500000000017 0.734375 0.42500000000000016 0.734375