0 0.18906250000000005 0.2140625 0.13593750000000004 0.2140625 0.13593750000000004 0.2234375 0.18906250000000005 0.2234375
0 0.2796875 0.2078125 0.2203125 0.2078125 0.2203125 0.2265625 0.2796875 0.2265625
0 0.415625 0.20937500000000003 0.3109375 0.209375 0.3109375 0.22343750000000004 0.415625 0.2234375000000001
0 0.471875 0.2078125000000001 0.45 0.2078125000000001 0.45 0.22656250000000008 0.471875 0.22656250000000008
0 0.546875 0.2093750000000001 0.50625 0.2093750000000001 0.50625 0.2218750000000001 0.546875 0.2218750000000001
0 0.7046875 0.2093750000000001 0.584375 0.2093750000000001 0.584375 0.2218750000000001 0.7046875 0.2218750000000001
0 0.3125 0.259375 0.14218750000000005 0.259375 0.14218750000000005 0.275 0.3125 0.275
0 0.4015625 0.26406250000000003 0.35 0.2640625 0.35 0.27343750000000006 0.4015625 0.2734375000000001
0 0.459375 0.2593750000000001 0.4328125 0.2593750000000001 0.4328125 0.2734375000000001 0.459375 0.2734375000000001
0 0.61875 0.2593750000000001 0.4984375 0.2593750000000001 0.4984375 0.2734375000000001 0.61875 0.2734375000000001
0 0.6984375 0.2593750000000001 0.653125 0.2593750000000001 0.653125 0.2718750000000001 0.6984375 0.2718750000000001
0 0.8125 0.2593750000000001 0.7296875 0.2593750000000001 0.7296875 0.2750000000000001 0.8125 0.2750000000000001
0 0.2453125 0.309375 0.14531250000000004 0.309375 0.14531250000000004 0.325 0.2453125 0.325
0 0.309375 0.3109375 0.2734375 0.3109375 0.2734375 0.3265625 0.309375 0.3265625
0 0.3515625 0.321875 0.346875 0.321875 0.346875 0.328125 0.3515625 0.328125
0 0.4953125 0.3125000000000001 0.3640625 0.3125000000000001 0.3640625 0.3296875000000001 0.4953125 0.3296875000000001
0 0.5734375 0.30937500000000007 0.5234375 0.30937500000000007 0.5234375 0.32500000000000007 0.5734375 0.32500000000000007
0 0.759375 0.30937500000000007 0.6125 0.30937500000000007 0.6125 0.3296875000000001 0.759375 0.3296875000000001
0 0.7734375 0.3078125000000001 0.76875 0.3078125000000001 0.76875 0.3125000000000001 0.7734375 0.3125000000000001
0 0.7828125 0.3078125000000001 0.7734375 0.3078125000000001 0.7734375 0.3281250000000001 0.7828125 0.3281250000000001
0 0.8578125 0.3109375000000001 0.809375 0.3109375000000001 0.809375 0.3234375000000001 0.8578125 0.3234375000000001
0 0.16718750000000004 0.359375 0.14375000000000004 0.359375 0.14375000000000004 0.3734375 0.16718750000000004 0.3734375
0 0.2328125000000001 0.365625 0.19531250000000006 0.365625 0.19531250000000006 0.3796875 0.2328125000000001 0.3796875
0 0.321875 0.3578125 0.271875 0.3578125 0.27187500000000003 0.375 0.3218750000000001 0.375
0 0.38125000000000003 0.3609375 0.353125 0.3609375 0.353125 0.37500000000000006 0.3812500000000001 0.3750000000000001
0 0.471875 0.3609375000000001 0.4265625 0.3609375000000001 0.4265625 0.3750000000000001 0.471875 0.3750000000000001
0 0.590625 0.3593750000000001 0.5125 0.3593750000000001 0.5125 0.3781250000000001 0.590625 0.3781250000000001
0 0.640625 0.3609375000000001 0.621875 0.3609375000000001 0.621875 0.3734375000000001 0.640625 0.3734375000000001
0 0.721875 0.3593750000000001 0.678125 0.3593750000000001 0.678125 0.3750000000000001 0.721875 0.3750000000000001
0 0.8296875 0.3609375000000001 0.7546875 0.3609375000000001 0.7546875 0.37968750000000007 0.8296875 0.37968750000000007
0 0.2250000000000001 0.4125 0.14375000000000004 0.4125 0.14375000000000004 0.4265625 0.2250000000000001 0.4265625
0 0.2984375000000001 0.4125 0.2656250000000001 0.4125 0.2656250000000001 0.4265625 0.2984375000000001 0.4265625
0 0.4015625 0.4109375 0.32500000000000007 0.4109375 0.32500000000000007 0.425 0.4015625 0.425
0 0.5046875 0.4078125 0.4390625 0.4078125 0.4390625 0.4234375 0.5046875 0.4234375
0 0.5171875 0.4234375 0.515625 0.4234375 0.515625 0.4234375 0.5171875 0.4234375
0 0.6046875 0.4125 0.546875 0.4125 0.546875 0.425 0.6046875 0.425
0 0.7421875 0.4125000000000001 0.6359375 0.4125 0.6359375 0.42656250000000007 0.7421875 0.4265625000000002
0 0.8140625 0.4187500000000002 0.7734375 0.4187500000000002 0.7734375 0.4265625000000002 0.8140625 0.4265625000000002
0 0.871875 0.4125000000000002 0.8453125 0.4125000000000002 0.8453125 0.42500000000000016 0.871875 0.42500000000000016
0 0.2765625000000001 0.4625 0.14218750000000005 0.4625 0.14218750000000005 0.4765625 0.2765625000000001 0.4765625
0 0.2843750000000001 0.4734375 0.2812500000000001 0.4734375 0.2812500000000001 0.4765625 0.2843750000000001 0.4765625
0 0.3812500000000001 0.4625 0.3265625000000001 0.4625 0.3265625000000001 0.475 0.3812500000000001 0.475
0 0.515625 0.4625 0.4203125 0.4625 0.4203125 0.4765625 0.515625 0.4765625
0 0.678125 0.465625 0.56875 0.465625 0.56875 0.4765625 0.678125 0.4765625
0 0.7578125 0.4593750000000001 0.7203125 0.459375 0.7203125 0.4750000000000001 0.7578125 0.4750000000000002
0 0.8203125 0.46093750000000017 0.790625 0.46093750000000017 0.790625 0.4750000000000002 0.8203125 0.4750000000000002
0 0.2015625000000001 0.51875 0.14843750000000006 0.51875 0.14843750000000006 0.525 0.2015625000000001 0.525
0 0.26250000000000007 0.5125 0.2453125000000001 0.5125 0.2453125000000001 0.5265625 0.26250000000000007 0.5265625
0 0.409375 0.5125 0.30156250000000007 0.5125 0.30156250000000007 0.528125 0.409375 0.528125
0 0.421875 0.525 0.41875 0.525 0.41875 0.5265625 0.421875 0.5265625
0 0.4984375 0.5125 0.4546875 0.5125 0.4546875 0.5265625 0.4984375 0.5265625
0 0.5765625 0.5125 0.53125 0.5125 0.53125 0.5265625 0.5765625 0.5265625
0 0.6859375 0.5125 0.6171875 0.5125 0.6171875 0.5265625 0.6859375 0.5265625
0 0.803125 0.5109375 0.725 0.5109375 0.725 0.5328125000000001 0.803125 0.5328125000000001
0 0.8609375 0.5125000000000002 0.834375 0.5125000000000002 0.834375 0.5265625000000002 0.8609375 0.5265625000000002
0 0.15625000000000008 0.5703125 0.1453125000000001 0.5703125 0.1453125000000001 0.5765625 0.15625000000000008 0.5765625
0 0.2453125000000001 0.5609375 0.1921875000000001 0.5609375 0.1921875000000001 0.5796875 0.2453125000000001 0.5796875
0 0.38750000000000007 0.5625 0.2640625000000001 0.5625 0.2640625000000001 0.58125 0.38750000000000007 0.58125
0 0.4828125 0.5625 0.421875 0.5625 0.421875 0.5765625 0.4828125 0.5765625
0 0.49375 0.5765625 0.4921875 0.5765625 0.4921875 0.578125 0.49375 0.578125
0 0.565625 0.5625 0.53125 0.5625 0.53125 0.578125 0.565625 0.578125
0 0.6578125 0.5609375 0.6140625 0.5609375 0.6140625 0.575 0.6578125 0.575
0 0.7359375 0.5593750000000001 0.6921875 0.559375 0.6921875 0.5750000000000001 0.7359375 0.5750000000000002
0 0.7875 0.5609375000000002 0.76875 0.5609375000000002 0.76875 0.5750000000000002 0.7875 0.5750000000000002
0 0.2562500000000001 0.6125 0.1453125000000001 0.6125 0.1453125000000001 0.628125 0.2562500000000001 0.628125
0 0.3500000000000001 0.6125 0.30937500000000007 0.6125 0.30937500000000007 0.628125 0.3500000000000001 0.628125
0 0.459375 0.6109375 0.38750000000000007 0.6109375 0.38750000000000007 0.6328125 0.459375 0.6328125
0 0.571875 0.6109375 0.5015625 0.6109375 0.5015625 0.628125 0.571875 0.628125
0 0.5875 0.6265625 0.5828125 0.6265625 0.5828125 0.6328125 0.5875 0.6328125
0 0.6484375 0.6109375 0.628125 0.6109375 0.628125 0.6265625 0.6484375 0.6265625
0 0.7484375 0.6109375000000001 0.675 0.6109375 0.675 0.628125 0.7484375 0.6281250000000002
0 0.8296875 0.6109375000000001 0.7984375 0.6109375000000001 0.7984375 0.6250000000000002 0.8296875 0.6250000000000002
0 0.2093750000000001 0.6703125 0.1453125000000001 0.6703125 0.1453125000000001 0.678125 0.2093750000000001 0.678125
0 0.3468750000000001 0.6609375 0.2609375000000001 0.6609375 0.2609375000000001 0.6828125 0.3468750000000001 0.6828125
0 0.421875 0.6609375 0.3968750000000001 0.6609375 0.3968750000000001 0.678125 0.421875 0.678125
0 0.5296875 0.6625 0.465625 0.6625 0.465625 0.678125 0.5296875 0.678125
0 0.5921875 0.6625 0.575 0.6625 0.575 0.678125 0.5921875 0.678125
0 0.7125 0.66875 0.653125 0.66875 0.653125 0.678125 0.7125 0.678125
0 0.8140625 0.6703125000000002 0.7578125 0.6703125000000002 0.7578125 0.6781250000000002 0.8140625 0.6781250000000002
0 0.825 0.6765625000000002 0.821875 0.6765625000000002 0.821875 0.6828125000000002 0.825 0.6828125000000002
0 0.18750000000000008 0.715625 0.15000000000000008 0.715625 0.15000000000000008 0.7265625 0.18750000000000008 0.7265625
0 0.3203125000000001 0.7109375 0.2171875000000001 0.7109375 0.2171875000000001 0.728125 0.3203125000000001 0.728125
0 0.3703125000000001 0.7125 0.3546875000000001 0.7125 0.3546875000000001 0.728125 0.3703125000000001 0.728125
0 0.5015625000000001 0.7125 0.40625 0.7125 0.4062500000000001 0.728125 0.5015625000000001 0.728125
0 0.5750000000000001 0.7109375 0.5484375 0.7109375 0.5484375000000001 0.73125 0.5750000000000002 0.73125
0 0.7453125 0.7109375000000001 0.6171875 0.7109375 0.6171875000000001 0.7281250000000001 0.7453125000000002 0.7281250000000001
0 0.7531250000000002 0.7265625000000002 0.7515625000000001 0.7265625000000002 0.7515625000000001 0.7296875000000002 0.7531250000000002 0.7296875000000002