0 0.17500000000000004 0.2125 0.12343750000000005 0.2125 0.12343750000000005 0.2359375 0.17500000000000004 0.2359375
0 0.221875 0.2140625 0.18281250000000004 0.2140625 0.18281250000000004 0.234375 0.221875 0.234375
0 0.3078125 0.2125 0.2359375 0.2125 0.2359375 0.2328125 0.3078125 0.2328125
0 0.3734375 0.21406250000000004 0.3171875 0.2140625 0.3171875 0.23437500000000006 0.3734375 0.23437500000000008
0 0.421875 0.2140625000000001 0.3875 0.2140625000000001 0.3875 0.2328125000000001 0.421875 0.2328125000000001
0 0.490625 0.21250000000000008 0.4328125 0.21250000000000008 0.4328125 0.2328125000000001 0.490625 0.2328125000000001
0 0.5703125 0.2140625000000001 0.5078125 0.2140625000000001 0.5078125 0.23437500000000008 0.5703125 0.23437500000000008
0 0.6890625 0.2156250000000001 0.578125 0.2156250000000001 0.578125 0.24218750000000008 0.6890625 0.24218750000000008
0 0.8171875 0.2156250000000001 0.6984375 0.2156250000000001 0.6984375 0.2375000000000001 0.8171875 0.2375000000000001
0 0.8703125 0.2171875000000001 0.8296875 0.2171875000000001 0.8296875 0.2515625000000001 0.8703125 0.2515625000000001
0 0.19062500000000004 0.2625 0.13437500000000005 0.2625 0.13437500000000005 0.2859375 0.19062500000000004 0.2859375
0 0.253125 0.2625 0.19843750000000004 0.2625 0.19843750000000004 0.284375 0.253125 0.284375
0 0.2578125 0.2828125 0.2546875 0.2828125 0.2546875 0.284375 0.2578125 0.284375
0 0.31875 0.265625 0.28125 0.265625 0.28125 0.2859375 0.31875 0.2859375
0 0.428125 0.26406250000000003 0.3328125 0.2640625 0.3328125 0.28593750000000007 0.428125 0.28593750000000007
0 0.4734375 0.2640625000000001 0.4421875 0.2640625000000001 0.4421875 0.2953125000000001 0.4734375 0.2953125000000001
0 0.53125 0.2656250000000001 0.475 0.2656250000000001 0.475 0.28593750000000007 0.53125 0.28593750000000007
0 0.6390625 0.2671875000000001 0.540625 0.2671875000000001 0.540625 0.28593750000000007 0.6390625 0.28593750000000007
0 0.6875 0.2671875000000001 0.653125 0.2671875000000001 0.653125 0.28593750000000007 0.6875 0.28593750000000007
0 0.79375 0.2671875000000001 0.715625 0.2671875000000001 0.715625 0.2875000000000001 0.79375 0.2875000000000001
0 0.8640625 0.2671875000000001 0.8109375 0.2671875000000001 0.8109375 0.28593750000000007 0.8640625 0.28593750000000007
0 0.2328125 0.309375 0.13125000000000003 0.309375 0.13125000000000003 0.3359375 0.2328125 0.3359375
0 0.2984375 0.321875 0.2546875 0.321875 0.2546875 0.334375 0.2984375 0.334375
0 0.40625 0.31562500000000004 0.3203125 0.315625 0.3203125 0.35156250000000006 0.40625 0.3515625000000001
0 0.55 0.31718750000000007 0.4203125 0.31718750000000007 0.4203125 0.3359375000000001 0.55 0.3359375000000001
0 0.5578125 0.3359375000000001 0.5546875 0.3359375000000001 0.5546875 0.3375000000000001 0.5578125 0.3375000000000001
0 0.65625 0.3125000000000001 0.5875 0.3125000000000001 0.5875 0.3359375000000001 0.65625 0.3359375000000001
0 0.784375 0.31718750000000007 0.6578125 0.31718750000000007 0.6578125 0.34843750000000007 0.784375 0.34843750000000007
0 0.7921875 0.3281250000000001 0.7875 0.3281250000000001 0.7875 0.3296875000000001 0.7921875 0.3296875000000001
0 0.90625 0.3156250000000001 0.7921875 0.3156250000000001 0.7921875 0.3500000000000001 0.90625 0.3500000000000001
0 0.2515625 0.3625 0.12968750000000004 0.3625 0.12968750000000004 0.3984375 0.2515625000000001 0.3984375
0 0.3203125000000001 0.3671875 0.2828125000000001 0.3671875 0.2828125000000001 0.4015625 0.3203125000000001 0.4015625
0 0.3843750000000001 0.36562500000000003 0.3375000000000001 0.365625 0.3375000000000001 0.384375 0.3843750000000001 0.3843750000000001
0 0.4765625 0.3671875000000001 0.3984375000000001 0.3671875000000001 0.3984375000000001 0.38750000000000007 0.4765625 0.38750000000000007
0 0.4953125 0.3781250000000001 0.4875 0.3781250000000001 0.4875 0.37968750000000007 0.4953125 0.37968750000000007
0 0.5640625 0.3671875000000001 0.5109375 0.3671875000000001 0.5109375 0.3859375000000001 0.5640625 0.3859375000000001
0 0.65625 0.3656250000000001 0.5765625 0.3656250000000001 0.5765625 0.3859375000000001 0.65625 0.3859375000000001
0 0.7296875 0.3687500000000001 0.678125 0.3687500000000001 0.678125 0.38750000000000007 0.7296875 0.38750000000000007
0 0.8453125 0.3687500000000001 0.7421875 0.3687500000000001 0.7421875 0.40156250000000016 0.8453125 0.40156250000000016
0 0.16562500000000005 0.4140625 0.12968750000000004 0.4140625 0.12968750000000004 0.44375 0.16562500000000005 0.44375
0 0.19062500000000004 0.425 0.17343750000000005 0.425 0.17343750000000005 0.4359375 0.19062500000000004 0.4359375
0 0.2765625000000001 0.4140625 0.19687500000000005 0.4140625 0.19687500000000005 0.446875 0.2765625000000001 0.446875
0 0.4359375 0.415625 0.2921875000000001 0.415625 0.2921875000000001 0.4515625 0.4359375 0.4515625
0 0.4375 0.434375 0.434375 0.434375 0.434375 0.4359375 0.4375 0.4359375
0 0.5 0.415625 0.45625 0.415625 0.45625 0.4359375 0.5 0.4359375
0 0.565625 0.4203125 0.515625 0.4203125 0.515625 0.4375 0.565625 0.4375
0 0.640625 0.415625 0.575 0.415625 0.575 0.446875 0.640625 0.446875
0 0.6921875 0.425 0.646875 0.425 0.646875 0.446875 0.6921875 0.446875
0 0.7453125 0.41875000000000007 0.7 0.41875 0.7 0.4390625000000001 0.7453125 0.4390625000000002
0 0.825 0.41718750000000016 0.7578125 0.41718750000000016 0.7578125 0.43750000000000017 0.825 0.43750000000000017
0 0.16562500000000005 0.465625 0.13281250000000006 0.465625 0.13281250000000006 0.49375 0.16562500000000005 0.49375
0 0.22031250000000008 0.4671875 0.17343750000000005 0.4671875 0.17343750000000005 0.4859375 0.22031250000000008 0.4859375
0 0.33281250000000007 0.4734375 0.2375000000000001 0.4734375 0.2375000000000001 0.503125 0.33281250000000007 0.503125
0 0.3390625000000001 0.484375 0.3359375000000001 0.484375 0.3359375000000001 0.4859375 0.3390625000000001 0.4859375