0 0.17968750000000006 0.1890625 0.12812500000000004 0.1890625 0.12812500000000004 0.2125 0.17968750000000006 0.2125
0 0.2109375 0.19062500000000004 0.19218750000000004 0.19062500000000004 0.19218750000000004 0.2109375 0.2109375 0.2109375
0 0.265625 0.19218750000000004 0.2265625 0.19218750000000004 0.2265625 0.2125 0.265625 0.2125
0 0.346875 0.19062500000000004 0.2859375 0.19062500000000004 0.2859375 0.2109375 0.346875 0.2109375
0 0.44375 0.19062500000000004 0.3609375 0.19062500000000004 0.3609375 0.21562500000000004 0.44375 0.2156250000000001
0 0.4515625 0.2062500000000001 0.446875 0.2062500000000001 0.446875 0.2140625000000001 0.4515625 0.2140625000000001
0 0.478125 0.19687500000000005 0.4625 0.19687500000000005 0.4625 0.21250000000000008 0.478125 0.21250000000000008
0 0.55625 0.18593750000000006 0.4953125 0.18593750000000003 0.4953125 0.21093750000000008 0.55625 0.21093750000000008
0 0.63125 0.18906250000000008 0.565625 0.18906250000000008 0.565625 0.2171875000000001 0.63125 0.2171875000000001
0 0.6921875 0.1906250000000001 0.646875 0.1906250000000001 0.646875 0.21093750000000008 0.6921875 0.21093750000000008
0 0.7828125 0.1906250000000001 0.7109375 0.1906250000000001 0.7109375 0.22812500000000008 0.7828125 0.22812500000000008
0 0.815625 0.1921875000000001 0.796875 0.1921875000000001 0.796875 0.2093750000000001 0.815625 0.2093750000000001
0 0.2515625 0.2421875 0.12812500000000004 0.2421875 0.12812500000000004 0.26875 0.2515625 0.26875
0 0.29375 0.240625 0.278125 0.240625 0.278125 0.2609375 0.29375 0.2609375
0 0.3265625 0.246875 0.3109375 0.246875 0.3109375 0.2609375 0.3265625 0.2609375
0 0.4296875 0.24687500000000004 0.34375 0.246875 0.34375 0.26093750000000004 0.4296875 0.2609375000000001
0 0.465625 0.24375000000000008 0.44375 0.24375000000000008 0.44375 0.2609375000000001 0.465625 0.2609375000000001
0 0.5140625 0.24218750000000008 0.4828125 0.24218750000000008 0.4828125 0.2609375000000001 0.5140625 0.2609375000000001
0 0.7109375 0.2390625000000001 0.5390625 0.2390625000000001 0.5390625 0.2593750000000001 0.7109375 0.2593750000000001
0 0.775 0.24375000000000008 0.725 0.24375000000000008 0.725 0.2593750000000001 0.775 0.2593750000000001
0 0.8046875 0.2453125000000001 0.7828125 0.2453125000000001 0.7828125 0.2593750000000001 0.8046875 0.2593750000000001
0 0.2296875 0.2890625 0.12812500000000004 0.2890625 0.12812500000000004 0.3390625 0.2296875 0.3390625
0 0.275 0.290625 0.25625 0.290625 0.25625 0.309375 0.275 0.309375
0 0.321875 0.2921875 0.2890625 0.2921875 0.2890625 0.3109375 0.321875 0.3109375
0 0.4015625 0.28906250000000006 0.3421875 0.2890625 0.3421875 0.31093750000000003 0.4015625 0.3109375000000001
0 0.5125 0.2890625000000001 0.43125 0.2890625000000001 0.43125 0.30937500000000007 0.5125 0.30937500000000007
0 0.6 0.2890625000000001 0.528125 0.2890625000000001 0.528125 0.3109375000000001 0.6 0.3109375000000001
0 0.609375 0.3062500000000001 0.60625 0.3062500000000001 0.60625 0.30937500000000007 0.609375 0.30937500000000007
0 0.646875 0.2921875000000001 0.6203125 0.2921875000000001 0.6203125 0.3109375000000001 0.646875 0.3109375000000001
0 0.765625 0.2921875000000001 0.653125 0.2921875000000001 0.653125 0.31718750000000007 0.765625 0.31718750000000007
0 0.234375 0.3421875 0.12968750000000004 0.3421875 0.12968750000000004 0.3625 0.234375 0.3625
0 0.33125 0.34375 0.253125 0.34375 0.253125 0.3625 0.33125 0.3625
0 0.375 0.34062500000000007 0.3453125 0.340625 0.3453125 0.36250000000000004 0.375 0.3625000000000001
0 0.446875 0.34062500000000007 0.3953125 0.34062500000000007 0.39531250000000007 0.37187500000000007 0.446875 0.37187500000000007
0 0.5046875 0.34062500000000007 0.465625 0.34062500000000007 0.465625 0.3625000000000001 0.5046875 0.3625000000000001
0 0.7046875 0.3390625000000001 0.5296875 0.3390625000000001 0.5296875 0.3625000000000001 0.7046875 0.3625000000000001
0 0.7484375 0.34062500000000007 0.7234375 0.34062500000000007 0.7234375 0.3593750000000001 0.7484375 0.3593750000000001
0 0.828125 0.3421875000000001 0.7546875 0.3421875000000001 0.7546875 0.3656250000000001 0.828125 0.3656250000000001
0 0.14843750000000006 0.396875 0.13437500000000005 0.396875 0.13437500000000005 0.4125 0.14843750000000006 0.4125
0 0.2078125000000001 0.3921875 0.16718750000000004 0.3921875 0.16718750000000004 0.4140625 0.2078125000000001 0.4140625
0 0.2515625000000001 0.3921875 0.2250000000000001 0.3921875 0.2250000000000001 0.4203125 0.2515625000000001 0.4203125
0 0.409375 0.3921875 0.2828125000000001 0.3921875 0.2828125000000001 0.4203125 0.409375 0.4203125
0 0.559375 0.3921875000000001 0.4375 0.3921875000000001 0.4375 0.4328125 0.559375 0.4328125
0 0.6265625 0.39531250000000007 0.5765625 0.39531250000000007 0.5765625 0.4125 0.6265625 0.4125
0 0.8078125 0.3906250000000001 0.640625 0.3906250000000001 0.640625 0.4125000000000001 0.8078125 0.4125000000000002
0 0.81875 0.40625000000000017 0.815625 0.40625000000000017 0.815625 0.4078125000000002 0.81875 0.4078125000000002
0 0.18125000000000005 0.4421875 0.13125000000000003 0.4421875 0.13125000000000003 0.4625 0.18125000000000005 0.4625
0 0.2234375000000001 0.4484375 0.19375000000000003 0.4484375 0.19375000000000003 0.4625 0.2234375000000001 0.4625
0 0.3140625000000001 0.4453125 0.2500000000000001 0.4453125 0.2500000000000001 0.4640625 0.3140625000000001 0.4640625
0 0.415625 0.4390625 0.3437500000000001 0.4390625 0.3437500000000001 0.4625 0.415625 0.4625
0 0.509375 0.4390625 0.43125 0.4390625 0.43125 0.4703125 0.509375 0.4703125
0 0.5484375 0.4453125 0.5234375 0.4453125 0.5234375 0.4640625 0.5484375 0.4640625
0 0.6359375 0.4421875 0.5640625 0.4421875 0.5640625 0.4625 0.6359375 0.4625
0 0.696875 0.4390625 0.6578125 0.4390625 0.6578125 0.4640625 0.696875 0.4640625
0 0.778125 0.4437500000000001 0.6984375 0.44375 0.6984375 0.4921875000000001 0.778125 0.49218750000000017
0 0.7921875 0.4578125000000002 0.784375 0.4578125000000002 0.784375 0.4671875000000002 0.7921875 0.4671875000000002
0 0.16562500000000005 0.4984375 0.13906250000000003 0.4984375 0.13906250000000003 0.5125 0.16562500000000005 0.5125
0 0.2250000000000001 0.4984375 0.18750000000000006 0.4984375 0.18750000000000006 0.5375 0.2250000000000001 0.5375
0 0.2921875000000001 0.4921875 0.2484375000000001 0.4921875 0.2484375000000001 0.5125 0.2921875000000001 0.5125
0 0.29375000000000007 0.5078125 0.2906250000000001 0.5078125 0.2906250000000001 0.5109375 0.29375000000000007 0.5109375