0 0.23125 0.215625 0.13593750000000004 0.215625 0.13593750000000004 0.25625 0.23125 0.25625
0 0.3484375 0.215625 0.246875 0.215625 0.246875 0.2453125 0.3484375 0.2453125
0 0.3765625 0.21875000000000008 0.365625 0.21875000000000008 0.365625 0.2328125000000001 0.3765625 0.2328125000000001
0 0.51875 0.2156250000000001 0.390625 0.2156250000000001 0.390625 0.2515625000000001 0.51875 0.2515625000000001
0 0.66875 0.2171875000000001 0.534375 0.2171875000000001 0.534375 0.2531250000000001 0.66875 0.2531250000000001
0 0.7390625 0.22031250000000008 0.6859375 0.22031250000000008 0.6859375 0.2328125000000001 0.7390625 0.2328125000000001
0 0.840625 0.2156250000000001 0.7578125 0.2156250000000001 0.7578125 0.2375000000000001 0.840625 0.2375000000000001
0 0.16718750000000004 0.271875 0.14062500000000006 0.271875 0.14062500000000006 0.2828125 0.16718750000000004 0.2828125
0 0.2 0.2734375 0.18437500000000004 0.2734375 0.18437500000000004 0.284375 0.2 0.284375
0 0.2859375 0.2734375 0.2171875 0.2734375 0.2171875 0.284375 0.2859375 0.284375
0 0.328125 0.2640625 0.303125 0.2640625 0.303125 0.2796875 0.328125 0.2796875
0 0.403125 0.26562500000000006 0.34375 0.265625 0.34375 0.2828125 0.403125 0.2828125000000001
0 0.4828125 0.2687500000000001 0.4265625 0.2687500000000001 0.4265625 0.3000000000000001 0.4828125 0.3000000000000001
0 0.5734375 0.2656250000000001 0.503125 0.2656250000000001 0.503125 0.2921875000000001 0.5734375 0.2921875000000001
0 0.6171875 0.2656250000000001 0.590625 0.2656250000000001 0.590625 0.2843750000000001 0.6171875 0.2843750000000001
0 0.7078125 0.2671875000000001 0.634375 0.2671875000000001 0.634375 0.2843750000000001 0.7078125 0.2843750000000001
0 0.7203125 0.2812500000000001 0.7171875 0.2812500000000001 0.7171875 0.2828125000000001 0.7203125 0.2828125000000001
0 0.7875 0.2671875000000001 0.7421875 0.2671875000000001 0.7421875 0.2843750000000001 0.7875 0.2843750000000001
0 0.825 0.2671875000000001 0.8078125 0.2671875000000001 0.8078125 0.2843750000000001 0.825 0.2843750000000001
0 0.18593750000000003 0.3171875 0.13906250000000003 0.3171875 0.13906250000000003 0.334375 0.18593750000000003 0.334375
0 0.2859375 0.321875 0.20625 0.321875 0.20625 0.3359375 0.2859375 0.3359375
0 0.3515625 0.3171875 0.303125 0.3171875 0.303125 0.3359375 0.3515625 0.3359375
0 0.3890625 0.32500000000000007 0.359375 0.325 0.359375 0.34218750000000003 0.3890625 0.3421875000000001
0 0.53125 0.3218750000000001 0.4 0.3218750000000001 0.4 0.3437500000000001 0.53125 0.3437500000000001
0 0.590625 0.3203125000000001 0.5484375 0.3203125000000001 0.5484375 0.3359375000000001 0.590625 0.3359375000000001
0 0.6421875 0.3218750000000001 0.60625 0.3218750000000001 0.60625 0.3343750000000001 0.6421875 0.3343750000000001
0 0.7140625 0.3187500000000001 0.659375 0.3187500000000001 0.659375 0.3343750000000001 0.7140625 0.3343750000000001
0 0.828125 0.3218750000000001 0.73125 0.3218750000000001 0.73125 0.3531250000000001 0.828125 0.3531250000000001
0 0.16250000000000003 0.3671875 0.13750000000000004 0.3671875 0.13750000000000004 0.396875 0.16250000000000003 0.396875
0 0.2484375000000001 0.3640625 0.17812500000000003 0.3640625 0.17812500000000003 0.403125 0.2484375000000001 0.403125
0 0.3187500000000001 0.365625 0.2656250000000001 0.365625 0.2656250000000001 0.3859375 0.3187500000000001 0.3859375
0 0.3765625000000001 0.37187500000000007 0.3281250000000001 0.371875 0.3281250000000001 0.384375 0.3765625000000001 0.3843750000000001
0 0.4109375 0.3671875000000001 0.3843750000000001 0.3671875000000001 0.3843750000000001 0.3843750000000001 0.4109375 0.3843750000000001
0 0.553125 0.3671875000000001 0.4296875 0.3671875000000001 0.4296875 0.3921875000000001 0.553125 0.3921875000000001
0 0.590625 0.3750000000000001 0.56875 0.3750000000000001 0.56875 0.3859375000000001 0.590625 0.3859375000000001
0 0.6140625 0.3750000000000001 0.5984375 0.3750000000000001 0.5984375 0.3843750000000001 0.6140625 0.3843750000000001
0 0.7484375 0.3656250000000001 0.634375 0.3656250000000001 0.634375 0.3859375000000001 0.7484375 0.3859375000000001
0 0.8359375 0.3687500000000001 0.7578125 0.3687500000000001 0.7578125 0.3843750000000001 0.8359375 0.3843750000000001
0 0.2250000000000001 0.4171875 0.14062500000000006 0.4171875 0.14062500000000006 0.4375 0.2250000000000001 0.4375
0 0.2328125000000001 0.4328125 0.2296875000000001 0.4328125 0.2296875000000001 0.434375 0.2328125000000001 0.434375
0 0.3625000000000001 0.4171875 0.2531250000000001 0.4171875 0.2531250000000001 0.45 0.3625000000000001 0.45
0 0.4765625 0.41875 0.3859375000000001 0.41875 0.3859375000000001 0.44375 0.4765625 0.44375
0 0.5578125 0.41875 0.4921875 0.41875 0.4921875 0.4375 0.5578125 0.4375
0 0.6359375 0.4234375 0.575 0.4234375 0.575 0.4375 0.6359375 0.4375
0 0.6953125 0.41875 0.64375 0.41875 0.64375 0.4359375 0.6953125 0.4359375
0 0.7625 0.4171875000000001 0.71875 0.4171875 0.71875 0.4359375000000001 0.7625 0.4359375000000002
0 0.859375 0.41718750000000016 0.778125 0.41718750000000016 0.778125 0.4421875000000002 0.859375 0.4421875000000002
0 0.8640625 0.4359375000000002 0.8609375 0.4359375000000002 0.8609375 0.43750000000000017 0.8640625 0.43750000000000017
0 0.17343750000000005 0.4671875 0.14062500000000006 0.4671875 0.14062500000000006 0.4859375 0.17343750000000005 0.4859375
0 0.28593750000000007 0.4703125 0.19062500000000004 0.4703125 0.19062500000000004 0.4921875 0.28593750000000007 0.4921875
0 0.3312500000000001 0.46875 0.30156250000000007 0.46875 0.30156250000000007 0.4890625 0.3312500000000001 0.4890625
0 0.3968750000000001 0.4703125 0.3421875000000001 0.4703125 0.3421875000000001 0.490625 0.3968750000000001 0.490625
0 0.4734375 0.475 0.4078125 0.475 0.4078125 0.4953125 0.4734375 0.4953125
0 0.534375 0.4703125 0.4921875 0.4703125 0.4921875 0.4859375 0.534375 0.4859375
0 0.6375 0.4671875 0.553125 0.4671875 0.553125 0.4859375 0.6375 0.4859375
0 0.753125 0.47343750000000007 0.65625 0.4734375 0.65625 0.4859375000000001 0.753125 0.4859375000000002
0 0.8046875 0.4671875000000002 0.771875 0.4671875000000002 0.771875 0.4906250000000002 0.8046875 0.4906250000000002
0 0.21875000000000008 0.515625 0.13593750000000004 0.515625 0.13593750000000004 0.5359375 0.21875000000000008 0.5359375
0 0.30156250000000007 0.51875 0.24375000000000008 0.51875 0.24375000000000008 0.5359375 0.30156250000000007 0.5359375
0 0.3843750000000001 0.51875 0.3218750000000001 0.51875 0.3218750000000001 0.5359375 0.3843750000000001 0.5359375
0 0.5015625 0.515625 0.4015625 0.515625 0.4015625 0.5390625 0.5015625 0.5390625
0 0.5625 0.515625 0.51875 0.515625 0.51875 0.5359375 0.5625 0.5359375
0 0.6953125 0.5171875 0.5859375 0.5171875 0.5859375 0.559375 0.6953125 0.559375
0 0.70625 0.534375 0.703125 0.534375 0.703125 0.5359375 0.70625 0.5359375