0 0.246875 0.215625 0.13281250000000006 0.215625 0.13281250000000006 0.25 0.246875 0.25
0 0.2640625 0.2296875 0.25625 0.2296875 0.25625 0.240625 0.2640625 0.240625
0 0.321875 0.215625 0.2796875 0.215625 0.2796875 0.2359375 0.321875 0.2359375
0 0.3875 0.21562500000000004 0.3359375 0.215625 0.3359375 0.23593750000000005 0.3875 0.23593750000000008
0 0.43125 0.2171875000000001 0.4046875 0.2171875000000001 0.4046875 0.23593750000000008 0.43125 0.23593750000000008
0 0.496875 0.2218750000000001 0.44375 0.2218750000000001 0.44375 0.2500000000000001 0.496875 0.2500000000000001
0 0.5921875 0.2140625000000001 0.5140625 0.2140625000000001 0.5140625 0.23593750000000008 0.5921875 0.23593750000000008
0 0.5921875 0.23437500000000008 0.5890625 0.23437500000000008 0.5890625 0.23593750000000008 0.5921875 0.23593750000000008
0 0.6671875 0.2140625000000001 0.6078125 0.2140625000000001 0.6078125 0.2375000000000001 0.6671875 0.2375000000000001
0 0.7046875 0.2140625000000001 0.66875 0.2140625000000001 0.66875 0.23593750000000008 0.7046875 0.23593750000000008
0 0.7328125 0.22031250000000008 0.70625 0.22031250000000008 0.70625 0.23593750000000008 0.7328125 0.23593750000000008
0 0.7578125 0.2234375000000001 0.7421875 0.2234375000000001 0.7421875 0.23437500000000008 0.7578125 0.23437500000000008
0 0.828125 0.2140625000000001 0.7671875 0.2140625000000001 0.7671875 0.24375000000000008 0.828125 0.24375000000000008
0 0.16250000000000003 0.2703125 0.12812500000000004 0.2703125 0.12812500000000004 0.2875 0.16250000000000003 0.2875
0 0.25 0.2671875 0.19843750000000004 0.2671875 0.19843750000000004 0.2875 0.25 0.2875
0 0.3984375 0.26406250000000003 0.2703125 0.2640625 0.2703125 0.28593750000000007 0.3984375 0.28593750000000007
0 0.45 0.2640625000000001 0.4171875 0.2640625000000001 0.4171875 0.29375000000000007 0.45 0.29375000000000007
0 0.7375 0.2656250000000001 0.4578125 0.2656250000000001 0.4578125 0.28593750000000007 0.7375 0.28593750000000007
0 0.78125 0.2656250000000001 0.7625 0.2656250000000001 0.7625 0.28593750000000007 0.78125 0.28593750000000007
0 0.834375 0.2640625000000001 0.775 0.2640625000000001 0.775 0.2953125000000001 0.834375 0.2953125000000001
0 0.19531250000000006 0.3125 0.12031250000000004 0.3125 0.12031250000000004 0.3375 0.19531250000000006 0.3375
0 0.26875 0.3234375 0.209375 0.3234375 0.209375 0.3359375 0.26875 0.3359375
0 0.3421875 0.3234375 0.2671875 0.3234375 0.2671875 0.3515625 0.3421875 0.3515625
0 0.4703125 0.31718750000000007 0.35625 0.3171875 0.35625 0.353125 0.4703125 0.3531250000000001
0 0.5140625 0.3140625000000001 0.48125 0.3140625000000001 0.48125 0.3437500000000001 0.5140625 0.3437500000000001
0 0.6203125 0.31718750000000007 0.5265625 0.31718750000000007 0.5265625 0.3453125000000001 0.6203125 0.3453125000000001
0 0.8125 0.3140625000000001 0.621875 0.3140625000000001 0.621875 0.3375000000000001 0.8125 0.3375000000000001
0 0.2984375000000001 0.3640625 0.12500000000000006 0.3640625 0.12500000000000006 0.3953125 0.2984375000000001 0.3953125
0 0.30937500000000007 0.3828125 0.3000000000000001 0.3828125 0.3000000000000001 0.390625 0.30937500000000007 0.390625
0 0.4 0.36406250000000007 0.3187500000000001 0.3640625 0.3187500000000001 0.38593750000000004 0.4 0.3859375000000001
0 0.4453125 0.3703125000000001 0.4140625 0.3703125000000001 0.4140625 0.3859375000000001 0.4453125 0.3859375000000001
0 0.4953125 0.3656250000000001 0.45 0.3656250000000001 0.45 0.3859375000000001 0.4953125 0.3859375000000001
0 0.559375 0.3671875000000001 0.5 0.3671875000000001 0.5 0.4015625 0.559375 0.4015625
0 0.6296875 0.3750000000000001 0.575 0.3750000000000001 0.575 0.4 0.6296875 0.4
0 0.665625 0.36406250000000007 0.64375 0.36406250000000007 0.64375 0.3843750000000001 0.665625 0.3843750000000001
0 0.75 0.3656250000000001 0.6734375 0.3656250000000001 0.6734375 0.3859375000000001 0.75 0.3859375000000001
0 0.8078125 0.3656250000000001 0.7640625 0.3656250000000001 0.7640625 0.3859375000000001 0.8078125 0.3859375000000001
0 0.2578125000000001 0.4171875 0.12031250000000004 0.4171875 0.12031250000000004 0.45 0.2578125000000001 0.45
0 0.446875 0.4140625 0.2890625000000001 0.4140625 0.2890625000000001 0.44375 0.446875 0.44375
0 0.5375 0.415625 0.4640625 0.415625 0.4640625 0.4375 0.5375 0.4375
0 0.63125 0.4171875 0.540625 0.4171875 0.540625 0.446875 0.63125 0.446875
0 0.6828125 0.4171875 0.6375 0.4171875 0.6375 0.4375 0.6828125 0.4375
0 0.7921875 0.4156250000000001 0.696875 0.415625 0.696875 0.4375000000000001 0.7921875 0.43750000000000017
0 0.878125 0.41406250000000017 0.8015625 0.41406250000000017 0.8015625 0.43750000000000017 0.878125 0.43750000000000017
0 0.88125 0.4343750000000002 0.878125 0.4343750000000002 0.878125 0.4359375000000002 0.88125 0.4359375000000002
0 0.21875000000000008 0.4640625 0.12812500000000004 0.4640625 0.12812500000000004 0.4890625 0.21875000000000008 0.4890625
0 0.2953125000000001 0.4703125 0.23593750000000008 0.4703125 0.23593750000000008 0.4890625 0.2953125000000001 0.4890625
0 0.3546875000000001 0.4671875 0.3062500000000001 0.4671875 0.3062500000000001 0.4875 0.3546875000000001 0.4875
0 0.4296875 0.46875 0.3703125000000001 0.46875 0.3703125000000001 0.4890625 0.4296875 0.4890625
0 0.44375 0.4828125 0.43125 0.4828125 0.43125 0.4921875 0.44375 0.4921875
0 0.5375 0.465625 0.4546875 0.465625 0.4546875 0.4875 0.5375 0.4875
0 0.625 0.46875 0.5515625 0.46875 0.5515625 0.4875 0.625 0.4875
0 0.76875 0.4640625000000001 0.63125 0.4640625 0.63125 0.4953125000000001 0.76875 0.49531250000000016
0 0.8421875 0.46406250000000016 0.7921875 0.46406250000000016 0.7921875 0.48750000000000016 0.8421875 0.48750000000000016
0 0.19843750000000004 0.515625 0.13437500000000005 0.515625 0.13437500000000005 0.540625 0.19843750000000004 0.540625
0 0.3437500000000001 0.5140625 0.2078125000000001 0.5140625 0.2078125000000001 0.5375 0.3437500000000001 0.5375
0 0.3593750000000001 0.5328125 0.3500000000000001 0.5328125 0.3500000000000001 0.540625 0.3593750000000001 0.540625
0 0.446875 0.515625 0.3734375000000001 0.515625 0.3734375000000001 0.5375 0.446875 0.5375
0 0.5171875 0.5203125 0.446875 0.5203125 0.446875 0.55 0.5171875 0.55
0 0.6015625 0.528125 0.53125 0.528125 0.53125 0.5390625 0.6015625 0.5390625
0 0.784375 0.5171875000000001 0.6171875 0.5171875 0.6171875 0.5390625000000001 0.784375 0.5390625000000002
0 0.865625 0.5171875000000001 0.7984375 0.5171875000000001 0.7984375 0.5484375000000001 0.865625 0.5484375000000001
0 0.8703125 0.5359375000000002 0.8671875 0.5359375000000002 0.8671875 0.5375000000000002 0.8703125 0.5375000000000002
0 0.20468750000000008 0.565625 0.12031250000000009 0.565625 0.12031250000000009 0.590625 0.20468750000000008 0.590625
0 0.2484375000000001 0.56875 0.2093750000000001 0.56875 0.2093750000000001 0.5890625 0.2484375000000001 0.5890625
0 0.3468750000000001 0.575 0.2562500000000001 0.575 0.2562500000000001 0.590625 0.3468750000000001 0.590625
0 0.3968750000000001 0.571875 0.3593750000000001 0.571875 0.3593750000000001 0.5875 0.3968750000000001 0.5875
0 0.546875 0.56875 0.4078125 0.56875 0.4078125 0.6 0.546875 0.6
0 0.63125 0.5703125 0.5578125 0.5703125 0.5578125 0.5875 0.63125 0.5875
0 0.6765625 0.56875 0.6453125 0.56875 0.6453125 0.5875 0.6765625 0.5875
0 0.7484375 0.565625 0.684375 0.565625 0.684375 0.5890625 0.7484375 0.5890625000000002
0 0.815625 0.5750000000000002 0.7625 0.5750000000000002 0.7625 0.5890625000000002 0.815625 0.5890625000000002
0 0.23437500000000008 0.6140625 0.1312500000000001 0.6140625 0.1312500000000001 0.65 0.23437500000000008 0.65
0 0.27031250000000007 0.615625 0.2484375000000001 0.615625 0.2484375000000001 0.6390625 0.27031250000000007 0.6390625
0 0.4078125 0.621875 0.28593750000000007 0.621875 0.28593750000000007 0.653125 0.4078125 0.653125
0 0.4921875 0.6203125 0.4171875 0.6203125 0.4171875 0.6390625 0.4921875 0.6390625
0 0.55625 0.625 0.5015625 0.625 0.5015625 0.6390625 0.55625 0.6390625
0 0.5984375 0.6203125 0.565625 0.6203125 0.565625 0.6390625 0.5984375 0.6390625
0 0.628125 0.6296875 0.6125 0.6296875 0.6125 0.6390625 0.628125 0.6390625
0 0.709375 0.6171875 0.6375 0.6171875 0.6375 0.6390625 0.709375 0.6390625
0 0.828125 0.6203125000000002 0.73125 0.6203125000000002 0.73125 0.6515625000000002 0.828125 0.6515625000000002
0 0.1671875000000001 0.66875 0.12500000000000008 0.66875 0.12500000000000008 0.703125 0.1671875000000001 0.703125
0 0.2968750000000001 0.6734375 0.17968750000000008 0.6734375 0.17968750000000008 0.70625 0.2968750000000001 0.70625
0 0.3453125000000001 0.671875 0.31718750000000007 0.671875 0.31718750000000007 0.690625 0.3453125000000001 0.690625
0 0.4171875 0.671875 0.3531250000000001 0.671875 0.3531250000000001 0.70625 0.4171875 0.70625
0 0.4296875 0.684375 0.4203125 0.684375 0.4203125 0.69375 0.4296875 0.69375
0 0.51875 0.66875 0.4421875 0.66875 0.4421875 0.690625 0.51875 0.690625
0 0.5765625 0.66875 0.5390625 0.66875 0.5390625 0.6875 0.5765625 0.6875
0 0.6625 0.671875 0.5796875 0.671875 0.5796875 0.703125 0.6625 0.703125
0 0.759375 0.6687500000000001 0.684375 0.66875 0.684375 0.690625 0.759375 0.6906250000000002
0 0.2500000000000001 0.7234375 0.12343750000000009 0.7234375 0.12343750000000009 0.7578125 0.2500000000000001 0.7578125
0 0.3546875000000001 0.7171875 0.2640625000000001 0.7171875 0.2640625000000001 0.753125 0.3546875000000001 0.753125
0 0.4484375000000001 0.71875 0.3765625000000001 0.71875 0.3765625000000001 0.7390625 0.44843750000000016 0.7390625
0 0.4984375000000001 0.721875 0.4578125 0.721875 0.45781250000000007 0.740625 0.4984375000000002 0.740625
0 0.5906250000000001 0.71875 0.5046875 0.71875 0.5046875000000001 0.7421875 0.5906250000000002 0.7421875
0 0.6250000000000002 0.728125 0.6093750000000002 0.728125 0.6093750000000002 0.7390625 0.6250000000000002 0.7390625
0 0.70625 0.7171875 0.640625 0.7171875 0.6406250000000001 0.740625 0.7062500000000002 0.740625
0 0.8234375 0.7203125000000001 0.73125 0.7203125000000001 0.7312500000000001 0.7390625000000002 0.8234375 0.7390625000000002
0 0.821875 0.7359375000000001 0.8203125 0.7359375000000001 0.8203125 0.7390625000000002 0.821875 0.7390625000000002