0 0.15000000000000005 0.209375 0.12343750000000005 0.209375 0.12343750000000005 0.2359375 0.15000000000000005 0.2359375
0 0.21875 0.2109375 0.16250000000000003 0.2109375 0.16250000000000003 0.2421875 0.21875 0.2421875
0 0.3421875 0.2109375 0.240625 0.2109375 0.240625 0.2453125 0.3421875 0.2453125
0 0.428125 0.2078125000000001 0.371875 0.2078125000000001 0.371875 0.2375000000000001 0.428125 0.2375000000000001
0 0.503125 0.21093750000000008 0.44375 0.21093750000000008 0.44375 0.2390625000000001 0.503125 0.2390625000000001
0 0.634375 0.2140625000000001 0.5390625 0.2140625000000001 0.5390625 0.24218750000000008 0.634375 0.24218750000000008
0 0.7078125 0.2078125000000001 0.659375 0.2078125000000001 0.659375 0.23437500000000008 0.7078125 0.23437500000000008
0 0.784375 0.2140625000000001 0.7265625 0.2140625000000001 0.7265625 0.23437500000000008 0.784375 0.23437500000000008
0 0.8421875 0.22656250000000008 0.79375 0.22656250000000008 0.79375 0.23437500000000008 0.8421875 0.23437500000000008
0 0.17500000000000004 0.2609375 0.12500000000000006 0.2609375 0.12500000000000006 0.2875 0.17500000000000004 0.2875
0 0.2390625 0.2625 0.2125 0.2625 0.2125 0.2859375 0.2390625 0.2859375
0 0.2984375 0.2609375 0.259375 0.2609375 0.259375 0.2859375 0.2984375 0.2859375
0 0.3421875 0.2796875 0.321875 0.2796875 0.321875 0.2875 0.3421875 0.2875
0 0.446875 0.2593750000000001 0.378125 0.2593750000000001 0.378125 0.28593750000000007 0.446875 0.28593750000000007
0 0.5078125 0.2578125000000001 0.4671875 0.2578125000000001 0.4671875 0.2921875000000001 0.5078125 0.2921875000000001
0 0.5984375 0.26250000000000007 0.528125 0.26250000000000007 0.528125 0.28593750000000007 0.5984375 0.28593750000000007
0 0.6640625 0.2609375000000001 0.6046875 0.2609375000000001 0.6046875 0.28593750000000007 0.6640625 0.28593750000000007
0 0.7578125 0.2593750000000001 0.678125 0.2593750000000001 0.678125 0.28593750000000007 0.7578125 0.28593750000000007
0 0.8109375 0.2609375000000001 0.7703125 0.2609375000000001 0.7703125 0.2906250000000001 0.8109375 0.2906250000000001
0 0.18281250000000004 0.309375 0.12968750000000004 0.309375 0.12968750000000004 0.3375 0.18281250000000004 0.3375
0 0.2171875 0.315625 0.2015625 0.315625 0.2015625 0.334375 0.2171875 0.334375
0 0.271875 0.3109375 0.23125 0.3109375 0.23125 0.3375 0.271875 0.3375
0 0.3671875 0.30781250000000004 0.3046875 0.3078125 0.3046875 0.33593750000000006 0.3671875 0.3359375000000001
0 0.428125 0.3296875000000001 0.384375 0.3296875000000001 0.384375 0.3375000000000001 0.428125 0.3375000000000001
0 0.4875 0.3078125000000001 0.4453125 0.3078125000000001 0.4453125 0.3421875000000001 0.4875 0.3421875000000001
0 0.5828125 0.30937500000000007 0.5015625 0.30937500000000007 0.5015625 0.3390625000000001 0.5828125 0.3390625000000001
0 0.6640625 0.3078125000000001 0.5890625 0.3078125000000001 0.5890625 0.3437500000000001 0.6640625 0.3437500000000001
0 0.6765625 0.3312500000000001 0.66875 0.3312500000000001 0.66875 0.3390625000000001 0.6765625 0.3390625000000001
0 0.809375 0.3062500000000001 0.6984375 0.3062500000000001 0.6984375 0.3359375000000001 0.809375 0.3359375000000001
0 0.8796875 0.3109375000000001 0.809375 0.3109375000000001 0.809375 0.3437500000000001 0.8796875 0.3437500000000001
0 0.18906250000000005 0.3578125 0.12968750000000004 0.3578125 0.12968750000000004 0.3875 0.18906250000000005 0.3875
0 0.29687500000000006 0.3578125 0.19531250000000006 0.3578125 0.19531250000000006 0.3859375 0.2968750000000001 0.3859375
0 0.35781250000000003 0.359375 0.3046875 0.359375 0.30468750000000006 0.396875 0.3578125000000001 0.396875
0 0.3609375000000001 0.3859375 0.3593750000000001 0.3859375 0.3593750000000001 0.3875 0.3609375000000001 0.3875
0 0.459375 0.3625000000000001 0.3890625 0.3625000000000001 0.38906250000000003 0.3890625000000001 0.459375 0.3890625000000001
0 0.5203125 0.37968750000000007 0.4671875 0.37968750000000007 0.4671875 0.38750000000000007 0.5203125 0.38750000000000007
0 0.6109375 0.3609375000000001 0.5390625 0.3609375000000001 0.5390625 0.3859375000000001 0.6109375 0.3859375000000001
0 0.6640625 0.3578125000000001 0.621875 0.3578125000000001 0.621875 0.3921875000000001 0.6640625 0.3921875000000001
0 0.7359375 0.3609375000000001 0.659375 0.3609375000000001 0.659375 0.3937500000000001 0.7359375 0.3937500000000001
0 0.859375 0.3609375000000001 0.7390625 0.3609375000000001 0.7390625 0.3968750000000001 0.859375 0.3968750000000001
0 0.19531250000000006 0.409375 0.12968750000000004 0.409375 0.12968750000000004 0.4375 0.19531250000000006 0.4375
0 0.2390625000000001 0.4140625 0.2093750000000001 0.4140625 0.2093750000000001 0.4375 0.2390625000000001 0.4375
0 0.3500000000000001 0.4109375 0.2562500000000001 0.4109375 0.2562500000000001 0.4421875 0.3500000000000001 0.4421875
0 0.4046875 0.4125 0.37187500000000007 0.4125 0.37187500000000007 0.4375 0.4046875 0.4375
0 0.4609375 0.4125 0.4265625 0.4125 0.4265625 0.4375 0.4609375 0.4375
0 0.5234375 0.4140625 0.4890625 0.4140625 0.4890625 0.4390625 0.5234375 0.4390625
0 0.5890625 0.4078125 0.5390625 0.4078125 0.5390625 0.4375 0.5890625 0.4375
0 0.6671875 0.4125 0.6078125 0.4125 0.6078125 0.4484375 0.6671875 0.4484375
0 0.778125 0.41093750000000007 0.6796875 0.4109375 0.6796875 0.4453125000000001 0.778125 0.44531250000000017
0 0.846875 0.4125000000000002 0.7921875 0.4125000000000002 0.7921875 0.44062500000000016 0.846875 0.44062500000000016
0 0.20312500000000008 0.4609375 0.13281250000000006 0.4609375 0.13281250000000006 0.4875 0.20312500000000008 0.4875
0 0.2468750000000001 0.4625 0.2234375000000001 0.4625 0.2234375000000001 0.4859375 0.2468750000000001 0.4859375
0 0.3156250000000001 0.4609375 0.2687500000000001 0.4609375 0.2687500000000001 0.4890625 0.3156250000000001 0.4890625
0 0.4359375 0.4625 0.34062500000000007 0.4625 0.34062500000000007 0.4921875 0.4359375 0.4921875
0 0.4421875 0.4875 0.4390625 0.4875 0.4390625 0.4890625 0.4421875 0.4890625
0 0.5234375 0.4625 0.471875 0.4625 0.471875 0.4890625 0.5234375 0.4890625
0 0.5734375 0.4796875 0.53125 0.4796875 0.53125 0.4859375 0.5734375 0.4859375
0 0.6359375 0.4625 0.5953125 0.4625 0.5953125 0.4953125 0.6359375 0.4953125
0 0.796875 0.4609375000000001 0.659375 0.4609375 0.659375 0.48906250000000007 0.796875 0.4890625000000002
0 0.8578125 0.4625000000000002 0.8015625 0.4625000000000002 0.8015625 0.48750000000000016 0.8578125 0.48750000000000016
0 0.18437500000000004 0.5078125 0.12812500000000004 0.5078125 0.12812500000000004 0.5375 0.18437500000000004 0.5375
0 0.2171875000000001 0.53125 0.20468750000000008 0.53125 0.20468750000000008 0.5390625 0.2171875000000001 0.5390625
0 0.3296875000000001 0.50625 0.23437500000000008 0.50625 0.23437500000000008 0.5453125 0.3296875000000001 0.5453125
0 0.45625 0.5109375 0.3531250000000001 0.5109375 0.3531250000000001 0.5484375 0.45625 0.5484375
0 0.6109375 0.5140625 0.484375 0.5140625 0.484375 0.5484375 0.6109375 0.5484375
0 0.6734375 0.53125 0.634375 0.53125 0.634375 0.553125 0.6734375 0.553125
0 0.74375 0.51875 0.703125 0.51875 0.703125 0.5484375000000001 0.74375 0.5484375000000001
0 0.8296875 0.5156250000000002 0.7640625 0.5156250000000002 0.7640625 0.5390625000000002 0.8296875 0.5390625000000002
0 0.2250000000000001 0.565625 0.1296875000000001 0.565625 0.1296875000000001 0.5890625 0.2250000000000001 0.5890625
0 0.32500000000000007 0.5625 0.2640625000000001 0.5625 0.2640625000000001 0.6 0.32500000000000007 0.6
0 0.4546875 0.5671875 0.36406250000000007 0.5671875 0.36406250000000007 0.5890625 0.4546875 0.5890625
0 0.48125 0.565625 0.471875 0.565625 0.471875 0.571875 0.48125 0.571875
0 0.565625 0.5625 0.4796875 0.5625 0.4796875 0.59375 0.565625 0.59375
0 0.5796875 0.5671875 0.571875 0.5671875 0.571875 0.571875 0.5796875 0.571875
0 0.6546875 0.5640625 0.59375 0.5640625 0.59375 0.5890625 0.6546875 0.5890625
0 0.8234375 0.5640625000000001 0.684375 0.5640625 0.684375 0.5906250000000001 0.8234375 0.5906250000000002
0 0.19687500000000008 0.6109375 0.1296875000000001 0.6109375 0.1296875000000001 0.6390625 0.19687500000000008 0.6390625
0 0.2921875000000001 0.615625 0.22656250000000008 0.615625 0.22656250000000008 0.6421875 0.2921875000000001 0.6421875
0 0.28593750000000007 0.6421875 0.2828125000000001 0.6421875 0.2828125000000001 0.64375 0.28593750000000007 0.64375
0 0.15000000000000005 0.209375 0.12343750000000005 0.209375 0.12343750000000005 0.2359375 0.15000000000000005 0.2359375
0 0.21875 0.2109375 0.16250000000000003 0.2109375 0.16250000000000003 0.2421875 0.21875 0.2421875
0 0.3421875 0.2109375 0.240625 0.2109375 0.240625 0.2453125 0.3421875 0.2453125
0 0.428125 0.2078125000000001 0.371875 0.2078125000000001 0.371875 0.2375000000000001 0.428125 0.2375000000000001
0 0.503125 0.21093750000000008 0.44375 0.21093750000000008 0.44375 0.2390625000000001 0.503125 0.2390625000000001
0 0.634375 0.2140625000000001 0.5390625 0.2140625000000001 0.5390625 0.24218750000000008 0.634375 0.24218750000000008
0 0.7078125 0.2078125000000001 0.659375 0.2078125000000001 0.659375 0.23437500000000008 0.7078125 0.23437500000000008
0 0.784375 0.2140625000000001 0.7265625 0.2140625000000001 0.7265625 0.23437500000000008 0.784375 0.23437500000000008
0 0.8421875 0.22656250000000008 0.79375 0.22656250000000008 0.79375 0.23437500000000008 0.8421875 0.23437500000000008
0 0.17500000000000004 0.2609375 0.12500000000000006 0.2609375 0.12500000000000006 0.2875 0.17500000000000004 0.2875
0 0.2390625 0.2625 0.2125 0.2625 0.2125 0.2859375 0.2390625 0.2859375
0 0.2984375 0.2609375 0.259375 0.2609375 0.259375 0.2859375 0.2984375 0.2859375
0 0.3421875 0.2796875 0.321875 0.2796875 0.321875 0.2875 0.3421875 0.2875
0 0.446875 0.2593750000000001 0.378125 0.2593750000000001 0.378125 0.28593750000000007 0.446875 0.28593750000000007
0 0.5078125 0.2578125000000001 0.4671875 0.2578125000000001 0.4671875 0.2921875000000001 0.5078125 0.2921875000000001
0 0.5984375 0.26250000000000007 0.528125 0.26250000000000007 0.528125 0.28593750000000007 0.5984375 0.28593750000000007
0 0.6640625 0.2609375000000001 0.6046875 0.2609375000000001 0.6046875 0.28593750000000007 0.6640625 0.28593750000000007
0 0.7578125 0.2593750000000001 0.678125 0.2593750000000001 0.678125 0.28593750000000007 0.7578125 0.28593750000000007
0 0.8109375 0.2609375000000001 0.7703125 0.2609375000000001 0.7703125 0.2906250000000001 0.8109375 0.2906250000000001
0 0.18281250000000004 0.309375 0.12968750000000004 0.309375 0.12968750000000004 0.3375 0.18281250000000004 0.3375
0 0.2171875 0.315625 0.2015625 0.315625 0.2015625 0.334375 0.2171875 0.334375
0 0.271875 0.3109375 0.23125 0.3109375 0.23125 0.3375 0.271875 0.3375
0 0.3671875 0.30781250000000004 0.3046875 0.3078125 0.3046875 0.33593750000000006 0.3671875 0.3359375000000001
0 0.428125 0.3296875000000001 0.384375 0.3296875000000001 0.384375 0.3375000000000001 0.428125 0.3375000000000001
0 0.4875 0.3078125000000001 0.4453125 0.3078125000000001 0.4453125 0.3421875000000001 0.4875 0.3421875000000001
0 0.5828125 0.30937500000000007 0.5015625 0.30937500000000007 0.5015625 0.3390625000000001 0.5828125 0.3390625000000001
0 0.6640625 0.3078125000000001 0.5890625 0.3078125000000001 0.5890625 0.3437500000000001 0.6640625 0.3437500000000001
0 0.6765625 0.3312500000000001 0.66875 0.3312500000000001 0.66875 0.3390625000000001 0.6765625 0.3390625000000001
0 0.809375 0.3062500000000001 0.6984375 0.3062500000000001 0.6984375 0.3359375000000001 0.809375 0.3359375000000001
0 0.8796875 0.3109375000000001 0.809375 0.3109375000000001 0.809375 0.3437500000000001 0.8796875 0.3437500000000001
0 0.18906250000000005 0.3578125 0.12968750000000004 0.3578125 0.12968750000000004 0.3875 0.18906250000000005 0.3875
0 0.29687500000000006 0.3578125 0.19531250000000006 0.3578125 0.19531250000000006 0.3859375 0.2968750000000001 0.3859375
0 0.35781250000000003 0.359375 0.3046875 0.359375 0.30468750000000006 0.396875 0.3578125000000001 0.396875
0 0.3609375000000001 0.3859375 0.3593750000000001 0.3859375 0.3593750000000001 0.3875 0.3609375000000001 0.3875
0 0.459375 0.3625000000000001 0.3890625 0.3625000000000001 0.38906250000000003 0.3890625000000001 0.459375 0.3890625000000001
0 0.5203125 0.37968750000000007 0.4671875 0.37968750000000007 0.4671875 0.38750000000000007 0.5203125 0.38750000000000007
0 0.6109375 0.3609375000000001 0.5390625 0.3609375000000001 0.5390625 0.3859375000000001 0.6109375 0.3859375000000001
0 0.6640625 0.3578125000000001 0.621875 0.3578125000000001 0.621875 0.3921875000000001 0.6640625 0.3921875000000001
0 0.7359375 0.3609375000000001 0.659375 0.3609375000000001 0.659375 0.3937500000000001 0.7359375 0.3937500000000001
0 0.859375 0.3609375000000001 0.7390625 0.3609375000000001 0.7390625 0.3968750000000001 0.859375 0.3968750000000001
0 0.19531250000000006 0.409375 0.12968750000000004 0.409375 0.12968750000000004 0.4375 0.19531250000000006 0.4375
0 0.2390625000000001 0.4140625 0.2093750000000001 0.4140625 0.2093750000000001 0.4375 0.2390625000000001 0.4375
0 0.3500000000000001 0.4109375 0.2562500000000001 0.4109375 0.2562500000000001 0.4421875 0.3500000000000001 0.4421875
0 0.4046875 0.4125 0.37187500000000007 0.4125 0.37187500000000007 0.4375 0.4046875 0.4375
0 0.4609375 0.4125 0.4265625 0.4125 0.4265625 0.4375 0.4609375 0.4375
0 0.5234375 0.4140625 0.4890625 0.4140625 0.4890625 0.4390625 0.5234375 0.4390625
0 0.5890625 0.4078125 0.5390625 0.4078125 0.5390625 0.4375 0.5890625 0.4375
0 0.6671875 0.4125 0.6078125 0.4125 0.6078125 0.4484375 0.6671875 0.4484375
0 0.778125 0.41093750000000007 0.6796875 0.4109375 0.6796875 0.4453125000000001 0.778125 0.44531250000000017
0 0.846875 0.4125000000000002 0.7921875 0.4125000000000002 0.7921875 0.44062500000000016 0.846875 0.44062500000000016
0 0.20312500000000008 0.4609375 0.13281250000000006 0.4609375 0.13281250000000006 0.4875 0.20312500000000008 0.4875
0 0.2468750000000001 0.4625 0.2234375000000001 0.4625 0.2234375000000001 0.4859375 0.2468750000000001 0.4859375
0 0.3156250000000001 0.4609375 0.2687500000000001 0.4609375 0.2687500000000001 0.4890625 0.3156250000000001 0.4890625
0 0.4359375 0.4625 0.34062500000000007 0.4625 0.34062500000000007 0.4921875 0.4359375 0.4921875
0 0.4421875 0.4875 0.4390625 0.4875 0.4390625 0.4890625 0.4421875 0.4890625
0 0.5234375 0.4625 0.471875 0.4625 0.471875 0.4890625 0.5234375 0.4890625
0 0.5734375 0.4796875 0.53125 0.4796875 0.53125 0.4859375 0.5734375 0.4859375
0 0.6359375 0.4625 0.5953125 0.4625 0.5953125 0.4953125 0.6359375 0.4953125
0 0.796875 0.4609375000000001 0.659375 0.4609375 0.659375 0.48906250000000007 0.796875 0.4890625000000002
0 0.8578125 0.4625000000000002 0.8015625 0.4625000000000002 0.8015625 0.48750000000000016 0.8578125 0.48750000000000016
0 0.18437500000000004 0.5078125 0.12812500000000004 0.5078125 0.12812500000000004 0.5375 0.18437500000000004 0.5375
0 0.2171875000000001 0.53125 0.20468750000000008 0.53125 0.20468750000000008 0.5390625 0.2171875000000001 0.5390625
0 0.3296875000000001 0.50625 0.23437500000000008 0.50625 0.23437500000000008 0.5453125 0.3296875000000001 0.5453125
0 0.45625 0.5109375 0.3531250000000001 0.5109375 0.3531250000000001 0.5484375 0.45625 0.5484375
0 0.6109375 0.5140625 0.484375 0.5140625 0.484375 0.5484375 0.6109375 0.5484375
0 0.6734375 0.53125 0.634375 0.53125 0.634375 0.553125 0.6734375 0.553125
0 0.74375 0.51875 0.703125 0.51875 0.703125 0.5484375000000001 0.74375 0.5484375000000001
0 0.8296875 0.5156250000000002 0.7640625 0.5156250000000002 0.7640625 0.5390625000000002 0.8296875 0.5390625000000002
0 0.2250000000000001 0.565625 0.1296875000000001 0.565625 0.1296875000000001 0.5890625 0.2250000000000001 0.5890625
0 0.32500000000000007 0.5625 0.2640625000000001 0.5625 0.2640625000000001 0.6 0.32500000000000007 0.6
0 0.4546875 0.5671875 0.36406250000000007 0.5671875 0.36406250000000007 0.5890625 0.4546875 0.5890625
0 0.48125 0.565625 0.471875 0.565625 0.471875 0.571875 0.48125 0.571875
0 0.565625 0.5625 0.4796875 0.5625 0.4796875 0.59375 0.565625 0.59375
0 0.5796875 0.5671875 0.571875 0.5671875 0.571875 0.571875 0.5796875 0.571875
0 0.6546875 0.5640625 0.59375 0.5640625 0.59375 0.5890625 0.6546875 0.5890625
0 0.8234375 0.5640625000000001 0.684375 0.5640625 0.684375 0.5906250000000001 0.8234375 0.5906250000000002
0 0.19687500000000008 0.6109375 0.1296875000000001 0.6109375 0.1296875000000001 0.6390625 0.19687500000000008 0.6390625
0 0.2921875000000001 0.615625 0.22656250000000008 0.615625 0.22656250000000008 0.6421875 0.2921875000000001 0.6421875
0 0.28593750000000007 0.6421875 0.2828125000000001 0.6421875 0.2828125000000001 0.64375 0.28593750000000007 0.64375