0 0.19687500000000005 0.2109375 0.14062500000000006 0.2109375 0.14062500000000006 0.2265625 0.19687500000000005 0.2265625
0 0.2484375 0.209375 0.209375 0.209375 0.209375 0.225 0.2484375 0.225
0 0.4171875 0.21093750000000006 0.2703125 0.2109375 0.2703125 0.23593750000000005 0.4171875 0.23593750000000008
0 0.4859375 0.2140625000000001 0.41875 0.2140625000000001 0.41875 0.22656250000000008 0.4859375 0.22656250000000008
0 0.5859375 0.2171875000000001 0.5 0.2171875000000001 0.5 0.2312500000000001 0.5859375 0.2312500000000001
0 0.6453125 0.21250000000000008 0.6046875 0.21250000000000008 0.6046875 0.2296875000000001 0.6453125 0.2296875000000001
0 0.740625 0.2093750000000001 0.6609375 0.2093750000000001 0.6609375 0.22812500000000008 0.740625 0.22812500000000008
0 0.8078125 0.2171875000000001 0.7546875 0.2171875000000001 0.7546875 0.2296875000000001 0.8078125 0.2296875000000001
0 0.8859375 0.21250000000000008 0.8265625 0.21250000000000008 0.8265625 0.23593750000000008 0.8859375 0.23593750000000008
0 0.15781250000000005 0.2609375 0.13750000000000004 0.2609375 0.13750000000000004 0.278125 0.15781250000000005 0.278125
0 0.3078125 0.2609375 0.19062500000000004 0.2609375 0.19062500000000004 0.2796875 0.3078125 0.2796875
0 0.3265625 0.2609375 0.3203125 0.2609375 0.3203125 0.28125 0.3265625 0.28125
0 0.4765625 0.26250000000000007 0.346875 0.2625 0.346875 0.28593750000000007 0.4765625 0.28593750000000007
0 0.5921875 0.26250000000000007 0.4875 0.26250000000000007 0.4875 0.2796875000000001 0.5921875 0.2796875000000001
0 0.6484375 0.27031250000000007 0.60625 0.27031250000000007 0.60625 0.2843750000000001 0.6484375 0.2843750000000001
0 0.725 0.2640625000000001 0.6703125 0.2640625000000001 0.6703125 0.2796875000000001 0.725 0.2796875000000001
0 0.8609375 0.2656250000000001 0.74375 0.2656250000000001 0.74375 0.2843750000000001 0.8609375 0.2843750000000001
0 0.17968750000000006 0.3140625 0.13437500000000005 0.3140625 0.13437500000000005 0.328125 0.17968750000000006 0.328125
0 0.2984375 0.3125 0.2 0.3125 0.2 0.334375 0.2984375 0.334375
0 0.30625 0.3265625 0.303125 0.3265625 0.303125 0.3328125 0.30625 0.3328125
0 0.3984375 0.31562500000000004 0.3140625 0.315625 0.3140625 0.3375 0.3984375 0.3375000000000001
0 0.4125 0.3281250000000001 0.409375 0.3281250000000001 0.409375 0.3359375000000001 0.4125 0.3359375000000001
0 0.4828125 0.31718750000000007 0.421875 0.31718750000000007 0.421875 0.33281250000000007 0.4828125 0.33281250000000007
0 0.609375 0.3125000000000001 0.5015625 0.3125000000000001 0.5015625 0.3359375000000001 0.609375 0.3359375000000001
0 0.6234375 0.3265625000000001 0.6203125 0.3265625000000001 0.6203125 0.3281250000000001 0.6234375 0.3281250000000001
0 0.7453125 0.3140625000000001 0.6359375 0.3140625000000001 0.6359375 0.3343750000000001 0.7453125 0.3343750000000001
0 0.8484375 0.3156250000000001 0.7609375 0.3156250000000001 0.7609375 0.33281250000000007 0.8484375 0.33281250000000007
0 0.90625 0.3156250000000001 0.8578125 0.3156250000000001 0.8578125 0.33281250000000007 0.90625 0.33281250000000007
0 0.221875 0.3421875 0.12968750000000004 0.3421875 0.12968750000000004 0.3609375 0.221875 0.3609375
0 0.39062500000000006 0.34687500000000004 0.2390625 0.346875 0.23906250000000004 0.36875 0.3906250000000001 0.3687500000000001
0 0.4625 0.36406250000000007 0.4046875 0.36406250000000007 0.4046875 0.3781250000000001 0.4625 0.3781250000000001
0 0.553125 0.3656250000000001 0.4734375 0.3656250000000001 0.4734375 0.3859375000000001 0.553125 0.3859375000000001
0 0.6796875 0.3625000000000001 0.565625 0.3625000000000001 0.565625 0.3812500000000001 0.6796875 0.3812500000000001
0 0.8203125 0.3703125000000001 0.690625 0.3703125000000001 0.690625 0.3843750000000001 0.8203125 0.3843750000000001
0 0.8734375 0.3671875000000001 0.846875 0.3671875000000001 0.846875 0.3812500000000001 0.8734375 0.3812500000000001
0 0.3390625000000001 0.4140625 0.13906250000000003 0.4140625 0.13906250000000003 0.43125 0.3390625000000001 0.43125
0 0.3500000000000001 0.428125 0.34843750000000007 0.428125 0.34843750000000007 0.4296875 0.3500000000000001 0.4296875
0 0.4328125 0.4125 0.36406250000000007 0.4125 0.36406250000000007 0.4296875 0.4328125 0.4296875
0 0.490625 0.4125 0.45 0.4125 0.45 0.4328125 0.490625 0.4328125
0 0.565625 0.4140625 0.4984375 0.4140625 0.4984375 0.43125 0.565625 0.43125
0 0.690625 0.4140625 0.584375 0.4140625 0.584375 0.43125 0.690625 0.43125
0 0.809375 0.4156250000000001 0.7125 0.415625 0.7125 0.43437500000000007 0.809375 0.4343750000000002
0 0.9421875 0.4125000000000002 0.828125 0.4125000000000002 0.828125 0.4312500000000002 0.9421875 0.4312500000000002
0 0.2484375000000001 0.4625 0.13906250000000003 0.4625 0.13906250000000003 0.484375 0.2484375000000001 0.484375
0 0.2609375000000001 0.4796875 0.2578125000000001 0.4796875 0.2578125000000001 0.48125 0.2609375000000001 0.48125
0 0.3859375000000001 0.4640625 0.2718750000000001 0.4640625 0.2718750000000001 0.490625 0.3859375000000001 0.490625
0 0.5375 0.46875 0.4109375 0.46875 0.4109375 0.490625 0.5375 0.490625
0 0.646875 0.4625 0.5484375 0.4625 0.5484375 0.4875 0.646875 0.4875
0 0.659375 0.4796875 0.6578125 0.4796875 0.6578125 0.48125 0.659375 0.48125
0 0.8 0.46562500000000007 0.671875 0.465625 0.671875 0.4828125000000001 0.8 0.4828125000000002
0 0.884375 0.4703125000000002 0.821875 0.4703125000000002 0.821875 0.4812500000000002 0.884375 0.4812500000000002
0 0.23593750000000008 0.5171875 0.13281250000000006 0.5171875 0.13281250000000006 0.5359375 0.23593750000000008 0.5359375
0 0.2562500000000001 0.528125 0.25468750000000007 0.528125 0.25468750000000007 0.5296875 0.2562500000000001 0.5296875
0 0.3265625000000001 0.509375 0.2718750000000001 0.509375 0.2718750000000001 0.5296875 0.3265625000000001 0.5296875
0 0.5265625 0.5140625 0.3500000000000001 0.5140625 0.3500000000000001 0.53125 0.5265625 0.53125
0 0.665625 0.5140625 0.54375 0.5140625 0.54375 0.534375 0.665625 0.534375
0 0.8375 0.51875 0.68125 0.51875 0.68125 0.5359375000000001 0.8375 0.5359375000000002
0 0.9046875 0.5218750000000002 0.8578125 0.5218750000000002 0.8578125 0.5328125000000001 0.9046875 0.5328125000000001
0 0.20468750000000008 0.5671875 0.1281250000000001 0.5671875 0.1281250000000001 0.5828125 0.20468750000000008 0.5828125
0 0.27031250000000007 0.5703125 0.2328125000000001 0.5703125 0.2328125000000001 0.58125 0.27031250000000007 0.58125
0 0.3125000000000001 0.5703125 0.28593750000000007 0.5703125 0.28593750000000007 0.584375 0.3125000000000001 0.584375
0 0.4453125 0.565625 0.34062500000000007 0.565625 0.34062500000000007 0.584375 0.4453125 0.584375
0 0.46875 0.578125 0.4671875 0.578125 0.4671875 0.5796875 0.46875 0.5796875
0 0.60625 0.5671875 0.484375 0.5671875 0.484375 0.590625 0.60625 0.590625
0 0.621875 0.5828125 0.61875 0.5828125 0.61875 0.590625 0.621875 0.590625
0 0.7171875 0.5734375 0.6328125 0.5734375 0.6328125 0.584375 0.7171875 0.584375
0 0.8328125 0.5671875000000002 0.740625 0.5671875000000002 0.740625 0.5890625000000002 0.8328125 0.5890625000000002
0 0.2562500000000001 0.6171875 0.13281250000000008 0.6171875 0.13281250000000008 0.6421875 0.2562500000000001 0.6421875
0 0.3218750000000001 0.621875 0.2750000000000001 0.621875 0.2750000000000001 0.63125 0.3218750000000001 0.63125
0 0.4328125 0.615625 0.34062500000000007 0.615625 0.34062500000000007 0.640625 0.4328125 0.640625
0 0.4984375 0.6203125 0.4484375 0.6203125 0.4484375 0.634375 0.4984375 0.634375
0 0.68125 0.6171875 0.5203125 0.6171875 0.5203125 0.6328125 0.68125 0.6328125
0 0.778125 0.6156250000000001 0.7 0.615625 0.7 0.6406250000000001 0.778125 0.6406250000000002
0 0.784375 0.6343750000000001 0.78125 0.6343750000000001 0.78125 0.6359375000000002 0.784375 0.6359375000000002