0 0.15625000000000006 0.2015625 0.14218750000000005 0.2015625 0.14218750000000005 0.2234375 0.15625000000000006 0.2234375
0 0.18906250000000005 0.2109375 0.17187500000000006 0.2109375 0.17187500000000006 0.225 0.18906250000000005 0.225
0 0.3015625 0.2 0.2140625 0.2 0.2140625 0.2359375 0.3015625 0.2359375
0 0.415625 0.20000000000000004 0.3328125 0.2 0.3328125 0.22656250000000006 0.415625 0.22656250000000008
0 0.490625 0.19843750000000004 0.4421875 0.19843750000000004 0.4421875 0.22656250000000008 0.490625 0.22656250000000008
0 0.5453125 0.2015625000000001 0.5140625 0.2015625000000001 0.5140625 0.22656250000000008 0.5453125 0.22656250000000008
0 0.6546875 0.20312500000000008 0.565625 0.20312500000000008 0.565625 0.22656250000000008 0.6546875 0.22656250000000008
0 0.828125 0.20468750000000008 0.678125 0.20468750000000008 0.678125 0.22812500000000008 0.828125 0.22812500000000008
0 0.17031250000000003 0.2515625 0.13125000000000003 0.2515625 0.13125000000000003 0.275 0.17031250000000003 0.275
0 0.278125 0.2515625 0.18437500000000004 0.2515625 0.18437500000000004 0.278125 0.278125 0.278125
0 0.353125 0.2546875 0.303125 0.2546875 0.303125 0.278125 0.353125 0.278125
0 0.3625 0.275 0.359375 0.275 0.359375 0.278125 0.3625 0.278125
0 0.43125 0.2562500000000001 0.3828125 0.2562500000000001 0.3828125 0.27812500000000007 0.43125 0.27812500000000007
0 0.5421875 0.2562500000000001 0.446875 0.2562500000000001 0.446875 0.2875000000000001 0.5421875 0.2875000000000001
0 0.58125 0.2562500000000001 0.565625 0.2562500000000001 0.565625 0.27812500000000007 0.58125 0.27812500000000007
0 0.671875 0.2562500000000001 0.603125 0.2562500000000001 0.603125 0.27812500000000007 0.671875 0.27812500000000007
0 0.7109375 0.2609375000000001 0.684375 0.2609375000000001 0.684375 0.2796875000000001 0.7109375 0.2796875000000001
0 0.7578125 0.2609375000000001 0.7359375 0.2609375000000001 0.7359375 0.2796875000000001 0.7578125 0.2796875000000001
0 0.765625 0.2765625000000001 0.759375 0.2765625000000001 0.759375 0.2828125000000001 0.765625 0.2828125000000001
0 0.8375 0.2578125000000001 0.784375 0.2578125000000001 0.784375 0.28593750000000007 0.8375 0.28593750000000007
0 0.16093750000000004 0.3015625 0.12968750000000004 0.3015625 0.12968750000000004 0.325 0.16093750000000004 0.325
0 0.2203125 0.315625 0.17187500000000006 0.315625 0.17187500000000006 0.3265625 0.2203125 0.3265625
0 0.24375 0.325 0.2375 0.325 0.2375 0.33125 0.24375 0.33125
0 0.2921875 0.30625 0.2625 0.30625 0.2625 0.3265625 0.2921875 0.3265625
0 0.4359375 0.30625 0.3078125 0.30625 0.3078125 0.32656250000000003 0.4359375 0.3265625000000001
0 0.5015625 0.3140625000000001 0.4515625 0.3140625000000001 0.4515625 0.3265625000000001 0.5015625 0.3265625000000001
0 0.534375 0.3031250000000001 0.5140625 0.3031250000000001 0.5140625 0.32500000000000007 0.534375 0.32500000000000007
0 0.60625 0.3156250000000001 0.5484375 0.3156250000000001 0.5484375 0.3281250000000001 0.60625 0.3281250000000001
0 0.6609375 0.3078125000000001 0.628125 0.3078125000000001 0.628125 0.3281250000000001 0.6609375 0.3281250000000001
0 0.7296875 0.3062500000000001 0.678125 0.3062500000000001 0.678125 0.3281250000000001 0.7296875 0.3281250000000001
0 0.8265625 0.3046875000000001 0.7375 0.3046875000000001 0.7375 0.3375000000000001 0.8265625 0.3375000000000001
0 0.859375 0.3109375000000001 0.8359375 0.3109375000000001 0.8359375 0.3281250000000001 0.859375 0.3281250000000001
0 0.16093750000000004 0.3546875 0.13125000000000003 0.3546875 0.13125000000000003 0.3765625 0.16093750000000004 0.3765625
0 0.27187500000000003 0.35625 0.18593750000000003 0.35625 0.18593750000000003 0.3765625 0.2718750000000001 0.3765625
0 0.36875 0.35625000000000007 0.296875 0.35625 0.29687500000000006 0.38750000000000007 0.3687500000000001 0.38750000000000007
0 0.3828125000000001 0.3765625000000001 0.37968750000000007 0.3765625000000001 0.37968750000000007 0.3781250000000001 0.3828125000000001 0.3781250000000001
0 0.446875 0.3531250000000001 0.4015625 0.3531250000000001 0.4015625 0.37968750000000007 0.446875 0.37968750000000007
0 0.515625 0.3578125000000001 0.4734375 0.3578125000000001 0.4734375 0.3812500000000001 0.515625 0.3812500000000001
0 0.634375 0.3593750000000001 0.5296875 0.3593750000000001 0.5296875 0.3812500000000001 0.634375 0.3812500000000001
0 0.709375 0.3593750000000001 0.659375 0.3593750000000001 0.659375 0.38750000000000007 0.709375 0.38750000000000007
0 0.759375 0.3687500000000001 0.7203125 0.3687500000000001 0.7203125 0.3781250000000001 0.759375 0.3781250000000001
0 0.8078125 0.3578125000000001 0.771875 0.3578125000000001 0.771875 0.3781250000000001 0.8078125 0.3781250000000001
0 0.22031250000000008 0.409375 0.12968750000000004 0.409375 0.12968750000000004 0.4421875 0.22031250000000008 0.4421875
0 0.2687500000000001 0.4109375 0.2500000000000001 0.4109375 0.2500000000000001 0.4296875 0.2687500000000001 0.4296875
0 0.3578125000000001 0.4078125 0.28593750000000007 0.4078125 0.28593750000000007 0.4375 0.3578125000000001 0.4375
0 0.41875 0.4078125 0.3828125000000001 0.4078125 0.3828125000000001 0.4296875 0.41875 0.4296875
0 0.46875 0.4203125 0.44375 0.4203125 0.44375 0.43125 0.46875 0.43125
0 0.5421875 0.4078125 0.490625 0.4078125 0.490625 0.4296875 0.5421875 0.4296875
0 0.63125 0.4125 0.5609375 0.4125 0.5609375 0.43125 0.63125 0.43125
0 0.6484375 0.428125 0.6421875 0.428125 0.6421875 0.4296875 0.6484375 0.4296875
0 0.746875 0.4125000000000001 0.665625 0.4125 0.665625 0.4312500000000001 0.746875 0.4312500000000002
0 0.840625 0.4078125000000002 0.7765625 0.4078125000000002 0.7765625 0.4312500000000002 0.840625 0.4312500000000002
0 0.15468750000000003 0.4546875 0.12500000000000006 0.4546875 0.12500000000000006 0.478125 0.15468750000000003 0.478125
0 0.2140625000000001 0.4546875 0.17968750000000006 0.4546875 0.17968750000000006 0.478125 0.2140625000000001 0.478125
0 0.3687500000000001 0.45625 0.2453125000000001 0.45625 0.2453125000000001 0.4796875 0.3687500000000001 0.4796875
0 0.3843750000000001 0.4765625 0.37968750000000007 0.4765625 0.37968750000000007 0.4796875 0.3843750000000001 0.4796875
0 0.4640625 0.4578125 0.4 0.4578125 0.4 0.4796875 0.4640625 0.4796875
0 0.5671875 0.4578125 0.4953125 0.4578125 0.4953125 0.48125 0.5671875 0.48125
0 0.6328125 0.46875 0.5921875 0.46875 0.5921875 0.4796875 0.6328125 0.4796875
0 0.6828125 0.459375 0.659375 0.459375 0.659375 0.4796875 0.6828125 0.4796875
0 0.746875 0.4593750000000001 0.7078125 0.459375 0.7078125 0.48906250000000007 0.746875 0.4890625000000002
0 0.8390625 0.4671875000000002 0.7703125 0.4671875000000002 0.7703125 0.4812500000000002 0.8390625 0.4812500000000002
0 0.16875000000000004 0.515625 0.12812500000000004 0.515625 0.12812500000000004 0.5296875 0.16875000000000004 0.5296875
0 0.2453125000000001 0.50625 0.19218750000000004 0.50625 0.19218750000000004 0.5296875 0.2453125000000001 0.5296875
0 0.3046875000000001 0.5203125 0.27812500000000007 0.5203125 0.27812500000000007 0.53125 0.3046875000000001 0.53125
0 0.3390625000000001 0.521875 0.32500000000000007 0.521875 0.32500000000000007 0.5296875 0.3390625000000001 0.5296875
0 0.49375 0.5109375 0.36406250000000007 0.5109375 0.36406250000000007 0.540625 0.49375 0.540625
0 0.58125 0.5109375 0.51875 0.5109375 0.51875 0.53125 0.58125 0.53125
0 0.6046875 0.528125 0.5984375 0.528125 0.5984375 0.53125 0.6046875 0.53125