0 0.28125 0.209375 0.13750000000000004 0.209375 0.13750000000000004 0.2390625 0.28125 0.2390625
0 0.3234375 0.215625 0.3046875 0.215625 0.3046875 0.2328125 0.3234375 0.2328125
0 0.4234375 0.21718750000000003 0.3453125 0.2171875 0.3453125 0.22812500000000005 0.4234375 0.22812500000000008
0 0.515625 0.2156250000000001 0.440625 0.2156250000000001 0.440625 0.22812500000000008 0.515625 0.22812500000000008
0 0.63125 0.2093750000000001 0.5375 0.2093750000000001 0.5375 0.2390625000000001 0.63125 0.2390625000000001
0 0.79375 0.2171875000000001 0.6578125 0.2171875000000001 0.6578125 0.2390625000000001 0.79375 0.2390625000000001
0 0.8875 0.2218750000000001 0.8140625 0.2218750000000001 0.8140625 0.2312500000000001 0.8875 0.2312500000000001
0 0.3625 0.265625 0.13281250000000006 0.265625 0.13281250000000006 0.2890625 0.3625 0.2890625
0 0.4765625 0.2656250000000001 0.3796875 0.2656250000000001 0.3796875 0.2906250000000001 0.4765625 0.2906250000000001
0 0.55625 0.2640625000000001 0.5 0.2640625000000001 0.5 0.27812500000000007 0.55625 0.27812500000000007
0 0.659375 0.2718750000000001 0.5828125 0.2718750000000001 0.5828125 0.2921875000000001 0.659375 0.2921875000000001
0 0.740625 0.2640625000000001 0.6734375 0.2640625000000001 0.6734375 0.2796875000000001 0.740625 0.2796875000000001
0 0.7796875 0.2671875000000001 0.759375 0.2671875000000001 0.759375 0.2796875000000001 0.7796875 0.2796875000000001
0 0.8546875 0.2671875000000001 0.7984375 0.2671875000000001 0.7984375 0.2812500000000001 0.8546875 0.2812500000000001
0 0.8734375 0.2796875000000001 0.8703125 0.2796875000000001 0.8703125 0.2812500000000001 0.8734375 0.2812500000000001
0 0.2328125 0.3140625 0.11250000000000004 0.3140625 0.11250000000000004 0.3375 0.2328125 0.3375
0 0.246875 0.328125 0.24375 0.328125 0.24375 0.3328125 0.246875 0.3328125
0 0.346875 0.3171875 0.259375 0.3171875 0.259375 0.3359375 0.346875 0.3359375
0 0.54375 0.31250000000000006 0.353125 0.3125 0.353125 0.3296875 0.54375 0.3296875000000001
0 0.56875 0.3046875000000001 0.5625 0.3046875000000001 0.5625 0.3265625000000001 0.56875 0.3265625000000001
0 0.6375 0.3109375000000001 0.5890625 0.3109375000000001 0.5890625 0.3296875000000001 0.6375 0.3296875000000001
0 0.7375 0.3140625000000001 0.65625 0.3140625000000001 0.65625 0.3296875000000001 0.7375 0.3296875000000001
0 0.821875 0.31718750000000007 0.7515625 0.31718750000000007 0.7515625 0.3296875000000001 0.821875 0.3296875000000001
0 0.8578125 0.32500000000000007 0.840625 0.32500000000000007 0.840625 0.33281250000000007 0.8578125 0.33281250000000007
0 0.2609375000000001 0.3640625 0.13281250000000006 0.3640625 0.13281250000000006 0.3921875 0.2609375000000001 0.3921875
0 0.3984375000000001 0.36875 0.2906250000000001 0.36875 0.2906250000000001 0.38906250000000003 0.3984375000000001 0.3890625000000001
0 0.4421875 0.3671875000000001 0.415625 0.3671875000000001 0.415625 0.38750000000000007 0.4421875 0.38750000000000007
0 0.5390625 0.36406250000000007 0.4671875 0.36406250000000007 0.4671875 0.3921875000000001 0.5390625 0.3921875000000001
0 0.5875 0.3656250000000001 0.565625 0.3656250000000001 0.565625 0.37968750000000007 0.5875 0.37968750000000007
0 0.715625 0.3687500000000001 0.6109375 0.3687500000000001 0.6109375 0.37968750000000007 0.715625 0.37968750000000007
0 0.8015625 0.36406250000000007 0.728125 0.36406250000000007 0.728125 0.3906250000000001 0.8015625 0.3906250000000001
0 0.8171875 0.3781250000000001 0.8140625 0.3781250000000001 0.8140625 0.37968750000000007 0.8171875 0.37968750000000007
0 0.19218750000000004 0.4140625 0.13593750000000004 0.4140625 0.13593750000000004 0.4296875 0.19218750000000004 0.4296875
0 0.2468750000000001 0.4234375 0.2140625000000001 0.4234375 0.2140625000000001 0.43125 0.2468750000000001 0.43125
0 0.3468750000000001 0.4171875 0.2734375000000001 0.4171875 0.2734375000000001 0.44375 0.3468750000000001 0.44375
0 0.4171875 0.425 0.3687500000000001 0.425 0.3687500000000001 0.4421875 0.4171875 0.4421875
0 0.5203125 0.415625 0.4375 0.415625 0.4375 0.4328125 0.5203125 0.4328125
0 0.596875 0.4171875 0.5421875 0.4171875 0.5421875 0.4421875 0.596875 0.4421875
0 0.6921875 0.4234375 0.615625 0.4234375 0.615625 0.43125 0.6921875 0.43125
0 0.871875 0.4171875000000001 0.709375 0.4171875 0.709375 0.4437500000000001 0.871875 0.4437500000000002
0 0.2468750000000001 0.4734375 0.14375000000000004 0.4734375 0.14375000000000004 0.4921875 0.2468750000000001 0.4921875
0 0.3546875000000001 0.465625 0.2671875000000001 0.465625 0.2671875000000001 0.48125 0.3546875000000001 0.48125
0 0.3703125000000001 0.478125 0.3656250000000001 0.478125 0.3656250000000001 0.484375 0.3703125000000001 0.484375
0 0.5171875 0.465625 0.3859375000000001 0.465625 0.3859375000000001 0.4796875 0.5171875 0.4796875
0 0.6796875 0.4671875 0.5328125 0.4671875 0.5328125 0.484375 0.6796875 0.484375
0 0.75 0.4671875000000001 0.70625 0.4671875 0.70625 0.4937500000000001 0.75 0.4937500000000002
0 0.32500000000000007 0.51875 0.14218750000000005 0.51875 0.14218750000000005 0.54375 0.32500000000000007 0.54375
0 0.3343750000000001 0.528125 0.3296875000000001 0.528125 0.3296875000000001 0.5328125 0.3343750000000001 0.5328125
0 0.3859375000000001 0.5203125 0.3515625000000001 0.5203125 0.3515625000000001 0.5359375 0.3859375000000001 0.5359375
0 0.446875 0.5140625 0.4046875 0.5140625 0.4046875 0.53125 0.446875 0.53125
0 0.534375 0.5171875 0.4640625 0.5171875 0.4640625 0.5421875 0.534375 0.5421875
0 0.596875 0.515625 0.5546875 0.515625 0.5546875 0.53125 0.596875 0.53125
0 0.690625 0.5140625 0.615625 0.5140625 0.615625 0.5390625 0.690625 0.5390625
0 0.7359375 0.51875 0.70625 0.51875 0.70625 0.5421875 0.7359375 0.5421875000000002
0 0.34062500000000007 0.565625 0.1390625000000001 0.565625 0.1390625000000001 0.58125 0.34062500000000007 0.58125
0 0.3578125000000001 0.5796875 0.3546875000000001 0.5796875 0.3546875000000001 0.58125 0.3578125000000001 0.58125
0 0.4765625 0.5671875 0.4015625 0.5671875 0.4015625 0.584375 0.4765625 0.584375
0 0.525 0.5703125 0.5046875 0.5703125 0.5046875 0.5828125 0.525 0.5828125
0 0.578125 0.5703125 0.559375 0.5703125 0.559375 0.5828125 0.578125 0.5828125
0 0.7203125 0.5671875 0.596875 0.5671875 0.596875 0.5828125 0.7203125 0.5828125
0 0.8140625 0.5718750000000001 0.7421875 0.5718750000000001 0.7421875 0.5859375000000002 0.8140625 0.5859375000000002
0 0.24375000000000008 0.6203125 0.1375000000000001 0.6203125 0.1375000000000001 0.6484375 0.24375000000000008 0.6484375
0 0.2968750000000001 0.6265625 0.2671875000000001 0.6265625 0.2671875000000001 0.6421875 0.2968750000000001 0.6421875
0 0.4296875 0.621875 0.32500000000000007 0.621875 0.32500000000000007 0.6390625 0.4296875 0.6390625
0 0.5328125 0.61875 0.453125 0.61875 0.453125 0.6453125 0.5328125 0.6453125
0 0.621875 0.6171875 0.5515625 0.6171875 0.5515625 0.6328125 0.621875 0.6328125
0 0.6953125 0.6171875 0.640625 0.6171875 0.640625 0.634375 0.6953125 0.634375
0 0.846875 0.6156250000000001 0.7125 0.615625 0.7125 0.6484375000000001 0.846875 0.6484375000000002
0 0.8640625 0.6328125000000002 0.8609375 0.6328125000000002 0.8609375 0.6343750000000001 0.8640625 0.6343750000000001