0 0.171875 0.1578125 0.14375 0.1578125 0.14375 0.1796875 0.171875 0.1796875
0 0.2265625 0.15781250000000005 0.1875 0.15781250000000005 0.1875 0.17812500000000003 0.2265625 0.17812500000000003
0 0.3828125 0.14843750000000006 0.2484375 0.14843750000000006 0.2484375 0.20312500000000006 0.3828125 0.20312500000000008
0 0.43125 0.15625000000000006 0.403125 0.15625000000000006 0.403125 0.2015625000000001 0.43125 0.2015625000000001
0 0.496875 0.15937500000000004 0.45 0.15937500000000004 0.45 0.18125000000000005 0.496875 0.18125000000000005
0 0.653125 0.15781250000000008 0.5234375 0.15781250000000005 0.5234375 0.2000000000000001 0.653125 0.2000000000000001
0 0.7640625 0.15781250000000008 0.6765625 0.15781250000000008 0.6765625 0.19687500000000008 0.7640625 0.19687500000000008
0 0.8609375 0.1625000000000001 0.7875 0.1625000000000001 0.7875 0.2000000000000001 0.8609375 0.2000000000000001
0 0.21875 0.2078125 0.14375000000000004 0.2078125 0.14375000000000004 0.2421875 0.21875 0.2421875
0 0.346875 0.203125 0.24375 0.203125 0.24375 0.2296875 0.346875 0.2296875
0 0.4328125 0.2062500000000001 0.371875 0.2062500000000001 0.371875 0.2296875000000001 0.4328125 0.2296875000000001
0 0.509375 0.20312500000000008 0.4515625 0.20312500000000008 0.4515625 0.2296875000000001 0.509375 0.2296875000000001
0 0.578125 0.2140625000000001 0.525 0.2140625000000001 0.525 0.2296875000000001 0.578125 0.2296875000000001
0 0.6359375 0.21250000000000008 0.6015625 0.21250000000000008 0.6015625 0.2328125000000001 0.6359375 0.2328125000000001
0 0.7125 0.21093750000000008 0.6546875 0.21093750000000008 0.6546875 0.2312500000000001 0.7125 0.2312500000000001
0 0.8 0.2062500000000001 0.734375 0.2062500000000001 0.734375 0.2312500000000001 0.8 0.2312500000000001
0 0.8421875 0.2093750000000001 0.8203125 0.2093750000000001 0.8203125 0.2312500000000001 0.8421875 0.2312500000000001
0 0.2359375 0.2625 0.14531250000000004 0.2625 0.14531250000000004 0.2953125 0.2359375 0.2953125
0 0.253125 0.2765625 0.25 0.2765625 0.25 0.2796875 0.253125 0.2796875