0 0.2390625 0.2015625 0.14218750000000005 0.2015625 0.14218750000000005 0.228125 0.2390625 0.228125
0 0.3 0.2046875 0.2625 0.2046875 0.2625 0.2453125 0.3 0.2453125
0 0.3734375 0.20937500000000003 0.3328125 0.209375 0.3328125 0.23125000000000004 0.3734375 0.2312500000000001
0 0.44375 0.2078125000000001 0.4 0.2078125000000001 0.4 0.24375000000000008 0.44375 0.24375000000000008
0 0.621875 0.20312500000000008 0.465625 0.20312500000000008 0.465625 0.2468750000000001 0.621875 0.2468750000000001
0 0.653125 0.19531250000000008 0.646875 0.19531250000000008 0.646875 0.22656250000000008 0.653125 0.22656250000000008
0 0.7265625 0.20312500000000008 0.68125 0.20312500000000008 0.68125 0.2312500000000001 0.7265625 0.2312500000000001
0 0.8296875 0.20312500000000008 0.753125 0.20312500000000008 0.753125 0.2406250000000001 0.8296875 0.2406250000000001
0 0.84375 0.22812500000000008 0.8375 0.22812500000000008 0.8375 0.23593750000000008 0.84375 0.23593750000000008
0 0.240625 0.259375 0.13750000000000004 0.259375 0.13750000000000004 0.2828125 0.240625 0.2828125
0 0.35625 0.25625 0.246875 0.25625 0.246875 0.2875 0.35625 0.2875
0 0.4140625 0.2593750000000001 0.3859375 0.2593750000000001 0.3859375 0.3031250000000001 0.4140625 0.3031250000000001
0 0.484375 0.2562500000000001 0.446875 0.2562500000000001 0.446875 0.2796875000000001 0.484375 0.2796875000000001
0 0.6703125 0.2578125000000001 0.509375 0.2578125000000001 0.509375 0.2828125000000001 0.6703125 0.2828125000000001
0 0.8421875 0.2562500000000001 0.6875 0.2562500000000001 0.6875 0.2812500000000001 0.8421875 0.2812500000000001
0 0.2203125 0.3109375 0.14062500000000006 0.3109375 0.14062500000000006 0.3328125 0.2203125 0.3328125
0 0.29375 0.30625 0.24375 0.30625 0.24375 0.328125 0.29375 0.328125
0 0.365625 0.30781250000000004 0.31875 0.3078125 0.31875 0.35000000000000003 0.365625 0.3500000000000001
0 0.4390625 0.3125000000000001 0.3953125 0.3125000000000001 0.3953125 0.3343750000000001 0.4390625 0.3343750000000001
0 0.4890625 0.3062500000000001 0.46875 0.3062500000000001 0.46875 0.3421875000000001 0.4890625 0.3421875000000001
0 0.55 0.3078125000000001 0.5140625 0.3078125000000001 0.5140625 0.3312500000000001 0.55 0.3312500000000001
0 0.659375 0.3078125000000001 0.56875 0.3078125000000001 0.56875 0.3312500000000001 0.659375 0.3312500000000001
0 0.678125 0.3265625000000001 0.675 0.3265625000000001 0.675 0.3281250000000001 0.678125 0.3281250000000001
0 0.734375 0.3078125000000001 0.7 0.3078125000000001 0.7 0.3312500000000001 0.734375 0.3312500000000001
0 0.821875 0.3062500000000001 0.7546875 0.3062500000000001 0.7546875 0.33281250000000007 0.821875 0.33281250000000007
0 0.909375 0.3109375000000001 0.8453125 0.3109375000000001 0.8453125 0.3312500000000001 0.909375 0.3312500000000001
0 0.14062500000000006 0.35625 0.13437500000000005 0.35625 0.13437500000000005 0.3640625 0.14062500000000006 0.3640625
0 0.33281250000000007 0.35625 0.15156250000000004 0.35625 0.15156250000000004 0.3953125 0.33281250000000007 0.3953125
0 0.34843750000000007 0.359375 0.3453125 0.359375 0.3453125 0.3640625 0.34843750000000007 0.3640625
0 0.36250000000000004 0.3578125 0.353125 0.3578125 0.353125 0.3828125 0.3625000000000001 0.3828125
0 0.4578125 0.3593750000000001 0.421875 0.3593750000000001 0.421875 0.37968750000000007 0.4578125 0.37968750000000007
0 0.6 0.3671875000000001 0.484375 0.3671875000000001 0.484375 0.3890625000000001 0.6 0.3890625000000001
0 0.6609375 0.3578125000000001 0.628125 0.3578125000000001 0.628125 0.37968750000000007 0.6609375 0.37968750000000007
0 0.7859375 0.3687500000000001 0.6875 0.3687500000000001 0.6875 0.3921875000000001 0.7859375 0.3921875000000001
0 0.9484375 0.3609375000000001 0.809375 0.3609375000000001 0.809375 0.3968750000000001 0.9484375 0.3968750000000001
0 0.2640625000000001 0.40625 0.14687500000000003 0.40625 0.14687500000000003 0.4421875 0.2640625000000001 0.4421875
0 0.41875 0.403125 0.3109375000000001 0.403125 0.3109375000000001 0.446875 0.41875 0.446875
0 0.565625 0.409375 0.4484375 0.409375 0.4484375 0.4453125 0.565625 0.4453125
0 0.6515625 0.4109375 0.5921875 0.4109375 0.5921875 0.4296875 0.6515625 0.4296875
0 0.7796875 0.4062500000000001 0.678125 0.40625 0.678125 0.4484375000000001 0.7796875 0.44843750000000016
0 0.909375 0.40937500000000016 0.8046875 0.40937500000000016 0.8046875 0.4343750000000002 0.909375 0.4343750000000002
0 0.3078125000000001 0.4609375 0.15000000000000005 0.4609375 0.15000000000000005 0.4796875 0.3078125000000001 0.4796875
0 0.3609375000000001 0.4640625 0.3343750000000001 0.4640625 0.3343750000000001 0.478125 0.3609375000000001 0.478125
0 0.421875 0.459375 0.3859375000000001 0.459375 0.3859375000000001 0.4796875 0.421875 0.4796875
0 0.4984375 0.4578125 0.4421875 0.4578125 0.4421875 0.4796875 0.4984375 0.4796875
0 0.5125 0.478125 0.509375 0.478125 0.509375 0.4796875 0.5125 0.4796875
0 0.6234375 0.459375 0.5484375 0.459375 0.5484375 0.48125 0.6234375 0.48125
0 0.7171875 0.4703125 0.65625 0.4703125 0.65625 0.49375 0.7171875 0.49375
0 0.784375 0.4578125000000002 0.73125 0.4578125000000002 0.73125 0.47968750000000016 0.784375 0.47968750000000016
0 0.803125 0.4703125000000002 0.7984375 0.4703125000000002 0.7984375 0.4781250000000002 0.803125 0.4781250000000002
0 0.8640625 0.45625000000000016 0.8328125 0.45625000000000016 0.8328125 0.47968750000000016 0.8640625 0.47968750000000016
0 0.2921875000000001 0.5078125 0.14843750000000006 0.5078125 0.14843750000000006 0.5453125 0.2921875000000001 0.5453125
0 0.4390625 0.509375 0.3156250000000001 0.509375 0.3156250000000001 0.5453125 0.4390625 0.5453125
0 0.490625 0.5140625 0.465625 0.5140625 0.465625 0.53125 0.490625 0.53125
0 0.5859375 0.5078125 0.5171875 0.5078125 0.5171875 0.553125 0.5859375 0.553125
0 0.6265625 0.5171875 0.603125 0.5171875 0.603125 0.53125 0.6265625 0.53125
0 0.7359375 0.5093750000000001 0.65625 0.509375 0.65625 0.5328125000000001 0.7359375 0.5328125000000001
0 0.7765625 0.5125000000000002 0.7578125 0.5125000000000002 0.7578125 0.5296875000000002 0.7765625 0.5296875000000002
0 0.865625 0.5109375000000002 0.803125 0.5109375000000002 0.803125 0.5343750000000002 0.865625 0.5343750000000002
0 0.93125 0.5140625000000002 0.88125 0.5140625000000002 0.88125 0.5343750000000002 0.93125 0.5343750000000002
0 0.2640625000000001 0.5578125 0.15625000000000008 0.5578125 0.15625000000000008 0.590625 0.2640625000000001 0.590625
0 0.3609375000000001 0.5609375 0.30156250000000007 0.5609375 0.30156250000000007 0.5859375 0.3609375000000001 0.5859375
0 0.4484375 0.5625 0.3843750000000001 0.5625 0.3843750000000001 0.584375 0.4484375 0.584375
0 0.475 0.559375 0.453125 0.559375 0.453125 0.5828125 0.475 0.5828125
0 0.56875 0.55625 0.515625 0.55625 0.515625 0.5828125 0.56875 0.5828125
0 0.6546875 0.55625 0.590625 0.55625 0.590625 0.596875 0.6546875 0.596875
0 0.7765625 0.5718750000000001 0.6734375 0.571875 0.6734375 0.5843750000000001 0.7765625 0.5843750000000002
0 0.86875 0.5609375000000002 0.8046875 0.5609375000000002 0.8046875 0.5843750000000002 0.86875 0.5843750000000002
0 0.88125 0.5796875000000001 0.878125 0.5796875000000001 0.878125 0.5843750000000002 0.88125 0.5843750000000002