0 0.2140625 0.2171875 0.14062500000000006 0.2171875 0.14062500000000006 0.2296875 0.2140625 0.2296875
0 0.2859375 0.215625 0.2296875 0.215625 0.2296875 0.2296875 0.2859375 0.2296875
0 0.3953125 0.21718750000000003 0.3 0.2171875 0.3 0.23750000000000004 0.3953125 0.2375000000000001
0 0.4390625 0.2156250000000001 0.4078125 0.2156250000000001 0.4078125 0.24218750000000008 0.4390625 0.24218750000000008
0 0.584375 0.2156250000000001 0.453125 0.2156250000000001 0.453125 0.24375000000000008 0.584375 0.24375000000000008
0 0.603125 0.2140625000000001 0.5921875 0.2140625000000001 0.5921875 0.2312500000000001 0.603125 0.2312500000000001
0 0.696875 0.2156250000000001 0.6234375 0.2156250000000001 0.6234375 0.2296875000000001 0.696875 0.2296875000000001
0 0.7671875 0.22031250000000008 0.7109375 0.22031250000000008 0.7109375 0.2296875000000001 0.7671875 0.2296875000000001
0 0.840625 0.2140625000000001 0.7890625 0.2140625000000001 0.7890625 0.2312500000000001 0.840625 0.2312500000000001
0 0.246875 0.2640625 0.13125000000000003 0.2640625 0.13125000000000003 0.284375 0.246875 0.284375
0 0.2578125 0.278125 0.25625 0.278125 0.25625 0.2796875 0.2578125 0.2796875
0 0.3484375 0.271875 0.2859375 0.271875 0.2859375 0.2828125 0.3484375 0.2828125
0 0.4484375 0.27031250000000007 0.359375 0.2703125 0.359375 0.28125000000000006 0.4484375 0.2812500000000001
0 0.559375 0.2656250000000001 0.4671875 0.2656250000000001 0.4671875 0.2906250000000001 0.559375 0.2906250000000001
0 0.6828125 0.2656250000000001 0.578125 0.2656250000000001 0.578125 0.2812500000000001 0.6828125 0.2812500000000001
0 0.8296875 0.2687500000000001 0.696875 0.2687500000000001 0.696875 0.2921875000000001 0.8296875 0.2921875000000001
0 0.16562500000000005 0.31875 0.13906250000000003 0.31875 0.13906250000000003 0.33125 0.16562500000000005 0.33125
0 0.2421875 0.31875 0.18437500000000004 0.31875 0.18437500000000004 0.33125 0.2421875 0.33125
0 0.353125 0.3171875 0.2625 0.3171875 0.2625 0.33125 0.353125 0.33125
0 0.453125 0.3218750000000001 0.375 0.3218750000000001 0.375 0.3312500000000001 0.453125 0.3312500000000001
0 0.4671875 0.3281250000000001 0.4640625 0.3281250000000001 0.4640625 0.3312500000000001 0.4671875 0.3312500000000001
0 0.559375 0.3203125000000001 0.4921875 0.3203125000000001 0.4921875 0.33281250000000007 0.559375 0.33281250000000007
0 0.63125 0.32500000000000007 0.571875 0.32500000000000007 0.571875 0.3312500000000001 0.63125 0.3312500000000001
0 0.715625 0.3203125000000001 0.6390625 0.3203125000000001 0.6390625 0.33281250000000007 0.715625 0.33281250000000007
0 0.7953125 0.3187500000000001 0.7390625 0.3187500000000001 0.7390625 0.3312500000000001 0.7953125 0.3312500000000001
0 0.8125 0.3265625000000001 0.809375 0.3265625000000001 0.809375 0.3281250000000001 0.8125 0.3281250000000001
0 0.2609375000000001 0.365625 0.13750000000000004 0.365625 0.13750000000000004 0.3828125 0.2609375000000001 0.3828125
0 0.4015625 0.36562500000000003 0.27812500000000007 0.365625 0.27812500000000007 0.38281250000000006 0.4015625 0.3828125000000001
0 0.5859375 0.3703125000000001 0.41875 0.3703125000000001 0.41875 0.3921875000000001 0.5859375 0.3921875000000001
0 0.7203125 0.3671875000000001 0.6015625 0.3671875000000001 0.6015625 0.3906250000000001 0.7203125 0.3906250000000001
0 0.734375 0.37968750000000007 0.73125 0.37968750000000007 0.73125 0.3812500000000001 0.734375 0.3812500000000001
0 0.8078125 0.3671875000000001 0.7453125 0.3671875000000001 0.7453125 0.3828125000000001 0.8078125 0.3828125000000001
0 0.2078125000000001 0.415625 0.13593750000000004 0.415625 0.13593750000000004 0.4328125 0.2078125000000001 0.4328125
0 0.2828125000000001 0.415625 0.2328125000000001 0.415625 0.2328125000000001 0.4328125 0.2828125000000001 0.4328125
0 0.3968750000000001 0.41875 0.2968750000000001 0.41875 0.2968750000000001 0.4421875 0.3968750000000001 0.4421875
0 0.40625 0.4296875 0.403125 0.4296875 0.403125 0.434375 0.40625 0.434375
0 0.521875 0.4171875 0.41875 0.4171875 0.41875 0.4328125 0.521875 0.4328125
0 0.703125 0.4171875 0.5390625 0.4171875 0.5390625 0.446875 0.703125 0.446875
0 0.740625 0.4203125000000001 0.715625 0.4203125 0.715625 0.44218750000000007 0.740625 0.4421875000000002
0 0.9015625 0.41718750000000016 0.7515625 0.41718750000000016 0.7515625 0.4468750000000002 0.9015625 0.4468750000000002
0 0.9125 0.43281250000000016 0.909375 0.43281250000000016 0.909375 0.4390625000000002 0.9125 0.4390625000000002
0 0.18593750000000003 0.4671875 0.13750000000000004 0.4671875 0.13750000000000004 0.4828125 0.18593750000000003 0.4828125
0 0.32500000000000007 0.465625 0.2156250000000001 0.465625 0.2156250000000001 0.4890625 0.32500000000000007 0.4890625
0 0.4125 0.4671875 0.3437500000000001 0.4671875 0.3437500000000001 0.4828125 0.4125 0.4828125
0 0.6078125 0.46875 0.4328125 0.46875 0.4328125 0.4984375 0.6078125 0.4984375
0 0.61875 0.48125 0.6171875 0.48125 0.6171875 0.484375 0.61875 0.484375
0 0.66875 0.4671875 0.65 0.4671875 0.65 0.484375 0.66875 0.484375
0 0.7078125 0.4671875 0.690625 0.4671875 0.690625 0.4828125 0.7078125 0.4828125
0 0.7984375 0.4671875000000001 0.725 0.4671875 0.725 0.4843750000000001 0.7984375 0.48437500000000017
0 0.85 0.4671875000000002 0.821875 0.4671875000000002 0.821875 0.48437500000000017 0.85 0.48437500000000017
0 0.2390625000000001 0.51875 0.13437500000000005 0.51875 0.13437500000000005 0.53125 0.2390625000000001 0.53125
0 0.3062500000000001 0.515625 0.2593750000000001 0.515625 0.2593750000000001 0.534375 0.3062500000000001 0.534375
0 0.4296875 0.5171875 0.3296875000000001 0.5171875 0.3296875000000001 0.534375 0.4296875 0.534375
0 0.509375 0.515625 0.45 0.515625 0.45 0.534375 0.509375 0.534375
0 0.5734375 0.515625 0.525 0.515625 0.525 0.5328125 0.5734375 0.5328125
0 0.7125 0.5203125 0.5921875 0.5203125 0.5921875 0.5453125 0.7125 0.5453125
0 0.7984375 0.5187500000000002 0.7265625 0.5187500000000002 0.7265625 0.5343750000000002 0.7984375 0.5343750000000002
0 0.878125 0.5187500000000002 0.8203125 0.5187500000000002 0.8203125 0.5359375000000002 0.878125 0.5359375000000002
0 0.2375000000000001 0.5625 0.13437500000000008 0.5625 0.13437500000000008 0.584375 0.2375000000000001 0.584375
0 0.3156250000000001 0.565625 0.2687500000000001 0.565625 0.2687500000000001 0.584375 0.3156250000000001 0.584375
0 0.4703125 0.565625 0.3468750000000001 0.565625 0.3468750000000001 0.59375 0.4703125 0.59375
0 0.4828125 0.58125 0.4796875 0.58125 0.4796875 0.5828125 0.4828125 0.5828125
0 0.6296875 0.571875 0.5171875 0.571875 0.5171875 0.5875 0.6296875 0.5875
0 0.646875 0.58125 0.64375 0.58125 0.64375 0.5875 0.646875 0.5875
0 0.7703125 0.5703125000000001 0.6625 0.5703125 0.6625 0.5921875000000001 0.7703125 0.5921875000000002
0 0.2875000000000001 0.6109375 0.13281250000000008 0.6109375 0.13281250000000008 0.653125 0.2875000000000001 0.653125
0 0.30937500000000007 0.6140625 0.3046875000000001 0.6140625 0.3046875000000001 0.634375 0.30937500000000007 0.634375
0 0.4453125 0.6171875 0.34843750000000007 0.6171875 0.34843750000000007 0.6359375 0.4453125 0.6359375
0 0.5796875 0.61875 0.475 0.61875 0.475 0.6453125 0.5796875 0.6453125
0 0.6921875 0.6203125 0.6 0.6203125 0.6 0.6359375 0.6921875 0.6359375
0 0.840625 0.6156250000000001 0.70625 0.615625 0.70625 0.6375000000000001 0.840625 0.6375000000000002
0 0.2609375000000001 0.6703125 0.14218750000000008 0.6703125 0.14218750000000008 0.684375 0.2609375000000001 0.684375
0 0.37968750000000007 0.6703125 0.29375000000000007 0.6703125 0.29375000000000007 0.6859375 0.37968750000000007 0.6859375
0 0.44375 0.678125 0.4109375 0.678125 0.4109375 0.684375 0.44375 0.684375
0 0.5453125 0.6703125 0.46875 0.6703125 0.46875 0.6859375 0.5453125 0.6859375
0 0.6828125 0.6703125 0.5671875 0.6703125 0.5671875 0.684375 0.6828125 0.684375
0 0.7015625 0.68125 0.6984375 0.68125 0.6984375 0.684375 0.7015625 0.684375