0 0.15625000000000006 0.184375 0.13750000000000004 0.184375 0.13750000000000004 0.2 0.15625000000000006 0.2
0 0.2953125 0.18750000000000003 0.17500000000000004 0.1875 0.17500000000000004 0.2 0.2953125 0.2
0 0.3796875 0.18593750000000003 0.3140625 0.18593750000000003 0.3140625 0.20000000000000004 0.3796875 0.2000000000000001
0 0.571875 0.18437500000000007 0.4015625 0.18437500000000004 0.4015625 0.2015625000000001 0.571875 0.2015625000000001
0 0.653125 0.1859375000000001 0.5890625 0.1859375000000001 0.5890625 0.20312500000000008 0.653125 0.20312500000000008
0 0.7828125 0.1906250000000001 0.665625 0.1906250000000001 0.665625 0.21250000000000008 0.7828125 0.21250000000000008
0 0.240625 0.2359375 0.13593750000000004 0.2359375 0.13593750000000004 0.25 0.240625 0.25
0 0.3 0.2390625 0.265625 0.2390625 0.265625 0.25 0.3 0.25
0 0.3671875 0.23437500000000006 0.3140625 0.234375 0.3140625 0.25000000000000006 0.3671875 0.2500000000000001
0 0.4984375 0.2390625000000001 0.3890625 0.2390625000000001 0.3890625 0.2531250000000001 0.4984375 0.2531250000000001
0 0.534375 0.2406250000000001 0.5109375 0.2406250000000001 0.5109375 0.2578125000000001 0.534375 0.2578125000000001
0 0.5890625 0.2453125000000001 0.5484375 0.2453125000000001 0.5484375 0.2515625000000001 0.5890625 0.2515625000000001
0 0.7984375 0.2390625000000001 0.6109375 0.2390625000000001 0.6109375 0.2531250000000001 0.7984375 0.2531250000000001
0 0.225 0.2875 0.13281250000000006 0.2875 0.13281250000000006 0.3 0.225 0.3
0 0.240625 0.296875 0.2359375 0.296875 0.2359375 0.2984375 0.240625 0.2984375
0 0.425 0.28750000000000003 0.275 0.2875 0.275 0.30937500000000007 0.425 0.30937500000000007
0 0.4640625 0.2890625000000001 0.44375 0.2890625000000001 0.44375 0.3031250000000001 0.4640625 0.3031250000000001
0 0.6015625 0.2890625000000001 0.484375 0.2890625000000001 0.484375 0.3031250000000001 0.6015625 0.3031250000000001
0 0.621875 0.3000000000000001 0.6109375 0.3000000000000001 0.6109375 0.30156250000000007 0.621875 0.30156250000000007
0 0.7640625 0.2875000000000001 0.6421875 0.2875000000000001 0.6421875 0.3046875000000001 0.7640625 0.3046875000000001
0 0.8 0.2968750000000001 0.7828125 0.2968750000000001 0.7828125 0.3031250000000001 0.8 0.3031250000000001
0 0.21875 0.3421875 0.13437500000000005 0.3421875 0.13437500000000005 0.3578125 0.21875 0.3578125
0 0.26875 0.3390625 0.2421875 0.3390625 0.2421875 0.35625 0.26875 0.35625
0 0.4296875 0.3375 0.2859375 0.3375 0.2859375 0.353125 0.4296875 0.3531250000000001
0 0.4515625 0.34843750000000007 0.44375 0.34843750000000007 0.44375 0.3500000000000001 0.4515625 0.3500000000000001
0 0.490625 0.3390625000000001 0.465625 0.3390625000000001 0.465625 0.3578125000000001 0.490625 0.3578125000000001
0 0.5796875 0.3375000000000001 0.5046875 0.3375000000000001 0.5046875 0.3625000000000001 0.5796875 0.3625000000000001
0 0.7546875 0.3390625000000001 0.5953125 0.3390625000000001 0.5953125 0.3625000000000001 0.7546875 0.3625000000000001
0 0.79375 0.3390625000000001 0.771875 0.3390625000000001 0.771875 0.3531250000000001 0.79375 0.3531250000000001
0 0.18281250000000004 0.3828125 0.13437500000000005 0.3828125 0.13437500000000005 0.4 0.18281250000000004 0.4
0 0.3000000000000001 0.3875 0.19687500000000005 0.3875 0.19687500000000005 0.4015625 0.3000000000000001 0.4015625
0 0.3359375000000001 0.3890625 0.3078125000000001 0.3890625 0.3078125000000001 0.4078125 0.3359375000000001 0.4078125
0 0.46875 0.38281250000000006 0.3515625000000001 0.3828125 0.3515625000000001 0.4046875 0.46875 0.4046875
0 0.6375 0.3890625000000001 0.4796875 0.3890625000000001 0.4796875 0.4046875 0.6375 0.4046875
0 0.6515625 0.4 0.6484375 0.4 0.6484375 0.403125 0.6515625 0.403125
0 0.7453125 0.3890625000000001 0.68125 0.3890625000000001 0.68125 0.4046875000000001 0.7453125 0.4046875000000002
0 0.2515625000000001 0.4359375 0.14062500000000006 0.4359375 0.14062500000000006 0.453125 0.2515625000000001 0.453125
0 0.3265625000000001 0.446875 0.2765625000000001 0.446875 0.2765625000000001 0.4546875 0.3265625000000001 0.4546875
0 0.46875 0.4390625 0.3453125000000001 0.4390625 0.3453125000000001 0.4546875 0.46875 0.4546875
0 0.4828125 0.4515625 0.478125 0.4515625 0.478125 0.45625 0.4828125 0.45625
0 0.565625 0.4390625 0.5078125 0.4390625 0.5078125 0.4546875 0.565625 0.4546875
0 0.7625 0.4437500000000001 0.58125 0.44375 0.58125 0.4546875000000001 0.7625 0.4546875000000002
0 0.8375 0.44843750000000016 0.784375 0.44843750000000016 0.784375 0.4593750000000002 0.8375 0.4593750000000002
0 0.2828125000000001 0.4859375 0.14687500000000003 0.4859375 0.14687500000000003 0.5046875 0.2828125000000001 0.5046875
0 0.33281250000000007 0.490625 0.3062500000000001 0.490625 0.3062500000000001 0.503125 0.33281250000000007 0.503125
0 0.37187500000000007 0.4984375 0.3515625000000001 0.4984375 0.3515625000000001 0.5046875 0.37187500000000007 0.5046875
0 0.4796875 0.496875 0.3890625000000001 0.496875 0.3890625000000001 0.5046875 0.4796875 0.5046875
0 0.5234375 0.490625 0.496875 0.490625 0.496875 0.5109375 0.5234375 0.5109375
0 0.6921875 0.4921875 0.5390625 0.4921875 0.5390625 0.5078125 0.6921875 0.5078125
0 0.7046875 0.5046875 0.6984375 0.5046875 0.6984375 0.5078125 0.7046875 0.5078125