0 0.19687500000000005 0.2078125 0.14531250000000004 0.2078125 0.14531250000000004 0.228125 0.19687500000000005 0.228125
0 0.2875 0.2046875 0.2140625 0.2046875 0.2140625 0.228125 0.2875 0.228125
0 0.3625 0.2046875 0.3078125 0.2046875 0.3078125 0.2296875 0.3625 0.2296875
0 0.403125 0.21250000000000008 0.384375 0.21250000000000008 0.384375 0.2296875000000001 0.403125 0.2296875000000001
0 0.453125 0.2093750000000001 0.4203125 0.2093750000000001 0.4203125 0.2296875000000001 0.453125 0.2296875000000001
0 0.5125 0.2093750000000001 0.46875 0.2093750000000001 0.46875 0.2312500000000001 0.5125 0.2312500000000001
0 0.609375 0.2171875000000001 0.5328125 0.2171875000000001 0.5328125 0.22812500000000008 0.609375 0.22812500000000008
0 0.6375 0.21250000000000008 0.6265625 0.21250000000000008 0.6265625 0.2312500000000001 0.6375 0.2312500000000001
0 0.6828125 0.21250000000000008 0.65 0.21250000000000008 0.65 0.2296875000000001 0.6828125 0.2296875000000001
0 0.80625 0.21250000000000008 0.7078125 0.21250000000000008 0.7078125 0.24218750000000008 0.80625 0.24218750000000008
0 0.846875 0.2156250000000001 0.821875 0.2156250000000001 0.821875 0.2312500000000001 0.846875 0.2312500000000001
0 0.221875 0.2578125 0.15312500000000004 0.2578125 0.15312500000000004 0.2765625 0.221875 0.2765625
0 0.296875 0.259375 0.2421875 0.259375 0.2421875 0.29375 0.296875 0.29375
0 0.30625 0.2578125 0.3015625 0.2578125 0.3015625 0.275 0.30625 0.275
0 0.346875 0.2578125 0.340625 0.2578125 0.340625 0.2640625 0.346875 0.2640625
0 0.409375 0.26093750000000004 0.3609375 0.2609375 0.3609375 0.27656250000000004 0.409375 0.2765625000000001
0 0.4390625 0.2640625000000001 0.4234375 0.2640625000000001 0.4234375 0.2796875000000001 0.4390625 0.2796875000000001
0 0.5171875 0.2593750000000001 0.4625 0.2593750000000001 0.4625 0.2812500000000001 0.5171875 0.2812500000000001
0 0.5640625 0.26250000000000007 0.534375 0.26250000000000007 0.534375 0.2921875000000001 0.5640625 0.2921875000000001
0 0.5734375 0.2765625000000001 0.56875 0.2765625000000001 0.56875 0.2828125000000001 0.5734375 0.2828125000000001
0 0.5828125 0.2609375000000001 0.5765625 0.2609375000000001 0.5765625 0.2671875000000001 0.5828125 0.2671875000000001
0 0.7046875 0.2593750000000001 0.6078125 0.2593750000000001 0.6078125 0.2843750000000001 0.7046875 0.2843750000000001
0 0.7515625 0.26250000000000007 0.7265625 0.26250000000000007 0.7265625 0.2796875000000001 0.7515625 0.2796875000000001
0 0.8453125 0.2609375000000001 0.76875 0.2609375000000001 0.76875 0.2812500000000001 0.8453125 0.2812500000000001
0 0.2359375 0.303125 0.15156250000000004 0.303125 0.15156250000000004 0.328125 0.2359375 0.328125
0 0.321875 0.309375 0.2546875 0.309375 0.2546875 0.3296875 0.321875 0.3296875
0 0.33125 0.325 0.325 0.325 0.325 0.33125 0.33125 0.33125
0 0.46875 0.31250000000000006 0.353125 0.3125 0.353125 0.3296875 0.46875 0.3296875000000001
0 0.496875 0.3140625000000001 0.4703125 0.3140625000000001 0.4703125 0.3296875000000001 0.496875 0.3296875000000001
0 0.5484375 0.3125000000000001 0.509375 0.3125000000000001 0.509375 0.3312500000000001 0.5484375 0.3312500000000001
0 0.6140625 0.3125000000000001 0.5640625 0.3125000000000001 0.5640625 0.3359375000000001 0.6140625 0.3359375000000001
0 0.6640625 0.3109375000000001 0.625 0.3109375000000001 0.625 0.3296875000000001 0.6640625 0.3296875000000001
0 0.696875 0.3140625000000001 0.6734375 0.3140625000000001 0.6734375 0.3312500000000001 0.696875 0.3312500000000001
0 0.7703125 0.3140625000000001 0.7125 0.3140625000000001 0.7125 0.3343750000000001 0.7703125 0.3343750000000001
0 0.8 0.3109375000000001 0.7734375 0.3109375000000001 0.7734375 0.3312500000000001 0.8 0.3312500000000001
0 0.8421875 0.3156250000000001 0.8140625 0.3156250000000001 0.8140625 0.3312500000000001 0.8421875 0.3312500000000001
0 0.2468750000000001 0.3671875 0.14843750000000006 0.3671875 0.14843750000000006 0.3890625 0.2468750000000001 0.3890625
0 0.2921875000000001 0.3640625 0.2671875000000001 0.3640625 0.2671875000000001 0.378125 0.2921875000000001 0.378125
0 0.37500000000000006 0.35937500000000006 0.3125 0.359375 0.31250000000000006 0.39062500000000006 0.3750000000000001 0.3906250000000001
0 0.4390625 0.3609375000000001 0.3953125 0.3609375000000001 0.39531250000000007 0.3828125000000001 0.4390625 0.3828125000000001
0 0.45 0.3781250000000001 0.4484375 0.3781250000000001 0.4484375 0.37968750000000007 0.45 0.37968750000000007
0 0.503125 0.3625000000000001 0.465625 0.3625000000000001 0.465625 0.3812500000000001 0.503125 0.3812500000000001
0 0.6 0.36406250000000007 0.51875 0.36406250000000007 0.51875 0.3828125000000001 0.6 0.3828125000000001
0 0.671875 0.3625000000000001 0.6203125 0.3625000000000001 0.6203125 0.3828125000000001 0.671875 0.3828125000000001
0 0.7078125 0.36406250000000007 0.6734375 0.36406250000000007 0.6734375 0.37968750000000007 0.7078125 0.37968750000000007
0 0.74375 0.3671875000000001 0.7234375 0.3671875000000001 0.7234375 0.3812500000000001 0.74375 0.3812500000000001
0 0.803125 0.3625000000000001 0.7625 0.3625000000000001 0.7625 0.3890625000000001 0.803125 0.3890625000000001
0 0.8734375 0.3703125000000001 0.8234375 0.3703125000000001 0.8234375 0.3937500000000001 0.8734375 0.3937500000000001
0 0.17968750000000006 0.4078125 0.15000000000000005 0.4078125 0.15000000000000005 0.4296875 0.17968750000000006 0.4296875
0 0.18906250000000005 0.425 0.18437500000000004 0.425 0.18437500000000004 0.428125 0.18906250000000005 0.428125
0 0.2640625000000001 0.4109375 0.2093750000000001 0.4109375 0.2093750000000001 0.4296875 0.2640625000000001 0.4296875
0 0.31718750000000007 0.421875 0.28593750000000007 0.421875 0.28593750000000007 0.43125 0.31718750000000007 0.43125
0 0.4 0.4125 0.3375000000000001 0.4125 0.3375000000000001 0.446875 0.4 0.446875
0 0.5046875 0.4171875 0.428125 0.4171875 0.428125 0.434375 0.5046875 0.434375
0 0.553125 0.415625 0.51875 0.415625 0.51875 0.4328125 0.553125 0.4328125
0 0.584375 0.415625 0.5609375 0.415625 0.5609375 0.4296875 0.584375 0.4296875
0 0.6296875 0.421875 0.596875 0.421875 0.596875 0.43125 0.6296875 0.43125
0 0.6421875 0.428125 0.6390625 0.428125 0.6390625 0.4296875 0.6421875 0.4296875
0 0.70625 0.4125 0.6578125 0.4125 0.6578125 0.43125 0.70625 0.43125
0 0.7765625 0.41093750000000007 0.7234375 0.4109375 0.7234375 0.4328125000000001 0.7765625 0.43281250000000016
0 0.865625 0.4125000000000002 0.7984375 0.4125000000000002 0.7984375 0.43281250000000016 0.865625 0.43281250000000016
0 0.878125 0.41406250000000017 0.871875 0.41406250000000017 0.871875 0.4312500000000002 0.878125 0.4312500000000002
0 0.18437500000000004 0.4609375 0.14375000000000004 0.4609375 0.14375000000000004 0.478125 0.18437500000000004 0.478125
0 0.3265625000000001 0.4625 0.2093750000000001 0.4625 0.2093750000000001 0.48125 0.3265625000000001 0.48125
0 0.31718750000000007 0.465625 0.3125000000000001 0.465625 0.3125000000000001 0.46875 0.31718750000000007 0.46875
0 0.4 0.4671875 0.3421875000000001 0.4671875 0.3421875000000001 0.4984375 0.4 0.4984375
0 0.4328125 0.465625 0.421875 0.465625 0.421875 0.48125 0.4328125 0.48125
0 0.525 0.4609375 0.4484375 0.4609375 0.4484375 0.4828125 0.525 0.4828125
0 0.5609375 0.475 0.546875 0.475 0.546875 0.4828125 0.5609375 0.4828125
0 0.6328125 0.4640625 0.578125 0.4640625 0.578125 0.484375 0.6328125 0.484375
0 0.6921875 0.46875 0.65625 0.46875 0.65625 0.48125 0.6921875 0.48125
0 0.7625 0.46562500000000007 0.7 0.465625 0.7 0.4828125000000001 0.7625 0.4828125000000002
0 0.771875 0.47968750000000016 0.7671875 0.47968750000000016 0.7671875 0.4859375000000002 0.771875 0.4859375000000002
0 0.81875 0.4625000000000002 0.7828125 0.4625000000000002 0.7828125 0.4828125000000002 0.81875 0.4828125000000002
0 0.859375 0.46406250000000016 0.8375 0.46406250000000016 0.8375 0.4812500000000002 0.859375 0.4812500000000002
0 0.2531250000000001 0.5125 0.15000000000000005 0.5125 0.15000000000000005 0.53125 0.2531250000000001 0.53125
0 0.30937500000000007 0.5171875 0.2765625000000001 0.5171875 0.2765625000000001 0.53125 0.30937500000000007 0.53125
0 0.41875 0.5140625 0.3343750000000001 0.5140625 0.3343750000000001 0.5328125 0.41875 0.5328125
0 0.490625 0.5109375 0.4421875 0.5109375 0.4421875 0.53125 0.490625 0.53125
0 0.521875 0.51875 0.509375 0.51875 0.509375 0.5359375 0.521875 0.5359375
0 0.59375 0.5140625 0.5453125 0.5140625 0.5453125 0.55 0.59375 0.55
0 0.6453125 0.5140625 0.6171875 0.5140625 0.6171875 0.5328125 0.6453125 0.5328125
0 0.6875 0.515625 0.6578125 0.515625 0.6578125 0.540625 0.6875 0.540625
0 0.725 0.51875 0.7046875 0.51875 0.7046875 0.534375 0.725 0.534375
0 0.7953125 0.5234375000000002 0.74375 0.5234375000000002 0.74375 0.5453125000000002 0.7953125 0.5453125000000002
0 0.8046875 0.5312500000000002 0.8015625 0.5312500000000002 0.8015625 0.5328125000000001 0.8046875 0.5328125000000001