0 0.18437500000000004 0.2046875 0.13437500000000005 0.2046875 0.13437500000000005 0.2265625 0.18437500000000004 0.2265625
0 0.28125 0.2046875 0.209375 0.2046875 0.209375 0.2265625 0.28125 0.2265625
0 0.3875 0.21250000000000005 0.296875 0.2125 0.296875 0.22500000000000003 0.3875 0.2250000000000001
0 0.4265625 0.2078125000000001 0.4015625 0.2078125000000001 0.4015625 0.2250000000000001 0.4265625 0.2250000000000001
0 0.5328125 0.2062500000000001 0.4421875 0.2062500000000001 0.4421875 0.24375000000000008 0.5328125 0.24375000000000008
0 0.54375 0.22656250000000008 0.5421875 0.22656250000000008 0.5421875 0.2328125000000001 0.54375 0.2328125000000001
0 0.6140625 0.2093750000000001 0.5578125 0.2093750000000001 0.5578125 0.22812500000000008 0.6140625 0.22812500000000008
0 0.7125 0.20312500000000008 0.634375 0.20312500000000008 0.634375 0.22656250000000008 0.7125 0.22656250000000008
0 0.7265625 0.2250000000000001 0.7234375 0.2250000000000001 0.7234375 0.2312500000000001 0.7265625 0.2312500000000001
0 0.796875 0.2062500000000001 0.746875 0.2062500000000001 0.746875 0.22656250000000008 0.796875 0.22656250000000008
0 0.8390625 0.20468750000000008 0.8140625 0.20468750000000008 0.8140625 0.22656250000000008 0.8390625 0.22656250000000008
0 0.2359375 0.2578125 0.13281250000000006 0.2578125 0.13281250000000006 0.2875 0.2359375 0.2875
0 0.309375 0.2546875 0.2546875 0.2546875 0.2546875 0.2765625 0.309375 0.2765625
0 0.384375 0.25468750000000007 0.3296875 0.2546875 0.3296875 0.27812500000000007 0.384375 0.27812500000000007
0 0.428125 0.2531250000000001 0.40625 0.2531250000000001 0.40625 0.2906250000000001 0.428125 0.2906250000000001
0 0.5109375 0.2578125000000001 0.453125 0.2578125000000001 0.453125 0.2921875000000001 0.5109375 0.2921875000000001
0 0.65 0.2562500000000001 0.53125 0.2562500000000001 0.53125 0.2968750000000001 0.65 0.2968750000000001
0 0.7203125 0.26250000000000007 0.6734375 0.26250000000000007 0.6734375 0.2796875000000001 0.7203125 0.2796875000000001
0 0.7921875 0.2609375000000001 0.740625 0.2609375000000001 0.740625 0.2796875000000001 0.7921875 0.2796875000000001
0 0.19062500000000004 0.3046875 0.13750000000000004 0.3046875 0.13750000000000004 0.3265625 0.19062500000000004 0.3265625
0 0.209375 0.3234375 0.20625 0.3234375 0.20625 0.3328125 0.209375 0.3328125
0 0.271875 0.3015625 0.2265625 0.3015625 0.2265625 0.3265625 0.271875 0.3265625
0 0.340625 0.30625 0.2875 0.30625 0.2875 0.346875 0.340625 0.346875
0 0.38125 0.31250000000000006 0.3625 0.3125 0.3625 0.32812500000000006 0.38125 0.3281250000000001
0 0.39375 0.32500000000000007 0.390625 0.32500000000000007 0.390625 0.3265625000000001 0.39375 0.3265625000000001
0 0.459375 0.3078125000000001 0.415625 0.3078125000000001 0.415625 0.3281250000000001 0.459375 0.3281250000000001
0 0.5234375 0.3140625000000001 0.4734375 0.3140625000000001 0.4734375 0.34843750000000007 0.5234375 0.34843750000000007
0 0.5375 0.31718750000000007 0.534375 0.31718750000000007 0.534375 0.32500000000000007 0.5375 0.32500000000000007
0 0.5671875 0.3078125000000001 0.5609375 0.3078125000000001 0.5609375 0.3125000000000001 0.5671875 0.3125000000000001
0 0.6109375 0.3062500000000001 0.58125 0.3062500000000001 0.58125 0.3265625000000001 0.6109375 0.3265625000000001
0 0.7125 0.3046875000000001 0.6234375 0.3046875000000001 0.6234375 0.3281250000000001 0.7125 0.3281250000000001
0 0.7515625 0.30937500000000007 0.7296875 0.30937500000000007 0.7296875 0.3265625000000001 0.7515625 0.3265625000000001
0 0.8140625 0.3062500000000001 0.7765625 0.3062500000000001 0.7765625 0.3281250000000001 0.8140625 0.3281250000000001
0 0.22968750000000004 0.3609375 0.13750000000000004 0.3609375 0.13750000000000004 0.3765625 0.2296875000000001 0.3765625
0 0.2468750000000001 0.375 0.24375000000000008 0.375 0.24375000000000008 0.3765625 0.2468750000000001 0.3765625
0 0.31093750000000003 0.3578125 0.265625 0.3578125 0.26562500000000006 0.3765625 0.3109375000000001 0.3765625
0 0.3578125000000001 0.3640625 0.3296875000000001 0.3640625 0.3296875000000001 0.3765625 0.3578125000000001 0.3765625
0 0.43125 0.3531250000000001 0.3703125 0.3531250000000001 0.37031250000000004 0.3765625000000001 0.43125 0.3765625000000001
0 0.509375 0.35625000000000007 0.446875 0.35625000000000007 0.446875 0.3750000000000001 0.509375 0.3750000000000001
0 0.5875 0.3625000000000001 0.5203125 0.3625000000000001 0.5203125 0.3937500000000001 0.5875 0.3937500000000001
0 0.66875 0.3593750000000001 0.6 0.3593750000000001 0.6 0.3812500000000001 0.66875 0.3812500000000001
0 0.678125 0.3750000000000001 0.6765625 0.3750000000000001 0.6765625 0.3765625000000001 0.678125 0.3765625000000001
0 0.6921875 0.35625000000000007 0.6859375 0.35625000000000007 0.6859375 0.3609375000000001 0.6921875 0.3609375000000001
0 0.759375 0.3578125000000001 0.7140625 0.3578125000000001 0.7140625 0.37968750000000007 0.759375 0.37968750000000007
0 0.2921875000000001 0.4078125 0.13593750000000004 0.4078125 0.13593750000000004 0.4296875 0.2921875000000001 0.4296875
0 0.3343750000000001 0.403125 0.3109375000000001 0.403125 0.3109375000000001 0.44375 0.3343750000000001 0.44375
0 0.503125 0.40625 0.3500000000000001 0.40625 0.3500000000000001 0.4296875 0.503125 0.4296875
0 0.55625 0.4078125 0.5109375 0.4078125 0.5109375 0.428125 0.55625 0.428125
0 0.65625 0.409375 0.5765625 0.409375 0.5765625 0.428125 0.65625 0.428125
0 0.840625 0.4078125000000001 0.678125 0.4078125 0.678125 0.4437500000000001 0.840625 0.4437500000000002
0 0.15625000000000006 0.453125 0.13437500000000005 0.453125 0.13437500000000005 0.4953125 0.15625000000000006 0.4953125
0 0.2562500000000001 0.4546875 0.17343750000000005 0.4546875 0.17343750000000005 0.4921875 0.2562500000000001 0.4921875
0 0.3281250000000001 0.453125 0.2750000000000001 0.453125 0.2750000000000001 0.4796875 0.3281250000000001 0.4796875
0 0.3890625000000001 0.4546875 0.3546875000000001 0.4546875 0.3546875000000001 0.478125 0.3890625000000001 0.478125
0 0.5109375 0.453125 0.4046875 0.453125 0.4046875 0.478125 0.5109375 0.478125
0 0.61875 0.4609375 0.5359375 0.4609375 0.5359375 0.5 0.61875 0.5
0 0.7046875 0.4625 0.6453125 0.4625 0.6453125 0.5046875 0.7046875 0.5046875
0 0.2531250000000001 0.5078125 0.13281250000000006 0.5078125 0.13281250000000006 0.534375 0.2531250000000001 0.534375
0 0.2687500000000001 0.5265625 0.2671875000000001 0.5265625 0.2671875000000001 0.5265625 0.2687500000000001 0.5265625
0 0.36406250000000007 0.5078125 0.29375000000000007 0.5078125 0.29375000000000007 0.5453125 0.36406250000000007 0.5453125
0 0.4265625 0.5109375 0.37968750000000007 0.5109375 0.37968750000000007 0.528125 0.4265625 0.528125
0 0.49375 0.509375 0.4484375 0.509375 0.4484375 0.5296875 0.49375 0.5296875
0 0.575 0.5046875 0.5140625 0.5046875 0.5140625 0.5296875 0.575 0.5296875
0 0.753125 0.5093750000000001 0.5890625 0.509375 0.5890625 0.5312500000000001 0.753125 0.5312500000000002
0 0.7640625 0.5265625000000002 0.7609375 0.5265625000000002 0.7609375 0.5281250000000002 0.7640625 0.5281250000000002
0 0.8421875 0.5078125000000002 0.7859375 0.5078125000000002 0.7859375 0.5468750000000002 0.8421875 0.5468750000000002
0 0.17187500000000008 0.5640625 0.13437500000000008 0.5640625 0.13437500000000008 0.578125 0.17187500000000008 0.578125
0 0.2718750000000001 0.553125 0.18906250000000008 0.553125 0.18906250000000008 0.5765625 0.2718750000000001 0.5765625
0 0.3281250000000001 0.5546875 0.30156250000000007 0.5546875 0.30156250000000007 0.5921875 0.3281250000000001 0.5921875
0 0.3703125000000001 0.5703125 0.3531250000000001 0.5703125 0.3531250000000001 0.578125 0.3703125000000001 0.578125
0 0.525 0.5609375 0.3937500000000001 0.5609375 0.3937500000000001 0.6 0.525 0.6
0 0.6140625 0.55 0.5453125 0.55 0.5453125 0.6 0.6140625 0.6
0 0.7484375 0.5531250000000001 0.634375 0.553125 0.634375 0.6046875 0.7484375 0.6046875000000002
0 0.759375 0.5781250000000002 0.7546875 0.5781250000000002 0.7546875 0.5812500000000002 0.759375 0.5812500000000002