0 0.2015625 0.209375 0.12343750000000005 0.209375 0.12343750000000005 0.2265625 0.2015625 0.2265625
0 0.2421875 0.2140625 0.2234375 0.2140625 0.2234375 0.228125 0.2421875 0.228125
0 0.2921875 0.21875 0.259375 0.21875 0.259375 0.2296875 0.2921875 0.2296875
0 0.3859375 0.20781250000000004 0.3078125 0.2078125 0.3078125 0.22812500000000005 0.3859375 0.22812500000000008
0 0.475 0.2078125000000001 0.4125 0.2078125000000001 0.4125 0.22656250000000008 0.475 0.22656250000000008
0 0.5484375 0.2078125000000001 0.5046875 0.2078125000000001 0.5046875 0.22656250000000008 0.5484375 0.22656250000000008
0 0.66875 0.2093750000000001 0.5734375 0.2093750000000001 0.5734375 0.2312500000000001 0.66875 0.2312500000000001
0 0.8578125 0.20468750000000008 0.696875 0.20468750000000008 0.696875 0.2296875000000001 0.8578125 0.2296875000000001
0 0.17031250000000003 0.25 0.13437500000000005 0.25 0.13437500000000005 0.29375 0.17031250000000003 0.29375
0 0.2375 0.2515625 0.19375000000000003 0.2515625 0.19375000000000003 0.290625 0.2375 0.290625
0 0.3203125 0.2515625 0.259375 0.2515625 0.259375 0.278125 0.3203125 0.278125
0 0.3359375 0.275 0.3328125 0.275 0.3328125 0.275 0.3359375 0.275
0 0.3953125 0.25781250000000006 0.359375 0.2578125 0.359375 0.27656250000000004 0.3953125 0.2765625000000001
0 0.428125 0.2593750000000001 0.4078125 0.2593750000000001 0.4078125 0.2765625000000001 0.428125 0.2765625000000001
0 0.5015625 0.2578125000000001 0.4484375 0.2578125000000001 0.4484375 0.27812500000000007 0.5015625 0.27812500000000007
0 0.596875 0.2578125000000001 0.5421875 0.2578125000000001 0.5421875 0.30156250000000007 0.596875 0.30156250000000007
0 0.715625 0.2609375000000001 0.628125 0.2609375000000001 0.628125 0.2796875000000001 0.715625 0.2796875000000001
0 0.7703125 0.26250000000000007 0.7390625 0.26250000000000007 0.7390625 0.27812500000000007 0.7703125 0.27812500000000007
0 0.8359375 0.2578125000000001 0.790625 0.2578125000000001 0.790625 0.29375000000000007 0.8359375 0.29375000000000007
0 0.15781250000000005 0.3 0.13125000000000003 0.3 0.13125000000000003 0.325 0.15781250000000005 0.325
0 0.234375 0.303125 0.18750000000000006 0.303125 0.18750000000000006 0.3265625 0.234375 0.3265625
0 0.296875 0.3140625 0.2640625 0.3140625 0.2640625 0.325 0.296875 0.325
0 0.403125 0.30625 0.3234375 0.30625 0.3234375 0.32500000000000007 0.403125 0.32500000000000007
0 0.459375 0.3218750000000001 0.4296875 0.3218750000000001 0.4296875 0.3296875000000001 0.459375 0.3296875000000001
0 0.534375 0.3062500000000001 0.4828125 0.3062500000000001 0.4828125 0.3500000000000001 0.534375 0.3500000000000001
0 0.6203125 0.3062500000000001 0.5578125 0.3062500000000001 0.5578125 0.3296875000000001 0.6203125 0.3296875000000001
0 0.63125 0.3234375000000001 0.628125 0.3234375000000001 0.628125 0.3343750000000001 0.63125 0.3343750000000001
0 0.734375 0.30937500000000007 0.65625 0.30937500000000007 0.65625 0.3281250000000001 0.734375 0.3281250000000001
0 0.8578125 0.3109375000000001 0.7515625 0.3109375000000001 0.7515625 0.3515625000000001 0.8578125 0.3515625000000001
0 0.18906250000000005 0.365625 0.12968750000000004 0.365625 0.12968750000000004 0.378125 0.18906250000000005 0.378125
0 0.27031250000000007 0.3578125 0.2125 0.3578125 0.21250000000000005 0.378125 0.27031250000000007 0.378125
0 0.3515625000000001 0.36875 0.2953125000000001 0.36875 0.2953125000000001 0.378125 0.3515625000000001 0.378125
0 0.4484375 0.3609375000000001 0.390625 0.3609375000000001 0.39062500000000006 0.3968750000000001 0.4484375 0.3968750000000001
0 0.5453125 0.3703125000000001 0.478125 0.3703125000000001 0.478125 0.37968750000000007 0.5453125 0.37968750000000007
0 0.646875 0.3625000000000001 0.575 0.3625000000000001 0.575 0.37968750000000007 0.646875 0.37968750000000007
0 0.6609375 0.37968750000000007 0.6578125 0.37968750000000007 0.6578125 0.3812500000000001 0.6609375 0.3812500000000001
0 0.8140625 0.3578125000000001 0.684375 0.3578125000000001 0.684375 0.4015625000000001 0.8140625 0.40156250000000016
0 0.8796875 0.3593750000000001 0.834375 0.3593750000000001 0.834375 0.37968750000000007 0.8796875 0.37968750000000007
0 0.19375000000000003 0.415625 0.13750000000000004 0.415625 0.13750000000000004 0.428125 0.19375000000000003 0.428125
0 0.3812500000000001 0.4109375 0.2328125000000001 0.4109375 0.2328125000000001 0.4421875 0.3812500000000001 0.4421875
0 0.5203125 0.4109375 0.409375 0.4109375 0.409375 0.4328125 0.5203125 0.4328125
0 0.5734375 0.4203125 0.540625 0.4203125 0.540625 0.43125 0.5734375 0.43125
0 0.778125 0.41093750000000007 0.60625 0.4109375 0.60625 0.43437500000000007 0.778125 0.4343750000000002
0 0.2765625000000001 0.4609375 0.13750000000000004 0.4609375 0.13750000000000004 0.496875 0.2765625000000001 0.496875
0 0.421875 0.4609375 0.3078125000000001 0.4609375 0.3078125000000001 0.4953125 0.421875 0.4953125
0 0.4375 0.4796875 0.434375 0.4796875 0.434375 0.48125 0.4375 0.48125
0 0.53125 0.459375 0.4515625 0.459375 0.4515625 0.48125 0.53125 0.48125
0 0.6828125 0.459375 0.5625 0.459375 0.5625 0.5 0.6828125 0.5
0 0.746875 0.4609375000000001 0.71875 0.4609375 0.71875 0.4984375000000001 0.746875 0.4984375000000002
0 0.88125 0.4593750000000002 0.765625 0.4593750000000002 0.765625 0.4812500000000002 0.88125 0.4812500000000002
0 0.3156250000000001 0.509375 0.13437500000000005 0.509375 0.13437500000000005 0.5296875 0.3156250000000001 0.5296875
0 0.3984375000000001 0.5109375 0.3500000000000001 0.5109375 0.3500000000000001 0.5421875 0.3984375000000001 0.5421875
0 0.490625 0.5078125 0.4265625 0.5078125 0.4265625 0.53125 0.490625 0.53125
0 0.5078125 0.53125 0.50625 0.53125 0.50625 0.5328125 0.5078125 0.5328125
0 0.6171875 0.5125 0.5296875 0.5125 0.5296875 0.5328125 0.6171875 0.5328125
0 0.65625 0.51875 0.640625 0.51875 0.640625 0.5328125 0.65625 0.5328125
0 0.75 0.5140625000000001 0.6875 0.5140625 0.6875 0.55 0.75 0.5500000000000002
0 0.8265625 0.5109375000000002 0.7796875 0.5109375000000002 0.7796875 0.5453125000000002 0.8265625 0.5453125000000002
0 0.9140625 0.5078125000000002 0.8421875 0.5078125000000002 0.8421875 0.5453125000000002 0.9140625 0.5453125000000002
0 0.16562500000000008 0.5609375 0.13437500000000008 0.5609375 0.13437500000000008 0.58125 0.16562500000000008 0.58125
0 0.17968750000000008 0.575 0.1750000000000001 0.575 0.1750000000000001 0.578125 0.17968750000000008 0.578125