0 0.2859375 0.20625 0.15312500000000004 0.20625 0.15312500000000004 0.2484375 0.2859375 0.2484375
0 0.4265625 0.20625000000000004 0.30625 0.20625 0.30625 0.24843750000000003 0.4265625 0.2484375000000001
0 0.50625 0.2171875000000001 0.4546875 0.2171875000000001 0.4546875 0.2296875000000001 0.50625 0.2296875000000001
0 0.58125 0.21875000000000008 0.528125 0.21875000000000008 0.528125 0.2296875000000001 0.58125 0.2296875000000001
0 0.6609375 0.2093750000000001 0.6 0.2093750000000001 0.6 0.2296875000000001 0.6609375 0.2296875000000001
0 0.7390625 0.2171875000000001 0.6890625 0.2171875000000001 0.6890625 0.22812500000000008 0.7390625 0.22812500000000008
0 0.8265625 0.2093750000000001 0.7578125 0.2093750000000001 0.7578125 0.24375000000000008 0.8265625 0.24375000000000008
0 0.8421875 0.22656250000000008 0.8375 0.22656250000000008 0.8375 0.2296875000000001 0.8421875 0.2296875000000001
0 0.2984375 0.2578125 0.16093750000000004 0.2578125 0.16093750000000004 0.2984375 0.2984375 0.2984375
0 0.384375 0.26093750000000004 0.33125 0.2609375 0.33125 0.2984375 0.384375 0.2984375000000001
0 0.4953125 0.2578125000000001 0.415625 0.2578125000000001 0.415625 0.2875000000000001 0.4953125 0.2875000000000001
0 0.5734375 0.2687500000000001 0.525 0.2687500000000001 0.525 0.27812500000000007 0.5734375 0.27812500000000007
0 0.5890625 0.2734375000000001 0.5859375 0.2734375000000001 0.5859375 0.2765625000000001 0.5890625 0.2765625000000001
0 0.6625 0.26250000000000007 0.603125 0.26250000000000007 0.603125 0.2828125000000001 0.6625 0.2828125000000001
0 0.7359375 0.2578125000000001 0.6890625 0.2578125000000001 0.6890625 0.27812500000000007 0.7359375 0.27812500000000007
0 0.8640625 0.2578125000000001 0.7546875 0.2578125000000001 0.7546875 0.2875000000000001 0.8640625 0.2875000000000001
0 0.2171875 0.303125 0.16718750000000004 0.303125 0.16718750000000004 0.325 0.2171875 0.325
0 0.26875 0.3140625 0.2453125 0.3140625 0.2453125 0.3296875 0.26875 0.3296875
0 0.325 0.3078125 0.29375 0.3078125 0.29375 0.3296875 0.325 0.3296875
0 0.41875 0.31250000000000006 0.3515625 0.3125 0.3515625 0.33125000000000004 0.41875 0.3312500000000001
0 0.59375 0.3187500000000001 0.45 0.3187500000000001 0.45 0.3468750000000001 0.59375 0.3468750000000001
0 0.684375 0.3062500000000001 0.6171875 0.3062500000000001 0.6171875 0.34843750000000007 0.684375 0.34843750000000007
0 0.721875 0.3125000000000001 0.7015625 0.3125000000000001 0.7015625 0.3281250000000001 0.721875 0.3281250000000001
0 0.7859375 0.30937500000000007 0.7375 0.30937500000000007 0.7375 0.3312500000000001 0.7859375 0.3312500000000001
0 0.26250000000000007 0.359375 0.14843750000000006 0.359375 0.14843750000000006 0.3953125 0.26250000000000007 0.3953125
0 0.37343750000000003 0.35937500000000006 0.2890625 0.359375 0.28906250000000006 0.4 0.3734375000000001 0.4
0 0.434375 0.3578125000000001 0.396875 0.3578125000000001 0.39687500000000003 0.3812500000000001 0.434375 0.3812500000000001
0 0.65 0.35625000000000007 0.4546875 0.35625000000000007 0.4546875 0.3984375000000001 0.65 0.3984375000000001
0 0.7515625 0.3609375000000001 0.675 0.3609375000000001 0.675 0.3812500000000001 0.7515625 0.3812500000000001
0 0.8046875 0.3609375000000001 0.778125 0.3609375000000001 0.778125 0.39531250000000007 0.8046875 0.39531250000000007
0 0.8875 0.3578125000000001 0.81875 0.3578125000000001 0.81875 0.3937500000000001 0.8875 0.3937500000000001
0 0.24218750000000008 0.4109375 0.15781250000000005 0.4109375 0.15781250000000005 0.4296875 0.24218750000000008 0.4296875
0 0.3281250000000001 0.4125 0.27031250000000007 0.4125 0.27031250000000007 0.4328125 0.3281250000000001 0.4328125
0 0.4109375 0.4125 0.3515625000000001 0.4125 0.3515625000000001 0.43125 0.4109375 0.43125
0 0.459375 0.425 0.440625 0.425 0.440625 0.434375 0.459375 0.434375
0 0.6109375 0.4109375 0.4890625 0.4109375 0.4890625 0.4453125 0.6109375 0.4453125
0 0.7296875 0.4140625000000001 0.6390625 0.4140625 0.6390625 0.4406250000000001 0.7296875 0.44062500000000016
0 0.784375 0.41406250000000017 0.7515625 0.41406250000000017 0.7515625 0.44531250000000017 0.784375 0.44531250000000017
0 0.88125 0.4203125000000002 0.803125 0.4203125000000002 0.803125 0.4593750000000002 0.88125 0.4593750000000002
0 0.23593750000000008 0.4609375 0.15937500000000004 0.4609375 0.15937500000000004 0.50625 0.23593750000000008 0.50625
0 0.2500000000000001 0.475 0.2468750000000001 0.475 0.2468750000000001 0.478125 0.2500000000000001 0.478125
0 0.3578125000000001 0.4625 0.2734375000000001 0.4625 0.2734375000000001 0.48125 0.3578125000000001 0.48125
0 0.465625 0.4625 0.37968750000000007 0.4625 0.37968750000000007 0.4859375 0.465625 0.4859375
0 0.5328125 0.4703125 0.4921875 0.4703125 0.4921875 0.48125 0.5328125 0.48125
0 0.6796875 0.4609375 0.5625 0.4609375 0.5625 0.50625 0.6796875 0.50625
0 0.7734375 0.4609375000000001 0.7125 0.4609375 0.7125 0.48125000000000007 0.7734375 0.4812500000000002
0 0.890625 0.46093750000000017 0.7875 0.46093750000000017 0.7875 0.4828125000000002 0.890625 0.4828125000000002
0 0.2578125000000001 0.50625 0.15625000000000006 0.50625 0.15625000000000006 0.5421875 0.2578125000000001 0.5421875
0 0.3281250000000001 0.5109375 0.2890625000000001 0.5109375 0.2890625000000001 0.546875 0.3281250000000001 0.546875
0 0.4765625 0.5109375 0.3625000000000001 0.5109375 0.3625000000000001 0.5546875 0.4765625 0.5546875
0 0.61875 0.515625 0.5140625 0.515625 0.5140625 0.5546875 0.61875 0.5546875
0 0.753125 0.5140625000000001 0.6453125 0.5140625 0.6453125 0.5359375000000001 0.753125 0.5359375000000002
0 0.9203125 0.5109375000000002 0.771875 0.5109375000000002 0.771875 0.5437500000000002 0.9203125 0.5437500000000002
0 0.934375 0.5296875000000002 0.93125 0.5296875000000002 0.93125 0.5312500000000002 0.934375 0.5312500000000002
0 0.2218750000000001 0.5578125 0.1468750000000001 0.5578125 0.1468750000000001 0.6 0.2218750000000001 0.6
0 0.2968750000000001 0.5703125 0.2500000000000001 0.5703125 0.2500000000000001 0.6046875 0.2968750000000001 0.6046875
0 0.37187500000000007 0.5609375 0.3265625000000001 0.5609375 0.3265625000000001 0.5828125 0.37187500000000007 0.5828125
0 0.45625 0.5734375 0.3984375000000001 0.5734375 0.3984375000000001 0.5828125 0.45625 0.5828125
0 0.5703125 0.5625 0.48125 0.5625 0.48125 0.6015625 0.5703125 0.6015625
0 0.6296875 0.5609375 0.596875 0.5609375 0.596875 0.584375 0.6296875 0.584375
0 0.690625 0.5640625 0.6453125 0.5640625 0.6453125 0.5828125 0.690625 0.5828125
0 0.7921875 0.5718750000000001 0.7171875 0.571875 0.7171875 0.5843750000000001 0.7921875 0.5843750000000002
0 0.846875 0.5625000000000002 0.821875 0.5625000000000002 0.821875 0.5828125000000002 0.846875 0.5828125000000002
0 0.3203125000000001 0.6109375 0.1609375000000001 0.6109375 0.1609375000000001 0.6328125 0.3203125000000001 0.6328125
0 0.3906250000000001 0.6109375 0.3453125000000001 0.6109375 0.3453125000000001 0.6328125 0.3906250000000001 0.6328125
0 0.534375 0.61875 0.4171875 0.61875 0.4171875 0.6515625 0.534375 0.6515625
0 0.590625 0.615625 0.565625 0.615625 0.565625 0.65 0.590625 0.65
0 0.6640625 0.615625 0.6203125 0.615625 0.6203125 0.65 0.6640625 0.65
0 0.7546875 0.6062500000000001 0.6890625 0.60625 0.6890625 0.6328125000000001 0.7546875 0.6328125000000002
0 0.7734375 0.6312500000000002 0.7703125 0.6312500000000002 0.7703125 0.6328125000000002 0.7734375 0.6328125000000002