0 0.2078125 0.2 0.13906250000000003 0.2 0.13906250000000003 0.228125 0.2078125 0.228125
0 0.290625 0.2 0.2453125 0.2 0.2453125 0.2265625 0.290625 0.2265625
0 0.40625 0.19843750000000004 0.3171875 0.19843750000000004 0.3171875 0.22968750000000004 0.40625 0.2296875000000001
0 0.6 0.19531250000000006 0.4375 0.19531250000000006 0.4375 0.22812500000000008 0.6 0.22812500000000008
0 0.6765625 0.20468750000000008 0.621875 0.20468750000000008 0.621875 0.22656250000000008 0.6765625 0.22656250000000008
0 0.7328125 0.21875000000000008 0.7015625 0.21875000000000008 0.7015625 0.2500000000000001 0.7328125 0.2500000000000001
0 0.803125 0.19687500000000008 0.753125 0.19687500000000008 0.753125 0.22812500000000008 0.803125 0.22812500000000008
0 0.8390625 0.19687500000000008 0.8171875 0.19687500000000008 0.8171875 0.2515625000000001 0.8390625 0.2515625000000001
0 0.88125 0.2000000000000001 0.8515625 0.2000000000000001 0.8515625 0.22812500000000008 0.88125 0.22812500000000008
0 0.25 0.2453125 0.13437500000000005 0.2453125 0.13437500000000005 0.2796875 0.25 0.2796875
0 0.3796875 0.25781250000000006 0.2796875 0.2578125 0.2796875 0.27812500000000007 0.3796875 0.27812500000000007
0 0.45625 0.2656250000000001 0.4078125 0.2656250000000001 0.4078125 0.2796875000000001 0.45625 0.2796875000000001
0 0.5546875 0.24375000000000008 0.48125 0.24375000000000008 0.48125 0.3046875000000001 0.5546875 0.3046875000000001
0 0.596875 0.2718750000000001 0.565625 0.2718750000000001 0.565625 0.27812500000000007 0.596875 0.27812500000000007
0 0.6921875 0.2500000000000001 0.6265625 0.2500000000000001 0.6265625 0.2796875000000001 0.6921875 0.2796875000000001
0 0.7953125 0.26250000000000007 0.715625 0.26250000000000007 0.715625 0.2796875000000001 0.7953125 0.2796875000000001
0 0.8125 0.2765625000000001 0.809375 0.2765625000000001 0.809375 0.2796875000000001 0.8125 0.2796875000000001
0 0.8734375 0.2578125000000001 0.8203125 0.2578125000000001 0.8203125 0.2796875000000001 0.8734375 0.2796875000000001
0 0.2171875 0.296875 0.13125000000000003 0.296875 0.13125000000000003 0.35 0.2171875 0.35
0 0.3171875 0.3015625 0.246875 0.3015625 0.246875 0.353125 0.3171875 0.353125
0 0.36875 0.31250000000000006 0.3453125 0.3125 0.3453125 0.33125000000000004 0.36875 0.3312500000000001
0 0.453125 0.30937500000000007 0.40625 0.30937500000000007 0.40625 0.3281250000000001 0.453125 0.3281250000000001
0 0.50625 0.3203125000000001 0.478125 0.3203125000000001 0.478125 0.3593750000000001 0.50625 0.3593750000000001
0 0.5953125 0.2953125000000001 0.53125 0.2953125000000001 0.53125 0.3281250000000001 0.5953125 0.3281250000000001
0 0.6890625 0.3062500000000001 0.6109375 0.3062500000000001 0.6109375 0.3312500000000001 0.6890625 0.3312500000000001
0 0.753125 0.3187500000000001 0.7171875 0.3187500000000001 0.7171875 0.3296875000000001 0.753125 0.3296875000000001
0 0.8609375 0.3218750000000001 0.771875 0.3218750000000001 0.771875 0.3453125000000001 0.8609375 0.3453125000000001
0 0.28593750000000007 0.34375 0.13281250000000006 0.34375 0.13281250000000006 0.378125 0.28593750000000007 0.378125
0 0.4109375 0.34375000000000006 0.3171875 0.34375 0.31718750000000007 0.403125 0.4109375 0.403125
0 0.46875 0.3546875000000001 0.4421875 0.3546875000000001 0.4421875 0.4109375 0.46875 0.4109375
0 0.5296875 0.3515625000000001 0.4953125 0.3515625000000001 0.4953125 0.3781250000000001 0.5296875 0.3781250000000001
0 0.7015625 0.3453125000000001 0.5640625 0.3453125000000001 0.5640625 0.40625 0.7015625 0.40625
0 0.7109375 0.3765625000000001 0.7078125 0.3765625000000001 0.7078125 0.37968750000000007 0.7109375 0.37968750000000007
0 0.796875 0.3500000000000001 0.7296875 0.3500000000000001 0.7296875 0.37968750000000007 0.796875 0.37968750000000007
0 0.8234375 0.3734375000000001 0.80625 0.3734375000000001 0.80625 0.37968750000000007 0.8234375 0.37968750000000007
0 0.8890625 0.3468750000000001 0.8453125 0.3468750000000001 0.8453125 0.4046875000000002 0.8890625 0.4046875000000002
0 0.15781250000000005 0.4 0.13125000000000003 0.4 0.13125000000000003 0.43125 0.15781250000000005 0.43125
0 0.23437500000000008 0.4109375 0.18125000000000005 0.4109375 0.18125000000000005 0.428125 0.23437500000000008 0.428125
0 0.30156250000000007 0.3953125 0.2687500000000001 0.3953125 0.2687500000000001 0.4296875 0.30156250000000007 0.4296875
0 0.3671875000000001 0.4046875 0.3343750000000001 0.4046875 0.3343750000000001 0.4296875 0.3671875000000001 0.4296875
0 0.46875 0.4203125 0.3937500000000001 0.4203125 0.3937500000000001 0.4484375 0.46875 0.4484375
0 0.528125 0.4203125 0.490625 0.4203125 0.490625 0.4296875 0.528125 0.4296875
0 0.5421875 0.403125 0.5375 0.403125 0.5375 0.4375 0.5421875 0.4375
0 0.61875 0.403125 0.5640625 0.403125 0.5640625 0.43125 0.61875 0.43125
0 0.7390625 0.4093750000000001 0.6390625 0.409375 0.6390625 0.4312500000000001 0.7390625 0.4312500000000002
0 0.8671875 0.40625000000000017 0.7609375 0.40625000000000017 0.7609375 0.4312500000000002 0.8671875 0.4312500000000002
0 0.878125 0.42968750000000017 0.871875 0.42968750000000017 0.871875 0.4390625000000002 0.878125 0.4390625000000002
0 0.19687500000000005 0.4515625 0.12968750000000004 0.4515625 0.12968750000000004 0.48125 0.19687500000000005 0.48125
0 0.3359375000000001 0.45 0.23593750000000008 0.45 0.23593750000000008 0.48125 0.3359375000000001 0.48125
0 0.4515625 0.45 0.3734375000000001 0.45 0.3734375000000001 0.48125 0.4515625 0.48125
0 0.5203125 0.459375 0.4875 0.459375 0.4875 0.48125 0.5203125 0.48125
0 0.6125 0.45 0.540625 0.45 0.540625 0.48125 0.6125 0.48125
0 0.6765625 0.459375 0.6421875 0.459375 0.6421875 0.4828125 0.6765625 0.4828125
0 0.8078125 0.4484375000000001 0.7015625 0.4484375 0.7015625 0.5015625000000001 0.8078125 0.5015625000000001
0 0.81875 0.47968750000000016 0.8140625 0.47968750000000016 0.8140625 0.4859375000000002 0.81875 0.4859375000000002
0 0.8875 0.4656250000000002 0.834375 0.4656250000000002 0.834375 0.4828125000000002 0.8875 0.4828125000000002
0 0.15312500000000004 0.521875 0.13125000000000003 0.521875 0.13125000000000003 0.53125 0.15312500000000004 0.53125
0 0.2765625000000001 0.5015625 0.18906250000000005 0.5015625 0.18906250000000008 0.55625 0.2765625000000001 0.55625
0 0.2875000000000001 0.528125 0.2843750000000001 0.528125 0.2843750000000001 0.53125 0.2875000000000001 0.53125
0 0.3593750000000001 0.509375 0.30937500000000007 0.509375 0.30937500000000007 0.53125 0.3593750000000001 0.53125
0 0.465625 0.5046875 0.4015625 0.5046875 0.4015625 0.55625 0.465625 0.55625
0 0.55 0.5203125 0.4953125 0.5203125 0.4953125 0.5515625 0.55 0.5515625
0 0.621875 0.4984375 0.5828125 0.4984375 0.5828125 0.5328125 0.621875 0.5328125
0 0.6953125 0.503125 0.65625 0.503125 0.65625 0.53125 0.6953125 0.53125
0 0.7390625 0.5078125000000001 0.7171875 0.5078125 0.7171875 0.5328125000000001 0.7390625 0.5328125000000001
0 0.80625 0.5000000000000002 0.7578125 0.5000000000000002 0.7578125 0.5312500000000002 0.80625 0.5312500000000002
0 0.90625 0.5046875000000002 0.8234375 0.5046875000000002 0.8234375 0.5328125000000001 0.90625 0.5328125000000001
0 0.1531250000000001 0.56875 0.12500000000000008 0.56875 0.12500000000000008 0.5828125 0.1531250000000001 0.5828125
0 0.20468750000000008 0.5703125 0.1828125000000001 0.5703125 0.1828125000000001 0.5796875 0.20468750000000008 0.5796875
0 0.2671875000000001 0.5578125 0.2234375000000001 0.5578125 0.2234375000000001 0.6078125 0.2671875000000001 0.6078125
0 0.27812500000000007 0.578125 0.2734375000000001 0.578125 0.2734375000000001 0.58125 0.27812500000000007 0.58125