0 0.30625 0.209375 0.14062500000000006 0.209375 0.14062500000000006 0.228125 0.30625 0.228125
0 0.3671875 0.20781250000000004 0.3296875 0.2078125 0.3296875 0.22656250000000006 0.3671875 0.22656250000000008
0 0.4453125 0.2078125000000001 0.384375 0.2078125000000001 0.384375 0.24375000000000008 0.4453125 0.24375000000000008
0 0.4578125 0.2234375000000001 0.4546875 0.2234375000000001 0.4546875 0.2328125000000001 0.4578125 0.2328125000000001
0 0.6015625 0.20468750000000008 0.478125 0.20468750000000008 0.478125 0.2375000000000001 0.6015625 0.2375000000000001
0 0.6625 0.21093750000000008 0.6171875 0.21093750000000008 0.6171875 0.22656250000000008 0.6625 0.22656250000000008
0 0.7046875 0.21250000000000008 0.6765625 0.21250000000000008 0.6765625 0.22812500000000008 0.7046875 0.22812500000000008
0 0.8453125 0.2078125000000001 0.7171875 0.2078125000000001 0.7171875 0.22812500000000008 0.8453125 0.22812500000000008
0 0.209375 0.259375 0.14687500000000003 0.259375 0.14687500000000003 0.278125 0.209375 0.278125
0 0.3 0.259375 0.2296875 0.259375 0.2296875 0.278125 0.3 0.278125
0 0.365625 0.259375 0.3234375 0.259375 0.3234375 0.27812500000000007 0.365625 0.27812500000000007
0 0.4984375 0.2578125000000001 0.3828125 0.2578125000000001 0.3828125 0.2875000000000001 0.4984375 0.2875000000000001
0 0.55 0.26250000000000007 0.521875 0.26250000000000007 0.521875 0.27812500000000007 0.55 0.27812500000000007
0 0.5984375 0.2609375000000001 0.5625 0.2609375000000001 0.5625 0.27812500000000007 0.5984375 0.27812500000000007
0 0.6984375 0.2593750000000001 0.628125 0.2593750000000001 0.628125 0.2968750000000001 0.6984375 0.2968750000000001
0 0.709375 0.2750000000000001 0.70625 0.2750000000000001 0.70625 0.2765625000000001 0.709375 0.2765625000000001
0 0.8078125 0.2609375000000001 0.725 0.2609375000000001 0.725 0.27812500000000007 0.8078125 0.27812500000000007
0 0.3109375 0.309375 0.15156250000000004 0.309375 0.15156250000000004 0.3453125 0.3109375 0.3453125
0 0.46875 0.31250000000000006 0.3390625 0.3125 0.3390625 0.34218750000000003 0.46875 0.3421875000000001
0 0.546875 0.3125000000000001 0.49375 0.3125000000000001 0.49375 0.3296875000000001 0.546875 0.3296875000000001
0 0.6546875 0.30937500000000007 0.56875 0.30937500000000007 0.56875 0.3281250000000001 0.6546875 0.3281250000000001
0 0.7265625 0.3109375000000001 0.675 0.3109375000000001 0.675 0.3281250000000001 0.7265625 0.3281250000000001
0 0.8421875 0.3078125000000001 0.75 0.3078125000000001 0.75 0.3312500000000001 0.8421875 0.3312500000000001
0 0.20625000000000004 0.3609375 0.14843750000000006 0.3609375 0.14843750000000006 0.378125 0.2062500000000001 0.378125
0 0.33281250000000007 0.3640625 0.2406250000000001 0.3640625 0.2406250000000001 0.39375 0.33281250000000007 0.39375
0 0.3468750000000001 0.3765625 0.3453125000000001 0.3765625 0.3453125000000001 0.378125 0.3468750000000001 0.378125
0 0.440625 0.36406250000000007 0.3625000000000001 0.3640625 0.3625000000000001 0.38125000000000003 0.440625 0.3812500000000001
0 0.4796875 0.37187500000000007 0.4625 0.37187500000000007 0.4625 0.3812500000000001 0.4796875 0.3812500000000001
0 0.5671875 0.3625000000000001 0.5015625 0.3625000000000001 0.5015625 0.37968750000000007 0.5671875 0.37968750000000007
0 0.6640625 0.3703125000000001 0.5875 0.3703125000000001 0.5875 0.3968750000000001 0.6640625 0.3968750000000001
0 0.7046875 0.3656250000000001 0.6828125 0.3656250000000001 0.6828125 0.3937500000000001 0.7046875 0.3937500000000001
0 0.840625 0.3609375000000001 0.7328125 0.3609375000000001 0.7328125 0.3906250000000001 0.840625 0.3906250000000001
0 0.8578125 0.3765625000000001 0.853125 0.3765625000000001 0.853125 0.38750000000000007 0.8578125 0.38750000000000007
0 0.2484375000000001 0.4046875 0.16093750000000004 0.4046875 0.16093750000000004 0.4296875 0.2484375000000001 0.4296875
0 0.31718750000000007 0.4140625 0.27812500000000007 0.4140625 0.27812500000000007 0.4484375 0.31718750000000007 0.4484375
0 0.3593750000000001 0.421875 0.3296875000000001 0.421875 0.3296875000000001 0.43125 0.3593750000000001 0.43125
0 0.46875 0.4109375 0.3781250000000001 0.4109375 0.3781250000000001 0.434375 0.46875 0.434375
0 0.4828125 0.428125 0.478125 0.428125 0.478125 0.4375 0.4828125 0.4375
0 0.553125 0.409375 0.5078125 0.409375 0.5078125 0.43125 0.553125 0.43125
0 0.634375 0.4109375 0.578125 0.4109375 0.578125 0.43125 0.634375 0.43125
0 0.675 0.41875 0.6546875 0.41875 0.6546875 0.4328125 0.675 0.4328125
0 0.7875 0.4093750000000001 0.6984375 0.409375 0.6984375 0.4484375000000001 0.7875 0.44843750000000016
0 0.8484375 0.4109375000000002 0.8078125 0.4109375000000002 0.8078125 0.4468750000000002 0.8484375 0.4468750000000002
0 0.24218750000000008 0.4609375 0.15000000000000005 0.4609375 0.15000000000000005 0.48125 0.24218750000000008 0.48125
0 0.25468750000000007 0.475 0.2500000000000001 0.475 0.2500000000000001 0.478125 0.25468750000000007 0.478125
0 0.3296875000000001 0.4609375 0.2796875000000001 0.4609375 0.2796875000000001 0.48125 0.3296875000000001 0.48125
0 0.4140625 0.4640625 0.3531250000000001 0.4640625 0.3531250000000001 0.48125 0.4140625 0.48125
0 0.4875 0.4625 0.4453125 0.4625 0.4453125 0.48125 0.4875 0.48125
0 0.5359375 0.465625 0.5171875 0.465625 0.5171875 0.4796875 0.5359375 0.4796875
0 0.6390625 0.4625 0.5640625 0.4625 0.5640625 0.48125 0.6390625 0.48125
0 0.6921875 0.4609375 0.665625 0.4609375 0.665625 0.496875 0.6921875 0.496875
0 0.753125 0.4625000000000001 0.71875 0.4625 0.71875 0.4828125000000001 0.753125 0.4828125000000002
0 0.8515625 0.46093750000000017 0.7765625 0.46093750000000017 0.7765625 0.5000000000000002 0.8515625 0.5000000000000002
0 0.88125 0.46406250000000016 0.8671875 0.46406250000000016 0.8671875 0.4812500000000002 0.88125 0.4812500000000002
0 0.17968750000000006 0.5109375 0.16250000000000003 0.5109375 0.16250000000000003 0.53125 0.17968750000000006 0.53125
0 0.3968750000000001 0.5109375 0.2156250000000001 0.5109375 0.2156250000000001 0.5328125 0.3968750000000001 0.5328125
0 0.553125 0.5125 0.4234375 0.5125 0.4234375 0.5328125 0.553125 0.5328125
0 0.565625 0.5296875 0.5609375 0.5296875 0.5609375 0.5328125 0.565625 0.5328125
0 0.63125 0.5140625 0.5953125 0.5140625 0.5953125 0.5328125 0.63125 0.5328125
0 0.7421875 0.5140625000000001 0.6578125 0.5140625 0.6578125 0.5328125000000001 0.7421875 0.5328125000000001
0 0.27812500000000007 0.559375 0.1453125000000001 0.559375 0.1453125000000001 0.5984375 0.27812500000000007 0.5984375
0 0.3500000000000001 0.559375 0.3078125000000001 0.559375 0.3078125000000001 0.584375 0.3500000000000001 0.584375
0 0.421875 0.5640625 0.3750000000000001 0.5640625 0.3750000000000001 0.584375 0.421875 0.584375
0 0.478125 0.5609375 0.44375 0.5609375 0.44375 0.5828125 0.478125 0.5828125
0 0.6125 0.55625 0.5046875 0.55625 0.5046875 0.5953125 0.6125 0.5953125
0 0.7 0.5609375 0.640625 0.5609375 0.640625 0.58125 0.7 0.58125
0 0.778125 0.5625000000000002 0.7328125 0.5625000000000002 0.7328125 0.5828125000000002 0.778125 0.5828125000000002
0 0.3125000000000001 0.6140625 0.1625000000000001 0.6140625 0.1625000000000001 0.65625 0.3125000000000001 0.65625
0 0.4890625 0.6125 0.3453125000000001 0.6125 0.3453125000000001 0.6359375 0.4890625 0.6359375
0 0.503125 0.628125 0.5 0.628125 0.5 0.63125 0.503125 0.63125