0 0.15781250000000005 0.2046875 0.15156250000000004 0.2046875 0.15156250000000004 0.2078125 0.15781250000000005 0.2078125
0 0.18125000000000005 0.209375 0.16093750000000004 0.209375 0.16093750000000004 0.221875 0.18125000000000005 0.221875
0 0.24375 0.2078125 0.19218750000000004 0.2078125 0.19218750000000004 0.2234375 0.24375 0.2234375
0 0.2734375 0.2140625 0.2625 0.2140625 0.2625 0.221875 0.2734375 0.221875
0 0.3671875 0.20781250000000004 0.3 0.2078125 0.3 0.22187500000000004 0.3671875 0.2218750000000001
0 0.44375 0.2062500000000001 0.3921875 0.2062500000000001 0.3921875 0.22031250000000008 0.44375 0.22031250000000008
0 0.5015625 0.2062500000000001 0.4546875 0.2062500000000001 0.4546875 0.22656250000000008 0.5015625 0.22656250000000008
0 0.540625 0.2093750000000001 0.5171875 0.2093750000000001 0.5171875 0.2234375000000001 0.540625 0.2234375000000001
0 0.60625 0.2078125000000001 0.5546875 0.2078125000000001 0.5546875 0.22656250000000008 0.60625 0.22656250000000008
0 0.6640625 0.2078125000000001 0.621875 0.2078125000000001 0.621875 0.22031250000000008 0.6640625 0.22031250000000008
0 0.7 0.21250000000000008 0.6765625 0.21250000000000008 0.6765625 0.2218750000000001 0.7 0.2218750000000001
0 0.7484375 0.21250000000000008 0.7078125 0.21250000000000008 0.7078125 0.2250000000000001 0.7484375 0.2250000000000001
0 0.8109375 0.21093750000000008 0.7546875 0.21093750000000008 0.7546875 0.2250000000000001 0.8109375 0.2250000000000001
0 0.846875 0.21093750000000008 0.8234375 0.21093750000000008 0.8234375 0.2218750000000001 0.846875 0.2218750000000001
0 0.2109375 0.259375 0.15312500000000004 0.259375 0.15312500000000004 0.2734375 0.2109375 0.2734375
0 0.2921875 0.259375 0.228125 0.259375 0.228125 0.278125 0.2921875 0.278125
0 0.39375 0.25625000000000003 0.3109375 0.25625 0.3109375 0.2828125 0.39375 0.2828125000000001
0 0.4875 0.2562500000000001 0.409375 0.2562500000000001 0.409375 0.2734375000000001 0.4875 0.2734375000000001
0 0.4640625 0.2718750000000001 0.4625 0.2718750000000001 0.4625 0.2734375000000001 0.4640625 0.2734375000000001
0 0.5203125 0.2609375000000001 0.503125 0.2609375000000001 0.503125 0.2734375000000001 0.5203125 0.2734375000000001
0 0.5859375 0.2609375000000001 0.521875 0.2609375000000001 0.521875 0.2734375000000001 0.5859375 0.2734375000000001
0 0.6203125 0.26250000000000007 0.60625 0.26250000000000007 0.60625 0.2718750000000001 0.6203125 0.2718750000000001
0 0.65625 0.2671875000000001 0.634375 0.2671875000000001 0.634375 0.2734375000000001 0.65625 0.2734375000000001
0 0.765625 0.26250000000000007 0.6734375 0.26250000000000007 0.6734375 0.2828125000000001 0.765625 0.2828125000000001
0 0.8515625 0.2609375000000001 0.778125 0.2609375000000001 0.778125 0.2796875000000001 0.8515625 0.2796875000000001
0 0.19062500000000004 0.309375 0.15000000000000005 0.309375 0.15000000000000005 0.3234375 0.19062500000000004 0.3234375
0 0.234375 0.3109375 0.2125 0.3109375 0.2125 0.3234375 0.234375 0.3234375
0 0.3125 0.3109375 0.2453125 0.3109375 0.2453125 0.33125 0.3125 0.33125
0 0.3734375 0.30937500000000007 0.3296875 0.309375 0.3296875 0.321875 0.3734375 0.3218750000000001
0 0.409375 0.30937500000000007 0.390625 0.30937500000000007 0.390625 0.3218750000000001 0.409375 0.3218750000000001
0 0.459375 0.31718750000000007 0.4265625 0.31718750000000007 0.4265625 0.32500000000000007 0.459375 0.32500000000000007
0 0.51875 0.3125000000000001 0.4734375 0.3125000000000001 0.4734375 0.3359375000000001 0.51875 0.3359375000000001
0 0.5515625 0.31718750000000007 0.540625 0.31718750000000007 0.540625 0.3218750000000001 0.5515625 0.3218750000000001
0 0.6296875 0.3125000000000001 0.575 0.3125000000000001 0.575 0.32500000000000007 0.6296875 0.32500000000000007
0 0.6859375 0.3125000000000001 0.6421875 0.3125000000000001 0.6421875 0.3234375000000001 0.6859375 0.3234375000000001
0 0.71875 0.31718750000000007 0.6953125 0.31718750000000007 0.6953125 0.32500000000000007 0.71875 0.32500000000000007
0 0.7640625 0.3109375000000001 0.7359375 0.3109375000000001 0.7359375 0.3234375000000001 0.7640625 0.3234375000000001
0 0.8265625 0.3125000000000001 0.784375 0.3125000000000001 0.784375 0.3234375000000001 0.8265625 0.3234375000000001
0 0.17656250000000004 0.35625 0.15156250000000004 0.35625 0.15156250000000004 0.378125 0.17656250000000004 0.378125
0 0.21093750000000006 0.3578125 0.18593750000000003 0.3578125 0.18593750000000003 0.3703125 0.21093750000000008 0.3703125
0 0.290625 0.3578125 0.2265625 0.3578125 0.22656250000000006 0.38125 0.2906250000000001 0.38125
0 0.35781250000000003 0.359375 0.3109375 0.359375 0.31093750000000003 0.3734375 0.3578125000000001 0.3734375
0 0.4109375 0.3593750000000001 0.3734375 0.3593750000000001 0.37343750000000003 0.3734375000000001 0.4109375 0.3734375000000001
0 0.446875 0.3593750000000001 0.4265625 0.3593750000000001 0.4265625 0.3734375000000001 0.446875 0.3734375000000001
0 0.5171875 0.3609375000000001 0.4578125 0.3609375000000001 0.4578125 0.3765625000000001 0.5171875 0.3765625000000001
0 0.5265625 0.3734375000000001 0.51875 0.3734375000000001 0.51875 0.37968750000000007 0.5265625 0.37968750000000007
0 0.6203125 0.3609375000000001 0.54375 0.3609375000000001 0.54375 0.3750000000000001 0.6203125 0.3750000000000001
0 0.634375 0.3703125000000001 0.6265625 0.3703125000000001 0.6265625 0.3781250000000001 0.634375 0.3781250000000001
0 0.6875 0.3609375000000001 0.646875 0.3609375000000001 0.646875 0.3750000000000001 0.6875 0.3750000000000001
0 0.746875 0.36406250000000007 0.7046875 0.36406250000000007 0.7046875 0.3750000000000001 0.746875 0.3750000000000001
0 0.815625 0.3609375000000001 0.746875 0.3609375000000001 0.746875 0.38750000000000007 0.815625 0.38750000000000007
0 0.17968750000000006 0.409375 0.15312500000000004 0.409375 0.15312500000000004 0.421875 0.17968750000000006 0.421875
0 0.2218750000000001 0.409375 0.19375000000000003 0.409375 0.19375000000000003 0.421875 0.2218750000000001 0.421875
0 0.2875000000000001 0.415625 0.2390625000000001 0.415625 0.2390625000000001 0.428125 0.2875000000000001 0.428125
0 0.2953125000000001 0.4203125 0.2921875000000001 0.4203125 0.2921875000000001 0.421875 0.2953125000000001 0.421875
0 0.34843750000000007 0.409375 0.3234375000000001 0.409375 0.3234375000000001 0.421875 0.34843750000000007 0.421875
0 0.4734375 0.4109375 0.3671875000000001 0.4109375 0.3671875000000001 0.4265625 0.4734375 0.4265625
0 0.51875 0.4109375 0.496875 0.4109375 0.496875 0.425 0.51875 0.425
0 0.6203125 0.4109375 0.5296875 0.4109375 0.5296875 0.4359375 0.6203125 0.4359375
0 0.665625 0.41875 0.6375 0.41875 0.6375 0.425 0.665625 0.425
0 0.7453125 0.4140625000000001 0.6796875 0.4140625 0.6796875 0.4328125000000001 0.7453125 0.43281250000000016
0 0.8109375 0.4125000000000002 0.7578125 0.4125000000000002 0.7578125 0.42500000000000016 0.8109375 0.42500000000000016
0 0.22656250000000008 0.459375 0.14843750000000006 0.459375 0.14843750000000006 0.4734375 0.22656250000000008 0.4734375
0 0.3546875000000001 0.459375 0.2515625000000001 0.459375 0.2515625000000001 0.4828125 0.3546875000000001 0.4828125
0 0.403125 0.4625 0.3750000000000001 0.4625 0.3750000000000001 0.484375 0.403125 0.484375
0 0.4625 0.46875 0.4171875 0.46875 0.4171875 0.484375 0.4625 0.484375
0 0.5296875 0.4609375 0.4875 0.4609375 0.4875 0.475 0.5296875 0.475
0 0.5703125 0.4640625 0.5515625 0.4640625 0.5515625 0.475 0.5703125 0.475
0 0.6125 0.4609375 0.5890625 0.4609375 0.5890625 0.475 0.6125 0.475
0 0.68125 0.4640625 0.6296875 0.4640625 0.6296875 0.4765625 0.68125 0.4765625
0 0.728125 0.4609375000000001 0.7015625 0.4609375 0.7015625 0.48125000000000007 0.728125 0.4812500000000002
0 0.8296875 0.4671875000000002 0.734375 0.4671875000000002 0.734375 0.4781250000000002 0.8296875 0.4781250000000002
0 0.8921875 0.4625000000000002 0.846875 0.4625000000000002 0.846875 0.4750000000000002 0.8921875 0.4750000000000002
0 0.18906250000000005 0.509375 0.14843750000000006 0.509375 0.14843750000000006 0.525 0.18906250000000005 0.525
0 0.2312500000000001 0.5125 0.2078125000000001 0.5125 0.2078125000000001 0.525 0.2312500000000001 0.525
0 0.2687500000000001 0.5125 0.24375000000000008 0.5125 0.24375000000000008 0.525 0.2687500000000001 0.525
0 0.3156250000000001 0.5125 0.2828125000000001 0.5125 0.2828125000000001 0.53125 0.3156250000000001 0.53125
0 0.3265625000000001 0.5234375 0.3234375000000001 0.5234375 0.3234375000000001 0.5265625 0.3265625000000001 0.5265625