0 0.2171875 0.2546875 0.15625000000000006 0.2546875 0.15625000000000006 0.278125 0.2171875 0.278125
0 0.3671875 0.25468750000000007 0.23125 0.2546875 0.23125 0.28125000000000006 0.3671875 0.2812500000000001
0 0.45625 0.2562500000000001 0.3796875 0.2562500000000001 0.3796875 0.2906250000000001 0.45625 0.2906250000000001
0 0.5234375 0.2609375000000001 0.471875 0.2609375000000001 0.471875 0.2812500000000001 0.5234375 0.2812500000000001
0 0.6140625 0.2609375000000001 0.540625 0.2609375000000001 0.540625 0.2812500000000001 0.6140625 0.2812500000000001
0 0.721875 0.2562500000000001 0.625 0.2562500000000001 0.625 0.2828125000000001 0.721875 0.2828125000000001
0 0.8 0.26250000000000007 0.7390625 0.26250000000000007 0.7390625 0.2843750000000001 0.8 0.2843750000000001
0 0.8765625 0.2578125000000001 0.815625 0.2578125000000001 0.815625 0.2812500000000001 0.8765625 0.2812500000000001
0 0.2203125 0.3125 0.14843750000000006 0.3125 0.14843750000000006 0.33125 0.2203125 0.33125
0 0.2828125 0.3140625 0.2421875 0.3140625 0.2421875 0.3296875 0.2828125 0.3296875
0 0.43125 0.30937500000000007 0.3109375 0.309375 0.3109375 0.33125000000000004 0.43125 0.3312500000000001
0 0.540625 0.3203125000000001 0.4578125 0.3203125000000001 0.4578125 0.3468750000000001 0.540625 0.3468750000000001
0 0.640625 0.3125000000000001 0.559375 0.3125000000000001 0.559375 0.33281250000000007 0.640625 0.33281250000000007
0 0.765625 0.3125000000000001 0.671875 0.3125000000000001 0.671875 0.3343750000000001 0.765625 0.3343750000000001
0 0.775 0.3312500000000001 0.7671875 0.3312500000000001 0.7671875 0.34062500000000007 0.775 0.34062500000000007
0 0.8671875 0.3187500000000001 0.7890625 0.3187500000000001 0.7890625 0.3312500000000001 0.8671875 0.3312500000000001
0 0.25781250000000006 0.3609375 0.14843750000000006 0.3609375 0.14843750000000006 0.3921875 0.2578125000000001 0.3921875
0 0.38281250000000006 0.35937500000000006 0.278125 0.359375 0.27812500000000007 0.38125000000000003 0.3828125000000001 0.3812500000000001
0 0.3937500000000001 0.3765625000000001 0.3906250000000001 0.3765625000000001 0.3906250000000001 0.37968750000000007 0.3937500000000001 0.37968750000000007
0 0.5484375 0.3609375000000001 0.4078125 0.3609375000000001 0.4078125 0.3890625000000001 0.5484375 0.3890625000000001
0 0.6171875 0.3625000000000001 0.5671875 0.3625000000000001 0.5671875 0.3937500000000001 0.6171875 0.3937500000000001
0 0.6921875 0.36406250000000007 0.634375 0.36406250000000007 0.634375 0.3812500000000001 0.6921875 0.3812500000000001
0 0.70625 0.37187500000000007 0.7 0.37187500000000007 0.7 0.3812500000000001 0.70625 0.3812500000000001
0 0.7328125 0.3593750000000001 0.7203125 0.3593750000000001 0.7203125 0.3687500000000001 0.7328125 0.3687500000000001
0 0.7953125 0.36406250000000007 0.740625 0.36406250000000007 0.740625 0.3828125000000001 0.7953125 0.3828125000000001
0 0.9015625 0.36406250000000007 0.8125 0.36406250000000007 0.8125 0.3937500000000001 0.9015625 0.3937500000000001
0 0.19062500000000004 0.4171875 0.14687500000000003 0.4171875 0.14687500000000003 0.428125 0.19062500000000004 0.428125
0 0.2828125000000001 0.409375 0.2078125000000001 0.409375 0.2078125000000001 0.43125 0.2828125000000001 0.43125
0 0.3296875000000001 0.4109375 0.3000000000000001 0.4109375 0.3000000000000001 0.4296875 0.3296875000000001 0.4296875
0 0.3828125000000001 0.4125 0.3437500000000001 0.4125 0.3437500000000001 0.43125 0.3828125000000001 0.43125
0 0.4015625 0.4296875 0.3921875000000001 0.4296875 0.3921875000000001 0.4375 0.4015625 0.4375
0 0.46875 0.4125 0.4125 0.4125 0.4125 0.43125 0.46875 0.43125
0 0.54375 0.41875 0.48125 0.41875 0.48125 0.44375 0.54375 0.44375
0 0.690625 0.4109375 0.5625 0.4109375 0.5625 0.4328125 0.690625 0.4328125
0 0.78125 0.4234375000000001 0.70625 0.4234375 0.70625 0.4312500000000001 0.78125 0.4312500000000002
0 0.853125 0.4203125000000002 0.7921875 0.4203125000000002 0.7921875 0.4312500000000002 0.853125 0.4312500000000002
0 0.19687500000000005 0.4609375 0.14375000000000004 0.4609375 0.14375000000000004 0.48125 0.19687500000000005 0.48125
0 0.2484375000000001 0.4609375 0.21875000000000008 0.4609375 0.21875000000000008 0.4875 0.2484375000000001 0.4875
0 0.3843750000000001 0.4640625 0.2671875000000001 0.4640625 0.2671875000000001 0.4828125 0.3843750000000001 0.4828125
0 0.4921875 0.4640625 0.403125 0.4640625 0.403125 0.484375 0.4921875 0.484375
0 0.5 0.4796875 0.496875 0.4796875 0.496875 0.48125 0.5 0.48125
0 0.5171875 0.4609375 0.50625 0.4609375 0.50625 0.4703125 0.5171875 0.4703125
0 0.17812500000000003 0.5109375 0.14687500000000003 0.5109375 0.14687500000000003 0.5328125 0.17812500000000003 0.5328125
0 0.2296875000000001 0.5109375 0.18906250000000005 0.5109375 0.18906250000000005 0.5296875 0.2296875000000001 0.5296875
0 0.3312500000000001 0.5109375 0.2453125000000001 0.5109375 0.2453125000000001 0.5328125 0.3312500000000001 0.5328125
0 0.44375 0.509375 0.3546875000000001 0.509375 0.3546875000000001 0.53125 0.44375 0.53125
0 0.5875 0.515625 0.45625 0.515625 0.45625 0.534375 0.5875 0.534375
0 0.6015625 0.5296875 0.59375 0.5296875 0.59375 0.5375 0.6015625 0.5375
0 0.690625 0.5140625 0.609375 0.5140625 0.609375 0.5484375 0.690625 0.5484375
0 0.771875 0.5140625000000001 0.7078125 0.5140625 0.7078125 0.5328125000000001 0.771875 0.5328125000000001
0 0.8984375 0.5109375000000002 0.7890625 0.5109375000000002 0.7890625 0.5343750000000002 0.8984375 0.5343750000000002
0 0.2390625000000001 0.559375 0.13437500000000008 0.559375 0.13437500000000008 0.5828125 0.2390625000000001 0.5828125
0 0.2531250000000001 0.578125 0.2468750000000001 0.578125 0.2468750000000001 0.5875 0.2531250000000001 0.5875
0 0.2843750000000001 0.565625 0.2656250000000001 0.565625 0.2656250000000001 0.5796875 0.2843750000000001 0.5796875
0 0.37187500000000007 0.5640625 0.3078125000000001 0.5640625 0.3078125000000001 0.5875 0.37187500000000007 0.5875
0 0.4515625 0.5671875 0.3890625000000001 0.5671875 0.3890625000000001 0.5828125 0.4515625 0.5828125
0 0.51875 0.5640625 0.46875 0.5640625 0.46875 0.5828125 0.51875 0.5828125
0 0.684375 0.565625 0.5328125 0.565625 0.5328125 0.5921875 0.684375 0.5921875
0 0.6984375 0.58125 0.6953125 0.58125 0.6953125 0.584375 0.6984375 0.584375
0 0.7375 0.565625 0.70625 0.565625 0.70625 0.5843750000000001 0.7375 0.5843750000000002
0 0.7875 0.5656250000000002 0.753125 0.5656250000000002 0.753125 0.5828125000000002 0.7875 0.5828125000000002
0 0.875 0.5640625000000001 0.80625 0.5640625000000001 0.80625 0.5843750000000002 0.875 0.5843750000000002
0 0.1703125000000001 0.6125 0.1281250000000001 0.6125 0.1281250000000001 0.63125 0.1703125000000001 0.63125
0 0.3156250000000001 0.6140625 0.1921875000000001 0.6140625 0.1921875000000001 0.6328125 0.3156250000000001 0.6328125
0 0.3906250000000001 0.6171875 0.3312500000000001 0.6171875 0.3312500000000001 0.6359375 0.3906250000000001 0.6359375
0 0.6265625 0.615625 0.4203125 0.615625 0.4203125 0.64375 0.6265625 0.64375
0 0.675 0.6171875 0.64375 0.6171875 0.64375 0.634375 0.675 0.634375
0 0.740625 0.6156250000000001 0.678125 0.615625 0.678125 0.6359375 0.740625 0.6359375000000002
0 0.83125 0.6171875000000002 0.7578125 0.6171875000000002 0.7578125 0.6359375000000002 0.83125 0.6359375000000002
0 0.8921875 0.6140625000000002 0.8390625 0.6140625000000002 0.8390625 0.6343750000000001 0.8921875 0.6343750000000001
0 0.20468750000000008 0.66875 0.1296875000000001 0.66875 0.1296875000000001 0.696875 0.20468750000000008 0.696875
0 0.24218750000000008 0.671875 0.2250000000000001 0.671875 0.2250000000000001 0.68125 0.24218750000000008 0.68125
0 0.3218750000000001 0.665625 0.2562500000000001 0.665625 0.2562500000000001 0.6953125 0.3218750000000001 0.6953125
0 0.409375 0.6671875 0.3421875000000001 0.6671875 0.3421875000000001 0.684375 0.409375 0.684375
0 0.521875 0.6671875 0.425 0.6671875 0.425 0.684375 0.521875 0.684375
0 0.5984375 0.66875 0.5390625 0.66875 0.5390625 0.684375 0.5984375 0.684375
0 0.6703125 0.6671875 0.6171875 0.6671875 0.6171875 0.684375 0.6703125 0.684375
0 0.73125 0.6671875 0.6875 0.6671875 0.6875 0.6843750000000001 0.73125 0.6843750000000002
0 0.734375 0.6843750000000002 0.7265625 0.6843750000000002 0.7265625 0.6953125000000002 0.734375 0.6953125000000002
0 0.7859375 0.6687500000000002 0.7515625 0.6687500000000002 0.7515625 0.6843750000000002 0.7859375 0.6843750000000002
0 0.84375 0.6671875000000002 0.7984375 0.6671875000000002 0.7984375 0.6859375000000002 0.84375 0.6859375000000002
0 0.19531250000000008 0.715625 0.13281250000000008 0.715625 0.13281250000000008 0.740625 0.19531250000000008 0.740625
0 0.2406250000000001 0.715625 0.21250000000000008 0.715625 0.21250000000000008 0.7390625 0.2406250000000001 0.7390625
0 0.3843750000000001 0.715625 0.2562500000000001 0.715625 0.2562500000000001 0.7484375 0.3843750000000001 0.7484375
0 0.4515625000000001 0.715625 0.4046875 0.715625 0.4046875000000001 0.7328125 0.4515625000000002 0.7328125
0 0.503125 0.7171875 0.465625 0.7171875 0.46562500000000007 0.734375 0.5031250000000002 0.734375
0 0.5406250000000001 0.715625 0.5171875 0.715625 0.5171875000000001 0.740625 0.5406250000000001 0.740625
0 0.6000000000000001 0.7171875 0.5578125 0.7171875 0.5578125 0.734375 0.6000000000000002 0.734375
0 0.6921875000000001 0.7171875 0.609375 0.7171875 0.6093750000000001 0.74375 0.6921875000000002 0.74375
0 0.8015625 0.7187500000000001 0.7015625 0.71875 0.7015625000000001 0.7375 0.8015625 0.7375000000000002
0 0.8125 0.7343750000000002 0.803125 0.7343750000000002 0.803125 0.7453125000000002 0.8125 0.7453125000000002
0 0.890625 0.7156250000000002 0.821875 0.7156250000000002 0.821875 0.7359375000000001 0.890625 0.7359375000000001
0 0.17187500000000008 0.7578125 0.1281250000000001 0.7578125 0.1281250000000001 0.7765625 0.17187500000000008 0.7765625
0 0.3203125000000001 0.7578125 0.1921875000000001 0.7578125 0.1921875000000001 0.7765625 0.3203125000000001 0.7765625
0 0.4500000000000002 0.759375 0.3437500000000001 0.759375 0.3437500000000001 0.7796875 0.4500000000000002 0.7796875
0 0.5750000000000002 0.759375 0.46875000000000017 0.759375 0.46875000000000017 0.7796875 0.5750000000000002 0.7796875
0 0.6750000000000002 0.7640625 0.5906250000000002 0.7640625 0.5906250000000002 0.790625 0.6750000000000002 0.790625
0 0.6828125000000002 0.778125 0.6781250000000002 0.778125 0.6781250000000002 0.78125 0.6828125000000002 0.78125