0 0.17656250000000004 0.20625 0.15312500000000004 0.20625 0.15312500000000004 0.221875 0.17656250000000004 0.221875
0 0.2625 0.209375 0.19843750000000004 0.209375 0.19843750000000004 0.234375 0.2625 0.234375
0 0.3359375 0.215625 0.2859375 0.215625 0.2859375 0.228125 0.3359375 0.228125
0 0.3640625 0.21093750000000006 0.35 0.2109375 0.35 0.22500000000000003 0.3640625 0.2250000000000001
0 0.40625 0.2093750000000001 0.38125 0.2093750000000001 0.38125 0.2234375000000001 0.40625 0.2234375000000001
0 0.471875 0.2093750000000001 0.43125 0.2093750000000001 0.43125 0.2218750000000001 0.471875 0.2218750000000001
0 0.5265625 0.2078125000000001 0.484375 0.2078125000000001 0.484375 0.2218750000000001 0.5265625 0.2218750000000001
0 0.578125 0.2062500000000001 0.546875 0.2062500000000001 0.546875 0.2296875000000001 0.578125 0.2296875000000001
0 0.6578125 0.2078125000000001 0.5828125 0.2078125000000001 0.5828125 0.2234375000000001 0.6578125 0.2234375000000001
0 0.6640625 0.2218750000000001 0.6609375 0.2218750000000001 0.6609375 0.2234375000000001 0.6640625 0.2234375000000001
0 0.7046875 0.21093750000000008 0.684375 0.21093750000000008 0.684375 0.2234375000000001 0.7046875 0.2234375000000001
0 0.775 0.2093750000000001 0.715625 0.2093750000000001 0.715625 0.22812500000000008 0.775 0.22812500000000008
0 0.8171875 0.21093750000000008 0.790625 0.21093750000000008 0.790625 0.2296875000000001 0.8171875 0.2296875000000001
0 0.884375 0.2093750000000001 0.828125 0.2093750000000001 0.828125 0.22812500000000008 0.884375 0.22812500000000008
0 0.16718750000000004 0.2640625 0.14375000000000004 0.2640625 0.14375000000000004 0.2734375 0.16718750000000004 0.2734375
0 0.19531250000000006 0.2671875 0.18437500000000004 0.2671875 0.18437500000000004 0.2734375 0.19531250000000006 0.2734375
0 0.26875 0.2609375 0.2109375 0.2609375 0.2109375 0.2796875 0.26875 0.2796875
0 0.3375 0.2609375 0.29375 0.2609375 0.29375 0.275 0.3375 0.275
0 0.3890625 0.26562500000000006 0.3609375 0.265625 0.3609375 0.27343750000000006 0.3890625 0.2734375000000001
0 0.4625 0.2609375000000001 0.4078125 0.2609375000000001 0.4078125 0.2750000000000001 0.4625 0.2750000000000001
0 0.5140625 0.2593750000000001 0.4796875 0.2593750000000001 0.4796875 0.2796875000000001 0.5140625 0.2796875000000001
0 0.54375 0.2671875000000001 0.53125 0.2671875000000001 0.53125 0.2750000000000001 0.54375 0.2750000000000001
0 0.6109375 0.26250000000000007 0.5515625 0.26250000000000007 0.5515625 0.2828125000000001 0.6109375 0.2828125000000001
0 0.709375 0.2609375000000001 0.625 0.2609375000000001 0.625 0.2750000000000001 0.709375 0.2750000000000001
0 0.778125 0.26250000000000007 0.7359375 0.26250000000000007 0.7359375 0.2734375000000001 0.778125 0.2734375000000001
0 0.8 0.2687500000000001 0.7890625 0.2687500000000001 0.7890625 0.2750000000000001 0.8 0.2750000000000001
0 0.8734375 0.26250000000000007 0.81875 0.26250000000000007 0.81875 0.2750000000000001 0.8734375 0.2750000000000001
0 0.2 0.3078125 0.14062500000000006 0.3078125 0.14062500000000006 0.3234375 0.2 0.3234375
0 0.2078125 0.3203125 0.2015625 0.3203125 0.2015625 0.3265625 0.2078125 0.3265625
0 0.2375 0.315625 0.2265625 0.315625 0.2265625 0.321875 0.2375 0.321875
0 0.3015625 0.309375 0.259375 0.309375 0.259375 0.3296875 0.3015625 0.3296875
0 0.365625 0.31093750000000003 0.321875 0.3109375 0.321875 0.33125000000000004 0.365625 0.3312500000000001
0 0.403125 0.31718750000000007 0.3828125 0.31718750000000007 0.3828125 0.32500000000000007 0.403125 0.32500000000000007
0 0.4546875 0.30937500000000007 0.4296875 0.30937500000000007 0.4296875 0.3234375000000001 0.4546875 0.3234375000000001
0 0.5421875 0.3109375000000001 0.478125 0.3109375000000001 0.478125 0.32500000000000007 0.5421875 0.32500000000000007
0 0.60625 0.3109375000000001 0.5609375 0.3109375000000001 0.5609375 0.3234375000000001 0.60625 0.3234375000000001
0 0.63125 0.31718750000000007 0.6171875 0.31718750000000007 0.6171875 0.3234375000000001 0.63125 0.3234375000000001
0 0.703125 0.30937500000000007 0.65625 0.30937500000000007 0.65625 0.3359375000000001 0.703125 0.3359375000000001
0 0.8109375 0.3125000000000001 0.7203125 0.3125000000000001 0.7203125 0.33281250000000007 0.8109375 0.33281250000000007
0 0.85625 0.3140625000000001 0.81875 0.3140625000000001 0.81875 0.3312500000000001 0.85625 0.3312500000000001
0 0.20937500000000003 0.359375 0.14375000000000004 0.359375 0.14375000000000004 0.3859375 0.2093750000000001 0.3859375
0 0.3218750000000001 0.365625 0.24375000000000008 0.365625 0.24375000000000008 0.38125 0.3218750000000001 0.38125
0 0.39531250000000007 0.36250000000000004 0.35 0.3625 0.35000000000000003 0.37500000000000006 0.39531250000000007 0.3750000000000001
0 0.4515625 0.3625000000000001 0.415625 0.3625000000000001 0.415625 0.3750000000000001 0.4515625 0.3750000000000001
0 0.496875 0.3609375000000001 0.465625 0.3609375000000001 0.465625 0.3750000000000001 0.496875 0.3750000000000001
0 0.625 0.3609375000000001 0.5203125 0.3609375000000001 0.5203125 0.3765625000000001 0.625 0.3765625000000001
0 0.7046875 0.3625000000000001 0.6421875 0.3625000000000001 0.6421875 0.3828125000000001 0.7046875 0.3828125000000001
0 0.7640625 0.3625000000000001 0.71875 0.3625000000000001 0.71875 0.3765625000000001 0.7640625 0.3765625000000001
0 0.8328125 0.3656250000000001 0.7765625 0.3656250000000001 0.7765625 0.3781250000000001 0.8328125 0.3781250000000001
0 0.8625 0.37187500000000007 0.8484375 0.37187500000000007 0.8484375 0.3781250000000001 0.8625 0.3781250000000001
0 0.2000000000000001 0.4078125 0.14062500000000006 0.4078125 0.14062500000000006 0.43125 0.2000000000000001 0.43125
0 0.25468750000000007 0.4109375 0.2234375000000001 0.4109375 0.2234375000000001 0.4234375 0.25468750000000007 0.4234375
0 0.3296875000000001 0.409375 0.2875000000000001 0.409375 0.2875000000000001 0.4234375 0.3296875000000001 0.4234375
0 0.3937500000000001 0.4109375 0.34843750000000007 0.4109375 0.34843750000000007 0.434375 0.3937500000000001 0.434375
0 0.4359375 0.41875 0.41875 0.41875 0.41875 0.425 0.4359375 0.425
0 0.4953125 0.4203125 0.4578125 0.4203125 0.4578125 0.425 0.4953125 0.425
0 0.5484375 0.4203125 0.525 0.4203125 0.525 0.4265625 0.5484375 0.4265625
0 0.64375 0.4125 0.5640625 0.4125 0.5640625 0.434375 0.64375 0.434375
0 0.684375 0.4171875 0.665625 0.4171875 0.665625 0.4265625 0.684375 0.4265625
0 0.7859375 0.41875000000000007 0.7078125 0.41875 0.7078125 0.4281250000000001 0.7859375 0.4281250000000002