0 0.18437500000000004 0.2078125 0.15781250000000005 0.2078125 0.15781250000000005 0.221875 0.18437500000000004 0.221875
0 0.3140625 0.20625 0.2078125 0.20625 0.2078125 0.2234375 0.3140625 0.2234375
0 0.3546875 0.2078125 0.328125 0.2078125 0.328125 0.2234375 0.3546875 0.2234375
0 0.4265625 0.2078125000000001 0.3734375 0.2078125000000001 0.3734375 0.2234375000000001 0.4265625 0.2234375000000001
0 0.54375 0.2078125000000001 0.446875 0.2078125000000001 0.446875 0.2296875000000001 0.54375 0.2296875000000001
0 0.6109375 0.2078125000000001 0.5671875 0.2078125000000001 0.5671875 0.2218750000000001 0.6109375 0.2218750000000001
0 0.6484375 0.2156250000000001 0.6265625 0.2156250000000001 0.6265625 0.2218750000000001 0.6484375 0.2218750000000001
0 0.71875 0.2093750000000001 0.6609375 0.2093750000000001 0.6609375 0.2218750000000001 0.71875 0.2218750000000001
0 0.78125 0.21093750000000008 0.7375 0.21093750000000008 0.7375 0.2234375000000001 0.78125 0.2234375000000001
0 0.2484375 0.2578125 0.14687500000000003 0.2578125 0.14687500000000003 0.271875 0.2484375 0.271875
0 0.4046875 0.25781250000000006 0.2703125 0.2578125 0.2703125 0.27968750000000003 0.4046875 0.2796875000000001
0 0.478125 0.2593750000000001 0.434375 0.2593750000000001 0.434375 0.2734375000000001 0.478125 0.2734375000000001
0 0.55 0.2609375000000001 0.4921875 0.2609375000000001 0.4921875 0.2750000000000001 0.55 0.2750000000000001
0 0.6046875 0.2609375000000001 0.5609375 0.2609375000000001 0.5609375 0.2828125000000001 0.6046875 0.2828125000000001
0 0.66875 0.2609375000000001 0.6234375 0.2609375000000001 0.6234375 0.2750000000000001 0.66875 0.2750000000000001
0 0.734375 0.2671875000000001 0.6875 0.2671875000000001 0.6875 0.2750000000000001 0.734375 0.2750000000000001
0 0.796875 0.2609375000000001 0.7515625 0.2609375000000001 0.7515625 0.27812500000000007 0.796875 0.27812500000000007
0 0.83125 0.26250000000000007 0.815625 0.26250000000000007 0.815625 0.2750000000000001 0.83125 0.2750000000000001
0 0.8875 0.2671875000000001 0.8484375 0.2671875000000001 0.8484375 0.2734375000000001 0.8875 0.2734375000000001
0 0.18125000000000005 0.3078125 0.15000000000000005 0.3078125 0.15000000000000005 0.3234375 0.18125000000000005 0.3234375
0 0.2578125 0.3109375 0.2046875 0.3109375 0.2046875 0.325 0.2578125 0.325
0 0.303125 0.3109375 0.28125 0.3109375 0.28125 0.3234375 0.303125 0.3234375
0 0.390625 0.31093750000000003 0.328125 0.3109375 0.328125 0.33437500000000003 0.390625 0.3343750000000001
0 0.4203125 0.31718750000000007 0.409375 0.31718750000000007 0.409375 0.3187500000000001 0.4203125 0.3187500000000001
0 0.4734375 0.3109375000000001 0.428125 0.3109375000000001 0.428125 0.32500000000000007 0.4734375 0.32500000000000007
0 0.5421875 0.3109375000000001 0.4875 0.3109375000000001 0.4875 0.32500000000000007 0.5421875 0.32500000000000007
0 0.5703125 0.3125000000000001 0.5484375 0.3125000000000001 0.5484375 0.3234375000000001 0.5703125 0.3234375000000001
0 0.6359375 0.3109375000000001 0.5921875 0.3109375000000001 0.5921875 0.3234375000000001 0.6359375 0.3234375000000001
0 0.70625 0.31718750000000007 0.6421875 0.31718750000000007 0.6421875 0.3312500000000001 0.70625 0.3312500000000001
0 0.765625 0.3125000000000001 0.7203125 0.3125000000000001 0.7203125 0.32500000000000007 0.765625 0.32500000000000007
0 0.8546875 0.30937500000000007 0.771875 0.30937500000000007 0.771875 0.33281250000000007 0.8546875 0.33281250000000007
0 0.865625 0.3203125000000001 0.8625 0.3203125000000001 0.8625 0.3218750000000001 0.865625 0.3218750000000001
0 0.17343750000000005 0.3609375 0.15156250000000004 0.3609375 0.15156250000000004 0.375 0.17343750000000005 0.375
0 0.2812500000000001 0.3640625 0.19218750000000004 0.3640625 0.19218750000000004 0.390625 0.2812500000000001 0.390625
0 0.3453125 0.3625 0.30625 0.3625 0.30625 0.3859375 0.3453125000000001 0.3859375
0 0.4234375 0.3625000000000001 0.365625 0.3625000000000001 0.36562500000000003 0.3750000000000001 0.4234375 0.3750000000000001
0 0.465625 0.36406250000000007 0.4421875 0.36406250000000007 0.4421875 0.3781250000000001 0.465625 0.3781250000000001
0 0.5515625 0.3625000000000001 0.4796875 0.3625000000000001 0.4796875 0.3828125000000001 0.5515625 0.3828125000000001
0 0.5859375 0.36406250000000007 0.56875 0.36406250000000007 0.56875 0.3750000000000001 0.5859375 0.3750000000000001
0 0.6453125 0.3625000000000001 0.60625 0.3625000000000001 0.60625 0.3765625000000001 0.6453125 0.3765625000000001
0 0.696875 0.3625000000000001 0.6609375 0.3625000000000001 0.6609375 0.38750000000000007 0.696875 0.38750000000000007
0 0.7421875 0.3671875000000001 0.7140625 0.3671875000000001 0.7140625 0.3734375000000001 0.7421875 0.3734375000000001
0 0.8 0.3609375000000001 0.7609375 0.3609375000000001 0.7609375 0.3734375000000001 0.8 0.3734375000000001
0 0.865625 0.3609375000000001 0.815625 0.3609375000000001 0.815625 0.3734375000000001 0.865625 0.3734375000000001
0 0.19375000000000003 0.415625 0.14843750000000006 0.415625 0.14843750000000006 0.428125 0.19375000000000003 0.428125
0 0.2687500000000001 0.4140625 0.2250000000000001 0.4140625 0.2250000000000001 0.4265625 0.2687500000000001 0.4265625
0 0.3296875000000001 0.4109375 0.2843750000000001 0.4109375 0.2843750000000001 0.4328125 0.3296875000000001 0.4328125
0 0.3531250000000001 0.4203125 0.34062500000000007 0.4203125 0.34062500000000007 0.4265625 0.3531250000000001 0.4265625
0 0.41875 0.41875 0.3734375000000001 0.41875 0.3734375000000001 0.428125 0.41875 0.428125
0 0.4703125 0.4109375 0.44375 0.4109375 0.44375 0.4328125 0.4703125 0.4328125
0 0.603125 0.4109375 0.4765625 0.4109375 0.4765625 0.4359375 0.603125 0.4359375
0 0.659375 0.4109375 0.61875 0.4109375 0.61875 0.425 0.659375 0.425
0 0.7234375 0.4109375 0.6765625 0.4109375 0.6765625 0.425 0.7234375 0.425
0 0.8015625 0.4109375000000002 0.7453125 0.4109375000000002 0.7453125 0.42500000000000016 0.8015625 0.42500000000000016
0 0.8546875 0.41718750000000016 0.8203125 0.41718750000000016 0.8203125 0.4234375000000002 0.8546875 0.4234375000000002
0 0.18437500000000004 0.4640625 0.15156250000000004 0.4640625 0.15156250000000004 0.478125 0.18437500000000004 0.478125
0 0.2468750000000001 0.4640625 0.20468750000000008 0.4640625 0.20468750000000008 0.4765625 0.2468750000000001 0.4765625
0 0.3218750000000001 0.4625 0.2640625000000001 0.4625 0.2640625000000001 0.478125 0.3218750000000001 0.478125
0 0.3218750000000001 0.475 0.3187500000000001 0.475 0.3187500000000001 0.4765625 0.3218750000000001 0.4765625