0 0.209375 0.19375000000000003 0.15156250000000004 0.19375 0.15156250000000004 0.2234375 0.209375 0.2234375
0 0.28125 0.209375 0.2296875 0.209375 0.2296875 0.2203125 0.28125 0.2203125
0 0.3515625 0.19843750000000004 0.3015625 0.19843750000000004 0.3015625 0.21875 0.3515625 0.21875
0 0.396875 0.19375000000000003 0.3625 0.19375000000000003 0.3625 0.22343750000000004 0.396875 0.2234375000000001
0 0.4765625 0.19531250000000006 0.4109375 0.19531250000000006 0.4109375 0.21875000000000008 0.4765625 0.21875000000000008
0 0.4890625 0.2171875000000001 0.4859375 0.2171875000000001 0.4859375 0.22031250000000008 0.4890625 0.22031250000000008
0 0.6078125 0.2000000000000001 0.50625 0.2000000000000001 0.50625 0.21875000000000008 0.6078125 0.21875000000000008
0 0.6484375 0.20468750000000008 0.6265625 0.20468750000000008 0.6265625 0.22031250000000008 0.6484375 0.22031250000000008
0 0.7578125 0.2000000000000001 0.665625 0.2000000000000001 0.665625 0.22031250000000008 0.7578125 0.22031250000000008
0 0.7734375 0.2093750000000001 0.7625 0.2093750000000001 0.7625 0.21875000000000008 0.7734375 0.21875000000000008
0 0.86875 0.20312500000000008 0.790625 0.20312500000000008 0.790625 0.22656250000000008 0.86875 0.22656250000000008
0 0.215625 0.2484375 0.13906250000000003 0.2484375 0.13906250000000003 0.2703125 0.215625 0.2703125
0 0.25625 0.2609375 0.2390625 0.2609375 0.2390625 0.271875 0.25625 0.271875
0 0.43125 0.24843750000000003 0.2734375 0.2484375 0.2734375 0.26875000000000004 0.43125 0.2687500000000001
0 0.4375 0.2671875000000001 0.4328125 0.2671875000000001 0.4328125 0.2765625000000001 0.4375 0.2765625000000001
0 0.50625 0.2578125000000001 0.4671875 0.2578125000000001 0.4671875 0.27031250000000007 0.50625 0.27031250000000007
0 0.68125 0.2593750000000001 0.5265625 0.2593750000000001 0.5265625 0.2796875000000001 0.68125 0.2796875000000001
0 0.696875 0.2718750000000001 0.690625 0.2718750000000001 0.690625 0.2812500000000001 0.696875 0.2812500000000001
0 0.7265625 0.26250000000000007 0.709375 0.26250000000000007 0.709375 0.2718750000000001 0.7265625 0.2718750000000001
0 0.8234375 0.2500000000000001 0.7453125 0.2500000000000001 0.7453125 0.2812500000000001 0.8234375 0.2812500000000001
0 0.8234375 0.26250000000000007 0.821875 0.26250000000000007 0.821875 0.26250000000000007 0.8234375 0.26250000000000007
0 0.209375 0.29375 0.14531250000000004 0.29375 0.14531250000000004 0.3203125 0.209375 0.3203125
0 0.290625 0.303125 0.2390625 0.303125 0.2390625 0.3234375 0.290625 0.3234375
0 0.4328125 0.30000000000000004 0.3140625 0.3 0.3140625 0.32031250000000006 0.4328125 0.3203125000000001
0 0.5734375 0.2984375000000001 0.4546875 0.2984375000000001 0.4546875 0.3218750000000001 0.5734375 0.3218750000000001
0 0.671875 0.30156250000000007 0.596875 0.30156250000000007 0.596875 0.3203125000000001 0.671875 0.3203125000000001
0 0.759375 0.30156250000000007 0.6875 0.30156250000000007 0.6875 0.3187500000000001 0.759375 0.3187500000000001
0 0.7765625 0.31718750000000007 0.7734375 0.31718750000000007 0.7734375 0.3203125000000001 0.7765625 0.3203125000000001
0 0.878125 0.2953125000000001 0.7921875 0.2953125000000001 0.7921875 0.3187500000000001 0.878125 0.3187500000000001
0 0.17031250000000003 0.3484375 0.14375000000000004 0.3484375 0.14375000000000004 0.3734375 0.17031250000000003 0.3734375
0 0.25781250000000006 0.3484375 0.2 0.3484375 0.20000000000000004 0.371875 0.2578125000000001 0.371875
0 0.36406250000000007 0.35156250000000006 0.2671875 0.3515625 0.2671875 0.38125000000000003 0.36406250000000007 0.3812500000000001
0 0.546875 0.34843750000000007 0.3890625 0.34843750000000007 0.38906250000000003 0.37187500000000007 0.546875 0.37187500000000007
0 0.5875 0.34843750000000007 0.565625 0.34843750000000007 0.565625 0.37187500000000007 0.5875 0.37187500000000007
0 0.7703125 0.3515625000000001 0.609375 0.3515625000000001 0.609375 0.37187500000000007 0.7703125 0.37187500000000007
0 0.8609375 0.3500000000000001 0.7890625 0.3500000000000001 0.7890625 0.3687500000000001 0.8609375 0.3687500000000001
0 0.19531250000000006 0.4109375 0.14843750000000006 0.4109375 0.14843750000000006 0.4203125 0.19531250000000006 0.4203125
0 0.2796875000000001 0.4078125 0.22031250000000008 0.4078125 0.22031250000000008 0.4203125 0.2796875000000001 0.4203125
0 0.35625000000000007 0.396875 0.3031250000000001 0.396875 0.3031250000000001 0.4203125 0.35625000000000007 0.4203125
0 0.4671875 0.4 0.3781250000000001 0.4 0.3781250000000001 0.4265625 0.4671875 0.4265625
0 0.5765625 0.4 0.4875 0.4 0.4875 0.41875 0.5765625 0.41875
0 0.6296875 0.3968750000000001 0.5984375 0.3968750000000001 0.5984375 0.421875 0.6296875 0.421875
0 0.684375 0.3984375000000001 0.640625 0.3984375000000001 0.640625 0.41875 0.684375 0.41875
0 0.7703125 0.4046875000000001 0.69375 0.4046875 0.69375 0.4281250000000001 0.7703125 0.4281250000000002
0 0.790625 0.3984375000000001 0.7828125 0.3984375000000001 0.7828125 0.4234375000000002 0.790625 0.4234375000000002
0 0.25468750000000007 0.4421875 0.15781250000000005 0.4421875 0.15781250000000005 0.4671875 0.25468750000000007 0.4671875
0 0.36406250000000007 0.4484375 0.27812500000000007 0.4484375 0.27812500000000007 0.4671875 0.36406250000000007 0.4671875
0 0.5046875 0.45 0.38750000000000007 0.45 0.38750000000000007 0.4734375 0.5046875 0.4734375
0 0.6078125 0.446875 0.5328125 0.446875 0.5328125 0.4734375 0.6078125 0.4734375
0 0.7828125 0.4484375000000001 0.6328125 0.4484375 0.6328125 0.4859375000000001 0.7828125 0.4859375000000002
0 0.834375 0.44843750000000016 0.8015625 0.44843750000000016 0.8015625 0.4828125000000002 0.834375 0.4828125000000002
0 0.2453125000000001 0.4953125 0.14062500000000006 0.4953125 0.14062500000000006 0.521875 0.2453125000000001 0.521875
0 0.3625000000000001 0.5046875 0.28593750000000007 0.5046875 0.28593750000000007 0.521875 0.3625000000000001 0.521875
0 0.5328125 0.509375 0.3890625000000001 0.509375 0.3890625000000001 0.534375 0.5328125 0.534375
0 0.7046875 0.509375 0.5671875 0.509375 0.5671875 0.5328125 0.7046875 0.5328125
0 0.821875 0.4984375000000002 0.7296875 0.4984375000000002 0.7296875 0.5218750000000002 0.821875 0.5218750000000002
0 0.2250000000000001 0.54375 0.14687500000000003 0.54375 0.14687500000000006 0.56875 0.2250000000000001 0.56875
0 0.3531250000000001 0.5515625 0.25468750000000007 0.5515625 0.25468750000000007 0.584375 0.3531250000000001 0.584375
0 0.46875 0.553125 0.3859375000000001 0.553125 0.3859375000000001 0.575 0.46875 0.575
0 0.6109375 0.55 0.5015625 0.55 0.5015625 0.575 0.6109375 0.575
0 0.7734375 0.5531250000000001 0.6390625 0.553125 0.6390625 0.5843750000000001 0.7734375 0.5843750000000002
0 0.3625000000000001 0.603125 0.1546875000000001 0.603125 0.1546875000000001 0.625 0.3625000000000001 0.625
0 0.3984375000000001 0.603125 0.37968750000000007 0.603125 0.37968750000000007 0.6234375 0.3984375000000001 0.6234375