0 0.19375000000000003 0.2078125 0.15625000000000006 0.2078125 0.15625000000000006 0.2296875 0.19375000000000003 0.2296875
0 0.228125 0.2078125 0.2 0.2078125 0.2 0.2203125 0.228125 0.2203125
0 0.2640625 0.2078125 0.2453125 0.2078125 0.2453125 0.2203125 0.2640625 0.2203125
0 0.3625 0.209375 0.290625 0.209375 0.290625 0.234375 0.3625 0.234375
0 0.4140625 0.2093750000000001 0.390625 0.2093750000000001 0.390625 0.2234375000000001 0.4140625 0.2234375000000001
0 0.4703125 0.2156250000000001 0.434375 0.2156250000000001 0.434375 0.2218750000000001 0.4703125 0.2218750000000001
0 0.5296875 0.2093750000000001 0.4921875 0.2093750000000001 0.4921875 0.2234375000000001 0.5296875 0.2234375000000001
0 0.6 0.2093750000000001 0.5421875 0.2093750000000001 0.5421875 0.2312500000000001 0.6 0.2312500000000001
0 0.6359375 0.2156250000000001 0.6234375 0.2156250000000001 0.6234375 0.2218750000000001 0.6359375 0.2218750000000001
0 0.725 0.2093750000000001 0.6515625 0.2093750000000001 0.6515625 0.2328125000000001 0.725 0.2328125000000001
0 0.8375 0.2093750000000001 0.7421875 0.2093750000000001 0.7421875 0.2234375000000001 0.8375 0.2234375000000001
0 0.90625 0.21093750000000008 0.8609375 0.21093750000000008 0.8609375 0.2218750000000001 0.90625 0.2218750000000001
0 0.9078125 0.2218750000000001 0.90625 0.2218750000000001 0.90625 0.2234375000000001 0.9078125 0.2234375000000001
0 0.25 0.259375 0.14375000000000004 0.259375 0.14375000000000004 0.275 0.25 0.275
0 0.359375 0.259375 0.2703125 0.259375 0.2703125 0.2734375 0.359375 0.2734375
0 0.40625 0.2578125000000001 0.38125 0.2578125000000001 0.38125 0.2718750000000001 0.40625 0.2718750000000001
0 0.4234375 0.2609375000000001 0.4078125 0.2609375000000001 0.4078125 0.2734375000000001 0.4234375 0.2734375000000001
0 0.50625 0.26250000000000007 0.4453125 0.26250000000000007 0.4453125 0.2750000000000001 0.50625 0.2750000000000001
0 0.55 0.2609375000000001 0.525 0.2609375000000001 0.525 0.2734375000000001 0.55 0.2734375000000001
0 0.70625 0.2609375000000001 0.5765625 0.2609375000000001 0.5765625 0.2875000000000001 0.70625 0.2875000000000001
0 0.8234375 0.26250000000000007 0.7234375 0.26250000000000007 0.7234375 0.27812500000000007 0.8234375 0.27812500000000007
0 0.85 0.2640625000000001 0.825 0.2640625000000001 0.825 0.2828125000000001 0.85 0.2828125000000001
0 0.88125 0.2656250000000001 0.8546875 0.2656250000000001 0.8546875 0.27812500000000007 0.88125 0.27812500000000007
0 0.2125 0.3125 0.14218750000000005 0.3125 0.14218750000000005 0.33125 0.2125 0.33125
0 0.284375 0.3140625 0.234375 0.3140625 0.234375 0.328125 0.284375 0.328125
0 0.2953125 0.3265625 0.2921875 0.3265625 0.2921875 0.328125 0.2953125 0.328125
0 0.3578125 0.3125 0.31875 0.3125 0.31875 0.325 0.3578125 0.325
0 0.4390625 0.3156250000000001 0.3734375 0.3156250000000001 0.3734375 0.3265625000000001 0.4390625 0.3265625000000001
0 0.5046875 0.3125000000000001 0.4625 0.3125000000000001 0.4625 0.3265625000000001 0.5046875 0.3265625000000001
0 0.590625 0.3156250000000001 0.5171875 0.3156250000000001 0.5171875 0.3390625000000001 0.590625 0.3390625000000001
0 0.6578125 0.3140625000000001 0.6140625 0.3140625000000001 0.6140625 0.3265625000000001 0.6578125 0.3265625000000001
0 0.690625 0.3140625000000001 0.671875 0.3140625000000001 0.671875 0.3265625000000001 0.690625 0.3265625000000001
0 0.7515625 0.3203125000000001 0.7171875 0.3203125000000001 0.7171875 0.3265625000000001 0.7515625 0.3265625000000001
0 0.8015625 0.3140625000000001 0.7625 0.3140625000000001 0.7625 0.34062500000000007 0.8015625 0.34062500000000007
0 0.8453125 0.3203125000000001 0.821875 0.3203125000000001 0.821875 0.3265625000000001 0.8453125 0.3265625000000001
0 0.22812500000000005 0.3609375 0.14687500000000003 0.3609375 0.14687500000000003 0.3828125 0.22812500000000008 0.3828125
0 0.2750000000000001 0.3671875 0.2484375000000001 0.3671875 0.2484375000000001 0.3875 0.2750000000000001 0.3875
0 0.3156250000000001 0.3640625 0.2953125000000001 0.3640625 0.2953125000000001 0.3765625 0.3156250000000001 0.3765625
0 0.35468750000000004 0.3625 0.33125 0.3625 0.33125000000000004 0.3765625 0.3546875000000001 0.3765625
0 0.4515625 0.3625000000000001 0.3765625 0.3625000000000001 0.3765625 0.3765625000000001 0.4515625 0.3765625000000001
0 0.471875 0.3750000000000001 0.4640625 0.3750000000000001 0.4640625 0.3812500000000001 0.471875 0.3812500000000001
0 0.5140625 0.3625000000000001 0.4953125 0.3625000000000001 0.4953125 0.3765625000000001 0.5140625 0.3765625000000001
0 0.5703125 0.3703125000000001 0.5328125 0.3703125000000001 0.5328125 0.3765625000000001 0.5703125 0.3765625000000001
0 0.65 0.3656250000000001 0.5875 0.3656250000000001 0.5875 0.3781250000000001 0.65 0.3781250000000001
0 0.715625 0.3656250000000001 0.6734375 0.3656250000000001 0.6734375 0.3781250000000001 0.715625 0.3781250000000001
0 0.7703125 0.3656250000000001 0.7140625 0.3656250000000001 0.7140625 0.3859375000000001 0.7703125 0.3859375000000001
0 0.8 0.36406250000000007 0.771875 0.36406250000000007 0.771875 0.38750000000000007 0.8 0.38750000000000007
0 0.8390625 0.36406250000000007 0.8125 0.36406250000000007 0.8125 0.3765625000000001 0.8390625 0.3765625000000001
0 0.2140625000000001 0.4125 0.14843750000000006 0.4125 0.14843750000000006 0.425 0.2140625000000001 0.425
0 0.3203125000000001 0.4171875 0.23593750000000008 0.4171875 0.23593750000000008 0.4265625 0.3203125000000001 0.4265625
0 0.3937500000000001 0.4109375 0.34843750000000007 0.4109375 0.34843750000000007 0.425 0.3937500000000001 0.425
0 0.4453125 0.4125 0.4109375 0.4125 0.4109375 0.425 0.4453125 0.425
0 0.4828125 0.4125 0.459375 0.4125 0.459375 0.425 0.4828125 0.425
0 0.5171875 0.4125 0.4953125 0.4125 0.4953125 0.425 0.5171875 0.425
0 0.5890625 0.4140625 0.5328125 0.4140625 0.5328125 0.4265625 0.5890625 0.4265625
0 0.6328125 0.4125 0.60625 0.4125 0.60625 0.4328125 0.6328125 0.4328125
0 0.6734375 0.415625 0.64375 0.415625 0.64375 0.428125 0.6734375 0.428125
0 0.753125 0.4140625000000001 0.690625 0.4140625 0.690625 0.42656250000000007 0.753125 0.4265625000000002
0 0.8140625 0.41406250000000017 0.76875 0.41406250000000017 0.76875 0.43281250000000016 0.8140625 0.43281250000000016
0 0.8703125 0.4187500000000002 0.8328125 0.4187500000000002 0.8328125 0.4265625000000002 0.8703125 0.4265625000000002
0 0.15312500000000004 0.4625 0.14687500000000003 0.4625 0.14687500000000003 0.465625 0.15312500000000004 0.465625
0 0.2312500000000001 0.459375 0.15156250000000004 0.459375 0.15156250000000004 0.4765625 0.2312500000000001 0.4765625
0 0.22812500000000008 0.4734375 0.2250000000000001 0.4734375 0.2250000000000001 0.4765625 0.22812500000000008 0.4765625
0 0.3203125000000001 0.4640625 0.2375000000000001 0.4640625 0.2375000000000001 0.4828125 0.3203125000000001 0.4828125
0 0.3843750000000001 0.4625 0.3390625000000001 0.4625 0.3390625000000001 0.475 0.3843750000000001 0.475
0 0.48125 0.4625 0.4 0.4625 0.4 0.478125 0.48125 0.478125
0 0.496875 0.4609375 0.4890625 0.4609375 0.4890625 0.465625 0.496875 0.465625