0 0.19531250000000006 0.215625 0.13593750000000004 0.215625 0.13593750000000004 0.240625 0.19531250000000006 0.240625
0 0.2953125 0.2140625 0.2140625 0.2140625 0.2140625 0.2421875 0.2953125 0.2421875
0 0.440625 0.21250000000000005 0.3203125 0.2125 0.3203125 0.23281250000000003 0.440625 0.2328125000000001
0 0.5203125 0.21250000000000008 0.4640625 0.21250000000000008 0.4640625 0.2312500000000001 0.5203125 0.2312500000000001
0 0.5859375 0.2156250000000001 0.54375 0.2156250000000001 0.54375 0.2312500000000001 0.5859375 0.2312500000000001
0 0.6765625 0.2156250000000001 0.5953125 0.2156250000000001 0.5953125 0.2390625000000001 0.6765625 0.2390625000000001
0 0.7203125 0.2140625000000001 0.696875 0.2140625000000001 0.696875 0.2312500000000001 0.7203125 0.2312500000000001
0 0.859375 0.21093750000000008 0.740625 0.21093750000000008 0.740625 0.2296875000000001 0.859375 0.2296875000000001
0 0.17968750000000006 0.2703125 0.13437500000000005 0.2703125 0.13437500000000005 0.2828125 0.17968750000000006 0.2828125
0 0.2453125 0.271875 0.20625 0.271875 0.20625 0.2796875 0.2453125 0.2796875
0 0.3953125 0.2671875 0.26875 0.2671875 0.26875 0.28750000000000003 0.3953125 0.2875000000000001
0 0.5453125 0.2640625000000001 0.4203125 0.2640625000000001 0.4203125 0.2875000000000001 0.5453125 0.2875000000000001
0 0.5578125 0.2796875000000001 0.55625 0.2796875000000001 0.55625 0.2812500000000001 0.5578125 0.2812500000000001
0 0.65625 0.2656250000000001 0.584375 0.2656250000000001 0.584375 0.2812500000000001 0.65625 0.2812500000000001
0 0.73125 0.2640625000000001 0.675 0.2640625000000001 0.675 0.2906250000000001 0.73125 0.2906250000000001
0 0.809375 0.26250000000000007 0.7484375 0.26250000000000007 0.7484375 0.2796875000000001 0.809375 0.2796875000000001
0 0.878125 0.2656250000000001 0.8359375 0.2656250000000001 0.8359375 0.2812500000000001 0.878125 0.2812500000000001
0 0.3515625 0.3140625 0.13437500000000005 0.3140625 0.13437500000000005 0.33125 0.3515625 0.33125
0 0.3640625 0.32500000000000007 0.3609375 0.325 0.3609375 0.33593750000000006 0.3640625 0.3359375000000001
0 0.4671875 0.3156250000000001 0.38125 0.3156250000000001 0.38125 0.3312500000000001 0.4671875 0.3312500000000001
0 0.48125 0.3281250000000001 0.478125 0.3281250000000001 0.478125 0.3359375000000001 0.48125 0.3359375000000001
0 0.584375 0.3156250000000001 0.4890625 0.3156250000000001 0.4890625 0.3312500000000001 0.584375 0.3312500000000001
0 0.59375 0.32500000000000007 0.590625 0.32500000000000007 0.590625 0.33281250000000007 0.59375 0.33281250000000007
0 0.7125 0.3156250000000001 0.60625 0.3156250000000001 0.60625 0.3390625000000001 0.7125 0.3390625000000001
0 0.78125 0.3140625000000001 0.734375 0.3140625000000001 0.734375 0.3312500000000001 0.78125 0.3312500000000001
0 0.8796875 0.3140625000000001 0.8015625 0.3140625000000001 0.8015625 0.3312500000000001 0.8796875 0.3312500000000001
0 0.18437500000000004 0.36875 0.12968750000000004 0.36875 0.12968750000000004 0.3953125 0.18437500000000004 0.3953125
0 0.2843750000000001 0.3640625 0.2093750000000001 0.3640625 0.2093750000000001 0.3921875 0.2843750000000001 0.3921875
0 0.41875 0.36406250000000007 0.3125000000000001 0.3640625 0.3125000000000001 0.38281250000000006 0.41875 0.3828125000000001
0 0.5125 0.3671875000000001 0.44375 0.3671875000000001 0.44375 0.3843750000000001 0.5125 0.3843750000000001
0 0.615625 0.3671875000000001 0.540625 0.3671875000000001 0.540625 0.3828125000000001 0.615625 0.3828125000000001
0 0.6703125 0.3671875000000001 0.640625 0.3671875000000001 0.640625 0.3828125000000001 0.6703125 0.3828125000000001
0 0.81875 0.3625000000000001 0.6890625 0.3625000000000001 0.6890625 0.3828125000000001 0.81875 0.3828125000000001
0 0.871875 0.36406250000000007 0.840625 0.36406250000000007 0.840625 0.3812500000000001 0.871875 0.3812500000000001
0 0.2062500000000001 0.415625 0.13593750000000004 0.415625 0.13593750000000004 0.4328125 0.2062500000000001 0.4328125
0 0.2828125000000001 0.415625 0.2218750000000001 0.415625 0.2218750000000001 0.4328125 0.2828125000000001 0.4328125
0 0.3593750000000001 0.415625 0.2968750000000001 0.415625 0.2968750000000001 0.44375 0.3593750000000001 0.44375
0 0.4421875 0.4203125 0.3859375000000001 0.4203125 0.3859375000000001 0.4328125 0.4421875 0.4328125
0 0.5265625 0.4140625 0.459375 0.4140625 0.459375 0.4421875 0.5265625 0.4421875
0 0.55 0.4109375 0.5421875 0.4109375 0.5421875 0.4203125 0.55 0.4203125
0 0.6546875 0.4140625 0.559375 0.4140625 0.559375 0.4328125 0.6546875 0.4328125
0 0.6703125 0.43125 0.6671875 0.43125 0.6671875 0.4328125 0.6703125 0.4328125
0 0.678125 0.409375 0.6703125 0.409375 0.6703125 0.415625 0.678125 0.415625
0 0.7421875 0.4171875000000001 0.690625 0.4171875 0.690625 0.4437500000000001 0.7421875 0.4437500000000002
0 0.834375 0.41406250000000017 0.7625 0.41406250000000017 0.7625 0.44062500000000016 0.834375 0.44062500000000016
0 0.2531250000000001 0.465625 0.13593750000000004 0.465625 0.13593750000000004 0.484375 0.2531250000000001 0.484375
0 0.3109375000000001 0.46875 0.2875000000000001 0.46875 0.2875000000000001 0.4828125 0.3109375000000001 0.4828125
0 0.37187500000000007 0.465625 0.3312500000000001 0.465625 0.3312500000000001 0.4828125 0.37187500000000007 0.4828125
0 0.475 0.4671875 0.3968750000000001 0.4671875 0.3968750000000001 0.4828125 0.475 0.4828125
0 0.6515625 0.465625 0.5 0.465625 0.5 0.4921875 0.6515625 0.4921875
0 0.6953125 0.4671875 0.671875 0.4671875 0.671875 0.4875 0.6953125 0.4875
0 0.71875 0.465625 0.7125 0.465625 0.7125 0.471875 0.71875 0.471875
0 0.765625 0.46875000000000017 0.7265625 0.46875000000000017 0.7265625 0.4828125000000002 0.765625 0.4828125000000002
0 0.834375 0.47187500000000016 0.7796875 0.47187500000000016 0.7796875 0.4828125000000002 0.834375 0.4828125000000002
0 0.20312500000000008 0.5171875 0.12968750000000004 0.5171875 0.12968750000000004 0.534375 0.20312500000000008 0.534375
0 0.2156250000000001 0.5140625 0.2078125000000001 0.5140625 0.2078125000000001 0.521875 0.2156250000000001 0.521875
0 0.3343750000000001 0.51875 0.2453125000000001 0.51875 0.2453125000000001 0.5359375 0.3343750000000001 0.5359375
0 0.4796875 0.515625 0.3625000000000001 0.515625 0.3625000000000001 0.534375 0.4796875 0.534375
0 0.528125 0.5234375 0.5015625 0.5234375 0.5015625 0.5328125 0.528125 0.5328125
0 0.64375 0.515625 0.5484375 0.515625 0.5484375 0.5328125 0.64375 0.5328125
0 0.68125 0.515625 0.6640625 0.515625 0.6640625 0.5328125 0.68125 0.5328125
0 0.69375 0.528125 0.6890625 0.528125 0.6890625 0.534375 0.69375 0.534375
0 0.7703125 0.5171875000000001 0.7078125 0.5171875 0.7078125 0.534375 0.7703125 0.5343750000000002
0 0.78125 0.5281250000000002 0.778125 0.5281250000000002 0.778125 0.5375000000000002 0.78125 0.5375000000000002
0 0.903125 0.5156250000000002 0.7984375 0.5156250000000002 0.7984375 0.5406250000000001 0.903125 0.5406250000000001
0 0.2015625000000001 0.5671875 0.1296875000000001 0.5671875 0.1296875000000001 0.584375 0.2015625000000001 0.584375
0 0.2093750000000001 0.5734375 0.2078125000000001 0.5734375 0.2078125000000001 0.5796875 0.2093750000000001 0.5796875
0 0.2218750000000001 0.5625 0.2156250000000001 0.5625 0.2156250000000001 0.5703125 0.2218750000000001 0.5703125
0 0.3515625000000001 0.565625 0.2390625000000001 0.565625 0.2390625000000001 0.5859375 0.3515625000000001 0.5859375
0 0.4828125 0.5671875 0.3828125000000001 0.5671875 0.3828125000000001 0.584375 0.4828125 0.584375
0 0.5609375 0.5671875 0.5140625 0.5671875 0.5140625 0.5859375 0.5609375 0.5859375
0 0.6109375 0.5703125 0.5828125 0.5703125 0.5828125 0.584375 0.6109375 0.584375
0 0.7765625 0.5671875000000001 0.6359375 0.5671875 0.6359375 0.5921875000000001 0.7765625 0.5921875000000002
0 0.821875 0.5734375000000002 0.8015625 0.5734375000000002 0.8015625 0.5843750000000002 0.821875 0.5843750000000002
0 0.9125 0.5656250000000002 0.840625 0.5656250000000002 0.840625 0.5843750000000002 0.9125 0.5843750000000002
0 0.1546875000000001 0.615625 0.13437500000000008 0.615625 0.13437500000000008 0.634375 0.1546875000000001 0.634375
0 0.2609375000000001 0.6171875 0.1765625000000001 0.6171875 0.1765625000000001 0.634375 0.2609375000000001 0.634375
0 0.3265625000000001 0.6171875 0.2843750000000001 0.6171875 0.2843750000000001 0.634375 0.3265625000000001 0.634375
0 0.40625 0.6171875 0.3390625000000001 0.6171875 0.3390625000000001 0.6359375 0.40625 0.6359375
0 0.5203125 0.6171875 0.43125 0.6171875 0.43125 0.6359375 0.5203125 0.6359375
0 0.5765625 0.625 0.5421875 0.625 0.5421875 0.6359375 0.5765625 0.6359375
0 0.653125 0.61875 0.59375 0.61875 0.59375 0.6453125 0.653125 0.6453125
0 0.6984375 0.621875 0.675 0.621875 0.675 0.6359375 0.6984375 0.6359375
0 0.7390625 0.6250000000000001 0.709375 0.625 0.709375 0.6343750000000001 0.7390625 0.6343750000000001
0 0.796875 0.6171875000000002 0.753125 0.6171875000000002 0.753125 0.6375000000000002 0.796875 0.6375000000000002
0 0.846875 0.6250000000000002 0.81875 0.6250000000000002 0.81875 0.6343750000000001 0.846875 0.6343750000000001
0 0.9046875 0.6234375000000002 0.8671875 0.6234375000000002 0.8671875 0.6343750000000001 0.9046875 0.6343750000000001
0 0.18906250000000008 0.6703125 0.13437500000000008 0.6703125 0.13437500000000008 0.6859375 0.18906250000000008 0.6859375
0 0.2828125000000001 0.6671875 0.21250000000000008 0.6671875 0.21250000000000008 0.684375 0.2828125000000001 0.684375
0 0.34062500000000007 0.675 0.30937500000000007 0.675 0.30937500000000007 0.684375 0.34062500000000007 0.684375
0 0.446875 0.6671875 0.36406250000000007 0.6671875 0.36406250000000007 0.6859375 0.446875 0.6859375
0 0.503125 0.6671875 0.4796875 0.6671875 0.4796875 0.684375 0.503125 0.684375
0 0.5234375 0.6734375 0.50625 0.6734375 0.50625 0.6859375 0.5234375 0.6859375
0 0.5828125 0.675 0.54375 0.675 0.54375 0.684375 0.5828125 0.684375
0 0.70625 0.6640625 0.6171875 0.6640625 0.6171875 0.6859375 0.70625 0.6859375
0 0.7265625 0.6734375000000001 0.721875 0.6734375 0.721875 0.690625 0.7265625 0.6906250000000002
0 0.89375 0.6671875000000002 0.75 0.6671875000000002 0.75 0.6875000000000002 0.89375 0.6875000000000002
0 0.1546875000000001 0.71875 0.1359375000000001 0.71875 0.1359375000000001 0.734375 0.1546875000000001 0.734375
0 0.1921875000000001 0.7203125 0.1703125000000001 0.7203125 0.1703125000000001 0.7359375 0.1921875000000001 0.7359375
0 0.2531250000000001 0.71875 0.2296875000000001 0.71875 0.2296875000000001 0.7390625 0.2531250000000001 0.7390625
0 0.3156250000000001 0.7234375 0.28593750000000007 0.7234375 0.28593750000000007 0.734375 0.3156250000000001 0.734375
0 0.45781250000000007 0.71875 0.34843750000000007 0.71875 0.34843750000000007 0.7359375 0.4578125000000002 0.7359375
0 0.5265625 0.71875 0.503125 0.71875 0.503125 0.7359375 0.5265625000000002 0.7359375
0 0.596875 0.725 0.55 0.725 0.55 0.7359375 0.5968750000000002 0.7359375
0 0.6125000000000002 0.73125 0.6093750000000002 0.73125 0.6093750000000002 0.734375 0.6125000000000002 0.734375