0 0.2265625 0.2515625 0.14062500000000006 0.2515625 0.14062500000000006 0.2765625 0.2265625 0.2765625
0 0.453125 0.25468750000000007 0.25 0.2546875 0.25 0.290625 0.453125 0.2906250000000001
0 0.5921875 0.2562500000000001 0.475 0.2562500000000001 0.475 0.2734375000000001 0.5921875 0.2734375000000001
0 0.66875 0.2640625000000001 0.60625 0.2640625000000001 0.60625 0.2765625000000001 0.66875 0.2765625000000001
0 0.75625 0.25468750000000007 0.6828125 0.25468750000000007 0.6828125 0.2843750000000001 0.75625 0.2843750000000001
0 0.80625 0.25468750000000007 0.7703125 0.25468750000000007 0.7703125 0.2796875000000001 0.80625 0.2796875000000001
0 0.89375 0.2578125000000001 0.825 0.2578125000000001 0.825 0.2765625000000001 0.89375 0.2765625000000001
0 0.17968750000000006 0.3125 0.13593750000000004 0.3125 0.13593750000000004 0.3265625 0.17968750000000006 0.3265625
0 0.2765625 0.315625 0.2 0.315625 0.2 0.328125 0.2765625 0.328125
0 0.4296875 0.30625 0.296875 0.30625 0.296875 0.3375 0.4296875 0.3375000000000001
0 0.5921875 0.3031250000000001 0.4515625 0.3031250000000001 0.4515625 0.3375000000000001 0.5921875 0.3375000000000001
0 0.6046875 0.3218750000000001 0.603125 0.3218750000000001 0.603125 0.3296875000000001 0.6046875 0.3296875000000001
0 0.6875 0.3125000000000001 0.615625 0.3125000000000001 0.615625 0.32500000000000007 0.6875 0.32500000000000007
0 0.7421875 0.3125000000000001 0.7078125 0.3125000000000001 0.7078125 0.3234375000000001 0.7421875 0.3234375000000001
0 0.8921875 0.3031250000000001 0.7578125 0.3031250000000001 0.7578125 0.3265625000000001 0.8921875 0.3265625000000001
0 0.17500000000000004 0.3515625 0.12968750000000004 0.3515625 0.12968750000000004 0.375 0.17500000000000004 0.375
0 0.38281250000000006 0.35468750000000004 0.19531250000000006 0.3546875 0.19531250000000006 0.3765625 0.3828125000000001 0.3765625000000001
0 0.459375 0.35625000000000007 0.396875 0.35625000000000007 0.39687500000000003 0.3781250000000001 0.459375 0.3781250000000001
0 0.553125 0.35625000000000007 0.48125 0.35625000000000007 0.48125 0.3765625000000001 0.553125 0.3765625000000001
0 0.6234375 0.3546875000000001 0.571875 0.3546875000000001 0.571875 0.3859375000000001 0.6234375 0.3859375000000001
0 0.7484375 0.3531250000000001 0.64375 0.3531250000000001 0.64375 0.3859375000000001 0.7484375 0.3859375000000001
0 0.803125 0.3531250000000001 0.765625 0.3531250000000001 0.765625 0.3734375000000001 0.803125 0.3734375000000001
0 0.8609375 0.3500000000000001 0.8140625 0.3500000000000001 0.8140625 0.3750000000000001 0.8609375 0.3750000000000001
0 0.2843750000000001 0.4078125 0.13437500000000005 0.4078125 0.13437500000000005 0.4265625 0.2843750000000001 0.4265625
0 0.2968750000000001 0.4234375 0.2921875000000001 0.4234375 0.2921875000000001 0.434375 0.2968750000000001 0.434375
0 0.409375 0.4046875 0.3203125000000001 0.4046875 0.3203125000000001 0.4265625 0.409375 0.4265625
0 0.484375 0.4046875 0.4296875 0.4046875 0.4296875 0.4265625 0.484375 0.4265625
0 0.565625 0.4046875 0.5015625 0.4046875 0.5015625 0.4265625 0.565625 0.4265625
0 0.6953125 0.4046875 0.5828125 0.4046875 0.5828125 0.4265625 0.6953125 0.4265625
0 0.734375 0.4125000000000001 0.7109375 0.4125 0.7109375 0.4234375000000001 0.734375 0.4234375000000002
0 0.871875 0.4078125000000002 0.75 0.4078125000000002 0.75 0.4390625000000002 0.871875 0.4390625000000002
0 0.2875000000000001 0.45625 0.13437500000000005 0.45625 0.13437500000000005 0.478125 0.2875000000000001 0.478125
0 0.29375000000000007 0.4765625 0.2921875000000001 0.4765625 0.2921875000000001 0.48125 0.29375000000000007 0.48125
0 0.4640625 0.4578125 0.3078125000000001 0.4578125 0.3078125000000001 0.49375 0.4640625 0.49375
0 0.471875 0.4765625 0.4671875 0.4765625 0.4671875 0.4875 0.471875 0.4875
0 0.646875 0.45625 0.4859375 0.45625 0.4859375 0.4796875 0.646875 0.4796875
0 0.71875 0.45625 0.6609375 0.45625 0.6609375 0.4765625 0.71875 0.4765625
0 0.91875 0.4546875000000002 0.7328125 0.4546875000000002 0.7328125 0.4812500000000002 0.91875 0.4812500000000002
0 0.3203125000000001 0.5109375 0.14218750000000005 0.5109375 0.14218750000000005 0.5296875 0.3203125000000001 0.5296875
0 0.4328125 0.5078125 0.3390625000000001 0.5078125 0.3390625000000001 0.5390625 0.4328125 0.5390625
0 0.4421875 0.5265625 0.4390625 0.5265625 0.4390625 0.528125 0.4421875 0.528125
0 0.5515625 0.5078125 0.459375 0.5078125 0.459375 0.5375 0.5515625 0.5375
0 0.6453125 0.515625 0.5703125 0.515625 0.5703125 0.5296875 0.6453125 0.5296875
0 0.703125 0.515625 0.6609375 0.515625 0.6609375 0.5296875 0.703125 0.5296875
0 0.7734375 0.5156250000000001 0.7203125 0.515625 0.7203125 0.5281250000000001 0.7734375 0.5281250000000002
0 0.8625 0.5156250000000002 0.7859375 0.5156250000000002 0.7859375 0.5281250000000002 0.8625 0.5281250000000002
0 0.9046875 0.5156250000000002 0.875 0.5156250000000002 0.875 0.5281250000000002 0.9046875 0.5281250000000002
0 0.3078125000000001 0.5609375 0.14218750000000008 0.5609375 0.14218750000000008 0.5890625 0.3078125000000001 0.5890625
0 0.3656250000000001 0.5578125 0.32500000000000007 0.5578125 0.32500000000000007 0.5859375 0.3656250000000001 0.5859375
0 0.46875 0.559375 0.3781250000000001 0.559375 0.3781250000000001 0.590625 0.46875 0.590625
0 0.625 0.5578125 0.490625 0.5578125 0.490625 0.590625 0.625 0.590625
0 0.740625 0.5578125 0.6421875 0.5578125 0.6421875 0.58125 0.740625 0.5812500000000002
0 0.8 0.5656250000000002 0.7546875 0.5656250000000002 0.7546875 0.5781250000000002 0.8 0.5781250000000002
0 0.9609375 0.5593750000000002 0.809375 0.5593750000000002 0.809375 0.5796875000000001 0.9609375 0.5796875000000001
0 0.21093750000000008 0.6109375 0.1453125000000001 0.6109375 0.1453125000000001 0.63125 0.21093750000000008 0.63125
0 0.2656250000000001 0.6078125 0.22812500000000008 0.6078125 0.22812500000000008 0.634375 0.2656250000000001 0.634375
0 0.4421875 0.60625 0.2828125000000001 0.60625 0.2828125000000001 0.6359375 0.4421875 0.6359375
0 0.53125 0.609375 0.4640625 0.609375 0.4640625 0.6296875 0.53125 0.6296875
0 0.59375 0.609375 0.54375 0.609375 0.54375 0.6296875 0.59375 0.6296875
0 0.725 0.60625 0.6125 0.60625 0.6125 0.6296875 0.725 0.6296875
0 0.7296875 0.6281250000000002 0.7265625 0.6281250000000002 0.7265625 0.6296875000000002 0.7296875 0.6296875000000002
0 0.81875 0.6062500000000002 0.75 0.6062500000000002 0.75 0.6390625000000002 0.81875 0.6390625000000002
0 0.953125 0.6062500000000002 0.8375 0.6062500000000002 0.8375 0.6281250000000002 0.953125 0.6281250000000002
0 0.3281250000000001 0.6609375 0.1468750000000001 0.6609375 0.1468750000000001 0.68125 0.3281250000000001 0.68125
0 0.4140625 0.6578125 0.34843750000000007 0.6578125 0.34843750000000007 0.6796875 0.4140625 0.6796875
0 0.4765625 0.6578125 0.4296875 0.6578125 0.4296875 0.6796875 0.4765625 0.6796875
0 0.7734375 0.6578125000000001 0.4953125 0.6578125 0.4953125 0.6812500000000001 0.7734375 0.6812500000000001
0 0.9296875 0.6578125000000001 0.79375 0.6578125000000001 0.79375 0.6906250000000002 0.9296875 0.6906250000000002
0 0.1765625000000001 0.7109375 0.1453125000000001 0.7109375 0.1453125000000001 0.7359375 0.1765625000000001 0.7359375
0 0.24218750000000008 0.709375 0.1984375000000001 0.709375 0.1984375000000001 0.73125 0.24218750000000008 0.73125
0 0.3453125000000001 0.7140625 0.2671875000000001 0.7140625 0.2671875000000001 0.7328125 0.3453125000000001 0.7328125
0 0.46562500000000007 0.7125 0.36406250000000007 0.7125 0.36406250000000007 0.73125 0.4656250000000002 0.73125
0 0.6140625000000001 0.7078125 0.4875 0.7078125 0.4875000000000001 0.7328125 0.6140625000000002 0.7328125
0 0.7250000000000001 0.7140625 0.6296875 0.7140625 0.6296875000000001 0.73125 0.7250000000000002 0.73125
0 0.7656250000000001 0.7125000000000001 0.7421875 0.7125000000000001 0.7421875000000001 0.7328125000000002 0.7656250000000002 0.7328125000000002
0 0.828125 0.7078125000000002 0.78125 0.7078125000000002 0.7812500000000001 0.7312500000000002 0.828125 0.7312500000000002
0 0.9609375 0.7109375000000002 0.846875 0.7109375000000002 0.846875 0.7312500000000002 0.9609375 0.7312500000000002