0 0.18437500000000004 0.19375000000000003 0.13750000000000004 0.19375 0.13750000000000004 0.2203125 0.18437500000000004 0.2203125
0 0.2578125 0.19375000000000003 0.2046875 0.19375000000000003 0.2046875 0.21875 0.2578125 0.21875
0 0.33125 0.19687500000000005 0.2828125 0.19687500000000005 0.2828125 0.2234375 0.33125 0.2234375
0 0.425 0.19843750000000004 0.3625 0.19843750000000004 0.3625 0.22187500000000004 0.425 0.2218750000000001
0 0.575 0.2000000000000001 0.4640625 0.2000000000000001 0.4640625 0.2234375000000001 0.575 0.2234375000000001
0 0.7109375 0.19531250000000008 0.5890625 0.19531250000000008 0.5890625 0.2375000000000001 0.7109375 0.2375000000000001
0 0.79375 0.19687500000000008 0.7265625 0.19687500000000008 0.7265625 0.2250000000000001 0.79375 0.2250000000000001
0 0.878125 0.20468750000000008 0.80625 0.20468750000000008 0.80625 0.2250000000000001 0.878125 0.2250000000000001
0 0.24375 0.246875 0.12968750000000004 0.246875 0.12968750000000004 0.2734375 0.24375 0.2734375
0 0.3984375 0.24843750000000003 0.275 0.2484375 0.275 0.27812500000000007 0.3984375 0.27812500000000007
0 0.40625 0.2750000000000001 0.4046875 0.2750000000000001 0.4046875 0.2765625000000001 0.40625 0.2765625000000001
0 0.4953125 0.2500000000000001 0.440625 0.2500000000000001 0.440625 0.2765625000000001 0.4953125 0.2765625000000001
0 0.5203125 0.2656250000000001 0.5046875 0.2656250000000001 0.5046875 0.2750000000000001 0.5203125 0.2750000000000001
0 0.6 0.2500000000000001 0.5515625 0.2500000000000001 0.5515625 0.2843750000000001 0.6 0.2843750000000001
0 0.6796875 0.2515625000000001 0.6265625 0.2515625000000001 0.6265625 0.2750000000000001 0.6796875 0.2750000000000001
0 0.7359375 0.2515625000000001 0.6875 0.2515625000000001 0.6875 0.2750000000000001 0.7359375 0.2750000000000001
0 0.821875 0.25468750000000007 0.75625 0.25468750000000007 0.75625 0.2750000000000001 0.821875 0.2750000000000001
0 0.209375 0.3015625 0.12812500000000004 0.3015625 0.12812500000000004 0.3359375 0.209375 0.3359375
0 0.290625 0.303125 0.24375 0.303125 0.24375 0.3234375 0.290625 0.3234375
0 0.3734375 0.30312500000000003 0.31875 0.303125 0.31875 0.33437500000000003 0.3734375 0.3343750000000001
0 0.434375 0.3000000000000001 0.40625 0.3000000000000001 0.40625 0.3359375000000001 0.434375 0.3359375000000001
0 0.4984375 0.3000000000000001 0.4515625 0.3000000000000001 0.4515625 0.3218750000000001 0.4984375 0.3218750000000001
0 0.6390625 0.29375000000000007 0.5265625 0.29375000000000007 0.5265625 0.3234375000000001 0.6390625 0.3234375000000001
0 0.8171875 0.3000000000000001 0.65625 0.3000000000000001 0.65625 0.3312500000000001 0.8171875 0.3312500000000001
0 0.8859375 0.30156250000000007 0.8203125 0.30156250000000007 0.8203125 0.3265625000000001 0.8859375 0.3265625000000001
0 0.16875000000000004 0.346875 0.13125000000000003 0.346875 0.13125000000000003 0.3921875 0.16875000000000004 0.3921875
0 0.36250000000000004 0.340625 0.20625 0.340625 0.20625000000000004 0.3875 0.3625000000000001 0.3875
0 0.46875 0.34843750000000007 0.384375 0.34843750000000007 0.384375 0.3750000000000001 0.46875 0.3750000000000001
0 0.50625 0.3593750000000001 0.4859375 0.3593750000000001 0.4859375 0.3765625000000001 0.50625 0.3765625000000001
0 0.590625 0.3468750000000001 0.525 0.3468750000000001 0.525 0.3765625000000001 0.590625 0.3765625000000001
0 0.7015625 0.3531250000000001 0.6078125 0.3531250000000001 0.6078125 0.3859375000000001 0.7015625 0.3859375000000001
0 0.703125 0.3765625000000001 0.7 0.3765625000000001 0.7 0.3781250000000001 0.703125 0.3781250000000001
0 0.7890625 0.34843750000000007 0.7234375 0.34843750000000007 0.7234375 0.38750000000000007 0.7890625 0.38750000000000007
0 0.8546875 0.3515625000000001 0.7984375 0.3515625000000001 0.7984375 0.3750000000000001 0.8546875 0.3750000000000001
0 0.21875000000000008 0.3984375 0.13125000000000003 0.3984375 0.13125000000000003 0.4296875 0.21875000000000008 0.4296875
0 0.3109375000000001 0.396875 0.2328125000000001 0.396875 0.2328125000000001 0.425 0.3109375000000001 0.425
0 0.3609375000000001 0.415625 0.3343750000000001 0.415625 0.3343750000000001 0.434375 0.3609375000000001 0.434375
0 0.440625 0.3968750000000001 0.37968750000000007 0.3968750000000001 0.37968750000000007 0.425 0.440625 0.425
0 0.5203125 0.4 0.45625 0.4 0.45625 0.4265625 0.5203125 0.4265625
0 0.596875 0.4171875 0.534375 0.4171875 0.534375 0.428125 0.596875 0.428125
0 0.7328125 0.4000000000000001 0.6203125 0.4 0.6203125 0.4250000000000001 0.7328125 0.42500000000000016
0 0.8625 0.4031250000000002 0.7453125 0.4031250000000002 0.7453125 0.4390625000000002 0.8625 0.4390625000000002
0 0.865625 0.42968750000000017 0.85625 0.42968750000000017 0.85625 0.4359375000000002 0.865625 0.4359375000000002
0 0.16250000000000003 0.4515625 0.13906250000000003 0.4515625 0.13906250000000003 0.4734375 0.16250000000000003 0.4734375
0 0.2890625000000001 0.4515625 0.19218750000000004 0.4515625 0.19218750000000004 0.48125 0.2890625000000001 0.48125
0 0.3671875000000001 0.45 0.3203125000000001 0.45 0.3203125000000001 0.484375 0.3671875000000001 0.484375
0 0.4421875 0.45 0.3937500000000001 0.45 0.3937500000000001 0.4734375 0.4421875 0.4734375
0 0.5125 0.4515625 0.45625 0.4515625 0.45625 0.475 0.5125 0.475
0 0.64375 0.4515625 0.5375 0.4515625 0.5375 0.4828125 0.64375 0.4828125
0 0.84375 0.45781250000000007 0.66875 0.4578125 0.66875 0.4765625000000001 0.84375 0.47656250000000017
0 0.2093750000000001 0.50625 0.12656250000000005 0.50625 0.12656250000000005 0.54375 0.2093750000000001 0.54375
0 0.3375000000000001 0.5015625 0.2468750000000001 0.5015625 0.2468750000000001 0.528125 0.3375000000000001 0.528125
0 0.503125 0.5 0.3703125000000001 0.5 0.3703125000000001 0.5375 0.503125 0.5375
0 0.6296875 0.5015625 0.525 0.5015625 0.525 0.5265625 0.6296875 0.5265625
0 0.6671875 0.50625 0.6453125 0.50625 0.6453125 0.5265625 0.6671875 0.5265625
0 0.7609375 0.5062500000000001 0.6875 0.50625 0.6875 0.5328125000000001 0.7609375 0.5328125000000001
0 0.759375 0.5265625000000002 0.7578125 0.5265625000000002 0.7578125 0.5296875000000002 0.759375 0.5296875000000002