0 0.18750000000000006 0.2078125 0.14687500000000003 0.2078125 0.14687500000000003 0.221875 0.18750000000000006 0.221875
0 0.234375 0.203125 0.19687500000000005 0.203125 0.19687500000000005 0.221875 0.234375 0.221875
0 0.346875 0.2 0.24375 0.2 0.24375 0.2375 0.346875 0.2375
0 0.3796875 0.20312500000000008 0.365625 0.20312500000000008 0.365625 0.22031250000000008 0.3796875 0.22031250000000008
0 0.4453125 0.2000000000000001 0.3875 0.2000000000000001 0.3875 0.2406250000000001 0.4453125 0.2406250000000001
0 0.5015625 0.20468750000000008 0.4625 0.20468750000000008 0.4625 0.2234375000000001 0.5015625 0.2234375000000001
0 0.5625 0.2000000000000001 0.5171875 0.2000000000000001 0.5171875 0.2218750000000001 0.5625 0.2218750000000001
0 0.6390625 0.2000000000000001 0.5796875 0.2000000000000001 0.5796875 0.22031250000000008 0.6390625 0.22031250000000008
0 0.7078125 0.1984375000000001 0.65625 0.1984375000000001 0.65625 0.21875000000000008 0.7078125 0.21875000000000008
0 0.746875 0.2000000000000001 0.721875 0.2000000000000001 0.721875 0.21875000000000008 0.746875 0.21875000000000008
0 0.875 0.1984375000000001 0.7640625 0.1984375000000001 0.7640625 0.21875000000000008 0.875 0.21875000000000008
0 0.18906250000000005 0.2515625 0.14531250000000004 0.2515625 0.14531250000000004 0.2734375 0.18906250000000005 0.2734375
0 0.290625 0.25 0.2015625 0.25 0.2015625 0.271875 0.290625 0.271875
0 0.365625 0.25000000000000006 0.30625 0.25 0.30625 0.27187500000000003 0.365625 0.2718750000000001
0 0.4375 0.2484375000000001 0.384375 0.2484375000000001 0.384375 0.2875000000000001 0.4375 0.2875000000000001
0 0.4765625 0.2562500000000001 0.453125 0.2562500000000001 0.453125 0.2734375000000001 0.4765625 0.2734375000000001
0 0.4984375 0.2531250000000001 0.484375 0.2531250000000001 0.484375 0.2718750000000001 0.4984375 0.2718750000000001
0 0.5421875 0.2515625000000001 0.5140625 0.2515625000000001 0.5140625 0.27031250000000007 0.5421875 0.27031250000000007
0 0.6078125 0.2500000000000001 0.5546875 0.2500000000000001 0.5546875 0.2750000000000001 0.6078125 0.2750000000000001
0 0.6609375 0.2484375000000001 0.6171875 0.2484375000000001 0.6171875 0.2687500000000001 0.6609375 0.2687500000000001
0 0.8 0.2531250000000001 0.6859375 0.2531250000000001 0.6859375 0.2718750000000001 0.8 0.2718750000000001
0 0.8421875 0.2515625000000001 0.8125 0.2515625000000001 0.8125 0.2687500000000001 0.8421875 0.2687500000000001
0 0.2375 0.3015625 0.14843750000000006 0.3015625 0.14843750000000006 0.325 0.2375 0.325
0 0.2453125 0.321875 0.2421875 0.321875 0.2421875 0.325 0.2453125 0.325
0 0.321875 0.303125 0.2625 0.303125 0.2625 0.325 0.321875 0.325
0 0.3296875 0.3203125 0.3265625 0.3203125 0.3265625 0.3359375 0.3296875 0.3359375
0 0.38125 0.30000000000000004 0.34375 0.3 0.34375 0.33125000000000004 0.38125 0.3312500000000001
0 0.4609375 0.3000000000000001 0.396875 0.3000000000000001 0.396875 0.3296875000000001 0.4609375 0.3296875000000001
0 0.546875 0.3031250000000001 0.4828125 0.3031250000000001 0.4828125 0.34062500000000007 0.546875 0.34062500000000007
0 0.5796875 0.30937500000000007 0.5625 0.30937500000000007 0.5625 0.3234375000000001 0.5796875 0.3234375000000001
0 0.671875 0.3078125000000001 0.596875 0.3078125000000001 0.596875 0.3218750000000001 0.671875 0.3218750000000001
0 0.7140625 0.2984375000000001 0.6875 0.2984375000000001 0.6875 0.3312500000000001 0.7140625 0.3312500000000001
0 0.846875 0.2984375000000001 0.7265625 0.2984375000000001 0.7265625 0.3375000000000001 0.846875 0.3375000000000001
0 0.19218750000000004 0.353125 0.14687500000000003 0.353125 0.14687500000000003 0.375 0.19218750000000004 0.375
0 0.2984375 0.35625 0.2046875 0.35625 0.20468750000000005 0.3765625 0.2984375000000001 0.3765625
0 0.4390625 0.34843750000000007 0.3140625 0.3484375 0.3140625 0.37500000000000006 0.4390625 0.3750000000000001
0 0.453125 0.3703125000000001 0.4453125 0.3703125000000001 0.4453125 0.3828125000000001 0.453125 0.3828125000000001
0 0.4890625 0.34843750000000007 0.465625 0.34843750000000007 0.465625 0.3734375000000001 0.4890625 0.3734375000000001
0 0.4984375 0.37187500000000007 0.4921875 0.37187500000000007 0.4921875 0.3828125000000001 0.4984375 0.3828125000000001
0 0.5421875 0.3546875000000001 0.5203125 0.3546875000000001 0.5203125 0.37187500000000007 0.5421875 0.37187500000000007
0 0.6015625 0.3468750000000001 0.5453125 0.3468750000000001 0.5453125 0.37968750000000007 0.6015625 0.37968750000000007
0 0.609375 0.3687500000000001 0.603125 0.3687500000000001 0.603125 0.3859375000000001 0.609375 0.3859375000000001
0 0.66875 0.3515625000000001 0.625 0.3515625000000001 0.625 0.3703125000000001 0.66875 0.3703125000000001
0 0.7515625 0.3546875000000001 0.690625 0.3546875000000001 0.690625 0.3703125000000001 0.7515625 0.3703125000000001
0 0.8046875 0.3437500000000001 0.7671875 0.3437500000000001 0.7671875 0.3781250000000001 0.8046875 0.3781250000000001
0 0.2578125000000001 0.4046875 0.14687500000000003 0.4046875 0.14687500000000003 0.4453125 0.2578125000000001 0.4453125
0 0.2953125000000001 0.415625 0.2687500000000001 0.415625 0.2687500000000001 0.4359375 0.2953125000000001 0.4359375
0 0.3656250000000001 0.4046875 0.3046875000000001 0.4046875 0.3046875000000001 0.4265625 0.3656250000000001 0.4265625
0 0.45 0.4125 0.3812500000000001 0.4125 0.3812500000000001 0.4359375 0.45 0.4359375
0 0.453125 0.421875 0.4484375 0.421875 0.4484375 0.425 0.453125 0.425
0 0.5296875 0.403125 0.4703125 0.403125 0.4703125 0.425 0.5296875 0.425
0 0.60625 0.403125 0.546875 0.403125 0.546875 0.425 0.60625 0.425
0 0.7078125 0.403125 0.6234375 0.403125 0.6234375 0.4234375 0.7078125 0.4234375
0 0.7484375 0.4062500000000001 0.7203125 0.40625 0.7203125 0.4234375000000001 0.7484375 0.4234375000000002
0 0.76875 0.4031250000000002 0.7578125 0.4031250000000002 0.7578125 0.42500000000000016 0.76875 0.42500000000000016
0 0.853125 0.4031250000000002 0.778125 0.4031250000000002 0.778125 0.4343750000000002 0.853125 0.4343750000000002
0 0.859375 0.4234375000000002 0.8546875 0.4234375000000002 0.8546875 0.4312500000000002 0.859375 0.4312500000000002
0 0.2140625000000001 0.4609375 0.14531250000000004 0.4609375 0.14531250000000004 0.4875 0.2140625000000001 0.4875
0 0.2218750000000001 0.4796875 0.2171875000000001 0.4796875 0.2171875000000001 0.4890625 0.2218750000000001 0.4890625
0 0.2750000000000001 0.459375 0.2375000000000001 0.459375 0.2375000000000001 0.4796875 0.2750000000000001 0.4796875
0 0.3218750000000001 0.4578125 0.2828125000000001 0.4578125 0.2828125000000001 0.4796875 0.3218750000000001 0.4796875
0 0.3546875000000001 0.4671875 0.3390625000000001 0.4671875 0.3390625000000001 0.4765625 0.3546875000000001 0.4765625
0 0.40625 0.4578125 0.3625000000000001 0.4578125 0.3625000000000001 0.4890625 0.40625 0.4890625
0 0.4640625 0.45625 0.421875 0.45625 0.421875 0.475 0.4640625 0.475
0 0.478125 0.475 0.4734375 0.475 0.4734375 0.478125 0.478125 0.478125
0 0.540625 0.45625 0.5 0.45625 0.5 0.4796875 0.540625 0.4796875
0 0.5921875 0.4578125 0.5546875 0.4578125 0.5546875 0.478125 0.5921875 0.478125
0 0.6375 0.453125 0.6015625 0.453125 0.6015625 0.4765625 0.6375 0.4765625
0 0.7015625 0.4640625 0.6546875 0.4640625 0.6546875 0.478125 0.7015625 0.478125
0 0.7609375 0.4562500000000001 0.7203125 0.45625 0.7203125 0.4765625000000001 0.7609375 0.47656250000000017
0 0.8671875 0.4578125000000002 0.78125 0.4578125000000002 0.78125 0.47656250000000017 0.8671875 0.47656250000000017
0 0.18906250000000005 0.5078125 0.14531250000000004 0.5078125 0.14531250000000004 0.53125 0.18906250000000005 0.53125
0 0.2375000000000001 0.5125 0.2078125000000001 0.5125 0.2078125000000001 0.5296875 0.2375000000000001 0.5296875
0 0.3109375000000001 0.509375 0.2609375000000001 0.509375 0.2609375000000001 0.53125 0.3109375000000001 0.53125
0 0.3781250000000001 0.509375 0.32500000000000007 0.509375 0.32500000000000007 0.5296875 0.3781250000000001 0.5296875
0 0.428125 0.5171875 0.39531250000000007 0.5171875 0.39531250000000007 0.528125 0.428125 0.528125
0 0.503125 0.509375 0.44375 0.509375 0.44375 0.5296875 0.503125 0.5296875
0 0.5578125 0.515625 0.525 0.515625 0.525 0.5265625 0.5578125 0.5265625
0 0.5875 0.5265625 0.578125 0.5265625 0.578125 0.534375 0.5875 0.534375
0 0.696875 0.5046875 0.590625 0.5046875 0.590625 0.5375 0.696875 0.5375
0 0.703125 0.5015625 0.7 0.5015625 0.7 0.5109375 0.703125 0.5109375
0 0.709375 0.5015625 0.7046875 0.5015625 0.7046875 0.5109375 0.709375 0.5109375
0 0.7515625 0.5156250000000001 0.7234375 0.515625 0.7234375 0.5281250000000001 0.7515625 0.5281250000000002
0 0.8109375 0.5062500000000002 0.765625 0.5062500000000002 0.765625 0.5359375000000002 0.8109375 0.5359375000000002
0 0.8484375 0.5062500000000002 0.825 0.5062500000000002 0.825 0.5265625000000002 0.8484375 0.5265625000000002
0 0.1828125000000001 0.5609375 0.15000000000000008 0.5609375 0.15000000000000008 0.58125 0.1828125000000001 0.58125
0 0.2593750000000001 0.559375 0.1984375000000001 0.559375 0.1984375000000001 0.590625 0.2593750000000001 0.590625
0 0.30937500000000007 0.55625 0.2765625000000001 0.55625 0.2765625000000001 0.5890625 0.30937500000000007 0.5890625
0 0.4078125 0.5546875 0.3265625000000001 0.5546875 0.3265625000000001 0.578125 0.4078125 0.578125
0 0.4828125 0.565625 0.4203125 0.565625 0.4203125 0.578125 0.4828125 0.578125
0 0.49375 0.575 0.4859375 0.575 0.4859375 0.5765625 0.49375 0.5765625