0 0.18437500000000004 0.2 0.12812500000000004 0.2 0.12812500000000004 0.2265625 0.18437500000000004 0.2265625
0 0.253125 0.2109375 0.18906250000000005 0.2109375 0.18906250000000005 0.2453125 0.253125 0.2453125
0 0.3453125 0.2078125 0.2546875 0.2078125 0.2546875 0.24375 0.3453125 0.24375
0 0.390625 0.20937500000000003 0.3453125 0.209375 0.3453125 0.24375000000000005 0.390625 0.24375000000000008
0 0.4796875 0.19687500000000005 0.403125 0.19687500000000005 0.403125 0.2250000000000001 0.4796875 0.2250000000000001
0 0.55 0.19687500000000008 0.4953125 0.19687500000000005 0.4953125 0.2234375000000001 0.55 0.2234375000000001
0 0.5796875 0.19687500000000008 0.5515625 0.19687500000000008 0.5515625 0.2250000000000001 0.5796875 0.2250000000000001
0 0.6984375 0.19687500000000008 0.5828125 0.19687500000000008 0.5828125 0.23593750000000008 0.6984375 0.23593750000000008
0 0.753125 0.1921875000000001 0.7 0.1921875000000001 0.7 0.2234375000000001 0.753125 0.2234375000000001
0 0.8296875 0.1937500000000001 0.759375 0.1937500000000001 0.759375 0.2234375000000001 0.8296875 0.2234375000000001
0 0.17500000000000004 0.24375 0.14531250000000004 0.24375 0.14531250000000004 0.275 0.17500000000000004 0.275
0 0.221875 0.2484375 0.18906250000000005 0.2484375 0.18906250000000005 0.275 0.221875 0.275
0 0.2953125 0.246875 0.2421875 0.246875 0.2421875 0.278125 0.2953125 0.278125
0 0.396875 0.24843750000000003 0.3125 0.2484375 0.3125 0.29218750000000004 0.396875 0.2921875000000001
0 0.5515625 0.24375000000000008 0.40625 0.24375000000000008 0.40625 0.2890625000000001 0.5515625 0.2890625000000001
0 0.61875 0.2453125000000001 0.565625 0.2453125000000001 0.565625 0.28593750000000007 0.61875 0.28593750000000007
0 0.659375 0.24375000000000008 0.6171875 0.24375000000000008 0.6171875 0.2734375000000001 0.659375 0.2734375000000001
0 0.81875 0.2484375000000001 0.66875 0.2484375000000001 0.66875 0.2750000000000001 0.81875 0.2750000000000001
0 0.875 0.2531250000000001 0.815625 0.2531250000000001 0.815625 0.27812500000000007 0.875 0.27812500000000007
0 0.2078125 0.2953125 0.14375000000000004 0.2953125 0.14375000000000004 0.3265625 0.2078125 0.3265625
0 0.2484375 0.309375 0.2265625 0.309375 0.2265625 0.325 0.2484375 0.325
0 0.3453125 0.2953125 0.2609375 0.2953125 0.2609375 0.3421875 0.3453125 0.3421875
0 0.3609375 0.315625 0.3546875 0.315625 0.3546875 0.321875 0.3609375 0.321875
0 0.4390625 0.3000000000000001 0.3765625 0.3000000000000001 0.3765625 0.32500000000000007 0.4390625 0.32500000000000007
0 0.4828125 0.3109375000000001 0.446875 0.3109375000000001 0.446875 0.32500000000000007 0.4828125 0.32500000000000007
0 0.49375 0.3187500000000001 0.4765625 0.3187500000000001 0.4765625 0.33281250000000007 0.49375 0.33281250000000007
0 0.5875 0.2968750000000001 0.50625 0.2968750000000001 0.50625 0.3468750000000001 0.5875 0.3468750000000001
0 0.69375 0.2953125000000001 0.6015625 0.2953125000000001 0.6015625 0.3218750000000001 0.69375 0.3218750000000001
0 0.821875 0.2953125000000001 0.6953125 0.2953125000000001 0.6953125 0.3468750000000001 0.821875 0.3468750000000001
0 0.31875000000000003 0.3484375 0.14062500000000006 0.3484375 0.14062500000000006 0.3875 0.3187500000000001 0.3875
0 0.446875 0.3453125 0.3375 0.3453125 0.3375 0.4015625 0.446875 0.4015625
0 0.5984375 0.3500000000000001 0.4671875 0.3500000000000001 0.4671875 0.3781250000000001 0.5984375 0.3781250000000001
0 0.6453125 0.3578125000000001 0.609375 0.3578125000000001 0.609375 0.37187500000000007 0.6453125 0.37187500000000007
0 0.775 0.3468750000000001 0.659375 0.3468750000000001 0.659375 0.3968750000000001 0.775 0.3968750000000001
0 0.8265625 0.3593750000000001 0.7859375 0.3593750000000001 0.7859375 0.3734375000000001 0.8265625 0.3734375000000001
0 0.86875 0.3453125000000001 0.8296875 0.3453125000000001 0.8296875 0.3734375000000001 0.86875 0.3734375000000001
0 0.2750000000000001 0.3984375 0.13281250000000006 0.3984375 0.13281250000000006 0.428125 0.2750000000000001 0.428125
0 0.3421875000000001 0.40625 0.27812500000000007 0.40625 0.27812500000000007 0.428125 0.3421875000000001 0.428125
0 0.4484375 0.39843750000000006 0.34843750000000007 0.3984375 0.34843750000000007 0.453125 0.4484375 0.453125
0 0.4890625 0.409375 0.4671875 0.409375 0.4671875 0.425 0.4890625 0.425
0 0.5359375 0.4109375 0.4796875 0.4109375 0.4796875 0.440625 0.5359375 0.440625
0 0.6234375 0.39531250000000007 0.546875 0.39531250000000007 0.546875 0.4265625 0.6234375 0.4265625
0 0.6828125 0.39531250000000007 0.628125 0.39531250000000007 0.628125 0.4265625 0.6828125 0.4265625
0 0.696875 0.41875 0.69375 0.41875 0.69375 0.421875 0.696875 0.421875
0 0.8515625 0.3984375000000001 0.7109375 0.3984375000000001 0.7109375 0.4375000000000001 0.8515625 0.43750000000000017
0 0.21250000000000008 0.4625 0.13750000000000004 0.4625 0.13750000000000004 0.4984375 0.21250000000000008 0.4984375
0 0.3125000000000001 0.45 0.2296875000000001 0.45 0.2296875000000001 0.478125 0.3125000000000001 0.478125
0 0.3234375000000001 0.4703125 0.30156250000000007 0.4703125 0.30156250000000007 0.4890625 0.3234375000000001 0.4890625
0 0.3781250000000001 0.4609375 0.33281250000000007 0.4609375 0.33281250000000007 0.4765625 0.3781250000000001 0.4765625
0 0.553125 0.45 0.3921875000000001 0.45 0.3921875000000001 0.4796875 0.553125 0.4796875
0 0.615625 0.4625 0.55625 0.4625 0.55625 0.4765625 0.615625 0.4765625
0 0.7078125 0.440625 0.609375 0.440625 0.609375 0.4921875 0.7078125 0.4921875
0 0.7625 0.4437500000000001 0.7109375 0.44375 0.7109375 0.49687500000000007 0.7625 0.4968750000000002
0 0.86875 0.4468750000000002 0.753125 0.4468750000000002 0.753125 0.4937500000000002 0.86875 0.4937500000000002
0 0.2250000000000001 0.5015625 0.14062500000000006 0.5015625 0.14062500000000006 0.5296875 0.2250000000000001 0.5296875
0 0.3343750000000001 0.5 0.24218750000000008 0.5 0.24218750000000008 0.5296875 0.3343750000000001 0.5296875
0 0.5546875 0.5015625 0.3421875000000001 0.5015625 0.3421875000000001 0.54375 0.5546875 0.54375
0 0.7921875 0.5000000000000001 0.584375 0.5 0.584375 0.5296875000000001 0.7921875 0.5296875000000002
0 0.8515625 0.5000000000000002 0.8109375 0.5000000000000002 0.8109375 0.5265625000000002 0.8515625 0.5265625000000002
0 0.2796875000000001 0.5484375 0.14218750000000008 0.5484375 0.14218750000000008 0.5953125 0.2796875000000001 0.5953125
0 0.3921875000000001 0.5515625 0.2796875000000001 0.5515625 0.2796875000000001 0.59375 0.3921875000000001 0.59375
0 0.4734375 0.5515625 0.403125 0.5515625 0.403125 0.578125 0.4734375 0.578125
0 0.6109375 0.546875 0.478125 0.546875 0.478125 0.6 0.6109375 0.6
0 0.665625 0.5453125 0.6296875 0.5453125 0.6296875 0.58125 0.665625 0.58125
0 0.715625 0.5484375 0.6703125 0.5484375 0.6703125 0.5765625 0.715625 0.5765625
0 0.8671875 0.5484375000000001 0.7265625 0.5484375000000001 0.7265625 0.6015625000000002 0.8671875 0.6015625000000002
0 0.2015625000000001 0.5984375 0.1390625000000001 0.5984375 0.1390625000000001 0.6390625 0.2015625000000001 0.6390625
0 0.2968750000000001 0.596875 0.22031250000000008 0.596875 0.22031250000000008 0.6265625 0.2968750000000001 0.6265625
0 0.55625 0.5953125 0.540625 0.5953125 0.540625 0.6 0.55625 0.6