0 0.19687500000000005 0.209375 0.13125000000000003 0.209375 0.13125000000000003 0.2265625 0.19687500000000005 0.2265625
0 0.2859375 0.215625 0.2265625 0.215625 0.2265625 0.225 0.2859375 0.225
0 0.41875 0.20625000000000004 0.315625 0.20625 0.315625 0.22656250000000006 0.41875 0.22656250000000008
0 0.5953125 0.2062500000000001 0.4421875 0.2062500000000001 0.4421875 0.2328125000000001 0.5953125 0.2328125000000001
0 0.6921875 0.20468750000000008 0.6203125 0.20468750000000008 0.6203125 0.2296875000000001 0.6921875 0.2296875000000001
0 0.6953125 0.2234375000000001 0.690625 0.2234375000000001 0.690625 0.2312500000000001 0.6953125 0.2312500000000001
0 0.81875 0.2171875000000001 0.71875 0.2171875000000001 0.71875 0.22656250000000008 0.81875 0.22656250000000008
0 0.17343750000000005 0.2578125 0.14062500000000006 0.2578125 0.14062500000000006 0.28125 0.17343750000000005 0.28125
0 0.25625 0.265625 0.19843750000000004 0.265625 0.19843750000000004 0.278125 0.25625 0.278125
0 0.38125 0.25781250000000006 0.278125 0.2578125 0.278125 0.27812500000000007 0.38125 0.27812500000000007
0 0.49375 0.2578125000000001 0.409375 0.2578125000000001 0.409375 0.27812500000000007 0.49375 0.27812500000000007
0 0.5671875 0.26250000000000007 0.521875 0.26250000000000007 0.521875 0.28593750000000007 0.5671875 0.28593750000000007
0 0.6671875 0.2671875000000001 0.5890625 0.2671875000000001 0.5890625 0.2765625000000001 0.6671875 0.2765625000000001
0 0.840625 0.2578125000000001 0.6875 0.2578125000000001 0.6875 0.2828125000000001 0.840625 0.2828125000000001
0 0.296875 0.30625 0.13437500000000005 0.30625 0.13437500000000005 0.3375 0.296875 0.3375
0 0.359375 0.309375 0.325 0.309375 0.325 0.3265625 0.359375 0.3265625
0 0.371875 0.32500000000000007 0.3640625 0.32500000000000007 0.3640625 0.33281250000000007 0.371875 0.33281250000000007
0 0.459375 0.3078125000000001 0.403125 0.3078125000000001 0.403125 0.3281250000000001 0.459375 0.3281250000000001
0 0.7703125 0.3062500000000001 0.484375 0.3062500000000001 0.484375 0.3359375000000001 0.7703125 0.3359375000000001
0 0.29687500000000006 0.3625 0.13437500000000005 0.3625 0.13437500000000005 0.3796875 0.2968750000000001 0.3796875
0 0.496875 0.35937500000000006 0.3203125 0.359375 0.32031250000000006 0.38281250000000006 0.496875 0.3828125000000001
0 0.5859375 0.3593750000000001 0.5203125 0.3593750000000001 0.5203125 0.3859375000000001 0.5859375 0.3859375000000001
0 0.66875 0.3578125000000001 0.6078125 0.3578125000000001 0.6078125 0.3781250000000001 0.66875 0.3781250000000001
0 0.771875 0.3671875000000001 0.69375 0.3671875000000001 0.69375 0.3765625000000001 0.771875 0.3765625000000001
0 0.30156250000000007 0.4078125 0.12968750000000004 0.4078125 0.12968750000000004 0.4359375 0.30156250000000007 0.4359375
0 0.3593750000000001 0.41875 0.3265625000000001 0.41875 0.3265625000000001 0.4296875 0.3593750000000001 0.4296875
0 0.4125 0.409375 0.36406250000000007 0.409375 0.36406250000000007 0.428125 0.4125 0.428125
0 0.6375 0.409375 0.4375 0.409375 0.4375 0.440625 0.6375 0.440625
0 0.83125 0.4093750000000001 0.659375 0.409375 0.659375 0.4296875000000001 0.83125 0.42968750000000017
0 0.3421875000000001 0.4625 0.13437500000000005 0.4625 0.13437500000000005 0.4890625 0.3421875000000001 0.4890625
0 0.415625 0.46875 0.3609375000000001 0.46875 0.3609375000000001 0.478125 0.415625 0.478125
0 0.6734375 0.459375 0.4375 0.459375 0.4375 0.4796875 0.6734375 0.4796875
0 0.6828125 0.478125 0.678125 0.478125 0.678125 0.4875 0.6828125 0.4875
0 0.775 0.4640625000000001 0.7015625 0.4640625 0.7015625 0.4796875000000001 0.775 0.47968750000000016
0 0.86875 0.4703125000000002 0.7921875 0.4703125000000002 0.7921875 0.47968750000000016 0.86875 0.47968750000000016
0 0.2468750000000001 0.509375 0.13906250000000003 0.509375 0.13906250000000003 0.5296875 0.2468750000000001 0.5296875
0 0.3984375000000001 0.509375 0.27812500000000007 0.509375 0.27812500000000007 0.534375 0.3984375000000001 0.534375
0 0.4609375 0.5109375 0.421875 0.5109375 0.421875 0.53125 0.4609375 0.53125
0 0.671875 0.5109375 0.4875 0.5109375 0.4875 0.534375 0.671875 0.534375
0 0.8421875 0.5093750000000001 0.7 0.509375 0.7 0.5406250000000001 0.8421875 0.5406250000000001
0 0.3515625000000001 0.5640625 0.1375000000000001 0.5640625 0.1375000000000001 0.58125 0.3515625000000001 0.58125
0 0.3609375000000001 0.5765625 0.3578125000000001 0.5765625 0.3578125000000001 0.5796875 0.3609375000000001 0.5796875
0 0.534375 0.5625 0.3781250000000001 0.5625 0.3781250000000001 0.5875 0.534375 0.5875
0 0.5953125 0.571875 0.5671875 0.571875 0.5671875 0.5828125 0.5953125 0.5828125
0 0.6203125 0.5703125 0.5953125 0.5703125 0.5953125 0.5796875 0.6203125 0.5796875
0 0.7265625 0.5703125000000001 0.6421875 0.5703125 0.6421875 0.58125 0.7265625 0.5812500000000002
0 0.8015625 0.5578125000000002 0.746875 0.5578125000000002 0.746875 0.5796875000000001 0.8015625 0.5796875000000001
0 0.3937500000000001 0.6109375 0.13437500000000008 0.6109375 0.13437500000000008 0.640625 0.3937500000000001 0.640625
0 0.5375 0.6140625 0.4234375 0.6140625 0.4234375 0.640625 0.5375 0.640625
0 0.6296875 0.6109375 0.5671875 0.6109375 0.5671875 0.63125 0.6296875 0.63125
0 0.825 0.6125 0.653125 0.6125 0.653125 0.6390625000000001 0.825 0.6390625000000002
0 0.1781250000000001 0.6625 0.1375000000000001 0.6625 0.1375000000000001 0.6890625 0.1781250000000001 0.6890625
0 0.5125 0.6640625 0.2062500000000001 0.6640625 0.2062500000000001 0.6921875 0.5125 0.6921875
0 0.78125 0.6656250000000001 0.5375 0.665625 0.5375 0.6828125 0.78125 0.6828125000000002
0 0.4015625000000001 0.7125 0.1390625000000001 0.7125 0.1390625000000001 0.7328125 0.40156250000000016 0.7328125
0 0.5843750000000001 0.7140625 0.4375 0.7140625 0.4375000000000001 0.74375 0.5843750000000002 0.74375
0 0.7109375000000001 0.7125 0.615625 0.7125 0.6156250000000001 0.7328125 0.7109375000000002 0.7328125
0 0.8375 0.7218750000000002 0.73125 0.7218750000000002 0.7312500000000001 0.7421875000000002 0.8375 0.7421875000000002