0 0.18281250000000004 0.2109375 0.13437500000000005 0.2109375 0.13437500000000005 0.225 0.18281250000000004 0.225
0 0.265625 0.2125 0.20625 0.2125 0.20625 0.225 0.265625 0.225
0 0.30625 0.2125 0.2828125 0.2125 0.2828125 0.2296875 0.30625 0.2296875
0 0.428125 0.20781250000000004 0.33125 0.2078125 0.33125 0.22500000000000003 0.428125 0.2250000000000001
0 0.5453125 0.21093750000000008 0.446875 0.21093750000000008 0.446875 0.2328125000000001 0.5453125 0.2328125000000001
0 0.61875 0.21093750000000008 0.56875 0.21093750000000008 0.56875 0.22656250000000008 0.61875 0.22656250000000008
0 0.6796875 0.2140625000000001 0.634375 0.2140625000000001 0.634375 0.22812500000000008 0.6796875 0.22812500000000008
0 0.796875 0.21250000000000008 0.6953125 0.21250000000000008 0.6953125 0.2328125000000001 0.796875 0.2328125000000001
0 0.19843750000000004 0.2609375 0.14062500000000006 0.2609375 0.14062500000000006 0.275 0.19843750000000004 0.275
0 0.2390625 0.2625 0.2140625 0.2625 0.2140625 0.2796875 0.2390625 0.2796875
0 0.2953125 0.2609375 0.2546875 0.2609375 0.2546875 0.2765625 0.2953125 0.2765625
0 0.415625 0.26093750000000004 0.315625 0.2609375 0.315625 0.28125000000000006 0.415625 0.2812500000000001
0 0.621875 0.2640625000000001 0.440625 0.2640625000000001 0.440625 0.2828125000000001 0.621875 0.2828125000000001
0 0.728125 0.2609375000000001 0.64375 0.2609375000000001 0.64375 0.2843750000000001 0.728125 0.2843750000000001
0 0.8171875 0.26250000000000007 0.74375 0.26250000000000007 0.74375 0.27812500000000007 0.8171875 0.27812500000000007
0 0.16250000000000003 0.309375 0.13750000000000004 0.309375 0.13750000000000004 0.3265625 0.16250000000000003 0.3265625
0 0.2234375 0.3125 0.18750000000000006 0.3125 0.18750000000000006 0.328125 0.2234375 0.328125
0 0.315625 0.3125 0.2484375 0.3125 0.2484375 0.3265625 0.315625 0.3265625
0 0.384375 0.31250000000000006 0.334375 0.3125 0.334375 0.32656250000000003 0.384375 0.3265625000000001
0 0.459375 0.3125000000000001 0.3984375 0.3125000000000001 0.3984375 0.3312500000000001 0.459375 0.3312500000000001
0 0.5625 0.3140625000000001 0.4828125 0.3140625000000001 0.4828125 0.3359375000000001 0.5625 0.3359375000000001
0 0.621875 0.3187500000000001 0.5875 0.3187500000000001 0.5875 0.33281250000000007 0.621875 0.33281250000000007
0 0.675 0.3140625000000001 0.6453125 0.3140625000000001 0.6453125 0.3296875000000001 0.675 0.3296875000000001
0 0.765625 0.3125000000000001 0.69375 0.3125000000000001 0.69375 0.3265625000000001 0.765625 0.3265625000000001
0 0.85 0.3140625000000001 0.7890625 0.3140625000000001 0.7890625 0.3343750000000001 0.85 0.3343750000000001
0 0.17500000000000004 0.359375 0.12656250000000005 0.359375 0.12656250000000005 0.3828125 0.17500000000000004 0.3828125
0 0.18906250000000005 0.3734375 0.18437500000000004 0.3734375 0.18437500000000004 0.3765625 0.18906250000000005 0.3765625
0 0.23593750000000005 0.3625 0.2140625 0.3625 0.21406250000000004 0.3765625 0.23593750000000008 0.3765625
0 0.31718750000000007 0.3640625 0.2515625000000001 0.3640625 0.2515625000000001 0.378125 0.31718750000000007 0.378125
0 0.4 0.36875 0.3375000000000001 0.36875 0.3375000000000001 0.37812500000000004 0.4 0.3781250000000001
0 0.475 0.36406250000000007 0.415625 0.36406250000000007 0.415625 0.3781250000000001 0.475 0.3781250000000001
0 0.5828125 0.36406250000000007 0.5015625 0.36406250000000007 0.5015625 0.3781250000000001 0.5828125 0.3781250000000001
0 0.6875 0.3656250000000001 0.6078125 0.3656250000000001 0.6078125 0.3781250000000001 0.6875 0.3781250000000001
0 0.8015625 0.3656250000000001 0.7 0.3656250000000001 0.7 0.3828125000000001 0.8015625 0.3828125000000001
0 0.18906250000000005 0.4140625 0.12968750000000004 0.4140625 0.12968750000000004 0.4265625 0.18906250000000005 0.4265625
0 0.2656250000000001 0.4171875 0.2093750000000001 0.4171875 0.2093750000000001 0.43125 0.2656250000000001 0.43125
0 0.3531250000000001 0.4140625 0.2875000000000001 0.4140625 0.2875000000000001 0.434375 0.3531250000000001 0.434375
0 0.39531250000000007 0.4125 0.36406250000000007 0.4125 0.36406250000000007 0.4265625 0.39531250000000007 0.4265625
0 0.471875 0.4125 0.4140625 0.4125 0.4140625 0.4265625 0.471875 0.4265625
0 0.4828125 0.425 0.475 0.425 0.475 0.434375 0.4828125 0.434375
0 0.5703125 0.4171875 0.509375 0.4171875 0.509375 0.428125 0.5703125 0.428125
0 0.6484375 0.4140625 0.5875 0.4140625 0.5875 0.428125 0.6484375 0.428125
0 0.7765625 0.4125000000000001 0.6703125 0.4125 0.6703125 0.4281250000000001 0.7765625 0.4281250000000002
0 0.8359375 0.4125000000000002 0.79375 0.4125000000000002 0.79375 0.42968750000000017 0.8359375 0.42968750000000017
0 0.27031250000000007 0.4609375 0.13437500000000005 0.4609375 0.13437500000000005 0.4859375 0.27031250000000007 0.4859375
0 0.3812500000000001 0.4671875 0.3046875000000001 0.4671875 0.3046875000000001 0.478125 0.3812500000000001 0.478125
0 0.4203125 0.46875 0.3937500000000001 0.46875 0.3937500000000001 0.4796875 0.4203125 0.4796875
0 0.5484375 0.4625 0.4453125 0.4625 0.4453125 0.4796875 0.5484375 0.4796875
0 0.653125 0.465625 0.5671875 0.465625 0.5671875 0.478125 0.653125 0.478125
0 0.728125 0.4687500000000001 0.671875 0.46875 0.671875 0.4796875000000001 0.728125 0.47968750000000016
0 0.3296875000000001 0.5140625 0.13593750000000004 0.5140625 0.13593750000000004 0.5328125 0.3296875000000001 0.5328125
0 0.3937500000000001 0.5140625 0.3500000000000001 0.5140625 0.3500000000000001 0.5328125 0.3937500000000001 0.5328125
0 0.534375 0.5125 0.41875 0.5125 0.41875 0.5296875 0.534375 0.5296875
0 0.6703125 0.5140625 0.5546875 0.5140625 0.5546875 0.5296875 0.6703125 0.5296875
0 0.8015625 0.5140625000000001 0.6859375 0.5140625 0.6859375 0.5390625000000001 0.8015625 0.5390625000000002
0 0.8390625 0.5171875000000001 0.8203125 0.5171875000000001 0.8203125 0.5296875000000002 0.8390625 0.5296875000000002
0 0.2078125000000001 0.565625 0.1359375000000001 0.565625 0.1359375000000001 0.5796875 0.2078125000000001 0.5796875
0 0.2687500000000001 0.5703125 0.22812500000000008 0.5703125 0.22812500000000008 0.5875 0.2687500000000001 0.5875
0 0.3609375000000001 0.5640625 0.2906250000000001 0.5640625 0.2906250000000001 0.58125 0.3609375000000001 0.58125
0 0.421875 0.565625 0.3812500000000001 0.565625 0.3812500000000001 0.58125 0.421875 0.58125
0 0.509375 0.5703125 0.44375 0.5703125 0.44375 0.584375 0.509375 0.584375
0 0.5671875 0.56875 0.5296875 0.56875 0.5296875 0.5859375 0.5671875 0.5859375
0 0.578125 0.5765625 0.575 0.5765625 0.575 0.578125 0.578125 0.578125