0 0.2046875 0.2 0.13750000000000004 0.2 0.13750000000000004 0.240625 0.2046875 0.240625
0 0.36875 0.19531250000000006 0.2375 0.19531250000000006 0.2375 0.22812500000000005 0.36875 0.22812500000000008
0 0.4625 0.2078125000000001 0.396875 0.2078125000000001 0.396875 0.2515625000000001 0.4625 0.2515625000000001
0 0.5578125 0.19062500000000007 0.4875 0.19062500000000004 0.4875 0.2375000000000001 0.5578125 0.2375000000000001
0 0.5953125 0.1937500000000001 0.575 0.1937500000000001 0.575 0.2250000000000001 0.5953125 0.2250000000000001
0 0.6890625 0.18906250000000008 0.6171875 0.18906250000000008 0.6171875 0.2406250000000001 0.6890625 0.2406250000000001
0 0.7453125 0.18906250000000008 0.7078125 0.18906250000000008 0.7078125 0.24375000000000008 0.7453125 0.24375000000000008
0 0.8046875 0.1906250000000001 0.765625 0.1906250000000001 0.765625 0.2250000000000001 0.8046875 0.2250000000000001
0 0.321875 0.24375 0.14375000000000004 0.24375 0.14375000000000004 0.29375 0.321875 0.29375
0 0.478125 0.24687500000000004 0.3515625 0.246875 0.3515625 0.275 0.478125 0.2750000000000001
0 0.5 0.2671875000000001 0.4953125 0.2671875000000001 0.4953125 0.2796875000000001 0.5 0.2796875000000001
0 0.5921875 0.2453125000000001 0.50625 0.2453125000000001 0.50625 0.27812500000000007 0.5921875 0.27812500000000007
0 0.6796875 0.2453125000000001 0.6078125 0.2453125000000001 0.6078125 0.2828125000000001 0.6796875 0.2828125000000001
0 0.8578125 0.2453125000000001 0.6890625 0.2453125000000001 0.6890625 0.30156250000000007 0.8578125 0.30156250000000007
0 0.2546875 0.3015625 0.15000000000000005 0.3015625 0.15000000000000005 0.3265625 0.2546875 0.3265625
0 0.4640625 0.29687500000000006 0.2890625 0.296875 0.2890625 0.34218750000000003 0.4640625 0.3421875000000001
0 0.5234375 0.3000000000000001 0.4984375 0.3000000000000001 0.4984375 0.3265625000000001 0.5234375 0.3265625000000001
0 0.6796875 0.2953125000000001 0.5515625 0.2953125000000001 0.5515625 0.32500000000000007 0.6796875 0.32500000000000007
0 0.7703125 0.2953125000000001 0.6921875 0.2953125000000001 0.6921875 0.3281250000000001 0.7703125 0.3281250000000001
0 0.871875 0.30156250000000007 0.803125 0.30156250000000007 0.803125 0.3281250000000001 0.871875 0.3281250000000001
0 0.20937500000000003 0.346875 0.14375000000000004 0.346875 0.14375000000000004 0.3765625 0.2093750000000001 0.3765625
0 0.2171875000000001 0.3734375 0.2156250000000001 0.3734375 0.2156250000000001 0.375 0.2171875000000001 0.375
0 0.4078125 0.33906250000000004 0.2578125 0.3390625 0.25781250000000006 0.4015625 0.4078125 0.4015625
0 0.4703125 0.34062500000000007 0.4390625 0.34062500000000007 0.4390625 0.3906250000000001 0.4703125 0.3906250000000001
0 0.540625 0.3453125000000001 0.496875 0.3453125000000001 0.496875 0.3781250000000001 0.540625 0.3781250000000001
0 0.7171875 0.3421875000000001 0.578125 0.3421875000000001 0.578125 0.3921875000000001 0.7171875 0.3921875000000001
0 0.828125 0.3390625000000001 0.740625 0.3390625000000001 0.740625 0.3781250000000001 0.828125 0.3781250000000001
0 0.18437500000000004 0.39375 0.14843750000000006 0.39375 0.14843750000000006 0.4453125 0.18437500000000004 0.4453125
0 0.5234375 0.39843750000000006 0.22656250000000008 0.3984375 0.22656250000000008 0.4390625 0.5234375 0.4390625
0 0.584375 0.39531250000000007 0.5546875 0.39531250000000007 0.5546875 0.4390625 0.584375 0.4390625
0 0.6484375 0.3984375000000001 0.6046875 0.3984375000000001 0.6046875 0.43125 0.6484375 0.43125
0 0.803125 0.3984375000000001 0.6765625 0.3984375000000001 0.6765625 0.42656250000000007 0.803125 0.4265625000000002
0 0.81875 0.42187500000000017 0.8125 0.42187500000000017 0.8125 0.4343750000000002 0.81875 0.4343750000000002
0 0.18281250000000004 0.45 0.13750000000000004 0.45 0.13750000000000004 0.475 0.18281250000000004 0.475
0 0.38750000000000007 0.4515625 0.20312500000000008 0.4515625 0.20312500000000008 0.4765625 0.38750000000000007 0.4765625
0 0.4484375 0.446875 0.4171875 0.446875 0.4171875 0.49375 0.4484375 0.49375
0 0.4828125 0.4625 0.465625 0.4625 0.465625 0.478125 0.4828125 0.478125
0 0.63125 0.45 0.515625 0.45 0.515625 0.4890625 0.63125 0.4890625
0 0.73125 0.4453125000000001 0.646875 0.4453125 0.646875 0.4781250000000001 0.73125 0.4781250000000002
0 0.81875 0.4625000000000002 0.740625 0.4625000000000002 0.740625 0.5093750000000001 0.81875 0.5093750000000001
0 0.2078125000000001 0.496875 0.14062500000000006 0.496875 0.14062500000000006 0.5296875 0.2078125000000001 0.5296875
0 0.2750000000000001 0.4984375 0.2296875000000001 0.4984375 0.2296875000000001 0.528125 0.2750000000000001 0.528125
0 0.37187500000000007 0.496875 0.3046875000000001 0.496875 0.3046875000000001 0.528125 0.37187500000000007 0.528125
0 0.440625 0.496875 0.3984375000000001 0.496875 0.3984375000000001 0.546875 0.440625 0.546875
0 0.5578125 0.4953125 0.4734375 0.4953125 0.4734375 0.5453125 0.5578125 0.5453125
0 0.696875 0.496875 0.5890625 0.496875 0.5890625 0.54375 0.696875 0.54375
0 0.7171875 0.509375 0.7046875 0.509375 0.7046875 0.5140625 0.7171875 0.5140625
0 0.7546875 0.5031250000000002 0.7265625 0.5031250000000002 0.7265625 0.5234375000000002 0.7546875 0.5234375000000002
0 0.8734375 0.4890625000000002 0.775 0.4890625000000002 0.775 0.5562500000000001 0.8734375 0.5562500000000001
0 0.884375 0.5203125000000002 0.878125 0.5203125000000002 0.878125 0.5328125000000001 0.884375 0.5328125000000001
0 0.15781250000000008 0.559375 0.1375000000000001 0.559375 0.1375000000000001 0.5765625 0.15781250000000008 0.5765625
0 0.3281250000000001 0.546875 0.1781250000000001 0.546875 0.1781250000000001 0.578125 0.3281250000000001 0.578125
0 0.4265625 0.5515625 0.3515625000000001 0.5515625 0.3515625000000001 0.5828125 0.4265625 0.5828125
0 0.49375 0.553125 0.45 0.553125 0.45 0.5796875 0.49375 0.5796875
0 0.709375 0.5484375 0.5296875 0.5484375 0.5296875 0.58125 0.709375 0.58125
0 0.81875 0.5500000000000002 0.7296875 0.5500000000000002 0.7296875 0.5781250000000002 0.81875 0.5781250000000002
0 0.20468750000000008 0.596875 0.1359375000000001 0.596875 0.1359375000000001 0.6328125 0.20468750000000008 0.6328125
0 0.2765625000000001 0.5984375 0.22812500000000008 0.5984375 0.22812500000000008 0.628125 0.2765625000000001 0.628125
0 0.5390625 0.6 0.3234375000000001 0.6 0.3234375000000001 0.63125 0.5390625 0.63125
0 0.6125 0.6125 0.575 0.6125 0.575 0.6265625 0.6125 0.6265625
0 0.709375 0.596875 0.634375 0.596875 0.634375 0.6296875 0.709375 0.6296875
0 0.8390625 0.5984375000000002 0.734375 0.5984375000000002 0.734375 0.6546875000000002 0.8390625 0.6546875000000002
0 0.20468750000000008 0.653125 0.1390625000000001 0.653125 0.1390625000000001 0.678125 0.20468750000000008 0.678125
0 0.27031250000000007 0.6640625 0.23593750000000008 0.6640625 0.23593750000000008 0.6765625 0.27031250000000007 0.6765625
0 0.3671875000000001 0.65 0.30156250000000007 0.65 0.30156250000000007 0.6796875 0.3671875000000001 0.6796875
0 0.5078125 0.6625 0.4 0.6625 0.4 0.68125 0.5078125 0.68125
0 0.55 0.6484375 0.5296875 0.6484375 0.5296875 0.6796875 0.55 0.6796875
0 0.6671875 0.6515625 0.5796875 0.6515625 0.5796875 0.6828125 0.6671875 0.6828125
0 0.771875 0.6531250000000001 0.69375 0.653125 0.69375 0.6781250000000001 0.771875 0.6781250000000002
0 0.84375 0.6515625000000002 0.7921875 0.6515625000000002 0.7921875 0.6796875000000002 0.84375 0.6796875000000002
0 0.20312500000000008 0.6953125 0.1359375000000001 0.6953125 0.1359375000000001 0.73125 0.20312500000000008 0.73125
0 0.2656250000000001 0.69375 0.23437500000000008 0.69375 0.23437500000000008 0.7421875 0.2656250000000001 0.7421875
0 0.4312500000000001 0.7 0.2906250000000001 0.7 0.2906250000000001 0.753125 0.4312500000000002 0.753125
0 0.5000000000000001 0.7125 0.465625 0.7125 0.46562500000000007 0.7265625 0.5000000000000002 0.7265625
0 0.6781250000000001 0.7046875 0.5375 0.7046875 0.5375000000000001 0.7296875 0.6781250000000002 0.7296875
0 0.7421875000000001 0.6953125000000001 0.7078125 0.6953125 0.7078125000000001 0.7453125 0.7421875000000002 0.7453125000000002
0 0.8640625 0.7062500000000002 0.76875 0.7062500000000002 0.76875 0.7296875000000002 0.8640625 0.7296875000000002