0 0.215625 0.19531250000000003 0.14531250000000004 0.1953125 0.14531250000000004 0.225 0.215625 0.225
0 0.340625 0.19687500000000005 0.2453125 0.19687500000000005 0.2453125 0.225 0.340625 0.225
0 0.5640625 0.19218750000000007 0.3921875 0.19218750000000004 0.3921875 0.24218750000000008 0.5640625 0.24218750000000008
0 0.634375 0.19531250000000008 0.584375 0.19531250000000008 0.584375 0.2234375000000001 0.634375 0.2234375000000001
0 0.7953125 0.20468750000000008 0.6484375 0.20468750000000008 0.6484375 0.2406250000000001 0.7953125 0.2406250000000001
0 0.8359375 0.2000000000000001 0.8125 0.2000000000000001 0.8125 0.2250000000000001 0.8359375 0.2250000000000001
0 0.19843750000000004 0.2515625 0.14218750000000005 0.2515625 0.14218750000000005 0.2796875 0.19843750000000004 0.2796875
0 0.278125 0.2484375 0.2296875 0.2484375 0.2296875 0.271875 0.278125 0.271875
0 0.528125 0.24687500000000004 0.3078125 0.246875 0.3078125 0.28906250000000006 0.528125 0.2890625000000001
0 0.6359375 0.2515625000000001 0.565625 0.2515625000000001 0.565625 0.2734375000000001 0.6359375 0.2734375000000001
0 0.709375 0.2593750000000001 0.665625 0.2593750000000001 0.665625 0.2765625000000001 0.709375 0.2765625000000001
0 0.7671875 0.2406250000000001 0.7359375 0.2406250000000001 0.7359375 0.2890625000000001 0.7671875 0.2890625000000001
0 0.259375 0.296875 0.14531250000000004 0.296875 0.14531250000000004 0.3265625 0.259375 0.3265625
0 0.4265625 0.30781250000000004 0.296875 0.3078125 0.296875 0.34062500000000007 0.4265625 0.34062500000000007
0 0.4890625 0.3000000000000001 0.453125 0.3000000000000001 0.453125 0.3265625000000001 0.4890625 0.3265625000000001
0 0.6390625 0.2953125000000001 0.5203125 0.2953125000000001 0.5203125 0.3265625000000001 0.6390625 0.3265625000000001
0 0.653125 0.3234375000000001 0.6484375 0.3234375000000001 0.6484375 0.32500000000000007 0.653125 0.32500000000000007
0 0.7875 0.2984375000000001 0.6796875 0.2984375000000001 0.6796875 0.3281250000000001 0.7875 0.3281250000000001
0 0.86875 0.2984375000000001 0.8109375 0.2984375000000001 0.8109375 0.3281250000000001 0.86875 0.3281250000000001
0 0.22968750000000004 0.3453125 0.14062500000000006 0.3453125 0.14062500000000006 0.375 0.2296875000000001 0.375
0 0.32343750000000004 0.346875 0.259375 0.346875 0.259375 0.390625 0.3234375000000001 0.390625
0 0.38593750000000004 0.3578125000000001 0.3671875 0.3578125000000001 0.36718750000000006 0.3734375000000001 0.3859375000000001 0.3734375000000001
0 0.5484375 0.34843750000000007 0.4125 0.34843750000000007 0.4125 0.403125 0.5484375 0.403125
0 0.6375 0.3500000000000001 0.5703125 0.3500000000000001 0.5703125 0.3734375000000001 0.6375 0.3734375000000001
0 0.853125 0.3468750000000001 0.6609375 0.3468750000000001 0.6609375 0.38750000000000007 0.853125 0.38750000000000007
0 0.19843750000000004 0.396875 0.14218750000000005 0.396875 0.14218750000000005 0.428125 0.19843750000000004 0.428125
0 0.25468750000000007 0.396875 0.2156250000000001 0.396875 0.2156250000000001 0.440625 0.25468750000000007 0.440625
0 0.3203125000000001 0.409375 0.2765625000000001 0.409375 0.2765625000000001 0.428125 0.3203125000000001 0.428125
0 0.5671875 0.4 0.3593750000000001 0.4 0.3593750000000001 0.428125 0.5671875 0.428125
0 0.7546875 0.3984375000000001 0.5953125 0.3984375000000001 0.5953125 0.4515625000000001 0.7546875 0.4515625000000002
0 0.7953125 0.4000000000000002 0.7765625 0.4000000000000002 0.7765625 0.4265625000000002 0.7953125 0.4265625000000002
0 0.8671875 0.3984375000000001 0.815625 0.3984375000000001 0.815625 0.4281250000000002 0.8671875 0.4281250000000002
0 0.17812500000000003 0.45 0.13906250000000003 0.45 0.13906250000000003 0.478125 0.17812500000000003 0.478125
0 0.3515625000000001 0.4484375 0.2296875000000001 0.4484375 0.2296875000000001 0.478125 0.3515625000000001 0.478125
0 0.4859375 0.446875 0.3781250000000001 0.446875 0.3781250000000001 0.4953125 0.4859375 0.4953125
0 0.5765625 0.4546875 0.5140625 0.4546875 0.5140625 0.4765625 0.5765625 0.4765625
0 0.7328125 0.4593750000000001 0.6 0.459375 0.6 0.4906250000000001 0.7328125 0.4906250000000002
0 0.78125 0.44843750000000016 0.759375 0.44843750000000016 0.759375 0.49531250000000016 0.78125 0.49531250000000016
0 0.88125 0.4625000000000002 0.8078125 0.4625000000000002 0.8078125 0.47968750000000016 0.88125 0.47968750000000016
0 0.3140625000000001 0.5 0.14062500000000006 0.5 0.14062500000000006 0.53125 0.3140625000000001 0.53125
0 0.3265625000000001 0.5203125 0.3218750000000001 0.5203125 0.3218750000000001 0.534375 0.3265625000000001 0.534375
0 0.409375 0.5015625 0.3468750000000001 0.5015625 0.3468750000000001 0.5265625 0.409375 0.5265625
0 0.4734375 0.5015625 0.4328125 0.5015625 0.4328125 0.5453125 0.4734375 0.5453125
0 0.55 0.4984375 0.509375 0.4984375 0.509375 0.5265625 0.55 0.5265625
0 0.659375 0.4984375 0.59375 0.4984375 0.59375 0.5296875 0.659375 0.5296875
0 0.7171875 0.4984375 0.684375 0.4984375 0.684375 0.5453125 0.7171875 0.5453125
0 0.8 0.5015625000000001 0.7421875 0.5015625000000001 0.7421875 0.5328125000000001 0.8 0.5328125000000001
0 0.23437500000000008 0.5609375 0.14218750000000008 0.5609375 0.14218750000000008 0.5875 0.23437500000000008 0.5875
0 0.3265625000000001 0.5515625 0.2609375000000001 0.5515625 0.2609375000000001 0.5796875 0.3265625000000001 0.5796875
0 0.4859375 0.5625 0.3609375000000001 0.5625 0.3609375000000001 0.59375 0.4859375 0.59375
0 0.5078125 0.5703125 0.5046875 0.5703125 0.5046875 0.5734375 0.5078125 0.5734375
0 0.6421875 0.55 0.5328125 0.55 0.5328125 0.58125 0.6421875 0.58125
0 0.7046875 0.553125 0.6703125 0.553125 0.6703125 0.58125 0.7046875 0.58125
0 0.775 0.5515625000000002 0.7328125 0.5515625000000002 0.7328125 0.5812500000000002 0.775 0.5812500000000002
0 0.27031250000000007 0.5984375 0.13437500000000008 0.5984375 0.13437500000000008 0.64375 0.27031250000000007 0.64375
0 0.3968750000000001 0.5984375 0.3000000000000001 0.5984375 0.3000000000000001 0.628125 0.3968750000000001 0.628125
0 0.690625 0.6 0.434375 0.6 0.434375 0.628125 0.690625 0.628125
0 0.859375 0.6000000000000001 0.71875 0.6 0.71875 0.6546875000000001 0.859375 0.6546875000000002
0 0.2171875000000001 0.65 0.13437500000000008 0.65 0.13437500000000008 0.6796875 0.2171875000000001 0.6796875
0 0.3906250000000001 0.65 0.2531250000000001 0.65 0.2531250000000001 0.68125 0.3906250000000001 0.68125
0 0.440625 0.6546875 0.421875 0.6546875 0.421875 0.678125 0.440625 0.678125
0 0.48125 0.6546875 0.4609375 0.6546875 0.4609375 0.6765625 0.48125 0.6765625
0 0.653125 0.646875 0.5140625 0.646875 0.5140625 0.7015625 0.653125 0.7015625
0 0.7765625 0.6515625 0.6765625 0.6515625 0.6765625 0.6781250000000001 0.7765625 0.6781250000000002
0 0.88125 0.6640625000000002 0.8 0.6640625000000002 0.8 0.6796875000000002 0.88125 0.6796875000000002
0 0.2015625000000001 0.696875 0.1296875000000001 0.696875 0.1296875000000001 0.73125 0.2015625000000001 0.73125
0 0.2609375000000001 0.709375 0.24218750000000008 0.709375 0.24218750000000008 0.7265625 0.2609375000000001 0.7265625
0 0.4390625000000001 0.6984375 0.2968750000000001 0.6984375 0.2968750000000001 0.7515625 0.4390625000000002 0.7515625
0 0.48906250000000007 0.69375 0.4546875 0.69375 0.4546875000000001 0.7515625 0.4890625000000002 0.7515625
0 0.5718750000000001 0.7140625 0.5078125 0.7140625 0.5078125000000001 0.7296875 0.5718750000000001 0.7296875
0 0.8765625 0.7000000000000001 0.6078125 0.7 0.6078125000000001 0.7468750000000001 0.8765625 0.7468750000000002