0 0.16718750000000004 0.2078125 0.13593750000000004 0.2078125 0.13593750000000004 0.225 0.16718750000000004 0.225
0 0.340625 0.2109375 0.19375000000000003 0.2109375 0.19375000000000003 0.23125 0.340625 0.23125
0 0.440625 0.2140625000000001 0.365625 0.2140625000000001 0.365625 0.2250000000000001 0.440625 0.2250000000000001
0 0.4375 0.2234375000000001 0.4328125 0.2234375000000001 0.4328125 0.2296875000000001 0.4375 0.2296875000000001
0 0.5265625 0.20468750000000008 0.4609375 0.20468750000000008 0.4609375 0.2250000000000001 0.5265625 0.2250000000000001
0 0.6484375 0.2062500000000001 0.553125 0.2062500000000001 0.553125 0.2250000000000001 0.6484375 0.2250000000000001
0 0.828125 0.2062500000000001 0.66875 0.2062500000000001 0.66875 0.2312500000000001 0.828125 0.2312500000000001
0 0.2265625 0.25625 0.13281250000000006 0.25625 0.13281250000000006 0.275 0.2265625 0.275
0 0.234375 0.271875 0.23125 0.271875 0.23125 0.2796875 0.234375 0.2796875
0 0.4453125 0.26093750000000004 0.2609375 0.2609375 0.2609375 0.28125000000000006 0.4453125 0.2812500000000001
0 0.525 0.2562500000000001 0.46875 0.2562500000000001 0.46875 0.2765625000000001 0.525 0.2765625000000001
0 0.68125 0.2593750000000001 0.546875 0.2593750000000001 0.546875 0.2812500000000001 0.68125 0.2812500000000001
0 0.771875 0.2562500000000001 0.703125 0.2562500000000001 0.703125 0.2796875000000001 0.771875 0.2796875000000001
0 0.8796875 0.2562500000000001 0.7921875 0.2562500000000001 0.7921875 0.2875000000000001 0.8796875 0.2875000000000001
0 0.290625 0.3046875 0.13437500000000005 0.3046875 0.13437500000000005 0.334375 0.290625 0.334375
0 0.44375 0.31250000000000006 0.31875 0.3125 0.31875 0.32812500000000006 0.44375 0.3281250000000001
0 0.5875 0.3031250000000001 0.4671875 0.3031250000000001 0.4671875 0.3296875000000001 0.5875 0.3296875000000001
0 0.6109375 0.30156250000000007 0.603125 0.30156250000000007 0.603125 0.3296875000000001 0.6109375 0.3296875000000001
0 0.7578125 0.30937500000000007 0.6203125 0.30937500000000007 0.6203125 0.3265625000000001 0.7578125 0.3265625000000001
0 0.8625 0.30937500000000007 0.7765625 0.30937500000000007 0.7765625 0.3265625000000001 0.8625 0.3265625000000001
0 0.17343750000000005 0.35625 0.13437500000000005 0.35625 0.13437500000000005 0.38125 0.17343750000000005 0.38125
0 0.35000000000000003 0.3578125 0.19531250000000006 0.3578125 0.19531250000000006 0.3859375 0.3500000000000001 0.3859375
0 0.4203125 0.3656250000000001 0.3765625000000001 0.3656250000000001 0.3765625000000001 0.3750000000000001 0.4203125 0.3750000000000001
0 0.45 0.3609375000000001 0.421875 0.3609375000000001 0.421875 0.3765625000000001 0.45 0.3765625000000001
0 0.5421875 0.35625000000000007 0.475 0.35625000000000007 0.475 0.3828125000000001 0.5421875 0.3828125000000001
0 0.6796875 0.35625000000000007 0.5703125 0.35625000000000007 0.5703125 0.3781250000000001 0.6796875 0.3781250000000001
0 0.7375 0.3578125000000001 0.703125 0.3578125000000001 0.703125 0.3781250000000001 0.7375 0.3781250000000001
0 0.8609375 0.3578125000000001 0.759375 0.3578125000000001 0.759375 0.3781250000000001 0.8609375 0.3781250000000001
0 0.2468750000000001 0.4109375 0.13906250000000003 0.4109375 0.13906250000000003 0.428125 0.2468750000000001 0.428125
0 0.3296875000000001 0.4109375 0.2718750000000001 0.4109375 0.2718750000000001 0.428125 0.3296875000000001 0.428125
0 0.4453125 0.4171875 0.3500000000000001 0.4171875 0.3500000000000001 0.428125 0.4453125 0.428125
0 0.634375 0.40625 0.475 0.40625 0.475 0.428125 0.634375 0.428125
0 0.8203125 0.4078125000000001 0.6578125 0.4078125 0.6578125 0.4312500000000001 0.8203125 0.4312500000000002
0 0.828125 0.42500000000000016 0.821875 0.42500000000000016 0.821875 0.4281250000000002 0.828125 0.4281250000000002
0 0.17343750000000005 0.459375 0.13750000000000004 0.459375 0.13750000000000004 0.478125 0.17343750000000005 0.478125
0 0.2609375000000001 0.4578125 0.2015625000000001 0.4578125 0.2015625000000001 0.478125 0.2609375000000001 0.478125
0 0.37187500000000007 0.459375 0.2812500000000001 0.459375 0.2812500000000001 0.484375 0.37187500000000007 0.484375
0 0.478125 0.4671875 0.3937500000000001 0.4671875 0.3937500000000001 0.4875 0.478125 0.4875
0 0.6 0.4578125 0.5015625 0.4578125 0.5015625 0.4796875 0.6 0.4796875
0 0.815625 0.4562500000000001 0.621875 0.45625 0.621875 0.4875000000000001 0.815625 0.48750000000000016
0 0.2093750000000001 0.5109375 0.13750000000000004 0.5109375 0.13750000000000004 0.5296875 0.2093750000000001 0.5296875
0 0.4109375 0.5125 0.2390625000000001 0.5125 0.2390625000000001 0.5296875 0.4109375 0.5296875
0 0.68125 0.5109375 0.4421875 0.5109375 0.4421875 0.5375 0.68125 0.5375
0 0.7765625 0.5078125000000001 0.7046875 0.5078125 0.7046875 0.5359375000000001 0.7765625 0.5359375000000002
0 0.3000000000000001 0.5546875 0.13437500000000008 0.5546875 0.13437500000000008 0.5875 0.3000000000000001 0.5875
0 0.33281250000000007 0.559375 0.3000000000000001 0.559375 0.3000000000000001 0.578125 0.33281250000000007 0.578125
0 0.35625000000000007 0.5609375 0.3531250000000001 0.5609375 0.3531250000000001 0.5640625 0.35625000000000007 0.5640625
0 0.38750000000000007 0.56875 0.3531250000000001 0.56875 0.3531250000000001 0.578125 0.38750000000000007 0.578125
0 0.5453125 0.5609375 0.4015625 0.5609375 0.4015625 0.5796875 0.5453125 0.5796875
0 0.5546875 0.5765625 0.5484375 0.5765625 0.5484375 0.5859375 0.5546875 0.5859375
0 0.73125 0.5593750000000001 0.5765625 0.559375 0.5765625 0.5796875000000001 0.73125 0.5796875000000001
0 0.8265625 0.5640625000000001 0.75625 0.5640625000000001 0.75625 0.5796875000000001 0.8265625 0.5796875000000001
0 0.3203125000000001 0.6109375 0.1375000000000001 0.6109375 0.1375000000000001 0.6390625 0.3203125000000001 0.6390625
0 0.3265625000000001 0.6265625 0.3234375000000001 0.6265625 0.3234375000000001 0.6296875 0.3265625000000001 0.6296875
0 0.4453125 0.609375 0.3375000000000001 0.609375 0.3375000000000001 0.634375 0.4453125 0.634375
0 0.584375 0.6109375 0.46875 0.6109375 0.46875 0.63125 0.584375 0.63125
0 0.84375 0.6125 0.61875 0.6125 0.61875 0.6406250000000001 0.84375 0.6406250000000002
0 0.2000000000000001 0.6609375 0.14218750000000008 0.6609375 0.14218750000000008 0.6828125 0.2000000000000001 0.6828125
0 0.3890625000000001 0.6609375 0.24375000000000008 0.6609375 0.24375000000000008 0.68125 0.3890625000000001 0.68125
0 0.6984375 0.6625 0.4265625 0.6625 0.4265625 0.6921875 0.6984375 0.6921875
0 0.7984375 0.6593750000000002 0.7359375 0.6593750000000002 0.7359375 0.6812500000000001 0.7984375 0.6812500000000001
0 0.2718750000000001 0.715625 0.14218750000000008 0.715625 0.14218750000000008 0.740625 0.2718750000000001 0.740625
0 0.3375000000000001 0.7125 0.3000000000000001 0.7125 0.3000000000000001 0.7328125 0.3375000000000001 0.7328125
0 0.4515625000000001 0.715625 0.3609375000000001 0.715625 0.3609375000000001 0.740625 0.4515625000000002 0.740625
0 0.6406250000000001 0.7109375 0.475 0.7109375 0.4750000000000001 0.7328125 0.6406250000000002 0.7328125
0 0.6703125 0.709375 0.6609375 0.709375 0.6609375 0.7171875 0.6703125 0.7171875
0 0.853125 0.7093750000000001 0.678125 0.709375 0.6781250000000001 0.7406250000000001 0.853125 0.7406250000000002
0 0.865625 0.7093750000000002 0.8578125 0.7093750000000002 0.8578125 0.7171875000000002 0.865625 0.7171875000000002