0 0.209375 0.209375 0.14218750000000005 0.209375 0.14218750000000005 0.225 0.209375 0.225
0 0.246875 0.2140625 0.23125 0.2140625 0.23125 0.2234375 0.246875 0.2234375
0 0.35 0.209375 0.2671875 0.209375 0.2671875 0.2375 0.35 0.2375
0 0.4609375 0.2093750000000001 0.3765625 0.2093750000000001 0.3765625 0.2250000000000001 0.4609375 0.2250000000000001
0 0.5421875 0.2093750000000001 0.4828125 0.2093750000000001 0.4828125 0.2250000000000001 0.5421875 0.2250000000000001
0 0.6109375 0.2062500000000001 0.58125 0.2062500000000001 0.58125 0.2250000000000001 0.6109375 0.2250000000000001
0 0.7125 0.2093750000000001 0.646875 0.2093750000000001 0.646875 0.2250000000000001 0.7125 0.2250000000000001
0 0.85625 0.21250000000000008 0.7390625 0.21250000000000008 0.7390625 0.2250000000000001 0.85625 0.2250000000000001
0 0.19687500000000005 0.2640625 0.14375000000000004 0.2640625 0.14375000000000004 0.278125 0.19687500000000005 0.278125
0 0.26875 0.2625 0.225 0.2625 0.225 0.2875 0.26875 0.2875
0 0.3328125 0.2609375 0.3015625 0.2609375 0.3015625 0.278125 0.3328125 0.278125
0 0.43125 0.26250000000000007 0.375 0.26250000000000007 0.375 0.27812500000000007 0.43125 0.27812500000000007
0 0.5078125 0.2609375000000001 0.4640625 0.2609375000000001 0.4640625 0.2921875000000001 0.5078125 0.2921875000000001
0 0.578125 0.2609375000000001 0.5453125 0.2609375000000001 0.5453125 0.27812500000000007 0.578125 0.27812500000000007
0 0.6796875 0.26250000000000007 0.6078125 0.26250000000000007 0.6078125 0.2921875000000001 0.6796875 0.2921875000000001
0 0.7296875 0.26250000000000007 0.6984375 0.26250000000000007 0.6984375 0.2906250000000001 0.7296875 0.2906250000000001
0 0.7921875 0.2609375000000001 0.759375 0.2609375000000001 0.759375 0.27812500000000007 0.7921875 0.27812500000000007
0 0.24375 0.315625 0.14843750000000006 0.315625 0.14843750000000006 0.3359375 0.24375 0.3359375
0 0.3484375 0.309375 0.290625 0.309375 0.290625 0.3390625 0.3484375 0.3390625
0 0.5359375 0.30937500000000007 0.384375 0.30937500000000007 0.384375 0.3468750000000001 0.5359375 0.3468750000000001
0 0.5515625 0.3265625000000001 0.546875 0.3265625000000001 0.546875 0.3312500000000001 0.5515625 0.3312500000000001
0 0.646875 0.30937500000000007 0.575 0.30937500000000007 0.575 0.3281250000000001 0.646875 0.3281250000000001
0 0.7234375 0.3078125000000001 0.6796875 0.3078125000000001 0.6796875 0.3281250000000001 0.7234375 0.3281250000000001
0 0.81875 0.3109375000000001 0.74375 0.3109375000000001 0.74375 0.3296875000000001 0.81875 0.3296875000000001
0 0.853125 0.3203125000000001 0.8375 0.3203125000000001 0.8375 0.3281250000000001 0.853125 0.3281250000000001
0 0.20312500000000008 0.3640625 0.14687500000000003 0.3640625 0.14687500000000003 0.3796875 0.20312500000000008 0.3796875
0 0.3187500000000001 0.371875 0.2312500000000001 0.371875 0.2312500000000001 0.38125 0.3187500000000001 0.38125
0 0.36250000000000004 0.3625 0.34375 0.3625 0.34375000000000006 0.38125 0.3625000000000001 0.38125
0 0.4171875 0.3625000000000001 0.3796875 0.3625000000000001 0.37968750000000007 0.37968750000000007 0.4171875 0.37968750000000007
0 0.5625 0.3593750000000001 0.4609375 0.3593750000000001 0.4609375 0.3781250000000001 0.5625 0.3781250000000001
0 0.6609375 0.36406250000000007 0.58125 0.36406250000000007 0.58125 0.38750000000000007 0.6609375 0.38750000000000007
0 0.7421875 0.36406250000000007 0.7 0.36406250000000007 0.7 0.37968750000000007 0.7421875 0.37968750000000007
0 0.7921875 0.3656250000000001 0.775 0.3656250000000001 0.775 0.37968750000000007 0.7921875 0.37968750000000007
0 0.2015625000000001 0.4140625 0.14687500000000003 0.4140625 0.14687500000000003 0.4296875 0.2015625000000001 0.4296875
0 0.2812500000000001 0.415625 0.2312500000000001 0.415625 0.2312500000000001 0.4296875 0.2812500000000001 0.4296875
0 0.403125 0.4125 0.3125000000000001 0.4125 0.3125000000000001 0.4484375 0.403125 0.4484375
0 0.5203125 0.4171875 0.4296875 0.4171875 0.4296875 0.4421875 0.5203125 0.4421875
0 0.5375 0.428125 0.534375 0.428125 0.534375 0.4296875 0.5375 0.4296875
0 0.60625 0.415625 0.5828125 0.415625 0.5828125 0.4328125 0.60625 0.4328125
0 0.6453125 0.4171875 0.63125 0.4171875 0.63125 0.43125 0.6453125 0.43125
0 0.7453125 0.4171875000000001 0.6796875 0.4171875 0.6796875 0.4484375000000001 0.7453125 0.44843750000000016
0 0.8640625 0.4156250000000002 0.771875 0.4156250000000002 0.771875 0.43281250000000016 0.8640625 0.43281250000000016
0 0.19375000000000003 0.4625 0.14218750000000005 0.4625 0.14218750000000005 0.4828125 0.19375000000000003 0.4828125
0 0.2796875000000001 0.4625 0.2453125000000001 0.4625 0.2453125000000001 0.4828125 0.2796875000000001 0.4828125
0 0.4375 0.4671875 0.3140625000000001 0.4671875 0.3140625000000001 0.48125 0.4375 0.48125
0 0.5296875 0.4640625 0.471875 0.4640625 0.471875 0.48125 0.5296875 0.48125
0 0.5796875 0.4734375 0.55625 0.4734375 0.55625 0.4953125 0.5796875 0.4953125
0 0.634375 0.471875 0.60625 0.471875 0.60625 0.48125 0.634375 0.48125
0 0.7515625 0.46562500000000007 0.6609375 0.465625 0.6609375 0.4796875000000001 0.7515625 0.47968750000000016
0 0.8640625 0.4656250000000002 0.7734375 0.4656250000000002 0.7734375 0.49218750000000017 0.8640625 0.49218750000000017
0 0.17187500000000006 0.5140625 0.13593750000000004 0.5140625 0.13593750000000004 0.534375 0.17187500000000006 0.534375
0 0.30156250000000007 0.5125 0.2140625000000001 0.5125 0.2140625000000001 0.53125 0.30156250000000007 0.53125
0 0.3843750000000001 0.5125 0.3359375000000001 0.5125 0.3359375000000001 0.528125 0.3843750000000001 0.528125
0 0.4703125 0.515625 0.4140625 0.515625 0.4140625 0.5296875 0.4703125 0.5296875
0 0.609375 0.5140625 0.490625 0.5140625 0.490625 0.55 0.609375 0.55
0 0.6734375 0.515625 0.6234375 0.515625 0.6234375 0.5515625 0.6734375 0.5515625
0 0.7890625 0.5140625000000001 0.7 0.5140625 0.7 0.5453125000000001 0.7890625 0.5453125000000002
0 0.8671875 0.5140625000000002 0.809375 0.5140625000000002 0.809375 0.5312500000000002 0.8671875 0.5312500000000002
0 0.1921875000000001 0.565625 0.1390625000000001 0.565625 0.1390625000000001 0.5828125 0.1921875000000001 0.5828125
0 0.3437500000000001 0.5625 0.2234375000000001 0.5625 0.2234375000000001 0.5921875 0.3437500000000001 0.5921875
0 0.459375 0.5609375 0.3859375000000001 0.5609375 0.3859375000000001 0.58125 0.459375 0.58125
0 0.4703125 0.575 0.45625 0.575 0.45625 0.596875 0.4703125 0.596875