0 0.18281250000000004 0.2625 0.12031250000000004 0.2625 0.12031250000000004 0.290625 0.18281250000000004 0.290625
0 0.315625 0.259375 0.2015625 0.259375 0.2015625 0.2875 0.315625 0.2875
0 0.3296875 0.2828125 0.325 0.2828125 0.325 0.29375 0.3296875 0.29375
0 0.38125 0.26250000000000007 0.3484375 0.2625 0.3484375 0.29687500000000006 0.38125 0.2968750000000001
0 0.4359375 0.2609375000000001 0.4015625 0.2609375000000001 0.4015625 0.28593750000000007 0.4359375 0.28593750000000007
0 0.4796875 0.2578125000000001 0.4484375 0.2578125000000001 0.4484375 0.28593750000000007 0.4796875 0.28593750000000007
0 0.578125 0.2578125000000001 0.496875 0.2578125000000001 0.496875 0.28593750000000007 0.578125 0.28593750000000007
0 0.66875 0.2515625000000001 0.6015625 0.2515625000000001 0.6015625 0.2843750000000001 0.66875 0.2843750000000001
0 0.7984375 0.25468750000000007 0.6921875 0.25468750000000007 0.6921875 0.2843750000000001 0.7984375 0.2843750000000001
0 0.896875 0.25468750000000007 0.8109375 0.25468750000000007 0.8109375 0.2828125000000001 0.896875 0.2828125000000001
0 0.9046875 0.2796875000000001 0.896875 0.2796875000000001 0.896875 0.2906250000000001 0.9046875 0.2906250000000001
0 0.15156250000000004 0.309375 0.13281250000000006 0.309375 0.13281250000000006 0.3359375 0.15156250000000004 0.3359375
0 0.3078125 0.3109375 0.19531250000000006 0.3109375 0.19531250000000006 0.353125 0.3078125 0.353125
0 0.35 0.321875 0.334375 0.321875 0.334375 0.3375 0.35 0.3375
0 0.4875 0.3078125000000001 0.3828125 0.3078125000000001 0.3828125 0.3375000000000001 0.4875 0.3375000000000001
0 0.5453125 0.3203125000000001 0.515625 0.3203125000000001 0.515625 0.33281250000000007 0.5453125 0.33281250000000007
0 0.61875 0.30937500000000007 0.5734375 0.30937500000000007 0.5734375 0.3359375000000001 0.61875 0.3359375000000001
0 0.7296875 0.3062500000000001 0.65 0.3062500000000001 0.65 0.34843750000000007 0.7296875 0.34843750000000007
0 0.83125 0.30937500000000007 0.7515625 0.30937500000000007 0.7515625 0.3312500000000001 0.83125 0.3312500000000001
0 0.30625 0.3625 0.12187500000000004 0.3625 0.12187500000000004 0.403125 0.3062500000000001 0.403125
0 0.3703125000000001 0.37187500000000007 0.3359375000000001 0.371875 0.3359375000000001 0.38593750000000004 0.3703125000000001 0.3859375000000001
0 0.4828125 0.3625000000000001 0.3953125 0.3625000000000001 0.39531250000000007 0.4046875 0.4828125 0.4046875
0 0.5765625 0.3593750000000001 0.503125 0.3593750000000001 0.503125 0.39531250000000007 0.5765625 0.39531250000000007
0 0.6203125 0.3703125000000001 0.5953125 0.3703125000000001 0.5953125 0.3843750000000001 0.6203125 0.3843750000000001
0 0.6890625 0.3578125000000001 0.621875 0.3578125000000001 0.621875 0.3843750000000001 0.6890625 0.3843750000000001
0 0.8109375 0.3578125000000001 0.7171875 0.3578125000000001 0.7171875 0.39531250000000007 0.8109375 0.39531250000000007
0 0.2812500000000001 0.4140625 0.11875000000000005 0.4140625 0.11875000000000005 0.4515625 0.2812500000000001 0.4515625
0 0.4640625 0.409375 0.3078125000000001 0.409375 0.3078125000000001 0.4390625 0.4640625 0.4390625
0 0.565625 0.40625 0.4921875 0.40625 0.4921875 0.4359375 0.565625 0.4359375
0 0.64375 0.4109375 0.5953125 0.4109375 0.5953125 0.4375 0.64375 0.4375
0 0.6875 0.4046875 0.6609375 0.4046875 0.6609375 0.4328125 0.6875 0.4328125
0 0.8546875 0.4046875000000001 0.703125 0.4046875 0.703125 0.4359375000000001 0.8546875 0.4359375000000002
0 0.2609375000000001 0.4625 0.11718750000000004 0.4625 0.11718750000000004 0.5015625 0.2609375000000001 0.5015625
0 0.3359375000000001 0.4609375 0.3031250000000001 0.4609375 0.3031250000000001 0.4875 0.3359375000000001 0.4875
0 0.3921875000000001 0.4609375 0.3578125000000001 0.4609375 0.3578125000000001 0.4875 0.3921875000000001 0.4875
0 0.49375 0.459375 0.4234375 0.459375 0.4234375 0.4875 0.49375 0.4875
0 0.5609375 0.4546875 0.521875 0.4546875 0.521875 0.4890625 0.5609375 0.4890625
0 0.746875 0.4593750000000001 0.5703125 0.459375 0.5703125 0.4937500000000001 0.746875 0.4937500000000002
0 0.7640625 0.47968750000000016 0.759375 0.47968750000000016 0.759375 0.48437500000000017 0.7640625 0.48437500000000017
0 0.859375 0.45625000000000016 0.7734375 0.45625000000000016 0.7734375 0.48437500000000017 0.859375 0.48437500000000017
0 0.22812500000000008 0.5078125 0.12656250000000005 0.5078125 0.12656250000000005 0.5375 0.22812500000000008 0.5375
0 0.2921875000000001 0.5109375 0.2593750000000001 0.5109375 0.2593750000000001 0.5359375 0.2921875000000001 0.5359375
0 0.421875 0.5109375 0.3109375000000001 0.5109375 0.3109375000000001 0.5375 0.421875 0.5375
0 0.6890625 0.5078125 0.4515625 0.5078125 0.4515625 0.5375 0.6890625 0.5375
0 0.746875 0.5093750000000001 0.7125 0.509375 0.7125 0.5484375000000001 0.746875 0.5484375000000001
0 0.8546875 0.5187500000000002 0.765625 0.5187500000000002 0.765625 0.5343750000000002 0.8546875 0.5343750000000002
0 0.1546875000000001 0.5625 0.12343750000000009 0.5625 0.12343750000000009 0.5921875 0.1546875000000001 0.5921875
0 0.34062500000000007 0.5640625 0.1843750000000001 0.5640625 0.1843750000000001 0.5921875 0.34062500000000007 0.5921875
0 0.5609375 0.559375 0.3687500000000001 0.559375 0.3687500000000001 0.5890625 0.5609375 0.5890625
0 0.703125 0.559375 0.59375 0.559375 0.59375 0.5859375 0.703125 0.5859375
0 0.7828125 0.5609375000000002 0.73125 0.5609375000000002 0.73125 0.5843750000000002 0.7828125 0.5843750000000002
0 0.8109375 0.5531250000000002 0.8015625 0.5531250000000002 0.8015625 0.5609375000000002 0.8109375 0.5609375000000002
0 0.9109375 0.5578125000000002 0.8078125 0.5578125000000002 0.8078125 0.5890625000000002 0.9109375 0.5890625000000002
0 0.91875 0.5578125000000002 0.9125 0.5578125000000002 0.9125 0.5671875000000002 0.91875 0.5671875000000002
0 0.2484375000000001 0.6125 0.12656250000000008 0.6125 0.12656250000000008 0.6390625 0.2484375000000001 0.6390625
0 0.26250000000000007 0.6359375 0.2531250000000001 0.6359375 0.2531250000000001 0.6484375 0.26250000000000007 0.6484375
0 0.33281250000000007 0.6109375 0.2812500000000001 0.6109375 0.2812500000000001 0.6390625 0.33281250000000007 0.6390625
0 0.4046875 0.6140625 0.3578125000000001 0.6140625 0.3578125000000001 0.6390625 0.4046875 0.6390625
0 0.51875 0.6140625 0.421875 0.6140625 0.421875 0.6390625 0.51875 0.6390625
0 0.5578125 0.6125 0.5390625 0.6125 0.5390625 0.6375 0.5578125 0.6375
0 0.6625 0.609375 0.5953125 0.609375 0.5953125 0.6390625 0.6625 0.6390625
0 0.7296875 0.6078125000000001 0.6765625 0.6078125 0.6765625 0.6343750000000001 0.7296875 0.6343750000000001
0 0.91875 0.6093750000000002 0.75625 0.6093750000000002 0.75625 0.6375000000000002 0.91875 0.6375000000000002
0 0.1515625000000001 0.6625 0.11875000000000009 0.6625 0.11875000000000009 0.690625 0.1515625000000001 0.690625
0 0.3140625000000001 0.6609375 0.17187500000000008 0.6609375 0.17187500000000008 0.6890625 0.3140625000000001 0.6890625
0 0.4015625 0.6625 0.3390625000000001 0.6625 0.3390625000000001 0.6890625 0.4015625 0.6890625
0 0.5734375 0.6625 0.43125 0.6625 0.43125 0.6890625 0.5734375 0.6890625
0 0.58125 0.68125 0.5765625 0.68125 0.5765625 0.6859375 0.58125 0.6859375
0 0.653125 0.6578125 0.5921875 0.6578125 0.5921875 0.6859375 0.653125 0.6859375
0 0.6859375 0.659375 0.66875 0.659375 0.66875 0.684375 0.6859375 0.684375
0 0.76875 0.659375 0.7140625 0.659375 0.7140625 0.6859375000000001 0.76875 0.6859375000000002
0 0.8390625 0.6562500000000002 0.79375 0.6562500000000002 0.79375 0.6859375000000002 0.8390625 0.6859375000000002
0 0.9328125 0.6515625000000002 0.853125 0.6515625000000002 0.853125 0.6906250000000002 0.9328125 0.6906250000000002
0 0.9234375 0.6843750000000002 0.9140625 0.6843750000000002 0.9140625 0.6937500000000002 0.9234375 0.6937500000000002
0 0.1453125000000001 0.7265625 0.11875000000000009 0.7265625 0.11875000000000009 0.740625 0.1453125000000001 0.740625
0 0.20312500000000008 0.715625 0.17187500000000008 0.715625 0.17187500000000008 0.74375 0.20312500000000008 0.74375
0 0.3109375000000001 0.7140625 0.2328125000000001 0.7140625 0.2328125000000001 0.7421875 0.3109375000000001 0.7421875
0 0.3890625000000001 0.7140625 0.3437500000000001 0.7140625 0.3437500000000001 0.740625 0.3890625000000001 0.740625
0 0.4875000000000001 0.715625 0.4140625 0.715625 0.4140625000000001 0.7421875 0.48750000000000016 0.7421875
0 0.6921875000000001 0.7109375 0.5109375 0.7109375 0.5109375 0.75 0.6921875000000002 0.75
0 0.8609375 0.7140625 0.7171875 0.7140625 0.7171875000000001 0.7390625000000001 0.8609375 0.7390625000000002
0 0.9375 0.7140625000000002 0.875 0.7140625000000002 0.875 0.7421875000000002 0.9375 0.7421875000000002
0 0.4437500000000002 0.765625 0.1609375000000001 0.765625 0.1609375000000001 0.790625 0.4437500000000002 0.790625
0 0.875 0.7640625000000001 0.11562500000000009 0.7640625 0.11562500000000009 0.7921875 0.875 0.7921875000000002
0 0.875 0.7640625000000001 0.11562500000000009 0.7640625 0.11562500000000009 0.7921875 0.875 0.7921875000000002
0 0.875 0.7640625000000001 0.11562500000000009 0.7640625 0.11562500000000009 0.7921875 0.875 0.7921875000000002
0 0.875 0.7640625000000001 0.11562500000000009 0.7640625 0.11562500000000009 0.7921875 0.875 0.7921875000000002
0 0.875 0.7640625000000001 0.11562500000000009 0.7640625 0.11562500000000009 0.7921875 0.875 0.7921875000000002
0 0.875 0.7640625000000001 0.11562500000000009 0.7640625 0.11562500000000009 0.7921875 0.875 0.7921875000000002
0 0.8796875 0.7671875000000001 0.8734375 0.7671875000000001 0.8734375 0.7703125000000002 0.8796875 0.7703125000000002
0 0.909375 0.7671875000000001 0.8859375 0.7671875000000001 0.8859375 0.7921875000000002 0.909375 0.7921875000000002
0 0.9203125 0.7828125000000001 0.9078125 0.7828125000000001 0.9078125 0.7921875000000002 0.9203125 0.7921875000000002
0 0.9453125 0.7703125000000002 0.9203125 0.7703125000000002 0.9203125 0.7921875000000002 0.9453125 0.7921875000000002