0 0.19843750000000004 0.253125 0.13437500000000005 0.253125 0.13437500000000005 0.2828125 0.19843750000000004 0.2828125
0 0.415625 0.25468750000000007 0.225 0.2546875 0.225 0.29687500000000006 0.415625 0.2968750000000001
0 0.50625 0.2515625000000001 0.4640625 0.2515625000000001 0.4640625 0.2984375000000001 0.50625 0.2984375000000001
0 0.590625 0.25468750000000007 0.53125 0.25468750000000007 0.53125 0.28593750000000007 0.590625 0.28593750000000007
0 0.7609375 0.25468750000000007 0.6234375 0.25468750000000007 0.6234375 0.2890625000000001 0.7609375 0.2890625000000001
0 0.29375 0.30625 0.13125000000000003 0.30625 0.13125000000000003 0.34375 0.29375 0.34375
0 0.3421875 0.31875 0.321875 0.31875 0.321875 0.334375 0.3421875 0.334375
0 0.425 0.3062500000000001 0.375 0.3062500000000001 0.375 0.3500000000000001 0.425 0.3500000000000001
0 0.5140625 0.3078125000000001 0.459375 0.3078125000000001 0.459375 0.3375000000000001 0.5140625 0.3375000000000001
0 0.7 0.30937500000000007 0.5359375 0.30937500000000007 0.5359375 0.3375000000000001 0.7 0.3375000000000001
0 0.8578125 0.3109375000000001 0.7296875 0.3109375000000001 0.7296875 0.3531250000000001 0.8578125 0.3531250000000001
0 0.20781250000000004 0.3546875 0.12343750000000005 0.3546875 0.12343750000000005 0.4 0.2078125000000001 0.4
0 0.29531250000000003 0.35625 0.240625 0.35625 0.24062500000000003 0.3828125 0.2953125000000001 0.3828125
0 0.3390625000000001 0.36875 0.3234375000000001 0.36875 0.3234375000000001 0.384375 0.3390625000000001 0.384375
0 0.575 0.3609375000000001 0.36875 0.3609375000000001 0.36875 0.38750000000000007 0.575 0.38750000000000007
0 0.8203125 0.3625000000000001 0.60625 0.3625000000000001 0.60625 0.4000000000000001 0.8203125 0.4000000000000002
0 0.2156250000000001 0.4203125 0.12500000000000006 0.4203125 0.12500000000000006 0.4453125 0.2156250000000001 0.4453125
0 0.2890625000000001 0.409375 0.2578125000000001 0.409375 0.2578125000000001 0.4375 0.2890625000000001 0.4375
0 0.3265625000000001 0.4203125 0.3109375000000001 0.4203125 0.3109375000000001 0.4359375 0.3265625000000001 0.4359375
0 0.4265625 0.409375 0.3687500000000001 0.409375 0.3687500000000001 0.4421875 0.4265625 0.4421875
0 0.5328125 0.4140625 0.459375 0.4140625 0.459375 0.4359375 0.5328125 0.4359375
0 0.54375 0.4296875 0.5390625 0.4296875 0.5390625 0.4359375 0.54375 0.4359375
0 0.6171875 0.409375 0.5703125 0.409375 0.5703125 0.44375 0.6171875 0.44375
0 0.6703125 0.4109375 0.628125 0.4109375 0.628125 0.4359375 0.6703125 0.4359375
0 0.7125 0.40625 0.6546875 0.40625 0.6546875 0.434375 0.7125 0.434375
0 0.7703125 0.4078125000000001 0.7140625 0.4078125 0.7140625 0.4375000000000001 0.7703125 0.43750000000000017
0 0.9109375 0.4078125000000002 0.7859375 0.4078125000000002 0.7859375 0.4390625000000002 0.9109375 0.4390625000000002
0 0.2656250000000001 0.453125 0.12343750000000005 0.453125 0.12343750000000005 0.4859375 0.2656250000000001 0.4859375
0 0.29375000000000007 0.4578125 0.28593750000000007 0.4578125 0.28593750000000007 0.4671875 0.29375000000000007 0.4671875
0 0.3921875000000001 0.4609375 0.30156250000000007 0.4609375 0.30156250000000007 0.5015625 0.3921875000000001 0.5015625
0 0.459375 0.459375 0.409375 0.459375 0.409375 0.4953125 0.459375 0.4953125
0 0.55625 0.4609375 0.4765625 0.4609375 0.4765625 0.50625 0.55625 0.50625
0 0.6703125 0.4578125 0.5828125 0.4578125 0.5828125 0.4875 0.6703125 0.4875
0 0.68125 0.4578125 0.675 0.4578125 0.675 0.465625 0.68125 0.465625
0 0.7203125 0.4609375 0.703125 0.4609375 0.703125 0.4859375 0.7203125 0.4859375
0 0.8015625 0.4593750000000002 0.7546875 0.4593750000000002 0.7546875 0.4859375000000002 0.8015625 0.4859375000000002
0 0.871875 0.45625000000000016 0.8078125 0.45625000000000016 0.8078125 0.4890625000000002 0.871875 0.4890625000000002
0 0.36406250000000007 0.5125 0.12812500000000004 0.5125 0.12812500000000007 0.55 0.36406250000000007 0.55
0 0.39531250000000007 0.50625 0.3890625000000001 0.50625 0.3890625000000001 0.5140625 0.39531250000000007 0.5140625
0 0.60625 0.5015625 0.4 0.5015625 0.4 0.5484375 0.60625 0.5484375
0 0.6234375 0.5140625 0.6140625 0.5140625 0.6140625 0.521875 0.6234375 0.521875
0 0.7125 0.5140625 0.65 0.5140625 0.65 0.5390625 0.7125 0.5390625
0 0.765625 0.5125000000000002 0.7390625 0.5125000000000002 0.7390625 0.5359375000000002 0.765625 0.5359375000000002
0 0.825 0.5125000000000002 0.78125 0.5125000000000002 0.78125 0.5390625000000002 0.825 0.5390625000000002
0 0.27031250000000007 0.55625 0.1281250000000001 0.55625 0.1281250000000001 0.5875 0.27031250000000007 0.5875
0 0.3296875000000001 0.55625 0.3046875000000001 0.55625 0.3046875000000001 0.584375 0.3296875000000001 0.584375
0 0.4 0.559375 0.3531250000000001 0.559375 0.3531250000000001 0.5859375 0.4 0.5859375
0 0.65 0.559375 0.4359375 0.559375 0.4359375 0.596875 0.65 0.596875
0 0.771875 0.5703125000000001 0.684375 0.5703125 0.684375 0.5875000000000001 0.771875 0.5875000000000001
0 0.7796875 0.5828125000000002 0.7765625 0.5828125000000002 0.7765625 0.5859375000000002 0.7796875 0.5859375000000002
0 0.8328125 0.5593750000000002 0.796875 0.5593750000000002 0.796875 0.5953125000000001 0.8328125 0.5953125000000001
0 0.878125 0.5687500000000002 0.8484375 0.5687500000000002 0.8484375 0.5859375000000002 0.878125 0.5859375000000002
0 0.21875000000000008 0.6203125 0.13281250000000008 0.6203125 0.13281250000000008 0.6375 0.21875000000000008 0.6375
0 0.26250000000000007 0.6234375 0.2468750000000001 0.6234375 0.2468750000000001 0.6359375 0.26250000000000007 0.6359375
0 0.4796875 0.609375 0.2921875000000001 0.609375 0.2921875000000001 0.6484375 0.4796875 0.6484375
0 0.4890625 0.634375 0.484375 0.634375 0.484375 0.6453125 0.4890625 0.6453125
0 0.54375 0.609375 0.5125 0.609375 0.5125 0.6359375 0.54375 0.6359375
0 0.578125 0.6125 0.5609375 0.6125 0.5609375 0.6390625 0.578125 0.6390625
0 0.634375 0.6078125 0.609375 0.6078125 0.609375 0.6375 0.634375 0.6375
0 0.75 0.6218750000000001 0.6671875 0.621875 0.6671875 0.6515625 0.75 0.6515625000000002
0 0.8796875 0.6109375000000001 0.775 0.6109375000000001 0.775 0.6453125000000002 0.8796875 0.6453125000000002
0 0.14218750000000008 0.675 0.1312500000000001 0.675 0.1312500000000001 0.6890625 0.14218750000000008 0.6890625
0 0.3843750000000001 0.6640625 0.1750000000000001 0.6640625 0.1750000000000001 0.696875 0.3843750000000001 0.696875
0 0.5265625 0.6625 0.421875 0.6625 0.421875 0.6890625 0.5265625 0.6890625
0 0.628125 0.6671875 0.559375 0.6671875 0.559375 0.690625 0.628125 0.690625
0 0.7 0.6671875 0.6484375 0.6671875 0.6484375 0.690625 0.7 0.690625
0 0.7703125 0.6640625000000001 0.725 0.6640625 0.725 0.690625 0.7703125 0.6906250000000002
0 0.9234375 0.6734375000000001 0.8015625 0.6734375000000001 0.8015625 0.6953125000000002 0.9234375 0.6953125000000002
0 0.1546875000000001 0.709375 0.13437500000000008 0.709375 0.13437500000000008 0.7390625 0.1546875000000001 0.7390625
0 0.20468750000000008 0.725 0.18906250000000008 0.725 0.18906250000000008 0.7390625 0.20468750000000008 0.7390625
0 0.32500000000000007 0.7109375 0.2328125000000001 0.7109375 0.2328125000000001 0.753125 0.32500000000000007 0.753125
0 0.4468750000000001 0.70625 0.3531250000000001 0.70625 0.3531250000000001 0.740625 0.4468750000000002 0.740625
0 0.6531250000000001 0.7125 0.46875 0.7125 0.4687500000000001 0.746875 0.6531250000000002 0.746875
0 0.7109375000000001 0.7125 0.675 0.7125 0.675 0.7453125 0.7109375000000002 0.7453125
0 0.93125 0.7140625000000002 0.7375 0.7140625000000002 0.7375 0.7515625000000001 0.93125 0.7515625000000001
0 0.1781250000000001 0.7625 0.14062500000000008 0.7625 0.14062500000000008 0.790625 0.1781250000000001 0.790625
0 0.8765625 0.7625000000000001 0.1765625000000001 0.7625 0.1765625000000001 0.7921875 0.8765625 0.7921875000000002
0 0.8765625 0.7625000000000001 0.1765625000000001 0.7625 0.1765625000000001 0.7921875 0.8765625 0.7921875000000002
0 0.8765625 0.7625000000000001 0.1765625000000001 0.7625 0.1765625000000001 0.7921875 0.8765625 0.7921875000000002
0 0.8765625 0.7625000000000001 0.1765625000000001 0.7625 0.1765625000000001 0.7921875 0.8765625 0.7921875000000002
0 0.8765625 0.7625000000000001 0.1765625000000001 0.7625 0.1765625000000001 0.7921875 0.8765625 0.7921875000000002
0 0.8765625 0.7625000000000001 0.1765625000000001 0.7625 0.1765625000000001 0.7921875 0.8765625 0.7921875000000002
0 0.8390625 0.7765625000000002 0.7546875000000002 0.7765625000000002 0.7546875000000002 0.7890625000000002 0.8390625 0.7890625000000002
0 0.9171875 0.7671875000000001 0.8875 0.7671875000000001 0.8875 0.7921875000000002 0.9171875 0.7921875000000002
0 0.978125 0.7703125000000002 0.91875 0.7703125000000002 0.91875 0.7921875000000002 0.978125 0.7921875000000002
0 0.9875 0.7812500000000002 0.9765625 0.7812500000000002 0.9765625 0.7921875000000002 0.9875 0.7921875000000002