0 0.15625000000000006 0.2578125 0.13281250000000006 0.2578125 0.13281250000000006 0.2734375 0.15625000000000006 0.2734375
0 0.2140625 0.2609375 0.16875000000000004 0.2609375 0.16875000000000004 0.275 0.2140625 0.275
0 0.246875 0.2671875 0.2296875 0.2671875 0.2296875 0.2765625 0.246875 0.2765625
0 0.3359375 0.259375 0.2578125 0.259375 0.2578125 0.2890625 0.3359375 0.2890625
0 0.4078125 0.259375 0.35625 0.259375 0.35625 0.27656250000000004 0.4078125 0.2765625000000001
0 0.465625 0.2562500000000001 0.4265625 0.2562500000000001 0.4265625 0.2812500000000001 0.465625 0.2812500000000001
0 0.546875 0.26250000000000007 0.46875 0.26250000000000007 0.46875 0.2796875000000001 0.546875 0.2796875000000001
0 0.61875 0.2640625000000001 0.5640625 0.2640625000000001 0.5640625 0.2796875000000001 0.61875 0.2796875000000001
0 0.75 0.2609375000000001 0.628125 0.2609375000000001 0.628125 0.27812500000000007 0.75 0.27812500000000007
0 0.815625 0.2562500000000001 0.7609375 0.2562500000000001 0.7609375 0.2812500000000001 0.815625 0.2812500000000001
0 0.209375 0.30625 0.12812500000000004 0.30625 0.12812500000000004 0.325 0.209375 0.325
0 0.2484375 0.309375 0.225 0.309375 0.225 0.3265625 0.2484375 0.3265625
0 0.25625 0.321875 0.24375 0.321875 0.24375 0.33125 0.25625 0.33125
0 0.2921875 0.309375 0.2625 0.309375 0.2625 0.3328125 0.2921875 0.3328125
0 0.43125 0.31562500000000004 0.30625 0.315625 0.30625 0.32812500000000006 0.43125 0.3281250000000001
0 0.584375 0.3109375000000001 0.4515625 0.3109375000000001 0.4515625 0.3265625000000001 0.584375 0.3265625000000001
0 0.7453125 0.3109375000000001 0.5984375 0.3109375000000001 0.5984375 0.3359375000000001 0.7453125 0.3359375000000001
0 0.75625 0.3218750000000001 0.74375 0.3218750000000001 0.74375 0.3343750000000001 0.75625 0.3343750000000001
0 0.8296875 0.3125000000000001 0.7671875 0.3125000000000001 0.7671875 0.3281250000000001 0.8296875 0.3281250000000001
0 0.20000000000000004 0.3578125 0.12812500000000004 0.3578125 0.12812500000000004 0.3765625 0.2000000000000001 0.3765625
0 0.25312500000000004 0.3609375 0.2140625 0.3609375 0.21406250000000004 0.378125 0.2531250000000001 0.378125
0 0.30000000000000004 0.3578125 0.2625 0.3578125 0.26250000000000007 0.3828125 0.3000000000000001 0.3828125
0 0.4359375 0.36250000000000004 0.30625 0.3625 0.30625 0.37812500000000004 0.4359375 0.3781250000000001
0 0.5328125 0.3656250000000001 0.4578125 0.3656250000000001 0.4578125 0.3781250000000001 0.5328125 0.3781250000000001
0 0.54375 0.3750000000000001 0.540625 0.3750000000000001 0.540625 0.3765625000000001 0.54375 0.3765625000000001
0 0.634375 0.3578125000000001 0.5640625 0.3578125000000001 0.5640625 0.3781250000000001 0.634375 0.3781250000000001
0 0.6875 0.3578125000000001 0.653125 0.3578125000000001 0.653125 0.3828125000000001 0.6875 0.3828125000000001
0 0.721875 0.3625000000000001 0.7 0.3625000000000001 0.7 0.3781250000000001 0.721875 0.3781250000000001
0 0.7875 0.3625000000000001 0.73125 0.3625000000000001 0.73125 0.3781250000000001 0.7875 0.3781250000000001
0 0.18906250000000005 0.4078125 0.12812500000000004 0.4078125 0.12812500000000004 0.425 0.18906250000000005 0.425
0 0.2390625000000001 0.4125 0.2000000000000001 0.4125 0.2000000000000001 0.428125 0.2390625000000001 0.428125
0 0.30156250000000007 0.409375 0.2593750000000001 0.409375 0.2593750000000001 0.4328125 0.30156250000000007 0.4328125
0 0.509375 0.4125 0.3109375000000001 0.4125 0.3109375000000001 0.434375 0.509375 0.434375
0 0.51875 0.4234375 0.50625 0.4234375 0.50625 0.434375 0.51875 0.434375
0 0.5671875 0.4171875 0.534375 0.4171875 0.534375 0.428125 0.5671875 0.428125
0 0.628125 0.4078125 0.5828125 0.4078125 0.5828125 0.428125 0.628125 0.428125
0 0.8265625 0.4093750000000001 0.640625 0.409375 0.640625 0.4359375000000001 0.8265625 0.4359375000000002
0 0.2000000000000001 0.459375 0.12812500000000004 0.459375 0.12812500000000004 0.4828125 0.2000000000000001 0.4828125
0 0.21093750000000008 0.471875 0.2015625000000001 0.471875 0.2015625000000001 0.4796875 0.21093750000000008 0.4796875
0 0.2906250000000001 0.459375 0.2234375000000001 0.459375 0.2234375000000001 0.4765625 0.2906250000000001 0.4765625
0 0.3703125000000001 0.465625 0.3062500000000001 0.465625 0.3062500000000001 0.478125 0.3703125000000001 0.478125
0 0.5109375 0.4609375 0.3921875000000001 0.4609375 0.3921875000000001 0.4765625 0.5109375 0.4765625
0 0.5484375 0.4671875 0.5171875 0.4671875 0.5171875 0.4765625 0.5484375 0.4765625
0 0.63125 0.46875 0.571875 0.46875 0.571875 0.4796875 0.63125 0.4796875
0 0.7078125 0.465625 0.646875 0.465625 0.646875 0.48125 0.7078125 0.48125
0 0.753125 0.4687500000000001 0.721875 0.46875 0.721875 0.4796875000000001 0.753125 0.47968750000000016
0 0.2468750000000001 0.509375 0.11875000000000005 0.509375 0.11875000000000005 0.528125 0.2468750000000001 0.528125
0 0.2562500000000001 0.5234375 0.2531250000000001 0.5234375 0.2531250000000001 0.525 0.2562500000000001 0.525
0 0.32500000000000007 0.5125 0.27812500000000007 0.5125 0.27812500000000007 0.528125 0.32500000000000007 0.528125
0 0.41875 0.5125 0.3468750000000001 0.5125 0.3468750000000001 0.540625 0.41875 0.540625
0 0.453125 0.509375 0.4296875 0.509375 0.4296875 0.5296875 0.453125 0.5296875
0 0.49375 0.5125 0.44375 0.5125 0.44375 0.5265625 0.49375 0.5265625
0 0.5671875 0.5140625 0.503125 0.5140625 0.503125 0.5296875 0.5671875 0.5296875
0 0.621875 0.515625 0.5796875 0.515625 0.5796875 0.5296875 0.621875 0.5296875
0 0.70625 0.5140625 0.6390625 0.5140625 0.6390625 0.5421875 0.70625 0.5421875
0 0.7140625 0.5265625 0.7078125 0.5265625 0.7078125 0.5328125 0.7140625 0.5328125
0 0.7484375 0.5140625000000001 0.725 0.5140625 0.725 0.5296875000000001 0.7484375 0.5296875000000002
0 0.815625 0.5125000000000002 0.7625 0.5125000000000002 0.7625 0.5296875000000002 0.815625 0.5296875000000002
0 0.1843750000000001 0.565625 0.1140625000000001 0.565625 0.1140625000000001 0.5796875 0.1843750000000001 0.5796875
0 0.2375000000000001 0.5609375 0.2015625000000001 0.5609375 0.2015625000000001 0.58125 0.2375000000000001 0.58125
0 0.3046875000000001 0.5625 0.2390625000000001 0.5625 0.2390625000000001 0.58125 0.3046875000000001 0.58125
0 0.3046875000000001 0.575 0.2968750000000001 0.575 0.2968750000000001 0.5828125 0.3046875000000001 0.5828125
0 0.428125 0.5640625 0.3203125000000001 0.5640625 0.3203125000000001 0.5796875 0.428125 0.5796875
0 0.5171875 0.5640625 0.4421875 0.5640625 0.4421875 0.578125 0.5171875 0.578125
0 0.5375 0.5703125 0.525 0.5703125 0.525 0.584375 0.5375 0.584375
0 0.6078125 0.5625 0.5546875 0.5625 0.5546875 0.5796875 0.6078125 0.5796875
0 0.64375 0.565625 0.621875 0.565625 0.621875 0.578125 0.64375 0.578125
0 0.703125 0.5625 0.6625 0.5625 0.6625 0.5796875 0.703125 0.5796875
0 0.8015625 0.5703125000000001 0.721875 0.5703125 0.721875 0.5828125000000001 0.8015625 0.5828125000000002
0 0.8671875 0.5609375000000002 0.8265625 0.5609375000000002 0.8265625 0.5859375000000002 0.8671875 0.5859375000000002
0 0.2500000000000001 0.6109375 0.11875000000000009 0.6109375 0.11875000000000009 0.6265625 0.2500000000000001 0.6265625
0 0.3312500000000001 0.615625 0.2750000000000001 0.615625 0.2750000000000001 0.6296875 0.3312500000000001 0.6296875
0 0.509375 0.615625 0.3500000000000001 0.615625 0.3500000000000001 0.63125 0.509375 0.63125
0 0.5515625 0.6140625 0.5265625 0.6140625 0.5265625 0.628125 0.5515625 0.628125
0 0.6703125 0.6140625 0.5703125 0.6140625 0.5703125 0.63125 0.6703125 0.63125
0 0.709375 0.6203125 0.690625 0.6203125 0.690625 0.63125 0.709375 0.63125
0 0.7453125 0.6140625000000001 0.7234375 0.6140625 0.7234375 0.6296875000000001 0.7453125 0.6296875000000002
0 0.7796875 0.6109375000000001 0.7515625 0.6109375000000001 0.7515625 0.6343750000000001 0.7796875 0.6343750000000001
0 0.8109375 0.6171875000000002 0.7890625 0.6171875000000002 0.7890625 0.6296875000000002 0.8109375 0.6296875000000002
0 0.1828125000000001 0.6609375 0.12343750000000009 0.6609375 0.12343750000000009 0.6765625 0.1828125000000001 0.6765625
0 0.2406250000000001 0.6609375 0.19687500000000008 0.6609375 0.19687500000000008 0.6828125 0.2406250000000001 0.6828125
0 0.26250000000000007 0.6671875 0.24375000000000008 0.6671875 0.24375000000000008 0.678125 0.26250000000000007 0.678125
0 0.3453125000000001 0.66875 0.2812500000000001 0.66875 0.2812500000000001 0.6796875 0.3453125000000001 0.6796875
0 0.4 0.66875 0.3687500000000001 0.66875 0.3687500000000001 0.678125 0.4 0.678125
0 0.4671875 0.6625 0.421875 0.6625 0.421875 0.678125 0.4671875 0.678125
0 0.5359375 0.66875 0.4859375 0.66875 0.4859375 0.6796875 0.5359375 0.6796875
0 0.571875 0.6609375 0.5484375 0.6609375 0.5484375 0.68125 0.571875 0.68125
0 0.703125 0.6625 0.559375 0.6625 0.559375 0.6890625 0.703125 0.6890625
0 0.834375 0.6640625000000001 0.7125 0.6640625 0.7125 0.6828125 0.834375 0.6828125000000002
0 0.859375 0.6625000000000002 0.828125 0.6625000000000002 0.828125 0.6859375000000002 0.859375 0.6859375000000002
0 0.8625 0.6796875000000002 0.8546875 0.6796875000000002 0.8546875 0.6859375000000002 0.8625 0.6859375000000002
0 0.16562500000000008 0.7078125 0.11875000000000009 0.7078125 0.11875000000000009 0.725 0.16562500000000008 0.725
0 0.28593750000000007 0.7125 0.1843750000000001 0.7125 0.1843750000000001 0.73125 0.28593750000000007 0.73125
0 0.3234375000000001 0.7171875 0.3062500000000001 0.7171875 0.3062500000000001 0.728125 0.3234375000000001 0.728125
0 0.39531250000000007 0.7078125 0.34062500000000007 0.7078125 0.34062500000000007 0.73125 0.39531250000000007 0.73125
0 0.48906250000000007 0.7125 0.4203125 0.7125 0.4203125000000001 0.7375 0.4890625000000002 0.7375
0 0.5781250000000001 0.7140625 0.5140625 0.7140625 0.5140625000000001 0.73125 0.5781250000000002 0.73125
0 0.6312500000000001 0.71875 0.5984375 0.71875 0.5984375000000001 0.7328125 0.6312500000000002 0.7328125
0 0.7890625000000001 0.7125000000000001 0.6546875 0.7125 0.6546875000000001 0.7359375000000001 0.7890625000000002 0.7359375000000001
0 0.865625 0.7156250000000002 0.8 0.7156250000000002 0.8 0.7468750000000002 0.865625 0.7468750000000002