0 0.2875 0.2234375 0.14687500000000003 0.2234375 0.14687500000000003 0.2640625 0.2875 0.2640625
0 0.4140625 0.22812500000000005 0.3078125 0.228125 0.3078125 0.26250000000000007 0.4140625 0.26250000000000007
0 0.4265625 0.2500000000000001 0.421875 0.2500000000000001 0.421875 0.2578125000000001 0.4265625 0.2578125000000001
0 0.4828125 0.22656250000000008 0.434375 0.22656250000000008 0.434375 0.2515625000000001 0.4828125 0.2515625000000001
0 0.584375 0.2250000000000001 0.5046875 0.2250000000000001 0.5046875 0.2515625000000001 0.584375 0.2515625000000001
0 0.74375 0.2328125000000001 0.6046875 0.2328125000000001 0.6046875 0.2515625000000001 0.74375 0.2515625000000001
0 0.8953125 0.22812500000000008 0.7609375 0.22812500000000008 0.7609375 0.2531250000000001 0.8953125 0.2531250000000001
0 0.19375000000000003 0.275 0.14687500000000003 0.275 0.14687500000000003 0.303125 0.19375000000000003 0.303125
0 0.28125 0.275 0.215625 0.275 0.215625 0.309375 0.28125 0.309375
0 0.3703125 0.275 0.3046875 0.275 0.3046875 0.30468750000000006 0.3703125 0.3046875000000001
0 0.5109375 0.2796875000000001 0.396875 0.2796875000000001 0.396875 0.30156250000000007 0.5109375 0.30156250000000007
0 0.6640625 0.2765625000000001 0.5375 0.2765625000000001 0.5375 0.3031250000000001 0.6640625 0.3031250000000001
0 0.6703125 0.2968750000000001 0.6671875 0.2968750000000001 0.6671875 0.3062500000000001 0.6703125 0.3062500000000001
0 0.759375 0.2796875000000001 0.6796875 0.2796875000000001 0.6796875 0.30156250000000007 0.759375 0.30156250000000007
0 0.928125 0.2765625000000001 0.778125 0.2765625000000001 0.778125 0.3125000000000001 0.928125 0.3125000000000001
0 0.2890625 0.3234375 0.14218750000000005 0.3234375 0.14218750000000005 0.359375 0.2890625 0.359375
0 0.4625 0.32500000000000007 0.3203125 0.325 0.3203125 0.36250000000000004 0.4625 0.3625000000000001
0 0.696875 0.3296875000000001 0.4890625 0.3296875000000001 0.4890625 0.36406250000000007 0.696875 0.36406250000000007
0 0.7265625 0.3265625000000001 0.7203125 0.3265625000000001 0.7203125 0.3359375000000001 0.7265625 0.3359375000000001
0 0.775 0.32500000000000007 0.7265625 0.32500000000000007 0.7265625 0.3500000000000001 0.775 0.3500000000000001
0 0.8953125 0.3265625000000001 0.8015625 0.3265625000000001 0.8015625 0.3531250000000001 0.8953125 0.3531250000000001
0 0.19062500000000004 0.3765625 0.14531250000000004 0.3765625 0.14531250000000004 0.403125 0.19062500000000004 0.403125
0 0.2640625000000001 0.384375 0.2093750000000001 0.384375 0.2093750000000001 0.4015625 0.2640625000000001 0.4015625
0 0.3937500000000001 0.3765625 0.2906250000000001 0.3765625 0.2906250000000001 0.4015625 0.3937500000000001 0.4015625
0 0.4171875 0.3734375000000001 0.4 0.3734375000000001 0.4 0.415625 0.4171875 0.415625
0 0.421875 0.3734375000000001 0.41875 0.3734375000000001 0.41875 0.3828125000000001 0.421875 0.3828125000000001
0 0.45625 0.3859375000000001 0.4375 0.3859375000000001 0.4375 0.4015625 0.45625 0.4015625
0 0.6484375 0.3781250000000001 0.48125 0.3781250000000001 0.48125 0.4109375 0.6484375 0.4109375
0 0.7828125 0.3812500000000001 0.6703125 0.3812500000000001 0.6703125 0.40312500000000007 0.7828125 0.4031250000000002
0 0.89375 0.3765625000000001 0.809375 0.3765625000000001 0.809375 0.4125000000000002 0.89375 0.4125000000000002
0 0.17031250000000003 0.425 0.14375000000000004 0.425 0.14375000000000004 0.4515625 0.17031250000000003 0.4515625
0 0.21875000000000008 0.425 0.21093750000000008 0.425 0.21093750000000008 0.4359375 0.21875000000000008 0.4359375
0 0.30937500000000007 0.428125 0.22656250000000008 0.428125 0.22656250000000008 0.465625 0.30937500000000007 0.465625
0 0.33281250000000007 0.4234375 0.3125000000000001 0.4234375 0.3125000000000001 0.4640625 0.33281250000000007 0.4640625
0 0.3375000000000001 0.4265625 0.33281250000000007 0.4265625 0.33281250000000007 0.4390625 0.3375000000000001 0.4390625
0 0.3703125000000001 0.425 0.3625000000000001 0.425 0.3625000000000001 0.4375 0.3703125000000001 0.4375
0 0.4875 0.4265625 0.3750000000000001 0.4265625 0.3750000000000001 0.45625 0.4875 0.45625
0 0.5484375 0.434375 0.5109375 0.434375 0.5109375 0.4578125 0.5484375 0.4578125
0 0.69375 0.4265625 0.58125 0.4265625 0.58125 0.453125 0.69375 0.453125
0 0.721875 0.421875 0.696875 0.421875 0.696875 0.4640625 0.721875 0.4640625
0 0.7265625 0.4234375000000001 0.7234375 0.4234375 0.7234375 0.4328125000000001 0.7265625 0.43281250000000016
0 0.803125 0.4343750000000002 0.73125 0.4343750000000002 0.73125 0.45312500000000017 0.803125 0.45312500000000017
0 0.8703125 0.42968750000000017 0.8171875 0.42968750000000017 0.8171875 0.45312500000000017 0.8703125 0.45312500000000017
0 0.21093750000000008 0.478125 0.14218750000000005 0.478125 0.14218750000000005 0.5015625 0.21093750000000008 0.5015625
0 0.34843750000000007 0.478125 0.23437500000000008 0.478125 0.23437500000000008 0.5109375 0.34843750000000007 0.5109375
0 0.415625 0.475 0.3781250000000001 0.475 0.3781250000000001 0.50625 0.415625 0.50625
0 0.496875 0.478125 0.4375 0.478125 0.4375 0.5046875 0.496875 0.5046875
0 0.6671875 0.4796875 0.525 0.4796875 0.525 0.50625 0.6671875 0.50625
0 0.8078125 0.48125000000000007 0.690625 0.48125 0.690625 0.5062500000000001 0.8078125 0.5062500000000002
0 0.825 0.5015625000000001 0.821875 0.5015625000000001 0.821875 0.5046875000000002 0.825 0.5046875000000002
0 0.9109375 0.47656250000000017 0.83125 0.47656250000000017 0.83125 0.5046875000000002 0.9109375 0.5046875000000002
0 0.15625000000000006 0.5359375 0.14062500000000006 0.5359375 0.14062500000000006 0.5546875 0.15625000000000008 0.5546875
0 0.3453125000000001 0.528125 0.18281250000000004 0.528125 0.18281250000000007 0.5609375 0.3453125000000001 0.5609375
0 0.46875 0.5265625 0.3656250000000001 0.5265625 0.3656250000000001 0.5625 0.46875 0.5625
0 0.5765625 0.5296875 0.490625 0.5296875 0.490625 0.55625 0.5765625 0.55625
0 0.578125 0.553125 0.5703125 0.553125 0.5703125 0.5625 0.578125 0.5625
0 0.646875 0.528125 0.590625 0.528125 0.590625 0.553125 0.646875 0.553125
0 0.74375 0.5296875000000001 0.66875 0.5296875 0.66875 0.5562500000000001 0.74375 0.5562500000000001
0 0.88125 0.5296875000000002 0.765625 0.5296875000000002 0.765625 0.5625000000000002 0.88125 0.5625000000000002
0 0.2000000000000001 0.5796875 0.14218750000000008 0.5796875 0.14218750000000008 0.6046875 0.2000000000000001 0.6046875
0 0.2890625000000001 0.578125 0.22812500000000008 0.578125 0.22812500000000008 0.6046875 0.2890625000000001 0.6046875
0 0.3421875000000001 0.5875 0.3203125000000001 0.5875 0.3203125000000001 0.60625 0.3421875000000001 0.60625
0 0.4515625 0.58125 0.3625000000000001 0.58125 0.3625000000000001 0.6046875 0.4515625 0.6046875
0 0.5171875 0.578125 0.4796875 0.578125 0.4796875 0.6125 0.5171875 0.6125
0 0.6859375 0.5796875 0.54375 0.5796875 0.54375 0.6109375 0.6859375 0.6109375
0 0.9078125 0.58125 0.684375 0.58125 0.684375 0.6187500000000001 0.9078125 0.6187500000000001
0 0.1984375000000001 0.6328125 0.1437500000000001 0.6328125 0.1437500000000001 0.65625 0.1984375000000001 0.65625
0 0.3609375000000001 0.634375 0.22812500000000008 0.634375 0.22812500000000008 0.66875 0.3609375000000001 0.66875
0 0.4578125 0.6328125 0.3859375000000001 0.6328125 0.3859375000000001 0.6671875 0.4578125 0.6671875
0 0.7625 0.6328125000000001 0.4890625 0.6328125 0.4890625 0.6687500000000001 0.7625 0.6687500000000002
0 0.815625 0.6328125000000002 0.7890625 0.6328125000000002 0.7890625 0.6578125000000001 0.815625 0.6578125000000001
0 0.903125 0.6328125000000002 0.8453125 0.6328125000000002 0.8453125 0.6578125000000001 0.903125 0.6578125000000001
0 0.3203125000000001 0.6796875 0.1453125000000001 0.6796875 0.1453125000000001 0.7078125 0.3203125000000001 0.7078125
0 0.3687500000000001 0.6796875 0.34843750000000007 0.6796875 0.34843750000000007 0.7171875 0.3687500000000001 0.7171875
0 0.528125 0.6796875 0.37187500000000007 0.6796875 0.37187500000000007 0.71875 0.528125 0.71875
0 0.603125 0.6796875 0.5421875 0.6796875 0.5421875 0.7171875 0.603125 0.7171875
0 0.7046875 0.68125 0.628125 0.68125 0.628125 0.7203125 0.7046875 0.7203125
0 0.775 0.6796875000000001 0.721875 0.6796875 0.721875 0.7187500000000001 0.775 0.7187500000000002
0 0.91875 0.6812500000000001 0.803125 0.6812500000000001 0.803125 0.7140625000000002 0.91875 0.7140625000000002
0 0.29375000000000007 0.725 0.1390625000000001 0.725 0.1390625000000001 0.75 0.29375000000000007 0.75
0 0.3125000000000001 0.725 0.2843750000000001 0.725 0.2843750000000001 0.7671875 0.3125000000000001 0.7671875
0 0.3187500000000001 0.746875 0.3156250000000001 0.746875 0.3156250000000001 0.75 0.3187500000000001 0.75