0 0.2328125 0.2125 0.13593750000000004 0.2125 0.13593750000000004 0.253125 0.2328125 0.253125
0 0.3 0.2125 0.2421875 0.2125 0.2421875 0.2390625 0.3 0.2390625
0 0.4609375 0.21250000000000005 0.309375 0.2125 0.309375 0.23750000000000004 0.4609375 0.2375000000000001
0 0.621875 0.21093750000000008 0.4890625 0.21093750000000008 0.4890625 0.2375000000000001 0.621875 0.2375000000000001
0 0.634375 0.2296875000000001 0.628125 0.2296875000000001 0.628125 0.24218750000000008 0.634375 0.24218750000000008
0 0.79375 0.2093750000000001 0.64375 0.2093750000000001 0.64375 0.2390625000000001 0.79375 0.2390625000000001
0 0.80625 0.22812500000000008 0.796875 0.22812500000000008 0.796875 0.2406250000000001 0.80625 0.2406250000000001
0 0.903125 0.21875000000000008 0.8140625 0.21875000000000008 0.8140625 0.2375000000000001 0.903125 0.2375000000000001
0 0.34375 0.2625 0.13281250000000006 0.2625 0.13281250000000006 0.303125 0.34375 0.303125
0 0.4609375 0.26250000000000007 0.3671875 0.26250000000000007 0.3671875 0.29375000000000007 0.4609375 0.29375000000000007
0 0.684375 0.26250000000000007 0.475 0.26250000000000007 0.475 0.30156250000000007 0.684375 0.30156250000000007
0 0.8359375 0.2593750000000001 0.7046875 0.2593750000000001 0.7046875 0.2875000000000001 0.8359375 0.2875000000000001
0 0.846875 0.2828125000000001 0.8421875 0.2828125000000001 0.8421875 0.2890625000000001 0.846875 0.2890625000000001
0 0.915625 0.26250000000000007 0.8515625 0.26250000000000007 0.8515625 0.2843750000000001 0.915625 0.2843750000000001
0 0.18593750000000003 0.3140625 0.13281250000000006 0.3140625 0.13281250000000006 0.3390625 0.18593750000000003 0.3390625
0 0.19687500000000005 0.3296875 0.18906250000000005 0.3296875 0.18906250000000005 0.3421875 0.19687500000000005 0.3421875
0 0.2515625 0.325 0.19843750000000004 0.325 0.19843750000000004 0.3390625 0.2515625 0.3390625
0 0.35 0.3140625 0.26875 0.3140625 0.26875 0.3453125 0.35 0.3453125
0 0.365625 0.33281250000000007 0.359375 0.3328125 0.359375 0.34375000000000006 0.365625 0.3437500000000001
0 0.440625 0.32500000000000007 0.371875 0.32500000000000007 0.371875 0.3390625000000001 0.440625 0.3390625000000001
0 0.5578125 0.31718750000000007 0.453125 0.31718750000000007 0.453125 0.3390625000000001 0.5578125 0.3390625000000001
0 0.6140625 0.3140625000000001 0.575 0.3140625000000001 0.575 0.3375000000000001 0.6140625 0.3375000000000001
0 0.7703125 0.3140625000000001 0.634375 0.3140625000000001 0.634375 0.3468750000000001 0.7703125 0.3468750000000001
0 0.9 0.3140625000000001 0.784375 0.3140625000000001 0.784375 0.3375000000000001 0.9 0.3375000000000001
0 0.9625 0.3156250000000001 0.90625 0.3156250000000001 0.90625 0.35625000000000007 0.9625 0.35625000000000007
0 0.18125000000000005 0.3640625 0.13125000000000003 0.3640625 0.13125000000000003 0.390625 0.18125000000000005 0.390625
0 0.31093750000000003 0.3625 0.19687500000000005 0.3625 0.19687500000000005 0.3890625 0.3109375000000001 0.3890625
0 0.3625000000000001 0.3671875 0.3265625000000001 0.3671875 0.3265625000000001 0.3875 0.3625000000000001 0.3875
0 0.4734375 0.3625000000000001 0.384375 0.3625000000000001 0.384375 0.3984375000000001 0.4734375 0.3984375000000001
0 0.5234375 0.36406250000000007 0.4875 0.36406250000000007 0.4875 0.3937500000000001 0.5234375 0.3937500000000001
0 0.590625 0.3609375000000001 0.5328125 0.3609375000000001 0.5328125 0.3890625000000001 0.590625 0.3890625000000001
0 0.8578125 0.3625000000000001 0.6125 0.3625000000000001 0.6125 0.4062500000000001 0.8578125 0.40625000000000017
0 0.9390625 0.3656250000000001 0.871875 0.3656250000000001 0.871875 0.3890625000000001 0.9390625 0.3890625000000001
0 0.2015625000000001 0.41875 0.13281250000000006 0.41875 0.13281250000000006 0.44375 0.2015625000000001 0.44375
0 0.2578125000000001 0.4125 0.2171875000000001 0.4125 0.2171875000000001 0.4390625 0.2578125000000001 0.4390625
0 0.3531250000000001 0.4140625 0.2750000000000001 0.4140625 0.2750000000000001 0.440625 0.3531250000000001 0.440625
0 0.521875 0.41875 0.3656250000000001 0.41875 0.3656250000000001 0.4421875 0.521875 0.4421875
0 0.61875 0.4140625 0.5296875 0.4140625 0.5296875 0.440625 0.61875 0.440625
0 0.6296875 0.4359375 0.628125 0.4359375 0.628125 0.4375 0.6296875 0.4375
0 0.6921875 0.4171875 0.6390625 0.4171875 0.6390625 0.440625 0.6921875 0.440625
0 0.79375 0.4171875000000001 0.70625 0.4171875 0.70625 0.4484375000000001 0.79375 0.44843750000000016
0 0.8828125 0.41718750000000016 0.8046875 0.41718750000000016 0.8046875 0.4421875000000002 0.8828125 0.4421875000000002
0 0.93125 0.4156250000000002 0.8859375 0.4156250000000002 0.8859375 0.4421875000000002 0.93125 0.4421875000000002
0 0.15781250000000005 0.4671875 0.13437500000000005 0.4671875 0.13437500000000005 0.490625 0.15781250000000005 0.490625
0 0.2296875000000001 0.4671875 0.17031250000000003 0.4671875 0.17031250000000003 0.49375 0.2296875000000001 0.49375
0 0.3546875000000001 0.465625 0.2390625000000001 0.465625 0.2390625000000001 0.5125 0.3546875000000001 0.5125
0 0.4140625 0.4765625 0.3781250000000001 0.4765625 0.3781250000000001 0.4890625 0.4140625 0.4890625
0 0.475 0.4640625 0.4328125 0.4640625 0.4328125 0.4890625 0.475 0.4890625
0 0.6234375 0.4625 0.490625 0.4625 0.490625 0.490625 0.6234375 0.490625
0 0.73125 0.4625000000000001 0.6390625 0.4625 0.6390625 0.4906250000000001 0.73125 0.4906250000000002
0 0.7328125 0.4859375000000001 0.7234375 0.4859375 0.7234375 0.4953125000000001 0.7328125 0.49531250000000016
0 0.89375 0.46406250000000016 0.75 0.46406250000000016 0.75 0.4890625000000002 0.89375 0.4890625000000002
0 0.9484375 0.4671875000000002 0.9078125 0.4671875000000002 0.9078125 0.4984375000000002 0.9484375 0.4984375000000002
0 0.22812500000000008 0.515625 0.12656250000000005 0.515625 0.12656250000000005 0.54375 0.22812500000000008 0.54375
0 0.3203125000000001 0.515625 0.2484375000000001 0.515625 0.2484375000000001 0.5421875 0.3203125000000001 0.5421875
0 0.471875 0.515625 0.3343750000000001 0.515625 0.3343750000000001 0.540625 0.471875 0.540625
0 0.4875 0.5328125 0.4796875 0.5328125 0.4796875 0.5421875 0.4875 0.5421875
0 0.58125 0.5171875 0.4984375 0.5171875 0.4984375 0.559375 0.58125 0.559375
0 0.6625 0.515625 0.6 0.515625 0.6 0.5390625 0.6625 0.5390625
0 0.7921875 0.5171875000000001 0.671875 0.5171875 0.671875 0.5578125 0.7921875 0.5578125000000002
0 0.8890625 0.5125000000000002 0.8046875 0.5125000000000002 0.8046875 0.5390625000000002 0.8890625 0.5390625000000002
0 0.953125 0.5156250000000002 0.9015625 0.5156250000000002 0.9015625 0.5421875000000002 0.953125 0.5421875000000002
0 0.2328125000000001 0.5765625 0.13281250000000008 0.5765625 0.13281250000000008 0.6078125 0.2328125000000001 0.6078125
0 0.421875 0.5671875 0.24218750000000008 0.5671875 0.24218750000000008 0.6078125 0.421875 0.6078125
0 0.4921875 0.565625 0.446875 0.565625 0.446875 0.6 0.4921875 0.6
0 0.6921875 0.565625 0.5109375 0.565625 0.5109375 0.5921875 0.6921875 0.5921875
0 0.7 0.5875 0.696875 0.5875 0.696875 0.590625 0.7 0.590625