0 0.16718750000000004 0.2171875 0.13281250000000006 0.2171875 0.13281250000000006 0.240625 0.16718750000000004 0.240625
0 0.2359375 0.2140625 0.18281250000000004 0.2140625 0.18281250000000004 0.246875 0.2359375 0.246875
0 0.328125 0.2171875 0.253125 0.2171875 0.253125 0.2375 0.328125 0.2375
0 0.38125 0.21875000000000006 0.35 0.21875 0.35 0.24843750000000003 0.38125 0.2484375000000001
0 0.44375 0.2171875000000001 0.390625 0.2171875000000001 0.390625 0.2406250000000001 0.44375 0.2406250000000001
0 0.5625 0.2171875000000001 0.465625 0.2171875000000001 0.465625 0.25468750000000007 0.5625 0.25468750000000007
0 0.69375 0.22031250000000008 0.575 0.22031250000000008 0.575 0.2531250000000001 0.69375 0.2531250000000001
0 0.78125 0.2234375000000001 0.7109375 0.2234375000000001 0.7109375 0.2562500000000001 0.78125 0.2562500000000001
0 0.8234375 0.2218750000000001 0.796875 0.2218750000000001 0.796875 0.2390625000000001 0.8234375 0.2390625000000001
0 0.19218750000000004 0.2671875 0.12968750000000004 0.2671875 0.12968750000000004 0.2890625 0.19218750000000004 0.2890625
0 0.2390625 0.2671875 0.2015625 0.2671875 0.2015625 0.296875 0.2390625 0.296875
0 0.3234375 0.26875 0.2484375 0.26875 0.2484375 0.2984375 0.3234375 0.2984375
0 0.4109375 0.28125000000000006 0.3421875 0.28125 0.3421875 0.30156250000000007 0.4109375 0.30156250000000007
0 0.4671875 0.27031250000000007 0.4328125 0.27031250000000007 0.4328125 0.2906250000000001 0.4671875 0.2906250000000001
0 0.509375 0.27031250000000007 0.475 0.27031250000000007 0.475 0.29375000000000007 0.509375 0.29375000000000007
0 0.6125 0.2656250000000001 0.525 0.2656250000000001 0.525 0.2921875000000001 0.6125 0.2921875000000001
0 0.7015625 0.2687500000000001 0.625 0.2687500000000001 0.625 0.3000000000000001 0.7015625 0.3000000000000001
0 0.8 0.2718750000000001 0.7171875 0.2718750000000001 0.7171875 0.2906250000000001 0.8 0.2906250000000001
0 0.240625 0.3171875 0.12968750000000004 0.3171875 0.12968750000000004 0.3421875 0.240625 0.3421875
0 0.2515625 0.334375 0.2484375 0.334375 0.2484375 0.3359375 0.2515625 0.3359375
0 0.30625 0.3203125 0.271875 0.3203125 0.271875 0.340625 0.30625 0.340625
0 0.3421875 0.3203125 0.309375 0.3203125 0.309375 0.34375 0.3421875 0.34375
0 0.43125 0.321875 0.353125 0.321875 0.353125 0.34062500000000007 0.43125 0.34062500000000007
0 0.5390625 0.3218750000000001 0.4171875 0.3218750000000001 0.4171875 0.34843750000000007 0.5390625 0.34843750000000007
0 0.6125 0.32500000000000007 0.5515625 0.32500000000000007 0.5515625 0.3421875000000001 0.6125 0.3421875000000001
0 0.75625 0.3187500000000001 0.625 0.3187500000000001 0.625 0.3421875000000001 0.75625 0.3421875000000001
0 0.8109375 0.32500000000000007 0.76875 0.32500000000000007 0.76875 0.3531250000000001 0.8109375 0.3531250000000001
0 0.17031250000000003 0.3703125 0.12968750000000004 0.3703125 0.12968750000000004 0.390625 0.17031250000000003 0.390625
0 0.2390625000000001 0.36875 0.18906250000000005 0.36875 0.18906250000000005 0.3984375 0.2390625000000001 0.3984375
0 0.37968750000000007 0.37031250000000004 0.2515625000000001 0.3703125 0.2515625000000001 0.39062500000000006 0.37968750000000007 0.3906250000000001
0 0.3937500000000001 0.3859375000000001 0.3859375000000001 0.3859375000000001 0.3859375000000001 0.39531250000000007 0.3937500000000001 0.39531250000000007
0 0.45 0.37187500000000007 0.4015625 0.37187500000000007 0.4015625 0.3906250000000001 0.45 0.3906250000000001
0 0.48125 0.37187500000000007 0.4609375 0.37187500000000007 0.4609375 0.3890625000000001 0.48125 0.3890625000000001
0 0.55 0.3734375000000001 0.4953125 0.3734375000000001 0.4953125 0.3921875000000001 0.55 0.3921875000000001
0 0.734375 0.3703125000000001 0.565625 0.3703125000000001 0.565625 0.4000000000000001 0.734375 0.4000000000000002
0 0.803125 0.37187500000000007 0.74375 0.37187500000000007 0.74375 0.3921875000000001 0.803125 0.3921875000000001
0 0.18125000000000005 0.421875 0.13125000000000003 0.421875 0.13125000000000003 0.44375 0.18125000000000005 0.44375
0 0.3109375000000001 0.421875 0.2015625000000001 0.421875 0.2015625000000001 0.453125 0.3109375000000001 0.453125
0 0.3546875000000001 0.421875 0.3234375000000001 0.421875 0.3234375000000001 0.4484375 0.3546875000000001 0.4484375
0 0.39531250000000007 0.4234375 0.3578125000000001 0.4234375 0.3578125000000001 0.4421875 0.39531250000000007 0.4421875
0 0.496875 0.4203125 0.4109375 0.4203125 0.4109375 0.446875 0.496875 0.446875
0 0.5046875 0.440625 0.4984375 0.440625 0.4984375 0.446875 0.5046875 0.446875
0 0.5703125 0.4265625 0.5140625 0.4265625 0.5140625 0.44375 0.5703125 0.44375
0 0.61875 0.4265625 0.5796875 0.4265625 0.5796875 0.4421875 0.61875 0.4421875
0 0.7125 0.4234375 0.63125 0.4234375 0.63125 0.453125 0.7125 0.453125
0 0.859375 0.41875000000000007 0.7171875 0.41875 0.7171875 0.4515625000000001 0.859375 0.4515625000000002
0 0.16093750000000004 0.471875 0.13437500000000005 0.471875 0.13437500000000005 0.49375 0.16093750000000004 0.49375
0 0.19218750000000004 0.475 0.17031250000000003 0.475 0.17031250000000003 0.4921875 0.19218750000000004 0.4921875
0 0.3062500000000001 0.4703125 0.2062500000000001 0.4703125 0.2062500000000001 0.4921875 0.3062500000000001 0.4921875
0 0.3765625000000001 0.4703125 0.3203125000000001 0.4703125 0.3203125000000001 0.5015625 0.3765625000000001 0.5015625
0 0.4421875 0.4734375 0.3921875000000001 0.4734375 0.3921875000000001 0.49375 0.4421875 0.49375
0 0.54375 0.471875 0.4625 0.471875 0.4625 0.503125 0.54375 0.503125
0 0.5890625 0.471875 0.553125 0.471875 0.553125 0.4984375 0.5890625 0.4984375
0 0.725 0.4734375 0.59375 0.4734375 0.59375 0.4984375 0.725 0.4984375
0 0.8 0.4750000000000002 0.740625 0.4750000000000002 0.740625 0.4937500000000002 0.8 0.4937500000000002
0 0.9046875 0.4734375000000002 0.8046875 0.4734375000000002 0.8046875 0.49531250000000016 0.9046875 0.49531250000000016
0 0.17343750000000005 0.5328125 0.13437500000000005 0.5328125 0.13437500000000005 0.54375 0.17343750000000005 0.54375
0 0.3234375000000001 0.5203125 0.18906250000000005 0.5203125 0.18906250000000008 0.553125 0.3234375000000001 0.553125
0 0.459375 0.5265625 0.3359375000000001 0.5265625 0.3359375000000001 0.55625 0.459375 0.55625
0 0.4671875 0.5421875 0.465625 0.5421875 0.465625 0.54375 0.4671875 0.54375