0 0.15625000000000006 0.215625 0.11875000000000005 0.215625 0.11875000000000005 0.234375 0.15625000000000006 0.234375
0 0.25 0.2125 0.16718750000000004 0.2125 0.16718750000000004 0.25 0.25 0.25
0 0.45 0.21250000000000005 0.271875 0.2125 0.271875 0.23437500000000006 0.45 0.23437500000000008
0 0.628125 0.2156250000000001 0.478125 0.2156250000000001 0.478125 0.24375000000000008 0.628125 0.24375000000000008
0 0.6859375 0.2156250000000001 0.65625 0.2156250000000001 0.65625 0.23593750000000008 0.6859375 0.23593750000000008
0 0.8125 0.2156250000000001 0.7125 0.2156250000000001 0.7125 0.2500000000000001 0.8125 0.2500000000000001
0 0.9484375 0.2156250000000001 0.8390625 0.2156250000000001 0.8390625 0.2468750000000001 0.9484375 0.2468750000000001
0 0.959375 0.23593750000000008 0.9546875 0.23593750000000008 0.9546875 0.2484375000000001 0.959375 0.2484375000000001
0 0.19218750000000004 0.2671875 0.11093750000000005 0.2671875 0.11093750000000005 0.3015625 0.19218750000000004 0.3015625
0 0.2765625 0.2640625 0.2125 0.2640625 0.2125 0.29375 0.2765625 0.29375
0 0.378125 0.2671875 0.303125 0.2671875 0.303125 0.28593750000000007 0.378125 0.28593750000000007
0 0.4296875 0.2640625000000001 0.40625 0.2640625000000001 0.40625 0.2843750000000001 0.4296875 0.2843750000000001
0 0.4984375 0.2640625000000001 0.4546875 0.2640625000000001 0.4546875 0.28593750000000007 0.4984375 0.28593750000000007
0 0.628125 0.2640625000000001 0.521875 0.2640625000000001 0.521875 0.3000000000000001 0.628125 0.3000000000000001
0 0.7796875 0.2687500000000001 0.6625 0.2687500000000001 0.6625 0.2890625000000001 0.7796875 0.2890625000000001
0 0.83125 0.2671875000000001 0.8046875 0.2671875000000001 0.8046875 0.3000000000000001 0.83125 0.3000000000000001
0 0.9359375 0.2671875000000001 0.85 0.2671875000000001 0.85 0.2890625000000001 0.9359375 0.2890625000000001
0 0.2125 0.3171875 0.10625000000000004 0.3171875 0.10625000000000004 0.3578125 0.2125 0.3578125
0 0.3640625 0.3140625 0.24375 0.3140625 0.24375 0.33906250000000004 0.3640625 0.3390625000000001
0 0.6609375 0.3156250000000001 0.396875 0.3156250000000001 0.396875 0.3546875000000001 0.6609375 0.3546875000000001
0 0.759375 0.3125000000000001 0.690625 0.3125000000000001 0.690625 0.3359375000000001 0.759375 0.3359375000000001
0 0.7703125 0.33281250000000007 0.76875 0.33281250000000007 0.76875 0.3343750000000001 0.7703125 0.3343750000000001
0 0.8515625 0.31718750000000007 0.7953125 0.31718750000000007 0.7953125 0.3359375000000001 0.8515625 0.3359375000000001
0 0.9625 0.31718750000000007 0.871875 0.31718750000000007 0.871875 0.35625000000000007 0.9625 0.35625000000000007
0 0.19062500000000004 0.36875 0.11562500000000005 0.36875 0.11562500000000005 0.4015625 0.19062500000000004 0.4015625
0 0.2531250000000001 0.3703125 0.2171875000000001 0.3703125 0.2171875000000001 0.3875 0.2531250000000001 0.3875
0 0.3234375000000001 0.3640625 0.2796875000000001 0.3640625 0.2796875000000001 0.3859375 0.3234375000000001 0.3859375
0 0.3625000000000001 0.3796875 0.35625000000000007 0.3796875 0.35625000000000007 0.3921875 0.3625000000000001 0.3921875
0 0.44375 0.36562500000000003 0.3609375000000001 0.365625 0.3609375000000001 0.40625 0.44375 0.40625
0 0.4953125 0.3656250000000001 0.4640625 0.3656250000000001 0.4640625 0.3937500000000001 0.4953125 0.3937500000000001
0 0.559375 0.36406250000000007 0.515625 0.36406250000000007 0.515625 0.3859375000000001 0.559375 0.3859375000000001
0 0.665625 0.3687500000000001 0.578125 0.3687500000000001 0.578125 0.3921875000000001 0.665625 0.3921875000000001
0 0.6890625 0.3609375000000001 0.6796875 0.3609375000000001 0.6796875 0.3687500000000001 0.6890625 0.3687500000000001
0 0.7828125 0.3687500000000001 0.6921875 0.3687500000000001 0.6921875 0.3890625000000001 0.7828125 0.3890625000000001
0 0.840625 0.3750000000000001 0.80625 0.3750000000000001 0.80625 0.3890625000000001 0.840625 0.3890625000000001
0 0.984375 0.3734375000000001 0.8640625 0.3734375000000001 0.8640625 0.3968750000000001 0.984375 0.3968750000000001
0 0.17031250000000003 0.4203125 0.10937500000000004 0.4203125 0.10937500000000004 0.440625 0.17031250000000003 0.440625
0 0.3390625000000001 0.415625 0.20468750000000008 0.415625 0.20468750000000008 0.4359375 0.3390625000000001 0.4359375
0 0.3546875000000001 0.43125 0.3468750000000001 0.43125 0.3468750000000001 0.4484375 0.3546875000000001 0.4484375
0 0.415625 0.415625 0.37187500000000007 0.415625 0.37187500000000007 0.4375 0.415625 0.4375
0 0.4890625 0.4171875 0.446875 0.4171875 0.446875 0.440625 0.4890625 0.440625
0 0.584375 0.4171875 0.5078125 0.4171875 0.5078125 0.4515625 0.584375 0.4515625
0 0.6265625 0.41875 0.6109375 0.41875 0.6109375 0.4375 0.6265625 0.4375
0 0.64375 0.425 0.6234375 0.425 0.6234375 0.4578125 0.64375 0.4578125
0 0.7171875 0.41875 0.6703125 0.41875 0.6703125 0.440625 0.7171875 0.440625
0 0.8078125 0.41406250000000017 0.74375 0.41406250000000017 0.74375 0.44062500000000016 0.8078125 0.44062500000000016
0 0.9171875 0.41718750000000016 0.8375 0.41718750000000016 0.8375 0.4390625000000002 0.9171875 0.4390625000000002
0 0.93125 0.43281250000000016 0.9234375 0.43281250000000016 0.9234375 0.4468750000000002 0.93125 0.4468750000000002
0 0.16718750000000004 0.4734375 0.10156250000000004 0.4734375 0.10156250000000004 0.490625 0.16718750000000004 0.490625
0 0.2218750000000001 0.4734375 0.2015625000000001 0.4734375 0.2015625000000001 0.4875 0.2218750000000001 0.4875
0 0.38750000000000007 0.46875 0.2578125000000001 0.46875 0.2578125000000001 0.5078125 0.38750000000000007 0.5078125
0 0.453125 0.475 0.4203125 0.475 0.4203125 0.490625 0.453125 0.490625
0 0.521875 0.46875 0.478125 0.46875 0.478125 0.4890625 0.521875 0.4890625
0 0.596875 0.471875 0.55 0.471875 0.55 0.490625 0.596875 0.490625
0 0.7953125 0.4671875000000001 0.628125 0.4671875 0.628125 0.503125 0.7953125 0.5031250000000002
0 0.8953125 0.4671875000000002 0.825 0.4671875000000002 0.825 0.4890625000000002 0.8953125 0.4890625000000002
0 0.946875 0.46875000000000017 0.915625 0.46875000000000017 0.915625 0.5046875000000002 0.946875 0.5046875000000002
0 0.14218750000000005 0.5140625 0.10000000000000005 0.5140625 0.10000000000000005 0.5359375 0.14218750000000005 0.5359375
0 0.34062500000000007 0.5171875 0.18906250000000005 0.5171875 0.18906250000000005 0.5390625 0.34062500000000007 0.5390625
0 0.45625 0.525 0.3750000000000001 0.525 0.3750000000000001 0.55 0.45625 0.55
0 0.5234375 0.51875 0.4921875 0.51875 0.4921875 0.553125 0.5234375 0.553125
0 0.7140625 0.5171875 0.553125 0.5171875 0.553125 0.54375 0.7140625 0.54375
0 0.8875 0.5234375000000002 0.7515625 0.5234375000000002 0.7515625 0.5421875000000002 0.8875 0.5421875000000002
0 0.9015625 0.5421875000000002 0.8984375 0.5421875000000002 0.8984375 0.5437500000000002 0.9015625 0.5437500000000002