0 0.20625 0.21875 0.14687500000000003 0.21875 0.14687500000000003 0.240625 0.20625 0.240625
0 0.29375 0.2203125 0.228125 0.2203125 0.228125 0.2375 0.29375 0.2375
0 0.3453125 0.21875 0.3171875 0.21875 0.3171875 0.2359375 0.3453125 0.2359375
0 0.44375 0.22031250000000008 0.3671875 0.22031250000000008 0.3671875 0.2375000000000001 0.44375 0.2375000000000001
0 0.496875 0.2218750000000001 0.4609375 0.2218750000000001 0.4609375 0.2375000000000001 0.496875 0.2375000000000001
0 0.5640625 0.2218750000000001 0.5203125 0.2218750000000001 0.5203125 0.2375000000000001 0.5640625 0.2375000000000001
0 0.696875 0.22031250000000008 0.59375 0.22031250000000008 0.59375 0.2453125000000001 0.696875 0.2453125000000001
0 0.7046875 0.2390625000000001 0.69375 0.2390625000000001 0.69375 0.2468750000000001 0.7046875 0.2468750000000001
0 0.7796875 0.2218750000000001 0.7265625 0.2218750000000001 0.7265625 0.2375000000000001 0.7796875 0.2375000000000001
0 0.8296875 0.22812500000000008 0.796875 0.22812500000000008 0.796875 0.2375000000000001 0.8296875 0.2375000000000001
0 0.2328125 0.271875 0.14218750000000005 0.271875 0.14218750000000005 0.2890625 0.2328125 0.2890625
0 0.3796875 0.27031250000000007 0.265625 0.2703125 0.265625 0.28750000000000003 0.3796875 0.2875000000000001
0 0.4375 0.2718750000000001 0.40625 0.2718750000000001 0.40625 0.28593750000000007 0.4375 0.28593750000000007
0 0.5078125 0.2718750000000001 0.4640625 0.2718750000000001 0.4640625 0.2875000000000001 0.5078125 0.2875000000000001
0 0.6578125 0.27031250000000007 0.5296875 0.27031250000000007 0.5296875 0.2875000000000001 0.6578125 0.2875000000000001
0 0.665625 0.28593750000000007 0.6625 0.28593750000000007 0.6625 0.2875000000000001 0.665625 0.2875000000000001
0 0.715625 0.2718750000000001 0.6890625 0.2718750000000001 0.6890625 0.2875000000000001 0.715625 0.2875000000000001
0 0.81875 0.2765625000000001 0.71875 0.2765625000000001 0.71875 0.30156250000000007 0.81875 0.30156250000000007
0 0.19375000000000003 0.321875 0.13750000000000004 0.321875 0.13750000000000004 0.3515625 0.19375000000000003 0.3515625
0 0.2921875 0.3203125 0.2203125 0.3203125 0.2203125 0.3375 0.2921875 0.3375
0 0.346875 0.3234375 0.3125 0.3234375 0.3125 0.3390625 0.346875 0.3390625
0 0.3875 0.3281250000000001 0.3703125 0.3281250000000001 0.3703125 0.3375000000000001 0.3875 0.3375000000000001
0 0.496875 0.3218750000000001 0.4078125 0.3218750000000001 0.4078125 0.3515625000000001 0.496875 0.3515625000000001
0 0.6140625 0.3218750000000001 0.5234375 0.3218750000000001 0.5234375 0.3515625000000001 0.6140625 0.3515625000000001
0 0.7140625 0.3265625000000001 0.640625 0.3265625000000001 0.640625 0.3375000000000001 0.7140625 0.3375000000000001
0 0.80625 0.3203125000000001 0.7421875 0.3203125000000001 0.7421875 0.3390625000000001 0.80625 0.3390625000000001
0 0.19062500000000004 0.3703125 0.14375000000000004 0.3703125 0.14375000000000004 0.3859375 0.19062500000000004 0.3859375
0 0.3531250000000001 0.3703125 0.21093750000000008 0.3703125 0.21093750000000008 0.3984375 0.3531250000000001 0.3984375
0 0.3656250000000001 0.38906250000000003 0.35625000000000007 0.3890625 0.35625000000000007 0.39531250000000007 0.3656250000000001 0.39531250000000007
0 0.5484375 0.37187500000000007 0.3812500000000001 0.37187500000000007 0.3812500000000001 0.4015625 0.5484375 0.4015625
0 0.675 0.37187500000000007 0.575 0.37187500000000007 0.575 0.3890625000000001 0.675 0.3890625000000001
0 0.675 0.3843750000000001 0.671875 0.3843750000000001 0.671875 0.3859375000000001 0.675 0.3859375000000001
0 0.7265625 0.37187500000000007 0.7 0.37187500000000007 0.7 0.3859375000000001 0.7265625 0.3859375000000001
0 0.815625 0.3734375000000001 0.7484375 0.3734375000000001 0.7484375 0.38750000000000007 0.815625 0.38750000000000007
0 0.32500000000000007 0.421875 0.13906250000000003 0.421875 0.13906250000000003 0.453125 0.32500000000000007 0.453125
0 0.403125 0.421875 0.3546875000000001 0.421875 0.3546875000000001 0.4390625 0.403125 0.4390625
0 0.5078125 0.4234375 0.4265625 0.4234375 0.4265625 0.4390625 0.5078125 0.4390625
0 0.5796875 0.4296875 0.53125 0.4296875 0.53125 0.4390625 0.5796875 0.4390625
0 0.61875 0.4265625 0.5921875 0.4265625 0.5921875 0.4375 0.61875 0.4375
0 0.7828125 0.4234375000000001 0.640625 0.4234375 0.640625 0.4484375000000001 0.7828125 0.44843750000000016
0 0.2375000000000001 0.4734375 0.13906250000000003 0.4734375 0.13906250000000003 0.4890625 0.2375000000000001 0.4890625
0 0.2484375000000001 0.490625 0.24218750000000008 0.490625 0.24218750000000008 0.496875 0.2484375000000001 0.496875
0 0.32500000000000007 0.4734375 0.2671875000000001 0.4734375 0.2671875000000001 0.4890625 0.32500000000000007 0.4890625
0 0.4203125 0.475 0.3421875000000001 0.475 0.3421875000000001 0.4890625 0.4203125 0.4890625
0 0.496875 0.4734375 0.446875 0.4734375 0.446875 0.4890625 0.496875 0.4890625
0 0.671875 0.4765625 0.5203125 0.4765625 0.5203125 0.5 0.671875 0.5
0 0.7265625 0.4765625000000001 0.6953125 0.4765625 0.6953125 0.4906250000000001 0.7265625 0.4906250000000002
0 0.7953125 0.47656250000000017 0.746875 0.47656250000000017 0.746875 0.4984375000000002 0.7953125 0.4984375000000002
0 0.18750000000000006 0.5234375 0.14687500000000003 0.5234375 0.14687500000000003 0.540625 0.18750000000000006 0.540625
0 0.2671875000000001 0.525 0.2093750000000001 0.525 0.2093750000000001 0.546875 0.2671875000000001 0.546875
0 0.3453125000000001 0.5234375 0.28593750000000007 0.5234375 0.28593750000000007 0.5421875 0.3453125000000001 0.5421875
0 0.4671875 0.5265625 0.3687500000000001 0.5265625 0.3687500000000001 0.5515625 0.4671875 0.5515625
0 0.5140625 0.5265625 0.4828125 0.5265625 0.4828125 0.5421875 0.5140625 0.5421875
0 0.5625 0.528125 0.5328125 0.528125 0.5328125 0.540625 0.5625 0.540625
0 0.75625 0.5250000000000001 0.58125 0.525 0.58125 0.5531250000000001 0.75625 0.5531250000000002
0 0.7703125 0.5421875000000002 0.7609375 0.5421875000000002 0.7609375 0.5515625000000002 0.7703125 0.5515625000000002
0 0.8953125 0.5234375000000002 0.78125 0.5234375000000002 0.78125 0.5515625000000002 0.8953125 0.5515625000000002
0 0.9015625 0.5406250000000001 0.890625 0.5406250000000001 0.890625 0.5484375000000001 0.9015625 0.5484375000000001
0 0.20312500000000008 0.575 0.1515625000000001 0.575 0.1515625000000001 0.5921875 0.20312500000000008 0.5921875
0 0.2890625000000001 0.5734375 0.2171875000000001 0.5734375 0.2171875000000001 0.5984375 0.2890625000000001 0.5984375
0 0.3937500000000001 0.5734375 0.3078125000000001 0.5734375 0.3078125000000001 0.6015625 0.3937500000000001 0.6015625
0 0.475 0.575 0.415625 0.575 0.415625 0.5921875 0.475 0.5921875
0 0.55 0.5765625 0.490625 0.5765625 0.490625 0.6 0.55 0.6
0 0.775 0.5734375 0.575 0.5734375 0.575 0.6062500000000001 0.775 0.6062500000000002
0 0.825 0.5765625000000002 0.7921875 0.5765625000000002 0.7921875 0.5890625000000002 0.825 0.5890625000000002
0 0.94375 0.5796875000000001 0.940625 0.5796875000000001 0.940625 0.5828125000000002 0.94375 0.5828125000000002
0 0.1687500000000001 0.6265625 0.14218750000000008 0.6265625 0.14218750000000008 0.6421875 0.1687500000000001 0.6421875
0 0.2296875000000001 0.625 0.1859375000000001 0.625 0.1859375000000001 0.6421875 0.2296875000000001 0.6421875
0 0.3156250000000001 0.63125 0.2515625000000001 0.63125 0.2515625000000001 0.6421875 0.3156250000000001 0.6421875
0 0.3609375000000001 0.6265625 0.3312500000000001 0.6265625 0.3312500000000001 0.6421875 0.3609375000000001 0.6421875
0 0.471875 0.6265625 0.3843750000000001 0.6265625 0.3843750000000001 0.65625 0.471875 0.65625
0 0.5375 0.628125 0.4921875 0.628125 0.4921875 0.6421875 0.5375 0.6421875
0 0.615625 0.628125 0.5484375 0.628125 0.5484375 0.6546875 0.615625 0.6546875
0 0.715625 0.628125 0.6375 0.628125 0.6375 0.6421875 0.715625 0.6421875
0 0.7625 0.6265625000000001 0.7359375 0.6265625000000001 0.7359375 0.6406250000000002 0.7625 0.6406250000000002
0 0.809375 0.6312500000000002 0.784375 0.6312500000000002 0.784375 0.6406250000000002 0.809375 0.6406250000000002
0 0.9046875 0.6250000000000002 0.821875 0.6250000000000002 0.821875 0.6406250000000002 0.9046875 0.6406250000000002
0 0.2093750000000001 0.675 0.14843750000000008 0.675 0.14843750000000008 0.6921875 0.2093750000000001 0.6921875
0 0.31718750000000007 0.678125 0.22812500000000008 0.678125 0.22812500000000008 0.69375 0.31718750000000007 0.69375
0 0.39531250000000007 0.6765625 0.3437500000000001 0.6765625 0.3437500000000001 0.69375 0.39531250000000007 0.69375
0 0.45 0.678125 0.4109375 0.678125 0.4109375 0.6953125 0.45 0.6953125
0 0.5421875 0.6796875 0.475 0.6796875 0.475 0.69375 0.5421875 0.69375
0 0.609375 0.6765625 0.5625 0.6765625 0.5625 0.6921875 0.609375 0.6921875
0 0.703125 0.6765625 0.628125 0.6765625 0.628125 0.69375 0.703125 0.69375
0 0.784375 0.6750000000000002 0.728125 0.6750000000000002 0.728125 0.6921875000000002 0.784375 0.6921875000000002
0 0.8703125 0.6781250000000002 0.8015625 0.6781250000000002 0.8015625 0.6921875000000002 0.8703125 0.6921875000000002
0 0.22031250000000008 0.7328125 0.1453125000000001 0.7328125 0.1453125000000001 0.7578125 0.22031250000000008 0.7578125
0 0.22656250000000008 0.7421875 0.2234375000000001 0.7421875 0.2234375000000001 0.74375 0.22656250000000008 0.74375