0 0.19218750000000004 0.2171875 0.14218750000000005 0.2171875 0.14218750000000005 0.24375 0.19218750000000004 0.24375
0 0.278125 0.2140625 0.225 0.2140625 0.225 0.2421875 0.278125 0.2421875
0 0.4109375 0.21562500000000004 0.3109375 0.215625 0.3109375 0.24062500000000003 0.4109375 0.2406250000000001
0 0.4765625 0.21875000000000008 0.446875 0.21875000000000008 0.446875 0.2406250000000001 0.4765625 0.2406250000000001
0 0.5875 0.2171875000000001 0.5015625 0.2171875000000001 0.5015625 0.2406250000000001 0.5875 0.2406250000000001
0 0.715625 0.2156250000000001 0.6140625 0.2156250000000001 0.6140625 0.2453125000000001 0.715625 0.2453125000000001
0 0.871875 0.2140625000000001 0.740625 0.2140625000000001 0.740625 0.2484375000000001 0.871875 0.2484375000000001
0 0.2015625 0.2703125 0.14062500000000006 0.2703125 0.14062500000000006 0.3046875 0.2015625 0.3046875
0 0.26875 0.26875 0.24375 0.26875 0.24375 0.290625 0.26875 0.290625
0 0.3609375 0.26875 0.2859375 0.26875 0.2859375 0.2921875 0.3609375 0.2921875
0 0.4234375 0.2687500000000001 0.3921875 0.2687500000000001 0.3921875 0.2906250000000001 0.4234375 0.2906250000000001
0 0.5375 0.2687500000000001 0.45 0.2687500000000001 0.45 0.2984375000000001 0.5375 0.2984375000000001
0 0.6375 0.2750000000000001 0.5609375 0.2750000000000001 0.5609375 0.3000000000000001 0.6375 0.3000000000000001
0 0.69375 0.27031250000000007 0.6609375 0.27031250000000007 0.6609375 0.2906250000000001 0.69375 0.2906250000000001
0 0.753125 0.2687500000000001 0.709375 0.2687500000000001 0.709375 0.2906250000000001 0.753125 0.2906250000000001
0 0.8984375 0.2687500000000001 0.7796875 0.2687500000000001 0.7796875 0.2921875000000001 0.8984375 0.2921875000000001
0 0.2515625 0.3171875 0.14843750000000006 0.3171875 0.14843750000000006 0.3515625 0.2515625 0.3515625
0 0.39375 0.32031250000000006 0.2859375 0.3203125 0.2859375 0.34375000000000006 0.39375 0.3437500000000001
0 0.565625 0.31718750000000007 0.4234375 0.31718750000000007 0.4234375 0.3421875000000001 0.565625 0.3421875000000001
0 0.575 0.3390625000000001 0.5703125 0.3390625000000001 0.5703125 0.3421875000000001 0.575 0.3421875000000001
0 0.621875 0.3187500000000001 0.596875 0.3187500000000001 0.596875 0.34062500000000007 0.621875 0.34062500000000007
0 0.684375 0.3203125000000001 0.634375 0.3203125000000001 0.634375 0.34062500000000007 0.684375 0.34062500000000007
0 0.775 0.3156250000000001 0.70625 0.3156250000000001 0.70625 0.34062500000000007 0.775 0.34062500000000007
0 0.928125 0.3187500000000001 0.7984375 0.3187500000000001 0.7984375 0.3546875000000001 0.928125 0.3546875000000001
0 0.18593750000000003 0.3765625 0.14531250000000004 0.3765625 0.14531250000000004 0.3921875 0.18593750000000003 0.3921875
0 0.3140625000000001 0.36875 0.2171875000000001 0.36875 0.2171875000000001 0.3953125 0.3140625000000001 0.3953125
0 0.3750000000000001 0.37187500000000007 0.3390625000000001 0.371875 0.3390625000000001 0.403125 0.3750000000000001 0.403125
0 0.44375 0.3703125000000001 0.4 0.3703125000000001 0.4 0.3937500000000001 0.44375 0.3937500000000001
0 0.5421875 0.37187500000000007 0.4578125 0.37187500000000007 0.4578125 0.403125 0.5421875 0.403125
0 0.7 0.3687500000000001 0.5515625 0.3687500000000001 0.5515625 0.3937500000000001 0.7 0.3937500000000001
0 0.7140625 0.3906250000000001 0.7109375 0.3906250000000001 0.7109375 0.403125 0.7140625 0.403125
0 0.7890625 0.37187500000000007 0.721875 0.37187500000000007 0.721875 0.3937500000000001 0.7890625 0.3937500000000001
0 0.825 0.3703125000000001 0.8078125 0.3703125000000001 0.8078125 0.3906250000000001 0.825 0.3906250000000001
0 0.8984375 0.3687500000000001 0.8453125 0.3687500000000001 0.8453125 0.3906250000000001 0.8984375 0.3906250000000001
0 0.3312500000000001 0.41875 0.14531250000000004 0.41875 0.14531250000000004 0.45625 0.3312500000000001 0.45625
0 0.4328125 0.4203125 0.36406250000000007 0.4203125 0.36406250000000007 0.4453125 0.4328125 0.4453125
0 0.534375 0.41875 0.4640625 0.41875 0.4640625 0.4421875 0.534375 0.4421875
0 0.6828125 0.4171875 0.55625 0.4171875 0.55625 0.45 0.6828125 0.45
0 0.7421875 0.41875000000000007 0.7078125 0.41875 0.7078125 0.4453125000000001 0.7421875 0.44531250000000017
0 0.8078125 0.42187500000000017 0.765625 0.42187500000000017 0.765625 0.44531250000000017 0.8078125 0.44531250000000017
0 0.915625 0.4187500000000002 0.834375 0.4187500000000002 0.834375 0.4546875000000002 0.915625 0.4546875000000002
0 0.9203125 0.44062500000000016 0.9140625 0.44062500000000016 0.9140625 0.4546875000000002 0.9203125 0.4546875000000002
0 0.19531250000000006 0.471875 0.14218750000000005 0.471875 0.14218750000000005 0.4953125 0.19531250000000006 0.4953125
0 0.2578125000000001 0.4703125 0.22031250000000008 0.4703125 0.22031250000000008 0.4953125 0.2578125000000001 0.4953125
0 0.3578125000000001 0.4734375 0.2890625000000001 0.4734375 0.2890625000000001 0.5078125 0.3578125000000001 0.5078125
0 0.5640625 0.471875 0.39531250000000007 0.471875 0.39531250000000007 0.50625 0.5640625 0.50625
0 0.621875 0.471875 0.5921875 0.471875 0.5921875 0.49375 0.621875 0.49375
0 0.6671875 0.471875 0.6375 0.471875 0.6375 0.4921875 0.6671875 0.4921875
0 0.7875 0.4718750000000001 0.6859375 0.471875 0.6859375 0.4953125000000001 0.7875 0.49531250000000016
0 0.884375 0.47187500000000016 0.8171875 0.47187500000000016 0.8171875 0.4984375000000002 0.884375 0.4984375000000002
0 0.19531250000000006 0.521875 0.14531250000000004 0.521875 0.14531250000000007 0.5453125 0.19531250000000008 0.5453125
0 0.3156250000000001 0.521875 0.23437500000000008 0.521875 0.23437500000000008 0.5578125 0.3156250000000001 0.5578125
0 0.38750000000000007 0.525 0.3578125000000001 0.525 0.3578125000000001 0.5484375 0.38750000000000007 0.5484375
0 0.5671875 0.521875 0.41875 0.521875 0.41875 0.5546875 0.5671875 0.5546875
0 0.6421875 0.5234375 0.590625 0.5234375 0.590625 0.546875 0.6421875 0.546875
0 0.7765625 0.5218750000000001 0.6796875 0.521875 0.6796875 0.5468750000000001 0.7765625 0.5468750000000002
0 0.85625 0.5312500000000002 0.8109375 0.5312500000000002 0.8109375 0.5500000000000002 0.85625 0.5500000000000002
0 0.3109375000000001 0.5765625 0.1468750000000001 0.5765625 0.1468750000000001 0.609375 0.3109375000000001 0.609375
0 0.4765625 0.575 0.3453125000000001 0.575 0.3453125000000001 0.6125 0.4765625 0.6125
0 0.4859375 0.59375 0.4828125 0.59375 0.4828125 0.5953125 0.4859375 0.5953125