0 0.19218750000000004 0.2203125 0.14531250000000004 0.2203125 0.14531250000000004 0.2375 0.19218750000000004 0.2375
0 0.2734375 0.2203125 0.2109375 0.2203125 0.2109375 0.246875 0.2734375 0.246875
0 0.396875 0.21718750000000003 0.3015625 0.2171875 0.3015625 0.23593750000000005 0.396875 0.23593750000000008
0 0.4484375 0.21875000000000008 0.41875 0.21875000000000008 0.41875 0.2453125000000001 0.4484375 0.2453125000000001
0 0.5125 0.21875000000000008 0.459375 0.21875000000000008 0.459375 0.23593750000000008 0.5125 0.23593750000000008
0 0.6375 0.2171875000000001 0.53125 0.2171875000000001 0.53125 0.2515625000000001 0.6375 0.2515625000000001
0 0.80625 0.2171875000000001 0.665625 0.2171875000000001 0.665625 0.2468750000000001 0.80625 0.2468750000000001
0 0.21875 0.26875 0.14687500000000003 0.26875 0.14687500000000003 0.2984375 0.21875 0.2984375
0 0.2671875 0.26875 0.24375 0.26875 0.24375 0.2859375 0.2671875 0.2859375
0 0.3546875 0.2703125 0.2890625 0.2703125 0.2890625 0.2875 0.3546875 0.2875
0 0.409375 0.2718750000000001 0.3796875 0.2718750000000001 0.3796875 0.2953125000000001 0.409375 0.2953125000000001
0 0.5109375 0.27031250000000007 0.425 0.27031250000000007 0.425 0.2968750000000001 0.5109375 0.2968750000000001
0 0.6171875 0.2750000000000001 0.5390625 0.2750000000000001 0.5390625 0.2984375000000001 0.6171875 0.2984375000000001
0 0.6859375 0.2687500000000001 0.6421875 0.2687500000000001 0.6421875 0.2875000000000001 0.6859375 0.2875000000000001
0 0.834375 0.27031250000000007 0.7140625 0.27031250000000007 0.7140625 0.2875000000000001 0.834375 0.2875000000000001
0 0.2453125 0.3203125 0.14531250000000004 0.3203125 0.14531250000000004 0.3484375 0.2453125 0.3484375
0 0.38125 0.321875 0.275 0.321875 0.275 0.33906250000000004 0.38125 0.3390625000000001
0 0.5515625 0.3203125000000001 0.4 0.3203125000000001 0.4 0.3390625000000001 0.5515625 0.3390625000000001
0 0.5546875 0.3359375000000001 0.5515625 0.3359375000000001 0.5515625 0.3375000000000001 0.5546875 0.3375000000000001
0 0.603125 0.3203125000000001 0.578125 0.3203125000000001 0.578125 0.3375000000000001 0.603125 0.3375000000000001
0 0.6703125 0.3218750000000001 0.61875 0.3218750000000001 0.61875 0.3375000000000001 0.6703125 0.3375000000000001
0 0.7546875 0.3203125000000001 0.6890625 0.3203125000000001 0.6890625 0.3359375000000001 0.7546875 0.3359375000000001
0 0.8515625 0.3265625000000001 0.76875 0.3265625000000001 0.76875 0.3500000000000001 0.8515625 0.3500000000000001
0 0.2375000000000001 0.371875 0.14531250000000004 0.371875 0.14531250000000004 0.3875 0.2375000000000001 0.3875
0 0.3203125000000001 0.371875 0.2640625000000001 0.371875 0.2640625000000001 0.3890625 0.3203125000000001 0.3890625
0 0.4625 0.37187500000000007 0.3437500000000001 0.371875 0.3437500000000001 0.38906250000000003 0.4625 0.3890625000000001
0 0.525 0.37187500000000007 0.4828125 0.37187500000000007 0.4828125 0.4 0.525 0.4
0 0.59375 0.37187500000000007 0.55 0.37187500000000007 0.55 0.3890625000000001 0.59375 0.3890625000000001
0 0.6796875 0.3750000000000001 0.6171875 0.3750000000000001 0.6171875 0.4015625 0.6796875 0.4015625
0 0.8640625 0.3734375000000001 0.7046875 0.3734375000000001 0.7046875 0.3906250000000001 0.8640625 0.3906250000000001
0 0.8703125 0.38750000000000007 0.8609375 0.38750000000000007 0.8609375 0.3937500000000001 0.8703125 0.3937500000000001
0 0.20468750000000008 0.4234375 0.14062500000000006 0.4234375 0.14062500000000006 0.4390625 0.20468750000000008 0.4390625
0 0.2531250000000001 0.421875 0.22656250000000008 0.421875 0.22656250000000008 0.4390625 0.2531250000000001 0.4390625
0 0.3343750000000001 0.421875 0.2718750000000001 0.421875 0.2718750000000001 0.4375 0.3343750000000001 0.4375
0 0.5375 0.421875 0.3453125000000001 0.421875 0.3453125000000001 0.453125 0.5375 0.453125
0 0.6234375 0.421875 0.5625 0.421875 0.5625 0.440625 0.6234375 0.440625
0 0.7125 0.4234375 0.6484375 0.4234375 0.6484375 0.4390625 0.7125 0.4390625
0 0.85 0.4203125000000002 0.73125 0.4203125000000002 0.73125 0.4500000000000002 0.85 0.4500000000000002
0 0.17187500000000006 0.4734375 0.14218750000000005 0.4734375 0.14218750000000005 0.4984375 0.17187500000000006 0.4984375
0 0.2234375000000001 0.4734375 0.18437500000000004 0.4734375 0.18437500000000004 0.490625 0.2234375000000001 0.490625
0 0.3312500000000001 0.471875 0.2468750000000001 0.471875 0.2468750000000001 0.4984375 0.3312500000000001 0.4984375
0 0.34062500000000007 0.4890625 0.3312500000000001 0.4890625 0.3312500000000001 0.496875 0.34062500000000007 0.496875
0 0.421875 0.4734375 0.3625000000000001 0.4734375 0.3625000000000001 0.490625 0.421875 0.490625
0 0.475 0.471875 0.4328125 0.471875 0.4328125 0.490625 0.475 0.490625
0 0.5734375 0.475 0.4953125 0.475 0.4953125 0.503125 0.5734375 0.503125
0 0.7578125 0.47343750000000007 0.59375 0.4734375 0.59375 0.503125 0.7578125 0.5031250000000002
0 0.815625 0.4750000000000002 0.7765625 0.4750000000000002 0.7765625 0.4906250000000002 0.815625 0.4906250000000002
0 0.17656250000000004 0.521875 0.13750000000000004 0.521875 0.13750000000000004 0.540625 0.17656250000000004 0.540625
0 0.3140625000000001 0.5234375 0.19843750000000004 0.5234375 0.19843750000000004 0.540625 0.3140625000000001 0.540625
0 0.403125 0.5234375 0.3312500000000001 0.5234375 0.3312500000000001 0.5484375 0.403125 0.5484375
0 0.48125 0.5234375 0.4234375 0.5234375 0.4234375 0.5421875 0.48125 0.5421875
0 0.5890625 0.525 0.503125 0.525 0.503125 0.553125 0.5890625 0.553125
0 0.6484375 0.525 0.615625 0.525 0.615625 0.546875 0.6484375 0.546875
0 0.7953125 0.5218750000000001 0.659375 0.521875 0.659375 0.55 0.7953125 0.5500000000000002
0 0.878125 0.5250000000000001 0.8171875 0.5250000000000001 0.8171875 0.5390625000000002 0.878125 0.5390625000000002
0 0.2390625000000001 0.5765625 0.14843750000000008 0.5765625 0.14843750000000008 0.5921875 0.2390625000000001 0.5921875
0 0.30156250000000007 0.5796875 0.2609375000000001 0.5796875 0.2609375000000001 0.59375 0.30156250000000007 0.59375
0 0.490625 0.5765625 0.3281250000000001 0.5765625 0.3281250000000001 0.6046875 0.490625 0.6046875
0 0.6421875 0.5765625 0.5140625 0.5765625 0.5140625 0.6046875 0.6421875 0.6046875
0 0.6484375 0.5890625 0.6453125 0.5890625 0.6453125 0.590625 0.6484375 0.590625