0 0.16093750000000004 0.253125 0.13593750000000004 0.253125 0.13593750000000004 0.2703125 0.16093750000000004 0.2703125
0 0.278125 0.2515625 0.17187500000000006 0.2515625 0.17187500000000006 0.28125 0.278125 0.28125
0 0.3515625 0.253125 0.296875 0.253125 0.296875 0.2703125 0.3515625 0.2703125
0 0.51875 0.2515625000000001 0.365625 0.2515625000000001 0.365625 0.2812500000000001 0.51875 0.2812500000000001
0 0.5890625 0.2500000000000001 0.540625 0.2500000000000001 0.540625 0.2796875000000001 0.5890625 0.2796875000000001
0 0.6390625 0.2515625000000001 0.6078125 0.2515625000000001 0.6078125 0.2687500000000001 0.6390625 0.2687500000000001
0 0.8328125 0.2468750000000001 0.6515625 0.2468750000000001 0.6515625 0.2750000000000001 0.8328125 0.2750000000000001
0 0.18437500000000004 0.3015625 0.13593750000000004 0.3015625 0.13593750000000004 0.3296875 0.18437500000000004 0.3296875
0 0.240625 0.309375 0.19843750000000004 0.309375 0.19843750000000004 0.3203125 0.240625 0.3203125
0 0.3078125 0.3015625 0.25625 0.3015625 0.25625 0.3203125 0.3078125 0.3203125
0 0.39375 0.31093750000000003 0.321875 0.3109375 0.321875 0.32031250000000006 0.39375 0.3203125000000001
0 0.4015625 0.31718750000000007 0.396875 0.31718750000000007 0.396875 0.3187500000000001 0.4015625 0.3187500000000001
0 0.496875 0.30156250000000007 0.4203125 0.30156250000000007 0.4203125 0.3187500000000001 0.496875 0.3187500000000001
0 0.51875 0.3031250000000001 0.5140625 0.3031250000000001 0.5140625 0.3062500000000001 0.51875 0.3062500000000001
0 0.5484375 0.30937500000000007 0.51875 0.30937500000000007 0.51875 0.3203125000000001 0.5484375 0.3203125000000001
0 0.5890625 0.3078125000000001 0.565625 0.3078125000000001 0.565625 0.3187500000000001 0.5890625 0.3187500000000001
0 0.7203125 0.3078125000000001 0.60625 0.3078125000000001 0.60625 0.3281250000000001 0.7203125 0.3281250000000001
0 0.8484375 0.3000000000000001 0.7328125 0.3000000000000001 0.7328125 0.3187500000000001 0.8484375 0.3187500000000001
0 0.24687500000000004 0.3515625 0.13593750000000004 0.3515625 0.13593750000000004 0.3703125 0.2468750000000001 0.3703125
0 0.2562500000000001 0.3671875 0.2515625000000001 0.3671875 0.2515625000000001 0.3734375 0.2562500000000001 0.3734375
0 0.4390625 0.35156250000000006 0.2703125 0.3515625 0.27031250000000007 0.38125000000000003 0.4390625 0.3812500000000001
0 0.5328125 0.34843750000000007 0.45625 0.34843750000000007 0.45625 0.3750000000000001 0.5328125 0.3750000000000001
0 0.6640625 0.3593750000000001 0.546875 0.3593750000000001 0.546875 0.3687500000000001 0.6640625 0.3687500000000001
0 0.7328125 0.3500000000000001 0.678125 0.3500000000000001 0.678125 0.3687500000000001 0.7328125 0.3687500000000001
0 0.8 0.3500000000000001 0.75 0.3500000000000001 0.75 0.37968750000000007 0.8 0.37968750000000007
0 0.25468750000000007 0.4046875 0.13750000000000004 0.4046875 0.13750000000000004 0.421875 0.25468750000000007 0.421875
0 0.3234375000000001 0.4015625 0.2734375000000001 0.4015625 0.2734375000000001 0.4328125 0.3234375000000001 0.4328125
0 0.3578125000000001 0.4109375 0.33281250000000007 0.4109375 0.33281250000000007 0.421875 0.3578125000000001 0.421875
0 0.4859375 0.4 0.3734375000000001 0.4 0.3734375000000001 0.4328125 0.4859375 0.4328125
0 0.6515625 0.4015625 0.503125 0.4015625 0.503125 0.421875 0.6515625 0.421875
0 0.7859375 0.4000000000000001 0.6671875 0.4 0.6671875 0.4203125000000001 0.7859375 0.4203125000000002
0 0.840625 0.4000000000000002 0.8046875 0.4000000000000002 0.8046875 0.4203125000000002 0.840625 0.4203125000000002
0 0.19687500000000005 0.453125 0.14062500000000006 0.453125 0.14062500000000006 0.4703125 0.19687500000000005 0.4703125
0 0.3359375000000001 0.4515625 0.2171875000000001 0.4515625 0.2171875000000001 0.471875 0.3359375000000001 0.471875
0 0.440625 0.4515625 0.35625000000000007 0.4515625 0.35625000000000007 0.471875 0.440625 0.471875
0 0.5046875 0.4609375 0.4609375 0.4609375 0.4609375 0.471875 0.5046875 0.471875
0 0.6140625 0.453125 0.521875 0.453125 0.521875 0.471875 0.6140625 0.471875
0 0.6734375 0.4609375 0.63125 0.4609375 0.63125 0.471875 0.6734375 0.471875
0 0.7234375 0.4515625 0.6859375 0.4515625 0.6859375 0.471875 0.7234375 0.471875
0 0.7875 0.4515625000000002 0.7328125 0.4515625000000002 0.7328125 0.47187500000000016 0.7875 0.47187500000000016
0 0.3125000000000001 0.5015625 0.14375000000000004 0.5015625 0.14375000000000004 0.528125 0.3125000000000001 0.528125
0 0.4625 0.503125 0.33281250000000007 0.503125 0.33281250000000007 0.528125 0.4625 0.528125
0 0.5125 0.5109375 0.4796875 0.5109375 0.4796875 0.521875 0.5125 0.521875
0 0.553125 0.5015625 0.50625 0.5015625 0.50625 0.521875 0.553125 0.521875
0 0.65 0.5015625 0.571875 0.5015625 0.571875 0.521875 0.65 0.521875
0 0.70625 0.5109375 0.6640625 0.5109375 0.6640625 0.5234375 0.70625 0.5234375
0 0.7390625 0.5125000000000001 0.715625 0.5125 0.715625 0.5234375000000001 0.7390625 0.5234375000000002
0 0.89375 0.5031250000000002 0.746875 0.5031250000000002 0.746875 0.5296875000000002 0.89375 0.5296875000000002
0 0.20468750000000008 0.5546875 0.14218750000000008 0.5546875 0.14218750000000008 0.5734375 0.20468750000000008 0.5734375
0 0.3921875000000001 0.5515625 0.2234375000000001 0.5515625 0.2234375000000001 0.578125 0.3921875000000001 0.578125
0 0.4453125 0.5546875 0.409375 0.5546875 0.409375 0.5734375 0.4453125 0.5734375
0 0.50625 0.553125 0.45 0.553125 0.45 0.5734375 0.50625 0.5734375
0 0.5484375 0.553125 0.521875 0.553125 0.521875 0.5734375 0.5484375 0.5734375
0 0.615625 0.5546875 0.559375 0.5546875 0.559375 0.5734375 0.615625 0.5734375
0 0.70625 0.553125 0.628125 0.553125 0.628125 0.5734375 0.70625 0.5734375
0 0.759375 0.5484375000000001 0.721875 0.5484375 0.721875 0.5781250000000001 0.759375 0.5781250000000002
0 0.8640625 0.5531250000000002 0.7765625 0.5531250000000002 0.7765625 0.5718750000000001 0.8640625 0.5718750000000001
0 0.8703125 0.5687500000000002 0.8671875 0.5687500000000002 0.8671875 0.5718750000000001 0.8703125 0.5718750000000001
0 0.18750000000000008 0.6046875 0.1437500000000001 0.6046875 0.1437500000000001 0.6234375 0.18750000000000008 0.6234375
0 0.3156250000000001 0.603125 0.2078125000000001 0.603125 0.2078125000000001 0.6234375 0.3156250000000001 0.6234375
0 0.38750000000000007 0.60625 0.3296875000000001 0.60625 0.3296875000000001 0.6234375 0.38750000000000007 0.6234375
0 0.490625 0.6125 0.403125 0.6125 0.403125 0.6234375 0.490625 0.6234375
0 0.5609375 0.60625 0.5046875 0.60625 0.5046875 0.6234375 0.5609375 0.6234375
0 0.6703125 0.60625 0.5796875 0.60625 0.5796875 0.634375 0.6703125 0.634375
0 0.740625 0.6046875 0.684375 0.6046875 0.684375 0.6234375000000001 0.740625 0.6234375000000002
0 0.8 0.6031250000000001 0.7484375 0.6031250000000001 0.7484375 0.6234375000000002 0.8 0.6234375000000002
0 0.2531250000000001 0.653125 0.1437500000000001 0.653125 0.1437500000000001 0.6828125 0.2531250000000001 0.6828125
0 0.3281250000000001 0.6515625 0.2765625000000001 0.6515625 0.2765625000000001 0.684375 0.3281250000000001 0.684375
0 0.3812500000000001 0.653125 0.3468750000000001 0.653125 0.3468750000000001 0.6796875 0.3812500000000001 0.6796875
0 0.6453125 0.6546875 0.3968750000000001 0.6546875 0.3968750000000001 0.6796875 0.6453125 0.6796875
0 0.7234375 0.6546875 0.659375 0.6546875 0.659375 0.675 0.7234375 0.675
0 0.903125 0.6515625000000002 0.734375 0.6515625000000002 0.734375 0.6921875000000002 0.903125 0.6921875000000002
0 0.9125 0.6671875000000002 0.9015625 0.6671875000000002 0.9015625 0.6687500000000002 0.9125 0.6687500000000002
0 0.21875000000000008 0.7046875 0.14218750000000008 0.7046875 0.14218750000000008 0.7375 0.21875000000000008 0.7375
0 0.2234375000000001 0.7140625 0.2140625000000001 0.7140625 0.2140625000000001 0.725 0.2234375000000001 0.725
0 0.3203125000000001 0.70625 0.2375000000000001 0.70625 0.2375000000000001 0.725 0.3203125000000001 0.725
0 0.4921875 0.7125 0.3359375000000001 0.7125 0.3359375000000001 0.725 0.4921875 0.725
0 0.5453125 0.70625 0.5078125 0.70625 0.5078125 0.725 0.5453125 0.725
0 0.6265625 0.70625 0.553125 0.70625 0.553125 0.725 0.6265625 0.725
0 0.70625 0.715625 0.6421875 0.715625 0.6421875000000001 0.7421875 0.7062500000000002 0.7421875
0 0.809375 0.70625 0.721875 0.70625 0.721875 0.7265625000000001 0.809375 0.7265625000000002
0 0.8875 0.7156250000000002 0.8234375 0.7156250000000002 0.8234375 0.7406250000000002 0.8875 0.7406250000000002