0 0.16875000000000004 0.21875 0.14218750000000005 0.21875 0.14218750000000005 0.234375 0.16875000000000004 0.234375
0 0.2640625 0.2171875 0.19062500000000004 0.2171875 0.19062500000000004 0.246875 0.2640625 0.246875
0 0.3296875 0.21875 0.2875 0.21875 0.2875 0.2359375 0.3296875 0.2359375
0 0.471875 0.22031250000000005 0.34375 0.2203125 0.34375 0.25000000000000006 0.471875 0.2500000000000001
0 0.5359375 0.22031250000000008 0.484375 0.22031250000000008 0.484375 0.2500000000000001 0.5359375 0.2500000000000001
0 0.5828125 0.21875000000000008 0.5578125 0.21875000000000008 0.5578125 0.23593750000000008 0.5828125 0.23593750000000008
0 0.765625 0.21875000000000008 0.6109375 0.21875000000000008 0.6109375 0.24375000000000008 0.765625 0.24375000000000008
0 0.83125 0.21875000000000008 0.7875 0.21875000000000008 0.7875 0.2468750000000001 0.83125 0.2468750000000001
0 0.16562500000000005 0.275 0.13281250000000006 0.275 0.13281250000000006 0.2875 0.16562500000000005 0.2875
0 0.2390625 0.2703125 0.18906250000000005 0.2703125 0.18906250000000005 0.2875 0.2390625 0.2875
0 0.321875 0.275 0.25625 0.275 0.25625 0.2875 0.321875 0.2875
0 0.3296875 0.284375 0.3265625 0.284375 0.3265625 0.2859375 0.3296875 0.2859375
0 0.409375 0.26875000000000004 0.3515625 0.26875 0.3515625 0.28593750000000007 0.409375 0.28593750000000007
0 0.459375 0.27031250000000007 0.425 0.27031250000000007 0.425 0.28593750000000007 0.459375 0.28593750000000007
0 0.5015625 0.2718750000000001 0.4734375 0.2718750000000001 0.4734375 0.28593750000000007 0.5015625 0.28593750000000007
0 0.5421875 0.2750000000000001 0.5234375 0.2750000000000001 0.5234375 0.28593750000000007 0.5421875 0.28593750000000007
0 0.6578125 0.2734375000000001 0.559375 0.2734375000000001 0.559375 0.3000000000000001 0.6578125 0.3000000000000001
0 0.865625 0.2671875000000001 0.68125 0.2671875000000001 0.68125 0.2875000000000001 0.865625 0.2875000000000001
0 0.8640625 0.28593750000000007 0.8515625 0.28593750000000007 0.8515625 0.29375000000000007 0.8640625 0.29375000000000007
0 0.2765625 0.31875 0.14062500000000006 0.31875 0.14062500000000006 0.3515625 0.2765625 0.3515625
0 0.3671875 0.31875000000000003 0.303125 0.31875 0.303125 0.34687500000000004 0.3671875 0.3468750000000001
0 0.48125 0.32500000000000007 0.384375 0.32500000000000007 0.384375 0.3375000000000001 0.48125 0.3375000000000001
0 0.5515625 0.3203125000000001 0.4953125 0.3203125000000001 0.4953125 0.3375000000000001 0.5515625 0.3375000000000001
0 0.6171875 0.3218750000000001 0.5640625 0.3218750000000001 0.5640625 0.3531250000000001 0.6171875 0.3531250000000001
0 0.74375 0.3203125000000001 0.63125 0.3203125000000001 0.63125 0.3375000000000001 0.74375 0.3375000000000001
0 0.8 0.3187500000000001 0.765625 0.3187500000000001 0.765625 0.34843750000000007 0.8 0.34843750000000007
0 0.8375 0.3265625000000001 0.81875 0.3265625000000001 0.81875 0.3359375000000001 0.8375 0.3359375000000001
0 0.23437500000000008 0.36875 0.14218750000000005 0.36875 0.14218750000000005 0.4015625 0.23437500000000008 0.4015625
0 0.3968750000000001 0.36875 0.2578125000000001 0.36875 0.2578125000000001 0.38750000000000007 0.3968750000000001 0.38750000000000007
0 0.525 0.3687500000000001 0.415625 0.3687500000000001 0.415625 0.38750000000000007 0.525 0.38750000000000007
0 0.5875 0.37187500000000007 0.5484375 0.37187500000000007 0.5484375 0.38750000000000007 0.5875 0.38750000000000007
0 0.6453125 0.37187500000000007 0.603125 0.37187500000000007 0.603125 0.38750000000000007 0.6453125 0.38750000000000007
0 0.7734375 0.37187500000000007 0.66875 0.37187500000000007 0.66875 0.3890625000000001 0.7734375 0.3890625000000001
0 0.8671875 0.3703125000000001 0.7953125 0.3703125000000001 0.7953125 0.38750000000000007 0.8671875 0.38750000000000007
0 0.17187500000000006 0.4265625 0.14218750000000005 0.4265625 0.14218750000000005 0.4390625 0.17187500000000006 0.4390625
0 0.27031250000000007 0.4203125 0.18593750000000003 0.4203125 0.18593750000000003 0.4390625 0.27031250000000007 0.4390625
0 0.3312500000000001 0.4265625 0.2953125000000001 0.4265625 0.2953125000000001 0.4375 0.3312500000000001 0.4375
0 0.37968750000000007 0.4234375 0.34843750000000007 0.4234375 0.34843750000000007 0.4390625 0.37968750000000007 0.4390625
0 0.440625 0.4234375 0.39531250000000007 0.4234375 0.39531250000000007 0.4390625 0.440625 0.4390625
0 0.6125 0.421875 0.465625 0.421875 0.465625 0.45 0.6125 0.45
0 0.7359375 0.4234375000000001 0.6296875 0.4234375 0.6296875 0.4390625000000001 0.7359375 0.4390625000000002
0 0.7421875 0.43750000000000017 0.728125 0.43750000000000017 0.728125 0.44531250000000017 0.7421875 0.44531250000000017
0 0.828125 0.4203125000000002 0.7609375 0.4203125000000002 0.7609375 0.4359375000000002 0.828125 0.4359375000000002
0 0.19375000000000003 0.4734375 0.14375000000000004 0.4734375 0.14375000000000004 0.490625 0.19375000000000003 0.490625
0 0.2390625000000001 0.478125 0.21093750000000008 0.478125 0.21093750000000008 0.4875 0.2390625000000001 0.4875
0 0.2843750000000001 0.4796875 0.2656250000000001 0.4796875 0.2656250000000001 0.4890625 0.2843750000000001 0.4890625
0 0.4328125 0.471875 0.3031250000000001 0.471875 0.3031250000000001 0.5015625 0.4328125 0.5015625
0 0.515625 0.471875 0.4546875 0.471875 0.4546875 0.4890625 0.515625 0.4890625
0 0.6609375 0.4734375 0.534375 0.4734375 0.534375 0.496875 0.6609375 0.496875
0 0.7203125 0.4734375 0.6875 0.4734375 0.6875 0.4890625 0.7203125 0.4890625
0 0.7890625 0.4734375000000002 0.7375 0.4734375000000002 0.7375 0.4890625000000002 0.7890625 0.4890625000000002
0 0.8328125 0.4734375000000002 0.8 0.4734375000000002 0.8 0.4890625000000002 0.8328125 0.4890625000000002
0 0.19218750000000004 0.5234375 0.14375000000000004 0.5234375 0.14375000000000004 0.5421875 0.19218750000000004 0.5421875
0 0.2890625000000001 0.525 0.21093750000000008 0.525 0.21093750000000008 0.540625 0.2890625000000001 0.540625
0 0.3421875000000001 0.5234375 0.3078125000000001 0.5234375 0.3078125000000001 0.546875 0.3421875000000001 0.546875
0 0.4296875 0.5234375 0.3593750000000001 0.5234375 0.3593750000000001 0.540625 0.4296875 0.540625
0 0.4328125 0.5375 0.4296875 0.5375 0.4296875 0.540625 0.4328125 0.540625
0 0.4859375 0.525 0.4546875 0.525 0.4546875 0.540625 0.4859375 0.540625
0 0.59375 0.525 0.5109375 0.525 0.5109375 0.5390625 0.59375 0.5390625
0 0.6640625 0.5234375 0.6171875 0.5234375 0.6171875 0.5390625 0.6640625 0.5390625
0 0.753125 0.5281250000000001 0.6796875 0.528125 0.6796875 0.5406250000000001 0.753125 0.5406250000000001
0 0.821875 0.5250000000000001 0.7671875 0.5250000000000001 0.7671875 0.5406250000000001 0.821875 0.5406250000000001
0 0.90625 0.5218750000000002 0.83125 0.5218750000000002 0.83125 0.5515625000000002 0.90625 0.5515625000000002
0 0.18750000000000008 0.5734375 0.14062500000000008 0.5734375 0.14062500000000008 0.590625 0.18750000000000008 0.590625
0 0.2515625000000001 0.575 0.20312500000000008 0.575 0.20312500000000008 0.590625 0.2515625000000001 0.590625
0 0.37187500000000007 0.5734375 0.2765625000000001 0.5734375 0.2765625000000001 0.6 0.37187500000000007 0.6
0 0.4453125 0.5734375 0.3843750000000001 0.5734375 0.3843750000000001 0.6046875 0.4453125 0.6046875
0 0.5 0.5734375 0.4703125 0.5734375 0.4703125 0.5984375 0.5 0.5984375
0 0.7296875 0.5750000000000001 0.528125 0.575 0.528125 0.6031250000000001 0.7296875 0.6031250000000001
0 0.815625 0.5718750000000001 0.75 0.5718750000000001 0.75 0.5906250000000002 0.815625 0.5906250000000002
0 0.2796875000000001 0.625 0.1390625000000001 0.625 0.1390625000000001 0.65625 0.2796875000000001 0.65625
0 0.3031250000000001 0.634375 0.2890625000000001 0.634375 0.2890625000000001 0.6359375 0.3031250000000001 0.6359375
0 0.3218750000000001 0.625 0.3140625000000001 0.625 0.3140625000000001 0.63125 0.3218750000000001 0.63125
0 0.3765625000000001 0.6296875 0.3203125000000001 0.6296875 0.3203125000000001 0.6578125 0.3765625000000001 0.6578125
0 0.45625 0.625 0.3906250000000001 0.625 0.3906250000000001 0.640625 0.45625 0.640625
0 0.5859375 0.6296875 0.4703125 0.6296875 0.4703125 0.6421875 0.5859375 0.6421875
0 0.640625 0.625 0.609375 0.625 0.609375 0.6421875 0.640625 0.6421875
0 0.7140625 0.6265625 0.65625 0.6265625 0.65625 0.6421875 0.7140625 0.6421875
0 0.7984375 0.6281250000000002 0.73125 0.6281250000000002 0.73125 0.6562500000000002 0.7984375 0.6562500000000002
0 0.896875 0.6234375000000002 0.8171875 0.6234375000000002 0.8171875 0.6406250000000002 0.896875 0.6406250000000002
0 0.1984375000000001 0.68125 0.1437500000000001 0.68125 0.1437500000000001 0.709375 0.1984375000000001 0.709375
0 0.2578125000000001 0.6828125 0.2171875000000001 0.6828125 0.2171875000000001 0.69375 0.2578125000000001 0.69375
0 0.3828125000000001 0.675 0.2812500000000001 0.675 0.2812500000000001 0.7046875 0.3828125000000001 0.7046875
0 0.4484375 0.678125 0.4046875 0.678125 0.4046875 0.7015625 0.4484375 0.7015625
0 0.58125 0.68125 0.4640625 0.68125 0.4640625 0.6921875 0.58125 0.6921875
0 0.6359375 0.675 0.60625 0.675 0.60625 0.690625 0.6359375 0.690625
0 0.71875 0.6765625 0.6578125 0.6765625 0.6578125 0.690625 0.71875 0.690625
0 0.74375 0.6765625000000002 0.7359375 0.6765625000000002 0.7359375 0.6828125000000002 0.74375 0.6828125000000002
0 0.740625 0.6906250000000002 0.7390625 0.6906250000000002 0.7390625 0.6921875000000002 0.740625 0.6921875000000002