0 0.16093750000000004 0.215625 0.13750000000000004 0.215625 0.13750000000000004 0.2390625 0.16093750000000004 0.2390625
0 0.25 0.2140625 0.17812500000000003 0.2140625 0.17812500000000003 0.2390625 0.25 0.2390625
0 0.2515625 0.23125 0.2453125 0.23125 0.2453125 0.240625 0.2515625 0.240625
0 0.4046875 0.21406250000000004 0.259375 0.2140625 0.259375 0.2515625 0.4046875 0.2515625000000001
0 0.41875 0.23437500000000008 0.4125 0.23437500000000008 0.4125 0.24218750000000008 0.41875 0.24218750000000008
0 0.5125 0.2250000000000001 0.425 0.2250000000000001 0.425 0.2390625000000001 0.5125 0.2390625000000001
0 0.671875 0.2140625000000001 0.528125 0.2140625000000001 0.528125 0.2406250000000001 0.671875 0.2406250000000001
0 0.8265625 0.2156250000000001 0.6875 0.2156250000000001 0.6875 0.2531250000000001 0.8265625 0.2531250000000001
0 0.9171875 0.21875000000000008 0.8375 0.21875000000000008 0.8375 0.2406250000000001 0.9171875 0.2406250000000001
0 0.296875 0.2625 0.12968750000000004 0.2625 0.12968750000000004 0.2890625 0.296875 0.2890625
0 0.353125 0.2625 0.315625 0.2625 0.315625 0.29375 0.353125 0.29375
0 0.3984375 0.26562500000000006 0.3609375 0.265625 0.3609375 0.290625 0.3984375 0.2906250000000001
0 0.5375 0.2640625000000001 0.4203125 0.2640625000000001 0.4203125 0.3078125000000001 0.5375 0.3078125000000001
0 0.596875 0.2640625000000001 0.546875 0.2640625000000001 0.546875 0.3078125000000001 0.596875 0.3078125000000001
0 0.7921875 0.2640625000000001 0.6140625 0.2640625000000001 0.6140625 0.3078125000000001 0.7921875 0.3078125000000001
0 0.8546875 0.2640625000000001 0.8125 0.2640625000000001 0.8125 0.2890625000000001 0.8546875 0.2890625000000001
0 0.2875 0.3171875 0.14062500000000006 0.3171875 0.14062500000000006 0.35625 0.2875 0.35625
0 0.3421875 0.325 0.315625 0.325 0.315625 0.3375 0.3421875 0.3375
0 0.6375 0.3187500000000001 0.365625 0.3187500000000001 0.365625 0.3421875000000001 0.6375 0.3421875000000001
0 0.9109375 0.31718750000000007 0.6609375 0.31718750000000007 0.6609375 0.3546875000000001 0.9109375 0.3546875000000001
0 0.18437500000000004 0.3703125 0.12812500000000004 0.3703125 0.12812500000000004 0.3921875 0.18437500000000004 0.3921875
0 0.26093750000000004 0.3625 0.19687500000000005 0.3625 0.19687500000000005 0.39375 0.2609375000000001 0.39375
0 0.30937500000000007 0.3640625 0.2734375000000001 0.3640625 0.2734375000000001 0.390625 0.30937500000000007 0.390625
0 0.44375 0.36718750000000006 0.3296875000000001 0.3671875 0.3296875000000001 0.38906250000000003 0.44375 0.3890625000000001
0 0.6171875 0.3656250000000001 0.459375 0.3656250000000001 0.459375 0.3906250000000001 0.6171875 0.3906250000000001
0 0.703125 0.3703125000000001 0.6296875 0.3703125000000001 0.6296875 0.3906250000000001 0.703125 0.3906250000000001
0 0.765625 0.3671875000000001 0.7125 0.3671875000000001 0.7125 0.3906250000000001 0.765625 0.3906250000000001
0 0.8921875 0.3703125000000001 0.7859375 0.3703125000000001 0.7859375 0.3906250000000001 0.8921875 0.3906250000000001
0 0.2687500000000001 0.4234375 0.12343750000000005 0.4234375 0.12343750000000005 0.440625 0.2687500000000001 0.440625
0 0.3531250000000001 0.415625 0.2796875000000001 0.415625 0.2796875000000001 0.440625 0.3531250000000001 0.440625
0 0.403125 0.41875 0.3703125000000001 0.41875 0.3703125000000001 0.4390625 0.403125 0.4390625
0 0.5859375 0.41875 0.4234375 0.41875 0.4234375 0.4515625 0.5859375 0.4515625
0 0.596875 0.4328125 0.5890625 0.4328125 0.5890625 0.4453125 0.596875 0.4453125
0 0.8484375 0.41875000000000007 0.60625 0.41875 0.60625 0.44218750000000007 0.8484375 0.4421875000000002
0 0.94375 0.4187500000000002 0.8703125 0.4187500000000002 0.8703125 0.4421875000000002 0.94375 0.4421875000000002
0 0.2515625000000001 0.46875 0.11875000000000005 0.46875 0.11875000000000005 0.49375 0.2515625000000001 0.49375
0 0.26250000000000007 0.4890625 0.2609375000000001 0.4890625 0.2609375000000001 0.490625 0.26250000000000007 0.490625
0 0.3234375000000001 0.46875 0.2828125000000001 0.46875 0.2828125000000001 0.4921875 0.3234375000000001 0.4921875
0 0.4453125 0.471875 0.34062500000000007 0.471875 0.34062500000000007 0.49375 0.4453125 0.49375
0 0.4578125 0.484375 0.4484375 0.484375 0.4484375 0.4984375 0.4578125 0.4984375
0 0.5765625 0.478125 0.4609375 0.478125 0.4609375 0.5015625 0.5765625 0.5015625
0 0.590625 0.4875 0.584375 0.4875 0.584375 0.4953125 0.590625 0.4953125
0 0.675 0.478125 0.6 0.478125 0.6 0.50625 0.675 0.50625
0 0.8328125 0.46562500000000007 0.690625 0.465625 0.690625 0.4921875000000001 0.8328125 0.49218750000000017
0 0.8953125 0.4781250000000002 0.846875 0.4781250000000002 0.846875 0.49218750000000017 0.8953125 0.49218750000000017
0 0.9625 0.4703125000000002 0.9 0.4703125000000002 0.9 0.4937500000000002 0.9625 0.4937500000000002
0 0.18125000000000008 0.51875 0.11562500000000005 0.51875 0.11562500000000006 0.5453125 0.18125000000000008 0.5453125
0 0.3359375000000001 0.515625 0.19843750000000004 0.515625 0.19843750000000007 0.5515625 0.3359375000000001 0.5515625
0 0.5234375 0.521875 0.3468750000000001 0.521875 0.3468750000000001 0.5453125 0.5234375 0.5453125
0 0.575 0.51875 0.54375 0.51875 0.54375 0.55 0.575 0.55
0 0.615625 0.5296875 0.5765625 0.5296875 0.5765625 0.5421875 0.615625 0.5421875
0 0.7046875 0.521875 0.63125 0.521875 0.63125 0.54375 0.7046875 0.54375
0 0.7375 0.5281250000000001 0.715625 0.528125 0.715625 0.5406250000000001 0.7375 0.5406250000000001
0 0.84375 0.5187500000000002 0.75 0.5187500000000002 0.75 0.5437500000000002 0.84375 0.5437500000000002
0 0.953125 0.5328125000000001 0.859375 0.5328125000000001 0.859375 0.5468750000000002 0.953125 0.5468750000000002
0 0.2234375000000001 0.5671875 0.12656250000000008 0.5671875 0.12656250000000008 0.6 0.2234375000000001 0.6
0 0.2796875000000001 0.571875 0.2468750000000001 0.571875 0.2468750000000001 0.5921875 0.2796875000000001 0.5921875
0 0.35625000000000007 0.5671875 0.2968750000000001 0.5671875 0.2968750000000001 0.59375 0.35625000000000007 0.59375
0 0.4546875 0.578125 0.3765625000000001 0.578125 0.3765625000000001 0.6109375 0.4546875 0.6109375
0 0.50625 0.5734375 0.4703125 0.5734375 0.4703125 0.59375 0.50625 0.59375
0 0.603125 0.5703125 0.528125 0.5703125 0.528125 0.5921875 0.603125 0.5921875
0 0.6765625 0.5703125 0.621875 0.5703125 0.621875 0.59375 0.6765625 0.59375
0 0.7796875 0.5687500000000001 0.684375 0.56875 0.684375 0.5921875000000001 0.7796875 0.5921875000000002
0 0.9140625 0.5765625000000002 0.8 0.5765625000000002 0.8 0.5921875000000002 0.9140625 0.5921875000000002
0 0.2500000000000001 0.61875 0.1218750000000001 0.61875 0.1218750000000001 0.6515625 0.2500000000000001 0.6515625
0 0.3421875000000001 0.6203125 0.2796875000000001 0.6203125 0.2796875000000001 0.64375 0.3421875000000001 0.64375
0 0.55 0.61875 0.3656250000000001 0.61875 0.3656250000000001 0.6453125 0.55 0.6453125
0 0.5609375 0.6390625 0.559375 0.6390625 0.559375 0.640625 0.5609375 0.640625