0 0.17343750000000005 0.2390625 0.14843750000000006 0.2390625 0.14843750000000006 0.2609375 0.17343750000000005 0.2609375
0 0.2984375 0.2359375 0.20625 0.2359375 0.20625 0.2671875 0.2984375 0.2671875
0 0.3671875 0.23281250000000003 0.3203125 0.2328125 0.3203125 0.25781250000000006 0.3671875 0.2578125000000001
0 0.509375 0.23593750000000008 0.384375 0.23593750000000008 0.384375 0.2687500000000001 0.509375 0.2687500000000001
0 0.5859375 0.2328125000000001 0.5359375 0.2328125000000001 0.5359375 0.2656250000000001 0.5859375 0.2656250000000001
0 0.6375 0.2328125000000001 0.6140625 0.2328125000000001 0.6140625 0.25468750000000007 0.6375 0.25468750000000007
0 0.7953125 0.2312500000000001 0.6609375 0.2312500000000001 0.6609375 0.25468750000000007 0.7953125 0.25468750000000007
0 0.8578125 0.2312500000000001 0.81875 0.2312500000000001 0.81875 0.2609375000000001 0.8578125 0.2609375000000001
0 0.18437500000000004 0.290625 0.14218750000000005 0.290625 0.14218750000000005 0.30625 0.18437500000000004 0.30625
0 0.2546875 0.2828125 0.215625 0.2828125 0.215625 0.30625 0.2546875 0.30625
0 0.35 0.2921875 0.2859375 0.2921875 0.2859375 0.30625 0.35 0.30625
0 0.3640625 0.30156250000000007 0.3609375 0.3015625 0.3609375 0.30468750000000006 0.3640625 0.3046875000000001
0 0.446875 0.2843750000000001 0.3875 0.2843750000000001 0.3875 0.3062500000000001 0.446875 0.3062500000000001
0 0.496875 0.2843750000000001 0.4734375 0.2843750000000001 0.4734375 0.3046875000000001 0.496875 0.3046875000000001
0 0.53125 0.2843750000000001 0.5125 0.2843750000000001 0.5125 0.3031250000000001 0.53125 0.3031250000000001
0 0.58125 0.2906250000000001 0.5640625 0.2906250000000001 0.5640625 0.30156250000000007 0.58125 0.30156250000000007
0 0.71875 0.2906250000000001 0.61875 0.2906250000000001 0.61875 0.3140625000000001 0.71875 0.3140625000000001
0 0.890625 0.2812500000000001 0.7359375 0.2812500000000001 0.7359375 0.3046875000000001 0.890625 0.3046875000000001
0 0.909375 0.2828125000000001 0.896875 0.2828125000000001 0.896875 0.3125000000000001 0.909375 0.3125000000000001
0 0.259375 0.3328125 0.14375000000000004 0.3328125 0.14375000000000004 0.36875 0.2593750000000001 0.36875
0 0.3609375 0.3359375 0.29375 0.3359375 0.29375 0.359375 0.3609375 0.359375
0 0.4875 0.3421875000000001 0.384375 0.3421875000000001 0.384375 0.3578125000000001 0.4875 0.3578125000000001
0 0.5640625 0.33281250000000007 0.509375 0.33281250000000007 0.509375 0.3546875000000001 0.5640625 0.3546875000000001
0 0.63125 0.3343750000000001 0.5859375 0.3343750000000001 0.5859375 0.36406250000000007 0.63125 0.36406250000000007
0 0.740625 0.33281250000000007 0.6515625 0.33281250000000007 0.6515625 0.35625000000000007 0.740625 0.35625000000000007
0 0.8015625 0.33281250000000007 0.7640625 0.33281250000000007 0.7640625 0.3656250000000001 0.8015625 0.3656250000000001
0 0.85 0.34062500000000007 0.8328125 0.34062500000000007 0.8328125 0.3546875000000001 0.85 0.3546875000000001
0 0.22812500000000008 0.384375 0.14531250000000004 0.384375 0.14531250000000004 0.41875 0.22812500000000008 0.41875
0 0.4078125 0.38593750000000004 0.27812500000000007 0.3859375 0.27812500000000007 0.409375 0.4078125 0.409375
0 0.55 0.3828125000000001 0.4453125 0.3828125000000001 0.4453125 0.409375 0.55 0.409375
0 0.6078125 0.3828125000000001 0.5765625 0.3828125000000001 0.5765625 0.40625 0.6078125 0.40625
0 0.66875 0.3828125000000001 0.6265625 0.3828125000000001 0.6265625 0.40625 0.66875 0.40625
0 0.79375 0.3843750000000001 0.690625 0.3843750000000001 0.690625 0.4078125000000001 0.79375 0.4078125000000002
0 0.8875 0.3828125000000001 0.8171875 0.3828125000000001 0.8171875 0.40937500000000016 0.8875 0.40937500000000016
0 0.17968750000000006 0.440625 0.14531250000000004 0.440625 0.14531250000000004 0.45625 0.17968750000000006 0.45625
0 0.2765625000000001 0.4359375 0.20312500000000008 0.4359375 0.20312500000000008 0.459375 0.2765625000000001 0.459375
0 0.33281250000000007 0.4421875 0.2968750000000001 0.4421875 0.2968750000000001 0.4578125 0.33281250000000007 0.4578125
0 0.3828125000000001 0.4328125 0.35625000000000007 0.4328125 0.35625000000000007 0.45625 0.3828125000000001 0.45625
0 0.4375 0.4359375 0.39531250000000007 0.4359375 0.39531250000000007 0.4578125 0.4375 0.4578125
0 0.6125 0.4359375 0.4703125 0.4359375 0.4703125 0.471875 0.6125 0.471875
0 0.7328125 0.43437500000000007 0.6296875 0.434375 0.6296875 0.4593750000000001 0.7328125 0.4593750000000002
0 0.740625 0.4578125000000002 0.7375 0.4578125000000002 0.7375 0.4734375000000002 0.740625 0.4734375000000002
0 0.81875 0.4359375000000002 0.7515625 0.4359375000000002 0.7515625 0.4593750000000002 0.81875 0.4593750000000002
0 0.9 0.42968750000000017 0.84375 0.42968750000000017 0.84375 0.4546875000000002 0.9 0.4546875000000002
0 0.17812500000000003 0.490625 0.14531250000000004 0.490625 0.14531250000000004 0.509375 0.17812500000000003 0.509375
0 0.22656250000000008 0.49375 0.2062500000000001 0.49375 0.2062500000000001 0.509375 0.22656250000000008 0.509375
0 0.3656250000000001 0.4828125 0.2484375000000001 0.4828125 0.2484375000000001 0.5203125 0.3656250000000001 0.5203125
0 0.45625 0.4859375 0.4 0.4859375 0.4 0.5078125 0.45625 0.5078125
0 0.6265625 0.484375 0.4859375 0.484375 0.4859375 0.5109375 0.6265625 0.5109375
0 0.6734375 0.4828125 0.646875 0.4828125 0.646875 0.50625 0.6734375 0.50625
0 0.73125 0.4828125000000001 0.690625 0.4828125 0.690625 0.5078125000000001 0.73125 0.5078125000000002
0 0.784375 0.4859375000000002 0.759375 0.4859375000000002 0.759375 0.5093750000000001 0.784375 0.5093750000000001
0 0.834375 0.48750000000000016 0.796875 0.48750000000000016 0.796875 0.5109375000000002 0.834375 0.5109375000000002
0 0.2015625000000001 0.5375 0.13750000000000004 0.5375 0.13750000000000007 0.5625 0.2015625000000001 0.5625
0 0.2656250000000001 0.5359375 0.23437500000000008 0.5359375 0.23437500000000008 0.5578125 0.2656250000000001 0.5578125
0 0.3625000000000001 0.5390625 0.3031250000000001 0.5390625 0.3031250000000001 0.559375 0.3625000000000001 0.559375
0 0.37187500000000007 0.5546875 0.3671875000000001 0.5546875 0.3671875000000001 0.5578125 0.37187500000000007 0.5578125
0 0.425 0.5375 0.3937500000000001 0.5375 0.3937500000000001 0.559375 0.425 0.559375
0 0.546875 0.534375 0.45625 0.534375 0.45625 0.5609375 0.546875 0.5609375
0 0.60625 0.5359375 0.56875 0.5359375 0.56875 0.559375 0.60625 0.559375
0 0.7078125 0.54375 0.6375 0.54375 0.6375 0.5625 0.7078125 0.5625
0 0.7796875 0.5375000000000001 0.725 0.5375 0.725 0.5609375000000001 0.7796875 0.5609375000000002
0 0.8734375 0.5359375000000002 0.8046875 0.5359375000000002 0.8046875 0.5703125000000002 0.8734375 0.5703125000000002
0 0.17968750000000008 0.5890625 0.14062500000000008 0.5890625 0.14062500000000008 0.6125 0.17968750000000008 0.6125
0 0.2484375000000001 0.5859375 0.2093750000000001 0.5859375 0.2093750000000001 0.6078125 0.2484375000000001 0.6078125
0 0.3625000000000001 0.584375 0.2750000000000001 0.584375 0.2750000000000001 0.609375 0.3625000000000001 0.609375
0 0.446875 0.584375 0.3906250000000001 0.584375 0.3906250000000001 0.6171875 0.446875 0.6171875
0 0.503125 0.584375 0.4734375 0.584375 0.4734375 0.6078125 0.503125 0.6078125
0 0.7453125 0.5843750000000001 0.5265625 0.584375 0.5265625 0.6203125 0.7453125 0.6203125000000002
0 0.825 0.5906250000000002 0.7703125 0.5906250000000002 0.7703125 0.6125000000000002 0.825 0.6125000000000002
0 0.934375 0.5953125000000001 0.8484375 0.5953125000000001 0.8484375 0.6218750000000002 0.934375 0.6218750000000002
0 0.2234375000000001 0.6375 0.1437500000000001 0.6375 0.1437500000000001 0.68125 0.2234375000000001 0.68125
0 0.2500000000000001 0.65 0.2328125000000001 0.65 0.2328125000000001 0.653125 0.2500000000000001 0.653125
0 0.2796875000000001 0.6359375 0.2718750000000001 0.6359375 0.2718750000000001 0.646875 0.2796875000000001 0.646875
0 0.3500000000000001 0.64375 0.3046875000000001 0.64375 0.3046875000000001 0.6703125 0.3500000000000001 0.6703125
0 0.434375 0.6359375 0.3765625000000001 0.6359375 0.3765625000000001 0.6640625 0.434375 0.6640625
0 0.5875 0.64375 0.465625 0.64375 0.465625 0.6625 0.5875 0.6625
0 0.63125 0.6375 0.603125 0.6375 0.603125 0.6625 0.63125 0.6625
0 0.7046875 0.6375 0.65625 0.6375 0.65625 0.6625 0.7046875 0.6625
0 0.778125 0.6484375000000002 0.7265625 0.6484375000000002 0.7265625 0.6734375000000001 0.778125 0.6734375000000001
0 0.8796875 0.6359375000000002 0.803125 0.6359375000000002 0.803125 0.6625000000000002 0.8796875 0.6625000000000002
0 0.20312500000000008 0.696875 0.15000000000000008 0.696875 0.15000000000000008 0.725 0.20312500000000008 0.725
0 0.2812500000000001 0.6953125 0.23593750000000008 0.6953125 0.23593750000000008 0.7125 0.2812500000000001 0.7125
0 0.4125 0.6875 0.3109375000000001 0.6875 0.3109375000000001 0.7234375 0.4125 0.7234375
0 0.4875 0.6890625 0.453125 0.6890625 0.453125 0.7171875 0.4875 0.7171875
0 0.634375 0.6953125 0.5140625 0.6953125 0.5140625 0.7125 0.634375 0.7125
0 0.6890625 0.6875 0.6609375 0.6875 0.6609375 0.7109375 0.6890625 0.7109375
0 0.7640625 0.6890625000000001 0.709375 0.6890625 0.709375 0.7125000000000001 0.7640625 0.7125000000000001
0 0.79375 0.6859375000000002 0.7859375 0.6859375000000002 0.7859375 0.6953125000000002 0.79375 0.6953125000000002
0 0.796875 0.7078125000000002 0.79375 0.7078125000000002 0.79375 0.7109375000000002 0.796875 0.7109375000000002