0 0.15937500000000004 0.2515625 0.13281250000000006 0.2515625 0.13281250000000006 0.2703125 0.15937500000000004 0.2703125
0 0.2046875 0.2515625 0.17343750000000005 0.2515625 0.17343750000000005 0.2703125 0.2046875 0.2703125
0 0.31875 0.2484375 0.2140625 0.2484375 0.2140625 0.2703125 0.31875 0.2703125
0 0.3703125 0.24687500000000004 0.3375 0.246875 0.3375 0.27031250000000007 0.3703125 0.27031250000000007
0 0.5078125 0.2515625000000001 0.3921875 0.2515625000000001 0.3921875 0.2828125000000001 0.5078125 0.2828125000000001
0 0.5625 0.2484375000000001 0.515625 0.2484375000000001 0.515625 0.2687500000000001 0.5625 0.2687500000000001
0 0.7640625 0.2468750000000001 0.571875 0.2468750000000001 0.571875 0.2687500000000001 0.7640625 0.2687500000000001
0 0.840625 0.2500000000000001 0.7828125 0.2500000000000001 0.7828125 0.2687500000000001 0.840625 0.2687500000000001
0 0.2265625 0.3 0.13593750000000004 0.3 0.13593750000000004 0.31875 0.2265625 0.31875
0 0.26875 0.309375 0.2453125 0.309375 0.2453125 0.3203125 0.26875 0.3203125
0 0.3671875 0.30000000000000004 0.284375 0.3 0.284375 0.32031250000000006 0.3671875 0.3203125000000001
0 0.4140625 0.30156250000000007 0.384375 0.30156250000000007 0.384375 0.3203125000000001 0.4140625 0.3203125000000001
0 0.478125 0.3000000000000001 0.4265625 0.3000000000000001 0.4265625 0.3203125000000001 0.478125 0.3203125000000001
0 0.646875 0.3000000000000001 0.49375 0.3000000000000001 0.49375 0.3203125000000001 0.646875 0.3203125000000001
0 0.7625 0.2984375000000001 0.665625 0.2984375000000001 0.665625 0.3203125000000001 0.7625 0.3203125000000001
0 0.8140625 0.2968750000000001 0.78125 0.2968750000000001 0.78125 0.3234375000000001 0.8140625 0.3234375000000001
0 0.259375 0.3484375 0.13125000000000003 0.3484375 0.13125000000000003 0.38125 0.2593750000000001 0.38125
0 0.34218750000000003 0.3515625 0.2796875 0.3515625 0.27968750000000003 0.3703125 0.3421875000000001 0.3703125
0 0.421875 0.35156250000000006 0.35625 0.3515625 0.35625000000000007 0.37031250000000004 0.421875 0.3703125000000001
0 0.534375 0.3515625000000001 0.4375 0.3515625000000001 0.4375 0.3703125000000001 0.534375 0.3703125000000001
0 0.571875 0.3468750000000001 0.5453125 0.3468750000000001 0.5453125 0.3703125000000001 0.571875 0.3703125000000001
0 0.65 0.3500000000000001 0.5890625 0.3500000000000001 0.5890625 0.3703125000000001 0.65 0.3703125000000001
0 0.6546875 0.3687500000000001 0.653125 0.3687500000000001 0.653125 0.3703125000000001 0.6546875 0.3703125000000001
0 0.7359375 0.3500000000000001 0.6625 0.3500000000000001 0.6625 0.3687500000000001 0.7359375 0.3687500000000001
0 0.871875 0.3500000000000001 0.75 0.3500000000000001 0.75 0.3843750000000001 0.871875 0.3843750000000001
0 0.25468750000000007 0.4 0.12968750000000004 0.4 0.12968750000000004 0.4203125 0.25468750000000007 0.4203125
0 0.3390625000000001 0.403125 0.2734375000000001 0.403125 0.2734375000000001 0.4203125 0.3390625000000001 0.4203125
0 0.428125 0.4 0.3593750000000001 0.4 0.3593750000000001 0.4203125 0.428125 0.4203125
0 0.6484375 0.4 0.440625 0.4 0.440625 0.4296875 0.6484375 0.4296875
0 0.659375 0.41875 0.6515625 0.41875 0.6515625 0.425 0.659375 0.425
0 0.71875 0.4 0.665625 0.4 0.665625 0.4203125 0.71875 0.4203125
0 0.8390625 0.4000000000000002 0.7359375 0.4000000000000002 0.7359375 0.4203125000000002 0.8390625 0.4203125000000002
0 0.3765625000000001 0.4515625 0.12656250000000005 0.4515625 0.12656250000000005 0.4828125 0.3765625000000001 0.4828125
0 0.38750000000000007 0.4703125 0.3828125000000001 0.4703125 0.3828125000000001 0.478125 0.38750000000000007 0.478125
0 0.459375 0.45 0.403125 0.45 0.403125 0.471875 0.459375 0.471875
0 0.58125 0.453125 0.4765625 0.453125 0.4765625 0.4796875 0.58125 0.4796875
0 0.8 0.45000000000000007 0.6 0.45 0.6 0.4718750000000001 0.8 0.47187500000000016
0 0.8703125 0.44843750000000016 0.8125 0.44843750000000016 0.8125 0.47187500000000016 0.8703125 0.47187500000000016
0 0.19218750000000004 0.503125 0.13593750000000004 0.503125 0.13593750000000004 0.5234375 0.19218750000000004 0.5234375
0 0.3390625000000001 0.503125 0.2140625000000001 0.503125 0.2140625000000001 0.5234375 0.3390625000000001 0.5234375
0 0.4765625 0.503125 0.3609375000000001 0.503125 0.3609375000000001 0.5234375 0.4765625 0.5234375
0 0.6078125 0.503125 0.4953125 0.503125 0.4953125 0.5234375 0.6078125 0.5234375
0 0.6359375 0.5171875 0.621875 0.5171875 0.621875 0.51875 0.6359375 0.51875
0 0.7359375 0.5109375 0.6484375 0.5109375 0.6484375 0.5234375000000001 0.7359375 0.5234375000000002
0 0.796875 0.5031250000000002 0.7453125 0.5031250000000002 0.7453125 0.5234375000000002 0.796875 0.5234375000000002
0 0.890625 0.5109375000000002 0.8109375 0.5109375000000002 0.8109375 0.5234375000000002 0.890625 0.5234375000000002
0 0.36406250000000007 0.553125 0.1375000000000001 0.553125 0.1375000000000001 0.5734375 0.36406250000000007 0.5734375
0 0.4078125 0.5546875 0.3765625000000001 0.5546875 0.3765625000000001 0.5734375 0.4078125 0.5734375
0 0.4703125 0.5546875 0.4171875 0.5546875 0.4171875 0.5734375 0.4703125 0.5734375
0 0.678125 0.5546875 0.4828125 0.5546875 0.4828125 0.5859375 0.678125 0.5859375
0 0.684375 0.571875 0.6828125 0.571875 0.6828125 0.5734375 0.684375 0.5734375
0 0.703125 0.553125 0.69375 0.553125 0.69375 0.5625 0.703125 0.5625
0 0.8296875 0.5531250000000001 0.7140625 0.553125 0.7140625 0.5734375 0.8296875 0.5734375000000002
0 0.88125 0.5562500000000001 0.846875 0.5562500000000001 0.846875 0.5750000000000002 0.88125 0.5750000000000002
0 0.2000000000000001 0.603125 0.1453125000000001 0.603125 0.1453125000000001 0.6234375 0.2000000000000001 0.6234375
0 0.3734375000000001 0.6125 0.2218750000000001 0.6125 0.2218750000000001 0.63125 0.3734375000000001 0.63125
0 0.4234375 0.6015625 0.3843750000000001 0.6015625 0.3843750000000001 0.6296875 0.4234375 0.6296875
0 0.4359375 0.6015625 0.4265625 0.6015625 0.4265625 0.6109375 0.4359375 0.6109375
0 0.46875 0.615625 0.4546875 0.615625 0.4546875 0.6171875 0.46875 0.6171875
0 0.55 0.6109375 0.4921875 0.6109375 0.4921875 0.6234375 0.55 0.6234375
0 0.6609375 0.6125 0.5765625 0.6125 0.5765625 0.625 0.6609375 0.625
0 0.715625 0.6140625 0.675 0.6140625 0.675 0.625 0.715625 0.625
0 0.7640625 0.6140625000000001 0.725 0.6140625 0.725 0.6250000000000001 0.7640625 0.6250000000000002
0 0.8578125 0.6031250000000001 0.7765625 0.6031250000000001 0.7765625 0.6250000000000002 0.8578125 0.6250000000000002
0 0.21093750000000008 0.6546875 0.1468750000000001 0.6546875 0.1468750000000001 0.6859375 0.21093750000000008 0.6859375
0 0.30937500000000007 0.653125 0.22812500000000008 0.653125 0.22812500000000008 0.68125 0.30937500000000007 0.68125
0 0.3671875000000001 0.6515625 0.3296875000000001 0.6515625 0.3296875000000001 0.678125 0.3671875000000001 0.678125
0 0.4453125 0.6546875 0.3906250000000001 0.6546875 0.3906250000000001 0.675 0.4453125 0.675
0 0.565625 0.6546875 0.46875 0.6546875 0.46875 0.6875 0.565625 0.6875
0 0.56875 0.6734375 0.5671875 0.6734375 0.5671875 0.675 0.56875 0.675