0 0.18125000000000005 0.2671875 0.12812500000000004 0.2671875 0.12812500000000004 0.2875 0.18125000000000005 0.2875
0 0.2875 0.2671875 0.2140625 0.2671875 0.2140625 0.2875 0.2875 0.2875
0 0.34375 0.26875 0.3140625 0.26875 0.3140625 0.2890625 0.34375 0.2890625
0 0.4515625 0.2656250000000001 0.378125 0.2656250000000001 0.378125 0.28593750000000007 0.4515625 0.28593750000000007
0 0.509375 0.2671875000000001 0.4734375 0.2671875000000001 0.4734375 0.28593750000000007 0.509375 0.28593750000000007
0 0.571875 0.2640625000000001 0.53125 0.2640625000000001 0.53125 0.2843750000000001 0.571875 0.2843750000000001
0 0.6953125 0.2640625000000001 0.6109375 0.2640625000000001 0.6109375 0.3031250000000001 0.6953125 0.3031250000000001
0 0.7203125 0.2796875000000001 0.715625 0.2796875000000001 0.715625 0.2906250000000001 0.7203125 0.2906250000000001
0 0.7953125 0.2671875000000001 0.734375 0.2671875000000001 0.734375 0.2843750000000001 0.7953125 0.2843750000000001
0 0.8625 0.27031250000000007 0.825 0.27031250000000007 0.825 0.28593750000000007 0.8625 0.28593750000000007
0 0.209375 0.3203125 0.10468750000000004 0.3203125 0.10468750000000004 0.3375 0.209375 0.3375
0 0.3625 0.3171875 0.2484375 0.3171875 0.2484375 0.3359375 0.3625 0.3359375
0 0.4296875 0.3187500000000001 0.3953125 0.3187500000000001 0.3953125 0.3375000000000001 0.4296875 0.3375000000000001
0 0.5015625 0.31718750000000007 0.4578125 0.31718750000000007 0.4578125 0.3359375000000001 0.5015625 0.3359375000000001
0 0.675 0.31718750000000007 0.5328125 0.31718750000000007 0.5328125 0.3390625000000001 0.675 0.3390625000000001
0 0.6921875 0.3359375000000001 0.6890625 0.3359375000000001 0.6890625 0.3375000000000001 0.6921875 0.3375000000000001
0 0.7390625 0.3156250000000001 0.7140625 0.3156250000000001 0.7140625 0.3390625000000001 0.7390625 0.3390625000000001
0 0.8609375 0.3203125000000001 0.7734375 0.3203125000000001 0.7734375 0.35625000000000007 0.8609375 0.35625000000000007
0 0.15468750000000003 0.3703125 0.10312500000000005 0.3703125 0.10312500000000005 0.4046875 0.15468750000000003 0.4046875
0 0.24218750000000008 0.365625 0.17187500000000006 0.365625 0.17187500000000006 0.3890625 0.24218750000000008 0.3890625
0 0.3156250000000001 0.36875 0.2765625000000001 0.36875 0.2765625000000001 0.3875 0.3156250000000001 0.3875
0 0.3609375000000001 0.3703125 0.3421875000000001 0.3703125 0.3421875000000001 0.3859375 0.3609375000000001 0.3859375
0 0.478125 0.3671875000000001 0.3859375000000001 0.3671875000000001 0.3859375000000001 0.4 0.478125 0.4
0 0.596875 0.3687500000000001 0.5171875 0.3687500000000001 0.5171875 0.403125 0.596875 0.403125
0 0.7 0.37187500000000007 0.6296875 0.37187500000000007 0.6296875 0.3859375000000001 0.7 0.3859375000000001
0 0.8015625 0.3656250000000001 0.728125 0.3656250000000001 0.728125 0.3890625000000001 0.8015625 0.3890625000000001
0 0.8734375 0.3671875000000001 0.8328125 0.3671875000000001 0.8328125 0.3859375000000001 0.8734375 0.3859375000000001
0 0.2609375000000001 0.4171875 0.09843750000000004 0.4171875 0.09843750000000005 0.4546875 0.2609375000000001 0.4546875
0 0.2734375000000001 0.4328125 0.2656250000000001 0.4328125 0.2656250000000001 0.446875 0.2734375000000001 0.446875
0 0.4953125 0.421875 0.3000000000000001 0.421875 0.3000000000000001 0.446875 0.4953125 0.446875
0 0.6375 0.41875 0.5328125 0.41875 0.5328125 0.4375 0.6375 0.4375
0 0.6578125 0.434375 0.6546875 0.434375 0.6546875 0.4359375 0.6578125 0.4359375
0 0.71875 0.41875 0.6828125 0.41875 0.6828125 0.4390625 0.71875 0.4390625
0 0.828125 0.4187500000000002 0.753125 0.4187500000000002 0.753125 0.43750000000000017 0.828125 0.43750000000000017
0 0.2984375000000001 0.4703125 0.09375000000000007 0.4703125 0.09375000000000007 0.503125 0.2984375000000001 0.503125
0 0.3781250000000001 0.4671875 0.3281250000000001 0.4671875 0.3281250000000001 0.4875 0.3781250000000001 0.4875
0 0.5125 0.4671875 0.40625 0.4671875 0.40625 0.4890625 0.5125 0.4890625
0 0.590625 0.471875 0.5421875 0.471875 0.5421875 0.4859375 0.590625 0.4859375
0 0.6453125 0.4703125 0.6171875 0.4703125 0.6171875 0.4890625 0.6453125 0.4890625
0 0.83125 0.4671875000000001 0.6703125 0.4671875 0.6703125 0.5015625000000001 0.83125 0.5015625000000001
0 0.95 0.47187500000000016 0.85625 0.47187500000000016 0.85625 0.4890625000000002 0.95 0.4890625000000002
0 0.959375 0.47968750000000016 0.9515625 0.47968750000000016 0.9515625 0.49218750000000017 0.959375 0.49218750000000017
0 0.16093750000000004 0.521875 0.09531250000000006 0.521875 0.09531250000000006 0.54375 0.16093750000000004 0.54375
0 0.2578125000000001 0.5109375 0.19375000000000003 0.5109375 0.19375000000000003 0.5390625 0.2578125000000001 0.5390625
0 0.3531250000000001 0.51875 0.2875000000000001 0.51875 0.2875000000000001 0.540625 0.3531250000000001 0.540625
0 0.5453125 0.5171875 0.3890625000000001 0.5171875 0.3890625000000001 0.54375 0.5453125 0.54375
0 0.60625 0.5203125 0.575 0.5203125 0.575 0.54375 0.60625 0.54375
0 0.6734375 0.515625 0.6359375 0.515625 0.6359375 0.546875 0.6734375 0.546875
0 0.7484375 0.51875 0.7015625 0.51875 0.7015625 0.5390625000000001 0.7484375 0.5390625000000002
0 0.8453125 0.5156250000000002 0.7828125 0.5156250000000002 0.7828125 0.5484375000000001 0.8453125 0.5484375000000001
0 0.9375 0.5187500000000002 0.8765625 0.5187500000000002 0.8765625 0.5359375000000002 0.9375 0.5359375000000002
0 0.1937500000000001 0.5703125 0.10000000000000009 0.5703125 0.10000000000000009 0.603125 0.1937500000000001 0.603125
0 0.2484375000000001 0.5703125 0.2250000000000001 0.5703125 0.2250000000000001 0.590625 0.2484375000000001 0.590625
0 0.3031250000000001 0.5734375 0.2765625000000001 0.5734375 0.2765625000000001 0.590625 0.3031250000000001 0.590625
0 0.5265625 0.5703125 0.3437500000000001 0.5703125 0.3437500000000001 0.60625 0.5265625 0.60625
0 0.546875 0.590625 0.5421875 0.590625 0.5421875 0.5953125 0.546875 0.5953125
0 0.690625 0.5703125 0.5625 0.5703125 0.5625 0.6109375 0.690625 0.6109375
0 0.7140625 0.584375 0.7046875 0.584375 0.7046875 0.5984375 0.7140625 0.5984375
0 0.7890625 0.5718750000000001 0.73125 0.5718750000000001 0.73125 0.5906250000000002 0.7890625 0.5906250000000002
0 0.8890625 0.5703125000000002 0.8125 0.5703125000000002 0.8125 0.6000000000000002 0.8890625 0.6000000000000002
0 0.17968750000000008 0.621875 0.08906250000000007 0.621875 0.08906250000000007 0.6671875 0.17968750000000008 0.6671875
0 0.27812500000000007 0.621875 0.2171875000000001 0.621875 0.2171875000000001 0.6421875 0.27812500000000007 0.6421875
0 0.3703125000000001 0.61875 0.3000000000000001 0.61875 0.3000000000000001 0.653125 0.3703125000000001 0.653125
0 0.596875 0.6203125 0.4015625 0.6203125 0.4015625 0.65625 0.596875 0.65625
0 0.6078125 0.6359375 0.6046875 0.6359375 0.6046875 0.6375 0.6078125 0.6375
0 0.659375 0.6171875 0.6265625 0.6171875 0.6265625 0.640625 0.659375 0.640625
0 0.7234375 0.628125 0.6875 0.628125 0.6875 0.640625 0.7234375 0.640625
0 0.7875 0.6187500000000001 0.746875 0.6187500000000001 0.746875 0.6390625000000002 0.7875 0.6390625000000002
0 0.875 0.6250000000000002 0.815625 0.6250000000000002 0.815625 0.6406250000000002 0.875 0.6406250000000002
0 0.9375 0.6281250000000002 0.9015625 0.6281250000000002 0.9015625 0.6437500000000002 0.9375 0.6437500000000002
0 0.20468750000000008 0.6671875 0.11718750000000008 0.6671875 0.11718750000000008 0.7078125 0.20468750000000008 0.7078125
0 0.2921875000000001 0.6671875 0.23593750000000008 0.6671875 0.23593750000000008 0.690625 0.2921875000000001 0.690625
0 0.3828125000000001 0.6671875 0.3218750000000001 0.6671875 0.3218750000000001 0.7 0.3828125000000001 0.7
0 0.484375 0.66875 0.409375 0.66875 0.409375 0.6921875 0.484375 0.6921875
0 0.540625 0.6734375 0.515625 0.6734375 0.515625 0.6921875 0.540625 0.6921875
0 0.5828125 0.675 0.5671875 0.675 0.5671875 0.690625 0.5828125 0.690625
0 0.6984375 0.671875 0.6140625 0.671875 0.6140625 0.6921875 0.6984375 0.6921875
0 0.796875 0.6734375000000001 0.7328125 0.6734375000000001 0.7328125 0.6937500000000002 0.796875 0.6937500000000002
0 0.9171875 0.6734375000000001 0.8203125 0.6734375000000001 0.8203125 0.6937500000000002 0.9171875 0.6937500000000002
0 0.16562500000000008 0.725 0.12031250000000009 0.725 0.12031250000000009 0.7453125 0.16562500000000008 0.7453125
0 0.2250000000000001 0.7203125 0.2015625000000001 0.7203125 0.2015625000000001 0.740625 0.2250000000000001 0.740625
0 0.3187500000000001 0.721875 0.2531250000000001 0.721875 0.2531250000000001 0.7421875 0.3187500000000001 0.7421875
0 0.3984375000000001 0.7171875 0.3390625000000001 0.7171875 0.3390625000000001 0.74375 0.3984375000000001 0.74375
0 0.4984375000000001 0.721875 0.4265625 0.721875 0.42656250000000007 0.740625 0.4984375000000002 0.740625
0 0.5859375000000001 0.725 0.5265625 0.725 0.5265625 0.740625 0.5859375000000002 0.740625
0 0.6781250000000001 0.7234375 0.6125 0.7234375 0.6125 0.74375 0.6781250000000002 0.74375
0 0.803125 0.7265625000000001 0.7140625000000002 0.7265625 0.7140625000000002 0.7625000000000001 0.803125 0.7625000000000002
0 0.8140625 0.7437500000000001 0.8109375 0.7437500000000001 0.8109375 0.7453125000000002 0.8140625 0.7453125000000002