0 0.2625 0.2125 0.12968750000000004 0.2125 0.12968750000000004 0.2546875 0.2625 0.2546875
0 0.2796875 0.2296875 0.271875 0.2296875 0.271875 0.246875 0.2796875 0.246875
0 0.3421875 0.209375 0.3046875 0.209375 0.3046875 0.2328125 0.3421875 0.2328125
0 0.5078125 0.2140625000000001 0.3734375 0.2140625000000001 0.3734375 0.23593750000000008 0.5078125 0.23593750000000008
0 0.58125 0.21093750000000008 0.5265625 0.21093750000000008 0.5265625 0.23593750000000008 0.58125 0.23593750000000008
0 0.75625 0.2140625000000001 0.615625 0.2140625000000001 0.615625 0.23593750000000008 0.75625 0.23593750000000008
0 0.7984375 0.22031250000000008 0.7796875 0.22031250000000008 0.7796875 0.23437500000000008 0.7984375 0.23437500000000008
0 0.9625 0.21250000000000008 0.825 0.21250000000000008 0.825 0.2328125000000001 0.9625 0.2328125000000001
0 0.19687500000000005 0.2703125 0.12031250000000004 0.2703125 0.12031250000000004 0.2890625 0.19687500000000005 0.2890625
0 0.2640625 0.265625 0.228125 0.265625 0.228125 0.2859375 0.2640625 0.2859375
0 0.434375 0.26250000000000007 0.3015625 0.2625 0.3015625 0.30625 0.434375 0.3062500000000001
0 0.546875 0.2640625000000001 0.475 0.2640625000000001 0.475 0.2843750000000001 0.546875 0.2843750000000001
0 0.6015625 0.2640625000000001 0.5734375 0.2640625000000001 0.5734375 0.2843750000000001 0.6015625 0.2843750000000001
0 0.71875 0.2640625000000001 0.628125 0.2640625000000001 0.628125 0.2921875000000001 0.71875 0.2921875000000001
0 0.79375 0.26250000000000007 0.7546875 0.26250000000000007 0.7546875 0.2968750000000001 0.79375 0.2968750000000001
0 0.9265625 0.2640625000000001 0.815625 0.2640625000000001 0.815625 0.2953125000000001 0.9265625 0.2953125000000001
0 0.9296875 0.2750000000000001 0.91875 0.2750000000000001 0.91875 0.29375000000000007 0.9296875 0.29375000000000007
0 0.16718750000000004 0.3203125 0.11875000000000005 0.3203125 0.11875000000000005 0.340625 0.16718750000000004 0.340625
0 0.3078125 0.315625 0.19687500000000005 0.315625 0.19687500000000005 0.3375 0.3078125 0.3375
0 0.375 0.31718750000000007 0.340625 0.3171875 0.340625 0.33593750000000006 0.375 0.3359375000000001
0 0.559375 0.3156250000000001 0.4109375 0.3156250000000001 0.4109375 0.3515625000000001 0.559375 0.3515625000000001
0 0.690625 0.3140625000000001 0.5953125 0.3140625000000001 0.5953125 0.3359375000000001 0.690625 0.3359375000000001
0 0.7515625 0.31718750000000007 0.71875 0.31718750000000007 0.71875 0.3343750000000001 0.7515625 0.3343750000000001
0 0.83125 0.3234375000000001 0.7890625 0.3234375000000001 0.7890625 0.3375000000000001 0.83125 0.3375000000000001
0 0.9453125 0.31718750000000007 0.8609375 0.31718750000000007 0.8609375 0.3359375000000001 0.9453125 0.3359375000000001
0 0.21250000000000008 0.365625 0.12500000000000006 0.365625 0.12500000000000006 0.3875 0.21250000000000008 0.3875
0 0.29687500000000006 0.3625 0.25 0.3625 0.25000000000000006 0.384375 0.2968750000000001 0.384375
0 0.353125 0.3625 0.321875 0.3625 0.321875 0.3953125 0.3531250000000001 0.3953125
0 0.4265625 0.36406250000000007 0.3765625000000001 0.36406250000000007 0.3765625000000001 0.3859375000000001 0.4265625 0.3859375000000001
0 0.5875 0.3671875000000001 0.45625 0.3671875000000001 0.45625 0.3859375000000001 0.5875 0.3859375000000001
0 0.6359375 0.37187500000000007 0.6171875 0.37187500000000007 0.6171875 0.3859375000000001 0.6359375 0.3859375000000001
0 0.7640625 0.3625000000000001 0.6640625 0.3625000000000001 0.6640625 0.39531250000000007 0.7640625 0.39531250000000007
0 0.85 0.3656250000000001 0.803125 0.3656250000000001 0.803125 0.38750000000000007 0.85 0.38750000000000007
0 0.996875 0.3656250000000001 0.8765625 0.3656250000000001 0.8765625 0.3937500000000001 0.996875 0.3937500000000001
0 0.22656250000000008 0.4171875 0.10625000000000004 0.4171875 0.10625000000000004 0.453125 0.22656250000000008 0.453125
0 0.24375000000000008 0.43125 0.23593750000000008 0.43125 0.23593750000000008 0.4421875 0.24375000000000008 0.4421875
0 0.3296875000000001 0.4234375 0.2578125000000001 0.4234375 0.2578125000000001 0.4375 0.3296875000000001 0.4375
0 0.40625 0.4203125 0.3593750000000001 0.4203125 0.3593750000000001 0.4375 0.40625 0.4375
0 0.4828125 0.4171875 0.4375 0.4171875 0.4375 0.4375 0.4828125 0.4375
0 0.59375 0.415625 0.4984375 0.415625 0.4984375 0.4390625 0.59375 0.4390625
0 0.6125 0.434375 0.609375 0.434375 0.609375 0.4359375 0.6125 0.4359375
0 0.740625 0.41875000000000007 0.6265625 0.41875 0.6265625 0.4390625000000001 0.740625 0.4390625000000002
0 0.7546875 0.4359375000000002 0.7453125 0.4359375000000002 0.7453125 0.4515625000000002 0.7546875 0.4515625000000002
0 0.8359375 0.4156250000000002 0.778125 0.4156250000000002 0.778125 0.4359375000000002 0.8359375 0.4359375000000002
0 0.95625 0.41406250000000017 0.8671875 0.41406250000000017 0.8671875 0.4390625000000002 0.95625 0.4390625000000002
0 0.24375000000000008 0.4640625 0.10156250000000004 0.4640625 0.10156250000000004 0.5078125 0.24375000000000008 0.5078125
0 0.36406250000000007 0.465625 0.2796875000000001 0.465625 0.2796875000000001 0.4890625 0.36406250000000007 0.4890625
0 0.453125 0.465625 0.3968750000000001 0.465625 0.3968750000000001 0.4890625 0.453125 0.4890625
0 0.5265625 0.465625 0.478125 0.465625 0.478125 0.4984375 0.5265625 0.4984375
0 0.6234375 0.4640625 0.559375 0.4640625 0.559375 0.49375 0.6234375 0.49375
0 0.7359375 0.47343750000000007 0.6484375 0.4734375 0.6484375 0.48906250000000007 0.7359375 0.4890625000000002
0 0.896875 0.4671875000000002 0.771875 0.4671875000000002 0.771875 0.5000000000000002 0.896875 0.5000000000000002
0 0.9109375 0.47968750000000016 0.9015625 0.47968750000000016 0.9015625 0.4937500000000002 0.9109375 0.4937500000000002
0 0.9859375 0.47187500000000016 0.9328125 0.47187500000000016 0.9328125 0.49218750000000017 0.9859375 0.49218750000000017
0 0.14687500000000003 0.515625 0.10937500000000004 0.515625 0.10937500000000004 0.5359375 0.14687500000000003 0.5359375
0 0.30156250000000007 0.515625 0.17500000000000004 0.515625 0.17500000000000004 0.540625 0.30156250000000007 0.540625
0 0.4484375 0.515625 0.3375000000000001 0.515625 0.3375000000000001 0.5390625 0.4484375 0.5390625
0 0.46875 0.53125 0.4625 0.53125 0.4625 0.546875 0.46875 0.546875
0 0.5203125 0.521875 0.4859375 0.521875 0.4859375 0.540625 0.5203125 0.540625
0 0.5921875 0.515625 0.5484375 0.515625 0.5484375 0.5390625 0.5921875 0.5390625
0 0.7359375 0.51875 0.6234375 0.51875 0.6234375 0.5578125 0.7359375 0.5578125000000002
0 0.825 0.5203125000000002 0.759375 0.5203125000000002 0.759375 0.5390625000000002 0.825 0.5390625000000002
0 0.9125 0.5234375000000002 0.853125 0.5234375000000002 0.853125 0.5406250000000001 0.9125 0.5406250000000001
0 0.22656250000000008 0.571875 0.10156250000000008 0.571875 0.10156250000000008 0.60625 0.22656250000000008 0.60625
0 0.3140625000000001 0.571875 0.26250000000000007 0.571875 0.26250000000000007 0.590625 0.3140625000000001 0.590625
0 0.3281250000000001 0.5828125 0.3203125000000001 0.5828125 0.3203125000000001 0.596875 0.3281250000000001 0.596875
0 0.4078125 0.5671875 0.34843750000000007 0.5671875 0.34843750000000007 0.5890625 0.4078125 0.5890625
0 0.4640625 0.56875 0.4296875 0.56875 0.4296875 0.6015625 0.4640625 0.6015625
0 0.5265625 0.5671875 0.4875 0.5671875 0.4875 0.5890625 0.5265625 0.5890625
0 0.68125 0.571875 0.5546875 0.571875 0.5546875 0.6125 0.68125 0.6125
0 0.7015625 0.5828125 0.69375 0.5828125 0.69375 0.596875 0.7015625 0.596875
0 0.7859375 0.5734375 0.715625 0.5734375 0.715625 0.6046875 0.7859375 0.6046875000000002
0 0.8328125 0.5750000000000002 0.8109375 0.5750000000000002 0.8109375 0.5906250000000002 0.8328125 0.5906250000000002
0 1 0.5703125000000002 0.8484375 0.5703125000000002 0.8484375 0.6031250000000001 1 0.6031250000000001
0 0.14062500000000008 0.6203125 0.11250000000000009 0.6203125 0.11250000000000009 0.6515625 0.14062500000000008 0.6515625
0 0.2328125000000001 0.6265625 0.17187500000000008 0.6265625 0.17187500000000008 0.640625 0.2328125000000001 0.640625
0 0.4390625 0.6203125 0.2640625000000001 0.6203125 0.2640625000000001 0.659375 0.4390625 0.659375
0 0.534375 0.625 0.4765625 0.625 0.4765625 0.64375 0.534375 0.64375
0 0.709375 0.621875 0.56875 0.621875 0.56875 0.6421875 0.709375 0.6421875
0 0.825 0.6250000000000002 0.7390625 0.6250000000000002 0.7390625 0.6515625000000002 0.825 0.6515625000000002
0 0.834375 0.6375000000000002 0.83125 0.6375000000000002 0.83125 0.6390625000000002 0.834375 0.6390625000000002