0 0.15625000000000006 0.253125 0.14062500000000006 0.253125 0.14062500000000006 0.2703125 0.15625000000000006 0.2703125
0 0.2609375 0.2515625 0.17656250000000004 0.2515625 0.17656250000000004 0.26875 0.2609375 0.26875
0 0.271875 0.2671875 0.265625 0.2671875 0.265625 0.275 0.271875 0.275
0 0.425 0.25000000000000006 0.2796875 0.25 0.2796875 0.275 0.425 0.2750000000000001
0 0.434375 0.2671875000000001 0.4296875 0.2671875000000001 0.4296875 0.2734375000000001 0.434375 0.2734375000000001
0 0.54375 0.2578125000000001 0.4484375 0.2578125000000001 0.4484375 0.2687500000000001 0.54375 0.2687500000000001
0 0.703125 0.2500000000000001 0.5609375 0.2500000000000001 0.5609375 0.2687500000000001 0.703125 0.2687500000000001
0 0.84375 0.2500000000000001 0.715625 0.2500000000000001 0.715625 0.2796875000000001 0.84375 0.2796875000000001
0 0.2171875 0.3015625 0.13906250000000003 0.3015625 0.13906250000000003 0.31875 0.2171875 0.31875
0 0.4171875 0.30000000000000004 0.2390625 0.3 0.2390625 0.31875000000000003 0.4171875 0.3187500000000001
0 0.4703125 0.2984375000000001 0.4359375 0.2984375000000001 0.4359375 0.3265625000000001 0.4703125 0.3265625000000001
0 0.528125 0.3000000000000001 0.4875 0.3000000000000001 0.4875 0.3187500000000001 0.528125 0.3187500000000001
0 0.6671875 0.2984375000000001 0.546875 0.2984375000000001 0.546875 0.3296875000000001 0.6671875 0.3296875000000001
0 0.7375 0.3000000000000001 0.6859375 0.3000000000000001 0.6859375 0.3312500000000001 0.7375 0.3312500000000001
0 0.896875 0.2984375000000001 0.74375 0.2984375000000001 0.74375 0.3375000000000001 0.896875 0.3375000000000001
0 0.17343750000000005 0.353125 0.13906250000000003 0.353125 0.13906250000000003 0.371875 0.17343750000000005 0.371875
0 0.3375 0.3515625 0.18750000000000006 0.3515625 0.18750000000000006 0.3828125 0.3375000000000001 0.3828125
0 0.37968750000000007 0.35937500000000006 0.3546875 0.359375 0.35468750000000004 0.37031250000000004 0.37968750000000007 0.3703125000000001
0 0.621875 0.3500000000000001 0.396875 0.3500000000000001 0.39687500000000003 0.3687500000000001 0.621875 0.3687500000000001
0 0.8234375 0.3468750000000001 0.634375 0.3468750000000001 0.634375 0.3859375000000001 0.8234375 0.3859375000000001
0 0.2390625000000001 0.4 0.14218750000000005 0.4 0.14218750000000005 0.4203125 0.2390625000000001 0.4203125
0 0.3125000000000001 0.3984375 0.2593750000000001 0.3984375 0.2593750000000001 0.425 0.3125000000000001 0.425
0 0.3734375000000001 0.39843750000000006 0.33281250000000007 0.3984375 0.33281250000000007 0.4203125 0.3734375000000001 0.4203125
0 0.5046875 0.4 0.3937500000000001 0.4 0.3937500000000001 0.4203125 0.5046875 0.4203125
0 0.6890625 0.3984375000000001 0.525 0.3984375000000001 0.525 0.4203125 0.6890625 0.4203125
0 0.7703125 0.4000000000000001 0.70625 0.4 0.70625 0.41875000000000007 0.7703125 0.4187500000000002
0 0.840625 0.3984375000000001 0.7875 0.3984375000000001 0.7875 0.4187500000000002 0.840625 0.4187500000000002
0 0.24375000000000008 0.453125 0.14218750000000005 0.453125 0.14218750000000005 0.471875 0.24375000000000008 0.471875
0 0.3859375000000001 0.453125 0.2671875000000001 0.453125 0.2671875000000001 0.4703125 0.3859375000000001 0.4703125
0 0.4625 0.4546875 0.403125 0.4546875 0.403125 0.471875 0.4625 0.471875
0 0.5078125 0.4515625 0.4765625 0.4515625 0.4765625 0.4703125 0.5078125 0.4703125
0 0.684375 0.4515625 0.525 0.4515625 0.525 0.4765625 0.684375 0.4765625
0 0.7140625 0.4609375 0.696875 0.4609375 0.696875 0.4703125 0.7140625 0.4703125
0 0.9078125 0.45000000000000007 0.709375 0.45 0.709375 0.4703125000000001 0.9078125 0.4703125000000002
0 0.3140625000000001 0.503125 0.13906250000000003 0.503125 0.13906250000000003 0.521875 0.3140625000000001 0.521875
0 0.3203125000000001 0.51875 0.31718750000000007 0.51875 0.31718750000000007 0.5203125 0.3203125000000001 0.5203125
0 0.4 0.503125 0.3375000000000001 0.503125 0.3375000000000001 0.521875 0.4 0.521875
0 0.5140625 0.503125 0.421875 0.503125 0.421875 0.521875 0.5140625 0.521875
0 0.525 0.51875 0.5203125 0.51875 0.5203125 0.525 0.525 0.525
0 0.6703125 0.503125 0.5328125 0.503125 0.5328125 0.528125 0.6703125 0.528125
0 0.6796875 0.51875 0.675 0.51875 0.675 0.525 0.6796875 0.525
0 0.7515625 0.5093750000000001 0.6859375 0.509375 0.6859375 0.534375 0.7515625 0.5343750000000002
0 0.8859375 0.5015625000000001 0.7578125 0.5015625000000001 0.7578125 0.5203125000000002 0.8859375 0.5203125000000002
0 0.1765625000000001 0.5609375 0.1390625000000001 0.5609375 0.1390625000000001 0.571875 0.1765625000000001 0.571875
0 0.2515625000000001 0.553125 0.1984375000000001 0.553125 0.1984375000000001 0.571875 0.2515625000000001 0.571875
0 0.3265625000000001 0.5546875 0.2734375000000001 0.5546875 0.2734375000000001 0.571875 0.3265625000000001 0.571875
0 0.465625 0.553125 0.3453125000000001 0.553125 0.3453125000000001 0.5796875 0.465625 0.5796875
0 0.66875 0.553125 0.4875 0.553125 0.4875 0.571875 0.66875 0.571875
0 0.7140625 0.55 0.6875 0.55 0.6875 0.578125 0.7140625 0.578125
0 0.784375 0.5625000000000002 0.73125 0.5625000000000002 0.73125 0.5718750000000001 0.784375 0.5718750000000001
0 0.8578125 0.5531250000000002 0.790625 0.5531250000000002 0.790625 0.5718750000000001 0.8578125 0.5718750000000001
0 0.890625 0.5625000000000002 0.865625 0.5625000000000002 0.865625 0.5718750000000001 0.890625 0.5718750000000001
0 0.2000000000000001 0.6046875 0.1437500000000001 0.6046875 0.1437500000000001 0.621875 0.2000000000000001 0.621875
0 0.3031250000000001 0.6125 0.22031250000000008 0.6125 0.22031250000000008 0.6234375 0.3031250000000001 0.6234375
0 0.39531250000000007 0.6015625 0.3218750000000001 0.6015625 0.3218750000000001 0.628125 0.39531250000000007 0.628125
0 0.44375 0.603125 0.4125 0.603125 0.4125 0.621875 0.44375 0.621875
0 0.5109375 0.603125 0.4578125 0.603125 0.4578125 0.621875 0.5109375 0.621875
0 0.60625 0.6109375 0.528125 0.6109375 0.528125 0.6328125 0.60625 0.6328125
0 0.6421875 0.603125 0.615625 0.603125 0.615625 0.621875 0.6421875 0.621875
0 0.753125 0.6015625000000001 0.659375 0.6015625 0.659375 0.6218750000000001 0.753125 0.6218750000000002
0 0.8171875 0.6015625000000002 0.76875 0.6015625000000002 0.76875 0.6218750000000002 0.8171875 0.6218750000000002
0 0.24375000000000008 0.6515625 0.1359375000000001 0.6515625 0.1359375000000001 0.6734375 0.24375000000000008 0.6734375
0 0.4734375 0.653125 0.2671875000000001 0.653125 0.2671875000000001 0.68125 0.4734375 0.68125
0 0.54375 0.65625 0.496875 0.65625 0.496875 0.6734375 0.54375 0.6734375
0 0.7421875 0.6531250000000001 0.5625 0.653125 0.5625 0.6734375000000001 0.7421875 0.6734375000000001
0 0.75 0.6718750000000002 0.746875 0.6718750000000002 0.746875 0.6734375000000001 0.75 0.6734375000000001