0 0.16718750000000004 0.215625 0.12656250000000005 0.215625 0.12656250000000005 0.2390625 0.16718750000000004 0.2390625
0 0.203125 0.21875 0.18125000000000005 0.21875 0.18125000000000005 0.2375 0.203125 0.2375
0 0.2625 0.221875 0.21875 0.221875 0.21875 0.2390625 0.2625 0.2390625
0 0.28125 0.2328125 0.2671875 0.2328125 0.2671875 0.2375 0.28125 0.2375
0 0.3953125 0.21718750000000003 0.2953125 0.2171875 0.2953125 0.24843750000000003 0.3953125 0.2484375000000001
0 0.484375 0.22031250000000008 0.4046875 0.22031250000000008 0.4046875 0.2515625000000001 0.484375 0.2515625000000001
0 0.49375 0.23593750000000008 0.490625 0.23593750000000008 0.490625 0.2375000000000001 0.49375 0.2375000000000001
0 0.54375 0.2218750000000001 0.5140625 0.2218750000000001 0.5140625 0.2390625000000001 0.54375 0.2390625000000001
0 0.5890625 0.22031250000000008 0.5546875 0.22031250000000008 0.5546875 0.2390625000000001 0.5890625 0.2390625000000001
0 0.6671875 0.2218750000000001 0.60625 0.2218750000000001 0.60625 0.2406250000000001 0.6671875 0.2406250000000001
0 0.8171875 0.2171875000000001 0.684375 0.2171875000000001 0.684375 0.2406250000000001 0.8171875 0.2406250000000001
0 0.284375 0.2640625 0.12812500000000004 0.2640625 0.12812500000000004 0.30625 0.284375 0.30625
0 0.31875 0.2671875 0.2921875 0.2671875 0.2921875 0.2875 0.31875 0.2875
0 0.4484375 0.2671875 0.3359375 0.2671875 0.3359375 0.28906250000000006 0.4484375 0.2890625000000001
0 0.5046875 0.27031250000000007 0.471875 0.27031250000000007 0.471875 0.2968750000000001 0.5046875 0.2968750000000001
0 0.553125 0.27031250000000007 0.515625 0.27031250000000007 0.515625 0.2890625000000001 0.553125 0.2890625000000001
0 0.659375 0.27031250000000007 0.5671875 0.27031250000000007 0.5671875 0.2906250000000001 0.659375 0.2906250000000001
0 0.678125 0.28593750000000007 0.671875 0.28593750000000007 0.671875 0.2906250000000001 0.678125 0.2906250000000001
0 0.753125 0.2718750000000001 0.6875 0.2718750000000001 0.6875 0.2890625000000001 0.753125 0.2890625000000001
0 0.8296875 0.2718750000000001 0.7609375 0.2718750000000001 0.7609375 0.2984375000000001 0.8296875 0.2984375000000001
0 0.89375 0.2734375000000001 0.840625 0.2734375000000001 0.840625 0.2890625000000001 0.89375 0.2890625000000001
0 0.2046875 0.3203125 0.12968750000000004 0.3203125 0.12968750000000004 0.353125 0.2046875 0.353125
0 0.2625 0.315625 0.225 0.315625 0.225 0.340625 0.2625 0.340625
0 0.2765625 0.321875 0.25625 0.321875 0.25625 0.3390625 0.2765625 0.3390625
0 0.3328125 0.315625 0.2921875 0.315625 0.2921875 0.3390625 0.3328125 0.3390625
0 0.440625 0.31562500000000004 0.3484375 0.315625 0.3484375 0.34062500000000007 0.440625 0.34062500000000007
0 0.5578125 0.31718750000000007 0.44375 0.31718750000000007 0.44375 0.3515625000000001 0.5578125 0.3515625000000001
0 0.6109375 0.3203125000000001 0.5734375 0.3203125000000001 0.5734375 0.3437500000000001 0.6109375 0.3437500000000001
0 0.659375 0.3187500000000001 0.615625 0.3187500000000001 0.615625 0.34062500000000007 0.659375 0.34062500000000007
0 0.7421875 0.3218750000000001 0.671875 0.3218750000000001 0.671875 0.3500000000000001 0.7421875 0.3500000000000001
0 0.7609375 0.3359375000000001 0.7546875 0.3359375000000001 0.7546875 0.3421875000000001 0.7609375 0.3421875000000001
0 0.828125 0.32500000000000007 0.76875 0.32500000000000007 0.76875 0.34062500000000007 0.828125 0.34062500000000007
0 0.16562500000000005 0.371875 0.13125000000000003 0.371875 0.13125000000000003 0.3953125 0.16562500000000005 0.3953125
0 0.2984375000000001 0.3703125 0.17812500000000003 0.3703125 0.17812500000000003 0.4015625 0.2984375000000001 0.4015625
0 0.3531250000000001 0.3703125 0.3218750000000001 0.3703125 0.3218750000000001 0.3953125 0.3531250000000001 0.3953125
0 0.4 0.37031250000000004 0.3625000000000001 0.3703125 0.3625000000000001 0.39062500000000006 0.4 0.3906250000000001
0 0.5140625 0.37187500000000007 0.4171875 0.37187500000000007 0.4171875 0.3937500000000001 0.5140625 0.3937500000000001
0 0.65625 0.3703125000000001 0.525 0.3703125000000001 0.525 0.3921875000000001 0.65625 0.3921875000000001
0 0.696875 0.37187500000000007 0.6671875 0.37187500000000007 0.6671875 0.3890625000000001 0.696875 0.3890625000000001
0 0.7765625 0.3703125000000001 0.7203125 0.3703125000000001 0.7203125 0.3921875000000001 0.7765625 0.3921875000000001
0 0.2812500000000001 0.421875 0.13750000000000004 0.421875 0.13750000000000004 0.453125 0.2812500000000001 0.453125
0 0.2875000000000001 0.4375 0.2843750000000001 0.4375 0.2843750000000001 0.4421875 0.2875000000000001 0.4421875
0 0.3781250000000001 0.421875 0.3000000000000001 0.421875 0.3000000000000001 0.4421875 0.3781250000000001 0.4421875
0 0.459375 0.4171875 0.3843750000000001 0.4171875 0.3843750000000001 0.453125 0.459375 0.453125
0 0.5109375 0.4234375 0.475 0.4234375 0.475 0.440625 0.5109375 0.440625
0 0.5921875 0.4171875 0.5296875 0.4171875 0.5296875 0.4484375 0.5921875 0.4484375
0 0.634375 0.4328125 0.609375 0.4328125 0.609375 0.4421875 0.634375 0.4421875
0 0.775 0.41875000000000007 0.6546875 0.41875 0.6546875 0.4515625000000001 0.775 0.4515625000000002
0 0.8171875 0.4203125000000002 0.790625 0.4203125000000002 0.790625 0.44062500000000016 0.8171875 0.44062500000000016
0 0.8734375 0.4203125000000002 0.8234375 0.4203125000000002 0.8234375 0.4468750000000002 0.8734375 0.4468750000000002
0 0.8765625 0.44062500000000016 0.8734375 0.44062500000000016 0.8734375 0.4421875000000002 0.8765625 0.4421875000000002
0 0.16875000000000004 0.4765625 0.14218750000000005 0.4765625 0.14218750000000005 0.49375 0.16875000000000004 0.49375
0 0.2796875000000001 0.4703125 0.18125000000000005 0.4703125 0.18125000000000005 0.5015625 0.2796875000000001 0.5015625
0 0.2906250000000001 0.4890625 0.28593750000000007 0.4890625 0.28593750000000007 0.4953125 0.2906250000000001 0.4953125
0 0.3859375000000001 0.46875 0.3031250000000001 0.46875 0.3031250000000001 0.49375 0.3859375000000001 0.49375
0 0.44375 0.471875 0.3937500000000001 0.471875 0.3937500000000001 0.4921875 0.44375 0.4921875
0 0.5015625 0.4703125 0.4640625 0.4703125 0.4640625 0.490625 0.5015625 0.490625
0 0.5578125 0.4703125 0.51875 0.4703125 0.51875 0.4921875 0.5578125 0.4921875
0 0.6765625 0.4734375 0.571875 0.4734375 0.571875 0.496875 0.6765625 0.496875
0 0.803125 0.4703125000000001 0.6921875 0.4703125 0.6921875 0.4921875000000001 0.803125 0.49218750000000017
0 0.81875 0.4890625000000002 0.8109375 0.4890625000000002 0.8109375 0.49531250000000016 0.81875 0.49531250000000016
0 0.17031250000000003 0.521875 0.13437500000000005 0.521875 0.13437500000000005 0.54375 0.17031250000000003 0.54375
0 0.2812500000000001 0.5171875 0.18593750000000003 0.5171875 0.18593750000000003 0.5421875 0.2812500000000001 0.5421875
0 0.2984375000000001 0.5359375 0.2921875000000001 0.5359375 0.2921875000000001 0.5453125 0.2984375000000001 0.5453125
0 0.3687500000000001 0.5234375 0.31718750000000007 0.5234375 0.31718750000000007 0.540625 0.3687500000000001 0.540625
0 0.4640625 0.5203125 0.38750000000000007 0.5203125 0.38750000000000007 0.55 0.4640625 0.55
0 0.553125 0.521875 0.48125 0.521875 0.48125 0.55625 0.553125 0.55625
0 0.5640625 0.540625 0.5578125 0.540625 0.5578125 0.5453125 0.5640625 0.5453125
0 0.721875 0.521875 0.575 0.521875 0.575 0.5484375 0.721875 0.5484375
0 0.7828125 0.5218750000000002 0.7296875 0.5218750000000002 0.7296875 0.5406250000000001 0.7828125 0.5406250000000001
0 0.8671875 0.5203125000000002 0.7828125 0.5203125000000002 0.7828125 0.5515625000000002 0.8671875 0.5515625000000002
0 0.16562500000000008 0.571875 0.1359375000000001 0.571875 0.1359375000000001 0.5953125 0.16562500000000008 0.5953125
0 0.2531250000000001 0.5703125 0.18125000000000008 0.5703125 0.18125000000000008 0.59375 0.2531250000000001 0.59375
0 0.3125000000000001 0.571875 0.27031250000000007 0.571875 0.27031250000000007 0.596875 0.3125000000000001 0.596875
0 0.46875 0.571875 0.3265625000000001 0.571875 0.3265625000000001 0.603125 0.46875 0.603125
0 0.525 0.571875 0.484375 0.571875 0.484375 0.6015625 0.525 0.6015625
0 0.5484375 0.5859375 0.5375 0.5859375 0.5375 0.5921875 0.5484375 0.5921875
0 0.628125 0.5734375 0.565625 0.5734375 0.565625 0.603125 0.628125 0.603125
0 0.6421875 0.590625 0.640625 0.590625 0.640625 0.5921875 0.6421875 0.5921875