0 0.18125000000000005 0.253125 0.14062500000000006 0.253125 0.14062500000000006 0.2703125 0.18125000000000005 0.2703125
0 0.3171875 0.25 0.19531250000000006 0.25 0.19531250000000006 0.2796875 0.3171875 0.2796875
0 0.575 0.24843750000000003 0.3421875 0.2484375 0.3421875 0.27031250000000007 0.575 0.27031250000000007
0 0.771875 0.2500000000000001 0.5921875 0.2500000000000001 0.5921875 0.2750000000000001 0.771875 0.2750000000000001
0 0.821875 0.2515625000000001 0.7890625 0.2515625000000001 0.7890625 0.2687500000000001 0.821875 0.2687500000000001
0 0.2515625 0.3015625 0.14218750000000005 0.3015625 0.14218750000000005 0.3296875 0.2515625 0.3296875
0 0.425 0.29687500000000006 0.2671875 0.296875 0.2671875 0.32656250000000003 0.425 0.3265625000000001
0 0.465625 0.3078125000000001 0.4375 0.3078125000000001 0.4375 0.33281250000000007 0.465625 0.33281250000000007
0 0.5390625 0.2984375000000001 0.453125 0.2984375000000001 0.453125 0.3281250000000001 0.5390625 0.3281250000000001
0 0.603125 0.2984375000000001 0.5546875 0.2984375000000001 0.5546875 0.3234375000000001 0.603125 0.3234375000000001
0 0.715625 0.30156250000000007 0.621875 0.30156250000000007 0.621875 0.3187500000000001 0.715625 0.3187500000000001
0 0.7625 0.30156250000000007 0.7296875 0.30156250000000007 0.7296875 0.3203125000000001 0.7625 0.3203125000000001
0 0.828125 0.3000000000000001 0.775 0.3000000000000001 0.775 0.3203125000000001 0.828125 0.3203125000000001
0 0.2515625 0.35 0.14531250000000004 0.35 0.14531250000000004 0.3765625 0.2515625000000001 0.3765625
0 0.434375 0.35000000000000003 0.275 0.35 0.275 0.37031250000000004 0.434375 0.3703125000000001
0 0.4890625 0.3468750000000001 0.453125 0.3468750000000001 0.453125 0.3750000000000001 0.4890625 0.3750000000000001
0 0.6234375 0.3468750000000001 0.503125 0.3468750000000001 0.503125 0.3703125000000001 0.6234375 0.3703125000000001
0 0.771875 0.3468750000000001 0.6453125 0.3468750000000001 0.6453125 0.3812500000000001 0.771875 0.3812500000000001
0 0.8921875 0.3468750000000001 0.778125 0.3468750000000001 0.778125 0.3687500000000001 0.8921875 0.3687500000000001
0 0.4640625 0.403125 0.14531250000000004 0.403125 0.14531250000000004 0.434375 0.4640625 0.434375
0 0.5609375 0.4015625 0.478125 0.4015625 0.478125 0.4203125 0.5609375 0.4203125
0 0.5703125 0.4203125 0.5671875 0.4203125 0.5671875 0.421875 0.5703125 0.421875
0 0.6515625 0.4015625 0.584375 0.4015625 0.584375 0.421875 0.6515625 0.421875
0 0.78125 0.4000000000000001 0.671875 0.4 0.671875 0.4312500000000001 0.78125 0.4312500000000002
0 0.8703125 0.4000000000000002 0.7875 0.4000000000000002 0.7875 0.4359375000000002 0.8703125 0.4359375000000002
0 0.17187500000000006 0.453125 0.14531250000000004 0.453125 0.14531250000000004 0.471875 0.17187500000000006 0.471875
0 0.24375000000000008 0.4515625 0.18593750000000003 0.4515625 0.18593750000000003 0.471875 0.24375000000000008 0.471875
0 0.2640625000000001 0.4515625 0.2562500000000001 0.4515625 0.2562500000000001 0.4578125 0.2640625000000001 0.4578125
0 0.3578125000000001 0.4515625 0.2687500000000001 0.4515625 0.2687500000000001 0.48125 0.3578125000000001 0.48125
0 0.409375 0.4484375 0.3703125000000001 0.4484375 0.3703125000000001 0.4765625 0.409375 0.4765625
0 0.4796875 0.4515625 0.4265625 0.4515625 0.4265625 0.471875 0.4796875 0.471875
0 0.596875 0.4484375 0.4984375 0.4484375 0.4984375 0.471875 0.596875 0.471875
0 0.6125 0.4515625 0.603125 0.4515625 0.603125 0.4609375 0.6125 0.4609375
0 0.7296875 0.45000000000000007 0.628125 0.45 0.628125 0.4718750000000001 0.7296875 0.47187500000000016
0 0.78125 0.46093750000000017 0.740625 0.46093750000000017 0.740625 0.47187500000000016 0.78125 0.47187500000000016
0 0.3500000000000001 0.5015625 0.14375000000000004 0.5015625 0.14375000000000004 0.5296875 0.3500000000000001 0.5296875
0 0.5421875 0.5 0.3765625000000001 0.5 0.3765625000000001 0.521875 0.5421875 0.521875
0 0.553125 0.5203125 0.5453125 0.5203125 0.5453125 0.528125 0.553125 0.528125
0 0.64375 0.5015625 0.553125 0.5015625 0.553125 0.521875 0.64375 0.521875
0 0.725 0.5015625 0.6609375 0.5015625 0.6609375 0.521875 0.725 0.521875
0 0.796875 0.5000000000000001 0.725 0.5 0.725 0.5218750000000001 0.796875 0.5218750000000002
0 0.8140625 0.5187500000000002 0.8078125 0.5187500000000002 0.8078125 0.5281250000000002 0.8140625 0.5281250000000002
0 0.875 0.5015625000000001 0.825 0.5015625000000001 0.825 0.5375000000000002 0.875 0.5375000000000002
0 0.20312500000000008 0.5515625 0.1468750000000001 0.5515625 0.1468750000000001 0.571875 0.20312500000000008 0.571875
0 0.2843750000000001 0.55 0.2015625000000001 0.55 0.2015625000000001 0.571875 0.2843750000000001 0.571875
0 0.39531250000000007 0.55 0.2953125000000001 0.55 0.2953125000000001 0.571875 0.39531250000000007 0.571875
0 0.403125 0.5703125 0.3984375000000001 0.5703125 0.3984375000000001 0.578125 0.403125 0.578125
0 0.4984375 0.5609375 0.425 0.5609375 0.425 0.571875 0.4984375 0.571875
0 0.5375 0.5625 0.5140625 0.5625 0.5140625 0.571875 0.5375 0.571875
0 0.6984375 0.5515625 0.5546875 0.5515625 0.5546875 0.5828125 0.6984375 0.5828125
0 0.7546875 0.5625000000000001 0.7109375 0.5625 0.7109375 0.5734375 0.7546875 0.5734375000000002
0 0.8234375 0.5531250000000002 0.76875 0.5531250000000002 0.76875 0.5734375000000002 0.8234375 0.5734375000000002
0 0.8859375 0.5531250000000002 0.840625 0.5531250000000002 0.840625 0.5718750000000001 0.8859375 0.5718750000000001
0 0.3046875000000001 0.6 0.14843750000000008 0.6 0.14843750000000008 0.628125 0.3046875000000001 0.628125
0 0.4359375 0.603125 0.3265625000000001 0.603125 0.3265625000000001 0.6234375 0.4359375 0.6234375
0 0.490625 0.6 0.45625 0.6 0.45625 0.628125 0.490625 0.628125
0 0.5609375 0.603125 0.509375 0.603125 0.509375 0.621875 0.5609375 0.621875
0 0.765625 0.6015625000000001 0.58125 0.6015625 0.58125 0.6218750000000001 0.765625 0.6218750000000002
0 0.890625 0.6093750000000002 0.778125 0.6093750000000002 0.778125 0.6296875000000002 0.890625 0.6296875000000002
0 0.17968750000000008 0.65 0.1453125000000001 0.65 0.1453125000000001 0.6796875 0.17968750000000008 0.6796875
0 0.3625000000000001 0.6546875 0.20468750000000008 0.6546875 0.20468750000000008 0.675 0.3625000000000001 0.675
0 0.51875 0.653125 0.3843750000000001 0.653125 0.3843750000000001 0.675 0.51875 0.675
0 0.528125 0.6734375 0.525 0.6734375 0.525 0.675 0.528125 0.675