0 0.19218750000000004 0.2171875 0.14218750000000005 0.2171875 0.14218750000000005 0.2375 0.19218750000000004 0.2375
0 0.3421875 0.2140625 0.2203125 0.2140625 0.2203125 0.2375 0.3421875 0.2375
0 0.471875 0.2156250000000001 0.36875 0.2156250000000001 0.36875 0.2375000000000001 0.471875 0.2375000000000001
0 0.50625 0.2171875000000001 0.484375 0.2171875000000001 0.484375 0.2390625000000001 0.50625 0.2390625000000001
0 0.6046875 0.21875000000000008 0.5015625 0.21875000000000008 0.5015625 0.2375000000000001 0.6046875 0.2375000000000001
0 0.625 0.2171875000000001 0.5984375 0.2171875000000001 0.5984375 0.24218750000000008 0.625 0.24218750000000008
0 0.6734375 0.21875000000000008 0.6390625 0.21875000000000008 0.6390625 0.23593750000000008 0.6734375 0.23593750000000008
0 0.8234375 0.2171875000000001 0.696875 0.2171875000000001 0.696875 0.2484375000000001 0.8234375 0.2484375000000001
0 0.3390625 0.26875 0.12968750000000004 0.26875 0.12968750000000004 0.3 0.3390625 0.3
0 0.4890625 0.27187500000000003 0.3515625 0.271875 0.3515625 0.30312500000000003 0.4890625 0.3031250000000001
0 0.509375 0.2875000000000001 0.5015625 0.2875000000000001 0.5015625 0.29375000000000007 0.509375 0.29375000000000007
0 0.603125 0.2687500000000001 0.5328125 0.2687500000000001 0.5328125 0.2875000000000001 0.603125 0.2875000000000001
0 0.73125 0.2687500000000001 0.6265625 0.2687500000000001 0.6265625 0.2875000000000001 0.73125 0.2875000000000001
0 0.834375 0.2687500000000001 0.7515625 0.2687500000000001 0.7515625 0.2875000000000001 0.834375 0.2875000000000001
0 0.18437500000000004 0.3203125 0.13750000000000004 0.3203125 0.13750000000000004 0.3390625 0.18437500000000004 0.3390625
0 0.2734375 0.321875 0.19843750000000004 0.321875 0.19843750000000004 0.3453125 0.2734375 0.3453125
0 0.290625 0.3359375 0.278125 0.3359375 0.278125 0.3453125 0.290625 0.3453125
0 0.4296875 0.32031250000000006 0.309375 0.3203125 0.309375 0.34843750000000007 0.4296875 0.34843750000000007
0 0.56875 0.3218750000000001 0.4484375 0.3218750000000001 0.4484375 0.3500000000000001 0.56875 0.3500000000000001
0 0.74375 0.3218750000000001 0.5921875 0.3218750000000001 0.5921875 0.3515625000000001 0.74375 0.3515625000000001
0 0.7640625 0.3375000000000001 0.7546875 0.3375000000000001 0.7546875 0.3437500000000001 0.7640625 0.3437500000000001
0 0.83125 0.3203125000000001 0.78125 0.3203125000000001 0.78125 0.3375000000000001 0.83125 0.3375000000000001
0 0.2250000000000001 0.3703125 0.13125000000000003 0.3703125 0.13125000000000003 0.403125 0.2250000000000001 0.403125
0 0.403125 0.36875 0.2531250000000001 0.36875 0.2531250000000001 0.39062500000000006 0.403125 0.3906250000000001
0 0.425 0.3890625000000001 0.415625 0.3890625000000001 0.415625 0.3968750000000001 0.425 0.3968750000000001
0 0.484375 0.3703125000000001 0.4375 0.3703125000000001 0.4375 0.3890625000000001 0.484375 0.3890625000000001
0 0.6109375 0.3687500000000001 0.50625 0.3687500000000001 0.50625 0.3890625000000001 0.6109375 0.3890625000000001
0 0.6171875 0.3906250000000001 0.609375 0.3906250000000001 0.609375 0.39531250000000007 0.6171875 0.39531250000000007
0 0.7609375 0.3703125000000001 0.6421875 0.3703125000000001 0.6421875 0.4000000000000001 0.7609375 0.4000000000000002
0 0.865625 0.37187500000000007 0.784375 0.37187500000000007 0.784375 0.3890625000000001 0.865625 0.3890625000000001
0 0.21875000000000008 0.4203125 0.14218750000000005 0.4203125 0.14218750000000005 0.453125 0.21875000000000008 0.453125
0 0.3843750000000001 0.4203125 0.2515625000000001 0.4203125 0.2515625000000001 0.4421875 0.3843750000000001 0.4421875
0 0.45625 0.421875 0.4046875 0.421875 0.4046875 0.453125 0.45625 0.453125
0 0.534375 0.4234375 0.478125 0.4234375 0.478125 0.4390625 0.534375 0.4390625
0 0.6484375 0.4234375 0.559375 0.4234375 0.559375 0.440625 0.6484375 0.440625
0 0.6609375 0.4390625 0.6484375 0.4390625 0.6484375 0.4453125 0.6609375 0.4453125
0 0.7453125 0.4234375000000001 0.6765625 0.4234375 0.6765625 0.4390625000000001 0.7453125 0.4390625000000002
0 0.8 0.42187500000000017 0.75625 0.42187500000000017 0.75625 0.44062500000000016 0.8 0.44062500000000016
0 0.2531250000000001 0.471875 0.13750000000000004 0.471875 0.13750000000000004 0.5046875 0.2531250000000001 0.5046875
0 0.4140625 0.4734375 0.27812500000000007 0.4734375 0.27812500000000007 0.4921875 0.4140625 0.4921875
0 0.4203125 0.4921875 0.4125 0.4921875 0.4125 0.4984375 0.4203125 0.4984375
0 0.4921875 0.475 0.44375 0.475 0.44375 0.490625 0.4921875 0.490625
0 0.75 0.4718750000000001 0.50625 0.471875 0.50625 0.5000000000000001 0.75 0.5000000000000002
0 0.7578125 0.4890625000000002 0.75 0.4890625000000002 0.75 0.49531250000000016 0.7578125 0.49531250000000016
0 0.8890625 0.47187500000000016 0.775 0.47187500000000016 0.775 0.5000000000000002 0.8890625 0.5000000000000002
0 0.2890625000000001 0.5234375 0.14218750000000005 0.5234375 0.14218750000000008 0.553125 0.2890625000000001 0.553125
0 0.4734375 0.5234375 0.3125000000000001 0.5234375 0.3125000000000001 0.55625 0.4734375 0.55625
0 0.4953125 0.53125 0.478125 0.53125 0.478125 0.5484375 0.4953125 0.5484375
0 0.59375 0.525 0.51875 0.525 0.51875 0.55625 0.59375 0.55625
0 0.690625 0.528125 0.6140625 0.528125 0.6140625 0.540625 0.690625 0.540625
0 0.7828125 0.5234375000000001 0.725 0.5234375 0.725 0.5390625000000001 0.7828125 0.5390625000000002
0 0.22656250000000008 0.5734375 0.1437500000000001 0.5734375 0.1437500000000001 0.59375 0.22656250000000008 0.59375
0 0.2921875000000001 0.5734375 0.2500000000000001 0.5734375 0.2500000000000001 0.5921875 0.2921875000000001 0.5921875
0 0.4703125 0.575 0.30937500000000007 0.575 0.30937500000000007 0.59375 0.4703125 0.59375
0 0.5796875 0.5765625 0.5046875 0.5765625 0.5046875 0.6 0.5796875 0.6
0 0.6796875 0.5765625 0.5984375 0.5765625 0.5984375 0.5921875 0.6796875 0.5921875
0 0.753125 0.5750000000000001 0.703125 0.575 0.703125 0.5921875000000001 0.753125 0.5921875000000002
0 0.875 0.5734375000000002 0.76875 0.5734375000000002 0.76875 0.5906250000000002 0.875 0.5906250000000002
0 0.2015625000000001 0.6265625 0.1390625000000001 0.6265625 0.1390625000000001 0.646875 0.2015625000000001 0.646875
0 0.3390625000000001 0.625 0.2171875000000001 0.625 0.2171875000000001 0.659375 0.3390625000000001 0.659375
0 0.440625 0.625 0.3671875000000001 0.625 0.3671875000000001 0.64375 0.440625 0.64375
0 0.5640625 0.63125 0.4578125 0.63125 0.4578125 0.653125 0.5640625 0.653125
0 0.734375 0.6250000000000001 0.5859375 0.625 0.5859375 0.6562500000000001 0.734375 0.6562500000000002
0 0.828125 0.6250000000000002 0.7640625 0.6250000000000002 0.7640625 0.6421875000000001 0.828125 0.6421875000000001
0 0.834375 0.6390625000000002 0.8234375 0.6390625000000002 0.8234375 0.6453125000000002 0.834375 0.6453125000000002
0 0.1828125000000001 0.678125 0.1437500000000001 0.678125 0.1437500000000001 0.6953125 0.1828125000000001 0.6953125
0 0.2500000000000001 0.678125 0.20468750000000008 0.678125 0.20468750000000008 0.6953125 0.2500000000000001 0.6953125
0 0.3375000000000001 0.6796875 0.2734375000000001 0.6796875 0.2734375000000001 0.69375 0.3375000000000001 0.69375
0 0.3921875000000001 0.6765625 0.3593750000000001 0.6765625 0.3593750000000001 0.7015625 0.3921875000000001 0.7015625
0 0.446875 0.6765625 0.403125 0.6765625 0.403125 0.69375 0.446875 0.69375
0 0.6140625 0.6765625 0.475 0.6765625 0.475 0.6953125 0.6140625 0.6953125
0 0.628125 0.69375 0.6171875 0.69375 0.6171875 0.7015625 0.628125 0.7015625
0 0.7140625 0.6765625 0.640625 0.6765625 0.640625 0.69375 0.7140625 0.69375
0 0.8375 0.6765625000000002 0.7375 0.6765625000000002 0.7375 0.6937500000000002 0.8375 0.6937500000000002
0 0.20468750000000008 0.725 0.1453125000000001 0.725 0.1453125000000001 0.746875 0.20468750000000008 0.746875
0 0.3687500000000001 0.7265625 0.2250000000000001 0.7265625 0.2250000000000001 0.7578125 0.3687500000000001 0.7578125
0 0.5093750000000001 0.7265625 0.3890625000000001 0.7265625 0.3890625000000001 0.7609375 0.5093750000000001 0.7609375
0 0.6375000000000002 0.7265625 0.5312500000000002 0.7265625 0.5312500000000002 0.74375 0.6375000000000002 0.74375
0 0.6390625000000002 0.7421875 0.6359375000000002 0.7421875 0.6359375000000002 0.7453125 0.6390625000000002 0.7453125