0 0.18125000000000005 0.2515625 0.13750000000000004 0.2515625 0.13750000000000004 0.26875 0.18125000000000005 0.26875
0 0.31875 0.25 0.2046875 0.25 0.2046875 0.26875 0.31875 0.26875
0 0.428125 0.25000000000000006 0.3359375 0.25 0.3359375 0.27031250000000007 0.428125 0.27031250000000007
0 0.4640625 0.2484375000000001 0.45 0.2484375000000001 0.45 0.2687500000000001 0.4640625 0.2687500000000001
0 0.5578125 0.2515625000000001 0.4671875 0.2515625000000001 0.4671875 0.27031250000000007 0.5578125 0.27031250000000007
0 0.56875 0.2515625000000001 0.5578125 0.2515625000000001 0.5578125 0.27031250000000007 0.56875 0.27031250000000007
0 0.615625 0.2515625000000001 0.5859375 0.2515625000000001 0.5859375 0.27031250000000007 0.615625 0.27031250000000007
0 0.740625 0.2515625000000001 0.6265625 0.2515625000000001 0.6265625 0.2796875000000001 0.740625 0.2796875000000001
0 0.8671875 0.2515625000000001 0.7484375 0.2515625000000001 0.7484375 0.27031250000000007 0.8671875 0.27031250000000007
0 0.2296875 0.303125 0.14062500000000006 0.303125 0.14062500000000006 0.3296875 0.2296875 0.3296875
0 0.3796875 0.30156250000000007 0.240625 0.3015625 0.240625 0.33593750000000006 0.3796875 0.3359375000000001
0 0.384375 0.3187500000000001 0.3765625 0.3187500000000001 0.3765625 0.32500000000000007 0.384375 0.32500000000000007
0 0.46875 0.3031250000000001 0.39375 0.3031250000000001 0.39375 0.3218750000000001 0.46875 0.3218750000000001
0 0.584375 0.3031250000000001 0.4859375 0.3031250000000001 0.4859375 0.3218750000000001 0.584375 0.3218750000000001
0 0.66875 0.30156250000000007 0.5953125 0.30156250000000007 0.5953125 0.3203125000000001 0.66875 0.3203125000000001
0 0.7328125 0.3031250000000001 0.684375 0.3031250000000001 0.684375 0.3203125000000001 0.7328125 0.3203125000000001
0 0.8171875 0.2984375000000001 0.7484375 0.2984375000000001 0.7484375 0.3265625000000001 0.8171875 0.3265625000000001
0 0.8296875 0.3187500000000001 0.825 0.3187500000000001 0.825 0.32500000000000007 0.8296875 0.32500000000000007
0 0.25312500000000004 0.3515625 0.13906250000000003 0.3515625 0.13906250000000003 0.3796875 0.2531250000000001 0.3796875
0 0.3765625 0.35156250000000006 0.26875 0.3515625 0.26875000000000004 0.38125000000000003 0.3765625000000001 0.3812500000000001
0 0.5453125 0.3531250000000001 0.384375 0.3531250000000001 0.384375 0.3828125000000001 0.5453125 0.3828125000000001
0 0.5546875 0.3687500000000001 0.5484375 0.3687500000000001 0.5484375 0.3750000000000001 0.5546875 0.3750000000000001
0 0.6078125 0.3515625000000001 0.5640625 0.3515625000000001 0.5640625 0.3703125000000001 0.6078125 0.3703125000000001
0 0.7390625 0.3515625000000001 0.6296875 0.3515625000000001 0.6296875 0.3703125000000001 0.7390625 0.3703125000000001
0 0.8734375 0.3531250000000001 0.75 0.3531250000000001 0.75 0.37187500000000007 0.8734375 0.37187500000000007
0 0.88125 0.3687500000000001 0.8765625 0.3687500000000001 0.8765625 0.3750000000000001 0.88125 0.3750000000000001
0 0.19062500000000004 0.4046875 0.14375000000000004 0.4046875 0.14375000000000004 0.421875 0.19062500000000004 0.421875
0 0.30156250000000007 0.403125 0.21093750000000008 0.403125 0.21093750000000008 0.421875 0.30156250000000007 0.421875
0 0.3156250000000001 0.41875 0.3109375000000001 0.41875 0.3109375000000001 0.425 0.3156250000000001 0.425
0 0.45 0.403125 0.3312500000000001 0.403125 0.3312500000000001 0.434375 0.45 0.434375
0 0.6171875 0.4015625 0.46875 0.4015625 0.46875 0.4328125 0.6171875 0.4328125
0 0.775 0.4015625000000001 0.63125 0.4015625 0.63125 0.4218750000000001 0.775 0.42187500000000017
0 0.846875 0.4031250000000002 0.7984375 0.4031250000000002 0.7984375 0.43281250000000016 0.846875 0.43281250000000016
0 0.19687500000000005 0.453125 0.14531250000000004 0.453125 0.14531250000000004 0.471875 0.19687500000000005 0.471875
0 0.32500000000000007 0.4546875 0.2171875000000001 0.4546875 0.2171875000000001 0.4734375 0.32500000000000007 0.4734375
0 0.3359375000000001 0.4703125 0.3296875000000001 0.4703125 0.3296875000000001 0.478125 0.3359375000000001 0.478125
0 0.4109375 0.4546875 0.34843750000000007 0.4546875 0.34843750000000007 0.471875 0.4109375 0.471875
0 0.540625 0.453125 0.4296875 0.453125 0.4296875 0.4734375 0.540625 0.4734375
0 0.6171875 0.4546875 0.5046875 0.4546875 0.5046875 0.484375 0.6171875 0.484375
0 0.790625 0.4515625000000001 0.6203125 0.4515625 0.6203125 0.4796875000000001 0.790625 0.47968750000000016
0 0.8171875 0.4546875000000002 0.8015625 0.4546875000000002 0.8015625 0.47187500000000016 0.8171875 0.47187500000000016
0 0.8578125 0.45312500000000017 0.809375 0.45312500000000017 0.809375 0.4734375000000002 0.8578125 0.4734375000000002
0 0.3750000000000001 0.503125 0.15312500000000004 0.503125 0.15312500000000004 0.528125 0.3750000000000001 0.528125
0 0.3843750000000001 0.521875 0.37968750000000007 0.521875 0.37968750000000007 0.528125 0.3843750000000001 0.528125
0 0.51875 0.503125 0.3984375000000001 0.503125 0.3984375000000001 0.534375 0.51875 0.534375
0 0.6796875 0.503125 0.534375 0.503125 0.534375 0.5328125 0.6796875 0.5328125
0 0.8515625 0.5046875000000001 0.690625 0.5046875 0.690625 0.5328125000000001 0.8515625 0.5328125000000001
0 0.86875 0.5156250000000002 0.8609375 0.5156250000000002 0.8609375 0.5296875000000002 0.86875 0.5296875000000002
0 0.2312500000000001 0.553125 0.15625000000000008 0.553125 0.15625000000000008 0.58125 0.2312500000000001 0.58125
0 0.3265625000000001 0.5625 0.24375000000000008 0.5625 0.24375000000000008 0.571875 0.3265625000000001 0.571875
0 0.3906250000000001 0.5546875 0.3421875000000001 0.5546875 0.3421875000000001 0.571875 0.3906250000000001 0.571875
0 0.509375 0.5546875 0.4078125 0.5546875 0.4078125 0.571875 0.509375 0.571875
0 0.559375 0.5578125 0.5265625 0.5578125 0.5265625 0.5734375 0.559375 0.5734375
0 0.73125 0.5546875000000001 0.571875 0.5546875 0.571875 0.5734375 0.73125 0.5734375000000002
0 0.821875 0.5531250000000002 0.7484375 0.5531250000000002 0.7484375 0.5796875000000001 0.821875 0.5796875000000001
0 0.22656250000000008 0.603125 0.15781250000000008 0.603125 0.15781250000000008 0.6234375 0.22656250000000008 0.6234375
0 0.3031250000000001 0.603125 0.2484375000000001 0.603125 0.2484375000000001 0.6234375 0.3031250000000001 0.6234375
0 0.440625 0.60625 0.32500000000000007 0.60625 0.32500000000000007 0.6234375 0.440625 0.6234375
0 0.5140625 0.6046875 0.4578125 0.6046875 0.4578125 0.6234375 0.5140625 0.6234375
0 0.6515625 0.60625 0.5328125 0.60625 0.5328125 0.6375 0.6515625 0.6375
0 0.734375 0.6046875 0.66875 0.6046875 0.66875 0.6234375000000001 0.734375 0.6234375000000002
0 0.8546875 0.6109375000000001 0.7453125 0.6109375000000001 0.7453125 0.6312500000000002 0.8546875 0.6312500000000002
0 0.3265625000000001 0.653125 0.15625000000000008 0.653125 0.15625000000000008 0.684375 0.3265625000000001 0.684375
0 0.40625 0.65625 0.34062500000000007 0.65625 0.34062500000000007 0.675 0.40625 0.675
0 0.41875 0.671875 0.4125 0.671875 0.4125 0.6796875 0.41875 0.6796875
0 0.45625 0.65625 0.428125 0.65625 0.428125 0.6734375 0.45625 0.6734375
0 0.5203125 0.65625 0.465625 0.65625 0.465625 0.6734375 0.5203125 0.6734375
0 0.6234375 0.6640625 0.5421875 0.6640625 0.5421875 0.675 0.6234375 0.675
0 0.6734375 0.653125 0.6390625 0.653125 0.6390625 0.6796875 0.6734375 0.6796875
0 0.7375 0.6562500000000001 0.69375 0.65625 0.69375 0.675 0.7375 0.6750000000000002
0 0.890625 0.6531250000000002 0.7453125 0.6531250000000002 0.7453125 0.6750000000000002 0.890625 0.6750000000000002
0 0.8984375 0.6734375000000001 0.89375 0.6734375000000001 0.89375 0.6812500000000001 0.8984375 0.6812500000000001
0 0.2250000000000001 0.70625 0.15625000000000008 0.70625 0.15625000000000008 0.725 0.2250000000000001 0.725
0 0.34843750000000007 0.70625 0.2500000000000001 0.70625 0.2500000000000001 0.725 0.34843750000000007 0.725
0 0.43125 0.7078125 0.3687500000000001 0.7078125 0.3687500000000001 0.725 0.43125 0.725
0 0.58125 0.70625 0.4515625 0.70625 0.4515625000000001 0.7375 0.5812500000000002 0.7375
0 0.7109375000000001 0.70625 0.5953125 0.70625 0.5953125000000001 0.7390625 0.7109375000000002 0.7390625
0 0.8234375 0.7062500000000002 0.7265625 0.7062500000000002 0.7265625 0.7250000000000002 0.8234375 0.7250000000000002
0 0.8265625 0.7234375000000002 0.8234375 0.7234375000000002 0.8234375 0.7250000000000002 0.8265625 0.7250000000000002