0 0.17500000000000004 0.21875 0.14531250000000004 0.21875 0.14531250000000004 0.2453125 0.17500000000000004 0.2453125
0 0.2296875 0.2203125 0.20625 0.2203125 0.20625 0.2453125 0.2296875 0.2453125
0 0.3328125 0.2203125 0.25 0.2203125 0.25 0.24375 0.3328125 0.24375
0 0.39375 0.21875000000000006 0.3578125 0.21875 0.3578125 0.24218750000000006 0.39375 0.24218750000000008
0 0.503125 0.22031250000000008 0.4171875 0.22031250000000008 0.4171875 0.25468750000000007 0.503125 0.25468750000000007
0 0.571875 0.2234375000000001 0.5296875 0.2234375000000001 0.5296875 0.24375000000000008 0.571875 0.24375000000000008
0 0.7515625 0.2171875000000001 0.590625 0.2171875000000001 0.590625 0.24218750000000008 0.7515625 0.24218750000000008
0 0.8234375 0.21875000000000008 0.7765625 0.21875000000000008 0.7765625 0.24218750000000008 0.8234375 0.24218750000000008
0 0.2203125 0.2703125 0.14062500000000006 0.2703125 0.14062500000000006 0.29375 0.2203125 0.29375
0 0.26875 0.2796875 0.246875 0.2796875 0.246875 0.29375 0.26875 0.29375
0 0.35625 0.2734375 0.2859375 0.2734375 0.2859375 0.2953125 0.35625 0.2953125
0 0.409375 0.2750000000000001 0.3796875 0.2750000000000001 0.3796875 0.2968750000000001 0.409375 0.2968750000000001
0 0.465625 0.2765625000000001 0.4265625 0.2765625000000001 0.4265625 0.2953125000000001 0.465625 0.2953125000000001
0 0.6125 0.2718750000000001 0.4875 0.2718750000000001 0.4875 0.2953125000000001 0.6125 0.2953125000000001
0 0.709375 0.27031250000000007 0.6328125 0.27031250000000007 0.6328125 0.29375000000000007 0.709375 0.29375000000000007
0 0.753125 0.2687500000000001 0.721875 0.2687500000000001 0.721875 0.29375000000000007 0.753125 0.29375000000000007
0 0.89375 0.2718750000000001 0.78125 0.2718750000000001 0.78125 0.3046875000000001 0.89375 0.3046875000000001
0 0.19843750000000004 0.3234375 0.14062500000000006 0.3234375 0.14062500000000006 0.34375 0.19843750000000004 0.34375
0 0.2671875 0.321875 0.2171875 0.321875 0.2171875 0.3453125 0.2671875 0.3453125
0 0.3734375 0.321875 0.29375 0.321875 0.29375 0.3453125 0.3734375 0.3453125000000001
0 0.4203125 0.3234375000000001 0.39375 0.3234375000000001 0.39375 0.3453125000000001 0.4203125 0.3453125000000001
0 0.4875 0.3203125000000001 0.440625 0.3203125000000001 0.440625 0.3453125000000001 0.4875 0.3453125000000001
0 0.4984375 0.3390625000000001 0.4953125 0.3390625000000001 0.4953125 0.34062500000000007 0.4984375 0.34062500000000007
0 0.5625 0.3234375000000001 0.5140625 0.3234375000000001 0.5140625 0.3453125000000001 0.5625 0.3453125000000001
0 0.6984375 0.3203125000000001 0.5859375 0.3203125000000001 0.5859375 0.3531250000000001 0.6984375 0.3531250000000001
0 0.8078125 0.3218750000000001 0.7234375 0.3218750000000001 0.7234375 0.3468750000000001 0.8078125 0.3468750000000001
0 0.878125 0.32500000000000007 0.825 0.32500000000000007 0.825 0.3453125000000001 0.878125 0.3453125000000001
0 0.19375000000000003 0.3734375 0.13750000000000004 0.3734375 0.13750000000000004 0.39375 0.19375000000000003 0.39375
0 0.38750000000000007 0.37500000000000006 0.2328125000000001 0.375 0.2328125000000001 0.4046875 0.38750000000000007 0.4046875
0 0.3921875000000001 0.3890625000000001 0.38750000000000007 0.3890625000000001 0.38750000000000007 0.4046875 0.3921875000000001 0.4046875
0 0.453125 0.3734375000000001 0.415625 0.3734375000000001 0.415625 0.39531250000000007 0.453125 0.39531250000000007
0 0.5453125 0.3734375000000001 0.475 0.3734375000000001 0.475 0.3968750000000001 0.5453125 0.3968750000000001
0 0.7734375 0.3734375000000001 0.5703125 0.3734375000000001 0.5703125 0.4046875000000001 0.7734375 0.4046875000000002
0 0.790625 0.3890625000000001 0.7890625 0.3890625000000001 0.7890625 0.4031250000000002 0.790625 0.4031250000000002
0 0.8421875 0.3734375000000001 0.803125 0.3734375000000001 0.803125 0.3937500000000001 0.8421875 0.3937500000000001
0 0.21250000000000008 0.4265625 0.13437500000000005 0.4265625 0.13437500000000005 0.4609375 0.21250000000000008 0.4609375
0 0.4203125 0.425 0.2468750000000001 0.425 0.2468750000000001 0.4453125 0.4203125 0.4453125
0 0.50625 0.4265625 0.4515625 0.4265625 0.4515625 0.4484375 0.50625 0.4484375
0 0.5640625 0.4265625 0.525 0.4265625 0.525 0.446875 0.5640625 0.446875
0 0.69375 0.421875 0.5828125 0.421875 0.5828125 0.446875 0.69375 0.446875
0 0.815625 0.42187500000000017 0.7265625 0.42187500000000017 0.7265625 0.44531250000000017 0.815625 0.44531250000000017
0 0.9171875 0.42187500000000017 0.8421875 0.42187500000000017 0.8421875 0.4421875000000002 0.9171875 0.4421875000000002
0 0.940625 0.42968750000000017 0.91875 0.42968750000000017 0.91875 0.43281250000000016 0.940625 0.43281250000000016
0 0.19062500000000004 0.48125 0.13125000000000003 0.48125 0.13125000000000003 0.4984375 0.19062500000000004 0.4984375
0 0.2609375000000001 0.4734375 0.2234375000000001 0.4734375 0.2234375000000001 0.496875 0.2609375000000001 0.496875
0 0.3687500000000001 0.4796875 0.2921875000000001 0.4796875 0.2921875000000001 0.4953125 0.3687500000000001 0.4953125
0 0.559375 0.471875 0.3890625000000001 0.471875 0.3890625000000001 0.496875 0.559375 0.496875
0 0.6078125 0.4734375 0.584375 0.4734375 0.584375 0.496875 0.6078125 0.496875
0 0.6546875 0.475 0.6203125 0.475 0.6203125 0.4953125 0.6546875 0.4953125
0 0.840625 0.47343750000000007 0.6765625 0.4734375 0.6765625 0.5078125000000001 0.840625 0.5078125000000002
0 0.846875 0.4968750000000002 0.8421875 0.4968750000000002 0.8421875 0.5078125000000002 0.846875 0.5078125000000002
0 0.14687500000000003 0.521875 0.13906250000000003 0.521875 0.13906250000000003 0.5328125 0.14687500000000003 0.5328125
0 0.23437500000000008 0.5265625 0.15468750000000003 0.5265625 0.15468750000000006 0.546875 0.23437500000000008 0.546875
0 0.2921875000000001 0.525 0.2656250000000001 0.525 0.2656250000000001 0.546875 0.2921875000000001 0.546875
0 0.3421875000000001 0.5265625 0.3078125000000001 0.5265625 0.3078125000000001 0.546875 0.3421875000000001 0.546875
0 0.4734375 0.5296875 0.36406250000000007 0.5296875 0.36406250000000007 0.5609375 0.4734375 0.5609375
0 0.528125 0.521875 0.5 0.521875 0.5 0.55 0.528125 0.55
0 0.5421875 0.5234375 0.5359375 0.5234375 0.5359375 0.5328125 0.5421875 0.5328125
0 0.5671875 0.5375 0.55 0.5375 0.55 0.540625 0.5671875 0.540625
0 0.6265625 0.534375 0.5890625 0.534375 0.5890625 0.55 0.6265625 0.55
0 0.703125 0.53125 0.6484375 0.53125 0.6484375 0.546875 0.703125 0.546875
0 0.759375 0.5328125000000001 0.725 0.5328125 0.725 0.55 0.759375 0.5500000000000002
0 0.809375 0.5328125000000001 0.7765625 0.5328125000000001 0.7765625 0.5484375000000001 0.809375 0.5484375000000001
0 0.23437500000000008 0.575 0.14843750000000008 0.575 0.14843750000000008 0.609375 0.23437500000000008 0.609375
0 0.3390625000000001 0.5765625 0.2796875000000001 0.5765625 0.2796875000000001 0.609375 0.3390625000000001 0.609375
0 0.4015625 0.5734375 0.3671875000000001 0.5734375 0.3671875000000001 0.6 0.4015625 0.6
0 0.471875 0.575 0.43125 0.575 0.43125 0.5984375 0.471875 0.5984375
0 0.565625 0.571875 0.5015625 0.571875 0.5015625 0.6046875 0.565625 0.6046875
0 0.5875 0.590625 0.5828125 0.590625 0.5828125 0.5953125 0.5875 0.5953125