0 0.15156250000000004 0.2109375 0.14531250000000004 0.2109375 0.14531250000000004 0.2234375 0.15156250000000004 0.2234375
0 0.215625 0.2125 0.17187500000000006 0.2125 0.17187500000000006 0.225 0.215625 0.225
0 0.25625 0.2171875 0.2421875 0.2171875 0.2421875 0.2234375 0.25625 0.2234375
0 0.3296875 0.2125 0.275 0.2125 0.275 0.2234375 0.3296875 0.2234375
0 0.3953125 0.21250000000000005 0.3515625 0.2125 0.3515625 0.22343750000000004 0.3953125 0.2234375000000001
0 0.4453125 0.21250000000000008 0.4234375 0.21250000000000008 0.4234375 0.2234375000000001 0.4453125 0.2234375000000001
0 0.509375 0.21093750000000008 0.465625 0.21093750000000008 0.465625 0.2234375000000001 0.509375 0.2234375000000001
0 0.5703125 0.2093750000000001 0.5359375 0.2093750000000001 0.5359375 0.2234375000000001 0.5703125 0.2234375000000001
0 0.6453125 0.2171875000000001 0.5984375 0.2171875000000001 0.5984375 0.2234375000000001 0.6453125 0.2234375000000001
0 0.6921875 0.2140625000000001 0.6671875 0.2140625000000001 0.6671875 0.2234375000000001 0.6921875 0.2234375000000001
0 0.7609375 0.21250000000000008 0.7140625 0.21250000000000008 0.7140625 0.2250000000000001 0.7609375 0.2250000000000001
0 0.803125 0.2156250000000001 0.7890625 0.2156250000000001 0.7890625 0.2234375000000001 0.803125 0.2234375000000001
0 0.8484375 0.2140625000000001 0.8203125 0.2140625000000001 0.8203125 0.2250000000000001 0.8484375 0.2250000000000001
0 0.18125000000000005 0.2609375 0.14687500000000003 0.2609375 0.14687500000000003 0.275 0.18125000000000005 0.275
0 0.19218750000000004 0.2734375 0.18906250000000005 0.2734375 0.18906250000000005 0.278125 0.19218750000000004 0.278125
0 0.365625 0.259375 0.215625 0.259375 0.215625 0.275 0.365625 0.2750000000000001
0 0.4421875 0.2640625000000001 0.3953125 0.2640625000000001 0.3953125 0.2734375000000001 0.4421875 0.2734375000000001
0 0.4953125 0.2609375000000001 0.459375 0.2609375000000001 0.459375 0.2750000000000001 0.4953125 0.2750000000000001
0 0.5640625 0.26250000000000007 0.51875 0.26250000000000007 0.51875 0.2750000000000001 0.5640625 0.2750000000000001
0 0.6109375 0.26250000000000007 0.5921875 0.26250000000000007 0.5921875 0.2750000000000001 0.6109375 0.2750000000000001
0 0.6734375 0.2609375000000001 0.6328125 0.2609375000000001 0.6328125 0.2750000000000001 0.6734375 0.2750000000000001
0 0.7328125 0.2671875000000001 0.696875 0.2671875000000001 0.696875 0.2750000000000001 0.7328125 0.2750000000000001
0 0.790625 0.2609375000000001 0.7578125 0.2609375000000001 0.7578125 0.2765625000000001 0.790625 0.2765625000000001
0 0.828125 0.2671875000000001 0.8125 0.2671875000000001 0.8125 0.2750000000000001 0.828125 0.2750000000000001
0 0.2546875 0.309375 0.14687500000000003 0.309375 0.14687500000000003 0.3359375 0.2546875 0.3359375
0 0.265625 0.321875 0.2625 0.321875 0.2625 0.3234375 0.265625 0.3234375
0 0.315625 0.3125 0.284375 0.3125 0.284375 0.325 0.315625 0.325
0 0.428125 0.31093750000000003 0.340625 0.3109375 0.340625 0.32343750000000004 0.428125 0.3234375000000001
0 0.5140625 0.3109375000000001 0.4546875 0.3109375000000001 0.4546875 0.3265625000000001 0.5140625 0.3265625000000001
0 0.5265625 0.3234375000000001 0.5234375 0.3234375000000001 0.5234375 0.3281250000000001 0.5265625 0.3281250000000001
0 0.7 0.3125000000000001 0.5515625 0.3125000000000001 0.5515625 0.3375000000000001 0.7 0.3375000000000001
0 0.75625 0.30937500000000007 0.721875 0.30937500000000007 0.721875 0.32500000000000007 0.75625 0.32500000000000007
0 0.765625 0.32500000000000007 0.7625 0.32500000000000007 0.7625 0.3281250000000001 0.765625 0.3281250000000001
0 0.83125 0.3125000000000001 0.7875 0.3125000000000001 0.7875 0.32500000000000007 0.83125 0.32500000000000007
0 0.2218750000000001 0.3640625 0.14375000000000004 0.3640625 0.14375000000000004 0.3875 0.2218750000000001 0.3875
0 0.2968750000000001 0.36875 0.2500000000000001 0.36875 0.2500000000000001 0.3875 0.2968750000000001 0.3875
0 0.39375000000000004 0.3609375 0.3203125 0.3609375 0.32031250000000006 0.3765625 0.3937500000000001 0.3765625000000001
0 0.440625 0.36406250000000007 0.4109375 0.36406250000000007 0.4109375 0.3750000000000001 0.440625 0.3750000000000001
0 0.50625 0.3625000000000001 0.4609375 0.3625000000000001 0.4609375 0.3765625000000001 0.50625 0.3765625000000001
0 0.515625 0.3734375000000001 0.5125 0.3734375000000001 0.5125 0.37968750000000007 0.515625 0.37968750000000007
0 0.6796875 0.36406250000000007 0.540625 0.36406250000000007 0.540625 0.3765625000000001 0.6796875 0.3765625000000001
0 0.690625 0.3765625000000001 0.6875 0.3765625000000001 0.6875 0.3828125000000001 0.690625 0.3828125000000001
0 0.83125 0.3609375000000001 0.7125 0.3609375000000001 0.7125 0.3828125000000001 0.83125 0.3828125000000001
0 0.2375000000000001 0.4125 0.14375000000000004 0.4125 0.14375000000000004 0.425 0.2375000000000001 0.425
0 0.2484375000000001 0.425 0.2453125000000001 0.425 0.2453125000000001 0.425 0.2484375000000001 0.425
0 0.3000000000000001 0.4140625 0.2640625000000001 0.4140625 0.2640625000000001 0.428125 0.3000000000000001 0.428125
0 0.36406250000000007 0.4140625 0.3218750000000001 0.4140625 0.3218750000000001 0.4375 0.36406250000000007 0.4375
0 0.4640625 0.4140625 0.3906250000000001 0.4140625 0.3906250000000001 0.4265625 0.4640625 0.4265625
0 0.5421875 0.4140625 0.49375 0.4140625 0.49375 0.4265625 0.5421875 0.4265625
0 0.5828125 0.4203125 0.5671875 0.4203125 0.5671875 0.4265625 0.5828125 0.4265625
0 0.65 0.4140625 0.6015625 0.4140625 0.6015625 0.440625 0.65 0.440625
0 0.7078125 0.4125 0.6796875 0.4125 0.6796875 0.4265625 0.7078125 0.4265625
0 0.7578125 0.41406250000000017 0.7328125 0.41406250000000017 0.7328125 0.4281250000000002 0.7578125 0.4281250000000002
0 0.8234375 0.4125000000000002 0.78125 0.4125000000000002 0.78125 0.4281250000000002 0.8234375 0.4281250000000002
0 0.2062500000000001 0.46875 0.15000000000000005 0.46875 0.15000000000000005 0.4765625 0.2062500000000001 0.4765625
0 0.2812500000000001 0.465625 0.23593750000000008 0.465625 0.23593750000000008 0.478125 0.2812500000000001 0.478125
0 0.36406250000000007 0.465625 0.3125000000000001 0.465625 0.3125000000000001 0.4796875 0.36406250000000007 0.4796875
0 0.4625 0.4640625 0.3906250000000001 0.4640625 0.3906250000000001 0.4875 0.4625 0.4875
0 0.521875 0.4640625 0.4828125 0.4640625 0.4828125 0.478125 0.521875 0.478125
0 0.6203125 0.4640625 0.546875 0.4640625 0.546875 0.478125 0.6203125 0.478125
0 0.7234375 0.4640625 0.6515625 0.4640625 0.6515625 0.478125 0.7234375 0.478125
0 0.79375 0.4703125000000002 0.75 0.4703125000000002 0.75 0.4781250000000002 0.79375 0.4781250000000002
0 0.846875 0.4671875000000002 0.815625 0.4671875000000002 0.815625 0.4781250000000002 0.846875 0.4781250000000002
0 0.19531250000000006 0.5171875 0.14531250000000004 0.5171875 0.14531250000000004 0.540625 0.19531250000000006 0.540625
0 0.2750000000000001 0.515625 0.21875000000000008 0.515625 0.21875000000000008 0.528125 0.2750000000000001 0.528125
0 0.34062500000000007 0.5171875 0.30156250000000007 0.5171875 0.30156250000000007 0.5296875 0.34062500000000007 0.5296875
0 0.3500000000000001 0.528125 0.3437500000000001 0.528125 0.3437500000000001 0.534375 0.3500000000000001 0.534375
0 0.434375 0.5125 0.37187500000000007 0.5125 0.37187500000000007 0.5359375 0.434375 0.5359375
0 0.4921875 0.5171875 0.4625 0.5171875 0.4625 0.5296875 0.4921875 0.5296875
0 0.70625 0.5140625 0.51875 0.5140625 0.51875 0.5359375 0.70625 0.5359375
0 0.84375 0.5109375000000002 0.7328125 0.5109375000000002 0.7328125 0.5421875000000002 0.84375 0.5421875000000002
0 0.21250000000000008 0.5671875 0.14843750000000008 0.5671875 0.14843750000000008 0.5765625 0.21250000000000008 0.5765625
0 0.2875000000000001 0.571875 0.2453125000000001 0.571875 0.2453125000000001 0.5796875 0.2875000000000001 0.5796875
0 0.4015625 0.5625 0.3140625000000001 0.5625 0.3140625000000001 0.590625 0.4015625 0.590625
0 0.490625 0.5640625 0.43125 0.5640625 0.43125 0.5828125 0.490625 0.5828125
0 0.5453125 0.565625 0.51875 0.565625 0.51875 0.5796875 0.5453125 0.5796875
0 0.609375 0.571875 0.56875 0.571875 0.56875 0.5796875 0.609375 0.5796875
0 0.6203125 0.5765625 0.6171875 0.5765625 0.6171875 0.578125 0.6203125 0.578125