0 0.203125 0.21875 0.13906250000000003 0.21875 0.13906250000000003 0.234375 0.203125 0.234375
0 0.259375 0.215625 0.234375 0.215625 0.234375 0.23125 0.259375 0.23125
0 0.3359375 0.2234375 0.290625 0.2234375 0.290625 0.246875 0.3359375 0.246875
0 0.3984375 0.21562500000000004 0.3578125 0.215625 0.3578125 0.24687500000000004 0.3984375 0.2468750000000001
0 0.44375 0.22656250000000008 0.4203125 0.22656250000000008 0.4203125 0.2328125000000001 0.44375 0.2328125000000001
0 0.5640625 0.22031250000000008 0.4734375 0.22031250000000008 0.4734375 0.23437500000000008 0.5640625 0.23437500000000008
0 0.5875 0.2140625000000001 0.578125 0.2140625000000001 0.578125 0.2312500000000001 0.5875 0.2312500000000001
0 0.6671875 0.2140625000000001 0.615625 0.2140625000000001 0.615625 0.2312500000000001 0.6671875 0.2312500000000001
0 0.6734375 0.2328125000000001 0.6703125 0.2328125000000001 0.6703125 0.2375000000000001 0.6734375 0.2375000000000001
0 0.7328125 0.2250000000000001 0.69375 0.2250000000000001 0.69375 0.2453125000000001 0.7328125 0.2453125000000001
0 0.7734375 0.21875000000000008 0.7421875 0.21875000000000008 0.7421875 0.2312500000000001 0.7734375 0.2312500000000001
0 0.840625 0.21875000000000008 0.7921875 0.21875000000000008 0.7921875 0.2453125000000001 0.840625 0.2453125000000001
0 0.15937500000000004 0.265625 0.13750000000000004 0.265625 0.13750000000000004 0.284375 0.15937500000000004 0.284375
0 0.2578125 0.2703125 0.203125 0.2703125 0.203125 0.2828125 0.2578125 0.2828125
0 0.421875 0.26406250000000003 0.2953125 0.2640625 0.2953125 0.2984375 0.421875 0.2984375000000001
0 0.5796875 0.2687500000000001 0.4546875 0.2687500000000001 0.4546875 0.2843750000000001 0.5796875 0.2843750000000001
0 0.5828125 0.2796875000000001 0.58125 0.2796875000000001 0.58125 0.2812500000000001 0.5828125 0.2812500000000001
0 0.659375 0.2687500000000001 0.6109375 0.2687500000000001 0.6109375 0.3000000000000001 0.659375 0.3000000000000001
0 0.7890625 0.2671875000000001 0.6921875 0.2671875000000001 0.6921875 0.3000000000000001 0.7890625 0.3000000000000001
0 0.85625 0.2687500000000001 0.809375 0.2687500000000001 0.809375 0.2843750000000001 0.85625 0.2843750000000001
0 0.85625 0.2828125000000001 0.8546875 0.2828125000000001 0.8546875 0.2828125000000001 0.85625 0.2828125000000001
0 0.17500000000000004 0.3171875 0.13281250000000006 0.3171875 0.13281250000000006 0.3359375 0.17500000000000004 0.3359375
0 0.2421875 0.315625 0.2078125 0.315625 0.2078125 0.334375 0.2421875 0.334375
0 0.3265625 0.321875 0.271875 0.321875 0.271875 0.346875 0.3265625 0.346875
0 0.459375 0.32500000000000007 0.36875 0.32500000000000007 0.36875 0.3515625000000001 0.459375 0.3515625000000001
0 0.5359375 0.32500000000000007 0.49375 0.32500000000000007 0.49375 0.3500000000000001 0.5359375 0.3500000000000001
0 0.5796875 0.3265625000000001 0.5609375 0.3265625000000001 0.5609375 0.3343750000000001 0.5796875 0.3343750000000001
0 0.653125 0.3156250000000001 0.6046875 0.3156250000000001 0.6046875 0.3343750000000001 0.653125 0.3343750000000001
0 0.6625 0.33281250000000007 0.6609375 0.33281250000000007 0.6609375 0.3343750000000001 0.6625 0.3343750000000001
0 0.7609375 0.3187500000000001 0.6875 0.3187500000000001 0.6875 0.34843750000000007 0.7609375 0.34843750000000007
0 0.79375 0.3281250000000001 0.7828125 0.3281250000000001 0.7828125 0.3343750000000001 0.79375 0.3343750000000001
0 0.884375 0.31718750000000007 0.809375 0.31718750000000007 0.809375 0.34843750000000007 0.884375 0.34843750000000007
0 0.2531250000000001 0.365625 0.13750000000000004 0.365625 0.13750000000000004 0.3984375 0.2531250000000001 0.3984375
0 0.3359375000000001 0.3703125 0.29375000000000007 0.3703125 0.29375000000000007 0.3859375 0.3359375000000001 0.3859375
0 0.409375 0.3750000000000001 0.3703125000000001 0.3750000000000001 0.3703125000000001 0.39531250000000007 0.409375 0.39531250000000007
0 0.415625 0.3859375000000001 0.4140625 0.3859375000000001 0.4140625 0.38750000000000007 0.415625 0.38750000000000007
0 0.5828125 0.3687500000000001 0.440625 0.3687500000000001 0.440625 0.3968750000000001 0.5828125 0.3968750000000001
0 0.6078125 0.3703125000000001 0.5921875 0.3703125000000001 0.5921875 0.3828125000000001 0.6078125 0.3828125000000001
0 0.68125 0.3687500000000001 0.6390625 0.3687500000000001 0.6390625 0.3843750000000001 0.68125 0.3843750000000001
0 0.725 0.3765625000000001 0.7015625 0.3765625000000001 0.7015625 0.3906250000000001 0.725 0.3906250000000001
0 0.8 0.3687500000000001 0.746875 0.3687500000000001 0.746875 0.38750000000000007 0.8 0.38750000000000007
0 0.85625 0.37187500000000007 0.8203125 0.37187500000000007 0.8203125 0.38750000000000007 0.85625 0.38750000000000007
0 0.2015625000000001 0.41875 0.13281250000000006 0.41875 0.13281250000000006 0.4484375 0.2015625000000001 0.4484375
0 0.27812500000000007 0.4265625 0.2312500000000001 0.4265625 0.2312500000000001 0.4484375 0.27812500000000007 0.4484375
0 0.3109375000000001 0.4328125 0.2984375000000001 0.4328125 0.2984375000000001 0.434375 0.3109375000000001 0.434375
0 0.3500000000000001 0.4265625 0.3296875000000001 0.4265625 0.3296875000000001 0.4359375 0.3500000000000001 0.4359375
0 0.4265625 0.415625 0.3828125000000001 0.415625 0.3828125000000001 0.4359375 0.4265625 0.4359375
0 0.6015625 0.41875 0.4625 0.41875 0.4625 0.4359375 0.6015625 0.4359375
0 0.70625 0.4171875 0.628125 0.4171875 0.628125 0.4375 0.70625 0.4375
0 0.775 0.42500000000000016 0.734375 0.42500000000000016 0.734375 0.44531250000000017 0.775 0.44531250000000017
0 0.7875 0.43281250000000016 0.784375 0.43281250000000016 0.784375 0.4343750000000002 0.7875 0.4343750000000002
0 0.8671875 0.4156250000000002 0.80625 0.4156250000000002 0.80625 0.4421875000000002 0.8671875 0.4421875000000002
0 0.15312500000000004 0.4765625 0.12500000000000006 0.4765625 0.12500000000000006 0.484375 0.15312500000000004 0.484375
0 0.2750000000000001 0.46875 0.2000000000000001 0.46875 0.2000000000000001 0.4875 0.2750000000000001 0.4875
0 0.45625 0.46875 0.3312500000000001 0.46875 0.3312500000000001 0.4953125 0.45625 0.4953125
0 0.5765625 0.46875 0.4984375 0.46875 0.4984375 0.4859375 0.5765625 0.4859375
0 0.6171875 0.4734375 0.59375 0.4734375 0.59375 0.4859375 0.6171875 0.4859375
0 0.6484375 0.4796875 0.6390625 0.4796875 0.6390625 0.4859375 0.6484375 0.4859375
0 0.6875 0.4796875 0.671875 0.4796875 0.671875 0.4859375 0.6875 0.4859375
0 0.7265625 0.4781250000000001 0.69375 0.478125 0.69375 0.4859375000000001 0.7265625 0.4859375000000002
0 0.7515625 0.47968750000000016 0.74375 0.47968750000000016 0.74375 0.48750000000000016 0.7515625 0.48750000000000016
0 0.765625 0.47968750000000016 0.7546875 0.47968750000000016 0.7546875 0.48437500000000017 0.765625 0.48437500000000017
0 0.7828125 0.47656250000000017 0.76875 0.47656250000000017 0.76875 0.4859375000000002 0.7828125 0.4859375000000002
0 0.8453125 0.4703125000000002 0.809375 0.4703125000000002 0.809375 0.48437500000000017 0.8453125 0.48437500000000017
0 0.17500000000000007 0.5203125 0.12968750000000004 0.5203125 0.12968750000000007 0.5484375 0.1750000000000001 0.5484375
0 0.2312500000000001 0.5171875 0.2093750000000001 0.5171875 0.2093750000000001 0.5328125 0.2312500000000001 0.5328125
0 0.4484375 0.5203125 0.27812500000000007 0.5203125 0.27812500000000007 0.553125 0.4484375 0.553125
0 0.54375 0.5265625 0.484375 0.5265625 0.484375 0.5484375 0.54375 0.5484375
0 0.64375 0.521875 0.584375 0.521875 0.584375 0.5375 0.64375 0.5375
0 0.6578125 0.5359375 0.65 0.5359375 0.65 0.54375 0.6578125 0.54375
0 0.721875 0.525 0.6828125 0.525 0.6828125 0.5359375 0.721875 0.5359375
0 0.76875 0.5328125000000001 0.7359375 0.5328125000000001 0.7359375 0.5375000000000002 0.76875 0.5375000000000002
0 0.86875 0.5187500000000002 0.7796875 0.5187500000000002 0.7796875 0.5437500000000002 0.86875 0.5437500000000002
0 0.2062500000000001 0.5703125 0.1296875000000001 0.5703125 0.1296875000000001 0.5859375 0.2062500000000001 0.5859375
0 0.30156250000000007 0.571875 0.2453125000000001 0.571875 0.2453125000000001 0.5890625 0.30156250000000007 0.5890625
0 0.415625 0.571875 0.3312500000000001 0.571875 0.3312500000000001 0.6046875 0.415625 0.6046875
0 0.4703125 0.5765625 0.4484375 0.5765625 0.4484375 0.5859375 0.4703125 0.5859375
0 0.56875 0.56875 0.4984375 0.56875 0.4984375 0.6 0.56875 0.6
0 0.6921875 0.571875 0.6109375 0.571875 0.6109375 0.5890625 0.6921875 0.5890625
0 0.7375 0.5750000000000001 0.7109375 0.575 0.7109375 0.5890625 0.7375 0.5890625000000002
0 0.7515625 0.5828125000000002 0.7453125 0.5828125000000002 0.7453125 0.5859375000000002 0.7515625 0.5859375000000002
0 0.80625 0.5718750000000001 0.7640625 0.5718750000000001 0.7640625 0.5890625000000002 0.80625 0.5890625000000002
0 0.8546875 0.5812500000000002 0.8265625 0.5812500000000002 0.8265625 0.5875000000000001 0.8546875 0.5875000000000001
0 0.22812500000000008 0.6234375 0.1359375000000001 0.6234375 0.1359375000000001 0.6390625 0.22812500000000008 0.6390625
0 0.2390625000000001 0.6328125 0.2328125000000001 0.6328125 0.2328125000000001 0.64375 0.2390625000000001 0.64375
0 0.3781250000000001 0.628125 0.2734375000000001 0.628125 0.2734375000000001 0.6515625 0.3781250000000001 0.6515625
0 0.3906250000000001 0.6375 0.38750000000000007 0.6375 0.38750000000000007 0.640625 0.3906250000000001 0.640625