0 0.2046875 0.2078125 0.13906250000000003 0.2078125 0.13906250000000003 0.2359375 0.2046875 0.2359375
0 0.2546875 0.2109375 0.228125 0.2109375 0.228125 0.234375 0.2546875 0.234375
0 0.3421875 0.2078125 0.278125 0.2078125 0.278125 0.234375 0.3421875 0.234375
0 0.3859375 0.21093750000000006 0.3625 0.2109375 0.3625 0.23437500000000006 0.3859375 0.23437500000000008
0 0.4390625 0.21250000000000008 0.4 0.21250000000000008 0.4 0.2328125000000001 0.4390625 0.2328125000000001
0 0.4953125 0.20312500000000008 0.4609375 0.20312500000000008 0.4609375 0.2406250000000001 0.4953125 0.2406250000000001
0 0.584375 0.2140625000000001 0.5109375 0.2140625000000001 0.5109375 0.23437500000000008 0.584375 0.23437500000000008
0 0.590625 0.2312500000000001 0.5875 0.2312500000000001 0.5875 0.23437500000000008 0.590625 0.23437500000000008
0 0.7359375 0.2093750000000001 0.6015625 0.2093750000000001 0.6015625 0.23593750000000008 0.7359375 0.23593750000000008
0 0.7703125 0.2312500000000001 0.74375 0.2312500000000001 0.74375 0.23437500000000008 0.7703125 0.23437500000000008
0 0.26875 0.2625 0.13281250000000006 0.2625 0.13281250000000006 0.2859375 0.26875 0.2859375
0 0.2984375 0.2828125 0.271875 0.2828125 0.271875 0.2859375 0.2984375 0.2859375
0 0.3453125 0.2640625 0.3171875 0.2640625 0.3171875 0.2859375 0.3453125 0.2859375
0 0.425 0.26562500000000006 0.3625 0.265625 0.3625 0.28593750000000007 0.425 0.28593750000000007
0 0.4296875 0.2812500000000001 0.4265625 0.2812500000000001 0.4265625 0.2828125000000001 0.4296875 0.2828125000000001
0 0.5765625 0.2578125000000001 0.4421875 0.2578125000000001 0.4421875 0.30156250000000007 0.5765625 0.30156250000000007
0 0.653125 0.2531250000000001 0.596875 0.2531250000000001 0.596875 0.2890625000000001 0.653125 0.2890625000000001
0 0.715625 0.2640625000000001 0.665625 0.2640625000000001 0.665625 0.28593750000000007 0.715625 0.28593750000000007
0 0.821875 0.2578125000000001 0.7296875 0.2578125000000001 0.7296875 0.3031250000000001 0.821875 0.3031250000000001
0 0.865625 0.26250000000000007 0.840625 0.26250000000000007 0.840625 0.2843750000000001 0.865625 0.2843750000000001
0 0.18437500000000004 0.3109375 0.13437500000000005 0.3109375 0.13437500000000005 0.3453125 0.18437500000000004 0.3453125
0 0.19531250000000006 0.33125 0.19218750000000004 0.33125 0.19218750000000004 0.334375 0.19531250000000006 0.334375
0 0.4078125 0.3140625 0.209375 0.3140625 0.209375 0.33593750000000006 0.4078125 0.3359375000000001
0 0.4234375 0.3140625000000001 0.4171875 0.3140625000000001 0.4171875 0.3359375000000001 0.4234375 0.3359375000000001
0 0.4890625 0.3078125000000001 0.4484375 0.3078125000000001 0.4484375 0.3375000000000001 0.4890625 0.3375000000000001
0 0.5515625 0.3156250000000001 0.515625 0.3156250000000001 0.515625 0.3468750000000001 0.5515625 0.3468750000000001
0 0.6203125 0.3078125000000001 0.58125 0.3078125000000001 0.58125 0.3390625000000001 0.6203125 0.3390625000000001
0 0.7171875 0.3109375000000001 0.6421875 0.3109375000000001 0.6421875 0.3375000000000001 0.7171875 0.3375000000000001
0 0.759375 0.32500000000000007 0.734375 0.32500000000000007 0.734375 0.3359375000000001 0.759375 0.3359375000000001
0 0.8296875 0.3109375000000001 0.7765625 0.3109375000000001 0.7765625 0.3500000000000001 0.8296875 0.3500000000000001
0 0.8390625 0.33281250000000007 0.834375 0.33281250000000007 0.834375 0.3343750000000001 0.8390625 0.3343750000000001
0 0.8921875 0.3062500000000001 0.84375 0.3062500000000001 0.84375 0.3375000000000001 0.8921875 0.3375000000000001
0 0.18750000000000006 0.359375 0.13281250000000006 0.359375 0.13281250000000006 0.4 0.18750000000000006 0.4
0 0.2718750000000001 0.3640625 0.2093750000000001 0.3640625 0.2093750000000001 0.3890625 0.2718750000000001 0.3890625
0 0.321875 0.3609375 0.29375 0.3609375 0.29375000000000007 0.3875 0.3218750000000001 0.3875
0 0.38281250000000006 0.3609375 0.3359375 0.3609375 0.33593750000000006 0.38593750000000004 0.3828125000000001 0.3859375000000001
0 0.503125 0.3578125000000001 0.403125 0.3578125000000001 0.403125 0.3968750000000001 0.503125 0.3968750000000001
0 0.6453125 0.37187500000000007 0.5265625 0.37187500000000007 0.5265625 0.4015625 0.6453125 0.4015625
0 0.6546875 0.3828125000000001 0.65 0.3828125000000001 0.65 0.3843750000000001 0.6546875 0.3843750000000001
0 0.784375 0.35625000000000007 0.6734375 0.35625000000000007 0.6734375 0.38750000000000007 0.784375 0.38750000000000007
0 0.8671875 0.3609375000000001 0.8125 0.3609375000000001 0.8125 0.3890625000000001 0.8671875 0.3890625000000001
0 0.2015625000000001 0.4109375 0.13437500000000005 0.4109375 0.13437500000000005 0.4515625 0.2015625000000001 0.4515625
0 0.27812500000000007 0.4109375 0.23437500000000008 0.4109375 0.23437500000000008 0.4359375 0.27812500000000007 0.4359375
0 0.3765625000000001 0.4109375 0.2921875000000001 0.4109375 0.2921875000000001 0.4390625 0.3765625000000001 0.4390625
0 0.459375 0.4109375 0.40625 0.4109375 0.40625 0.4390625 0.459375 0.4390625
0 0.4984375 0.4234375 0.4828125 0.4234375 0.4828125 0.4359375 0.4984375 0.4359375
0 0.6 0.4140625 0.528125 0.4140625 0.528125 0.4375 0.6 0.4375
0 0.7515625 0.4140625000000001 0.628125 0.4140625 0.628125 0.4390625000000001 0.7515625 0.4390625000000002
0 0.7640625 0.43281250000000016 0.7609375 0.43281250000000016 0.7609375 0.4359375000000002 0.7640625 0.4359375000000002
0 0.834375 0.40937500000000016 0.78125 0.40937500000000016 0.78125 0.4390625000000002 0.834375 0.4390625000000002
0 0.91875 0.4125000000000002 0.853125 0.4125000000000002 0.853125 0.4500000000000002 0.91875 0.4500000000000002
0 0.23593750000000008 0.45625 0.12812500000000004 0.45625 0.12812500000000004 0.4875 0.23593750000000008 0.4875
0 0.30156250000000007 0.4578125 0.26250000000000007 0.4578125 0.26250000000000007 0.4875 0.30156250000000007 0.4875
0 0.540625 0.4578125 0.3218750000000001 0.4578125 0.3218750000000001 0.4875 0.540625 0.4875
0 0.6671875 0.4625 0.5625 0.4625 0.5625 0.496875 0.6671875 0.496875
0 0.7421875 0.4609375000000001 0.69375 0.4609375 0.69375 0.48906250000000007 0.7421875 0.4890625000000002
0 0.8875 0.4593750000000002 0.7703125 0.4593750000000002 0.7703125 0.49218750000000017 0.8875 0.49218750000000017
0 0.21093750000000008 0.5078125 0.12812500000000004 0.5078125 0.12812500000000004 0.5375 0.21093750000000008 0.5375
0 0.2765625000000001 0.509375 0.2484375000000001 0.509375 0.2484375000000001 0.5390625 0.2765625000000001 0.5390625
0 0.4125 0.5140625 0.3078125000000001 0.5140625 0.3078125000000001 0.5390625 0.4125 0.5390625
0 0.4890625 0.503125 0.446875 0.503125 0.446875 0.54375 0.4890625 0.54375
0 0.5546875 0.509375 0.5140625 0.509375 0.5140625 0.5390625 0.5546875 0.5390625
0 0.65 0.503125 0.584375 0.503125 0.584375 0.5421875 0.65 0.5421875
0 0.765625 0.5156250000000001 0.66875 0.515625 0.66875 0.5406250000000001 0.765625 0.5406250000000001
0 0.7765625 0.5390625000000002 0.7734375 0.5390625000000002 0.7734375 0.5406250000000001 0.7765625 0.5406250000000001