0 0.215625 0.2 0.13281250000000006 0.2 0.13281250000000006 0.2265625 0.215625 0.2265625
0 0.36875 0.20468750000000005 0.2375 0.2046875 0.2375 0.22656250000000006 0.36875 0.22656250000000008
0 0.4703125 0.2015625000000001 0.3828125 0.2015625000000001 0.3828125 0.2375000000000001 0.4703125 0.2375000000000001
0 0.509375 0.2140625000000001 0.4765625 0.2140625000000001 0.4765625 0.2234375000000001 0.509375 0.2234375000000001
0 0.6046875 0.2078125000000001 0.525 0.2078125000000001 0.525 0.2250000000000001 0.6046875 0.2250000000000001
0 0.615625 0.22656250000000008 0.609375 0.22656250000000008 0.609375 0.2328125000000001 0.615625 0.2328125000000001
0 0.6703125 0.20468750000000008 0.61875 0.20468750000000008 0.61875 0.2250000000000001 0.6703125 0.2250000000000001
0 0.7359375 0.21250000000000008 0.68125 0.21250000000000008 0.68125 0.2218750000000001 0.7359375 0.2218750000000001
0 0.859375 0.2015625000000001 0.7515625 0.2015625000000001 0.7515625 0.22031250000000008 0.859375 0.22031250000000008
0 0.8671875 0.2171875000000001 0.8640625 0.2171875000000001 0.8640625 0.21875000000000008 0.8671875 0.21875000000000008
0 0.9125 0.20312500000000008 0.878125 0.20312500000000008 0.878125 0.22031250000000008 0.9125 0.22031250000000008
0 0.2078125 0.2515625 0.11875000000000005 0.2515625 0.11875000000000005 0.275 0.2078125 0.275
0 0.246875 0.2515625 0.21875 0.2515625 0.21875 0.275 0.246875 0.275
0 0.29375 0.253125 0.2515625 0.253125 0.2515625 0.275 0.29375 0.275
0 0.3578125 0.265625 0.303125 0.265625 0.303125 0.278125 0.3578125 0.278125
0 0.4046875 0.2656250000000001 0.3828125 0.2656250000000001 0.3828125 0.2750000000000001 0.4046875 0.2750000000000001
0 0.4921875 0.2578125000000001 0.415625 0.2578125000000001 0.415625 0.2734375000000001 0.4921875 0.2734375000000001
0 0.5390625 0.2578125000000001 0.5078125 0.2578125000000001 0.5078125 0.2750000000000001 0.5390625 0.2750000000000001
0 0.6015625 0.2562500000000001 0.55625 0.2562500000000001 0.55625 0.2765625000000001 0.6015625 0.2765625000000001
0 0.6265625 0.2687500000000001 0.615625 0.2687500000000001 0.615625 0.2718750000000001 0.6265625 0.2718750000000001
0 0.6828125 0.25468750000000007 0.6296875 0.25468750000000007 0.6296875 0.2812500000000001 0.6828125 0.2812500000000001
0 0.7375 0.25468750000000007 0.69375 0.25468750000000007 0.69375 0.2734375000000001 0.7375 0.2734375000000001
0 0.821875 0.2531250000000001 0.7484375 0.2531250000000001 0.7484375 0.27812500000000007 0.821875 0.27812500000000007
0 0.8828125 0.25468750000000007 0.8359375 0.25468750000000007 0.8359375 0.2750000000000001 0.8828125 0.2750000000000001
0 0.9390625 0.25468750000000007 0.8921875 0.25468750000000007 0.8921875 0.2765625000000001 0.9390625 0.2765625000000001
0 0.16250000000000003 0.315625 0.11718750000000004 0.315625 0.11718750000000004 0.3296875 0.16250000000000003 0.3296875
0 0.3 0.3078125 0.18437500000000004 0.3078125 0.18437500000000004 0.3328125 0.3 0.3328125
0 0.365625 0.31093750000000003 0.3140625 0.3109375 0.3140625 0.32812500000000006 0.365625 0.3281250000000001
0 0.378125 0.3234375000000001 0.375 0.3234375000000001 0.375 0.32500000000000007 0.378125 0.32500000000000007
0 0.525 0.3125000000000001 0.3890625 0.3125000000000001 0.3890625 0.3359375000000001 0.525 0.3359375000000001
0 0.6296875 0.30156250000000007 0.5375 0.30156250000000007 0.5375 0.3312500000000001 0.6296875 0.3312500000000001
0 0.69375 0.3000000000000001 0.6375 0.3000000000000001 0.6375 0.32500000000000007 0.69375 0.32500000000000007
0 0.746875 0.3078125000000001 0.6984375 0.3078125000000001 0.6984375 0.3312500000000001 0.746875 0.3312500000000001
0 0.8328125 0.3046875000000001 0.765625 0.3046875000000001 0.765625 0.3281250000000001 0.8328125 0.3281250000000001
0 0.8703125 0.31718750000000007 0.8484375 0.31718750000000007 0.8484375 0.32500000000000007 0.8703125 0.32500000000000007
0 0.9609375 0.3062500000000001 0.8828125 0.3062500000000001 0.8828125 0.3390625000000001 0.9609375 0.3390625000000001
0 0.971875 0.3296875000000001 0.965625 0.3296875000000001 0.965625 0.3343750000000001 0.971875 0.3343750000000001
0 0.24531250000000004 0.3515625 0.12343750000000005 0.3515625 0.12343750000000005 0.378125 0.2453125000000001 0.378125
0 0.3765625 0.35468750000000004 0.2671875 0.3546875 0.2671875 0.37968750000000007 0.3765625000000001 0.37968750000000007
0 0.3828125000000001 0.3734375000000001 0.37968750000000007 0.3734375000000001 0.37968750000000007 0.3765625000000001 0.3828125000000001 0.3765625000000001
0 0.453125 0.3593750000000001 0.38125 0.3593750000000001 0.38125000000000003 0.3781250000000001 0.453125 0.3781250000000001
0 0.5796875 0.3656250000000001 0.465625 0.3656250000000001 0.465625 0.3781250000000001 0.5796875 0.3781250000000001
0 0.6859375 0.3515625000000001 0.5953125 0.3515625000000001 0.5953125 0.3843750000000001 0.6859375 0.3843750000000001
0 0.878125 0.3500000000000001 0.7109375 0.3500000000000001 0.7109375 0.3843750000000001 0.878125 0.3843750000000001
0 0.9140625 0.3687500000000001 0.8875 0.3687500000000001 0.8875 0.3781250000000001 0.9140625 0.3781250000000001
0 0.9609375 0.35625000000000007 0.928125 0.35625000000000007 0.928125 0.3828125000000001 0.9609375 0.3828125000000001
0 0.2250000000000001 0.4203125 0.12187500000000004 0.4203125 0.12187500000000004 0.4421875 0.2250000000000001 0.4421875
0 0.3187500000000001 0.396875 0.2531250000000001 0.396875 0.2531250000000001 0.428125 0.3187500000000001 0.428125
0 0.3375000000000001 0.4265625 0.3281250000000001 0.4265625 0.3281250000000001 0.4359375 0.3375000000000001 0.4359375
0 0.4015625 0.4046875 0.3468750000000001 0.4046875 0.3468750000000001 0.428125 0.4015625 0.428125
0 0.559375 0.4046875 0.4234375 0.4046875 0.4234375 0.43125 0.559375 0.43125
0 0.56875 0.4265625 0.5640625 0.4265625 0.5640625 0.43125 0.56875 0.43125
0 0.6875 0.403125 0.575 0.403125 0.575 0.428125 0.6875 0.428125
0 0.7671875 0.4156250000000001 0.6984375 0.415625 0.6984375 0.4390625000000001 0.7671875 0.4390625000000002
0 0.778125 0.42187500000000017 0.775 0.42187500000000017 0.775 0.4234375000000002 0.778125 0.4234375000000002
0 0.8625 0.40625000000000017 0.790625 0.40625000000000017 0.790625 0.43281250000000016 0.8625 0.43281250000000016
0 0.9671875 0.4000000000000002 0.8765625 0.4000000000000002 0.8765625 0.4281250000000002 0.9671875 0.4281250000000002
0 0.18750000000000006 0.45 0.12812500000000004 0.45 0.12812500000000004 0.4765625 0.18750000000000006 0.4765625
0 0.22656250000000008 0.4671875 0.21250000000000008 0.4671875 0.21250000000000008 0.475 0.22656250000000008 0.475
0 0.31718750000000007 0.4515625 0.2328125000000001 0.4515625 0.2328125000000001 0.478125 0.31718750000000007 0.478125
0 0.415625 0.45 0.3437500000000001 0.45 0.3437500000000001 0.490625 0.415625 0.490625
0 0.628125 0.453125 0.4453125 0.453125 0.4453125 0.4828125 0.628125 0.4828125
0 0.640625 0.4671875 0.6390625 0.4671875 0.6390625 0.46875 0.640625 0.46875
0 0.6671875 0.45625 0.640625 0.45625 0.640625 0.4796875 0.6671875 0.4796875
0 0.784375 0.4515625000000001 0.6921875 0.4515625 0.6921875 0.47343750000000007 0.784375 0.4734375000000002
0 0.8765625 0.4500000000000002 0.8046875 0.4500000000000002 0.8046875 0.47187500000000016 0.8765625 0.47187500000000016
0 0.953125 0.4468750000000002 0.89375 0.4468750000000002 0.89375 0.4734375000000002 0.953125 0.4734375000000002
0 0.2062500000000001 0.5109375 0.12187500000000004 0.5109375 0.12187500000000004 0.5359375 0.2062500000000001 0.5359375
0 0.2656250000000001 0.5046875 0.2296875000000001 0.5046875 0.2296875000000001 0.5375 0.2656250000000001 0.5375
0 0.3359375000000001 0.5203125 0.2890625000000001 0.5203125 0.2890625000000001 0.5328125 0.3359375000000001 0.5328125
0 0.36406250000000007 0.5265625 0.35625000000000007 0.5265625 0.35625000000000007 0.528125 0.36406250000000007 0.528125
0 0.471875 0.5046875 0.3906250000000001 0.5046875 0.3906250000000001 0.5328125 0.471875 0.5328125
0 0.48125 0.53125 0.471875 0.53125 0.471875 0.5375 0.48125 0.5375
0 0.5171875 0.5203125 0.49375 0.5203125 0.49375 0.528125 0.5171875 0.528125
0 0.684375 0.5015625 0.5359375 0.5015625 0.5359375 0.54375 0.684375 0.54375
0 0.7375 0.5046875000000001 0.696875 0.5046875 0.696875 0.5375000000000001 0.7375 0.5375000000000002
0 0.803125 0.5031250000000002 0.746875 0.5031250000000002 0.746875 0.5265625000000002 0.803125 0.5265625000000002
0 0.871875 0.5000000000000002 0.8140625 0.5000000000000002 0.8140625 0.5265625000000002 0.871875 0.5265625000000002
0 0.925 0.5171875000000001 0.8875 0.5171875000000001 0.8875 0.5265625000000002 0.925 0.5265625000000002
0 0.1937500000000001 0.5640625 0.14062500000000008 0.5640625 0.14062500000000008 0.584375 0.1937500000000001 0.584375
0 0.23437500000000008 0.571875 0.19531250000000008 0.571875 0.19531250000000008 0.5890625 0.23437500000000008 0.5890625