0 0.2421875 0.2 0.14687500000000003 0.2 0.14687500000000003 0.228125 0.2421875 0.228125
0 0.3328125 0.19843750000000004 0.2671875 0.19843750000000004 0.2671875 0.2453125 0.3328125 0.2453125
0 0.4015625 0.21093750000000006 0.359375 0.2109375 0.359375 0.22500000000000003 0.4015625 0.2250000000000001
0 0.48125 0.20468750000000008 0.425 0.20468750000000008 0.425 0.22656250000000008 0.48125 0.22656250000000008
0 0.5890625 0.2093750000000001 0.5109375 0.2093750000000001 0.5109375 0.22656250000000008 0.5890625 0.22656250000000008
0 0.7078125 0.2093750000000001 0.5984375 0.2093750000000001 0.5984375 0.2468750000000001 0.7078125 0.2468750000000001
0 0.7578125 0.2078125000000001 0.7203125 0.2078125000000001 0.7203125 0.2250000000000001 0.7578125 0.2250000000000001
0 0.246875 0.25 0.14062500000000006 0.25 0.14062500000000006 0.2890625 0.246875 0.2890625
0 0.4140625 0.25312500000000004 0.28125 0.253125 0.28125 0.27812500000000007 0.4140625 0.27812500000000007
0 0.4296875 0.2750000000000001 0.415625 0.2750000000000001 0.415625 0.28593750000000007 0.4296875 0.28593750000000007
0 0.51875 0.25468750000000007 0.4578125 0.25468750000000007 0.4578125 0.2750000000000001 0.51875 0.2750000000000001
0 0.6375 0.2640625000000001 0.5421875 0.2640625000000001 0.5421875 0.27812500000000007 0.6375 0.27812500000000007
0 0.7703125 0.2578125000000001 0.6734375 0.2578125000000001 0.6734375 0.27812500000000007 0.7703125 0.27812500000000007
0 0.878125 0.2578125000000001 0.7828125 0.2578125000000001 0.7828125 0.2765625000000001 0.878125 0.2765625000000001
0 0.215625 0.30625 0.12968750000000004 0.30625 0.12968750000000004 0.334375 0.215625 0.334375
0 0.3328125 0.3046875 0.221875 0.3046875 0.221875 0.33125 0.3328125 0.33125
0 0.3921875 0.30781250000000004 0.3609375 0.3078125 0.3609375 0.32500000000000007 0.3921875 0.32500000000000007
0 0.4890625 0.3109375000000001 0.4140625 0.3109375000000001 0.4140625 0.32500000000000007 0.4890625 0.32500000000000007
0 0.58125 0.3062500000000001 0.5109375 0.3062500000000001 0.5109375 0.3265625000000001 0.58125 0.3265625000000001
0 0.6859375 0.30937500000000007 0.584375 0.30937500000000007 0.584375 0.3390625000000001 0.6859375 0.3390625000000001
0 0.69375 0.3234375000000001 0.690625 0.3234375000000001 0.690625 0.32500000000000007 0.69375 0.32500000000000007
0 0.853125 0.3062500000000001 0.7109375 0.3062500000000001 0.7109375 0.32500000000000007 0.853125 0.32500000000000007
0 0.928125 0.3078125000000001 0.8625 0.3078125000000001 0.8625 0.3265625000000001 0.928125 0.3265625000000001
0 0.22968750000000004 0.353125 0.12968750000000004 0.353125 0.12968750000000004 0.3890625 0.2296875000000001 0.3890625
0 0.3109375000000001 0.365625 0.2531250000000001 0.365625 0.2531250000000001 0.3765625 0.3109375000000001 0.3765625
0 0.37500000000000006 0.35937500000000006 0.321875 0.359375 0.321875 0.3765625 0.3750000000000001 0.3765625000000001
0 0.425 0.3625000000000001 0.39375 0.3625000000000001 0.39375000000000004 0.3750000000000001 0.425 0.3750000000000001
0 0.571875 0.3578125000000001 0.45 0.3578125000000001 0.45 0.3937500000000001 0.571875 0.3937500000000001
0 0.578125 0.3734375000000001 0.56875 0.3734375000000001 0.56875 0.3843750000000001 0.578125 0.3843750000000001
0 0.70625 0.3593750000000001 0.60625 0.3593750000000001 0.60625 0.3765625000000001 0.70625 0.3765625000000001
0 0.7765625 0.3593750000000001 0.7265625 0.3593750000000001 0.7265625 0.3750000000000001 0.7765625 0.3750000000000001
0 0.9359375 0.36406250000000007 0.803125 0.36406250000000007 0.803125 0.38750000000000007 0.9359375 0.38750000000000007
0 0.9375 0.3765625000000001 0.934375 0.3765625000000001 0.934375 0.3781250000000001 0.9375 0.3781250000000001
0 0.18593750000000003 0.40625 0.12812500000000004 0.40625 0.12812500000000004 0.428125 0.18593750000000003 0.428125
0 0.2734375000000001 0.409375 0.21250000000000008 0.409375 0.21250000000000008 0.4265625 0.2734375000000001 0.4265625
0 0.3265625000000001 0.4125 0.2984375000000001 0.4125 0.2984375000000001 0.4296875 0.3265625000000001 0.4296875
0 0.41875 0.4078125 0.3421875000000001 0.4078125 0.3421875000000001 0.428125 0.41875 0.428125
0 0.5234375 0.409375 0.4296875 0.409375 0.4296875 0.4421875 0.5234375 0.4421875
0 0.6109375 0.409375 0.5453125 0.409375 0.5453125 0.428125 0.6109375 0.428125
0 0.6640625 0.4125 0.6265625 0.4125 0.6265625 0.4265625 0.6640625 0.4265625
0 0.8078125 0.4078125000000001 0.6890625 0.4078125 0.6890625 0.44218750000000007 0.8078125 0.4421875000000002
0 0.9 0.41406250000000017 0.840625 0.41406250000000017 0.840625 0.4281250000000002 0.9 0.4281250000000002
0 0.9484375 0.41406250000000017 0.91875 0.41406250000000017 0.91875 0.4281250000000002 0.9484375 0.4281250000000002
0 0.22812500000000008 0.4546875 0.12500000000000006 0.4546875 0.12500000000000006 0.4890625 0.22812500000000008 0.4890625
0 0.23593750000000008 0.4765625 0.23437500000000008 0.4765625 0.23437500000000008 0.478125 0.23593750000000008 0.478125
0 0.3140625000000001 0.459375 0.2640625000000001 0.459375 0.2640625000000001 0.478125 0.3140625000000001 0.478125
0 0.4296875 0.459375 0.3437500000000001 0.459375 0.3437500000000001 0.490625 0.4296875 0.490625
0 0.5171875 0.459375 0.446875 0.459375 0.446875 0.4921875 0.5171875 0.4921875
0 0.59375 0.4609375 0.54375 0.4609375 0.54375 0.478125 0.59375 0.478125
0 0.6796875 0.45625 0.625 0.45625 0.625 0.4953125 0.6796875 0.4953125
0 0.7984375 0.45781250000000007 0.70625 0.4578125 0.70625 0.4796875000000001 0.7984375 0.47968750000000016
0 0.81875 0.4734375000000002 0.8015625 0.4734375000000002 0.8015625 0.4750000000000002 0.81875 0.4750000000000002
0 0.8578125 0.4656250000000002 0.8359375 0.4656250000000002 0.8359375 0.4781250000000002 0.8578125 0.4781250000000002
0 0.2468750000000001 0.50625 0.12968750000000004 0.50625 0.12968750000000004 0.528125 0.2468750000000001 0.528125
0 0.2562500000000001 0.5265625 0.2468750000000001 0.5265625 0.2468750000000001 0.5375 0.2562500000000001 0.5375
0 0.3359375000000001 0.50625 0.2828125000000001 0.50625 0.2828125000000001 0.528125 0.3359375000000001 0.528125
0 0.471875 0.5078125 0.3578125000000001 0.5078125 0.3578125000000001 0.5296875 0.471875 0.5296875
0 0.678125 0.50625 0.5078125 0.50625 0.5078125 0.5296875 0.678125 0.5296875
0 0.8015625 0.5093750000000001 0.71875 0.509375 0.71875 0.5406250000000001 0.8015625 0.5406250000000001
0 0.878125 0.5093750000000001 0.8265625 0.5093750000000001 0.8265625 0.5390625000000002 0.878125 0.5390625000000002
0 0.2234375000000001 0.565625 0.1375000000000001 0.565625 0.1375000000000001 0.58125 0.2234375000000001 0.58125
0 0.425 0.559375 0.2593750000000001 0.559375 0.2593750000000001 0.58125 0.425 0.58125
0 0.44375 0.578125 0.440625 0.578125 0.440625 0.5796875 0.44375 0.5796875