0 0.17500000000000004 0.209375 0.14218750000000005 0.209375 0.14218750000000005 0.234375 0.17500000000000004 0.234375
0 0.3890625 0.21406250000000004 0.2015625 0.2140625 0.2015625 0.23437500000000006 0.3890625 0.23437500000000008
0 0.4640625 0.2156250000000001 0.4234375 0.2156250000000001 0.4234375 0.23437500000000008 0.4640625 0.23437500000000008
0 0.534375 0.2156250000000001 0.484375 0.2156250000000001 0.484375 0.23437500000000008 0.534375 0.23437500000000008
0 0.6140625 0.22031250000000008 0.5640625 0.22031250000000008 0.5640625 0.2406250000000001 0.6140625 0.2406250000000001
0 0.684375 0.21875000000000008 0.6328125 0.21875000000000008 0.6328125 0.23437500000000008 0.684375 0.23437500000000008
0 0.7515625 0.2171875000000001 0.7 0.2171875000000001 0.7 0.23593750000000008 0.7515625 0.23593750000000008
0 0.7921875 0.21875000000000008 0.76875 0.21875000000000008 0.76875 0.23437500000000008 0.7921875 0.23437500000000008
0 0.846875 0.21875000000000008 0.803125 0.21875000000000008 0.803125 0.23593750000000008 0.846875 0.23593750000000008
0 0.8546875 0.23593750000000008 0.85 0.23593750000000008 0.85 0.2406250000000001 0.8546875 0.2406250000000001
0 0.2125 0.265625 0.14218750000000005 0.265625 0.14218750000000005 0.284375 0.2125 0.284375
0 0.25 0.275 0.2375 0.275 0.2375 0.2859375 0.25 0.2859375
0 0.375 0.27343750000000006 0.2765625 0.2734375 0.2765625 0.28593750000000007 0.375 0.28593750000000007
0 0.4078125 0.26250000000000007 0.396875 0.26250000000000007 0.396875 0.2875000000000001 0.4078125 0.2875000000000001
0 0.4765625 0.2687500000000001 0.41875 0.2687500000000001 0.41875 0.2843750000000001 0.4765625 0.2843750000000001
0 0.5734375 0.2687500000000001 0.50625 0.2687500000000001 0.50625 0.2875000000000001 0.5734375 0.2875000000000001
0 0.6 0.26250000000000007 0.575 0.26250000000000007 0.575 0.2890625000000001 0.6 0.2890625000000001
0 0.6609375 0.27031250000000007 0.6234375 0.27031250000000007 0.6234375 0.2875000000000001 0.6609375 0.2875000000000001
0 0.790625 0.2734375000000001 0.684375 0.2734375000000001 0.684375 0.2953125000000001 0.790625 0.2953125000000001
0 0.859375 0.2765625000000001 0.8109375 0.2765625000000001 0.8109375 0.2875000000000001 0.859375 0.2875000000000001
0 0.15156250000000004 0.3265625 0.14062500000000006 0.3265625 0.14062500000000006 0.3359375 0.15156250000000004 0.3359375
0 0.278125 0.325 0.17968750000000006 0.325 0.17968750000000006 0.34375 0.278125 0.34375
0 0.4015625 0.321875 0.3078125 0.321875 0.3078125 0.3375 0.4015625 0.3375000000000001
0 0.421875 0.3218750000000001 0.4125 0.3218750000000001 0.4125 0.3375000000000001 0.421875 0.3375000000000001
0 0.4921875 0.3203125000000001 0.4265625 0.3203125000000001 0.4265625 0.3359375000000001 0.4921875 0.3359375000000001
0 0.56875 0.3203125000000001 0.5171875 0.3203125000000001 0.5171875 0.3437500000000001 0.56875 0.3437500000000001
0 0.5796875 0.31718750000000007 0.571875 0.31718750000000007 0.571875 0.34062500000000007 0.5796875 0.34062500000000007
0 0.634375 0.3265625000000001 0.609375 0.3265625000000001 0.609375 0.3359375000000001 0.634375 0.3359375000000001
0 0.7 0.3265625000000001 0.653125 0.3265625000000001 0.653125 0.3421875000000001 0.7 0.3421875000000001
0 0.78125 0.3203125000000001 0.71875 0.3203125000000001 0.71875 0.3375000000000001 0.78125 0.3375000000000001
0 0.796875 0.3343750000000001 0.79375 0.3343750000000001 0.79375 0.3359375000000001 0.796875 0.3359375000000001
0 0.22656250000000008 0.36875 0.14062500000000006 0.36875 0.14062500000000006 0.3859375 0.22656250000000008 0.3859375
0 0.3375000000000001 0.36875 0.25468750000000007 0.36875 0.25468750000000007 0.3953125 0.3375000000000001 0.3953125
0 0.3906250000000001 0.3750000000000001 0.3765625000000001 0.3750000000000001 0.3765625000000001 0.38750000000000007 0.3906250000000001 0.38750000000000007
0 0.4484375 0.3781250000000001 0.409375 0.3781250000000001 0.409375 0.3859375000000001 0.4484375 0.3859375000000001
0 0.51875 0.3765625000000001 0.46875 0.3765625000000001 0.46875 0.38750000000000007 0.51875 0.38750000000000007
0 0.5484375 0.3781250000000001 0.5375 0.3781250000000001 0.5375 0.38750000000000007 0.5484375 0.38750000000000007
0 0.6203125 0.3687500000000001 0.575 0.3687500000000001 0.575 0.3890625000000001 0.6203125 0.3890625000000001
0 0.6734375 0.3765625000000001 0.65 0.3765625000000001 0.65 0.3859375000000001 0.6734375 0.3859375000000001
0 0.740625 0.3750000000000001 0.696875 0.3750000000000001 0.696875 0.3968750000000001 0.740625 0.3968750000000001
0 0.8359375 0.3750000000000001 0.765625 0.3750000000000001 0.765625 0.3921875000000001 0.8359375 0.3921875000000001
0 0.19531250000000006 0.425 0.14062500000000006 0.425 0.14062500000000006 0.4359375 0.19531250000000006 0.4359375
0 0.24375000000000008 0.428125 0.2250000000000001 0.428125 0.2250000000000001 0.4390625 0.24375000000000008 0.4390625
0 0.27031250000000007 0.43125 0.2593750000000001 0.43125 0.2593750000000001 0.4390625 0.27031250000000007 0.4390625
0 0.4921875 0.4234375 0.2953125000000001 0.4234375 0.2953125000000001 0.446875 0.4921875 0.446875
0 0.5046875 0.4375 0.5 0.4375 0.5 0.44375 0.5046875 0.44375
0 0.6703125 0.4234375 0.5265625 0.4234375 0.5265625 0.4390625 0.6703125 0.4390625
0 0.746875 0.4218750000000001 0.6953125 0.421875 0.6953125 0.4375000000000001 0.746875 0.43750000000000017
0 0.7578125 0.4343750000000002 0.7546875 0.4343750000000002 0.7546875 0.43750000000000017 0.7578125 0.43750000000000017
0 0.825 0.4203125000000002 0.784375 0.4203125000000002 0.784375 0.4390625000000002 0.825 0.4390625000000002
0 0.18750000000000006 0.4703125 0.14218750000000005 0.4703125 0.14218750000000005 0.4859375 0.18750000000000006 0.4859375
0 0.30937500000000007 0.4765625 0.22812500000000008 0.4765625 0.22812500000000008 0.4875 0.30937500000000007 0.4875
0 0.3703125000000001 0.478125 0.3375000000000001 0.478125 0.3375000000000001 0.4875 0.3703125000000001 0.4875
0 0.4515625 0.471875 0.3968750000000001 0.471875 0.3968750000000001 0.4875 0.4515625 0.4875
0 0.5015625 0.4703125 0.475 0.4703125 0.475 0.4859375 0.5015625 0.4859375
0 0.5984375 0.4734375 0.528125 0.4734375 0.528125 0.49375 0.5984375 0.49375
0 0.721875 0.4703125 0.625 0.4703125 0.625 0.4953125 0.721875 0.4953125
0 0.778125 0.47656250000000017 0.7390625 0.47656250000000017 0.7390625 0.48750000000000016 0.778125 0.48750000000000016
0 0.8421875 0.47187500000000016 0.8078125 0.47187500000000016 0.8078125 0.4890625000000002 0.8421875 0.4890625000000002
0 0.2000000000000001 0.521875 0.14531250000000004 0.521875 0.14531250000000004 0.5375 0.2000000000000001 0.5375
0 0.2734375000000001 0.528125 0.2250000000000001 0.528125 0.2250000000000001 0.5484375 0.2734375000000001 0.5484375
0 0.2828125000000001 0.534375 0.2796875000000001 0.534375 0.2796875000000001 0.5375 0.2828125000000001 0.5375