0 0.18593750000000003 0.23125 0.14218750000000005 0.23125 0.14218750000000005 0.2484375 0.18593750000000003 0.2484375
0 0.26875 0.2328125 0.2109375 0.2328125 0.2109375 0.259375 0.26875 0.259375
0 0.353125 0.2390625 0.2953125 0.2390625 0.2953125 0.25 0.353125 0.25
0 0.3890625 0.2328125000000001 0.3671875 0.2328125000000001 0.3671875 0.2484375000000001 0.3890625 0.2484375000000001
0 0.4453125 0.23437500000000008 0.4109375 0.23437500000000008 0.4109375 0.2484375000000001 0.4453125 0.2484375000000001
0 0.503125 0.2312500000000001 0.4625 0.2312500000000001 0.4625 0.2484375000000001 0.503125 0.2484375000000001
0 0.5109375 0.2468750000000001 0.50625 0.2468750000000001 0.50625 0.2515625000000001 0.5109375 0.2515625000000001
0 0.6234375 0.22656250000000008 0.5265625 0.22656250000000008 0.5265625 0.2578125000000001 0.6234375 0.2578125000000001
0 0.6875 0.23593750000000008 0.6453125 0.23593750000000008 0.6453125 0.2484375000000001 0.6875 0.2484375000000001
0 0.7265625 0.2296875000000001 0.703125 0.2296875000000001 0.703125 0.2453125000000001 0.7265625 0.2453125000000001
0 0.7734375 0.2328125000000001 0.746875 0.2328125000000001 0.746875 0.2468750000000001 0.7734375 0.2468750000000001
0 0.8359375 0.2328125000000001 0.7875 0.2328125000000001 0.7875 0.2468750000000001 0.8359375 0.2468750000000001
0 0.26875 0.284375 0.13750000000000004 0.284375 0.13750000000000004 0.3078125 0.26875 0.3078125
0 0.2828125 0.3 0.278125 0.3 0.278125 0.3046875 0.2828125 0.3046875
0 0.3125 0.2828125 0.3046875 0.2828125 0.3046875 0.2875 0.3125 0.2875
0 0.45 0.28593750000000007 0.31875 0.2859375 0.31875 0.30000000000000004 0.45 0.3000000000000001
0 0.4640625 0.2812500000000001 0.4578125 0.2812500000000001 0.4578125 0.28593750000000007 0.4640625 0.28593750000000007
0 0.5234375 0.2843750000000001 0.4828125 0.2843750000000001 0.4828125 0.3000000000000001 0.5234375 0.3000000000000001
0 0.5703125 0.2843750000000001 0.5515625 0.2843750000000001 0.5515625 0.2984375000000001 0.5703125 0.2984375000000001
0 0.6265625 0.2843750000000001 0.5734375 0.2843750000000001 0.5734375 0.3000000000000001 0.6265625 0.3000000000000001
0 0.7078125 0.28593750000000007 0.6484375 0.28593750000000007 0.6484375 0.2984375000000001 0.7078125 0.2984375000000001
0 0.74375 0.28593750000000007 0.725 0.28593750000000007 0.725 0.3031250000000001 0.74375 0.3031250000000001
0 0.75 0.2953125000000001 0.746875 0.2953125000000001 0.746875 0.2984375000000001 0.75 0.2984375000000001
0 0.7578125 0.2828125000000001 0.75 0.2828125000000001 0.75 0.2875000000000001 0.7578125 0.2875000000000001
0 0.86875 0.2843750000000001 0.7765625 0.2843750000000001 0.7765625 0.2984375000000001 0.86875 0.2984375000000001
0 0.8765625 0.2890625000000001 0.8703125 0.2890625000000001 0.8703125 0.2968750000000001 0.8765625 0.2968750000000001
0 0.16250000000000003 0.334375 0.13437500000000005 0.334375 0.13437500000000005 0.35 0.16250000000000003 0.35
0 0.2390625 0.3359375 0.17968750000000006 0.3359375 0.17968750000000006 0.35 0.2390625 0.35
0 0.2953125 0.3359375 0.265625 0.3359375 0.265625 0.35 0.2953125 0.35
0 0.328125 0.3359375 0.3125 0.3359375 0.3125 0.3484375 0.328125 0.3484375
0 0.4046875 0.33281250000000007 0.34375 0.3328125 0.34375 0.35468750000000004 0.4046875 0.3546875000000001
0 0.4046875 0.3453125000000001 0.4015625 0.3453125000000001 0.4015625 0.34843750000000007 0.4046875 0.34843750000000007
0 0.4640625 0.33281250000000007 0.4203125 0.33281250000000007 0.4203125 0.34843750000000007 0.4640625 0.34843750000000007
0 0.5546875 0.33281250000000007 0.4828125 0.33281250000000007 0.4828125 0.34843750000000007 0.5546875 0.34843750000000007
0 0.5609375 0.34843750000000007 0.5578125 0.34843750000000007 0.5578125 0.3500000000000001 0.5609375 0.3500000000000001
0 0.6140625 0.3343750000000001 0.571875 0.3343750000000001 0.571875 0.34843750000000007 0.6140625 0.34843750000000007
0 0.653125 0.3343750000000001 0.63125 0.3343750000000001 0.63125 0.34843750000000007 0.653125 0.34843750000000007
0 0.7125 0.3390625000000001 0.66875 0.3390625000000001 0.66875 0.3546875000000001 0.7125 0.3546875000000001
0 0.7203125 0.34062500000000007 0.7140625 0.34062500000000007 0.7140625 0.34843750000000007 0.7203125 0.34843750000000007
0 0.7421875 0.3312500000000001 0.7359375 0.3312500000000001 0.7359375 0.3359375000000001 0.7421875 0.3359375000000001
0 0.78125 0.33281250000000007 0.7390625 0.33281250000000007 0.7390625 0.34843750000000007 0.78125 0.34843750000000007
0 0.81875 0.3390625000000001 0.796875 0.3390625000000001 0.796875 0.34843750000000007 0.81875 0.34843750000000007
0 0.8796875 0.3343750000000001 0.834375 0.3343750000000001 0.834375 0.34843750000000007 0.8796875 0.34843750000000007
0 0.13906250000000003 0.3875 0.12968750000000004 0.3875 0.12968750000000004 0.4 0.13906250000000003 0.4
0 0.2000000000000001 0.384375 0.15781250000000005 0.384375 0.15781250000000005 0.4 0.2000000000000001 0.4
0 0.2671875000000001 0.3828125 0.2218750000000001 0.3828125 0.2218750000000001 0.40625 0.2671875000000001 0.40625
0 0.3218750000000001 0.3890625 0.2890625000000001 0.3890625 0.2890625000000001 0.3984375 0.3218750000000001 0.3984375
0 0.3750000000000001 0.38593750000000004 0.3421875000000001 0.3859375 0.3421875000000001 0.39843750000000006 0.3750000000000001 0.3984375000000001
0 0.421875 0.3828125000000001 0.3937500000000001 0.3828125000000001 0.3937500000000001 0.4 0.421875 0.4
0 0.5 0.3859375000000001 0.446875 0.3859375000000001 0.446875 0.4 0.5 0.4
0 0.5234375 0.3906250000000001 0.515625 0.3906250000000001 0.515625 0.3921875000000001 0.5234375 0.3921875000000001
0 0.5484375 0.3843750000000001 0.5296875 0.3843750000000001 0.5296875 0.3984375000000001 0.5484375 0.3984375000000001
0 0.6234375 0.3843750000000001 0.56875 0.3843750000000001 0.56875 0.4078125 0.6234375 0.4078125
0 0.6828125 0.3828125000000001 0.6390625 0.3828125000000001 0.6390625 0.4 0.6828125 0.4
0 0.74375 0.38750000000000007 0.7 0.38750000000000007 0.7 0.4000000000000001 0.74375 0.4000000000000002
0 0.7796875 0.3906250000000001 0.759375 0.3906250000000001 0.759375 0.3984375000000001 0.7796875 0.3984375000000001
0 0.23593750000000008 0.43125 0.13125000000000003 0.43125 0.13125000000000003 0.4515625 0.23593750000000008 0.4515625
0 0.2671875000000001 0.4453125 0.2453125000000001 0.4453125 0.2453125000000001 0.45 0.2671875000000001 0.45
0 0.2812500000000001 0.4453125 0.27812500000000007 0.4453125 0.27812500000000007 0.4484375 0.2812500000000001 0.4484375
0 0.2984375000000001 0.434375 0.2906250000000001 0.434375 0.2906250000000001 0.4390625 0.2984375000000001 0.4390625
0 0.3609375000000001 0.4328125 0.3109375000000001 0.4328125 0.3109375000000001 0.45 0.3609375000000001 0.45
0 0.4265625 0.4375 0.3781250000000001 0.4375 0.3781250000000001 0.45 0.4265625 0.45
0 0.4953125 0.4296875 0.4484375 0.4296875 0.4484375 0.4484375 0.4953125 0.4484375
0 0.5453125 0.4328125 0.5140625 0.4328125 0.5140625 0.45 0.5453125 0.45
0 0.721875 0.434375 0.5640625 0.434375 0.5640625 0.4578125 0.721875 0.4578125
0 0.79375 0.43750000000000017 0.7375 0.43750000000000017 0.7375 0.46093750000000017 0.79375 0.46093750000000017
0 0.828125 0.4468750000000002 0.803125 0.4468750000000002 0.803125 0.4500000000000002 0.828125 0.4500000000000002
0 0.16875000000000004 0.484375 0.13281250000000006 0.484375 0.13281250000000006 0.5015625 0.16875000000000004 0.5015625
0 0.2656250000000001 0.4859375 0.19375000000000003 0.4859375 0.19375000000000003 0.5078125 0.2656250000000001 0.5078125
0 0.2984375000000001 0.4921875 0.2828125000000001 0.4921875 0.2828125000000001 0.5 0.2984375000000001 0.5
0 0.3203125000000001 0.4859375 0.3000000000000001 0.4859375 0.3000000000000001 0.5 0.3203125000000001 0.5
0 0.3687500000000001 0.4875 0.3375000000000001 0.4875 0.3375000000000001 0.5015625 0.3687500000000001 0.5015625
0 0.459375 0.484375 0.3859375000000001 0.484375 0.3859375000000001 0.5015625 0.459375 0.5015625
0 0.503125 0.4859375 0.4765625 0.4859375 0.4765625 0.503125 0.503125 0.503125
0 0.55625 0.490625 0.5171875 0.490625 0.5171875 0.50625 0.55625 0.50625
0 0.5890625 0.4890625 0.5734375 0.4890625 0.5734375 0.5015625 0.5890625 0.5015625
0 0.6515625 0.4828125 0.6 0.4828125 0.6 0.503125 0.6515625 0.503125
0 0.69375 0.4921875 0.671875 0.4921875 0.671875 0.5015625 0.69375 0.5015625
0 0.728125 0.4937500000000001 0.703125 0.49375 0.703125 0.5015625000000001 0.728125 0.5015625000000001
0 0.775 0.48750000000000016 0.740625 0.48750000000000016 0.740625 0.5015625000000001 0.775 0.5015625000000001
0 0.8703125 0.4859375000000002 0.79375 0.4859375000000002 0.79375 0.5046875000000002 0.8703125 0.5046875000000002
0 0.8765625 0.5015625000000001 0.871875 0.5015625000000001 0.871875 0.5046875000000002 0.8765625 0.5046875000000002
0 0.18125000000000008 0.5421875 0.12812500000000004 0.5421875 0.12812500000000007 0.553125 0.18125000000000008 0.553125
0 0.2218750000000001 0.5390625 0.20468750000000008 0.5390625 0.20468750000000008 0.5515625 0.2218750000000001 0.5515625
0 0.2890625000000001 0.5359375 0.24375000000000008 0.5359375 0.24375000000000008 0.5515625 0.2890625000000001 0.5515625
0 0.3906250000000001 0.534375 0.3078125000000001 0.534375 0.3078125000000001 0.5515625 0.3906250000000001 0.5515625
0 0.4359375 0.5359375 0.4140625 0.5359375 0.4140625 0.5515625 0.4359375 0.5515625
0 0.4796875 0.534375 0.4546875 0.534375 0.4546875 0.553125 0.4796875 0.553125
0 0.5375 0.5421875 0.5 0.5421875 0.5 0.553125 0.5375 0.553125
0 0.6140625 0.5390625 0.55625 0.5390625 0.55625 0.553125 0.6140625 0.553125
0 0.6234375 0.5453125 0.61875 0.5453125 0.61875 0.5515625 0.6234375 0.5515625
0 0.64375 0.5328125 0.6359375 0.5328125 0.6359375 0.5375 0.64375 0.5375
0 0.721875 0.534375 0.6484375 0.534375 0.6484375 0.553125 0.721875 0.553125
0 0.76875 0.5328125000000001 0.7421875 0.5328125000000001 0.7421875 0.5500000000000002 0.76875 0.5500000000000002
0 0.809375 0.5359375000000002 0.7796875 0.5359375000000002 0.7796875 0.5531250000000002 0.809375 0.5531250000000002
0 0.1937500000000001 0.5828125 0.1296875000000001 0.5828125 0.1296875000000001 0.6078125 0.1937500000000001 0.6078125
0 0.2062500000000001 0.5859375 0.2000000000000001 0.5859375 0.2000000000000001 0.590625 0.2062500000000001 0.590625
0 0.24375000000000008 0.5859375 0.2296875000000001 0.5859375 0.2296875000000001 0.6 0.24375000000000008 0.6
0 0.3421875000000001 0.5859375 0.2500000000000001 0.5859375 0.2500000000000001 0.6015625 0.3421875000000001 0.6015625
0 0.3546875000000001 0.5859375 0.3437500000000001 0.5859375 0.3437500000000001 0.603125 0.3546875000000001 0.603125
0 0.3593750000000001 0.6 0.3546875000000001 0.6 0.3546875000000001 0.6015625 0.3593750000000001 0.6015625