0 0.19375000000000003 0.2109375 0.15312500000000004 0.2109375 0.15312500000000004 0.240625 0.19375000000000003 0.240625
0 0.296875 0.2171875 0.228125 0.2171875 0.228125 0.2359375 0.296875 0.2359375
0 0.3875 0.21093750000000006 0.3296875 0.2109375 0.3296875 0.23906250000000004 0.3875 0.2390625000000001
0 0.4765625 0.2234375000000001 0.4078125 0.2234375000000001 0.4078125 0.2375000000000001 0.4765625 0.2375000000000001
0 0.5171875 0.2250000000000001 0.5 0.2250000000000001 0.5 0.23437500000000008 0.5171875 0.23437500000000008
0 0.6 0.2062500000000001 0.546875 0.2062500000000001 0.546875 0.23437500000000008 0.6 0.23437500000000008
0 0.6515625 0.2093750000000001 0.6203125 0.2093750000000001 0.6203125 0.23593750000000008 0.6515625 0.23593750000000008
0 0.6859375 0.22656250000000008 0.6734375 0.22656250000000008 0.6734375 0.23437500000000008 0.6859375 0.23437500000000008
0 0.74375 0.2250000000000001 0.70625 0.2250000000000001 0.70625 0.2453125000000001 0.74375 0.2453125000000001
0 0.7859375 0.22031250000000008 0.7609375 0.22031250000000008 0.7609375 0.2328125000000001 0.7859375 0.2328125000000001
0 0.825 0.2234375000000001 0.7984375 0.2234375000000001 0.7984375 0.2468750000000001 0.825 0.2468750000000001
0 0.17500000000000004 0.25625 0.13906250000000003 0.25625 0.13906250000000003 0.2859375 0.17500000000000004 0.2859375
0 0.2171875 0.2765625 0.2046875 0.2765625 0.2046875 0.2859375 0.2171875 0.2859375
0 0.2828125 0.2796875 0.2375 0.2796875 0.2375 0.2859375 0.2828125 0.2859375
0 0.3359375 0.2640625 0.3078125 0.2640625 0.3078125 0.2859375 0.3359375 0.2859375
0 0.4046875 0.27656250000000004 0.3578125 0.2765625 0.3578125 0.29687500000000006 0.4046875 0.2968750000000001
0 0.415625 0.2828125000000001 0.4125 0.2828125000000001 0.4125 0.28593750000000007 0.415625 0.28593750000000007
0 0.48125 0.2593750000000001 0.446875 0.2593750000000001 0.446875 0.2843750000000001 0.48125 0.2843750000000001
0 0.565625 0.2609375000000001 0.5078125 0.2609375000000001 0.5078125 0.3000000000000001 0.565625 0.3000000000000001
0 0.6171875 0.2640625000000001 0.5875 0.2640625000000001 0.5875 0.2843750000000001 0.6171875 0.2843750000000001
0 0.6734375 0.2640625000000001 0.6390625 0.2640625000000001 0.6390625 0.28593750000000007 0.6734375 0.28593750000000007
0 0.775 0.2593750000000001 0.696875 0.2593750000000001 0.696875 0.2890625000000001 0.775 0.2890625000000001
0 0.821875 0.27031250000000007 0.7984375 0.27031250000000007 0.7984375 0.2843750000000001 0.821875 0.2843750000000001
0 0.2078125 0.3078125 0.13750000000000004 0.3078125 0.13750000000000004 0.340625 0.2078125 0.340625
0 0.2875 0.3078125 0.240625 0.3078125 0.240625 0.3421875 0.2875 0.3421875
0 0.3578125 0.3109375 0.3234375 0.3109375 0.3234375 0.3390625 0.3578125 0.3390625
0 0.43125 0.3156250000000001 0.39375 0.3156250000000001 0.39375 0.34843750000000007 0.43125 0.34843750000000007
0 0.5296875 0.3125000000000001 0.4609375 0.3125000000000001 0.4609375 0.34062500000000007 0.5296875 0.34062500000000007
0 0.58125 0.3156250000000001 0.55 0.3156250000000001 0.55 0.3421875000000001 0.58125 0.3421875000000001
0 0.6625 0.32500000000000007 0.6140625 0.32500000000000007 0.6140625 0.34062500000000007 0.6625 0.34062500000000007
0 0.71875 0.32500000000000007 0.671875 0.32500000000000007 0.671875 0.3515625000000001 0.71875 0.3515625000000001
0 0.7890625 0.3218750000000001 0.746875 0.3218750000000001 0.746875 0.3390625000000001 0.7890625 0.3390625000000001
0 0.85625 0.30937500000000007 0.8140625 0.30937500000000007 0.8140625 0.3375000000000001 0.85625 0.3375000000000001
0 0.23750000000000004 0.359375 0.14062500000000006 0.359375 0.14062500000000006 0.403125 0.2375000000000001 0.403125
0 0.3218750000000001 0.378125 0.2671875000000001 0.378125 0.2671875000000001 0.3890625 0.3218750000000001 0.3890625
0 0.3312500000000001 0.390625 0.3281250000000001 0.390625 0.3281250000000001 0.39375 0.3312500000000001 0.39375
0 0.2500000000000001 0.4171875 0.14843750000000006 0.4171875 0.14843750000000006 0.4421875 0.2500000000000001 0.4421875
0 0.2656250000000001 0.43125 0.2593750000000001 0.43125 0.2593750000000001 0.4390625 0.2656250000000001 0.4390625
0 0.3734375000000001 0.415625 0.2796875000000001 0.415625 0.2796875000000001 0.4546875 0.3734375000000001 0.4546875
0 0.45625 0.4125 0.3921875000000001 0.4125 0.3921875000000001 0.4421875 0.45625 0.4421875
0 0.5328125 0.415625 0.4796875 0.415625 0.4796875 0.4390625 0.5328125 0.4390625
0 0.653125 0.415625 0.553125 0.415625 0.553125 0.4484375 0.653125 0.4484375
0 0.715625 0.4140625 0.6765625 0.4140625 0.6765625 0.440625 0.715625 0.440625
0 0.834375 0.41718750000000016 0.7421875 0.41718750000000016 0.7421875 0.4500000000000002 0.834375 0.4500000000000002
0 0.8453125 0.4390625000000002 0.840625 0.4390625000000002 0.840625 0.4421875000000002 0.8453125 0.4421875000000002
0 0.24218750000000008 0.4671875 0.15625000000000006 0.4671875 0.15625000000000006 0.4921875 0.24218750000000008 0.4921875
0 0.3109375000000001 0.4734375 0.2453125000000001 0.4734375 0.2453125000000001 0.49375 0.3109375000000001 0.49375
0 0.3750000000000001 0.4671875 0.3375000000000001 0.4671875 0.3375000000000001 0.4953125 0.3750000000000001 0.4953125
0 0.4453125 0.478125 0.3921875000000001 0.478125 0.3921875000000001 0.5015625 0.4453125 0.5015625
0 0.51875 0.4625 0.471875 0.4625 0.471875 0.4953125 0.51875 0.4953125
0 0.5796875 0.4625 0.5375 0.4625 0.5375 0.4921875 0.5796875 0.4921875
0 0.6296875 0.4640625 0.596875 0.4640625 0.596875 0.49375 0.6296875 0.49375
0 0.6984375 0.4625 0.653125 0.4625 0.653125 0.496875 0.6984375 0.496875
0 0.7875 0.48125000000000007 0.721875 0.48125 0.721875 0.4953125000000001 0.7875 0.49531250000000016
0 0.828125 0.46093750000000017 0.80625 0.46093750000000017 0.80625 0.4906250000000002 0.828125 0.4906250000000002
0 0.88125 0.4625000000000002 0.846875 0.4625000000000002 0.846875 0.4906250000000002 0.88125 0.4906250000000002
0 0.2500000000000001 0.5125 0.14218750000000005 0.5125 0.14218750000000008 0.553125 0.2500000000000001 0.553125
0 0.3812500000000001 0.5265625 0.2750000000000001 0.5265625 0.2750000000000001 0.54375 0.3812500000000001 0.54375
0 0.3921875000000001 0.540625 0.3859375000000001 0.540625 0.3859375000000001 0.55 0.3921875000000001 0.55
0 0.4765625 0.515625 0.4125 0.515625 0.4125 0.5484375 0.4765625 0.5484375
0 0.5171875 0.5265625 0.4921875 0.5265625 0.4921875 0.540625 0.5171875 0.540625
0 0.55625 0.5359375 0.5390625 0.5359375 0.5390625 0.54375 0.55625 0.54375
0 0.63125 0.525 0.575 0.525 0.575 0.54375 0.63125 0.54375
0 0.7859375 0.51875 0.6484375 0.51875 0.6484375 0.5531250000000001 0.7859375 0.5531250000000002
0 0.83125 0.5265625000000002 0.7953125 0.5265625000000002 0.7953125 0.5437500000000002 0.83125 0.5437500000000002
0 0.1609375000000001 0.56875 0.1531250000000001 0.56875 0.1531250000000001 0.5828125 0.1609375000000001 0.5828125
0 0.2312500000000001 0.571875 0.1671875000000001 0.571875 0.1671875000000001 0.59375 0.2312500000000001 0.59375
0 0.27031250000000007 0.5703125 0.2484375000000001 0.5703125 0.2484375000000001 0.596875 0.27031250000000007 0.596875
0 0.3359375000000001 0.565625 0.2953125000000001 0.565625 0.2953125000000001 0.5921875 0.3359375000000001 0.5921875
0 0.3515625000000001 0.565625 0.3437500000000001 0.565625 0.3437500000000001 0.5734375 0.3515625000000001 0.5734375
0 0.3843750000000001 0.5703125 0.3734375000000001 0.5703125 0.3734375000000001 0.59375 0.3843750000000001 0.59375
0 0.4671875 0.5734375 0.38750000000000007 0.5734375 0.38750000000000007 0.59375 0.4671875 0.59375
0 0.5671875 0.571875 0.4765625 0.571875 0.4765625 0.5953125 0.5671875 0.5953125
0 0.578125 0.59375 0.5734375 0.59375 0.5734375 0.6 0.578125 0.6
0 0.609375 0.5765625 0.6015625 0.5765625 0.6015625 0.5828125 0.609375 0.5828125
0 0.640625 0.5765625 0.6140625 0.5765625 0.6140625 0.59375 0.640625 0.59375
0 0.646875 0.5765625 0.6453125 0.5765625 0.6453125 0.5828125 0.646875 0.5828125
0 0.6671875 0.5703125 0.65625 0.5703125 0.65625 0.6 0.6671875 0.6
0 0.6734375 0.5921875 0.671875 0.5921875 0.671875 0.59375 0.6734375 0.59375