0 0.17187500000000006 0.2140625 0.14062500000000006 0.2140625 0.14062500000000006 0.2359375 0.17187500000000006 0.2359375
0 0.26875 0.2171875 0.18593750000000003 0.2171875 0.18593750000000003 0.24375 0.26875 0.24375
0 0.3640625 0.21250000000000005 0.2875 0.2125 0.2875 0.23906250000000004 0.3640625 0.2390625000000001
0 0.39375 0.2171875000000001 0.3859375 0.2171875000000001 0.3859375 0.2218750000000001 0.39375 0.2218750000000001
0 0.4875 0.21250000000000008 0.390625 0.21250000000000008 0.390625 0.2375000000000001 0.4875 0.2375000000000001
0 0.528125 0.21250000000000008 0.4984375 0.21250000000000008 0.4984375 0.23437500000000008 0.528125 0.23437500000000008
0 0.584375 0.22031250000000008 0.5421875 0.22031250000000008 0.5421875 0.2328125000000001 0.584375 0.2328125000000001
0 0.5953125 0.2250000000000001 0.5890625 0.2250000000000001 0.5890625 0.23437500000000008 0.5953125 0.23437500000000008
0 0.615625 0.22031250000000008 0.59375 0.22031250000000008 0.59375 0.24375000000000008 0.615625 0.24375000000000008
0 0.6453125 0.21875000000000008 0.6375 0.21875000000000008 0.6375 0.2250000000000001 0.6453125 0.2250000000000001
0 0.684375 0.22031250000000008 0.6484375 0.22031250000000008 0.6484375 0.23593750000000008 0.684375 0.23593750000000008
0 0.721875 0.2156250000000001 0.6984375 0.2156250000000001 0.6984375 0.2328125000000001 0.721875 0.2328125000000001
0 0.8203125 0.2156250000000001 0.734375 0.2156250000000001 0.734375 0.23437500000000008 0.8203125 0.23437500000000008
0 0.828125 0.23437500000000008 0.821875 0.23437500000000008 0.821875 0.2406250000000001 0.828125 0.2406250000000001
0 0.85 0.21875000000000008 0.8359375 0.21875000000000008 0.8359375 0.22656250000000008 0.85 0.22656250000000008
0 0.14531250000000004 0.2625 0.13593750000000004 0.2625 0.13593750000000004 0.26875 0.14531250000000004 0.26875
0 0.278125 0.26875 0.14375000000000004 0.26875 0.14375000000000004 0.284375 0.278125 0.284375
0 0.3390625 0.2640625 0.2890625 0.2640625 0.2890625 0.2875 0.3390625 0.2875
0 0.346875 0.2796875 0.340625 0.2796875 0.340625 0.2859375 0.346875 0.2859375
0 0.3609375 0.2640625 0.353125 0.2640625 0.353125 0.2703125 0.3609375 0.2703125
0 0.3921875 0.2671875000000001 0.38125 0.2671875000000001 0.38125 0.2750000000000001 0.3921875 0.2750000000000001
0 0.53125 0.2656250000000001 0.4 0.2656250000000001 0.4 0.2906250000000001 0.53125 0.2906250000000001
0 0.534375 0.2718750000000001 0.5296875 0.2718750000000001 0.5296875 0.2765625000000001 0.534375 0.2765625000000001
0 0.603125 0.27031250000000007 0.55625 0.27031250000000007 0.55625 0.2906250000000001 0.603125 0.2906250000000001
0 0.6296875 0.2718750000000001 0.6203125 0.2718750000000001 0.6203125 0.27812500000000007 0.6296875 0.27812500000000007
0 0.7109375 0.2640625000000001 0.6390625 0.2640625000000001 0.6390625 0.3046875000000001 0.7109375 0.3046875000000001
0 0.7703125 0.2687500000000001 0.728125 0.2687500000000001 0.728125 0.2843750000000001 0.7703125 0.2843750000000001
0 0.775 0.2828125000000001 0.771875 0.2828125000000001 0.771875 0.2843750000000001 0.775 0.2843750000000001
0 0.7953125 0.2687500000000001 0.7828125 0.2687500000000001 0.7828125 0.2750000000000001 0.7953125 0.2750000000000001
0 0.15937500000000004 0.315625 0.12968750000000004 0.315625 0.12968750000000004 0.34375 0.15937500000000004 0.34375
0 0.2453125 0.31875 0.17343750000000005 0.31875 0.17343750000000005 0.34375 0.2453125 0.34375
0 0.3046875 0.315625 0.2578125 0.315625 0.2578125 0.334375 0.3046875 0.334375
0 0.334375 0.31875 0.3203125 0.31875 0.3203125 0.340625 0.334375 0.340625
0 0.35625 0.3203125 0.3484375 0.3203125 0.3484375 0.325 0.35625 0.325
0 0.3875 0.3187500000000001 0.365625 0.3187500000000001 0.365625 0.33281250000000007 0.3875 0.33281250000000007
0 0.465625 0.3156250000000001 0.403125 0.3156250000000001 0.403125 0.3453125000000001 0.465625 0.3453125000000001
0 0.525 0.3156250000000001 0.4828125 0.3156250000000001 0.4828125 0.3343750000000001 0.525 0.3343750000000001
0 0.5375 0.32500000000000007 0.5296875 0.32500000000000007 0.5296875 0.3343750000000001 0.5375 0.3343750000000001
0 0.5546875 0.3187500000000001 0.5453125 0.3187500000000001 0.5453125 0.32500000000000007 0.5546875 0.32500000000000007
0 0.6359375 0.3109375000000001 0.5703125 0.3109375000000001 0.5703125 0.3343750000000001 0.6359375 0.3343750000000001
0 0.6484375 0.3359375000000001 0.6421875 0.3359375000000001 0.6421875 0.3437500000000001 0.6484375 0.3437500000000001
0 0.7140625 0.3203125000000001 0.671875 0.3203125000000001 0.671875 0.3359375000000001 0.7140625 0.3359375000000001
0 0.7703125 0.3265625000000001 0.7234375 0.3265625000000001 0.7234375 0.3453125000000001 0.7703125 0.3453125000000001
0 0.78125 0.3140625000000001 0.771875 0.3140625000000001 0.771875 0.3375000000000001 0.78125 0.3375000000000001
0 0.8 0.3312500000000001 0.796875 0.3312500000000001 0.796875 0.3343750000000001 0.8 0.3343750000000001
0 0.15781250000000005 0.359375 0.12343750000000005 0.359375 0.12343750000000005 0.384375 0.15781250000000005 0.384375
0 0.24218750000000008 0.365625 0.17968750000000006 0.365625 0.17968750000000006 0.4015625 0.24218750000000008 0.4015625
0 0.28593750000000007 0.365625 0.2562500000000001 0.365625 0.2562500000000001 0.3859375 0.28593750000000007 0.3859375
0 0.40625 0.37187500000000007 0.2968750000000001 0.371875 0.2968750000000001 0.39843750000000006 0.40625 0.3984375000000001
0 0.4953125 0.3625000000000001 0.425 0.3625000000000001 0.425 0.3828125000000001 0.4953125 0.3828125000000001
0 0.5328125 0.3625000000000001 0.5125 0.3625000000000001 0.5125 0.3828125000000001 0.5328125 0.3828125000000001
0 0.5625 0.3765625000000001 0.55 0.3765625000000001 0.55 0.3828125000000001 0.5625 0.3828125000000001
0 0.621875 0.3765625000000001 0.5765625 0.3765625000000001 0.5765625 0.3906250000000001 0.621875 0.3906250000000001
0 0.703125 0.3671875000000001 0.64375 0.3671875000000001 0.64375 0.3859375000000001 0.703125 0.3859375000000001
0 0.7734375 0.36406250000000007 0.7171875 0.36406250000000007 0.7171875 0.3984375000000001 0.7734375 0.3984375000000001
0 0.8765625 0.37187500000000007 0.79375 0.37187500000000007 0.79375 0.3890625000000001 0.8765625 0.3890625000000001
0 0.18437500000000004 0.4203125 0.13281250000000006 0.4203125 0.13281250000000006 0.4390625 0.18437500000000004 0.4390625
0 0.2140625000000001 0.428125 0.20312500000000008 0.428125 0.20312500000000008 0.4375 0.2140625000000001 0.4375
0 0.3031250000000001 0.4171875 0.23593750000000008 0.4171875 0.23593750000000008 0.4375 0.3031250000000001 0.4375
0 0.3843750000000001 0.415625 0.32500000000000007 0.415625 0.32500000000000007 0.4375 0.3843750000000001 0.4375
0 0.3968750000000001 0.434375 0.3937500000000001 0.434375 0.3937500000000001 0.4359375 0.3968750000000001 0.4359375
0 0.19843750000000004 0.471875 0.13125000000000003 0.471875 0.13125000000000003 0.4875 0.19843750000000004 0.4875
0 0.2921875000000001 0.46875 0.22031250000000008 0.46875 0.22031250000000008 0.496875 0.2921875000000001 0.496875
0 0.3671875000000001 0.46875 0.3218750000000001 0.46875 0.3218750000000001 0.4859375 0.3671875000000001 0.4859375
0 0.4046875 0.4734375 0.3828125000000001 0.4734375 0.3828125000000001 0.4890625 0.4046875 0.4890625
0 0.553125 0.4671875 0.4234375 0.4671875 0.4234375 0.5 0.553125 0.5
0 0.5859375 0.475 0.56875 0.475 0.56875 0.4921875 0.5859375 0.4921875
0 0.703125 0.4671875 0.603125 0.4671875 0.603125 0.5 0.703125 0.5
0 0.7375 0.4734375000000002 0.728125 0.4734375000000002 0.728125 0.47968750000000016 0.7375 0.47968750000000016
0 0.8390625 0.46875000000000017 0.74375 0.46875000000000017 0.74375 0.49218750000000017 0.8390625 0.49218750000000017
0 0.8453125 0.4734375000000002 0.840625 0.4734375000000002 0.840625 0.4781250000000002 0.8453125 0.4781250000000002
0 0.14687500000000003 0.5140625 0.13593750000000004 0.5140625 0.13593750000000004 0.53125 0.14687500000000003 0.53125
0 0.2015625000000001 0.51875 0.15312500000000004 0.51875 0.15312500000000004 0.5359375 0.2015625000000001 0.5359375
0 0.21875000000000008 0.534375 0.21093750000000008 0.534375 0.21093750000000008 0.5453125 0.21875000000000008 0.5453125
0 0.2890625000000001 0.525 0.23593750000000008 0.525 0.23593750000000008 0.5390625 0.2890625000000001 0.5390625
0 0.3109375000000001 0.515625 0.2984375000000001 0.515625 0.2984375000000001 0.5359375 0.3109375000000001 0.5359375
0 0.3218750000000001 0.534375 0.3187500000000001 0.534375 0.3187500000000001 0.5375 0.3218750000000001 0.5375