0 0.14375000000000004 0.253125 0.13593750000000004 0.253125 0.13593750000000004 0.259375 0.14375000000000004 0.259375
0 0.18593750000000003 0.2515625 0.15000000000000005 0.2515625 0.15000000000000005 0.2796875 0.18593750000000003 0.2796875
0 0.2046875 0.25625 0.19062500000000004 0.25625 0.19062500000000004 0.2796875 0.2046875 0.2796875
0 0.278125 0.25625 0.2328125 0.25625 0.2328125 0.28125 0.278125 0.28125
0 0.384375 0.26250000000000007 0.3046875 0.2625 0.3046875 0.2828125 0.384375 0.2828125000000001
0 0.446875 0.2687500000000001 0.3984375 0.2687500000000001 0.3984375 0.2984375000000001 0.446875 0.2984375000000001
0 0.5265625 0.2640625000000001 0.4828125 0.2640625000000001 0.4828125 0.2812500000000001 0.5265625 0.2812500000000001
0 0.5546875 0.27031250000000007 0.5421875 0.27031250000000007 0.5421875 0.2812500000000001 0.5546875 0.2812500000000001
0 0.63125 0.2656250000000001 0.575 0.2656250000000001 0.575 0.2812500000000001 0.63125 0.2812500000000001
0 0.6734375 0.2750000000000001 0.6578125 0.2750000000000001 0.6578125 0.2812500000000001 0.6734375 0.2812500000000001
0 0.7046875 0.2687500000000001 0.690625 0.2687500000000001 0.690625 0.2828125000000001 0.7046875 0.2828125000000001
0 0.7140625 0.2640625000000001 0.70625 0.2640625000000001 0.70625 0.2875000000000001 0.7140625 0.2875000000000001
0 0.71875 0.2656250000000001 0.715625 0.2656250000000001 0.715625 0.2687500000000001 0.71875 0.2687500000000001
0 0.7671875 0.2656250000000001 0.725 0.2656250000000001 0.725 0.2828125000000001 0.7671875 0.2828125000000001
0 0.8375 0.26250000000000007 0.7859375 0.26250000000000007 0.7859375 0.2812500000000001 0.8375 0.2812500000000001
0 0.8453125 0.2812500000000001 0.84375 0.2812500000000001 0.84375 0.2812500000000001 0.8453125 0.2812500000000001
0 0.8828125 0.2656250000000001 0.853125 0.2656250000000001 0.853125 0.2812500000000001 0.8828125 0.2812500000000001
0 0.2 0.3125 0.12968750000000004 0.3125 0.12968750000000004 0.3359375 0.2 0.3359375
0 0.30625 0.3125 0.2390625 0.3125 0.2390625 0.3453125 0.30625 0.3453125
0 0.3859375 0.31718750000000007 0.3421875 0.3171875 0.3421875 0.33281250000000007 0.3859375 0.33281250000000007
0 0.4109375 0.3140625000000001 0.4046875 0.3140625000000001 0.4046875 0.3187500000000001 0.4109375 0.3187500000000001
0 0.4625 0.3156250000000001 0.4171875 0.3156250000000001 0.4171875 0.3390625000000001 0.4625 0.3390625000000001
0 0.5734375 0.3156250000000001 0.4796875 0.3156250000000001 0.4796875 0.33281250000000007 0.5734375 0.33281250000000007
0 0.5796875 0.31718750000000007 0.5765625 0.31718750000000007 0.5765625 0.3218750000000001 0.5796875 0.3218750000000001
0 0.5828125 0.3312500000000001 0.58125 0.3312500000000001 0.58125 0.33281250000000007 0.5828125 0.33281250000000007
0 0.634375 0.3156250000000001 0.5984375 0.3156250000000001 0.5984375 0.33281250000000007 0.634375 0.33281250000000007
0 0.7 0.3218750000000001 0.6546875 0.3218750000000001 0.6546875 0.33281250000000007 0.7 0.33281250000000007
0 0.7390625 0.3156250000000001 0.725 0.3156250000000001 0.725 0.3312500000000001 0.7390625 0.3312500000000001
0 0.8265625 0.3218750000000001 0.75625 0.3218750000000001 0.75625 0.3437500000000001 0.8265625 0.3437500000000001
0 0.840625 0.3312500000000001 0.8359375 0.3312500000000001 0.8359375 0.3375000000000001 0.840625 0.3375000000000001
0 0.875 0.3218750000000001 0.8609375 0.3218750000000001 0.8609375 0.3296875000000001 0.875 0.3296875000000001
0 0.20000000000000004 0.3625 0.12812500000000004 0.3625 0.12812500000000004 0.3890625 0.2000000000000001 0.3890625
0 0.2875000000000001 0.3640625 0.22031250000000008 0.3640625 0.22031250000000008 0.39375 0.2875000000000001 0.39375
0 0.3656250000000001 0.37187500000000007 0.31718750000000007 0.371875 0.31718750000000007 0.39375000000000004 0.3656250000000001 0.3937500000000001
0 0.503125 0.3671875000000001 0.3968750000000001 0.3671875000000001 0.3968750000000001 0.3937500000000001 0.503125 0.3937500000000001
0 0.5546875 0.3687500000000001 0.53125 0.3687500000000001 0.53125 0.39531250000000007 0.5546875 0.39531250000000007
0 0.6328125 0.3671875000000001 0.5734375 0.3671875000000001 0.5734375 0.3843750000000001 0.6328125 0.3843750000000001
0 0.70625 0.3656250000000001 0.6625 0.3656250000000001 0.6625 0.3828125000000001 0.70625 0.3828125000000001
0 0.7359375 0.36406250000000007 0.725 0.36406250000000007 0.725 0.3812500000000001 0.7359375 0.3812500000000001
0 0.8046875 0.3656250000000001 0.7421875 0.3656250000000001 0.7421875 0.3937500000000001 0.8046875 0.3937500000000001
0 0.8140625 0.3671875000000001 0.8046875 0.3671875000000001 0.8046875 0.3859375000000001 0.8140625 0.3859375000000001
0 0.8265625 0.3812500000000001 0.825 0.3812500000000001 0.825 0.3828125000000001 0.8265625 0.3828125000000001
0 0.9296875 0.36406250000000007 0.834375 0.36406250000000007 0.834375 0.3859375000000001 0.9296875 0.3859375000000001
0 0.19843750000000004 0.4140625 0.13125000000000003 0.4140625 0.13125000000000003 0.434375 0.19843750000000004 0.434375
0 0.28593750000000007 0.4140625 0.22812500000000008 0.4140625 0.22812500000000008 0.4328125 0.28593750000000007 0.4328125
0 0.2953125000000001 0.43125 0.2921875000000001 0.43125 0.2921875000000001 0.4375 0.2953125000000001 0.4375
0 0.3343750000000001 0.41875 0.3078125000000001 0.41875 0.3078125000000001 0.4390625 0.3343750000000001 0.4390625
0 0.36406250000000007 0.4265625 0.3546875000000001 0.4265625 0.3546875000000001 0.4453125 0.36406250000000007 0.4453125
0 0.4296875 0.41875 0.3656250000000001 0.41875 0.3656250000000001 0.4359375 0.4296875 0.4359375
0 0.4796875 0.41875 0.4546875 0.41875 0.4546875 0.4328125 0.4796875 0.4328125
0 0.53125 0.4140625 0.4984375 0.4140625 0.4984375 0.434375 0.53125 0.434375
0 0.6578125 0.425 0.5609375 0.425 0.5609375 0.4453125 0.6578125 0.4453125
0 0.70625 0.4234375 0.678125 0.4234375 0.678125 0.440625 0.70625 0.440625
0 0.75625 0.4218750000000001 0.7234375 0.421875 0.7234375 0.4375000000000001 0.75625 0.43750000000000017
0 0.8203125 0.4187500000000002 0.775 0.4187500000000002 0.775 0.43281250000000016 0.8203125 0.43281250000000016
0 0.909375 0.41718750000000016 0.8359375 0.41718750000000016 0.8359375 0.44843750000000016 0.909375 0.44843750000000016
0 0.17656250000000004 0.4671875 0.13437500000000005 0.4671875 0.13437500000000005 0.4828125 0.17656250000000004 0.4828125
0 0.2578125000000001 0.465625 0.2015625000000001 0.465625 0.2015625000000001 0.484375 0.2578125000000001 0.484375
0 0.3625000000000001 0.46875 0.27812500000000007 0.46875 0.27812500000000007 0.4859375 0.3625000000000001 0.4859375
0 0.3984375000000001 0.465625 0.3921875000000001 0.465625 0.3921875000000001 0.4703125 0.3984375000000001 0.4703125
0 0.484375 0.46875 0.4078125 0.46875 0.4078125 0.4953125 0.484375 0.4953125
0 0.540625 0.4703125 0.5015625 0.4703125 0.5015625 0.4859375 0.540625 0.4859375
0 0.628125 0.4703125 0.571875 0.4703125 0.571875 0.5 0.628125 0.5
0 0.6375 0.4703125 0.63125 0.4703125 0.63125 0.4765625 0.6375 0.4765625
0 0.6609375 0.4703125 0.6546875 0.4703125 0.6546875 0.4828125 0.6609375 0.4828125
0 0.70625 0.4703125 0.665625 0.4703125 0.665625 0.4828125 0.70625 0.4828125
0 0.7140625 0.4703125 0.7078125 0.4703125 0.7078125 0.4859375 0.7140625 0.4859375
0 0.721875 0.4828125 0.7203125 0.4828125 0.7203125 0.484375 0.721875 0.484375
0 0.784375 0.4703125000000002 0.734375 0.4703125000000002 0.734375 0.4906250000000002 0.784375 0.4906250000000002
0 0.8390625 0.47187500000000016 0.80625 0.47187500000000016 0.80625 0.48437500000000017 0.8390625 0.48437500000000017
0 0.91875 0.4734375000000002 0.86875 0.4734375000000002 0.86875 0.49531250000000016 0.91875 0.49531250000000016
0 0.16718750000000004 0.51875 0.12812500000000004 0.51875 0.12812500000000004 0.534375 0.16718750000000004 0.534375
0 0.2140625000000001 0.5203125 0.18593750000000003 0.5203125 0.18593750000000003 0.5375 0.2140625000000001 0.5375
0 0.3453125000000001 0.5171875 0.2375000000000001 0.5171875 0.2375000000000001 0.54375 0.3453125000000001 0.54375
0 0.3515625000000001 0.5359375 0.34843750000000007 0.5359375 0.34843750000000007 0.540625 0.3515625000000001 0.540625
0 0.4390625 0.521875 0.3734375000000001 0.521875 0.3734375000000001 0.55 0.4390625 0.55
0 0.5234375 0.515625 0.4671875 0.515625 0.4671875 0.534375 0.5234375 0.534375
0 0.575 0.51875 0.55625 0.51875 0.55625 0.534375 0.575 0.534375
0 0.65625 0.51875 0.590625 0.51875 0.590625 0.5359375 0.65625 0.5359375
0 0.69375 0.5171875 0.6875 0.5171875 0.6875 0.5234375 0.69375 0.5234375
0 0.7515625 0.51875 0.7046875 0.51875 0.7046875 0.5421875 0.7515625 0.5421875000000002
0 0.8046875 0.5171875000000001 0.765625 0.5171875000000001 0.765625 0.5312500000000002 0.8046875 0.5312500000000002
0 0.8640625 0.5187500000000002 0.8203125 0.5187500000000002 0.8203125 0.5437500000000002 0.8640625 0.5437500000000002
0 0.8703125 0.5171875000000001 0.8640625 0.5171875000000001 0.8640625 0.5234375000000002 0.8703125 0.5234375000000002
0 0.9234375 0.5203125000000002 0.8890625 0.5203125000000002 0.8890625 0.5328125000000001 0.9234375 0.5328125000000001
0 0.1937500000000001 0.5671875 0.12343750000000009 0.5671875 0.12343750000000009 0.5859375 0.1937500000000001 0.5859375
0 0.2250000000000001 0.565625 0.2171875000000001 0.565625 0.2171875000000001 0.5734375 0.2250000000000001 0.5734375
0 0.3234375000000001 0.5703125 0.2328125000000001 0.5703125 0.2328125000000001 0.5875 0.3234375000000001 0.5875
0 0.415625 0.56875 0.34062500000000007 0.56875 0.34062500000000007 0.59375 0.415625 0.59375
0 0.421875 0.584375 0.41875 0.584375 0.41875 0.5875 0.421875 0.5875
0 0.4328125 0.565625 0.4265625 0.565625 0.4265625 0.5703125 0.4328125 0.5703125
0 0.515625 0.5671875 0.4546875 0.5671875 0.4546875 0.584375 0.515625 0.584375
0 0.553125 0.5734375 0.5359375 0.5734375 0.5359375 0.5859375 0.553125 0.5859375
0 0.6328125 0.575 0.5703125 0.575 0.5703125 0.603125 0.6328125 0.603125
0 0.6875 0.5671875 0.6671875 0.5671875 0.6671875 0.5828125 0.6875 0.5828125
0 0.7296875 0.5750000000000001 0.703125 0.575 0.703125 0.6015625000000001 0.7296875 0.6015625000000002
0 0.784375 0.5718750000000001 0.7453125 0.5718750000000001 0.7453125 0.5859375000000002 0.784375 0.5859375000000002
0 0.903125 0.5703125000000002 0.7953125 0.5703125000000002 0.7953125 0.5937500000000002 0.903125 0.5937500000000002
0 0.1531250000000001 0.615625 0.1296875000000001 0.615625 0.1296875000000001 0.63125 0.1531250000000001 0.63125
0 0.16406250000000008 0.634375 0.1625000000000001 0.634375 0.1625000000000001 0.640625 0.16406250000000008 0.640625
0 0.2234375000000001 0.61875 0.18125000000000008 0.61875 0.18125000000000008 0.6421875 0.2234375000000001 0.6421875
0 0.2828125000000001 0.621875 0.2531250000000001 0.621875 0.2531250000000001 0.6359375 0.2828125000000001 0.6359375
0 0.3593750000000001 0.6234375 0.3046875000000001 0.6234375 0.3046875000000001 0.653125 0.3593750000000001 0.653125
0 0.484375 0.6203125 0.3859375000000001 0.6203125 0.3859375000000001 0.646875 0.484375 0.646875
0 0.5625 0.6265625 0.5203125 0.6265625 0.5203125 0.6359375 0.5625 0.6359375
0 0.56875 0.6328125 0.565625 0.6328125 0.565625 0.634375 0.56875 0.634375