0 0.2609375 0.2 0.15468750000000003 0.2 0.15468750000000003 0.2296875 0.2609375 0.2296875
0 0.2859375 0.215625 0.28125 0.215625 0.28125 0.2296875 0.2859375 0.2296875
0 0.34375 0.203125 0.3078125 0.203125 0.3078125 0.23125 0.34375 0.23125
0 0.38125 0.20468750000000008 0.375 0.20468750000000008 0.375 0.2140625000000001 0.38125 0.2140625000000001
0 0.4625 0.2078125000000001 0.396875 0.2078125000000001 0.396875 0.22812500000000008 0.4625 0.22812500000000008
0 0.484375 0.20468750000000008 0.475 0.20468750000000008 0.475 0.2171875000000001 0.484375 0.2171875000000001
0 0.59375 0.2062500000000001 0.503125 0.2062500000000001 0.503125 0.2296875000000001 0.59375 0.2296875000000001
0 0.74375 0.2062500000000001 0.6265625 0.2062500000000001 0.6265625 0.2562500000000001 0.74375 0.2562500000000001
0 0.7140625 0.2078125000000001 0.709375 0.2078125000000001 0.709375 0.21250000000000008 0.7140625 0.21250000000000008
0 0.23125 0.2515625 0.13750000000000004 0.2515625 0.13750000000000004 0.278125 0.23125 0.278125
0 0.3609375 0.25 0.2609375 0.25 0.2609375 0.278125 0.3609375 0.278125
0 0.440625 0.2515625000000001 0.3953125 0.2515625000000001 0.3953125 0.2750000000000001 0.440625 0.2750000000000001
0 0.48125 0.2640625000000001 0.4640625 0.2640625000000001 0.4640625 0.27812500000000007 0.48125 0.27812500000000007
0 0.54375 0.25468750000000007 0.5046875 0.25468750000000007 0.5046875 0.30156250000000007 0.54375 0.30156250000000007
0 0.659375 0.2656250000000001 0.5765625 0.2656250000000001 0.5765625 0.2812500000000001 0.659375 0.2812500000000001
0 0.709375 0.2671875000000001 0.678125 0.2671875000000001 0.678125 0.27812500000000007 0.709375 0.27812500000000007
0 0.8625 0.2531250000000001 0.734375 0.2531250000000001 0.734375 0.2843750000000001 0.8625 0.2843750000000001
0 0.15156250000000004 0.3015625 0.14062500000000006 0.3015625 0.14062500000000006 0.3140625 0.15156250000000004 0.3140625
0 0.2515625 0.3 0.16250000000000003 0.3 0.16250000000000003 0.3265625 0.2515625 0.3265625
0 0.315625 0.3046875 0.2734375 0.3046875 0.2734375 0.328125 0.315625 0.328125
0 0.33125 0.303125 0.3234375 0.303125 0.3234375 0.3171875 0.33125 0.3171875
0 0.4046875 0.30312500000000003 0.3421875 0.303125 0.3421875 0.32500000000000007 0.4046875 0.32500000000000007
0 0.5265625 0.3031250000000001 0.4328125 0.3031250000000001 0.4328125 0.3515625000000001 0.5265625 0.3515625000000001
0 0.575 0.31718750000000007 0.5375 0.31718750000000007 0.5375 0.3296875000000001 0.575 0.3296875000000001
0 0.6203125 0.3156250000000001 0.6 0.3156250000000001 0.6 0.3312500000000001 0.6203125 0.3312500000000001
0 0.759375 0.30156250000000007 0.65625 0.30156250000000007 0.65625 0.3281250000000001 0.759375 0.3281250000000001
0 0.784375 0.3203125000000001 0.7734375 0.3203125000000001 0.7734375 0.3375000000000001 0.784375 0.3375000000000001
0 0.259375 0.35 0.13750000000000004 0.35 0.13750000000000004 0.4015625 0.2593750000000001 0.4015625
0 0.3765625 0.353125 0.2953125 0.353125 0.29531250000000003 0.39375000000000004 0.3765625000000001 0.3937500000000001
0 0.4703125 0.3546875000000001 0.4 0.3546875000000001 0.4 0.39531250000000007 0.4703125 0.39531250000000007
0 0.528125 0.3609375000000001 0.5015625 0.3609375000000001 0.5015625 0.37187500000000007 0.528125 0.37187500000000007
0 0.575 0.3593750000000001 0.55625 0.3593750000000001 0.55625 0.37187500000000007 0.575 0.37187500000000007
0 0.6640625 0.3515625000000001 0.5921875 0.3515625000000001 0.5921875 0.409375 0.6640625 0.409375
0 0.734375 0.35625000000000007 0.7015625 0.35625000000000007 0.7015625 0.4093750000000001 0.734375 0.40937500000000016
0 0.8671875 0.3578125000000001 0.7625 0.3578125000000001 0.7625 0.4000000000000002 0.8671875 0.4000000000000002
0 0.22812500000000008 0.4 0.13125000000000003 0.4 0.13125000000000003 0.4328125 0.22812500000000008 0.4328125
0 0.2687500000000001 0.4265625 0.2593750000000001 0.4265625 0.2593750000000001 0.44375 0.2687500000000001 0.44375
0 0.2984375000000001 0.4046875 0.2875000000000001 0.4046875 0.2875000000000001 0.421875 0.2984375000000001 0.421875
0 0.3546875000000001 0.4 0.3109375000000001 0.4 0.3109375000000001 0.43125 0.3546875000000001 0.43125
0 0.4921875 0.4 0.38750000000000007 0.4 0.38750000000000007 0.4296875 0.4921875 0.4296875
0 0.5046875 0.4 0.5015625 0.4 0.5015625 0.4125 0.5046875 0.4125
0 0.515625 0.4 0.50625 0.4 0.50625 0.428125 0.515625 0.428125
0 0.5734375 0.403125 0.546875 0.403125 0.546875 0.428125 0.5734375 0.428125
0 0.715625 0.403125 0.609375 0.403125 0.609375 0.4390625 0.715625 0.4390625
0 0.9 0.4046875000000002 0.7609375 0.4046875000000002 0.7609375 0.4421875000000002 0.9 0.4421875000000002
0 0.17656250000000004 0.4578125 0.14218750000000005 0.4578125 0.14218750000000005 0.5046875 0.17656250000000004 0.5046875
0 0.3437500000000001 0.453125 0.23437500000000008 0.453125 0.23437500000000008 0.4828125 0.3437500000000001 0.4828125
0 0.5046875 0.4546875 0.3734375000000001 0.4546875 0.3734375000000001 0.48125 0.5046875 0.48125
0 0.5234375 0.4796875 0.515625 0.4796875 0.515625 0.496875 0.5234375 0.496875
0 0.6109375 0.453125 0.5609375 0.453125 0.5609375 0.478125 0.6109375 0.478125
0 0.6203125 0.4765625 0.6140625 0.4765625 0.6140625 0.4890625 0.6203125 0.4890625
0 0.703125 0.4546875 0.6359375 0.4546875 0.6359375 0.4828125 0.703125 0.4828125
0 0.840625 0.4531250000000001 0.721875 0.453125 0.721875 0.5046875000000001 0.840625 0.5046875000000002
0 0.3453125000000001 0.5109375 0.3125000000000001 0.5109375 0.3125000000000001 0.5546875 0.3453125000000001 0.5546875
0 0.4328125 0.5046875 0.3703125000000001 0.5046875 0.3703125000000001 0.53125 0.4328125 0.53125
0 0.5859375 0.5046875 0.4453125 0.5046875 0.4453125 0.5359375 0.5859375 0.5359375
0 0.7984375 0.5093750000000001 0.6203125 0.509375 0.6203125 0.5468750000000001 0.7984375 0.5468750000000002
0 0.2890625000000001 0.55625 0.13437500000000008 0.55625 0.13437500000000008 0.5921875 0.2890625000000001 0.5921875
0 0.3734375000000001 0.56875 0.3421875000000001 0.56875 0.3421875000000001 0.5796875 0.3734375000000001 0.5796875
0 0.440625 0.55625 0.3906250000000001 0.55625 0.3906250000000001 0.5796875 0.440625 0.5796875
0 0.5515625 0.559375 0.459375 0.559375 0.459375 0.584375 0.5515625 0.584375
0 0.65625 0.5625 0.584375 0.5625 0.584375 0.5796875 0.65625 0.5796875
0 0.790625 0.5562500000000001 0.696875 0.55625 0.696875 0.5843750000000001 0.790625 0.5843750000000002
0 0.846875 0.5718750000000001 0.825 0.5718750000000001 0.825 0.5875000000000001 0.846875 0.5875000000000001
0 0.2140625000000001 0.609375 0.1468750000000001 0.609375 0.1468750000000001 0.6546875 0.2140625000000001 0.6546875
0 0.2812500000000001 0.6046875 0.2468750000000001 0.6046875 0.2468750000000001 0.6484375 0.2812500000000001 0.6484375
0 0.403125 0.603125 0.3187500000000001 0.603125 0.3187500000000001 0.63125 0.403125 0.63125
0 0.4171875 0.6296875 0.4125 0.6296875 0.4125 0.6328125 0.4171875 0.6328125