0 0.2234375 0.2046875 0.14531250000000004 0.2046875 0.14531250000000004 0.228125 0.2234375 0.228125
0 0.31875 0.2046875 0.271875 0.2046875 0.271875 0.2234375 0.31875 0.2234375
0 0.528125 0.20781250000000004 0.3625 0.2078125 0.3625 0.22968750000000004 0.528125 0.2296875000000001
0 0.621875 0.2156250000000001 0.5703125 0.2156250000000001 0.5703125 0.22656250000000008 0.621875 0.22656250000000008
0 0.8203125 0.2093750000000001 0.66875 0.2093750000000001 0.66875 0.2296875000000001 0.8203125 0.2296875000000001
0 0.2984375 0.2578125 0.14375000000000004 0.2578125 0.14375000000000004 0.2796875 0.2984375 0.2796875
0 0.4078125 0.26093750000000004 0.325 0.2609375 0.325 0.27812500000000007 0.4078125 0.27812500000000007
0 0.5109375 0.2656250000000001 0.434375 0.2656250000000001 0.434375 0.2765625000000001 0.5109375 0.2765625000000001
0 0.6875 0.2593750000000001 0.5484375 0.2593750000000001 0.5484375 0.28593750000000007 0.6875 0.28593750000000007
0 0.7515625 0.2593750000000001 0.7203125 0.2593750000000001 0.7203125 0.2765625000000001 0.7515625 0.2765625000000001
0 0.8359375 0.2609375000000001 0.8015625 0.2609375000000001 0.8015625 0.27812500000000007 0.8359375 0.27812500000000007
0 0.2609375 0.30625 0.13750000000000004 0.30625 0.13750000000000004 0.334375 0.2609375 0.334375
0 0.3671875 0.30937500000000007 0.2921875 0.309375 0.2921875 0.32812500000000006 0.3671875 0.3281250000000001
0 0.41875 0.3156250000000001 0.396875 0.3156250000000001 0.396875 0.3265625000000001 0.41875 0.3265625000000001
0 0.609375 0.30937500000000007 0.459375 0.30937500000000007 0.459375 0.3312500000000001 0.609375 0.3312500000000001
0 0.7203125 0.31718750000000007 0.6453125 0.31718750000000007 0.6453125 0.33281250000000007 0.7203125 0.33281250000000007
0 0.8578125 0.3187500000000001 0.753125 0.3187500000000001 0.753125 0.3343750000000001 0.8578125 0.3343750000000001
0 0.28906250000000006 0.3578125 0.13125000000000003 0.3578125 0.13125000000000003 0.378125 0.2890625000000001 0.378125
0 0.3062500000000001 0.375 0.30156250000000007 0.375 0.30156250000000007 0.3765625 0.3062500000000001 0.3765625
0 0.39062500000000006 0.35937500000000006 0.3453125 0.359375 0.3453125 0.38281250000000006 0.3906250000000001 0.3828125000000001
0 0.540625 0.3625000000000001 0.415625 0.3625000000000001 0.415625 0.3828125000000001 0.540625 0.3828125000000001
0 0.6078125 0.3656250000000001 0.5671875 0.3656250000000001 0.5671875 0.37968750000000007 0.6078125 0.37968750000000007
0 0.7515625 0.3625000000000001 0.640625 0.3625000000000001 0.640625 0.3859375000000001 0.7515625 0.3859375000000001
0 0.85 0.3734375000000001 0.78125 0.3734375000000001 0.78125 0.3859375000000001 0.85 0.3859375000000001
0 0.2656250000000001 0.409375 0.12656250000000005 0.409375 0.12656250000000005 0.4296875 0.2656250000000001 0.4296875
0 0.3593750000000001 0.4140625 0.3109375000000001 0.4140625 0.3109375000000001 0.4375 0.3593750000000001 0.4375
0 0.4390625 0.415625 0.3859375000000001 0.415625 0.3859375000000001 0.43125 0.4390625 0.43125
0 0.7515625 0.4203125000000001 0.484375 0.4203125 0.484375 0.4375000000000001 0.7515625 0.43750000000000017
0 0.8609375 0.4234375000000002 0.7765625 0.4234375000000002 0.7765625 0.44062500000000016 0.8609375 0.44062500000000016
0 0.17343750000000005 0.4625 0.13125000000000003 0.4625 0.13125000000000003 0.478125 0.17343750000000005 0.478125
0 0.2718750000000001 0.46875 0.20468750000000008 0.46875 0.20468750000000008 0.4796875 0.2718750000000001 0.4796875
0 0.3359375000000001 0.4625 0.2828125000000001 0.4625 0.2828125000000001 0.4828125 0.3359375000000001 0.4828125
0 0.3500000000000001 0.465625 0.3343750000000001 0.465625 0.3343750000000001 0.4828125 0.3500000000000001 0.4828125
0 0.4328125 0.4671875 0.37187500000000007 0.4671875 0.37187500000000007 0.484375 0.4328125 0.484375
0 0.5671875 0.4734375 0.453125 0.4734375 0.453125 0.4984375 0.5671875 0.4984375
0 0.6171875 0.4859375 0.5984375 0.4859375 0.5984375 0.4875 0.6171875 0.4875
0 0.66875 0.4828125 0.6453125 0.4828125 0.6453125 0.49375 0.66875 0.49375
0 0.8390625 0.4765625000000001 0.709375 0.4765625 0.709375 0.4937500000000001 0.8390625 0.4937500000000002
0 0.2734375000000001 0.5125 0.12343750000000005 0.5125 0.12343750000000005 0.534375 0.2734375000000001 0.534375
0 0.2796875000000001 0.534375 0.2750000000000001 0.534375 0.2750000000000001 0.5375 0.2796875000000001 0.5375
0 0.3125000000000001 0.515625 0.30156250000000007 0.515625 0.30156250000000007 0.521875 0.3125000000000001 0.521875
0 0.4515625 0.5203125 0.3578125000000001 0.5203125 0.3578125000000001 0.5421875 0.4515625 0.5421875
0 0.5703125 0.5265625 0.4796875 0.5265625 0.4796875 0.54375 0.5703125 0.54375
0 0.6484375 0.5296875 0.60625 0.5296875 0.60625 0.5484375 0.6484375 0.5484375
0 0.7375 0.5281250000000001 0.6765625 0.528125 0.6765625 0.5421875 0.7375 0.5421875000000002
0 0.8671875 0.5265625000000002 0.765625 0.5265625000000002 0.765625 0.5437500000000002 0.8671875 0.5437500000000002
0 0.24218750000000008 0.5625 0.1375000000000001 0.5625 0.1375000000000001 0.58125 0.24218750000000008 0.58125
0 0.3312500000000001 0.56875 0.29375000000000007 0.56875 0.29375000000000007 0.584375 0.3312500000000001 0.584375
0 0.45 0.5703125 0.37187500000000007 0.5703125 0.37187500000000007 0.5890625 0.45 0.5890625
0 0.521875 0.5765625 0.490625 0.5765625 0.490625 0.5890625 0.521875 0.5890625
0 0.6109375 0.5734375 0.55625 0.5734375 0.55625 0.5921875 0.6109375 0.5921875
0 0.8734375 0.58125 0.6671875 0.58125 0.6671875 0.6031250000000001 0.8734375 0.6031250000000001
0 0.9 0.5843750000000002 0.884375 0.5843750000000002 0.884375 0.5875000000000001 0.9 0.5875000000000001
0 0.2468750000000001 0.615625 0.1390625000000001 0.615625 0.1390625000000001 0.63125 0.2468750000000001 0.63125
0 0.4015625 0.615625 0.3000000000000001 0.615625 0.3000000000000001 0.6375 0.4015625 0.6375
0 0.478125 0.6328125 0.425 0.6328125 0.425 0.6484375 0.478125 0.6484375
0 0.6046875 0.6234375 0.50625 0.6234375 0.50625 0.646875 0.6046875 0.646875
0 0.690625 0.628125 0.634375 0.628125 0.634375 0.6453125 0.690625 0.6453125
0 0.809375 0.6328125000000001 0.7171875 0.6328125 0.7171875 0.6484375000000001 0.809375 0.6484375000000002
0 0.875 0.6328125000000002 0.8265625 0.6328125000000002 0.8265625 0.6484375000000002 0.875 0.6484375000000002
0 0.23593750000000008 0.66875 0.1390625000000001 0.66875 0.1390625000000001 0.684375 0.23593750000000008 0.684375
0 0.34843750000000007 0.6734375 0.2750000000000001 0.6734375 0.2750000000000001 0.6890625 0.34843750000000007 0.6890625
0 0.590625 0.6734375 0.409375 0.6734375 0.409375 0.6984375 0.590625 0.6984375
0 0.7859375 0.6828125 0.6421875 0.6828125 0.6421875 0.6984375 0.7859375 0.6984375000000002
0 0.7953125 0.6953125000000002 0.7921875 0.6953125000000002 0.7921875 0.6968750000000001 0.7953125 0.6968750000000001