0 0.16875000000000004 0.2015625 0.13906250000000003 0.2015625 0.13906250000000003 0.2234375 0.16875000000000004 0.2234375
0 0.18593750000000003 0.19843750000000002 0.16562500000000005 0.1984375 0.16562500000000005 0.225 0.18593750000000003 0.225
0 0.303125 0.19843750000000004 0.19375000000000003 0.19843750000000004 0.19375000000000003 0.2265625 0.303125 0.2265625
0 0.3890625 0.19687500000000005 0.325 0.19687500000000005 0.325 0.22656250000000006 0.3890625 0.22656250000000008
0 0.4359375 0.19843750000000004 0.4 0.19843750000000004 0.4 0.2296875000000001 0.4359375 0.2296875000000001
0 0.5234375 0.19687500000000005 0.4515625 0.19687500000000005 0.4515625 0.24218750000000008 0.5234375 0.24218750000000008
0 0.596875 0.2000000000000001 0.54375 0.2000000000000001 0.54375 0.22656250000000008 0.596875 0.22656250000000008
0 0.6359375 0.2000000000000001 0.615625 0.2000000000000001 0.615625 0.2250000000000001 0.6359375 0.2250000000000001
0 0.6828125 0.2000000000000001 0.65625 0.2000000000000001 0.65625 0.2218750000000001 0.6828125 0.2218750000000001
0 0.7703125 0.19687500000000008 0.69375 0.19687500000000008 0.69375 0.22656250000000008 0.7703125 0.22656250000000008
0 0.7796875 0.2218750000000001 0.7625 0.2218750000000001 0.7625 0.2375000000000001 0.7796875 0.2375000000000001
0 0.8453125 0.2000000000000001 0.7859375 0.2000000000000001 0.7859375 0.22812500000000008 0.8453125 0.22812500000000008
0 0.871875 0.2062500000000001 0.8421875 0.2062500000000001 0.8421875 0.2250000000000001 0.871875 0.2250000000000001
0 0.209375 0.2484375 0.13750000000000004 0.2484375 0.13750000000000004 0.2765625 0.209375 0.2765625
0 0.2875 0.2484375 0.2265625 0.2484375 0.2265625 0.275 0.2875 0.275
0 0.334375 0.25 0.290625 0.25 0.290625 0.278125 0.334375 0.278125
0 0.3828125 0.26250000000000007 0.3390625 0.2625 0.3390625 0.27656250000000004 0.3828125 0.2765625000000001
0 0.4828125 0.2515625000000001 0.3953125 0.2515625000000001 0.3953125 0.2906250000000001 0.4828125 0.2906250000000001
0 0.5890625 0.2500000000000001 0.4921875 0.2500000000000001 0.4921875 0.2765625000000001 0.5890625 0.2765625000000001
0 0.596875 0.2687500000000001 0.5921875 0.2687500000000001 0.5921875 0.2734375000000001 0.596875 0.2734375000000001
0 0.6453125 0.25468750000000007 0.6046875 0.25468750000000007 0.6046875 0.2765625000000001 0.6453125 0.2765625000000001
0 0.70625 0.2484375000000001 0.6515625 0.2484375000000001 0.6515625 0.28593750000000007 0.70625 0.28593750000000007
0 0.7484375 0.2515625000000001 0.71875 0.2515625000000001 0.71875 0.2765625000000001 0.7484375 0.2765625000000001
0 0.8171875 0.2453125000000001 0.74375 0.2453125000000001 0.74375 0.2906250000000001 0.8171875 0.2906250000000001
0 0.9078125 0.2531250000000001 0.828125 0.2531250000000001 0.828125 0.2875000000000001 0.9078125 0.2875000000000001
0 0.16718750000000004 0.3 0.13437500000000005 0.3 0.13437500000000005 0.3296875 0.16718750000000004 0.3296875
0 0.246875 0.296875 0.17031250000000003 0.296875 0.17031250000000003 0.334375 0.246875 0.334375
0 0.3140625 0.3046875 0.2625 0.3046875 0.2625 0.3265625 0.3140625 0.3265625
0 0.3578125 0.303125 0.3140625 0.303125 0.3140625 0.3265625 0.3578125 0.3265625
0 0.384375 0.3125000000000001 0.3671875 0.3125000000000001 0.3671875 0.32500000000000007 0.384375 0.32500000000000007
0 0.4421875 0.30156250000000007 0.3953125 0.30156250000000007 0.3953125 0.3265625000000001 0.4421875 0.3265625000000001
0 0.4859375 0.3140625000000001 0.4515625 0.3140625000000001 0.4515625 0.3281250000000001 0.4859375 0.3281250000000001
0 0.528125 0.3031250000000001 0.4890625 0.3031250000000001 0.4890625 0.3265625000000001 0.528125 0.3265625000000001
0 0.5890625 0.2984375000000001 0.546875 0.2984375000000001 0.546875 0.3343750000000001 0.5890625 0.3343750000000001
0 0.690625 0.3000000000000001 0.5828125 0.3000000000000001 0.5828125 0.3359375000000001 0.690625 0.3359375000000001
0 0.7703125 0.3000000000000001 0.7015625 0.3000000000000001 0.7015625 0.3265625000000001 0.7703125 0.3265625000000001
0 0.875 0.2953125000000001 0.7921875 0.2953125000000001 0.7921875 0.3265625000000001 0.875 0.3265625000000001
0 0.22187500000000004 0.35 0.14375000000000004 0.35 0.14375000000000004 0.378125 0.2218750000000001 0.378125
0 0.25468750000000007 0.353125 0.2265625 0.353125 0.22656250000000006 0.378125 0.25468750000000007 0.378125
0 0.26250000000000007 0.371875 0.2593750000000001 0.371875 0.2593750000000001 0.375 0.26250000000000007 0.375
0 0.29375 0.3546875 0.28125 0.3546875 0.28125 0.3625 0.29375 0.3625
0 0.321875 0.353125 0.28125 0.353125 0.28125000000000006 0.3765625 0.3218750000000001 0.3765625
0 0.38281250000000006 0.35156250000000006 0.3140625 0.3515625 0.3140625 0.3765625 0.3828125000000001 0.3765625000000001
0 0.4546875 0.3515625000000001 0.3859375 0.3515625000000001 0.38593750000000004 0.3781250000000001 0.4546875 0.3781250000000001
0 0.4859375 0.3500000000000001 0.4609375 0.3500000000000001 0.4609375 0.3765625000000001 0.4859375 0.3765625000000001
0 0.5734375 0.3500000000000001 0.5046875 0.3500000000000001 0.5046875 0.37968750000000007 0.5734375 0.37968750000000007
0 0.6390625 0.3468750000000001 0.5796875 0.3468750000000001 0.5796875 0.3765625000000001 0.6390625 0.3765625000000001
0 0.68125 0.3625000000000001 0.65 0.3625000000000001 0.65 0.3765625000000001 0.68125 0.3765625000000001
0 0.7671875 0.3500000000000001 0.678125 0.3500000000000001 0.678125 0.3781250000000001 0.7671875 0.3781250000000001
0 0.7609375 0.37187500000000007 0.7421875 0.37187500000000007 0.7421875 0.3906250000000001 0.7609375 0.3906250000000001
0 0.7984375 0.3468750000000001 0.784375 0.3468750000000001 0.784375 0.3578125000000001 0.7984375 0.3578125000000001
0 0.88125 0.36406250000000007 0.7859375 0.36406250000000007 0.7859375 0.3765625000000001 0.88125 0.3765625000000001
0 0.2000000000000001 0.396875 0.12968750000000004 0.396875 0.12968750000000004 0.453125 0.2000000000000001 0.453125
0 0.20468750000000008 0.421875 0.18750000000000006 0.421875 0.18750000000000006 0.4390625 0.20468750000000008 0.4390625
0 0.434375 0.403125 0.2218750000000001 0.403125 0.2218750000000001 0.45 0.434375 0.45
0 0.5046875 0.403125 0.4484375 0.403125 0.4484375 0.428125 0.5046875 0.428125
0 0.5421875 0.415625 0.5125 0.415625 0.5125 0.428125 0.5421875 0.428125
0 0.590625 0.403125 0.5546875 0.403125 0.5546875 0.4296875 0.590625 0.4296875
0 0.65625 0.415625 0.5984375 0.415625 0.5984375 0.428125 0.65625 0.428125
0 0.709375 0.403125 0.659375 0.403125 0.659375 0.428125 0.709375 0.428125
0 0.771875 0.3984375000000001 0.7203125 0.3984375000000001 0.7203125 0.4250000000000001 0.771875 0.42500000000000016
0 0.8125 0.41718750000000016 0.7765625 0.41718750000000016 0.7765625 0.4281250000000002 0.8125 0.4281250000000002
0 0.8828125 0.3968750000000001 0.8046875 0.3968750000000001 0.8046875 0.4468750000000002 0.8828125 0.4468750000000002
0 0.23437500000000008 0.45 0.13750000000000004 0.45 0.13750000000000004 0.4953125 0.23437500000000008 0.4953125
0 0.29375000000000007 0.4484375 0.2531250000000001 0.4484375 0.2531250000000001 0.4796875 0.29375000000000007 0.4796875
0 0.3546875000000001 0.4546875 0.28593750000000007 0.4546875 0.28593750000000007 0.4828125 0.3546875000000001 0.4828125
0 0.4125 0.4640625 0.3734375000000001 0.4640625 0.3734375000000001 0.4796875 0.4125 0.4796875
0 0.5109375 0.45 0.4203125 0.45 0.4203125 0.478125 0.5109375 0.478125
0 0.6109375 0.4625 0.5203125 0.4625 0.5203125 0.478125 0.6109375 0.478125
0 0.6796875 0.45 0.628125 0.45 0.628125 0.4875 0.6796875 0.4875
0 0.734375 0.4468750000000001 0.6828125 0.446875 0.6828125 0.4765625000000001 0.734375 0.47656250000000017
0 0.728125 0.4750000000000002 0.7265625 0.4750000000000002 0.7265625 0.4781250000000002 0.728125 0.4781250000000002