0 0.16250000000000003 0.2046875 0.14375000000000004 0.2046875 0.14375000000000004 0.23125 0.16250000000000003 0.23125
0 0.18750000000000006 0.2046875 0.16718750000000004 0.2046875 0.16718750000000004 0.2296875 0.18750000000000006 0.2296875
0 0.2203125 0.2109375 0.2015625 0.2109375 0.2015625 0.2296875 0.2203125 0.2296875
0 0.3 0.2078125 0.234375 0.2078125 0.234375 0.2375 0.3 0.2375
0 0.384375 0.20312500000000006 0.3203125 0.203125 0.3203125 0.23593750000000005 0.384375 0.23593750000000008
0 0.496875 0.20312500000000008 0.4078125 0.20312500000000008 0.4078125 0.2390625000000001 0.496875 0.2390625000000001
0 0.5453125 0.2062500000000001 0.5140625 0.2062500000000001 0.5140625 0.2312500000000001 0.5453125 0.2312500000000001
0 0.6421875 0.2015625000000001 0.565625 0.2015625000000001 0.565625 0.2296875000000001 0.6421875 0.2296875000000001
0 0.69375 0.2062500000000001 0.6625 0.2062500000000001 0.6625 0.2296875000000001 0.69375 0.2296875000000001
0 0.7078125 0.2234375000000001 0.703125 0.2234375000000001 0.703125 0.23437500000000008 0.7078125 0.23437500000000008
0 0.7921875 0.2062500000000001 0.7234375 0.2062500000000001 0.7234375 0.2312500000000001 0.7921875 0.2312500000000001
0 0.8921875 0.20312500000000008 0.8078125 0.20312500000000008 0.8078125 0.2296875000000001 0.8921875 0.2296875000000001
0 0.9109375 0.2000000000000001 0.89375 0.2000000000000001 0.89375 0.2296875000000001 0.9109375 0.2296875000000001
0 0.19531250000000006 0.2546875 0.14375000000000004 0.2546875 0.14375000000000004 0.28125 0.19531250000000006 0.28125
0 0.378125 0.25468750000000007 0.2109375 0.2546875 0.2109375 0.30312500000000003 0.378125 0.3031250000000001
0 0.46875 0.2562500000000001 0.3984375 0.2562500000000001 0.3984375 0.2828125000000001 0.46875 0.2828125000000001
0 0.53125 0.2593750000000001 0.4921875 0.2593750000000001 0.4921875 0.2796875000000001 0.53125 0.2796875000000001
0 0.609375 0.2609375000000001 0.5515625 0.2609375000000001 0.5515625 0.2812500000000001 0.609375 0.2812500000000001
0 0.740625 0.25468750000000007 0.628125 0.25468750000000007 0.628125 0.2796875000000001 0.740625 0.2796875000000001
0 0.8484375 0.2562500000000001 0.7625 0.2562500000000001 0.7625 0.2828125000000001 0.8484375 0.2828125000000001
0 0.203125 0.303125 0.14687500000000003 0.303125 0.14687500000000003 0.3421875 0.203125 0.3421875
0 0.2390625 0.309375 0.209375 0.309375 0.209375 0.3296875 0.2390625 0.3296875
0 0.3734375 0.30625 0.2625 0.30625 0.2625 0.35156250000000006 0.3734375 0.3515625000000001
0 0.4921875 0.3078125000000001 0.4015625 0.3078125000000001 0.4015625 0.3343750000000001 0.4921875 0.3343750000000001
0 0.6515625 0.3125000000000001 0.5140625 0.3125000000000001 0.5140625 0.3453125000000001 0.6515625 0.3453125000000001
0 0.6703125 0.32500000000000007 0.66875 0.32500000000000007 0.66875 0.3343750000000001 0.6703125 0.3343750000000001
0 0.678125 0.3234375000000001 0.675 0.3234375000000001 0.675 0.3343750000000001 0.678125 0.3343750000000001
0 0.7375 0.30937500000000007 0.684375 0.30937500000000007 0.684375 0.33281250000000007 0.7375 0.33281250000000007
0 0.8171875 0.3046875000000001 0.7578125 0.3046875000000001 0.7578125 0.3343750000000001 0.8171875 0.3343750000000001
0 0.840625 0.3062500000000001 0.8359375 0.3062500000000001 0.8359375 0.3296875000000001 0.840625 0.3296875000000001
0 0.903125 0.3062500000000001 0.8546875 0.3062500000000001 0.8546875 0.3312500000000001 0.903125 0.3312500000000001
0 0.25781250000000006 0.359375 0.14375000000000004 0.359375 0.14375000000000004 0.3828125 0.2578125000000001 0.3828125
0 0.35468750000000004 0.3609375 0.271875 0.3609375 0.27187500000000003 0.384375 0.3546875000000001 0.384375
0 0.38750000000000007 0.35625000000000007 0.38125 0.35625000000000007 0.38125000000000003 0.3812500000000001 0.38750000000000007 0.3812500000000001
0 0.478125 0.3625000000000001 0.4171875 0.3625000000000001 0.4171875 0.3828125000000001 0.478125 0.3828125000000001
0 0.575 0.3609375000000001 0.5046875 0.3609375000000001 0.5046875 0.3812500000000001 0.575 0.3812500000000001
0 0.6546875 0.3578125000000001 0.596875 0.3578125000000001 0.596875 0.3828125000000001 0.6546875 0.3828125000000001
0 0.7578125 0.35625000000000007 0.6796875 0.35625000000000007 0.6796875 0.3921875000000001 0.7578125 0.3921875000000001
0 0.8265625 0.3546875000000001 0.775 0.3546875000000001 0.775 0.3812500000000001 0.8265625 0.3812500000000001
0 0.9125 0.35625000000000007 0.840625 0.35625000000000007 0.840625 0.3843750000000001 0.9125 0.3843750000000001
0 0.9171875 0.3812500000000001 0.9109375 0.3812500000000001 0.9109375 0.3937500000000001 0.9171875 0.3937500000000001
0 0.19687500000000005 0.40625 0.14375000000000004 0.40625 0.14375000000000004 0.43125 0.19687500000000005 0.43125
0 0.2968750000000001 0.409375 0.22656250000000008 0.409375 0.22656250000000008 0.434375 0.2968750000000001 0.434375
0 0.38750000000000007 0.409375 0.3234375000000001 0.409375 0.3234375000000001 0.4328125 0.38750000000000007 0.4328125
0 0.4984375 0.4109375 0.4109375 0.4109375 0.4109375 0.4546875 0.4984375 0.4546875
0 0.590625 0.409375 0.5203125 0.409375 0.5203125 0.4328125 0.590625 0.4328125
0 0.6984375 0.40625 0.615625 0.40625 0.615625 0.4328125 0.6984375 0.4328125
0 0.778125 0.41093750000000007 0.71875 0.4109375 0.71875 0.43437500000000007 0.778125 0.4343750000000002
0 0.8265625 0.41406250000000017 0.790625 0.41406250000000017 0.790625 0.4312500000000002 0.8265625 0.4312500000000002
0 0.2906250000000001 0.45625 0.14375000000000004 0.45625 0.14375000000000004 0.4859375 0.2906250000000001 0.4859375
0 0.4375 0.459375 0.3218750000000001 0.459375 0.3218750000000001 0.484375 0.4375 0.484375
0 0.4484375 0.475 0.44375 0.475 0.44375 0.490625 0.4484375 0.490625
0 0.515625 0.459375 0.45625 0.459375 0.45625 0.4828125 0.515625 0.4828125
0 0.6328125 0.45625 0.525 0.45625 0.525 0.50625 0.6328125 0.50625
0 0.646875 0.478125 0.64375 0.478125 0.64375 0.4921875 0.646875 0.4921875
0 0.775 0.45781250000000007 0.6578125 0.4578125 0.6578125 0.4937500000000001 0.775 0.4937500000000002
0 0.8765625 0.46093750000000017 0.796875 0.46093750000000017 0.796875 0.49531250000000016 0.8765625 0.49531250000000016
0 0.8875 0.4812500000000002 0.884375 0.4812500000000002 0.884375 0.48437500000000017 0.8875 0.48437500000000017
0 0.15000000000000005 0.5109375 0.14375000000000004 0.5109375 0.14375000000000004 0.53125 0.15000000000000005 0.53125
0 0.2250000000000001 0.5125 0.16093750000000004 0.5125 0.16093750000000004 0.5328125 0.2250000000000001 0.5328125
0 0.3218750000000001 0.5078125 0.2406250000000001 0.5078125 0.2406250000000001 0.534375 0.3218750000000001 0.534375
0 0.33281250000000007 0.5328125 0.3296875000000001 0.5328125 0.3296875000000001 0.5421875 0.33281250000000007 0.5421875
0 0.37187500000000007 0.5078125 0.3375000000000001 0.5078125 0.3375000000000001 0.53125 0.37187500000000007 0.53125
0 0.475 0.515625 0.3906250000000001 0.515625 0.3906250000000001 0.5328125 0.475 0.5328125
0 0.5765625 0.5078125 0.490625 0.5078125 0.490625 0.540625 0.5765625 0.540625
0 0.684375 0.509375 0.609375 0.509375 0.609375 0.534375 0.684375 0.534375
0 0.6984375 0.5296875 0.6953125 0.5296875 0.6953125 0.5421875 0.6984375 0.5421875
0 0.7984375 0.5093750000000001 0.7140625 0.509375 0.7140625 0.534375 0.7984375 0.5343750000000002
0 0.8734375 0.5093750000000001 0.8140625 0.5093750000000001 0.8140625 0.5328125000000001 0.8734375 0.5328125000000001
0 0.2406250000000001 0.5578125 0.1437500000000001 0.5578125 0.1437500000000001 0.5828125 0.2406250000000001 0.5828125
0 0.4203125 0.5578125 0.2578125000000001 0.5578125 0.2578125000000001 0.584375 0.4203125 0.584375
0 0.5296875 0.559375 0.4421875 0.559375 0.4421875 0.584375 0.5296875 0.584375
0 0.59375 0.565625 0.5515625 0.565625 0.5515625 0.5953125 0.59375 0.5953125
0 0.615625 0.571875 0.60625 0.571875 0.60625 0.5734375 0.615625 0.5734375
0 0.65 0.565625 0.625 0.565625 0.625 0.5859375 0.65 0.5859375
0 0.7234375 0.5578125 0.653125 0.5578125 0.653125 0.5828125 0.7234375 0.5828125
0 0.7875 0.5578125000000002 0.740625 0.5578125000000002 0.740625 0.5828125000000002 0.7875 0.5828125000000002
0 0.8890625 0.5609375000000002 0.80625 0.5609375000000002 0.80625 0.5812500000000002 0.8890625 0.5812500000000002
0 0.9078125 0.5562500000000001 0.89375 0.5562500000000001 0.89375 0.5875000000000001 0.9078125 0.5875000000000001