0 0.2203125 0.18750000000000003 0.15312500000000004 0.1875 0.15312500000000004 0.2296875 0.2203125 0.2296875
0 0.35625 0.18906250000000005 0.25 0.18906250000000005 0.25 0.2421875 0.35625 0.2421875
0 0.4234375 0.2000000000000001 0.4078125 0.2000000000000001 0.4078125 0.22656250000000008 0.4234375 0.22656250000000008
0 0.4984375 0.18906250000000005 0.421875 0.18906250000000005 0.421875 0.22656250000000008 0.4984375 0.22656250000000008
0 0.7046875 0.20312500000000008 0.540625 0.20312500000000008 0.540625 0.2296875000000001 0.7046875 0.2296875000000001
0 0.8015625 0.18750000000000008 0.728125 0.18750000000000008 0.728125 0.2406250000000001 0.8015625 0.2406250000000001
0 0.8375 0.1906250000000001 0.8 0.1906250000000001 0.8 0.22812500000000008 0.8375 0.22812500000000008
0 0.25625 0.2390625 0.15625000000000006 0.2390625 0.15625000000000006 0.29375 0.25625 0.29375
0 0.3265625 0.240625 0.28125 0.240625 0.28125 0.275 0.3265625 0.275
0 0.453125 0.24218750000000008 0.3875 0.24218750000000008 0.3875 0.2812500000000001 0.453125 0.2812500000000001
0 0.584375 0.2500000000000001 0.4890625 0.2500000000000001 0.4890625 0.27812500000000007 0.584375 0.27812500000000007
0 0.8328125 0.24218750000000008 0.640625 0.24218750000000008 0.640625 0.3031250000000001 0.8328125 0.3031250000000001
0 0.2734375 0.296875 0.15468750000000003 0.296875 0.15468750000000003 0.3515625 0.2734375 0.3515625
0 0.38125 0.30312500000000003 0.3296875 0.303125 0.3296875 0.34218750000000003 0.38125 0.3421875000000001
0 0.5046875 0.2906250000000001 0.4375 0.2906250000000001 0.4375 0.3312500000000001 0.5046875 0.3312500000000001
0 0.6375 0.29375000000000007 0.5578125 0.29375000000000007 0.5578125 0.34843750000000007 0.6375 0.34843750000000007
0 0.75 0.2921875000000001 0.6828125 0.2921875000000001 0.6828125 0.3296875000000001 0.75 0.3296875000000001
0 0.89375 0.2812500000000001 0.76875 0.2812500000000001 0.76875 0.3312500000000001 0.89375 0.3312500000000001
0 0.19843750000000004 0.3421875 0.15468750000000003 0.3421875 0.15468750000000003 0.396875 0.19843750000000004 0.396875
0 0.30468750000000006 0.34375 0.240625 0.34375 0.24062500000000003 0.3828125 0.3046875000000001 0.3828125
0 0.4375 0.35000000000000003 0.35625 0.35 0.35625000000000007 0.37968750000000007 0.4375 0.37968750000000007
0 0.5984375 0.3421875000000001 0.490625 0.3421875000000001 0.490625 0.3921875000000001 0.5984375 0.3921875000000001
0 0.61875 0.3687500000000001 0.6125 0.3687500000000001 0.6125 0.3937500000000001 0.61875 0.3937500000000001
0 0.775 0.3421875000000001 0.6546875 0.3421875000000001 0.6546875 0.3812500000000001 0.775 0.3812500000000001
0 0.3859375000000001 0.39062500000000006 0.15156250000000004 0.390625 0.15156250000000004 0.45 0.3859375000000001 0.45
0 0.49375 0.4078125 0.440625 0.4078125 0.440625 0.43125 0.49375 0.43125
0 0.5546875 0.39531250000000007 0.521875 0.39531250000000007 0.521875 0.4296875 0.5546875 0.4296875
0 0.646875 0.4015625 0.5859375 0.4015625 0.5859375 0.4328125 0.646875 0.4328125
0 0.93125 0.39531250000000007 0.6921875 0.39531250000000007 0.6921875 0.4328125000000001 0.93125 0.43281250000000016
0 0.2500000000000001 0.4390625 0.16250000000000003 0.4390625 0.16250000000000003 0.5 0.2500000000000001 0.5
0 0.3937500000000001 0.4546875 0.2921875000000001 0.4546875 0.2921875000000001 0.5328125 0.3937500000000001 0.5328125
0 0.55 0.44375 0.4390625 0.44375 0.4390625 0.4859375 0.55 0.4859375
0 0.6421875 0.4453125 0.6 0.4453125 0.6 0.4953125 0.6421875 0.4953125
0 0.6984375 0.4578125 0.6734375 0.4578125 0.6734375 0.484375 0.6984375 0.484375
0 0.9125 0.4437500000000002 0.7375 0.4437500000000002 0.7375 0.5031250000000002 0.9125 0.5031250000000002
0 0.2531250000000001 0.490625 0.15468750000000003 0.490625 0.15468750000000003 0.53125 0.2531250000000001 0.53125
0 0.4125 0.5 0.30937500000000007 0.5 0.30937500000000007 0.534375 0.4125 0.534375
0 0.6625 0.4984375 0.4578125 0.4984375 0.4578125 0.5453125 0.6625 0.5453125
0 0.859375 0.5000000000000001 0.70625 0.5 0.70625 0.5328125000000001 0.859375 0.5328125000000001
0 0.2875000000000001 0.540625 0.15468750000000003 0.540625 0.15468750000000006 0.5859375 0.2875000000000001 0.5859375
0 0.5171875 0.540625 0.3531250000000001 0.540625 0.3531250000000001 0.584375 0.5171875 0.584375
0 0.8296875 0.5468750000000001 0.559375 0.546875 0.559375 0.6000000000000001 0.8296875 0.6000000000000002
0 0.85 0.5859375000000002 0.840625 0.5859375000000002 0.840625 0.6062500000000002 0.85 0.6062500000000002
0 0.9296875 0.5515625000000002 0.871875 0.5515625000000002 0.871875 0.5875000000000001 0.9296875 0.5875000000000001
0 0.1921875000000001 0.5953125 0.15781250000000008 0.5953125 0.15781250000000008 0.6359375 0.1921875000000001 0.6359375
0 0.2734375000000001 0.5953125 0.22031250000000008 0.5953125 0.22031250000000008 0.634375 0.2734375000000001 0.634375
0 0.596875 0.5984375 0.3203125000000001 0.5984375 0.3203125000000001 0.634375 0.596875 0.634375
0 0.9234375 0.5984375000000001 0.625 0.5984375 0.625 0.6359375 0.9234375 0.6359375000000002
0 0.24375000000000008 0.646875 0.16562500000000008 0.646875 0.16562500000000008 0.684375 0.24375000000000008 0.684375
0 0.7046875 0.646875 0.29375000000000007 0.646875 0.29375000000000007 0.7015625 0.7046875 0.7015625
0 0.78125 0.6500000000000001 0.7359375 0.6500000000000001 0.7359375 0.7015625000000002 0.78125 0.7015625000000002
0 0.903125 0.6484375000000002 0.8109375 0.6484375000000002 0.8109375 0.6859375000000002 0.903125 0.6859375000000002
0 0.2562500000000001 0.7046875 0.18125000000000008 0.7046875 0.18125000000000008 0.734375 0.2562500000000001 0.734375
0 0.2640625000000001 0.7265625 0.2609375000000001 0.7265625 0.2609375000000001 0.7296875 0.2640625000000001 0.7296875