0 0.19062500000000004 0.2546875 0.14375000000000004 0.2546875 0.14375000000000004 0.2734375 0.19062500000000004 0.2734375
0 0.253125 0.2625 0.2046875 0.2625 0.2046875 0.2734375 0.253125 0.2734375
0 0.328125 0.253125 0.26875 0.253125 0.26875 0.2734375 0.328125 0.2734375
0 0.465625 0.2515625 0.3484375 0.2515625 0.3484375 0.275 0.465625 0.2750000000000001
0 0.5125 0.25468750000000007 0.4828125 0.25468750000000007 0.4828125 0.2828125000000001 0.5125 0.2828125000000001
0 0.56875 0.2531250000000001 0.5296875 0.2531250000000001 0.5296875 0.2765625000000001 0.56875 0.2765625000000001
0 0.7859375 0.2515625000000001 0.5859375 0.2515625000000001 0.5859375 0.2765625000000001 0.7859375 0.2765625000000001
0 0.20625 0.3125 0.14218750000000005 0.3125 0.14218750000000005 0.328125 0.20625 0.328125
0 0.2359375 0.3078125 0.21875 0.3078125 0.21875 0.3265625 0.2359375 0.3265625
0 0.3078125 0.303125 0.25 0.303125 0.25 0.3265625 0.3078125 0.3265625
0 0.31875 0.3234375 0.3109375 0.3234375 0.3109375 0.334375 0.31875 0.334375
0 0.35625 0.3078125 0.3390625 0.3078125 0.3390625 0.3265625 0.35625 0.3265625
0 0.4640625 0.3140625000000001 0.375 0.3140625000000001 0.375 0.3265625000000001 0.4640625 0.3265625000000001
0 0.5359375 0.3031250000000001 0.48125 0.3031250000000001 0.48125 0.3265625000000001 0.5359375 0.3265625000000001
0 0.596875 0.3062500000000001 0.55625 0.3062500000000001 0.55625 0.3265625000000001 0.596875 0.3265625000000001
0 0.6484375 0.3078125000000001 0.615625 0.3078125000000001 0.615625 0.3265625000000001 0.6484375 0.3265625000000001
0 0.7875 0.3062500000000001 0.6625 0.3062500000000001 0.6625 0.3343750000000001 0.7875 0.3343750000000001
0 0.803125 0.3187500000000001 0.7921875 0.3187500000000001 0.7921875 0.33281250000000007 0.803125 0.33281250000000007
0 0.17031250000000003 0.3578125 0.14375000000000004 0.3578125 0.14375000000000004 0.3765625 0.17031250000000003 0.3765625
0 0.22656250000000006 0.35625 0.18750000000000006 0.35625 0.18750000000000006 0.378125 0.22656250000000008 0.378125
0 0.28437500000000004 0.3578125 0.2453125 0.3578125 0.24531250000000004 0.378125 0.2843750000000001 0.378125
0 0.2968750000000001 0.371875 0.2890625000000001 0.371875 0.2890625000000001 0.384375 0.2968750000000001 0.384375
0 0.37187500000000007 0.35625000000000007 0.315625 0.35625 0.31562500000000004 0.37812500000000004 0.37187500000000007 0.3781250000000001
0 0.4359375 0.36406250000000007 0.3859375000000001 0.36406250000000007 0.3859375000000001 0.3781250000000001 0.4359375 0.3781250000000001
0 0.446875 0.3734375000000001 0.4390625 0.3734375000000001 0.4390625 0.3828125000000001 0.446875 0.3828125000000001
0 0.5109375 0.3546875000000001 0.4625 0.3546875000000001 0.4625 0.3750000000000001 0.5109375 0.3750000000000001
0 0.575 0.3546875000000001 0.521875 0.3546875000000001 0.521875 0.3765625000000001 0.575 0.3765625000000001
0 0.609375 0.3546875000000001 0.5890625 0.3546875000000001 0.5890625 0.3750000000000001 0.609375 0.3750000000000001
0 0.7125 0.3515625000000001 0.6203125 0.3515625000000001 0.6203125 0.3765625000000001 0.7125 0.3765625000000001
0 0.828125 0.35625000000000007 0.7234375 0.35625000000000007 0.7234375 0.3843750000000001 0.828125 0.3843750000000001
0 0.19531250000000006 0.409375 0.14062500000000006 0.409375 0.14062500000000006 0.428125 0.19531250000000006 0.428125
0 0.2531250000000001 0.4078125 0.2093750000000001 0.4078125 0.2093750000000001 0.428125 0.2531250000000001 0.428125
0 0.425 0.40625 0.27031250000000007 0.40625 0.27031250000000007 0.4375 0.425 0.4375
0 0.4875 0.4140625 0.440625 0.4140625 0.440625 0.4265625 0.4875 0.4265625
0 0.596875 0.4015625 0.5046875 0.4015625 0.5046875 0.434375 0.596875 0.434375
0 0.6578125 0.415625 0.6109375 0.415625 0.6109375 0.4265625 0.6578125 0.4265625
0 0.725 0.40625 0.678125 0.40625 0.678125 0.4265625 0.725 0.4265625
0 0.7984375 0.4031250000000002 0.7515625 0.4031250000000002 0.7515625 0.42500000000000016 0.7984375 0.42500000000000016
0 0.18906250000000005 0.4578125 0.13750000000000004 0.4578125 0.13750000000000004 0.478125 0.18906250000000005 0.478125
0 0.2593750000000001 0.45625 0.20468750000000008 0.45625 0.20468750000000008 0.478125 0.2593750000000001 0.478125
0 0.30156250000000007 0.45625 0.2796875000000001 0.45625 0.2796875000000001 0.478125 0.30156250000000007 0.478125
0 0.4078125 0.45625 0.3140625000000001 0.45625 0.3140625000000001 0.484375 0.4078125 0.484375
0 0.4640625 0.4578125 0.428125 0.4578125 0.428125 0.478125 0.4640625 0.478125
0 0.5734375 0.4546875 0.4828125 0.4546875 0.4828125 0.4796875 0.5734375 0.4796875
0 0.73125 0.4562500000000001 0.590625 0.45625 0.590625 0.4796875000000001 0.73125 0.47968750000000016
0 0.7953125 0.4578125000000002 0.7515625 0.4578125000000002 0.7515625 0.4859375000000002 0.7953125 0.4859375000000002
0 0.2453125000000001 0.50625 0.13593750000000004 0.50625 0.13593750000000004 0.5359375 0.2453125000000001 0.5359375
0 0.3296875000000001 0.503125 0.2796875000000001 0.503125 0.2796875000000001 0.528125 0.3296875000000001 0.528125
0 0.4125 0.50625 0.3546875000000001 0.50625 0.3546875000000001 0.5296875 0.4125 0.5296875
0 0.5328125 0.503125 0.43125 0.503125 0.43125 0.5390625 0.5328125 0.5390625
0 0.603125 0.515625 0.55625 0.515625 0.55625 0.528125 0.603125 0.528125
0 0.6875 0.5046875 0.6140625 0.5046875 0.6140625 0.5390625 0.6875 0.5390625
0 0.734375 0.503125 0.7046875 0.503125 0.7046875 0.5328125000000001 0.734375 0.5328125000000001
0 0.76875 0.5140625000000002 0.7515625 0.5140625000000002 0.7515625 0.5281250000000002 0.76875 0.5281250000000002
0 0.2093750000000001 0.559375 0.1359375000000001 0.559375 0.1359375000000001 0.5890625 0.2093750000000001 0.5890625
0 0.2890625000000001 0.5578125 0.2312500000000001 0.5578125 0.2312500000000001 0.58125 0.2890625000000001 0.58125
0 0.434375 0.5578125 0.3062500000000001 0.5578125 0.3062500000000001 0.58125 0.434375 0.58125
0 0.50625 0.5578125 0.4484375 0.5578125 0.4484375 0.5875 0.50625 0.5875
0 0.521875 0.575 0.5171875 0.575 0.5171875 0.5796875 0.521875 0.5796875
0 0.5796875 0.55625 0.55 0.55625 0.55 0.578125 0.5796875 0.578125
0 0.759375 0.5546875000000001 0.6015625 0.5546875 0.6015625 0.5781250000000001 0.759375 0.5781250000000002
0 0.8390625 0.5546875000000002 0.778125 0.5546875000000002 0.778125 0.5750000000000002 0.8390625 0.5750000000000002
0 0.1828125000000001 0.609375 0.14062500000000008 0.609375 0.14062500000000008 0.63125 0.1828125000000001 0.63125
0 0.2250000000000001 0.6125 0.2062500000000001 0.6125 0.2062500000000001 0.6296875 0.2250000000000001 0.6296875
0 0.34843750000000007 0.60625 0.2390625000000001 0.60625 0.2390625000000001 0.6390625 0.34843750000000007 0.6390625
0 0.3937500000000001 0.609375 0.3687500000000001 0.609375 0.3687500000000001 0.6296875 0.3937500000000001 0.6296875
0 0.425 0.609375 0.403125 0.609375 0.403125 0.6296875 0.425 0.6296875
0 0.5734375 0.6140625 0.440625 0.6140625 0.440625 0.6375 0.5734375 0.6375
0 0.615625 0.6078125 0.5921875 0.6078125 0.5921875 0.628125 0.615625 0.628125
0 0.7625 0.6109375000000001 0.634375 0.6109375 0.634375 0.6296875000000001 0.7625 0.6296875000000002
0 0.8328125 0.6062500000000002 0.7796875 0.6062500000000002 0.7796875 0.6296875000000002 0.8328125 0.6296875000000002
0 0.1984375000000001 0.65625 0.1453125000000001 0.65625 0.1453125000000001 0.6796875 0.1984375000000001 0.6796875
0 0.24375000000000008 0.65625 0.2156250000000001 0.65625 0.2156250000000001 0.6859375 0.24375000000000008 0.6859375
0 0.2984375000000001 0.65625 0.2609375000000001 0.65625 0.2609375000000001 0.6765625 0.2984375000000001 0.6765625
0 0.403125 0.6546875 0.3109375000000001 0.6546875 0.3109375000000001 0.6875 0.403125 0.6875
0 0.421875 0.675 0.4171875 0.675 0.4171875 0.678125 0.421875 0.678125