0 0.17656250000000004 0.2546875 0.12968750000000004 0.2546875 0.12968750000000004 0.271875 0.17656250000000004 0.271875
0 0.2296875 0.253125 0.18437500000000004 0.253125 0.18437500000000004 0.271875 0.2296875 0.271875
0 0.296875 0.259375 0.2453125 0.259375 0.2453125 0.275 0.296875 0.275
0 0.3546875 0.2546875 0.3125 0.2546875 0.3125 0.271875 0.3546875 0.271875
0 0.521875 0.25468750000000007 0.3703125 0.25468750000000007 0.3703125 0.2750000000000001 0.521875 0.2750000000000001
0 0.6375 0.25468750000000007 0.534375 0.25468750000000007 0.534375 0.2828125000000001 0.6375 0.2828125000000001
0 0.6453125 0.2687500000000001 0.6421875 0.2687500000000001 0.6421875 0.27812500000000007 0.6453125 0.27812500000000007
0 0.7015625 0.2531250000000001 0.65 0.2531250000000001 0.65 0.2734375000000001 0.7015625 0.2734375000000001
0 0.7890625 0.2531250000000001 0.7078125 0.2531250000000001 0.7078125 0.2718750000000001 0.7890625 0.2718750000000001
0 0.19062500000000004 0.3078125 0.13437500000000005 0.3078125 0.13437500000000005 0.3234375 0.19062500000000004 0.3234375
0 0.2625 0.30625 0.209375 0.30625 0.209375 0.3265625 0.2625 0.3265625
0 0.3328125 0.30625 0.271875 0.30625 0.271875 0.325 0.3328125 0.325
0 0.34375 0.321875 0.3421875 0.321875 0.3421875 0.3234375 0.34375 0.3234375
0 0.415625 0.30468750000000006 0.353125 0.3046875 0.353125 0.32500000000000007 0.415625 0.32500000000000007
0 0.5609375 0.3046875000000001 0.4296875 0.3046875000000001 0.4296875 0.32500000000000007 0.5609375 0.32500000000000007
0 0.646875 0.3046875000000001 0.5671875 0.3046875000000001 0.5671875 0.3234375000000001 0.646875 0.3234375000000001
0 0.6828125 0.3046875000000001 0.6609375 0.3046875000000001 0.6609375 0.3218750000000001 0.6828125 0.3218750000000001
0 0.7671875 0.3031250000000001 0.7 0.3031250000000001 0.7 0.3296875000000001 0.7671875 0.3296875000000001
0 0.80625 0.3031250000000001 0.7796875 0.3031250000000001 0.7796875 0.3265625000000001 0.80625 0.3265625000000001
0 0.8515625 0.3062500000000001 0.809375 0.3062500000000001 0.809375 0.3234375000000001 0.8515625 0.3234375000000001
0 0.17187500000000006 0.353125 0.12968750000000004 0.353125 0.12968750000000004 0.3734375 0.17187500000000006 0.3734375
0 0.18281250000000004 0.3703125 0.17812500000000003 0.3703125 0.17812500000000003 0.38125 0.18281250000000004 0.38125
0 0.25000000000000006 0.3578125 0.19531250000000006 0.3578125 0.19531250000000006 0.3765625 0.2500000000000001 0.3765625
0 0.3296875 0.3546875 0.2671875 0.3546875 0.2671875 0.3734375 0.3296875000000001 0.3734375
0 0.38906250000000003 0.35781250000000003 0.34375 0.3578125 0.34375000000000006 0.37343750000000003 0.3890625000000001 0.3734375000000001
0 0.4765625 0.3578125000000001 0.4046875 0.3578125000000001 0.4046875 0.3734375000000001 0.4765625 0.3734375000000001
0 0.5625 0.3546875000000001 0.4953125 0.3546875000000001 0.4953125 0.3734375000000001 0.5625 0.3734375000000001
0 0.6890625 0.35625000000000007 0.578125 0.35625000000000007 0.578125 0.3859375000000001 0.6890625 0.3859375000000001
0 0.7265625 0.35625000000000007 0.6984375 0.35625000000000007 0.6984375 0.3734375000000001 0.7265625 0.3734375000000001
0 0.796875 0.3531250000000001 0.7359375 0.3531250000000001 0.7359375 0.37187500000000007 0.796875 0.37187500000000007
0 0.8453125 0.3546875000000001 0.815625 0.3546875000000001 0.815625 0.3734375000000001 0.8453125 0.3734375000000001
0 0.15156250000000004 0.40625 0.12968750000000004 0.40625 0.12968750000000004 0.4265625 0.15156250000000004 0.4265625
0 0.19843750000000004 0.4125 0.17031250000000003 0.4125 0.17031250000000003 0.428125 0.19843750000000004 0.428125
0 0.2640625000000001 0.4109375 0.2156250000000001 0.4109375 0.2156250000000001 0.4265625 0.2640625000000001 0.4265625
0 0.3500000000000001 0.40625 0.2890625000000001 0.40625 0.2890625000000001 0.425 0.3500000000000001 0.425
0 0.3906250000000001 0.40625 0.3609375000000001 0.40625 0.3609375000000001 0.4234375 0.3906250000000001 0.4234375
0 0.465625 0.40625 0.4015625 0.40625 0.4015625 0.421875 0.465625 0.421875
0 0.503125 0.40625 0.484375 0.40625 0.484375 0.421875 0.503125 0.421875
0 0.6453125 0.403125 0.515625 0.403125 0.515625 0.4328125 0.6453125 0.4328125
0 0.7484375 0.4078125000000001 0.65625 0.4078125 0.65625 0.43437500000000007 0.7484375 0.4343750000000002
0 0.7546875 0.4203125000000002 0.753125 0.4203125000000002 0.753125 0.42187500000000017 0.7546875 0.42187500000000017
0 0.875 0.4031250000000002 0.75625 0.4031250000000002 0.75625 0.4421875000000002 0.875 0.4421875000000002
0 0.2890625000000001 0.4578125 0.13281250000000006 0.4578125 0.13281250000000006 0.4890625 0.2890625000000001 0.4890625
0 0.41875 0.4578125 0.3000000000000001 0.4578125 0.3000000000000001 0.484375 0.41875 0.484375
0 0.4890625 0.459375 0.43125 0.459375 0.43125 0.475 0.4890625 0.475
0 0.603125 0.4546875 0.50625 0.4546875 0.50625 0.478125 0.603125 0.478125
0 0.609375 0.4671875 0.60625 0.4671875 0.60625 0.46875 0.609375 0.46875
0 0.640625 0.4578125 0.6171875 0.4578125 0.6171875 0.475 0.640625 0.475
0 0.66875 0.4578125 0.6390625 0.4578125 0.6390625 0.4734375 0.66875 0.4734375
0 0.771875 0.4546875000000001 0.68125 0.4546875 0.68125 0.4765625000000001 0.771875 0.47656250000000017
0 0.8109375 0.4593750000000002 0.7859375 0.4593750000000002 0.7859375 0.4750000000000002 0.8109375 0.4750000000000002
0 0.8515625 0.4546875000000002 0.8234375 0.4546875000000002 0.8234375 0.47656250000000017 0.8515625 0.47656250000000017
0 0.17500000000000004 0.5078125 0.12968750000000004 0.5078125 0.12968750000000004 0.5265625 0.17500000000000004 0.5265625
0 0.2906250000000001 0.5078125 0.19375000000000003 0.5078125 0.19375000000000003 0.53125 0.2906250000000001 0.53125
0 0.35625000000000007 0.5046875 0.3046875000000001 0.5046875 0.3046875000000001 0.525 0.35625000000000007 0.525
0 0.3968750000000001 0.5109375 0.3765625000000001 0.5109375 0.3765625000000001 0.525 0.3968750000000001 0.525
0 0.4484375 0.509375 0.409375 0.509375 0.409375 0.525 0.4484375 0.525
0 0.5640625 0.5046875 0.465625 0.5046875 0.465625 0.5359375 0.5640625 0.5359375
0 0.60625 0.503125 0.58125 0.503125 0.58125 0.5265625 0.60625 0.5265625
0 0.6546875 0.5046875 0.6109375 0.5046875 0.6109375 0.525 0.6546875 0.525
0 0.75625 0.5062500000000001 0.6625 0.50625 0.6625 0.5265625 0.75625 0.5265625000000002
0 0.859375 0.5046875000000002 0.771875 0.5046875000000002 0.771875 0.5328125000000001 0.859375 0.5328125000000001
0 0.1937500000000001 0.559375 0.1281250000000001 0.559375 0.1281250000000001 0.5796875 0.1937500000000001 0.5796875
0 0.3312500000000001 0.55625 0.21250000000000008 0.55625 0.21250000000000008 0.5890625 0.3312500000000001 0.5890625
0 0.41875 0.55625 0.3437500000000001 0.55625 0.3437500000000001 0.575 0.41875 0.575
0 0.4734375 0.559375 0.44375 0.559375 0.44375 0.5765625 0.4734375 0.5765625
0 0.5609375 0.5578125 0.4921875 0.5578125 0.4921875 0.578125 0.5609375 0.578125
0 0.5703125 0.571875 0.5671875 0.571875 0.5671875 0.584375 0.5703125 0.584375
0 0.6765625 0.5578125 0.615625 0.5578125 0.615625 0.5875 0.6765625 0.5875
0 0.784375 0.5578125 0.715625 0.5578125 0.715625 0.5750000000000001 0.784375 0.5750000000000002
0 0.7890625 0.5703125000000002 0.7828125 0.5703125000000002 0.7828125 0.5843750000000002 0.7890625 0.5843750000000002
0 0.8375 0.5562500000000001 0.8078125 0.5562500000000001 0.8078125 0.5765625000000002 0.8375 0.5765625000000002
0 0.871875 0.5593750000000002 0.8453125 0.5593750000000002 0.8453125 0.5765625000000002 0.871875 0.5765625000000002
0 0.27031250000000007 0.609375 0.13437500000000008 0.609375 0.13437500000000008 0.6359375 0.27031250000000007 0.6359375
0 0.3156250000000001 0.6109375 0.2828125000000001 0.6109375 0.2828125000000001 0.6296875 0.3156250000000001 0.6296875
0 0.3703125000000001 0.609375 0.32500000000000007 0.609375 0.32500000000000007 0.646875 0.3703125000000001 0.646875
0 0.37968750000000007 0.6234375 0.3781250000000001 0.6234375 0.3781250000000001 0.6265625 0.37968750000000007 0.6265625