0 0.2703125 0.2 0.16718750000000004 0.2 0.16718750000000004 0.2296875 0.2703125 0.2296875
0 0.3640625 0.19687500000000005 0.2984375 0.19687500000000005 0.2984375 0.22031250000000005 0.3640625 0.22031250000000008
0 0.5328125 0.19843750000000004 0.390625 0.19843750000000004 0.390625 0.23437500000000008 0.5328125 0.23437500000000008
0 0.596875 0.19687500000000008 0.553125 0.19687500000000008 0.553125 0.22031250000000008 0.596875 0.22031250000000008
0 0.6921875 0.1984375000000001 0.6140625 0.1984375000000001 0.6140625 0.2218750000000001 0.6921875 0.2218750000000001
0 0.75625 0.2078125000000001 0.7015625 0.2078125000000001 0.7015625 0.2218750000000001 0.75625 0.2218750000000001
0 0.859375 0.19687500000000008 0.771875 0.19687500000000008 0.771875 0.23437500000000008 0.859375 0.23437500000000008
0 0.940625 0.2000000000000001 0.878125 0.2000000000000001 0.878125 0.2218750000000001 0.940625 0.2218750000000001
0 0.2515625 0.25 0.16250000000000003 0.25 0.16250000000000003 0.284375 0.2515625 0.284375
0 0.3125 0.25 0.28125 0.25 0.28125 0.2734375 0.3125 0.2734375
0 0.4296875 0.24687500000000004 0.340625 0.246875 0.340625 0.28750000000000003 0.4296875 0.2875000000000001
0 0.4390625 0.27031250000000007 0.4359375 0.27031250000000007 0.4359375 0.2718750000000001 0.4390625 0.2718750000000001
0 0.490625 0.2500000000000001 0.4640625 0.2500000000000001 0.4640625 0.27031250000000007 0.490625 0.27031250000000007
0 0.528125 0.2531250000000001 0.4984375 0.2531250000000001 0.4984375 0.2734375000000001 0.528125 0.2734375000000001
0 0.678125 0.2484375000000001 0.5484375 0.2484375000000001 0.5484375 0.2718750000000001 0.678125 0.2718750000000001
0 0.809375 0.2484375000000001 0.6890625 0.2484375000000001 0.6890625 0.2812500000000001 0.809375 0.2812500000000001
0 0.8578125 0.2453125000000001 0.8234375 0.2453125000000001 0.8234375 0.2687500000000001 0.8578125 0.2687500000000001
0 0.909375 0.2500000000000001 0.86875 0.2500000000000001 0.86875 0.27031250000000007 0.909375 0.27031250000000007
0 0.265625 0.2984375 0.16250000000000003 0.2984375 0.16250000000000003 0.325 0.265625 0.325
0 0.3234375 0.309375 0.2890625 0.309375 0.2890625 0.321875 0.3234375 0.321875
0 0.390625 0.30000000000000004 0.3375 0.3 0.3375 0.32343750000000004 0.390625 0.3234375000000001
0 0.43125 0.3109375000000001 0.4109375 0.3109375000000001 0.4109375 0.3218750000000001 0.43125 0.3218750000000001
0 0.6015625 0.2984375000000001 0.453125 0.2984375000000001 0.453125 0.3343750000000001 0.6015625 0.3343750000000001
0 0.675 0.30156250000000007 0.6203125 0.30156250000000007 0.6203125 0.3234375000000001 0.675 0.3234375000000001
0 0.740625 0.30937500000000007 0.6875 0.30937500000000007 0.6875 0.3234375000000001 0.740625 0.3234375000000001
0 0.853125 0.3000000000000001 0.7546875 0.3000000000000001 0.7546875 0.3218750000000001 0.853125 0.3218750000000001
0 0.896875 0.30937500000000007 0.865625 0.30937500000000007 0.865625 0.3218750000000001 0.896875 0.3218750000000001
0 0.18750000000000006 0.359375 0.16875000000000004 0.359375 0.16875000000000004 0.371875 0.18750000000000006 0.371875
0 0.26562500000000006 0.35 0.20625 0.35 0.20625000000000004 0.371875 0.2656250000000001 0.371875
0 0.30937500000000007 0.3625 0.2796875 0.3625 0.27968750000000003 0.3734375 0.30937500000000007 0.3734375
0 0.35000000000000003 0.359375 0.3296875 0.359375 0.3296875 0.3703125 0.3500000000000001 0.3703125
0 0.4375 0.35000000000000003 0.3625 0.35 0.36250000000000004 0.37343750000000003 0.4375 0.3734375000000001
0 0.44375 0.3687500000000001 0.4390625 0.3687500000000001 0.4390625 0.37187500000000007 0.44375 0.37187500000000007
0 0.5359375 0.3500000000000001 0.465625 0.3500000000000001 0.465625 0.37187500000000007 0.5359375 0.37187500000000007
0 0.6140625 0.3593750000000001 0.5546875 0.3593750000000001 0.5546875 0.37187500000000007 0.6140625 0.37187500000000007
0 0.7578125 0.3531250000000001 0.6359375 0.3531250000000001 0.6359375 0.3843750000000001 0.7578125 0.3843750000000001
0 0.8296875 0.3500000000000001 0.78125 0.3500000000000001 0.78125 0.37968750000000007 0.8296875 0.37968750000000007
0 0.2640625000000001 0.3984375 0.15937500000000004 0.3984375 0.15937500000000004 0.4375 0.2640625000000001 0.4375
0 0.2796875000000001 0.41875 0.2734375000000001 0.41875 0.2734375000000001 0.4265625 0.2796875000000001 0.4265625
0 0.3578125000000001 0.3984375 0.3031250000000001 0.3984375 0.3031250000000001 0.4203125 0.3578125000000001 0.4203125
0 0.43125 0.4109375 0.3750000000000001 0.4109375 0.3750000000000001 0.4375 0.43125 0.4375
0 0.5875 0.4125 0.4640625 0.4125 0.4640625 0.440625 0.5875 0.440625
0 0.66875 0.4 0.615625 0.4 0.615625 0.43125 0.66875 0.43125
0 0.7921875 0.4015625000000001 0.6875 0.4015625 0.6875 0.4234375000000001 0.7921875 0.4234375000000002
0 0.8453125 0.3968750000000001 0.8078125 0.3968750000000001 0.8078125 0.4203125000000002 0.8453125 0.4203125000000002
0 0.8875 0.3968750000000001 0.8546875 0.3968750000000001 0.8546875 0.4203125000000002 0.8875 0.4203125000000002
0 0.22656250000000008 0.4515625 0.16562500000000005 0.4515625 0.16562500000000005 0.475 0.22656250000000008 0.475
0 0.3234375000000001 0.4484375 0.2453125000000001 0.4484375 0.2453125000000001 0.471875 0.3234375000000001 0.471875
0 0.37187500000000007 0.4515625 0.3343750000000001 0.4515625 0.3343750000000001 0.4734375 0.37187500000000007 0.4734375
0 0.4375 0.4484375 0.3890625000000001 0.4484375 0.3890625000000001 0.471875 0.4375 0.471875
0 0.4984375 0.4515625 0.45625 0.4515625 0.45625 0.48125 0.4984375 0.48125
0 0.4953125 0.4703125 0.4921875 0.4703125 0.4921875 0.4734375 0.4953125 0.4734375
0 0.5578125 0.4515625 0.5234375 0.4515625 0.5234375 0.4796875 0.5578125 0.4796875
0 0.5984375 0.4515625 0.565625 0.4515625 0.565625 0.471875 0.5984375 0.471875
0 0.6703125 0.4484375 0.615625 0.4484375 0.615625 0.4734375 0.6703125 0.4734375
0 0.734375 0.4609375000000001 0.6796875 0.4609375 0.6796875 0.4750000000000001 0.734375 0.4750000000000002
0 0.8390625 0.4500000000000002 0.7515625 0.4500000000000002 0.7515625 0.48437500000000017 0.8390625 0.48437500000000017
0 0.9203125 0.4515625000000002 0.85 0.4515625000000002 0.85 0.4734375000000002 0.9203125 0.4734375000000002
0 0.2062500000000001 0.5015625 0.17500000000000004 0.5015625 0.17500000000000004 0.5234375 0.2062500000000001 0.5234375
0 0.2828125000000001 0.50625 0.2250000000000001 0.50625 0.2250000000000001 0.525 0.2828125000000001 0.525
0 0.2953125000000001 0.521875 0.2906250000000001 0.521875 0.2906250000000001 0.5296875 0.2953125000000001 0.5296875
0 0.3390625000000001 0.5109375 0.3203125000000001 0.5109375 0.3203125000000001 0.521875 0.3390625000000001 0.521875
0 0.4296875 0.4984375 0.36406250000000007 0.4984375 0.36406250000000007 0.525 0.4296875 0.525
0 0.534375 0.5 0.45 0.5 0.45 0.525 0.534375 0.525
0 0.6359375 0.5 0.5515625 0.5 0.5515625 0.5390625 0.6359375 0.5390625
0 0.684375 0.5015625 0.653125 0.5015625 0.653125 0.521875 0.684375 0.521875
0 0.7796875 0.5015625000000001 0.696875 0.5015625 0.696875 0.5390625000000001 0.7796875 0.5390625000000002
0 0.821875 0.5140625000000002 0.7875 0.5140625000000002 0.7875 0.5234375000000002 0.821875 0.5234375000000002
0 0.83125 0.5234375000000002 0.8296875 0.5234375000000002 0.8296875 0.5250000000000001 0.83125 0.5250000000000001