0 0.14687500000000003 0.21875 0.12343750000000005 0.21875 0.12343750000000005 0.2359375 0.14687500000000003 0.2359375
0 0.225 0.21875 0.16093750000000004 0.21875 0.16093750000000004 0.2359375 0.225 0.2359375
0 0.284375 0.2171875 0.2375 0.2171875 0.2375 0.2375 0.284375 0.2375
0 0.3328125 0.215625 0.29375 0.215625 0.29375 0.2375 0.3328125 0.2375
0 0.3609375 0.221875 0.340625 0.221875 0.340625 0.2375 0.3609375 0.2375
0 0.4515625 0.21875000000000008 0.371875 0.21875000000000008 0.371875 0.24375000000000008 0.4515625 0.24375000000000008
0 0.525 0.2156250000000001 0.4671875 0.2156250000000001 0.4671875 0.23593750000000008 0.525 0.23593750000000008
0 0.5703125 0.22812500000000008 0.5296875 0.22812500000000008 0.5296875 0.23593750000000008 0.5703125 0.23593750000000008
0 0.615625 0.21875000000000008 0.58125 0.21875000000000008 0.58125 0.23593750000000008 0.615625 0.23593750000000008
0 0.65 0.22031250000000008 0.6296875 0.22031250000000008 0.6296875 0.2375000000000001 0.65 0.2375000000000001
0 0.7703125 0.2250000000000001 0.665625 0.2250000000000001 0.665625 0.2390625000000001 0.7703125 0.2390625000000001
0 0.8234375 0.22031250000000008 0.778125 0.22031250000000008 0.778125 0.23593750000000008 0.8234375 0.23593750000000008
0 0.14843750000000006 0.2671875 0.13125000000000003 0.2671875 0.13125000000000003 0.2859375 0.14843750000000006 0.2859375
0 0.234375 0.2703125 0.16406250000000006 0.2703125 0.16406250000000006 0.290625 0.234375 0.290625
0 0.2796875 0.2828125 0.24375 0.2828125 0.24375 0.2875 0.2796875 0.2875
0 0.3171875 0.275 0.296875 0.275 0.296875 0.2890625 0.3171875 0.2890625
0 0.4171875 0.26875000000000004 0.334375 0.26875 0.334375 0.29375000000000007 0.4171875 0.29375000000000007
0 0.496875 0.2609375000000001 0.4296875 0.2609375000000001 0.4296875 0.2875000000000001 0.496875 0.2875000000000001
0 0.5265625 0.2640625000000001 0.50625 0.2640625000000001 0.50625 0.2906250000000001 0.5265625 0.2906250000000001
0 0.5921875 0.2765625000000001 0.534375 0.2765625000000001 0.534375 0.29375000000000007 0.5921875 0.29375000000000007
0 0.634375 0.2671875000000001 0.603125 0.2671875000000001 0.603125 0.28593750000000007 0.634375 0.28593750000000007
0 0.7140625 0.2687500000000001 0.6484375 0.2687500000000001 0.6484375 0.29375000000000007 0.7140625 0.29375000000000007
0 0.7359375 0.2718750000000001 0.7203125 0.2718750000000001 0.7203125 0.2875000000000001 0.7359375 0.2875000000000001
0 0.765625 0.27031250000000007 0.74375 0.27031250000000007 0.74375 0.28593750000000007 0.765625 0.28593750000000007
0 0.8140625 0.2687500000000001 0.775 0.2687500000000001 0.775 0.28593750000000007 0.8140625 0.28593750000000007
0 0.8734375 0.2671875000000001 0.8265625 0.2671875000000001 0.8265625 0.28593750000000007 0.8734375 0.28593750000000007
0 0.16250000000000003 0.3203125 0.12343750000000005 0.3203125 0.12343750000000005 0.3484375 0.16250000000000003 0.3484375
0 0.2203125 0.31875 0.17656250000000004 0.31875 0.17656250000000004 0.3375 0.2203125 0.3375
0 0.24375 0.321875 0.228125 0.321875 0.228125 0.3390625 0.24375 0.3390625
0 0.2734375 0.3234375 0.253125 0.3234375 0.253125 0.340625 0.2734375 0.340625
0 0.375 0.31562500000000004 0.284375 0.315625 0.284375 0.34062500000000007 0.375 0.34062500000000007
0 0.434375 0.3156250000000001 0.3734375 0.3156250000000001 0.3734375 0.3453125000000001 0.434375 0.3453125000000001
0 0.471875 0.3218750000000001 0.45 0.3218750000000001 0.45 0.3375000000000001 0.471875 0.3375000000000001
0 0.5359375 0.3109375000000001 0.48125 0.3109375000000001 0.48125 0.3375000000000001 0.5359375 0.3375000000000001
0 0.5359375 0.33281250000000007 0.5296875 0.33281250000000007 0.5296875 0.34062500000000007 0.5359375 0.34062500000000007
0 0.5625 0.3312500000000001 0.54375 0.3312500000000001 0.54375 0.3375000000000001 0.5625 0.3375000000000001
0 0.65 0.3140625000000001 0.5765625 0.3140625000000001 0.5765625 0.3437500000000001 0.65 0.3437500000000001
0 0.7109375 0.3140625000000001 0.6578125 0.3140625000000001 0.6578125 0.3359375000000001 0.7109375 0.3359375000000001
0 0.715625 0.33281250000000007 0.7078125 0.33281250000000007 0.7078125 0.34062500000000007 0.715625 0.34062500000000007
0 0.7453125 0.3187500000000001 0.7234375 0.3187500000000001 0.7234375 0.3375000000000001 0.7453125 0.3375000000000001
0 0.8046875 0.3156250000000001 0.753125 0.3156250000000001 0.753125 0.3359375000000001 0.8046875 0.3359375000000001
0 0.859375 0.3203125000000001 0.8140625 0.3203125000000001 0.8140625 0.3375000000000001 0.859375 0.3375000000000001
0 0.8640625 0.3359375000000001 0.8609375 0.3359375000000001 0.8609375 0.3375000000000001 0.8640625 0.3375000000000001
0 0.15312500000000004 0.371875 0.12656250000000005 0.371875 0.12656250000000005 0.3875 0.15312500000000004 0.3875
0 0.2140625000000001 0.365625 0.17031250000000003 0.365625 0.17031250000000003 0.3890625 0.2140625000000001 0.3890625
0 0.2718750000000001 0.365625 0.22031250000000008 0.365625 0.22031250000000008 0.3890625 0.2718750000000001 0.3890625
0 0.3750000000000001 0.36718750000000006 0.2843750000000001 0.3671875 0.2843750000000001 0.39062500000000006 0.3750000000000001 0.3906250000000001
0 0.415625 0.3812500000000001 0.3843750000000001 0.3812500000000001 0.3843750000000001 0.3937500000000001 0.415625 0.3937500000000001
0 0.546875 0.36406250000000007 0.4328125 0.36406250000000007 0.4328125 0.39531250000000007 0.546875 0.39531250000000007
0 0.6515625 0.36406250000000007 0.546875 0.36406250000000007 0.546875 0.3921875000000001 0.6515625 0.3921875000000001
0 0.690625 0.3687500000000001 0.6625 0.3687500000000001 0.6625 0.3890625000000001 0.690625 0.3890625000000001
0 0.7125 0.3703125000000001 0.69375 0.3703125000000001 0.69375 0.3859375000000001 0.7125 0.3859375000000001
0 0.790625 0.37187500000000007 0.73125 0.37187500000000007 0.73125 0.3937500000000001 0.790625 0.3937500000000001
0 0.7859375 0.3859375000000001 0.7828125 0.3859375000000001 0.7828125 0.3890625000000001 0.7859375 0.3890625000000001