0 0.203125 0.20625 0.16093750000000004 0.20625 0.16093750000000004 0.221875 0.203125 0.221875
0 0.275 0.209375 0.2234375 0.209375 0.2234375 0.228125 0.275 0.228125
0 0.31875 0.2078125 0.296875 0.2078125 0.296875 0.2296875 0.31875 0.2296875
0 0.3796875 0.20625000000000004 0.3375 0.20625 0.3375 0.22187500000000004 0.3796875 0.2218750000000001
0 0.4421875 0.20468750000000008 0.39375 0.20468750000000008 0.39375 0.2234375000000001 0.4421875 0.2234375000000001
0 0.5 0.21250000000000008 0.4609375 0.21250000000000008 0.4609375 0.2218750000000001 0.5 0.2218750000000001
0 0.6125 0.20468750000000008 0.51875 0.20468750000000008 0.51875 0.2218750000000001 0.6125 0.2218750000000001
0 0.65 0.2062500000000001 0.628125 0.2062500000000001 0.628125 0.2218750000000001 0.65 0.2218750000000001
0 0.678125 0.21250000000000008 0.6640625 0.21250000000000008 0.6640625 0.22031250000000008 0.678125 0.22031250000000008
0 0.7828125 0.2062500000000001 0.7 0.2062500000000001 0.7 0.22031250000000008 0.7828125 0.22031250000000008
0 0.853125 0.2062500000000001 0.8015625 0.2062500000000001 0.8015625 0.22031250000000008 0.853125 0.22031250000000008
0 0.2078125 0.2578125 0.15781250000000005 0.2578125 0.15781250000000005 0.2734375 0.2078125 0.2734375
0 0.259375 0.25625 0.228125 0.25625 0.228125 0.271875 0.259375 0.271875
0 0.334375 0.25625 0.2875 0.25625 0.2875 0.2734375 0.334375 0.2734375
0 0.4421875 0.2562500000000001 0.3640625 0.2562500000000001 0.3640625 0.2734375000000001 0.4421875 0.2734375000000001
0 0.515625 0.2578125000000001 0.4609375 0.2578125000000001 0.4609375 0.2718750000000001 0.515625 0.2718750000000001
0 0.565625 0.2562500000000001 0.528125 0.2562500000000001 0.528125 0.2718750000000001 0.565625 0.2718750000000001
0 0.64375 0.2562500000000001 0.58125 0.2562500000000001 0.58125 0.2734375000000001 0.64375 0.2734375000000001
0 0.703125 0.2593750000000001 0.6609375 0.2593750000000001 0.6609375 0.27812500000000007 0.703125 0.27812500000000007
0 0.71875 0.2671875000000001 0.715625 0.2671875000000001 0.715625 0.27031250000000007 0.71875 0.27031250000000007
0 0.7609375 0.25468750000000007 0.7234375 0.25468750000000007 0.7234375 0.27031250000000007 0.7609375 0.27031250000000007
0 0.8046875 0.2562500000000001 0.7765625 0.2562500000000001 0.7765625 0.27031250000000007 0.8046875 0.27031250000000007
0 0.8859375 0.2578125000000001 0.821875 0.2578125000000001 0.821875 0.27031250000000007 0.8859375 0.27031250000000007
0 0.17031250000000003 0.3171875 0.15937500000000004 0.3171875 0.15937500000000004 0.3234375 0.17031250000000003 0.3234375
0 0.2625 0.3078125 0.19687500000000005 0.3078125 0.19687500000000005 0.3296875 0.2625 0.3296875
0 0.328125 0.309375 0.2828125 0.309375 0.2828125 0.325 0.328125 0.325
0 0.46875 0.30781250000000004 0.35 0.3078125 0.35 0.32343750000000004 0.46875 0.3234375000000001
0 0.540625 0.3078125000000001 0.4875 0.3078125000000001 0.4875 0.3218750000000001 0.540625 0.3218750000000001
0 0.55 0.3187500000000001 0.5484375 0.3187500000000001 0.5484375 0.3218750000000001 0.55 0.3218750000000001
0 0.578125 0.30937500000000007 0.5640625 0.30937500000000007 0.5640625 0.3234375000000001 0.578125 0.3234375000000001
0 0.6296875 0.3140625000000001 0.596875 0.3140625000000001 0.596875 0.3218750000000001 0.6296875 0.3218750000000001
0 0.7046875 0.3046875000000001 0.64375 0.3046875000000001 0.64375 0.3234375000000001 0.7046875 0.3234375000000001
0 0.7265625 0.3140625000000001 0.715625 0.3140625000000001 0.715625 0.3156250000000001 0.7265625 0.3156250000000001
0 0.7640625 0.3046875000000001 0.73125 0.3046875000000001 0.73125 0.3203125000000001 0.7640625 0.3203125000000001
0 0.8734375 0.3062500000000001 0.7890625 0.3062500000000001 0.7890625 0.3218750000000001 0.8734375 0.3218750000000001
0 0.23125000000000004 0.35625 0.16250000000000003 0.35625 0.16250000000000003 0.371875 0.2312500000000001 0.371875
0 0.2984375 0.3578125 0.2515625 0.3578125 0.2515625 0.375 0.2984375000000001 0.375
0 0.4046875 0.35781250000000003 0.31875 0.3578125 0.31875000000000003 0.37343750000000003 0.4046875 0.3734375000000001
0 0.45625 0.3593750000000001 0.425 0.3593750000000001 0.425 0.3750000000000001 0.45625 0.3750000000000001
0 0.5671875 0.35625000000000007 0.475 0.35625000000000007 0.475 0.3734375000000001 0.5671875 0.3734375000000001
0 0.6046875 0.3593750000000001 0.590625 0.3593750000000001 0.590625 0.3734375000000001 0.6046875 0.3734375000000001
0 0.6921875 0.3578125000000001 0.625 0.3578125000000001 0.625 0.3781250000000001 0.6921875 0.3781250000000001
0 0.8109375 0.3609375000000001 0.709375 0.3609375000000001 0.709375 0.3734375000000001 0.8109375 0.3734375000000001
0 0.85 0.3546875000000001 0.8265625 0.3546875000000001 0.8265625 0.3781250000000001 0.85 0.3781250000000001
0 0.19062500000000004 0.409375 0.15312500000000004 0.409375 0.15312500000000004 0.425 0.19062500000000004 0.425
0 0.21250000000000008 0.4171875 0.20312500000000008 0.4171875 0.20312500000000008 0.41875 0.21250000000000008 0.41875
0 0.26250000000000007 0.4078125 0.2250000000000001 0.4078125 0.2250000000000001 0.4234375 0.26250000000000007 0.4234375
0 0.3031250000000001 0.40625 0.28593750000000007 0.40625 0.28593750000000007 0.4234375 0.3031250000000001 0.4234375
0 0.3578125000000001 0.415625 0.32500000000000007 0.415625 0.32500000000000007 0.425 0.3578125000000001 0.425
0 0.434375 0.409375 0.3750000000000001 0.409375 0.3750000000000001 0.43125 0.434375 0.43125
0 0.509375 0.4078125 0.4515625 0.4078125 0.4515625 0.425 0.509375 0.425
0 0.51875 0.4203125 0.5171875 0.4203125 0.5171875 0.421875 0.51875 0.421875
0 0.5484375 0.409375 0.53125 0.409375 0.53125 0.425 0.5484375 0.425
0 0.6 0.40625 0.5640625 0.40625 0.5640625 0.4234375 0.6 0.4234375
0 0.6578125 0.4078125 0.61875 0.4078125 0.61875 0.421875 0.6578125 0.421875
0 0.840625 0.4078125000000001 0.6734375 0.4078125 0.6734375 0.4296875000000001 0.840625 0.42968750000000017
0 0.85 0.42187500000000017 0.8484375 0.42187500000000017 0.8484375 0.42500000000000016 0.85 0.42500000000000016
0 0.878125 0.40625000000000017 0.8640625 0.40625000000000017 0.8640625 0.42187500000000017 0.878125 0.42187500000000017
0 0.19531250000000006 0.4640625 0.15937500000000004 0.4640625 0.15937500000000004 0.475 0.19531250000000006 0.475
0 0.3109375000000001 0.459375 0.2140625000000001 0.459375 0.2140625000000001 0.484375 0.3109375000000001 0.484375
0 0.3453125000000001 0.4640625 0.3312500000000001 0.4640625 0.3312500000000001 0.471875 0.3453125000000001 0.471875
0 0.4953125 0.4578125 0.3703125000000001 0.4578125 0.3703125000000001 0.4828125 0.4953125 0.4828125
0 0.5609375 0.459375 0.5140625 0.459375 0.5140625 0.4796875 0.5609375 0.4796875
0 0.6 0.4578125 0.578125 0.4578125 0.578125 0.4796875 0.6 0.4796875
0 0.6703125 0.4578125 0.6203125 0.4578125 0.6203125 0.4734375 0.6703125 0.4734375
0 0.6859375 0.471875 0.68125 0.471875 0.68125 0.4796875 0.6859375 0.4796875
0 0.734375 0.4609375000000001 0.696875 0.4609375 0.696875 0.47343750000000007 0.734375 0.4734375000000002
0 0.771875 0.4578125000000002 0.7578125 0.4578125000000002 0.7578125 0.4734375000000002 0.771875 0.4734375000000002
0 0.828125 0.46406250000000016 0.7921875 0.46406250000000016 0.7921875 0.4734375000000002 0.828125 0.4734375000000002
0 0.88125 0.45625000000000016 0.846875 0.45625000000000016 0.846875 0.4734375000000002 0.88125 0.4734375000000002
0 0.2062500000000001 0.51875 0.17343750000000005 0.51875 0.17343750000000005 0.528125 0.2062500000000001 0.528125
0 0.2796875000000001 0.5140625 0.2328125000000001 0.5140625 0.2328125000000001 0.534375 0.2796875000000001 0.534375
0 0.3453125000000001 0.5078125 0.2984375000000001 0.5078125 0.2984375000000001 0.5296875 0.3453125000000001 0.5296875
0 0.3921875000000001 0.5078125 0.3671875000000001 0.5078125 0.3671875000000001 0.53125 0.3921875000000001 0.53125
0 0.4703125 0.509375 0.41875 0.509375 0.41875 0.525 0.4703125 0.525
0 0.528125 0.5109375 0.5046875 0.5109375 0.5046875 0.525 0.528125 0.525
0 0.6234375 0.5078125 0.5515625 0.5078125 0.5515625 0.525 0.6234375 0.525
0 0.7046875 0.509375 0.6609375 0.509375 0.6609375 0.5234375 0.7046875 0.5234375
0 0.771875 0.5078125000000002 0.7265625 0.5078125000000002 0.7265625 0.5281250000000002 0.771875 0.5281250000000002
0 0.8140625 0.5171875000000001 0.8015625 0.5171875000000001 0.8015625 0.5250000000000001 0.8140625 0.5250000000000001
0 0.25468750000000007 0.559375 0.1765625000000001 0.559375 0.1765625000000001 0.5828125 0.25468750000000007 0.5828125
0 0.2828125000000001 0.565625 0.2562500000000001 0.565625 0.2562500000000001 0.5734375 0.2828125000000001 0.5734375