0 0.259375 0.253125 0.15781250000000005 0.253125 0.15781250000000005 0.2734375 0.259375 0.2734375
0 0.3015625 0.259375 0.2703125 0.259375 0.2703125 0.275 0.3015625 0.275
0 0.3453125 0.2546875 0.3125 0.2546875 0.3125 0.2734375 0.3453125 0.2734375
0 0.425 0.25312500000000004 0.3421875 0.253125 0.3421875 0.27187500000000003 0.425 0.2718750000000001
0 0.4765625 0.25468750000000007 0.44375 0.25468750000000007 0.44375 0.2718750000000001 0.4765625 0.2718750000000001
0 0.59375 0.2531250000000001 0.484375 0.2531250000000001 0.484375 0.2734375000000001 0.59375 0.2734375000000001
0 0.6359375 0.2578125000000001 0.6078125 0.2578125000000001 0.6078125 0.2718750000000001 0.6359375 0.2718750000000001
0 0.7046875 0.2578125000000001 0.640625 0.2578125000000001 0.640625 0.2750000000000001 0.7046875 0.2750000000000001
0 0.7296875 0.2609375000000001 0.7171875 0.2609375000000001 0.7171875 0.2750000000000001 0.7296875 0.2750000000000001
0 0.76875 0.2562500000000001 0.7296875 0.2562500000000001 0.7296875 0.2750000000000001 0.76875 0.2750000000000001
0 0.8328125 0.2562500000000001 0.7796875 0.2562500000000001 0.7796875 0.2750000000000001 0.8328125 0.2750000000000001
0 0.19687500000000005 0.3046875 0.15781250000000005 0.3046875 0.15781250000000005 0.321875 0.19687500000000005 0.321875
0 0.30625 0.3078125 0.2109375 0.3078125 0.2109375 0.3375 0.30625 0.3375
0 0.35 0.3046875 0.3203125 0.3046875 0.3203125 0.325 0.35 0.325
0 0.396875 0.30781250000000004 0.35625 0.3078125 0.35625 0.32343750000000004 0.396875 0.3234375000000001
0 0.5 0.3062500000000001 0.4140625 0.3062500000000001 0.4140625 0.3281250000000001 0.5 0.3281250000000001
0 0.5875 0.30937500000000007 0.5109375 0.30937500000000007 0.5109375 0.3265625000000001 0.5875 0.3265625000000001
0 0.628125 0.3062500000000001 0.596875 0.3062500000000001 0.596875 0.32500000000000007 0.628125 0.32500000000000007
0 0.765625 0.30937500000000007 0.6375 0.30937500000000007 0.6375 0.3265625000000001 0.765625 0.3265625000000001
0 0.7734375 0.3218750000000001 0.7703125 0.3218750000000001 0.7703125 0.3234375000000001 0.7734375 0.3234375000000001
0 0.81875 0.3062500000000001 0.771875 0.3062500000000001 0.771875 0.3218750000000001 0.81875 0.3218750000000001
0 0.259375 0.35625 0.15781250000000005 0.35625 0.15781250000000005 0.3859375 0.2593750000000001 0.3859375
0 0.30468750000000006 0.353125 0.275 0.353125 0.275 0.375 0.3046875000000001 0.375
0 0.34843750000000007 0.35625 0.3078125 0.35625 0.30781250000000004 0.375 0.34843750000000007 0.375
0 0.4546875 0.35625000000000007 0.3671875 0.35625000000000007 0.36718750000000006 0.3781250000000001 0.4546875 0.3781250000000001
0 0.459375 0.3703125000000001 0.45625 0.3703125000000001 0.45625 0.37968750000000007 0.459375 0.37968750000000007
0 0.5546875 0.3546875000000001 0.4703125 0.3546875000000001 0.4703125 0.3750000000000001 0.5546875 0.3750000000000001
0 0.640625 0.3531250000000001 0.5703125 0.3531250000000001 0.5703125 0.3750000000000001 0.640625 0.3750000000000001
0 0.6890625 0.3593750000000001 0.65625 0.3593750000000001 0.65625 0.3734375000000001 0.6890625 0.3734375000000001
0 0.7171875 0.3593750000000001 0.6984375 0.3593750000000001 0.6984375 0.3734375000000001 0.7171875 0.3734375000000001
0 0.7671875 0.35625000000000007 0.73125 0.35625000000000007 0.73125 0.3765625000000001 0.7671875 0.3765625000000001
0 0.803125 0.3609375000000001 0.7796875 0.3609375000000001 0.7796875 0.3765625000000001 0.803125 0.3765625000000001
0 0.884375 0.3546875000000001 0.81875 0.3546875000000001 0.81875 0.3734375000000001 0.884375 0.3734375000000001
0 0.896875 0.3687500000000001 0.8875 0.3687500000000001 0.8875 0.37968750000000007 0.896875 0.37968750000000007
0 0.2562500000000001 0.40625 0.15781250000000005 0.40625 0.15781250000000005 0.4265625 0.2562500000000001 0.4265625
0 0.446875 0.40625 0.2734375000000001 0.40625 0.2734375000000001 0.434375 0.446875 0.434375
0 0.49375 0.409375 0.465625 0.409375 0.465625 0.425 0.49375 0.425
0 0.5609375 0.40625 0.5015625 0.40625 0.5015625 0.425 0.5609375 0.425
0 0.5703125 0.421875 0.565625 0.421875 0.565625 0.43125 0.5703125 0.43125
0 0.659375 0.40625 0.5765625 0.40625 0.5765625 0.425 0.659375 0.425
0 0.6984375 0.40625 0.6703125 0.40625 0.6703125 0.425 0.6984375 0.425
0 0.7671875 0.4062500000000001 0.709375 0.40625 0.709375 0.42656250000000007 0.7671875 0.4265625000000002
0 0.8234375 0.4078125000000002 0.778125 0.4078125000000002 0.778125 0.4265625000000002 0.8234375 0.4265625000000002
0 0.8578125 0.4078125000000002 0.83125 0.4078125000000002 0.83125 0.42500000000000016 0.8578125 0.42500000000000016
0 0.2718750000000001 0.4578125 0.16406250000000006 0.4578125 0.16406250000000006 0.4765625 0.2718750000000001 0.4765625
0 0.2843750000000001 0.4734375 0.2812500000000001 0.4734375 0.2812500000000001 0.475 0.2843750000000001 0.475
0 0.35625000000000007 0.45625 0.2906250000000001 0.45625 0.2906250000000001 0.4765625 0.35625000000000007 0.4765625
0 0.4015625 0.4609375 0.3750000000000001 0.4609375 0.3750000000000001 0.4765625 0.4015625 0.4765625
0 0.4546875 0.4578125 0.415625 0.4578125 0.415625 0.475 0.4546875 0.475
0 0.590625 0.4578125 0.4703125 0.4578125 0.4703125 0.4765625 0.590625 0.4765625
0 0.7078125 0.4578125 0.60625 0.4578125 0.60625 0.48125 0.7078125 0.48125
0 0.753125 0.45781250000000007 0.7234375 0.4578125 0.7234375 0.4765625000000001 0.753125 0.47656250000000017
0 0.853125 0.4593750000000002 0.759375 0.4593750000000002 0.759375 0.47656250000000017 0.853125 0.47656250000000017
0 0.32500000000000007 0.509375 0.16093750000000004 0.509375 0.16093750000000004 0.53125 0.32500000000000007 0.53125
0 0.3359375000000001 0.5203125 0.33281250000000007 0.5203125 0.33281250000000007 0.5234375 0.3359375000000001 0.5234375
0 0.3671875000000001 0.509375 0.34843750000000007 0.509375 0.34843750000000007 0.525 0.3671875000000001 0.525
0 0.490625 0.5109375 0.3906250000000001 0.5109375 0.3906250000000001 0.525 0.490625 0.525
0 0.5546875 0.509375 0.509375 0.509375 0.509375 0.5375 0.5546875 0.5375
0 0.59375 0.5078125 0.571875 0.5078125 0.571875 0.528125 0.59375 0.528125
0 0.6921875 0.5078125 0.6078125 0.5078125 0.6078125 0.528125 0.6921875 0.528125
0 0.7765625 0.5062500000000001 0.70625 0.50625 0.70625 0.5265625 0.7765625 0.5265625000000002
0 0.85 0.5062500000000002 0.7875 0.5062500000000002 0.7875 0.5265625000000002 0.85 0.5265625000000002
0 0.2375000000000001 0.5578125 0.16406250000000008 0.5578125 0.16406250000000008 0.5796875 0.2375000000000001 0.5796875
0 0.30937500000000007 0.559375 0.2593750000000001 0.559375 0.2593750000000001 0.5765625 0.30937500000000007 0.5765625
0 0.403125 0.559375 0.3265625000000001 0.559375 0.3265625000000001 0.578125 0.403125 0.578125
0 0.4421875 0.5578125 0.415625 0.5578125 0.415625 0.5796875 0.4421875 0.5796875
0 0.4703125 0.5625 0.45 0.5625 0.45 0.578125 0.4703125 0.578125
0 0.5484375 0.5609375 0.4921875 0.5609375 0.4921875 0.5875 0.5484375 0.5875
0 0.5984375 0.55625 0.56875 0.55625 0.56875 0.578125 0.5984375 0.578125
0 0.71875 0.55625 0.6109375 0.55625 0.6109375 0.5796875 0.71875 0.5796875
0 0.8015625 0.5578125000000002 0.7375 0.5578125000000002 0.7375 0.5843750000000002 0.8015625 0.5843750000000002
0 0.809375 0.5718750000000001 0.8078125 0.5718750000000001 0.8078125 0.5734375000000002 0.809375 0.5734375000000002