0 0.20625 0.2171875 0.14062500000000006 0.2171875 0.14062500000000006 0.246875 0.20625 0.246875
0 0.275 0.221875 0.2265625 0.221875 0.2265625 0.246875 0.275 0.246875
0 0.4390625 0.23281250000000003 0.3015625 0.2328125 0.3015625 0.26406250000000003 0.4390625 0.2640625000000001
0 0.4890625 0.22656250000000008 0.4609375 0.22656250000000008 0.4609375 0.2468750000000001 0.4890625 0.2468750000000001
0 0.5546875 0.22031250000000008 0.509375 0.22031250000000008 0.509375 0.2468750000000001 0.5546875 0.2468750000000001
0 0.6328125 0.22031250000000008 0.571875 0.22031250000000008 0.571875 0.2468750000000001 0.6328125 0.2468750000000001
0 0.6703125 0.2250000000000001 0.65 0.2250000000000001 0.65 0.24375000000000008 0.6703125 0.24375000000000008
0 0.825 0.22031250000000008 0.6875 0.22031250000000008 0.6875 0.2453125000000001 0.825 0.2453125000000001
0 0.9125 0.21875000000000008 0.8375 0.21875000000000008 0.8375 0.24375000000000008 0.9125 0.24375000000000008
0 0.16718750000000004 0.28125 0.14062500000000006 0.28125 0.14062500000000006 0.2984375 0.16718750000000004 0.2984375
0 0.2328125 0.271875 0.18906250000000005 0.271875 0.18906250000000005 0.2984375 0.2328125 0.2984375
0 0.3171875 0.2671875 0.2609375 0.2671875 0.2609375 0.2984375 0.3171875 0.2984375
0 0.3921875 0.27656250000000004 0.340625 0.2765625 0.340625 0.30625 0.3921875 0.3062500000000001
0 0.44375 0.2734375000000001 0.4125 0.2734375000000001 0.4125 0.2968750000000001 0.44375 0.2968750000000001
0 0.503125 0.2734375000000001 0.459375 0.2734375000000001 0.459375 0.2953125000000001 0.503125 0.2953125000000001
0 0.6109375 0.2718750000000001 0.51875 0.2718750000000001 0.51875 0.2968750000000001 0.6109375 0.2968750000000001
0 0.6203125 0.29375000000000007 0.6171875 0.29375000000000007 0.6171875 0.30156250000000007 0.6203125 0.30156250000000007
0 0.6734375 0.28593750000000007 0.6390625 0.28593750000000007 0.6390625 0.2968750000000001 0.6734375 0.2968750000000001
0 0.7578125 0.2718750000000001 0.690625 0.2718750000000001 0.690625 0.2953125000000001 0.7578125 0.2953125000000001
0 0.8296875 0.2687500000000001 0.7734375 0.2687500000000001 0.7734375 0.2953125000000001 0.8296875 0.2953125000000001
0 0.84375 0.27812500000000007 0.8390625 0.27812500000000007 0.8390625 0.2828125000000001 0.84375 0.2828125000000001
0 0.9234375 0.2718750000000001 0.8453125 0.2718750000000001 0.8453125 0.2953125000000001 0.9234375 0.2953125000000001
0 0.18906250000000005 0.325 0.14218750000000005 0.325 0.14218750000000005 0.3515625 0.18906250000000005 0.3515625
0 0.278125 0.3265625 0.20625 0.3265625 0.20625 0.3484375 0.278125 0.3484375
0 0.3609375 0.325 0.296875 0.325 0.296875 0.35 0.3609375 0.35
0 0.4234375 0.3218750000000001 0.3875 0.3218750000000001 0.3875 0.34843750000000007 0.4234375 0.34843750000000007
0 0.4609375 0.3375000000000001 0.4359375 0.3375000000000001 0.4359375 0.3468750000000001 0.4609375 0.3468750000000001
0 0.528125 0.3312500000000001 0.4765625 0.3312500000000001 0.4765625 0.3703125000000001 0.528125 0.3703125000000001
0 0.609375 0.3375000000000001 0.5484375 0.3375000000000001 0.5484375 0.3656250000000001 0.609375 0.3656250000000001
0 0.684375 0.3359375000000001 0.628125 0.3359375000000001 0.628125 0.3734375000000001 0.684375 0.3734375000000001
0 0.7765625 0.3218750000000001 0.7 0.3218750000000001 0.7 0.3468750000000001 0.7765625 0.3468750000000001
0 0.78125 0.3453125000000001 0.778125 0.3453125000000001 0.778125 0.3515625000000001 0.78125 0.3515625000000001
0 0.853125 0.3218750000000001 0.796875 0.3218750000000001 0.796875 0.3703125000000001 0.853125 0.3703125000000001
0 0.19531250000000006 0.3734375 0.14062500000000006 0.3734375 0.14062500000000006 0.421875 0.19531250000000006 0.421875
0 0.2921875000000001 0.3890625 0.2234375000000001 0.3890625 0.2234375000000001 0.41875 0.2921875000000001 0.41875
0 0.3343750000000001 0.3765625 0.3078125000000001 0.3765625 0.3078125000000001 0.4 0.3343750000000001 0.4
0 0.3734375000000001 0.38906250000000003 0.3437500000000001 0.3890625 0.3437500000000001 0.4015625 0.3734375000000001 0.4015625
0 0.5109375 0.37187500000000007 0.3937500000000001 0.37187500000000007 0.3937500000000001 0.4015625 0.5109375 0.4015625
0 0.640625 0.3750000000000001 0.5328125 0.3750000000000001 0.5328125 0.4 0.640625 0.4
0 0.7109375 0.3859375000000001 0.6546875 0.3859375000000001 0.6546875 0.421875 0.7109375 0.421875
0 0.7859375 0.3812500000000001 0.7234375 0.3812500000000001 0.7234375 0.4218750000000001 0.7859375 0.42187500000000017
0 0.7875 0.3781250000000001 0.784375 0.3781250000000001 0.784375 0.3859375000000001 0.7875 0.3859375000000001
0 0.8171875 0.3703125000000001 0.803125 0.3703125000000001 0.803125 0.3968750000000001 0.8171875 0.3968750000000001
0 0.8625 0.3765625000000001 0.815625 0.3765625000000001 0.815625 0.3968750000000001 0.8625 0.3968750000000001
0 0.8984375 0.3750000000000001 0.875 0.3750000000000001 0.875 0.3984375000000001 0.8984375 0.3984375000000001
0 0.20312500000000008 0.428125 0.13750000000000004 0.428125 0.13750000000000004 0.453125 0.20312500000000008 0.453125
0 0.2890625000000001 0.428125 0.22656250000000008 0.428125 0.22656250000000008 0.453125 0.2890625000000001 0.453125
0 0.3343750000000001 0.4296875 0.3109375000000001 0.4296875 0.3109375000000001 0.4515625 0.3343750000000001 0.4515625
0 0.4109375 0.4296875 0.3515625000000001 0.4296875 0.3515625000000001 0.4515625 0.4109375 0.4515625
0 0.4765625 0.428125 0.43125 0.428125 0.43125 0.4515625 0.4765625 0.4515625
0 0.5796875 0.43125 0.5 0.43125 0.5 0.459375 0.5796875 0.459375
0 0.66875 0.428125 0.6046875 0.428125 0.6046875 0.4515625 0.66875 0.4515625
0 0.740625 0.42656250000000007 0.6796875 0.4265625 0.6796875 0.4515625000000001 0.740625 0.4515625000000002
0 0.7671875 0.4312500000000002 0.7515625 0.4312500000000002 0.7515625 0.4390625000000002 0.7671875 0.4390625000000002
0 0.83125 0.42187500000000017 0.771875 0.42187500000000017 0.771875 0.44843750000000016 0.83125 0.44843750000000016
0 0.8828125 0.4265625000000002 0.8390625 0.4265625000000002 0.8390625 0.46406250000000016 0.8828125 0.46406250000000016
0 0.2078125000000001 0.4734375 0.13750000000000004 0.4734375 0.13750000000000004 0.5046875 0.2078125000000001 0.5046875
0 0.2984375000000001 0.4765625 0.22656250000000008 0.4765625 0.22656250000000008 0.5046875 0.2984375000000001 0.5046875
0 0.3734375000000001 0.4765625 0.3125000000000001 0.4765625 0.3125000000000001 0.503125 0.3734375000000001 0.503125
0 0.4140625 0.4765625 0.3921875000000001 0.4765625 0.3921875000000001 0.5015625 0.4140625 0.5015625
0 0.478125 0.490625 0.4265625 0.490625 0.4265625 0.521875 0.478125 0.521875
0 0.6015625 0.4734375 0.4984375 0.4734375 0.4984375 0.503125 0.6015625 0.503125
0 0.60625 0.478125 0.6 0.478125 0.6 0.4890625 0.60625 0.4890625
0 0.63125 0.471875 0.6171875 0.471875 0.6171875 0.5 0.63125 0.5
0 0.665625 0.475 0.634375 0.475 0.634375 0.5 0.665625 0.5
0 0.709375 0.4890625 0.68125 0.4890625 0.68125 0.5 0.709375 0.5
0 0.7640625 0.4906250000000001 0.7234375 0.490625 0.7234375 0.5015625000000001 0.7640625 0.5015625000000001
0 0.8390625 0.47968750000000016 0.775 0.47968750000000016 0.775 0.5015625000000001 0.8390625 0.5015625000000001
0 0.8875 0.4890625000000002 0.8421875 0.4890625000000002 0.8421875 0.5156250000000002 0.8875 0.5156250000000002
0 0.17812500000000006 0.54375 0.13593750000000004 0.54375 0.13593750000000007 0.5546875 0.1781250000000001 0.5546875
0 0.2953125000000001 0.5265625 0.19531250000000006 0.5265625 0.19531250000000006 0.575 0.2953125000000001 0.575
0 0.3671875000000001 0.5265625 0.3234375000000001 0.5265625 0.3234375000000001 0.553125 0.3671875000000001 0.553125
0 0.453125 0.528125 0.3921875000000001 0.528125 0.3921875000000001 0.5546875 0.453125 0.5546875
0 0.4609375 0.5515625 0.4546875 0.5515625 0.4546875 0.5578125 0.4609375 0.5578125
0 0.5234375 0.5421875 0.484375 0.5421875 0.484375 0.553125 0.5234375 0.553125
0 0.615625 0.5296875 0.5375 0.5296875 0.5375 0.553125 0.615625 0.553125
0 0.690625 0.53125 0.63125 0.53125 0.63125 0.553125 0.690625 0.553125
0 0.784375 0.5265625 0.715625 0.5265625 0.715625 0.5531250000000001 0.784375 0.5531250000000002
0 0.8703125 0.5281250000000002 0.8 0.5281250000000002 0.8 0.5515625000000002 0.8703125 0.5515625000000002
0 0.16406250000000008 0.58125 0.14062500000000008 0.58125 0.14062500000000008 0.60625 0.16406250000000008 0.60625
0 0.22656250000000008 0.5796875 0.18750000000000008 0.5796875 0.18750000000000008 0.60625 0.22656250000000008 0.60625
0 0.36406250000000007 0.578125 0.2500000000000001 0.578125 0.2500000000000001 0.60625 0.36406250000000007 0.60625
0 0.4375 0.59375 0.3890625000000001 0.59375 0.3890625000000001 0.6234375 0.4375 0.6234375
0 0.5359375 0.59375 0.4609375 0.59375 0.4609375 0.6046875 0.5359375 0.6046875
0 0.7015625 0.5765625 0.5578125 0.5765625 0.5578125 0.6234375 0.7015625 0.6234375
0 0.778125 0.5781250000000001 0.725 0.578125 0.725 0.6031250000000001 0.778125 0.6031250000000001
0 0.840625 0.5796875000000001 0.7953125 0.5796875000000001 0.7953125 0.6031250000000001 0.840625 0.6031250000000001
0 0.2640625000000001 0.628125 0.14218750000000008 0.628125 0.14218750000000008 0.6578125 0.2640625000000001 0.6578125
0 0.36406250000000007 0.6296875 0.3031250000000001 0.6296875 0.3031250000000001 0.65625 0.36406250000000007 0.65625
0 0.471875 0.6421875 0.3921875000000001 0.6421875 0.3921875000000001 0.675 0.471875 0.675
0 0.565625 0.64375 0.5 0.64375 0.5 0.6546875 0.565625 0.6546875
0 0.6625 0.634375 0.5890625 0.634375 0.5890625 0.6578125 0.6625 0.6578125
0 0.7515625 0.628125 0.6890625 0.628125 0.6890625 0.6546875000000001 0.7515625 0.6546875000000002
0 0.8703125 0.6281250000000002 0.775 0.6281250000000002 0.775 0.6531250000000002 0.8703125 0.6531250000000002
0 0.2250000000000001 0.6796875 0.14843750000000008 0.6796875 0.14843750000000008 0.709375 0.2250000000000001 0.709375
0 0.3843750000000001 0.68125 0.2656250000000001 0.68125 0.2656250000000001 0.7078125 0.3843750000000001 0.7078125
0 0.5828125 0.6859375 0.4296875 0.6859375 0.4296875 0.725 0.5828125 0.725
0 0.690625 0.69375 0.60625 0.69375 0.60625 0.7140625 0.690625 0.7140625
0 0.6953125 0.7015625 0.69375 0.7015625 0.69375 0.703125 0.6953125 0.703125