0 0.23125 0.20625 0.14531250000000004 0.20625 0.14531250000000004 0.2203125 0.23125 0.2203125
0 0.3203125 0.2078125 0.2546875 0.2078125 0.2546875 0.221875 0.3203125 0.221875
0 0.484375 0.20625000000000004 0.3390625 0.20625 0.3390625 0.22187500000000004 0.484375 0.2218750000000001
0 0.6125 0.2093750000000001 0.5046875 0.2093750000000001 0.5046875 0.2218750000000001 0.6125 0.2218750000000001
0 0.7390625 0.21093750000000008 0.634375 0.21093750000000008 0.634375 0.22812500000000008 0.7390625 0.22812500000000008
0 0.81875 0.2156250000000001 0.7515625 0.2156250000000001 0.7515625 0.2296875000000001 0.81875 0.2296875000000001
0 0.2125 0.25625 0.14531250000000004 0.25625 0.14531250000000004 0.2703125 0.2125 0.2703125
0 0.3546875 0.25625 0.2296875 0.25625 0.2296875 0.2765625 0.3546875 0.2765625
0 0.40625 0.26250000000000007 0.371875 0.26250000000000007 0.371875 0.2718750000000001 0.40625 0.2718750000000001
0 0.5234375 0.2593750000000001 0.4296875 0.2593750000000001 0.4296875 0.2718750000000001 0.5234375 0.2718750000000001
0 0.6125 0.2578125000000001 0.5421875 0.2578125000000001 0.5421875 0.2718750000000001 0.6125 0.2718750000000001
0 0.671875 0.2609375000000001 0.625 0.2609375000000001 0.625 0.2718750000000001 0.671875 0.2718750000000001
0 0.7875 0.2593750000000001 0.6890625 0.2593750000000001 0.6890625 0.2750000000000001 0.7875 0.2750000000000001
0 0.275 0.3109375 0.14687500000000003 0.3109375 0.14687500000000003 0.321875 0.275 0.321875
0 0.325 0.309375 0.2953125 0.309375 0.2953125 0.3234375 0.325 0.3234375
0 0.4375 0.30781250000000004 0.3390625 0.3078125 0.3390625 0.32812500000000006 0.4375 0.3281250000000001
0 0.4515625 0.3218750000000001 0.4484375 0.3218750000000001 0.4484375 0.3265625000000001 0.4515625 0.3265625000000001
0 0.4921875 0.30937500000000007 0.4640625 0.30937500000000007 0.4640625 0.3218750000000001 0.4921875 0.3218750000000001
0 0.5828125 0.3109375000000001 0.5125 0.3109375000000001 0.5125 0.3234375000000001 0.5828125 0.3234375000000001
0 0.646875 0.30937500000000007 0.603125 0.30937500000000007 0.603125 0.3234375000000001 0.646875 0.3234375000000001
0 0.790625 0.3125000000000001 0.66875 0.3125000000000001 0.66875 0.3234375000000001 0.790625 0.3234375000000001
0 0.27968750000000003 0.3578125 0.15312500000000004 0.3578125 0.15312500000000004 0.3796875 0.2796875000000001 0.3796875
0 0.2875000000000001 0.371875 0.2843750000000001 0.371875 0.2843750000000001 0.3734375 0.2875000000000001 0.3734375
0 0.384375 0.35937500000000006 0.30625 0.359375 0.30625 0.37343750000000003 0.3843750000000001 0.3734375000000001
0 0.48125 0.3656250000000001 0.4109375 0.3656250000000001 0.4109375 0.37968750000000007 0.48125 0.37968750000000007
0 0.5734375 0.3609375000000001 0.503125 0.3609375000000001 0.503125 0.3734375000000001 0.5734375 0.3734375000000001
0 0.7015625 0.3609375000000001 0.6 0.3609375000000001 0.6 0.3750000000000001 0.7015625 0.3750000000000001
0 0.7671875 0.3609375000000001 0.721875 0.3609375000000001 0.721875 0.3750000000000001 0.7671875 0.3750000000000001
0 0.2562500000000001 0.409375 0.15000000000000005 0.409375 0.15000000000000005 0.4234375 0.2562500000000001 0.4234375
0 0.27812500000000007 0.409375 0.2687500000000001 0.409375 0.2687500000000001 0.4234375 0.27812500000000007 0.4234375
0 0.36406250000000007 0.4109375 0.2828125000000001 0.4109375 0.2828125000000001 0.4234375 0.36406250000000007 0.4234375
0 0.4203125 0.4109375 0.3859375000000001 0.4109375 0.3859375000000001 0.4234375 0.4203125 0.4234375
0 0.4359375 0.409375 0.425 0.409375 0.425 0.425 0.4359375 0.425
0 0.4578125 0.409375 0.44375 0.409375 0.44375 0.415625 0.4578125 0.415625
0 0.4890625 0.409375 0.4671875 0.409375 0.4671875 0.4265625 0.4890625 0.4265625
0 0.590625 0.409375 0.5078125 0.409375 0.5078125 0.4234375 0.590625 0.4234375
0 0.6890625 0.409375 0.6265625 0.409375 0.6265625 0.425 0.6890625 0.425
0 0.7546875 0.4125000000000001 0.7046875 0.4125 0.7046875 0.4250000000000001 0.7546875 0.42500000000000016
0 0.8609375 0.40937500000000016 0.7671875 0.40937500000000016 0.7671875 0.42968750000000017 0.8609375 0.42968750000000017
0 0.18750000000000006 0.4609375 0.14375000000000004 0.4609375 0.14375000000000004 0.4734375 0.18750000000000006 0.4734375
0 0.2671875000000001 0.459375 0.2062500000000001 0.459375 0.2062500000000001 0.4734375 0.2671875000000001 0.4734375
0 0.3281250000000001 0.4609375 0.29375000000000007 0.4609375 0.29375000000000007 0.475 0.3281250000000001 0.475
0 0.3921875000000001 0.4609375 0.3453125000000001 0.4609375 0.3453125000000001 0.475 0.3921875000000001 0.475
0 0.484375 0.4609375 0.415625 0.4609375 0.415625 0.475 0.484375 0.475
0 0.4984375 0.471875 0.4921875 0.471875 0.4921875 0.4796875 0.4984375 0.4796875
0 0.6171875 0.459375 0.5234375 0.459375 0.5234375 0.48125 0.6171875 0.48125
0 0.6703125 0.4625 0.6359375 0.4625 0.6359375 0.475 0.6703125 0.475
0 0.76875 0.4671875000000001 0.690625 0.4671875 0.690625 0.4750000000000001 0.76875 0.4750000000000002
0 0.8421875 0.4625000000000002 0.7953125 0.4625000000000002 0.7953125 0.47656250000000017 0.8421875 0.47656250000000017
0 0.2140625000000001 0.509375 0.14687500000000003 0.509375 0.14687500000000003 0.5234375 0.2140625000000001 0.5234375
0 0.2890625000000001 0.5125 0.22656250000000008 0.5125 0.22656250000000008 0.5265625 0.2890625000000001 0.5265625
0 0.3734375000000001 0.509375 0.3140625000000001 0.509375 0.3140625000000001 0.5265625 0.3734375000000001 0.5265625
0 0.4453125 0.5109375 0.4046875 0.5109375 0.4046875 0.5265625 0.4453125 0.5265625
0 0.540625 0.5109375 0.46875 0.5109375 0.46875 0.525 0.540625 0.525
0 0.6984375 0.5125 0.5671875 0.5125 0.5671875 0.5328125 0.6984375 0.5328125
0 0.80625 0.5171875000000001 0.7265625 0.5171875000000001 0.7265625 0.5312500000000002 0.80625 0.5312500000000002
0 0.8171875 0.5250000000000001 0.8109375 0.5250000000000001 0.8109375 0.5312500000000002 0.8171875 0.5312500000000002
0 0.1937500000000001 0.559375 0.1453125000000001 0.559375 0.1453125000000001 0.5734375 0.1937500000000001 0.5734375
0 0.2890625000000001 0.5625 0.2171875000000001 0.5625 0.2171875000000001 0.5734375 0.2890625000000001 0.5734375
0 0.36406250000000007 0.559375 0.30937500000000007 0.559375 0.30937500000000007 0.575 0.36406250000000007 0.575
0 0.45 0.5609375 0.3843750000000001 0.5609375 0.3843750000000001 0.575 0.45 0.575
0 0.5046875 0.5609375 0.4734375 0.5609375 0.4734375 0.575 0.5046875 0.575
0 0.5578125 0.5640625 0.5234375 0.5640625 0.5234375 0.5765625 0.5578125 0.5765625
0 0.65625 0.5625 0.5859375 0.5625 0.5859375 0.5765625 0.65625 0.5765625
0 0.7171875 0.5625 0.684375 0.5625 0.684375 0.5828125 0.7171875 0.5828125
0 0.809375 0.5625000000000002 0.7421875 0.5625000000000002 0.7421875 0.5765625000000002 0.809375 0.5765625000000002
0 0.3078125000000001 0.609375 0.1468750000000001 0.609375 0.1468750000000001 0.6265625 0.3078125000000001 0.6265625
0 0.3265625000000001 0.609375 0.3203125000000001 0.609375 0.3203125000000001 0.615625 0.3265625000000001 0.615625
0 0.3359375000000001 0.6109375 0.3281250000000001 0.6109375 0.3281250000000001 0.628125 0.3359375000000001 0.628125