0 0.19218750000000004 0.2046875 0.15156250000000004 0.2046875 0.15156250000000004 0.2296875 0.19218750000000004 0.2296875
0 0.3359375 0.2078125 0.2203125 0.2078125 0.2203125 0.2421875 0.3359375 0.2421875
0 0.434375 0.20312500000000008 0.3640625 0.20312500000000008 0.3640625 0.2500000000000001 0.434375 0.2500000000000001
0 0.5265625 0.20468750000000008 0.4859375 0.20468750000000008 0.4859375 0.2312500000000001 0.5265625 0.2312500000000001
0 0.6234375 0.2062500000000001 0.5515625 0.2062500000000001 0.5515625 0.2312500000000001 0.6234375 0.2312500000000001
0 0.6921875 0.20312500000000008 0.6515625 0.20312500000000008 0.6515625 0.22812500000000008 0.6921875 0.22812500000000008
0 0.8484375 0.20312500000000008 0.715625 0.20312500000000008 0.715625 0.2453125000000001 0.8484375 0.2453125000000001
0 0.8515625 0.2296875000000001 0.84375 0.2296875000000001 0.84375 0.23593750000000008 0.8515625 0.23593750000000008
0 0.20625 0.25625 0.14218750000000005 0.25625 0.14218750000000005 0.28125 0.20625 0.28125
0 0.2625 0.2625 0.2421875 0.2625 0.2421875 0.2796875 0.2625 0.2796875
0 0.3875 0.25000000000000006 0.296875 0.25 0.296875 0.29531250000000003 0.3875 0.2953125000000001
0 0.4609375 0.2687500000000001 0.434375 0.2687500000000001 0.434375 0.2906250000000001 0.4609375 0.2906250000000001
0 0.528125 0.2531250000000001 0.4828125 0.2531250000000001 0.4828125 0.2796875000000001 0.528125 0.2796875000000001
0 0.6296875 0.2500000000000001 0.55 0.2500000000000001 0.55 0.2906250000000001 0.6296875 0.2906250000000001
0 0.63125 0.2796875000000001 0.6234375 0.2796875000000001 0.6234375 0.2875000000000001 0.63125 0.2875000000000001
0 0.6953125 0.2531250000000001 0.653125 0.2531250000000001 0.653125 0.2828125000000001 0.6953125 0.2828125000000001
0 0.7828125 0.2578125000000001 0.721875 0.2578125000000001 0.721875 0.2812500000000001 0.7828125 0.2812500000000001
0 0.865625 0.2515625000000001 0.8 0.2515625000000001 0.8 0.2812500000000001 0.865625 0.2812500000000001
0 0.17500000000000004 0.303125 0.14375000000000004 0.303125 0.14375000000000004 0.3296875 0.17500000000000004 0.3296875
0 0.25 0.3046875 0.209375 0.3046875 0.209375 0.33125 0.25 0.33125
0 0.2578125 0.328125 0.25 0.328125 0.25 0.3390625 0.2578125 0.3390625
0 0.3375 0.30625 0.290625 0.30625 0.290625 0.340625 0.3375 0.340625
0 0.403125 0.30625 0.3625 0.30625 0.3625 0.33125000000000004 0.403125 0.3312500000000001
0 0.4734375 0.3062500000000001 0.4125 0.3062500000000001 0.4125 0.33281250000000007 0.4734375 0.33281250000000007
0 0.540625 0.31718750000000007 0.5 0.31718750000000007 0.5 0.3312500000000001 0.540625 0.3312500000000001
0 0.571875 0.3109375000000001 0.5671875 0.3109375000000001 0.5671875 0.3156250000000001 0.571875 0.3156250000000001
0 0.625 0.30937500000000007 0.571875 0.30937500000000007 0.571875 0.3421875000000001 0.625 0.3421875000000001
0 0.6296875 0.3078125000000001 0.6265625 0.3078125000000001 0.6265625 0.3140625000000001 0.6296875 0.3140625000000001
0 0.6296875 0.3281250000000001 0.6265625 0.3281250000000001 0.6265625 0.33281250000000007 0.6296875 0.33281250000000007
0 0.68125 0.3078125000000001 0.646875 0.3078125000000001 0.646875 0.3296875000000001 0.68125 0.3296875000000001
0 0.7609375 0.3078125000000001 0.703125 0.3078125000000001 0.703125 0.33281250000000007 0.7609375 0.33281250000000007
0 0.8296875 0.30937500000000007 0.7828125 0.30937500000000007 0.7828125 0.33281250000000007 0.8296875 0.33281250000000007
0 0.21250000000000008 0.36875 0.15000000000000005 0.36875 0.15000000000000005 0.4046875 0.21250000000000008 0.4046875
0 0.3156250000000001 0.36875 0.2468750000000001 0.36875 0.2468750000000001 0.384375 0.3156250000000001 0.384375
0 0.4234375 0.35937500000000006 0.3453125 0.359375 0.3453125 0.4 0.4234375 0.4
0 0.559375 0.3593750000000001 0.459375 0.3593750000000001 0.459375 0.3906250000000001 0.559375 0.3906250000000001
0 0.659375 0.3515625000000001 0.5953125 0.3515625000000001 0.5953125 0.3937500000000001 0.659375 0.3937500000000001
0 0.7234375 0.3593750000000001 0.6734375 0.3593750000000001 0.6734375 0.403125 0.7234375 0.403125
0 0.828125 0.3578125000000001 0.7578125 0.3578125000000001 0.7578125 0.3843750000000001 0.828125 0.3843750000000001
0 0.16406250000000006 0.41875 0.14843750000000006 0.41875 0.14843750000000006 0.4328125 0.16406250000000006 0.4328125
0 0.2406250000000001 0.4046875 0.19531250000000006 0.4046875 0.19531250000000006 0.4484375 0.2406250000000001 0.4484375
0 0.3968750000000001 0.409375 0.2640625000000001 0.409375 0.2640625000000001 0.453125 0.3968750000000001 0.453125
0 0.453125 0.41875 0.4296875 0.41875 0.4296875 0.44375 0.453125 0.44375
0 0.5296875 0.4203125 0.4875 0.4203125 0.4875 0.434375 0.5296875 0.434375
0 0.6625 0.4078125 0.559375 0.4078125 0.559375 0.45 0.6625 0.45
0 0.7421875 0.4062500000000001 0.69375 0.40625 0.69375 0.4406250000000001 0.7421875 0.44062500000000016
0 0.8421875 0.4187500000000002 0.76875 0.4187500000000002 0.76875 0.4421875000000002 0.8421875 0.4421875000000002
0 0.85 0.4343750000000002 0.846875 0.4343750000000002 0.846875 0.43750000000000017 0.85 0.43750000000000017
0 0.20468750000000008 0.4546875 0.13906250000000003 0.4546875 0.13906250000000003 0.5046875 0.20468750000000008 0.5046875
0 0.3078125000000001 0.4609375 0.22812500000000008 0.4609375 0.22812500000000008 0.49375 0.3078125000000001 0.49375
0 0.3687500000000001 0.4703125 0.34062500000000007 0.4703125 0.34062500000000007 0.484375 0.3687500000000001 0.484375
0 0.4328125 0.459375 0.3890625000000001 0.459375 0.3890625000000001 0.4859375 0.4328125 0.4859375
0 0.540625 0.4546875 0.4609375 0.4546875 0.4609375 0.4859375 0.540625 0.4859375
0 0.6125 0.459375 0.5765625 0.459375 0.5765625 0.484375 0.6125 0.484375
0 0.6859375 0.45625 0.6375 0.45625 0.6375 0.4828125 0.6859375 0.4828125
0 0.7375 0.4593750000000001 0.7109375 0.459375 0.7109375 0.4859375000000001 0.7375 0.4859375000000002
0 0.8328125 0.46093750000000017 0.76875 0.46093750000000017 0.76875 0.4906250000000002 0.8328125 0.4906250000000002
0 0.18593750000000003 0.5046875 0.14531250000000004 0.5046875 0.14531250000000004 0.534375 0.18593750000000003 0.534375
0 0.2906250000000001 0.5140625 0.2140625000000001 0.5140625 0.2140625000000001 0.5484375 0.2906250000000001 0.5484375
0 0.4109375 0.5109375 0.32500000000000007 0.5109375 0.32500000000000007 0.534375 0.4109375 0.534375
0 0.4828125 0.5203125 0.4390625 0.5203125 0.4390625 0.5453125 0.4828125 0.5453125
0 0.534375 0.5125 0.50625 0.5125 0.50625 0.534375 0.534375 0.534375
0 0.6296875 0.509375 0.565625 0.509375 0.565625 0.5328125 0.6296875 0.5328125
0 0.6875 0.5171875 0.665625 0.5171875 0.665625 0.5453125 0.6875 0.5453125
0 0.7890625 0.5187500000000002 0.7265625 0.5187500000000002 0.7265625 0.5500000000000002 0.7890625 0.5500000000000002
0 0.27031250000000007 0.55625 0.1437500000000001 0.55625 0.1437500000000001 0.603125 0.27031250000000007 0.603125
0 0.2796875000000001 0.5828125 0.2765625000000001 0.5828125 0.2765625000000001 0.584375 0.2796875000000001 0.584375
0 0.3531250000000001 0.5609375 0.30156250000000007 0.5609375 0.30156250000000007 0.584375 0.3531250000000001 0.584375
0 0.4953125 0.5640625 0.3890625000000001 0.5640625 0.3890625000000001 0.59375 0.4953125 0.59375
0 0.5515625 0.565625 0.53125 0.565625 0.53125 0.5828125 0.5515625 0.5828125
0 0.628125 0.5609375 0.584375 0.5609375 0.584375 0.5875 0.628125 0.5875
0 0.6640625 0.5625 0.653125 0.5625 0.653125 0.56875 0.6640625 0.56875
0 0.740625 0.5578125 0.659375 0.5578125 0.659375 0.596875 0.740625 0.5968750000000002
0 0.75 0.5609375000000002 0.740625 0.5609375000000002 0.740625 0.5687500000000002 0.75 0.5687500000000002
0 0.8296875 0.5531250000000002 0.7734375 0.5531250000000002 0.7734375 0.5937500000000002 0.8296875 0.5937500000000002
0 0.2078125000000001 0.6078125 0.1437500000000001 0.6078125 0.1437500000000001 0.646875 0.2078125000000001 0.646875
0 0.37968750000000007 0.6046875 0.2562500000000001 0.6046875 0.2562500000000001 0.653125 0.37968750000000007 0.653125
0 0.5296875 0.603125 0.425 0.603125 0.425 0.6359375 0.5296875 0.6359375
0 0.5421875 0.63125 0.5359375 0.63125 0.5359375 0.6390625 0.5421875 0.6390625
0 0.6109375 0.6078125 0.553125 0.6078125 0.553125 0.634375 0.6109375 0.634375
0 0.6890625 0.6203125 0.6359375 0.6203125 0.6359375 0.634375 0.6890625 0.634375
0 0.8125 0.6046875 0.7171875 0.6046875 0.7171875 0.6328125000000001 0.8125 0.6328125000000002
0 0.8640625 0.6203125000000002 0.840625 0.6203125000000002 0.840625 0.6437500000000002 0.8640625 0.6437500000000002
0 0.1828125000000001 0.6578125 0.1437500000000001 0.6578125 0.1437500000000001 0.684375 0.1828125000000001 0.684375
0 0.27031250000000007 0.6703125 0.23437500000000008 0.6703125 0.23437500000000008 0.684375 0.27031250000000007 0.684375
0 0.3500000000000001 0.6578125 0.3156250000000001 0.6578125 0.3156250000000001 0.6828125 0.3500000000000001 0.6828125
0 0.421875 0.659375 0.3781250000000001 0.659375 0.3781250000000001 0.6828125 0.421875 0.6828125
0 0.5640625 0.659375 0.4546875 0.659375 0.4546875 0.6859375 0.5640625 0.6859375
0 0.5890625 0.6625 0.56875 0.6625 0.56875 0.6890625 0.5890625 0.6890625
0 0.6484375 0.6609375 0.615625 0.6609375 0.615625 0.684375 0.6484375 0.684375
0 0.75 0.6625000000000001 0.66875 0.6625 0.66875 0.7015625000000001 0.75 0.7015625000000002
0 0.8265625 0.6609375000000002 0.784375 0.6609375000000002 0.784375 0.6859375000000002 0.8265625 0.6859375000000002
0 0.25468750000000007 0.7078125 0.1312500000000001 0.7078125 0.1312500000000001 0.734375 0.25468750000000007 0.734375
0 0.2656250000000001 0.73125 0.2609375000000001 0.73125 0.2609375000000001 0.7375 0.2656250000000001 0.7375
0 0.3265625000000001 0.7109375 0.2796875000000001 0.7109375 0.2796875000000001 0.734375 0.3265625000000001 0.734375
0 0.4140625000000001 0.7203125 0.3500000000000001 0.7203125 0.3500000000000001 0.7484375 0.41406250000000017 0.7484375
0 0.46562500000000007 0.7109375 0.4375 0.7109375 0.4375000000000001 0.7375 0.4656250000000002 0.7375
0 0.51875 0.709375 0.478125 0.709375 0.4781250000000001 0.734375 0.5187500000000002 0.734375
0 0.6093750000000001 0.7078125 0.5390625 0.7078125 0.5390625000000001 0.7359375 0.6093750000000002 0.7359375
0 0.7234375000000001 0.7078125 0.6375 0.7078125 0.6375000000000001 0.7375 0.7234375000000002 0.7375
0 0.7359375000000001 0.7328125000000002 0.7328125000000002 0.7328125000000002 0.7328125000000002 0.7359375000000001 0.7359375000000001 0.7359375000000001