0 0.215625 0.2046875 0.16875000000000004 0.2046875 0.16875000000000004 0.221875 0.215625 0.221875
0 0.2734375 0.2140625 0.2375 0.2140625 0.2375 0.2328125 0.2734375 0.2328125
0 0.3484375 0.2140625 0.296875 0.2140625 0.296875 0.2234375 0.3484375 0.2234375
0 0.4765625 0.2078125000000001 0.3828125 0.2078125000000001 0.3828125 0.2218750000000001 0.4765625 0.2218750000000001
0 0.5390625 0.2078125000000001 0.4921875 0.2078125000000001 0.4921875 0.2218750000000001 0.5390625 0.2218750000000001
0 0.6078125 0.2062500000000001 0.5671875 0.2062500000000001 0.5671875 0.2218750000000001 0.6078125 0.2218750000000001
0 0.6171875 0.21875000000000008 0.6140625 0.21875000000000008 0.6140625 0.22031250000000008 0.6171875 0.22031250000000008
0 0.6703125 0.2078125000000001 0.6328125 0.2078125000000001 0.6328125 0.2218750000000001 0.6703125 0.2218750000000001
0 0.71875 0.2156250000000001 0.684375 0.2156250000000001 0.684375 0.2328125000000001 0.71875 0.2328125000000001
0 0.80625 0.2078125000000001 0.734375 0.2078125000000001 0.734375 0.2218750000000001 0.80625 0.2218750000000001
0 0.875 0.2140625000000001 0.825 0.2140625000000001 0.825 0.2234375000000001 0.875 0.2234375000000001
0 0.19843750000000004 0.253125 0.16093750000000004 0.253125 0.16093750000000004 0.271875 0.19843750000000004 0.271875
0 0.3203125 0.2578125 0.2390625 0.2578125 0.2390625 0.2734375 0.3203125 0.2734375
0 0.321875 0.2734375 0.3203125 0.2734375 0.3203125 0.2765625 0.321875 0.2765625
0 0.3828125 0.25781250000000006 0.3375 0.2578125 0.3375 0.27031250000000007 0.3828125 0.27031250000000007
0 0.434375 0.2640625000000001 0.4 0.2640625000000001 0.4 0.27812500000000007 0.434375 0.27812500000000007
0 0.5359375 0.26250000000000007 0.4546875 0.26250000000000007 0.4546875 0.2765625000000001 0.5359375 0.2765625000000001
0 0.7 0.2593750000000001 0.5578125 0.2593750000000001 0.5578125 0.2765625000000001 0.7 0.2765625000000001
0 0.71875 0.2656250000000001 0.715625 0.2656250000000001 0.715625 0.2718750000000001 0.71875 0.2718750000000001
0 0.8125 0.2609375000000001 0.721875 0.2609375000000001 0.721875 0.2843750000000001 0.8125 0.2843750000000001
0 0.240625 0.3109375 0.15781250000000005 0.3109375 0.15781250000000005 0.33125 0.240625 0.33125
0 0.2609375 0.309375 0.2484375 0.309375 0.2484375 0.3265625 0.2609375 0.3265625
0 0.3359375 0.3109375 0.275 0.3109375 0.275 0.3234375 0.3359375 0.3234375
0 0.403125 0.3140625 0.35625 0.3140625 0.35625 0.32500000000000007 0.403125 0.32500000000000007
0 0.5296875 0.30937500000000007 0.421875 0.30937500000000007 0.421875 0.32500000000000007 0.5296875 0.32500000000000007
0 0.5796875 0.30937500000000007 0.54375 0.30937500000000007 0.54375 0.3234375000000001 0.5796875 0.3234375000000001
0 0.653125 0.30937500000000007 0.590625 0.30937500000000007 0.590625 0.3359375000000001 0.653125 0.3359375000000001
0 0.7 0.3156250000000001 0.665625 0.3156250000000001 0.665625 0.3234375000000001 0.7 0.3234375000000001
0 0.753125 0.3156250000000001 0.7140625 0.3156250000000001 0.7140625 0.33281250000000007 0.753125 0.33281250000000007
0 0.815625 0.30937500000000007 0.7671875 0.30937500000000007 0.7671875 0.3359375000000001 0.815625 0.3359375000000001
0 0.825 0.3203125000000001 0.821875 0.3203125000000001 0.821875 0.3218750000000001 0.825 0.3218750000000001
0 0.17500000000000004 0.3578125 0.16562500000000005 0.3578125 0.16562500000000005 0.371875 0.17500000000000004 0.371875
0 0.20937500000000003 0.3609375 0.17812500000000003 0.3609375 0.17812500000000003 0.371875 0.2093750000000001 0.371875
0 0.28125000000000006 0.359375 0.234375 0.359375 0.23437500000000006 0.3734375 0.2812500000000001 0.3734375
0 0.33593750000000006 0.359375 0.296875 0.359375 0.29687500000000006 0.3734375 0.3359375000000001 0.3734375
0 0.4265625 0.35781250000000003 0.3546875 0.3578125 0.35468750000000004 0.37500000000000006 0.4265625 0.3750000000000001
0 0.5015625 0.3609375000000001 0.4421875 0.3609375000000001 0.4421875 0.3750000000000001 0.5015625 0.3750000000000001
0 0.5375 0.3625000000000001 0.51875 0.3625000000000001 0.51875 0.3734375000000001 0.5375 0.3734375000000001
0 0.634375 0.3609375000000001 0.5546875 0.3609375000000001 0.5546875 0.3750000000000001 0.634375 0.3750000000000001
0 0.7359375 0.3593750000000001 0.6515625 0.3593750000000001 0.6515625 0.3859375000000001 0.7359375 0.3859375000000001
0 0.778125 0.3656250000000001 0.75 0.3656250000000001 0.75 0.3828125000000001 0.778125 0.3828125000000001
0 0.78125 0.3765625000000001 0.778125 0.3765625000000001 0.778125 0.3812500000000001 0.78125 0.3812500000000001
0 0.8390625 0.3593750000000001 0.79375 0.3593750000000001 0.79375 0.3750000000000001 0.8390625 0.3750000000000001
0 0.8703125 0.3625000000000001 0.85 0.3625000000000001 0.85 0.3734375000000001 0.8703125 0.3734375000000001
0 0.20468750000000008 0.409375 0.15468750000000003 0.409375 0.15468750000000003 0.4234375 0.20468750000000008 0.4234375
0 0.2468750000000001 0.4171875 0.22031250000000008 0.4171875 0.22031250000000008 0.4296875 0.2468750000000001 0.4296875
0 0.3000000000000001 0.4109375 0.2671875000000001 0.4109375 0.2671875000000001 0.425 0.3000000000000001 0.425
0 0.4 0.4125 0.31718750000000007 0.4125 0.31718750000000007 0.428125 0.4 0.428125
0 0.4171875 0.4109375 0.4078125 0.4109375 0.4078125 0.421875 0.4171875 0.421875
0 0.4578125 0.4125 0.421875 0.4125 0.421875 0.425 0.4578125 0.425
0 0.5296875 0.4125 0.475 0.4125 0.475 0.4234375 0.5296875 0.4234375
0 0.56875 0.4171875 0.55 0.4171875 0.55 0.425 0.56875 0.425
0 0.6046875 0.4171875 0.5828125 0.4171875 0.5828125 0.425 0.6046875 0.425
0 0.671875 0.415625 0.61875 0.415625 0.61875 0.4234375 0.671875 0.4234375
0 0.6765625 0.4234375 0.6734375 0.4234375 0.6734375 0.428125 0.6765625 0.428125
0 0.7296875 0.41093750000000007 0.6875 0.4109375 0.6875 0.4234375000000001 0.7296875 0.4234375000000002
0 0.79375 0.4109375000000002 0.746875 0.4109375000000002 0.746875 0.42500000000000016 0.79375 0.42500000000000016
0 0.84375 0.4125000000000002 0.8078125 0.4125000000000002 0.8078125 0.4265625000000002 0.84375 0.4265625000000002
0 0.9 0.4125000000000002 0.8546875 0.4125000000000002 0.8546875 0.4234375000000002 0.9 0.4234375000000002
0 0.2171875000000001 0.4625 0.15625000000000006 0.4625 0.15625000000000006 0.484375 0.2171875000000001 0.484375
0 0.2734375000000001 0.4625 0.2390625000000001 0.4625 0.2390625000000001 0.475 0.2734375000000001 0.475
0 0.3296875000000001 0.465625 0.29375000000000007 0.465625 0.29375000000000007 0.475 0.3296875000000001 0.475
0 0.4046875 0.4609375 0.3468750000000001 0.4609375 0.3468750000000001 0.475 0.4046875 0.475
0 0.4625 0.4609375 0.4171875 0.4609375 0.4171875 0.475 0.4625 0.475
0 0.521875 0.4625 0.484375 0.4625 0.484375 0.475 0.521875 0.475
0 0.5703125 0.4609375 0.5375 0.4609375 0.5375 0.48125 0.5703125 0.48125
0 0.659375 0.4640625 0.590625 0.4640625 0.590625 0.48125 0.659375 0.48125
0 0.7640625 0.4625000000000001 0.68125 0.4625 0.68125 0.4843750000000001 0.7640625 0.48437500000000017
0 0.8171875 0.46406250000000016 0.7765625 0.46406250000000016 0.7765625 0.47656250000000017 0.8171875 0.47656250000000017
0 0.8625 0.46406250000000016 0.83125 0.46406250000000016 0.83125 0.4750000000000002 0.8625 0.4750000000000002
0 0.9 0.46406250000000016 0.871875 0.46406250000000016 0.871875 0.4750000000000002 0.9 0.4750000000000002
0 0.19843750000000004 0.5140625 0.15156250000000004 0.5140625 0.15156250000000004 0.5390625 0.19843750000000004 0.5390625
0 0.2609375000000001 0.5125 0.21093750000000008 0.5125 0.21093750000000008 0.525 0.2609375000000001 0.525
0 0.3390625000000001 0.5125 0.2750000000000001 0.5125 0.2750000000000001 0.5265625 0.3390625000000001 0.5265625
0 0.3890625000000001 0.5125 0.3578125000000001 0.5125 0.3578125000000001 0.525 0.3890625000000001 0.525
0 0.4625 0.5109375 0.4109375 0.5109375 0.4109375 0.5265625 0.4625 0.5265625
0 0.5625 0.5109375 0.4859375 0.5109375 0.4859375 0.534375 0.5625 0.534375
0 0.60625 0.51875 0.5765625 0.51875 0.5765625 0.5375 0.60625 0.5375
0 0.615625 0.5234375 0.6140625 0.5234375 0.6140625 0.525 0.615625 0.525
0 0.6390625 0.5046875 0.61875 0.5046875 0.61875 0.5265625 0.6390625 0.5265625