0 0.15156250000000004 0.2140625 0.14218750000000005 0.2140625 0.14218750000000005 0.2203125 0.15156250000000004 0.2203125
0 0.2046875 0.215625 0.16562500000000005 0.215625 0.16562500000000005 0.2359375 0.2046875 0.2359375
0 0.2671875 0.2171875 0.2328125 0.2171875 0.2328125 0.2375 0.2671875 0.2375
0 0.3640625 0.22187500000000004 0.2953125 0.221875 0.2953125 0.23750000000000004 0.3640625 0.2375000000000001
0 0.4609375 0.22031250000000008 0.3953125 0.22031250000000008 0.3953125 0.2375000000000001 0.4609375 0.2375000000000001
0 0.5265625 0.22656250000000008 0.49375 0.22656250000000008 0.49375 0.2468750000000001 0.5265625 0.2468750000000001
0 0.59375 0.2218750000000001 0.55625 0.2218750000000001 0.55625 0.23593750000000008 0.59375 0.23593750000000008
0 0.6453125 0.22031250000000008 0.61875 0.22031250000000008 0.61875 0.2375000000000001 0.6453125 0.2375000000000001
0 0.7 0.2234375000000001 0.6640625 0.2234375000000001 0.6640625 0.2375000000000001 0.7 0.2375000000000001
0 0.76875 0.2234375000000001 0.721875 0.2234375000000001 0.721875 0.23593750000000008 0.76875 0.23593750000000008
0 0.784375 0.22031250000000008 0.7734375 0.22031250000000008 0.7734375 0.22812500000000008 0.784375 0.22812500000000008
0 0.790625 0.2375000000000001 0.7859375 0.2375000000000001 0.7859375 0.24375000000000008 0.790625 0.24375000000000008
0 0.8484375 0.2250000000000001 0.8015625 0.2250000000000001 0.8015625 0.2390625000000001 0.8484375 0.2390625000000001
0 0.2484375 0.2703125 0.13906250000000003 0.2703125 0.13906250000000003 0.2875 0.2484375 0.2875
0 0.3140625 0.2765625 0.278125 0.2765625 0.278125 0.2859375 0.3140625 0.2859375
0 0.3234375 0.26875 0.315625 0.26875 0.315625 0.275 0.3234375 0.275
0 0.3296875 0.26875 0.325 0.26875 0.325 0.2734375 0.3296875 0.2734375
0 0.3859375 0.27343750000000006 0.3453125 0.2734375 0.3453125 0.28906250000000006 0.3859375 0.2890625000000001
0 0.459375 0.2718750000000001 0.4203125 0.2718750000000001 0.4203125 0.2875000000000001 0.459375 0.2875000000000001
0 0.5578125 0.2734375000000001 0.4828125 0.2734375000000001 0.4828125 0.2968750000000001 0.5578125 0.2968750000000001
0 0.615625 0.2734375000000001 0.5875 0.2734375000000001 0.5875 0.2906250000000001 0.615625 0.2906250000000001
0 0.7203125 0.2750000000000001 0.6421875 0.2750000000000001 0.6421875 0.2906250000000001 0.7203125 0.2906250000000001
0 0.81875 0.2734375000000001 0.7515625 0.2734375000000001 0.7515625 0.2890625000000001 0.81875 0.2890625000000001
0 0.2015625 0.3203125 0.14062500000000006 0.3203125 0.14062500000000006 0.3359375 0.2015625 0.3359375
0 0.2578125 0.325 0.2359375 0.325 0.2359375 0.3375 0.2578125 0.3375
0 0.3765625 0.32656250000000003 0.2921875 0.3265625 0.2921875 0.33593750000000006 0.3765625 0.3359375000000001
0 0.3890625 0.3203125000000001 0.38125 0.3203125000000001 0.38125 0.3265625000000001 0.3890625 0.3265625000000001
0 0.421875 0.3218750000000001 0.4078125 0.3218750000000001 0.4078125 0.3281250000000001 0.421875 0.3281250000000001
0 0.44375 0.3203125000000001 0.428125 0.3203125000000001 0.428125 0.3375000000000001 0.44375 0.3375000000000001
0 0.4984375 0.3203125000000001 0.4625 0.3203125000000001 0.4625 0.3390625000000001 0.4984375 0.3390625000000001
0 0.5640625 0.3218750000000001 0.51875 0.3218750000000001 0.51875 0.3375000000000001 0.5640625 0.3375000000000001
0 0.61875 0.3218750000000001 0.59375 0.3218750000000001 0.59375 0.34062500000000007 0.61875 0.34062500000000007
0 0.678125 0.32500000000000007 0.6375 0.32500000000000007 0.6375 0.3375000000000001 0.678125 0.3375000000000001
0 0.79375 0.3218750000000001 0.7015625 0.3218750000000001 0.7015625 0.3468750000000001 0.79375 0.3468750000000001
0 0.8390625 0.3234375000000001 0.821875 0.3234375000000001 0.821875 0.3359375000000001 0.8390625 0.3359375000000001
0 0.2500000000000001 0.3734375 0.13750000000000004 0.3734375 0.13750000000000004 0.4015625 0.2500000000000001 0.4015625
0 0.3187500000000001 0.378125 0.2828125000000001 0.378125 0.2828125000000001 0.3875 0.3187500000000001 0.3875
0 0.3828125000000001 0.3765625 0.3437500000000001 0.3765625 0.3437500000000001 0.38593750000000004 0.3828125000000001 0.3859375000000001
0 0.4 0.3750000000000001 0.3890625000000001 0.3750000000000001 0.3890625000000001 0.38750000000000007 0.4 0.38750000000000007
0 0.4125 0.37187500000000007 0.4015625 0.37187500000000007 0.4015625 0.37968750000000007 0.4125 0.37968750000000007
0 0.4734375 0.3671875000000001 0.4265625 0.3671875000000001 0.4265625 0.3890625000000001 0.4734375 0.3890625000000001
0 0.54375 0.3734375000000001 0.4921875 0.3734375000000001 0.4921875 0.3906250000000001 0.54375 0.3906250000000001
0 0.571875 0.3765625000000001 0.5546875 0.3765625000000001 0.5546875 0.3937500000000001 0.571875 0.3937500000000001
0 0.590625 0.3765625000000001 0.5875 0.3765625000000001 0.5875 0.38750000000000007 0.590625 0.38750000000000007
0 0.6390625 0.3765625000000001 0.596875 0.3765625000000001 0.596875 0.38750000000000007 0.6390625 0.38750000000000007
0 0.6546875 0.3656250000000001 0.6453125 0.3656250000000001 0.6453125 0.3890625000000001 0.6546875 0.3890625000000001
0 0.665625 0.3843750000000001 0.6609375 0.3843750000000001 0.6609375 0.3859375000000001 0.665625 0.3859375000000001
0 0.7390625 0.3687500000000001 0.684375 0.3687500000000001 0.684375 0.3906250000000001 0.7390625 0.3906250000000001
0 0.78125 0.37187500000000007 0.759375 0.37187500000000007 0.759375 0.38750000000000007 0.78125 0.38750000000000007
0 0.821875 0.3750000000000001 0.7984375 0.3750000000000001 0.7984375 0.38750000000000007 0.821875 0.38750000000000007
0 0.2296875000000001 0.421875 0.13593750000000004 0.421875 0.13593750000000004 0.453125 0.2296875000000001 0.453125
0 0.30156250000000007 0.421875 0.2593750000000001 0.421875 0.2593750000000001 0.4375 0.30156250000000007 0.4375
0 0.40625 0.421875 0.32500000000000007 0.421875 0.32500000000000007 0.4390625 0.40625 0.4390625
0 0.41875 0.43125 0.4171875 0.43125 0.4171875 0.4390625 0.41875 0.4390625
0 0.4421875 0.4203125 0.4328125 0.4203125 0.4328125 0.4265625 0.4421875 0.4265625
0 0.5140625 0.425 0.446875 0.425 0.446875 0.440625 0.5140625 0.440625
0 0.578125 0.425 0.5375 0.425 0.5375 0.4390625 0.578125 0.4390625
0 0.6734375 0.428125 0.60625 0.428125 0.60625 0.4390625 0.6734375 0.4390625
0 0.7765625 0.4250000000000001 0.7109375 0.425 0.7109375 0.4406250000000001 0.7765625 0.44062500000000016
0 0.846875 0.42187500000000017 0.815625 0.42187500000000017 0.815625 0.4390625000000002 0.846875 0.4390625000000002
0 0.21250000000000008 0.4671875 0.13750000000000004 0.4671875 0.13750000000000004 0.4890625 0.21250000000000008 0.4890625
0 0.3000000000000001 0.475 0.2453125000000001 0.475 0.2453125000000001 0.4890625 0.3000000000000001 0.4890625
0 0.3593750000000001 0.471875 0.3265625000000001 0.471875 0.3265625000000001 0.4890625 0.3593750000000001 0.4890625
0 0.5296875 0.46875 0.4046875 0.46875 0.4046875 0.5046875 0.5296875 0.5046875
0 0.5890625 0.471875 0.56875 0.471875 0.56875 0.4890625 0.5890625 0.4890625
0 0.65 0.475 0.6109375 0.475 0.6109375 0.490625 0.65 0.490625
0 0.7578125 0.4703125000000001 0.6921875 0.4703125 0.6921875 0.503125 0.7578125 0.5031250000000002
0 0.80625 0.4703125000000002 0.7828125 0.4703125000000002 0.7828125 0.4890625000000002 0.80625 0.4890625000000002
0 0.859375 0.4734375000000002 0.828125 0.4734375000000002 0.828125 0.4906250000000002 0.859375 0.4906250000000002
0 0.20312500000000008 0.5203125 0.14062500000000006 0.5203125 0.14062500000000006 0.5390625 0.20312500000000008 0.5390625
0 0.2234375000000001 0.5375 0.2171875000000001 0.5375 0.2171875000000001 0.5453125 0.2234375000000001 0.5453125
0 0.2640625000000001 0.5296875 0.2375000000000001 0.5296875 0.2375000000000001 0.540625 0.2640625000000001 0.540625
0 0.3359375000000001 0.521875 0.2953125000000001 0.521875 0.2953125000000001 0.5390625 0.3359375000000001 0.5390625
0 0.446875 0.5265625 0.36406250000000007 0.5265625 0.36406250000000007 0.5421875 0.446875 0.5421875
0 0.5453125 0.5296875 0.4875 0.5296875 0.4875 0.540625 0.5453125 0.540625
0 0.61875 0.521875 0.5765625 0.521875 0.5765625 0.540625 0.61875 0.540625
0 0.6875 0.5296875 0.6453125 0.5296875 0.6453125 0.540625 0.6875 0.540625
0 0.6984375 0.5234375 0.6921875 0.5234375 0.6921875 0.528125 0.6984375 0.528125
0 0.7046875 0.5234375 0.69375 0.5234375 0.69375 0.540625 0.7046875 0.540625
0 0.7296875 0.51875 0.7140625 0.51875 0.7140625 0.5390625000000001 0.7296875 0.5390625000000002
0 0.78125 0.5234375000000002 0.734375 0.5234375000000002 0.734375 0.5406250000000001 0.78125 0.5406250000000001
0 0.80625 0.5265625000000002 0.7921875 0.5265625000000002 0.7921875 0.5390625000000002 0.80625 0.5390625000000002
0 0.8109375 0.5390625000000002 0.8078125 0.5390625000000002 0.8078125 0.5437500000000002 0.8109375 0.5437500000000002
0 0.8421875 0.5218750000000002 0.8234375 0.5218750000000002 0.8234375 0.5375000000000002 0.8421875 0.5375000000000002
0 0.8515625 0.5359375000000002 0.846875 0.5359375000000002 0.846875 0.5390625000000002 0.8515625 0.5390625000000002
0 0.85625 0.5171875000000001 0.846875 0.5171875000000001 0.846875 0.5390625000000002 0.85625 0.5390625000000002