0 0.19062500000000004 0.215625 0.13750000000000004 0.215625 0.13750000000000004 0.234375 0.19062500000000004 0.234375
0 0.353125 0.2203125 0.2125 0.2203125 0.2125 0.2375 0.353125 0.2375
0 0.425 0.21875000000000008 0.3703125 0.21875000000000008 0.3703125 0.23593750000000008 0.425 0.23593750000000008
0 0.5875 0.22031250000000008 0.4390625 0.22031250000000008 0.4390625 0.2406250000000001 0.5875 0.2406250000000001
0 0.634375 0.2218750000000001 0.6 0.2218750000000001 0.6 0.23593750000000008 0.634375 0.23593750000000008
0 0.690625 0.22031250000000008 0.6484375 0.22031250000000008 0.6484375 0.23593750000000008 0.690625 0.23593750000000008
0 0.8078125 0.2171875000000001 0.70625 0.2171875000000001 0.70625 0.23593750000000008 0.8078125 0.23593750000000008
0 0.875 0.2156250000000001 0.825 0.2156250000000001 0.825 0.23593750000000008 0.875 0.23593750000000008
0 0.19375000000000003 0.2625 0.12812500000000004 0.2625 0.12812500000000004 0.284375 0.19375000000000003 0.284375
0 0.253125 0.265625 0.203125 0.265625 0.203125 0.2828125 0.253125 0.2828125
0 0.34375 0.2703125 0.2625 0.2703125 0.2625 0.284375 0.34375 0.284375
0 0.43125 0.27031250000000007 0.35 0.2703125 0.35 0.28750000000000003 0.43125 0.2875000000000001
0 0.5671875 0.2687500000000001 0.446875 0.2687500000000001 0.446875 0.2906250000000001 0.5671875 0.2906250000000001
0 0.6140625 0.2671875000000001 0.58125 0.2671875000000001 0.58125 0.28593750000000007 0.6140625 0.28593750000000007
0 0.7015625 0.2671875000000001 0.63125 0.2671875000000001 0.63125 0.2843750000000001 0.7015625 0.2843750000000001
0 0.7890625 0.2671875000000001 0.709375 0.2671875000000001 0.709375 0.2843750000000001 0.7890625 0.2843750000000001
0 0.7984375 0.2812500000000001 0.79375 0.2812500000000001 0.79375 0.2875000000000001 0.7984375 0.2875000000000001
0 0.8515625 0.2687500000000001 0.8078125 0.2687500000000001 0.8078125 0.2890625000000001 0.8515625 0.2890625000000001
0 0.15937500000000004 0.3171875 0.13125000000000003 0.3171875 0.13125000000000003 0.334375 0.15937500000000004 0.334375
0 0.2265625 0.325 0.16875000000000004 0.325 0.16875000000000004 0.3421875 0.2265625 0.3421875
0 0.3 0.31875 0.24375 0.31875 0.24375 0.3359375 0.3 0.3359375
0 0.33125 0.3171875 0.325 0.3171875 0.325 0.3234375 0.33125 0.3234375
0 0.371875 0.31718750000000007 0.334375 0.3171875 0.334375 0.33593750000000006 0.371875 0.3359375000000001
0 0.4515625 0.3187500000000001 0.3875 0.3187500000000001 0.3875 0.3437500000000001 0.4515625 0.3437500000000001
0 0.521875 0.3218750000000001 0.46875 0.3218750000000001 0.46875 0.3343750000000001 0.521875 0.3343750000000001
0 0.621875 0.3156250000000001 0.5484375 0.3156250000000001 0.5484375 0.3359375000000001 0.621875 0.3359375000000001
0 0.66875 0.3234375000000001 0.6421875 0.3234375000000001 0.6421875 0.34062500000000007 0.66875 0.34062500000000007
0 0.7484375 0.31718750000000007 0.6765625 0.31718750000000007 0.6765625 0.3359375000000001 0.7484375 0.3359375000000001
0 0.7484375 0.3296875000000001 0.74375 0.3296875000000001 0.74375 0.3375000000000001 0.7484375 0.3375000000000001
0 0.8296875 0.3203125000000001 0.7640625 0.3203125000000001 0.7640625 0.3343750000000001 0.8296875 0.3343750000000001
0 0.8828125 0.3265625000000001 0.8390625 0.3265625000000001 0.8390625 0.3343750000000001 0.8828125 0.3343750000000001
0 0.3234375000000001 0.36875 0.12500000000000006 0.36875 0.12500000000000006 0.3984375 0.3234375000000001 0.3984375
0 0.4 0.37187500000000007 0.3421875000000001 0.371875 0.3421875000000001 0.38593750000000004 0.4 0.3859375000000001
0 0.4859375 0.3703125000000001 0.4109375 0.3703125000000001 0.4109375 0.3859375000000001 0.4859375 0.3859375000000001
0 0.5828125 0.3687500000000001 0.5046875 0.3687500000000001 0.5046875 0.3843750000000001 0.5828125 0.3843750000000001
0 0.646875 0.3703125000000001 0.596875 0.3703125000000001 0.596875 0.3843750000000001 0.646875 0.3843750000000001
0 0.759375 0.3734375000000001 0.6609375 0.3734375000000001 0.6609375 0.3859375000000001 0.759375 0.3859375000000001
0 0.7984375 0.3687500000000001 0.775 0.3687500000000001 0.775 0.3921875000000001 0.7984375 0.3921875000000001
0 0.8578125 0.3703125000000001 0.8171875 0.3703125000000001 0.8171875 0.3859375000000001 0.8578125 0.3859375000000001
0 0.2234375000000001 0.4140625 0.13125000000000003 0.4140625 0.13125000000000003 0.440625 0.2234375000000001 0.440625
0 0.2671875000000001 0.425 0.2406250000000001 0.425 0.2406250000000001 0.4359375 0.2671875000000001 0.4359375
0 0.3140625000000001 0.421875 0.2796875000000001 0.421875 0.2796875000000001 0.4375 0.3140625000000001 0.4375
0 0.3859375000000001 0.421875 0.3312500000000001 0.421875 0.3312500000000001 0.4375 0.3859375000000001 0.4375
0 0.475 0.421875 0.4 0.421875 0.4 0.4421875 0.475 0.4421875
0 0.4875 0.41875 0.475 0.41875 0.475 0.4359375 0.4875 0.4359375
0 0.525 0.4171875 0.5171875 0.4171875 0.5171875 0.434375 0.525 0.434375
0 0.5390625 0.41875 0.5265625 0.41875 0.5265625 0.4328125 0.5390625 0.4328125
0 0.6234375 0.4203125 0.5484375 0.4203125 0.5484375 0.4359375 0.6234375 0.4359375
0 0.734375 0.4171875000000001 0.6375 0.4171875 0.6375 0.4468750000000001 0.734375 0.4468750000000002
0 0.784375 0.41718750000000016 0.753125 0.41718750000000016 0.753125 0.4359375000000002 0.784375 0.4359375000000002
0 0.871875 0.42500000000000016 0.796875 0.42500000000000016 0.796875 0.4359375000000002 0.871875 0.4359375000000002
0 0.21250000000000008 0.465625 0.12968750000000004 0.465625 0.12968750000000004 0.490625 0.21250000000000008 0.490625
0 0.2250000000000001 0.4828125 0.2218750000000001 0.4828125 0.2218750000000001 0.484375 0.2250000000000001 0.484375
0 0.2734375000000001 0.4640625 0.2531250000000001 0.4640625 0.2531250000000001 0.484375 0.2734375000000001 0.484375
0 0.3312500000000001 0.4734375 0.2875000000000001 0.4734375 0.2875000000000001 0.4859375 0.3312500000000001 0.4859375
0 0.3781250000000001 0.4703125 0.3468750000000001 0.4703125 0.3468750000000001 0.4875 0.3781250000000001 0.4875
0 0.4421875 0.46875 0.3906250000000001 0.46875 0.3906250000000001 0.4875 0.4421875 0.4875
0 0.5046875 0.4671875 0.4578125 0.4671875 0.4578125 0.4859375 0.5046875 0.4859375
0 0.5140625 0.484375 0.509375 0.484375 0.509375 0.490625 0.5140625 0.490625
0 0.5640625 0.46875 0.53125 0.46875 0.53125 0.484375 0.5640625 0.484375
0 0.565625 0.4828125 0.5609375 0.4828125 0.5609375 0.4890625 0.565625 0.4890625
0 0.640625 0.465625 0.5875 0.465625 0.5875 0.4828125 0.640625 0.4828125
0 0.703125 0.4671875 0.6578125 0.4671875 0.6578125 0.496875 0.703125 0.496875
0 0.79375 0.4640625000000001 0.7171875 0.4640625 0.7171875 0.4843750000000001 0.79375 0.48437500000000017
0 0.8875 0.4734375000000002 0.8109375 0.4734375000000002 0.8109375 0.4859375000000002 0.8875 0.4859375000000002
0 0.22812500000000008 0.515625 0.12343750000000005 0.515625 0.12343750000000005 0.5421875 0.22812500000000008 0.5421875
0 0.3828125000000001 0.521875 0.2375000000000001 0.521875 0.2375000000000001 0.5375 0.3828125000000001 0.5375
0 0.4390625 0.51875 0.4 0.51875 0.4 0.5515625 0.4390625 0.5515625
0 0.578125 0.51875 0.4546875 0.51875 0.4546875 0.5453125 0.578125 0.5453125
0 0.7515625 0.5203125000000001 0.590625 0.5203125 0.590625 0.5359375000000001 0.7515625 0.5359375000000002
0 0.89375 0.5156250000000002 0.76875 0.5156250000000002 0.76875 0.5421875000000002 0.89375 0.5421875000000002
0 0.14843750000000008 0.5734375 0.1312500000000001 0.5734375 0.1312500000000001 0.5859375 0.14843750000000008 0.5859375
0 0.23437500000000008 0.56875 0.1703125000000001 0.56875 0.1703125000000001 0.5890625 0.23437500000000008 0.5890625
0 0.4 0.56875 0.2515625000000001 0.56875 0.2515625000000001 0.5875 0.4 0.5875
0 0.425 0.58125 0.4171875 0.58125 0.4171875 0.584375 0.425 0.584375
0 0.4953125 0.56875 0.45 0.56875 0.45 0.5875 0.4953125 0.5875
0 0.6796875 0.571875 0.51875 0.571875 0.51875 0.596875 0.6796875 0.596875
0 0.8109375 0.5734375 0.7015625 0.5734375 0.7015625 0.5906250000000001 0.8109375 0.5906250000000002
0 0.2234375000000001 0.621875 0.1390625000000001 0.621875 0.1390625000000001 0.6375 0.2234375000000001 0.6375
0 0.1906250000000001 0.6265625 0.1859375000000001 0.6265625 0.1859375000000001 0.628125 0.1906250000000001 0.628125
0 0.29375000000000007 0.628125 0.2406250000000001 0.628125 0.2406250000000001 0.6390625 0.29375000000000007 0.6390625
0 0.3890625000000001 0.6296875 0.3125000000000001 0.6296875 0.3125000000000001 0.6390625 0.3890625000000001 0.6390625
0 0.65 0.615625 0.40625 0.615625 0.40625 0.6484375 0.65 0.6484375
0 0.8296875 0.6218750000000001 0.6625 0.621875 0.6625 0.6421875000000001 0.8296875 0.6421875000000001
0 0.84375 0.6171875000000002 0.8265625 0.6171875000000002 0.8265625 0.6421875000000001 0.84375 0.6421875000000001
0 0.853125 0.6343750000000001 0.85 0.6343750000000001 0.85 0.6375000000000002 0.853125 0.6375000000000002