0 0.20625 0.203125 0.15000000000000005 0.203125 0.15000000000000005 0.228125 0.20625 0.228125
0 0.2171875 0.225 0.2140625 0.225 0.2140625 0.228125 0.2171875 0.228125
0 0.3078125 0.203125 0.2421875 0.203125 0.2421875 0.228125 0.3078125 0.228125
0 0.3796875 0.20468750000000005 0.3140625 0.2046875 0.3140625 0.23437500000000006 0.3796875 0.23437500000000008
0 0.4671875 0.2078125000000001 0.3984375 0.2078125000000001 0.3984375 0.22656250000000008 0.4671875 0.22656250000000008
0 0.5765625 0.20312500000000008 0.4734375 0.20312500000000008 0.4734375 0.24218750000000008 0.5765625 0.24218750000000008
0 0.6703125 0.21093750000000008 0.5921875 0.21093750000000008 0.5921875 0.2453125000000001 0.6703125 0.2453125000000001
0 0.7921875 0.2062500000000001 0.68125 0.2062500000000001 0.68125 0.22812500000000008 0.7921875 0.22812500000000008
0 0.834375 0.21875000000000008 0.80625 0.21875000000000008 0.80625 0.22656250000000008 0.834375 0.22656250000000008
0 0.8671875 0.2171875000000001 0.853125 0.2171875000000001 0.853125 0.22812500000000008 0.8671875 0.22812500000000008
0 0.228125 0.25625 0.14687500000000003 0.25625 0.14687500000000003 0.2890625 0.228125 0.2890625
0 0.353125 0.25625 0.25 0.25625 0.25 0.290625 0.353125 0.290625
0 0.4203125 0.2562500000000001 0.375 0.2562500000000001 0.375 0.2921875000000001 0.4203125 0.2921875000000001
0 0.43125 0.2750000000000001 0.4296875 0.2750000000000001 0.4296875 0.2765625000000001 0.43125 0.2765625000000001
0 0.4828125 0.2562500000000001 0.4484375 0.2562500000000001 0.4484375 0.2765625000000001 0.4828125 0.2765625000000001
0 0.5421875 0.2671875000000001 0.5015625 0.2671875000000001 0.5015625 0.27812500000000007 0.5421875 0.27812500000000007
0 0.5953125 0.2578125000000001 0.5609375 0.2578125000000001 0.5609375 0.2921875000000001 0.5953125 0.2921875000000001
0 0.6671875 0.2578125000000001 0.6078125 0.2578125000000001 0.6078125 0.27812500000000007 0.6671875 0.27812500000000007
0 0.7 0.2640625000000001 0.6875 0.2640625000000001 0.6875 0.2796875000000001 0.7 0.2796875000000001
0 0.7703125 0.2593750000000001 0.715625 0.2593750000000001 0.715625 0.2843750000000001 0.7703125 0.2843750000000001
0 0.7796875 0.2750000000000001 0.778125 0.2750000000000001 0.778125 0.2765625000000001 0.7796875 0.2765625000000001
0 0.8375 0.2562500000000001 0.8 0.2562500000000001 0.8 0.2796875000000001 0.8375 0.2796875000000001
0 0.8640625 0.2687500000000001 0.8515625 0.2687500000000001 0.8515625 0.2812500000000001 0.8640625 0.2812500000000001
0 0.921875 0.2609375000000001 0.8796875 0.2609375000000001 0.8796875 0.2906250000000001 0.921875 0.2906250000000001
0 0.2234375 0.30625 0.14843750000000006 0.30625 0.14843750000000006 0.3375 0.2234375 0.3375
0 0.2828125 0.309375 0.2421875 0.309375 0.2421875 0.33125 0.2828125 0.33125
0 0.29375 0.325 0.290625 0.325 0.290625 0.3265625 0.29375 0.3265625
0 0.3796875 0.30625 0.321875 0.30625 0.321875 0.33906250000000004 0.3796875 0.3390625000000001
0 0.459375 0.30937500000000007 0.39375 0.30937500000000007 0.39375 0.3359375000000001 0.459375 0.3359375000000001
0 0.5265625 0.3109375000000001 0.4796875 0.3109375000000001 0.4796875 0.3281250000000001 0.5265625 0.3281250000000001
0 0.5703125 0.3187500000000001 0.5390625 0.3187500000000001 0.5390625 0.3375000000000001 0.5703125 0.3375000000000001
0 0.6328125 0.3109375000000001 0.5765625 0.3109375000000001 0.5765625 0.3312500000000001 0.6328125 0.3312500000000001
0 0.66875 0.3062500000000001 0.6453125 0.3062500000000001 0.6453125 0.3375000000000001 0.66875 0.3375000000000001
0 0.6875 0.3187500000000001 0.675 0.3187500000000001 0.675 0.3296875000000001 0.6875 0.3296875000000001
0 0.7890625 0.3125000000000001 0.7109375 0.3125000000000001 0.7109375 0.3468750000000001 0.7890625 0.3468750000000001
0 0.8578125 0.3109375000000001 0.8078125 0.3109375000000001 0.8078125 0.3312500000000001 0.8578125 0.3312500000000001
0 0.896875 0.3218750000000001 0.8703125 0.3218750000000001 0.8703125 0.33281250000000007 0.896875 0.33281250000000007
0 0.23281250000000003 0.35625 0.14843750000000006 0.35625 0.14843750000000006 0.3796875 0.2328125000000001 0.3796875
0 0.27187500000000003 0.353125 0.2484375 0.353125 0.24843750000000003 0.3890625 0.2718750000000001 0.3890625
0 0.31875000000000003 0.3546875 0.28125 0.3546875 0.28125000000000006 0.38125 0.3187500000000001 0.38125
0 0.3937500000000001 0.36562500000000003 0.3312500000000001 0.365625 0.3312500000000001 0.37968750000000007 0.3937500000000001 0.37968750000000007
0 0.4375 0.3593750000000001 0.415625 0.3593750000000001 0.415625 0.3828125000000001 0.4375 0.3828125000000001
0 0.50625 0.3593750000000001 0.4546875 0.3593750000000001 0.4546875 0.3812500000000001 0.50625 0.3812500000000001
0 0.571875 0.3687500000000001 0.5234375 0.3687500000000001 0.5234375 0.3906250000000001 0.571875 0.3906250000000001
0 0.6921875 0.35625000000000007 0.584375 0.35625000000000007 0.584375 0.3906250000000001 0.6921875 0.3906250000000001
0 0.7046875 0.3781250000000001 0.7015625 0.3781250000000001 0.7015625 0.37968750000000007 0.7046875 0.37968750000000007
0 0.778125 0.3578125000000001 0.7203125 0.3578125000000001 0.7203125 0.3859375000000001 0.778125 0.3859375000000001
0 0.7859375 0.3781250000000001 0.7796875 0.3781250000000001 0.7796875 0.3890625000000001 0.7859375 0.3890625000000001
0 0.821875 0.3656250000000001 0.8 0.3656250000000001 0.8 0.3843750000000001 0.821875 0.3843750000000001
0 0.8546875 0.36406250000000007 0.834375 0.36406250000000007 0.834375 0.3812500000000001 0.8546875 0.3812500000000001
0 0.2390625000000001 0.40625 0.15156250000000004 0.40625 0.15156250000000004 0.4421875 0.2390625000000001 0.4421875
0 0.2468750000000001 0.4265625 0.2390625000000001 0.4265625 0.2390625000000001 0.4375 0.2468750000000001 0.4375
0 0.3234375000000001 0.4109375 0.2671875000000001 0.4109375 0.2671875000000001 0.4296875 0.3234375000000001 0.4296875
0 0.3578125000000001 0.4125 0.3359375000000001 0.4125 0.3359375000000001 0.43125 0.3578125000000001 0.43125
0 0.4015625 0.40625 0.3750000000000001 0.40625 0.3750000000000001 0.4375 0.4015625 0.4375
0 0.4515625 0.40625 0.409375 0.40625 0.409375 0.43125 0.4515625 0.43125
0 0.584375 0.40625 0.4734375 0.40625 0.4734375 0.43125 0.584375 0.43125
0 0.703125 0.4125 0.60625 0.4125 0.60625 0.44375 0.703125 0.44375
0 0.790625 0.40937500000000016 0.7265625 0.40937500000000016 0.7265625 0.4312500000000002 0.790625 0.4312500000000002
0 0.8703125 0.42187500000000017 0.809375 0.42187500000000017 0.809375 0.4312500000000002 0.8703125 0.4312500000000002
0 0.20468750000000008 0.4578125 0.15312500000000004 0.4578125 0.15312500000000004 0.4921875 0.20468750000000008 0.4921875
0 0.3109375000000001 0.45625 0.22656250000000008 0.45625 0.22656250000000008 0.48125 0.3109375000000001 0.48125
0 0.3296875000000001 0.471875 0.3125000000000001 0.471875 0.3125000000000001 0.4828125 0.3296875000000001 0.4828125