0 0.17968750000000006 0.2234375 0.15625000000000006 0.2234375 0.15625000000000006 0.240625 0.17968750000000006 0.240625
0 0.40625 0.22343750000000004 0.215625 0.2234375 0.215625 0.24062500000000003 0.40625 0.2406250000000001
0 0.471875 0.2234375000000001 0.4390625 0.2234375000000001 0.4390625 0.2390625000000001 0.471875 0.2390625000000001
0 0.61875 0.2234375000000001 0.4921875 0.2234375000000001 0.4921875 0.2484375000000001 0.61875 0.2484375000000001
0 0.709375 0.2218750000000001 0.6421875 0.2218750000000001 0.6421875 0.2390625000000001 0.709375 0.2390625000000001
0 0.7859375 0.22031250000000008 0.7390625 0.22031250000000008 0.7390625 0.2406250000000001 0.7859375 0.2406250000000001
0 0.8734375 0.22812500000000008 0.8171875 0.22812500000000008 0.8171875 0.2468750000000001 0.8734375 0.2468750000000001
0 0.2546875 0.271875 0.15000000000000005 0.271875 0.15000000000000005 0.290625 0.2546875 0.290625
0 0.35625 0.278125 0.275 0.278125 0.275 0.2953125 0.35625 0.2953125
0 0.4640625 0.2718750000000001 0.3859375 0.2718750000000001 0.3859375 0.2968750000000001 0.4640625 0.2968750000000001
0 0.55 0.2718750000000001 0.4921875 0.2718750000000001 0.4921875 0.2921875000000001 0.55 0.2921875000000001
0 0.5671875 0.2875000000000001 0.5625 0.2875000000000001 0.5625 0.2906250000000001 0.5671875 0.2906250000000001
0 0.66875 0.27031250000000007 0.5875 0.27031250000000007 0.5875 0.2968750000000001 0.66875 0.2968750000000001
0 0.78125 0.2718750000000001 0.6984375 0.2718750000000001 0.6984375 0.2921875000000001 0.78125 0.2921875000000001
0 0.840625 0.27812500000000007 0.8078125 0.27812500000000007 0.8078125 0.2921875000000001 0.840625 0.2921875000000001
0 0.19218750000000004 0.321875 0.14687500000000003 0.321875 0.14687500000000003 0.3421875 0.19218750000000004 0.3421875
0 0.284375 0.33125 0.2234375 0.33125 0.2234375 0.3546875 0.284375 0.3546875
0 0.34375 0.3234375 0.3125 0.3234375 0.3125 0.340625 0.34375 0.340625
0 0.4296875 0.321875 0.35625 0.321875 0.35625 0.3453125 0.4296875 0.3453125000000001
0 0.51875 0.3218750000000001 0.471875 0.3218750000000001 0.471875 0.3453125000000001 0.51875 0.3453125000000001
0 0.5296875 0.3375000000000001 0.525 0.3375000000000001 0.525 0.3437500000000001 0.5296875 0.3437500000000001
0 0.596875 0.3218750000000001 0.565625 0.3218750000000001 0.565625 0.3375000000000001 0.596875 0.3375000000000001
0 0.659375 0.3281250000000001 0.615625 0.3281250000000001 0.615625 0.34062500000000007 0.659375 0.34062500000000007
0 0.7265625 0.3234375000000001 0.6875 0.3234375000000001 0.6875 0.34062500000000007 0.7265625 0.34062500000000007
0 0.778125 0.3218750000000001 0.734375 0.3218750000000001 0.734375 0.3421875000000001 0.778125 0.3421875000000001
0 0.8890625 0.3218750000000001 0.803125 0.3218750000000001 0.803125 0.34062500000000007 0.8890625 0.34062500000000007
0 0.3109375000000001 0.36875 0.13281250000000006 0.36875 0.13281250000000006 0.4046875 0.3109375000000001 0.4046875
0 0.5328125 0.37031250000000004 0.3359375000000001 0.3703125 0.3359375000000001 0.39843750000000006 0.5328125 0.3984375000000001
0 0.6328125 0.3734375000000001 0.559375 0.3734375000000001 0.559375 0.3921875000000001 0.6328125 0.3921875000000001
0 0.6875 0.3750000000000001 0.640625 0.3750000000000001 0.640625 0.4015625 0.6875 0.4015625
0 0.75625 0.37187500000000007 0.71875 0.37187500000000007 0.71875 0.4015625000000001 0.75625 0.40156250000000016
0 0.86875 0.3734375000000001 0.7625 0.3734375000000001 0.7625 0.40156250000000016 0.86875 0.40156250000000016
0 0.21250000000000008 0.4234375 0.13906250000000003 0.4234375 0.13906250000000003 0.4421875 0.21250000000000008 0.4421875
0 0.31718750000000007 0.4234375 0.2500000000000001 0.4234375 0.2500000000000001 0.4421875 0.31718750000000007 0.4421875
0 0.471875 0.421875 0.3421875000000001 0.421875 0.3421875000000001 0.453125 0.471875 0.453125
0 0.5671875 0.425 0.5015625 0.425 0.5015625 0.4421875 0.5671875 0.4421875
0 0.6234375 0.4265625 0.5953125 0.4265625 0.5953125 0.4421875 0.6234375 0.4421875
0 0.7140625 0.425 0.653125 0.425 0.653125 0.4421875 0.7140625 0.4421875
0 0.7765625 0.42968750000000017 0.7421875 0.42968750000000017 0.7421875 0.4421875000000002 0.7765625 0.4421875000000002
0 0.8625 0.4265625000000002 0.7953125 0.4265625000000002 0.7953125 0.4421875000000002 0.8625 0.4421875000000002
0 0.2078125000000001 0.46875 0.13750000000000004 0.46875 0.13750000000000004 0.490625 0.2078125000000001 0.490625
0 0.2078125000000001 0.4921875 0.19843750000000004 0.4921875 0.19843750000000004 0.5 0.2078125000000001 0.5
0 0.3078125000000001 0.471875 0.2406250000000001 0.471875 0.2406250000000001 0.49375 0.3078125000000001 0.49375
0 0.4109375 0.471875 0.3437500000000001 0.471875 0.3437500000000001 0.49375 0.4109375 0.49375
0 0.425 0.4921875 0.409375 0.4921875 0.409375 0.50625 0.425 0.50625
0 0.5375 0.4734375 0.4578125 0.4734375 0.4578125 0.49375 0.5375 0.49375
0 0.5921875 0.4765625 0.565625 0.4765625 0.565625 0.4921875 0.5921875 0.4921875
0 0.7328125 0.4750000000000001 0.6171875 0.475 0.6171875 0.5015625000000001 0.7328125 0.5015625000000001
0 0.8265625 0.47187500000000016 0.75625 0.47187500000000016 0.75625 0.49218750000000017 0.8265625 0.49218750000000017
0 0.890625 0.47968750000000016 0.840625 0.47968750000000016 0.840625 0.49218750000000017 0.890625 0.49218750000000017
0 0.2390625000000001 0.5234375 0.13593750000000004 0.5234375 0.13593750000000007 0.55 0.2390625000000001 0.55
0 0.3750000000000001 0.525 0.2671875000000001 0.525 0.2671875000000001 0.55 0.3750000000000001 0.55
0 0.4265625 0.53125 0.3921875000000001 0.53125 0.3921875000000001 0.54375 0.4265625 0.54375
0 0.434375 0.5390625 0.4296875 0.5390625 0.4296875 0.5421875 0.434375 0.5421875
0 0.54375 0.5234375 0.4703125 0.5234375 0.4703125 0.540625 0.54375 0.540625
0 0.628125 0.5234375 0.553125 0.5234375 0.553125 0.546875 0.628125 0.546875
0 0.734375 0.5250000000000001 0.6625 0.525 0.6625 0.5437500000000001 0.734375 0.5437500000000002
0 0.740625 0.5421875000000002 0.7265625 0.5421875000000002 0.7265625 0.5531250000000002 0.740625 0.5531250000000002
0 0.8296875 0.5250000000000001 0.75625 0.5250000000000001 0.75625 0.5437500000000002 0.8296875 0.5437500000000002
0 0.9125 0.5265625000000002 0.84375 0.5265625000000002 0.84375 0.5437500000000002 0.9125 0.5437500000000002
0 0.1906250000000001 0.575 0.1390625000000001 0.575 0.1390625000000001 0.5953125 0.1906250000000001 0.5953125
0 0.3843750000000001 0.578125 0.2156250000000001 0.578125 0.2156250000000001 0.6046875 0.3843750000000001 0.6046875
0 0.584375 0.575 0.4171875 0.575 0.4171875 0.603125 0.584375 0.603125
0 0.6375 0.575 0.6078125 0.575 0.6078125 0.5921875 0.6375 0.5921875
0 0.6984375 0.575 0.65625 0.575 0.65625 0.5921875 0.6984375 0.5921875
0 0.7921875 0.5750000000000002 0.728125 0.5750000000000002 0.728125 0.5937500000000002 0.7921875 0.5937500000000002
0 0.8875 0.5843750000000002 0.8265625 0.5843750000000002 0.8265625 0.5953125000000001 0.8875 0.5953125000000001
0 0.22031250000000008 0.628125 0.1468750000000001 0.628125 0.1468750000000001 0.646875 0.22031250000000008 0.646875
0 0.3203125000000001 0.6234375 0.2468750000000001 0.6234375 0.2468750000000001 0.6453125 0.3203125000000001 0.6453125
0 0.4 0.6234375 0.3296875000000001 0.6234375 0.3296875000000001 0.6453125 0.4 0.6453125
0 0.4875 0.628125 0.43125 0.628125 0.43125 0.6453125 0.4875 0.6453125
0 0.634375 0.63125 0.521875 0.63125 0.521875 0.646875 0.634375 0.646875
0 0.703125 0.6328125 0.659375 0.6328125 0.659375 0.646875 0.703125 0.646875
0 0.7734375 0.6265625000000001 0.728125 0.6265625000000001 0.728125 0.6515625000000002 0.7734375 0.6515625000000002
0 0.821875 0.6234375000000002 0.7953125 0.6234375000000002 0.7953125 0.6437500000000002 0.821875 0.6437500000000002
0 0.9046875 0.6234375000000002 0.8453125 0.6234375000000002 0.8453125 0.6421875000000001 0.9046875 0.6421875000000001
0 0.9140625 0.6468750000000002 0.90625 0.6468750000000002 0.90625 0.6531250000000002 0.9140625 0.6531250000000002
0 0.18750000000000008 0.675 0.14062500000000008 0.675 0.14062500000000008 0.6953125 0.18750000000000008 0.6953125
0 0.3453125000000001 0.678125 0.2156250000000001 0.678125 0.2156250000000001 0.70625 0.3453125000000001 0.70625
0 0.4125 0.6828125 0.3703125000000001 0.6828125 0.3703125000000001 0.6953125 0.4125 0.6953125
0 0.5609375 0.675 0.4375 0.675 0.4375 0.696875 0.5609375 0.696875
0 0.575 0.69375 0.571875 0.69375 0.571875 0.696875 0.575 0.696875