0 0.15468750000000003 0.196875 0.13125000000000003 0.196875 0.13125000000000003 0.228125 0.15468750000000003 0.228125
0 0.228125 0.19375000000000003 0.18125000000000005 0.19375 0.18125000000000005 0.225 0.228125 0.225
0 0.3046875 0.2125 0.25 0.2125 0.25 0.2265625 0.3046875 0.2265625
0 0.415625 0.20000000000000004 0.3265625 0.2 0.3265625 0.23906250000000004 0.415625 0.2390625000000001
0 0.428125 0.2234375000000001 0.4234375 0.2234375000000001 0.4234375 0.2328125000000001 0.428125 0.2328125000000001
0 0.49375 0.2140625000000001 0.4453125 0.2140625000000001 0.4453125 0.22812500000000008 0.49375 0.22812500000000008
0 0.53125 0.20312500000000008 0.5140625 0.20312500000000008 0.5140625 0.2375000000000001 0.53125 0.2375000000000001
0 0.5734375 0.2140625000000001 0.5421875 0.2140625000000001 0.5421875 0.2250000000000001 0.5734375 0.2250000000000001
0 0.6796875 0.20312500000000008 0.59375 0.20312500000000008 0.59375 0.2375000000000001 0.6796875 0.2375000000000001
0 0.75 0.20468750000000008 0.7015625 0.20468750000000008 0.7015625 0.2390625000000001 0.75 0.2390625000000001
0 0.8265625 0.21093750000000008 0.7640625 0.21093750000000008 0.7640625 0.24218750000000008 0.8265625 0.24218750000000008
0 0.8859375 0.2062500000000001 0.84375 0.2062500000000001 0.84375 0.2296875000000001 0.8859375 0.2296875000000001
0 0.17812500000000003 0.25625 0.13593750000000004 0.25625 0.13593750000000004 0.278125 0.17812500000000003 0.278125
0 0.265625 0.2671875 0.19687500000000005 0.2671875 0.19687500000000005 0.2875 0.265625 0.2875
0 0.3671875 0.25468750000000007 0.2859375 0.2546875 0.2859375 0.27656250000000004 0.3671875 0.2765625000000001
0 0.378125 0.2734375000000001 0.371875 0.2734375000000001 0.371875 0.2843750000000001 0.378125 0.2843750000000001
0 0.4609375 0.2562500000000001 0.3953125 0.2562500000000001 0.3953125 0.2765625000000001 0.4609375 0.2765625000000001
0 0.5296875 0.2562500000000001 0.484375 0.2562500000000001 0.484375 0.2828125000000001 0.5296875 0.2828125000000001
0 0.6109375 0.2656250000000001 0.546875 0.2656250000000001 0.546875 0.2875000000000001 0.6109375 0.2875000000000001
0 0.640625 0.2656250000000001 0.6265625 0.2656250000000001 0.6265625 0.2796875000000001 0.640625 0.2796875000000001
0 0.71875 0.25468750000000007 0.653125 0.25468750000000007 0.653125 0.2765625000000001 0.71875 0.2765625000000001
0 0.7515625 0.2578125000000001 0.7296875 0.2578125000000001 0.7296875 0.27812500000000007 0.7515625 0.27812500000000007
0 0.8296875 0.2593750000000001 0.771875 0.2593750000000001 0.771875 0.27812500000000007 0.8296875 0.27812500000000007
0 0.8578125 0.2656250000000001 0.8453125 0.2656250000000001 0.8453125 0.27812500000000007 0.8578125 0.27812500000000007
0 0.20625 0.3140625 0.13750000000000004 0.3140625 0.13750000000000004 0.3375 0.20625 0.3375
0 0.371875 0.30781250000000004 0.234375 0.3078125 0.234375 0.34218750000000003 0.371875 0.3421875000000001
0 0.415625 0.3046875000000001 0.3921875 0.3046875000000001 0.3921875 0.3281250000000001 0.415625 0.3281250000000001
0 0.46875 0.30156250000000007 0.434375 0.30156250000000007 0.434375 0.3359375000000001 0.46875 0.3359375000000001
0 0.521875 0.3156250000000001 0.4890625 0.3156250000000001 0.4890625 0.3265625000000001 0.521875 0.3265625000000001
0 0.565625 0.3031250000000001 0.5453125 0.3031250000000001 0.5453125 0.3296875000000001 0.565625 0.3296875000000001
0 0.6484375 0.31718750000000007 0.5734375 0.31718750000000007 0.5734375 0.3437500000000001 0.6484375 0.3437500000000001
0 0.6984375 0.3156250000000001 0.6671875 0.3156250000000001 0.6671875 0.3375000000000001 0.6984375 0.3375000000000001
0 0.703125 0.32500000000000007 0.7015625 0.32500000000000007 0.7015625 0.3265625000000001 0.703125 0.3265625000000001
0 0.7578125 0.3046875000000001 0.7265625 0.3046875000000001 0.7265625 0.3281250000000001 0.7578125 0.3281250000000001
0 0.80625 0.3187500000000001 0.7796875 0.3187500000000001 0.7796875 0.3281250000000001 0.80625 0.3281250000000001
0 0.865625 0.30937500000000007 0.821875 0.30937500000000007 0.821875 0.3281250000000001 0.865625 0.3281250000000001
0 0.15937500000000004 0.35625 0.13750000000000004 0.35625 0.13750000000000004 0.378125 0.15937500000000004 0.378125
0 0.24687500000000004 0.35625 0.17968750000000006 0.35625 0.17968750000000006 0.39375 0.2468750000000001 0.39375
0 0.2562500000000001 0.375 0.2531250000000001 0.375 0.2531250000000001 0.3765625 0.2562500000000001 0.3765625
0 0.30937500000000007 0.3546875 0.2796875 0.3546875 0.27968750000000003 0.3765625 0.30937500000000007 0.3765625
0 0.353125 0.3578125 0.3265625 0.3578125 0.32656250000000003 0.378125 0.3531250000000001 0.378125
0 0.39843750000000006 0.3578125000000001 0.3640625 0.3578125000000001 0.36406250000000007 0.37968750000000007 0.3984375000000001 0.37968750000000007
0 0.4109375 0.3765625000000001 0.40625 0.3765625000000001 0.40625 0.3843750000000001 0.4109375 0.3843750000000001
0 0.4359375 0.3609375000000001 0.428125 0.3609375000000001 0.428125 0.3781250000000001 0.4359375 0.3781250000000001
0 0.509375 0.35625000000000007 0.446875 0.35625000000000007 0.446875 0.37968750000000007 0.509375 0.37968750000000007
0 0.521875 0.3750000000000001 0.5171875 0.3750000000000001 0.5171875 0.3843750000000001 0.521875 0.3843750000000001
0 0.5671875 0.3671875000000001 0.5328125 0.3671875000000001 0.5328125 0.3781250000000001 0.5671875 0.3781250000000001
0 0.64375 0.3531250000000001 0.5859375 0.3531250000000001 0.5859375 0.3781250000000001 0.64375 0.3781250000000001
0 0.6703125 0.3671875000000001 0.6609375 0.3671875000000001 0.6609375 0.3765625000000001 0.6703125 0.3765625000000001
0 0.71875 0.3546875000000001 0.684375 0.3546875000000001 0.684375 0.38750000000000007 0.71875 0.38750000000000007
0 0.8421875 0.35625000000000007 0.746875 0.35625000000000007 0.746875 0.3812500000000001 0.8421875 0.3812500000000001
0 0.903125 0.3593750000000001 0.8546875 0.3593750000000001 0.8546875 0.3890625000000001 0.903125 0.3890625000000001
0 0.9046875 0.37968750000000007 0.903125 0.37968750000000007 0.903125 0.3812500000000001 0.9046875 0.3812500000000001
0 0.2015625000000001 0.4 0.14218750000000005 0.4 0.14218750000000005 0.4265625 0.2015625000000001 0.4265625
0 0.2656250000000001 0.415625 0.2218750000000001 0.415625 0.2218750000000001 0.428125 0.2656250000000001 0.428125
0 0.3687500000000001 0.4078125 0.27812500000000007 0.4078125 0.27812500000000007 0.4296875 0.3687500000000001 0.4296875
0 0.50625 0.403125 0.3859375000000001 0.403125 0.3859375000000001 0.43125 0.50625 0.43125
0 0.596875 0.4078125 0.5328125 0.4078125 0.5328125 0.428125 0.596875 0.428125
0 0.6390625 0.409375 0.6140625 0.409375 0.6140625 0.4265625 0.6390625 0.4265625
0 0.7375 0.4125000000000001 0.653125 0.4125 0.653125 0.4296875000000001 0.7375 0.42968750000000017
0 0.8359375 0.40937500000000016 0.7578125 0.40937500000000016 0.7578125 0.4312500000000002 0.8359375 0.4312500000000002
0 0.871875 0.4109375000000002 0.8484375 0.4109375000000002 0.8484375 0.43281250000000016 0.871875 0.43281250000000016
0 0.9078125 0.4203125000000002 0.8734375 0.4203125000000002 0.8734375 0.44531250000000017 0.9078125 0.44531250000000017
0 0.16562500000000005 0.465625 0.14062500000000006 0.465625 0.14062500000000006 0.478125 0.16562500000000005 0.478125
0 0.18125000000000005 0.4765625 0.17968750000000006 0.4765625 0.17968750000000006 0.478125 0.18125000000000005 0.478125