0 0.15937500000000004 0.2046875 0.13906250000000003 0.2046875 0.13906250000000003 0.2375 0.15937500000000004 0.2375
0 0.2 0.2140625 0.17500000000000004 0.2140625 0.17500000000000004 0.228125 0.2 0.228125
0 0.259375 0.215625 0.215625 0.215625 0.215625 0.228125 0.259375 0.228125
0 0.3484375 0.20625 0.2703125 0.20625 0.2703125 0.2359375 0.3484375 0.2359375
0 0.378125 0.21406250000000004 0.3578125 0.2140625 0.3578125 0.23125000000000004 0.378125 0.2312500000000001
0 0.4671875 0.21250000000000008 0.3890625 0.21250000000000008 0.3890625 0.2296875000000001 0.4671875 0.2296875000000001
0 0.528125 0.21093750000000008 0.484375 0.21093750000000008 0.484375 0.22812500000000008 0.528125 0.22812500000000008
0 0.603125 0.21093750000000008 0.5453125 0.21093750000000008 0.5453125 0.22812500000000008 0.603125 0.22812500000000008
0 0.6953125 0.2171875000000001 0.6234375 0.2171875000000001 0.6234375 0.24375000000000008 0.6953125 0.24375000000000008
0 0.715625 0.2250000000000001 0.7046875 0.2250000000000001 0.7046875 0.22656250000000008 0.715625 0.22656250000000008
0 0.78125 0.21093750000000008 0.73125 0.21093750000000008 0.73125 0.2296875000000001 0.78125 0.2296875000000001
0 0.8375 0.21093750000000008 0.7890625 0.21093750000000008 0.7890625 0.2312500000000001 0.8375 0.2312500000000001
0 0.85625 0.2234375000000001 0.8453125 0.2234375000000001 0.8453125 0.2250000000000001 0.85625 0.2250000000000001
0 0.16406250000000006 0.265625 0.14062500000000006 0.265625 0.14062500000000006 0.2796875 0.16406250000000006 0.2796875
0 0.2203125 0.2609375 0.18125000000000005 0.2609375 0.18125000000000005 0.28125 0.2203125 0.28125
0 0.2765625 0.2578125 0.2375 0.2578125 0.2375 0.2796875 0.2765625 0.2796875
0 0.3359375 0.26875 0.2921875 0.26875 0.2921875 0.2890625 0.3359375 0.2890625
0 0.3671875 0.26875000000000004 0.3515625 0.26875 0.3515625 0.27812500000000007 0.3671875 0.27812500000000007
0 0.4078125 0.2578125000000001 0.38125 0.2578125000000001 0.38125 0.27812500000000007 0.4078125 0.27812500000000007
0 0.496875 0.2687500000000001 0.421875 0.2687500000000001 0.421875 0.27812500000000007 0.496875 0.27812500000000007
0 0.540625 0.2593750000000001 0.5171875 0.2593750000000001 0.5171875 0.2875000000000001 0.540625 0.2875000000000001
0 0.559375 0.2734375000000001 0.5484375 0.2734375000000001 0.5484375 0.2828125000000001 0.559375 0.2828125000000001
0 0.6203125 0.26250000000000007 0.575 0.26250000000000007 0.575 0.28593750000000007 0.6203125 0.28593750000000007
0 0.6625 0.2656250000000001 0.640625 0.2656250000000001 0.640625 0.27812500000000007 0.6625 0.27812500000000007
0 0.740625 0.2609375000000001 0.6765625 0.2609375000000001 0.6765625 0.27812500000000007 0.740625 0.27812500000000007
0 0.7859375 0.2593750000000001 0.759375 0.2593750000000001 0.759375 0.27812500000000007 0.7859375 0.27812500000000007
0 0.24375 0.3046875 0.13750000000000004 0.3046875 0.13750000000000004 0.34375 0.24375 0.34375
0 0.253125 0.325 0.25 0.325 0.25 0.328125 0.253125 0.328125
0 0.3296875 0.309375 0.275 0.309375 0.275 0.3296875 0.3296875 0.3296875
0 0.36875 0.30781250000000004 0.3484375 0.3078125 0.3484375 0.3375 0.36875 0.3375000000000001
0 0.396875 0.30937500000000007 0.378125 0.30937500000000007 0.378125 0.3296875000000001 0.396875 0.3296875000000001
0 0.425 0.3140625000000001 0.40625 0.3140625000000001 0.40625 0.3281250000000001 0.425 0.3281250000000001
0 0.55 0.3062500000000001 0.44375 0.3062500000000001 0.44375 0.3296875000000001 0.55 0.3296875000000001
0 0.5625 0.32500000000000007 0.55625 0.32500000000000007 0.55625 0.3343750000000001 0.5625 0.3343750000000001
0 0.628125 0.3109375000000001 0.5828125 0.3109375000000001 0.5828125 0.3281250000000001 0.628125 0.3281250000000001
0 0.671875 0.3156250000000001 0.64375 0.3156250000000001 0.64375 0.3281250000000001 0.671875 0.3281250000000001
0 0.71875 0.3125000000000001 0.6859375 0.3125000000000001 0.6859375 0.3281250000000001 0.71875 0.3281250000000001
0 0.7546875 0.3203125000000001 0.7265625 0.3203125000000001 0.7265625 0.3281250000000001 0.7546875 0.3281250000000001
0 0.8421875 0.3109375000000001 0.7828125 0.3109375000000001 0.7828125 0.3312500000000001 0.8421875 0.3312500000000001
0 0.875 0.3140625000000001 0.8515625 0.3140625000000001 0.8515625 0.3312500000000001 0.875 0.3312500000000001
0 0.21562500000000004 0.3609375 0.14375000000000004 0.3609375 0.14375000000000004 0.378125 0.2156250000000001 0.378125
0 0.27812500000000007 0.3609375 0.24375 0.3609375 0.24375000000000005 0.378125 0.27812500000000007 0.378125
0 0.409375 0.35781250000000003 0.2953125 0.3578125 0.29531250000000003 0.38906250000000003 0.409375 0.3890625000000001
0 0.4203125 0.37968750000000007 0.4171875 0.37968750000000007 0.4171875 0.3812500000000001 0.4203125 0.3812500000000001
0 0.5703125 0.3578125000000001 0.4359375 0.3578125000000001 0.4359375 0.3812500000000001 0.5703125 0.3812500000000001
0 0.5828125 0.3734375000000001 0.5765625 0.3734375000000001 0.5765625 0.3859375000000001 0.5828125 0.3859375000000001
0 0.6203125 0.3656250000000001 0.596875 0.3656250000000001 0.596875 0.3781250000000001 0.6203125 0.3781250000000001
0 0.7015625 0.3625000000000001 0.6375 0.3625000000000001 0.6375 0.37968750000000007 0.7015625 0.37968750000000007
0 0.740625 0.3593750000000001 0.7140625 0.3593750000000001 0.7140625 0.37968750000000007 0.740625 0.37968750000000007
0 0.8578125 0.3578125000000001 0.7546875 0.3578125000000001 0.7546875 0.3890625000000001 0.8578125 0.3890625000000001
0 0.16250000000000003 0.4109375 0.13906250000000003 0.4109375 0.13906250000000003 0.4296875 0.16250000000000003 0.4296875
0 0.19218750000000004 0.41875 0.18125000000000005 0.41875 0.18125000000000005 0.4296875 0.19218750000000004 0.4296875
0 0.2468750000000001 0.4046875 0.20468750000000008 0.4046875 0.20468750000000008 0.4296875 0.2468750000000001 0.4296875
0 0.3265625000000001 0.415625 0.2718750000000001 0.415625 0.2718750000000001 0.4296875 0.3265625000000001 0.4296875
0 0.421875 0.40625 0.3437500000000001 0.40625 0.3437500000000001 0.4421875 0.421875 0.4421875
0 0.4765625 0.409375 0.4421875 0.409375 0.4421875 0.440625 0.4765625 0.440625
0 0.5140625 0.415625 0.4921875 0.415625 0.4921875 0.428125 0.5140625 0.428125
0 0.553125 0.41875 0.5265625 0.41875 0.5265625 0.428125 0.553125 0.428125
0 0.6796875 0.40625 0.5671875 0.40625 0.5671875 0.440625 0.6796875 0.440625
0 0.740625 0.4078125000000001 0.69375 0.4078125 0.69375 0.4437500000000001 0.740625 0.4437500000000002
0 0.8484375 0.40937500000000016 0.7640625 0.40937500000000016 0.7640625 0.43281250000000016 0.8484375 0.43281250000000016
0 0.2250000000000001 0.45625 0.14218750000000005 0.45625 0.14218750000000005 0.4953125 0.2250000000000001 0.4953125
0 0.23437500000000008 0.48125 0.2312500000000001 0.48125 0.2312500000000001 0.4828125 0.23437500000000008 0.4828125