0 0.16406250000000006 0.2 0.11875000000000005 0.2 0.11875000000000005 0.2296875 0.16406250000000006 0.2296875
0 0.17968750000000006 0.2140625 0.16718750000000004 0.2140625 0.16718750000000004 0.225 0.17968750000000006 0.225
0 0.215625 0.2046875 0.19375000000000003 0.2046875 0.19375000000000003 0.225 0.215625 0.225
0 0.365625 0.20312500000000006 0.2359375 0.203125 0.2359375 0.23750000000000004 0.365625 0.2375000000000001
0 0.396875 0.20312500000000008 0.3765625 0.20312500000000008 0.3765625 0.2234375000000001 0.396875 0.2234375000000001
0 0.45625 0.20468750000000008 0.409375 0.20468750000000008 0.409375 0.22656250000000008 0.45625 0.22656250000000008
0 0.6328125 0.2000000000000001 0.4671875 0.2000000000000001 0.4671875 0.22656250000000008 0.6328125 0.22656250000000008
0 0.6828125 0.2140625000000001 0.646875 0.2140625000000001 0.646875 0.22656250000000008 0.6828125 0.22656250000000008
0 0.7234375 0.2171875000000001 0.6953125 0.2171875000000001 0.6953125 0.22656250000000008 0.7234375 0.22656250000000008
0 0.81875 0.2062500000000001 0.7359375 0.2062500000000001 0.7359375 0.2296875000000001 0.81875 0.2296875000000001
0 0.24375 0.2546875 0.12500000000000006 0.2546875 0.12500000000000006 0.275 0.24375 0.275
0 0.41875 0.25468750000000007 0.26875 0.2546875 0.26875 0.27812500000000007 0.41875 0.27812500000000007
0 0.4765625 0.2656250000000001 0.440625 0.2656250000000001 0.440625 0.2765625000000001 0.4765625 0.2765625000000001
0 0.5421875 0.2593750000000001 0.49375 0.2593750000000001 0.49375 0.2812500000000001 0.5421875 0.2812500000000001
0 0.653125 0.2656250000000001 0.5625 0.2656250000000001 0.5625 0.27812500000000007 0.653125 0.27812500000000007
0 0.6703125 0.2640625000000001 0.65625 0.2640625000000001 0.65625 0.2875000000000001 0.6703125 0.2875000000000001
0 0.7859375 0.2515625000000001 0.6796875 0.2515625000000001 0.6796875 0.2906250000000001 0.7859375 0.2906250000000001
0 0.8390625 0.25468750000000007 0.80625 0.25468750000000007 0.80625 0.2875000000000001 0.8390625 0.2875000000000001
0 0.2375 0.3015625 0.12656250000000005 0.3015625 0.12656250000000005 0.3296875 0.2375 0.3296875
0 0.2875 0.3015625 0.2546875 0.3015625 0.2546875 0.3265625 0.2875 0.3265625
0 0.4171875 0.30156250000000007 0.3015625 0.3015625 0.3015625 0.34218750000000003 0.4171875 0.3421875000000001
0 0.4640625 0.3000000000000001 0.4328125 0.3000000000000001 0.4328125 0.3359375000000001 0.4640625 0.3359375000000001
0 0.5296875 0.3046875000000001 0.48125 0.3046875000000001 0.48125 0.3265625000000001 0.5296875 0.3265625000000001
0 0.6375 0.3046875000000001 0.5484375 0.3046875000000001 0.5484375 0.3281250000000001 0.6375 0.3281250000000001
0 0.7125 0.3031250000000001 0.6515625 0.3031250000000001 0.6515625 0.3281250000000001 0.7125 0.3281250000000001
0 0.8328125 0.3000000000000001 0.7265625 0.3000000000000001 0.7265625 0.3390625000000001 0.8328125 0.3390625000000001
0 0.15937500000000004 0.359375 0.13281250000000006 0.359375 0.13281250000000006 0.3921875 0.15937500000000004 0.3921875
0 0.21718750000000003 0.3546875 0.17656250000000004 0.3546875 0.17656250000000004 0.3765625 0.2171875000000001 0.3765625
0 0.3453125 0.35625 0.225 0.35625 0.22500000000000003 0.3890625 0.3453125000000001 0.3890625
0 0.39687500000000003 0.35781250000000003 0.3578125 0.3578125 0.35781250000000003 0.3765625 0.3968750000000001 0.3765625000000001
0 0.5265625 0.3500000000000001 0.41875 0.3500000000000001 0.41875 0.3921875000000001 0.5265625 0.3921875000000001
0 0.575 0.3500000000000001 0.54375 0.3500000000000001 0.54375 0.3890625000000001 0.575 0.3890625000000001
0 0.6296875 0.3546875000000001 0.5984375 0.3546875000000001 0.5984375 0.3781250000000001 0.6296875 0.3781250000000001
0 0.7640625 0.3515625000000001 0.65 0.3515625000000001 0.65 0.3765625000000001 0.7640625 0.3765625000000001
0 0.815625 0.3515625000000001 0.78125 0.3515625000000001 0.78125 0.37968750000000007 0.815625 0.37968750000000007
0 0.2140625000000001 0.4015625 0.12812500000000004 0.4015625 0.12812500000000004 0.4296875 0.2140625000000001 0.4296875
0 0.30937500000000007 0.40625 0.2250000000000001 0.40625 0.2250000000000001 0.4296875 0.30937500000000007 0.4296875
0 0.32500000000000007 0.403125 0.3203125000000001 0.403125 0.3203125000000001 0.4234375 0.32500000000000007 0.4234375
0 0.34843750000000007 0.3984375 0.3343750000000001 0.3984375 0.3343750000000001 0.4328125 0.34843750000000007 0.4328125
0 0.4328125 0.4109375 0.37187500000000007 0.4109375 0.37187500000000007 0.428125 0.4328125 0.428125
0 0.5125 0.40625 0.44375 0.40625 0.44375 0.4421875 0.5125 0.4421875
0 0.584375 0.4046875 0.528125 0.4046875 0.528125 0.4296875 0.584375 0.4296875
0 0.6375 0.403125 0.6046875 0.403125 0.6046875 0.4359375 0.6375 0.4359375
0 0.79375 0.4046875000000001 0.6484375 0.4046875 0.6484375 0.4531250000000001 0.79375 0.45312500000000017
0 0.8328125 0.4109375000000002 0.8046875 0.4109375000000002 0.8046875 0.43750000000000017 0.8328125 0.43750000000000017
0 0.17031250000000003 0.45625 0.12968750000000004 0.45625 0.12968750000000004 0.478125 0.17031250000000003 0.478125
0 0.2921875000000001 0.45625 0.17968750000000006 0.45625 0.17968750000000006 0.4796875 0.2921875000000001 0.4796875
0 0.409375 0.4578125 0.3156250000000001 0.4578125 0.3156250000000001 0.478125 0.409375 0.478125
0 0.45 0.4625 0.428125 0.4625 0.428125 0.4796875 0.45 0.4796875
0 0.565625 0.4546875 0.4703125 0.4546875 0.4703125 0.48125 0.565625 0.48125
0 0.6609375 0.453125 0.5890625 0.453125 0.5890625 0.4859375 0.6609375 0.4859375
0 0.721875 0.4546875 0.671875 0.4546875 0.671875 0.48125 0.721875 0.48125
0 0.84375 0.45312500000000017 0.7359375 0.45312500000000017 0.7359375 0.47968750000000016 0.84375 0.47968750000000016
0 0.8546875 0.47968750000000016 0.85 0.47968750000000016 0.85 0.4812500000000002 0.8546875 0.4812500000000002
0 0.21250000000000008 0.509375 0.12656250000000005 0.509375 0.12656250000000005 0.5296875 0.21250000000000008 0.5296875
0 0.2484375000000001 0.5078125 0.22812500000000008 0.5078125 0.22812500000000008 0.528125 0.2484375000000001 0.528125
0 0.3062500000000001 0.5203125 0.2640625000000001 0.5203125 0.2640625000000001 0.5296875 0.3062500000000001 0.5296875
0 0.478125 0.50625 0.3281250000000001 0.50625 0.3281250000000001 0.534375 0.478125 0.534375
0 0.51875 0.50625 0.49375 0.50625 0.49375 0.528125 0.51875 0.528125
0 0.5875 0.5078125 0.5328125 0.5078125 0.5328125 0.5296875 0.5875 0.5296875
0 0.75625 0.5062500000000001 0.603125 0.50625 0.603125 0.5312500000000001 0.75625 0.5312500000000002
0 0.8390625 0.5062500000000002 0.7734375 0.5062500000000002 0.7734375 0.5281250000000002 0.8390625 0.5281250000000002
0 0.2656250000000001 0.5578125 0.1218750000000001 0.5578125 0.1218750000000001 0.58125 0.2656250000000001 0.58125
0 0.32500000000000007 0.559375 0.2812500000000001 0.559375 0.2812500000000001 0.58125 0.32500000000000007 0.58125
0 0.5109375 0.553125 0.3343750000000001 0.553125 0.3343750000000001 0.58125 0.5109375 0.58125
0 0.6265625 0.55625 0.5234375 0.55625 0.5234375 0.58125 0.6265625 0.58125
0 0.7375 0.5562500000000001 0.653125 0.55625 0.653125 0.5828125000000001 0.7375 0.5828125000000002
0 0.8234375 0.5578125000000002 0.7546875 0.5578125000000002 0.7546875 0.5796875000000001 0.8234375 0.5796875000000001
0 0.2484375000000001 0.6046875 0.1281250000000001 0.6046875 0.1281250000000001 0.63125 0.2484375000000001 0.63125
0 0.409375 0.60625 0.2734375000000001 0.60625 0.2734375000000001 0.64375 0.409375 0.64375
0 0.4578125 0.5984375 0.4265625 0.5984375 0.4265625 0.6421875 0.4578125 0.6421875
0 0.6109375 0.60625 0.4734375 0.60625 0.4734375 0.6515625 0.6109375 0.6515625
0 0.6625 0.6078125 0.61875 0.6078125 0.61875 0.64375 0.6625 0.64375
0 0.7234375 0.6078125 0.68125 0.6078125 0.68125 0.6328125 0.7234375 0.6328125
0 0.865625 0.6078125000000002 0.74375 0.6078125000000002 0.74375 0.6328125000000002 0.865625 0.6328125000000002
0 0.2250000000000001 0.6546875 0.1312500000000001 0.6546875 0.1312500000000001 0.68125 0.2250000000000001 0.68125
0 0.3062500000000001 0.6546875 0.24218750000000008 0.6546875 0.24218750000000008 0.68125 0.3062500000000001 0.68125
0 0.38750000000000007 0.6546875 0.33281250000000007 0.6546875 0.33281250000000007 0.68125 0.38750000000000007 0.68125
0 0.559375 0.6625 0.40625 0.6625 0.40625 0.6984375 0.559375 0.6984375
0 0.6640625 0.659375 0.5828125 0.659375 0.5828125 0.684375 0.6640625 0.684375
0 0.7859375 0.6578125000000001 0.6796875 0.6578125 0.6796875 0.6984375 0.7859375 0.6984375000000002
0 0.8640625 0.6562500000000002 0.809375 0.6562500000000002 0.809375 0.6859375000000002 0.8640625 0.6859375000000002
0 0.2015625000000001 0.7046875 0.1312500000000001 0.7046875 0.1312500000000001 0.73125 0.2015625000000001 0.73125
0 0.2453125000000001 0.70625 0.2234375000000001 0.70625 0.2234375000000001 0.7296875 0.2453125000000001 0.7296875
0 0.3828125000000001 0.703125 0.26250000000000007 0.703125 0.26250000000000007 0.746875 0.3828125000000001 0.746875
0 0.4468750000000001 0.7015625 0.403125 0.7015625 0.40312500000000007 0.728125 0.4468750000000002 0.728125
0 0.5484375000000001 0.7015625 0.4578125 0.7015625 0.45781250000000007 0.73125 0.5484375000000001 0.73125
0 0.6000000000000001 0.703125 0.565625 0.703125 0.565625 0.7390625 0.6000000000000002 0.7390625
0 0.6546875000000001 0.7046875 0.6234375 0.7046875 0.6234375000000001 0.7296875 0.6546875000000002 0.7296875
0 0.7937500000000001 0.7015625000000001 0.68125 0.7015625 0.6812500000000001 0.7265625000000001 0.7937500000000002 0.7265625000000002
0 0.8234375 0.7093750000000002 0.803125 0.7093750000000002 0.803125 0.7265625000000002 0.8234375 0.7265625000000002
0 0.884375 0.7062500000000002 0.828125 0.7062500000000002 0.828125 0.7281250000000001 0.884375 0.7281250000000001
0 0.89375 0.7281250000000001 0.890625 0.7281250000000001 0.890625 0.7296875000000002 0.89375 0.7296875000000002