0 0.18437500000000004 0.20625 0.13125000000000003 0.20625 0.13125000000000003 0.2234375 0.18437500000000004 0.2234375
0 0.31875 0.20625 0.2 0.20625 0.2 0.2265625 0.31875 0.2265625
0 0.4859375 0.20468750000000005 0.3390625 0.2046875 0.3390625 0.22656250000000006 0.4859375 0.22656250000000008
0 0.5671875 0.2062500000000001 0.50625 0.2062500000000001 0.50625 0.2296875000000001 0.5671875 0.2296875000000001
0 0.6015625 0.2156250000000001 0.5765625 0.2156250000000001 0.5765625 0.2250000000000001 0.6015625 0.2250000000000001
0 0.721875 0.20468750000000008 0.6046875 0.20468750000000008 0.6046875 0.2453125000000001 0.721875 0.2453125000000001
0 0.76875 0.20468750000000008 0.734375 0.20468750000000008 0.734375 0.23437500000000008 0.76875 0.23437500000000008
0 0.84375 0.2062500000000001 0.78125 0.2062500000000001 0.78125 0.2296875000000001 0.84375 0.2296875000000001
0 0.3078125 0.253125 0.12656250000000005 0.253125 0.12656250000000005 0.2796875 0.3078125 0.2796875
0 0.4390625 0.2515625 0.321875 0.2515625 0.321875 0.27656250000000004 0.4390625 0.2765625000000001
0 0.453125 0.2765625000000001 0.4453125 0.2765625000000001 0.4453125 0.2828125000000001 0.453125 0.2828125000000001
0 0.5 0.2562500000000001 0.4703125 0.2562500000000001 0.4703125 0.2750000000000001 0.5 0.2750000000000001
0 0.634375 0.2562500000000001 0.5078125 0.2562500000000001 0.5078125 0.2890625000000001 0.634375 0.2890625000000001
0 0.6625 0.2515625000000001 0.6546875 0.2515625000000001 0.6546875 0.27812500000000007 0.6625 0.27812500000000007
0 0.7125 0.2562500000000001 0.665625 0.2562500000000001 0.665625 0.2765625000000001 0.7125 0.2765625000000001
0 0.8125 0.2562500000000001 0.728125 0.2562500000000001 0.728125 0.2765625000000001 0.8125 0.2765625000000001
0 0.8296875 0.2515625000000001 0.8140625 0.2515625000000001 0.8140625 0.2843750000000001 0.8296875 0.2843750000000001
0 0.8453125 0.2640625000000001 0.8390625 0.2640625000000001 0.8390625 0.2734375000000001 0.8453125 0.2734375000000001
0 0.13906250000000003 0.3015625 0.13593750000000004 0.3015625 0.13593750000000004 0.309375 0.13906250000000003 0.309375
0 0.19062500000000004 0.3078125 0.14062500000000006 0.3078125 0.14062500000000006 0.325 0.19062500000000004 0.325
0 0.265625 0.309375 0.20625 0.309375 0.20625 0.334375 0.265625 0.334375
0 0.3578125 0.30625 0.28125 0.30625 0.28125 0.3390625 0.3578125 0.3390625
0 0.559375 0.3031250000000001 0.371875 0.3031250000000001 0.371875 0.3359375000000001 0.559375 0.3359375000000001
0 0.646875 0.3046875000000001 0.5796875 0.3046875000000001 0.5796875 0.3312500000000001 0.646875 0.3312500000000001
0 0.6984375 0.3078125000000001 0.6515625 0.3078125000000001 0.6515625 0.3281250000000001 0.6984375 0.3281250000000001
0 0.7890625 0.3078125000000001 0.7125 0.3078125000000001 0.7125 0.3296875000000001 0.7890625 0.3296875000000001
0 0.8796875 0.3109375000000001 0.8015625 0.3109375000000001 0.8015625 0.34062500000000007 0.8796875 0.34062500000000007
0 0.890625 0.3203125000000001 0.8875 0.3203125000000001 0.8875 0.3265625000000001 0.890625 0.3265625000000001
0 0.18125000000000005 0.3578125 0.13437500000000005 0.3578125 0.13437500000000005 0.378125 0.18125000000000005 0.378125
0 0.27812500000000007 0.3578125 0.19687500000000005 0.3578125 0.19687500000000005 0.3796875 0.27812500000000007 0.3796875
0 0.32500000000000007 0.3578125 0.3 0.3578125 0.30000000000000004 0.390625 0.32500000000000007 0.390625
0 0.4265625 0.35937500000000006 0.3453125 0.359375 0.3453125 0.37812500000000004 0.4265625 0.3781250000000001
0 0.446875 0.3750000000000001 0.440625 0.3750000000000001 0.440625 0.3843750000000001 0.446875 0.3843750000000001
0 0.5015625 0.3593750000000001 0.4578125 0.3593750000000001 0.4578125 0.37968750000000007 0.5015625 0.37968750000000007
0 0.6015625 0.3546875000000001 0.51875 0.3546875000000001 0.51875 0.3781250000000001 0.6015625 0.3781250000000001
0 0.6421875 0.35625000000000007 0.6171875 0.35625000000000007 0.6171875 0.3859375000000001 0.6421875 0.3859375000000001
0 0.7546875 0.3578125000000001 0.65625 0.3578125000000001 0.65625 0.37968750000000007 0.7546875 0.37968750000000007
0 0.7921875 0.3578125000000001 0.76875 0.3578125000000001 0.76875 0.3859375000000001 0.7921875 0.3859375000000001
0 0.9015625 0.3546875000000001 0.8078125 0.3546875000000001 0.8078125 0.3781250000000001 0.9015625 0.3781250000000001
0 0.90625 0.3750000000000001 0.9 0.3750000000000001 0.9 0.38750000000000007 0.90625 0.38750000000000007
0 0.18750000000000006 0.40625 0.12812500000000004 0.40625 0.12812500000000004 0.428125 0.18750000000000006 0.428125
0 0.24375000000000008 0.40625 0.2015625000000001 0.40625 0.2015625000000001 0.4296875 0.24375000000000008 0.4296875
0 0.3421875000000001 0.40625 0.2562500000000001 0.40625 0.2562500000000001 0.428125 0.3421875000000001 0.428125
0 0.3906250000000001 0.40625 0.3625000000000001 0.40625 0.3625000000000001 0.4390625 0.3906250000000001 0.4390625
0 0.55625 0.409375 0.4015625 0.409375 0.4015625 0.43125 0.55625 0.43125
0 0.56875 0.4234375 0.565625 0.4234375 0.565625 0.428125 0.56875 0.428125
0 0.575 0.4015625 0.571875 0.4015625 0.571875 0.4125 0.575 0.4125
0 0.6453125 0.4078125 0.5984375 0.4078125 0.5984375 0.4265625 0.6453125 0.4265625
0 0.7421875 0.4078125000000001 0.659375 0.4078125 0.659375 0.4437500000000001 0.7421875 0.4437500000000002
0 0.7828125 0.4031250000000002 0.753125 0.4031250000000002 0.753125 0.43750000000000017 0.7828125 0.43750000000000017
0 0.859375 0.40625000000000017 0.803125 0.40625000000000017 0.803125 0.4312500000000002 0.859375 0.4312500000000002
0 0.19062500000000004 0.4609375 0.13125000000000003 0.4609375 0.13125000000000003 0.4921875 0.19062500000000004 0.4921875
0 0.3140625000000001 0.4609375 0.19375000000000003 0.4609375 0.19375000000000003 0.5 0.3140625000000001 0.5
0 0.35625000000000007 0.4609375 0.3359375000000001 0.4609375 0.3359375000000001 0.478125 0.35625000000000007 0.478125
0 0.49375 0.45625 0.3750000000000001 0.45625 0.3750000000000001 0.4828125 0.49375 0.4828125
0 0.503125 0.4796875 0.496875 0.4796875 0.496875 0.4875 0.503125 0.4875
0 0.55 0.4609375 0.515625 0.4609375 0.515625 0.4828125 0.55 0.4828125
0 0.66875 0.4609375 0.5578125 0.4609375 0.5578125 0.490625 0.66875 0.490625
0 0.84375 0.4562500000000001 0.69375 0.45625 0.69375 0.4953125000000001 0.84375 0.49531250000000016
0 0.16562500000000005 0.5171875 0.12656250000000005 0.5171875 0.12656250000000005 0.5296875 0.16562500000000005 0.5296875
0 0.2312500000000001 0.5078125 0.17500000000000004 0.5078125 0.17500000000000004 0.5296875 0.2312500000000001 0.5296875
0 0.3656250000000001 0.509375 0.2453125000000001 0.509375 0.2453125000000001 0.55 0.3656250000000001 0.55
0 0.41875 0.5046875 0.3906250000000001 0.5046875 0.3906250000000001 0.5390625 0.41875 0.5390625
0 0.471875 0.509375 0.4421875 0.509375 0.4421875 0.53125 0.471875 0.53125
0 0.6078125 0.5109375 0.490625 0.5109375 0.490625 0.53125 0.6078125 0.53125
0 0.646875 0.5109375 0.625 0.5109375 0.625 0.53125 0.646875 0.53125
0 0.7203125 0.5125 0.6609375 0.5125 0.6609375 0.53125 0.7203125 0.53125
0 0.853125 0.5093750000000001 0.7453125 0.5093750000000001 0.7453125 0.5343750000000002 0.853125 0.5343750000000002
0 0.2171875000000001 0.559375 0.1296875000000001 0.559375 0.1296875000000001 0.5828125 0.2171875000000001 0.5828125
0 0.3156250000000001 0.5625 0.2390625000000001 0.5625 0.2390625000000001 0.584375 0.3156250000000001 0.584375
0 0.3515625000000001 0.5734375 0.3296875000000001 0.5734375 0.3296875000000001 0.5828125 0.3515625000000001 0.5828125
0 0.4890625 0.5625 0.3734375000000001 0.5625 0.3734375000000001 0.584375 0.4890625 0.584375
0 0.6203125 0.5609375 0.5109375 0.5609375 0.5109375 0.584375 0.6203125 0.584375
0 0.6390625 0.58125 0.6328125 0.58125 0.6328125 0.584375 0.6390625 0.584375