0 0.17812500000000003 0.20625 0.12812500000000004 0.20625 0.12812500000000004 0.225 0.17812500000000003 0.225
0 0.3203125 0.2046875 0.18437500000000004 0.2046875 0.18437500000000004 0.2390625 0.3203125 0.2390625
0 0.390625 0.20156250000000003 0.334375 0.2015625 0.334375 0.22656250000000006 0.390625 0.22656250000000008
0 0.5171875 0.2156250000000001 0.409375 0.2156250000000001 0.409375 0.22656250000000008 0.5171875 0.22656250000000008
0 0.609375 0.2078125000000001 0.5359375 0.2078125000000001 0.5359375 0.2296875000000001 0.609375 0.2296875000000001
0 0.7109375 0.2062500000000001 0.6203125 0.2062500000000001 0.6203125 0.2453125000000001 0.7109375 0.2453125000000001
0 0.7515625 0.2062500000000001 0.728125 0.2062500000000001 0.728125 0.22812500000000008 0.7515625 0.22812500000000008
0 0.825 0.20468750000000008 0.76875 0.20468750000000008 0.76875 0.22812500000000008 0.825 0.22812500000000008
0 0.19062500000000004 0.2578125 0.12968750000000004 0.2578125 0.12968750000000004 0.2765625 0.19062500000000004 0.2765625
0 0.25625 0.2546875 0.2171875 0.2546875 0.2171875 0.2890625 0.25625 0.2890625
0 0.3328125 0.25625 0.278125 0.25625 0.278125 0.2796875 0.3328125 0.2796875
0 0.40625 0.25312500000000004 0.3453125 0.253125 0.3453125 0.27968750000000003 0.40625 0.2796875000000001
0 0.4515625 0.2531250000000001 0.4203125 0.2531250000000001 0.4203125 0.2875000000000001 0.4515625 0.2875000000000001
0 0.528125 0.25468750000000007 0.46875 0.25468750000000007 0.46875 0.27812500000000007 0.528125 0.27812500000000007
0 0.6296875 0.2515625000000001 0.534375 0.2515625000000001 0.534375 0.2968750000000001 0.6296875 0.2968750000000001
0 0.7078125 0.2656250000000001 0.6484375 0.2656250000000001 0.6484375 0.2796875000000001 0.7078125 0.2796875000000001
0 0.821875 0.2500000000000001 0.725 0.2500000000000001 0.725 0.2890625000000001 0.821875 0.2890625000000001
0 0.18750000000000006 0.3078125 0.13125000000000003 0.3078125 0.13125000000000003 0.328125 0.18750000000000006 0.328125
0 0.2359375 0.3046875 0.2078125 0.3046875 0.2078125 0.3265625 0.2359375 0.3265625
0 0.290625 0.30625 0.2484375 0.30625 0.2484375 0.328125 0.290625 0.328125
0 0.375 0.31562500000000004 0.2984375 0.315625 0.2984375 0.32812500000000006 0.375 0.3281250000000001
0 0.48125 0.3031250000000001 0.39375 0.3031250000000001 0.39375 0.3296875000000001 0.48125 0.3296875000000001
0 0.5390625 0.30937500000000007 0.4984375 0.30937500000000007 0.4984375 0.3296875000000001 0.5390625 0.3296875000000001
0 0.64375 0.3046875000000001 0.5515625 0.3046875000000001 0.5515625 0.3281250000000001 0.64375 0.3281250000000001
0 0.71875 0.3078125000000001 0.6578125 0.3078125000000001 0.6578125 0.3421875000000001 0.71875 0.3421875000000001
0 0.7921875 0.31718750000000007 0.734375 0.31718750000000007 0.734375 0.3296875000000001 0.7921875 0.3296875000000001
0 0.24218750000000006 0.3546875 0.13593750000000004 0.3546875 0.13593750000000004 0.3890625 0.24218750000000008 0.3890625
0 0.29531250000000003 0.35625 0.2625 0.35625 0.26250000000000007 0.378125 0.2953125000000001 0.378125
0 0.353125 0.359375 0.3046875 0.359375 0.30468750000000006 0.3796875 0.3531250000000001 0.3796875
0 0.5421875 0.35625000000000007 0.3625 0.35625 0.36250000000000004 0.37968750000000007 0.5421875 0.37968750000000007
0 0.590625 0.3687500000000001 0.553125 0.3687500000000001 0.553125 0.37968750000000007 0.590625 0.37968750000000007
0 0.665625 0.3578125000000001 0.6078125 0.3578125000000001 0.6078125 0.3812500000000001 0.665625 0.3812500000000001
0 0.8203125 0.3515625000000001 0.684375 0.3515625000000001 0.684375 0.37968750000000007 0.8203125 0.37968750000000007
0 0.8359375 0.3765625000000001 0.8328125 0.3765625000000001 0.8328125 0.37968750000000007 0.8359375 0.37968750000000007
0 0.18593750000000003 0.409375 0.12968750000000004 0.409375 0.12968750000000004 0.43125 0.18593750000000003 0.43125
0 0.2734375000000001 0.41875 0.20468750000000008 0.41875 0.20468750000000008 0.43125 0.2734375000000001 0.43125
0 0.38750000000000007 0.409375 0.2890625000000001 0.409375 0.2890625000000001 0.43125 0.38750000000000007 0.43125
0 0.490625 0.4171875 0.4015625 0.4171875 0.4015625 0.43125 0.490625 0.43125
0 0.559375 0.4109375 0.503125 0.4109375 0.503125 0.43125 0.559375 0.43125
0 0.6546875 0.4078125 0.5734375 0.4078125 0.5734375 0.43125 0.6546875 0.43125
0 0.7796875 0.4203125000000001 0.671875 0.4203125 0.671875 0.4484375000000001 0.7796875 0.44843750000000016
0 0.8546875 0.4203125000000002 0.7953125 0.4203125000000002 0.7953125 0.4312500000000002 0.8546875 0.4312500000000002
0 0.17968750000000006 0.46875 0.12656250000000005 0.46875 0.12656250000000005 0.49375 0.17968750000000006 0.49375
0 0.20468750000000008 0.459375 0.18750000000000006 0.459375 0.18750000000000006 0.4796875 0.20468750000000008 0.4796875
0 0.5328125 0.4578125 0.20468750000000008 0.4578125 0.20468750000000008 0.496875 0.5328125 0.496875
0 0.6859375 0.459375 0.546875 0.459375 0.546875 0.49375 0.6859375 0.49375
0 0.784375 0.45781250000000007 0.7125 0.4578125 0.7125 0.4828125000000001 0.784375 0.4828125000000002
0 0.24218750000000008 0.5171875 0.12812500000000004 0.5171875 0.12812500000000004 0.528125 0.24218750000000008 0.528125
0 0.2906250000000001 0.5203125 0.2609375000000001 0.5203125 0.2609375000000001 0.5296875 0.2906250000000001 0.5296875
0 0.3671875000000001 0.509375 0.3000000000000001 0.509375 0.3000000000000001 0.5296875 0.3671875000000001 0.5296875
0 0.4265625 0.51875 0.37968750000000007 0.51875 0.37968750000000007 0.5296875 0.4265625 0.5296875
0 0.559375 0.521875 0.4515625 0.521875 0.4515625 0.55 0.559375 0.55
0 0.5953125 0.5125 0.5765625 0.5125 0.5765625 0.53125 0.5953125 0.53125
0 0.734375 0.5093750000000001 0.60625 0.509375 0.60625 0.5531250000000001 0.734375 0.5531250000000002
0 0.8484375 0.5109375000000002 0.7578125 0.5109375000000002 0.7578125 0.5468750000000002 0.8484375 0.5468750000000002
0 0.1781250000000001 0.5640625 0.1312500000000001 0.5640625 0.1312500000000001 0.584375 0.1781250000000001 0.584375
0 0.3187500000000001 0.559375 0.1937500000000001 0.559375 0.1937500000000001 0.5984375 0.3187500000000001 0.5984375
0 0.459375 0.5703125 0.3500000000000001 0.5703125 0.3500000000000001 0.5984375 0.459375 0.5984375
0 0.5796875 0.559375 0.478125 0.559375 0.478125 0.5828125 0.5796875 0.5828125
0 0.68125 0.5609375 0.5953125 0.5609375 0.5953125 0.584375 0.68125 0.584375
0 0.7734375 0.5625000000000001 0.7015625 0.5625 0.7015625 0.5843750000000001 0.7734375 0.5843750000000002
0 0.840625 0.5625000000000002 0.7890625 0.5625000000000002 0.7890625 0.5859375000000002 0.840625 0.5859375000000002
0 0.19687500000000008 0.6078125 0.1390625000000001 0.6078125 0.1390625000000001 0.6375 0.19687500000000008 0.6375
0 0.2890625000000001 0.60625 0.2218750000000001 0.60625 0.2218750000000001 0.6328125 0.2890625000000001 0.6328125
0 0.4203125 0.609375 0.3125000000000001 0.609375 0.3125000000000001 0.6484375 0.4203125 0.6484375
0 0.471875 0.6078125 0.4375 0.6078125 0.4375 0.63125 0.471875 0.63125
0 0.54375 0.6125 0.4921875 0.6125 0.4921875 0.634375 0.54375 0.634375
0 0.71875 0.6078125 0.56875 0.6078125 0.56875 0.6359375 0.71875 0.6359375
0 0.7359375 0.6296875000000002 0.7328125 0.6296875000000002 0.7328125 0.6328125000000002 0.7359375 0.6328125000000002