0 0.17968750000000006 0.20625 0.13437500000000005 0.20625 0.13437500000000005 0.2234375 0.17968750000000006 0.2234375
0 0.25 0.2046875 0.19375000000000003 0.2046875 0.19375000000000003 0.2390625 0.25 0.2390625
0 0.3140625 0.203125 0.2640625 0.203125 0.2640625 0.2296875 0.3140625 0.2296875
0 0.359375 0.203125 0.3296875 0.203125 0.3296875 0.234375 0.359375 0.234375
0 0.5078125 0.20468750000000008 0.378125 0.20468750000000008 0.378125 0.24218750000000008 0.5078125 0.24218750000000008
0 0.5671875 0.20468750000000008 0.5203125 0.20468750000000008 0.5203125 0.2296875000000001 0.5671875 0.2296875000000001
0 0.6546875 0.2062500000000001 0.5890625 0.2062500000000001 0.5890625 0.22812500000000008 0.6546875 0.22812500000000008
0 0.6890625 0.20468750000000008 0.665625 0.20468750000000008 0.665625 0.22812500000000008 0.6890625 0.22812500000000008
0 0.7453125 0.20468750000000008 0.696875 0.20468750000000008 0.696875 0.22812500000000008 0.7453125 0.22812500000000008
0 0.853125 0.2078125000000001 0.75 0.2078125000000001 0.75 0.2453125000000001 0.853125 0.2453125000000001
0 0.14843750000000006 0.2546875 0.13125000000000003 0.2546875 0.13125000000000003 0.275 0.14843750000000006 0.275
0 0.2328125 0.2546875 0.16093750000000004 0.2546875 0.16093750000000004 0.278125 0.2328125 0.278125
0 0.359375 0.2546875 0.25 0.2546875 0.25 0.2890625 0.359375 0.2890625
0 0.4375 0.2562500000000001 0.375 0.2562500000000001 0.375 0.2796875000000001 0.4375 0.2796875000000001
0 0.503125 0.2562500000000001 0.459375 0.2562500000000001 0.459375 0.2765625000000001 0.503125 0.2765625000000001
0 0.7328125 0.2531250000000001 0.51875 0.2531250000000001 0.51875 0.2890625000000001 0.7328125 0.2890625000000001
0 0.7765625 0.25468750000000007 0.7453125 0.25468750000000007 0.7453125 0.28593750000000007 0.7765625 0.28593750000000007
0 0.8421875 0.25468750000000007 0.79375 0.25468750000000007 0.79375 0.2796875000000001 0.8421875 0.2796875000000001
0 0.20625 0.3046875 0.12656250000000005 0.3046875 0.12656250000000005 0.328125 0.20625 0.328125
0 0.29375 0.3046875 0.228125 0.3046875 0.228125 0.3421875 0.29375 0.3421875
0 0.3375 0.3046875 0.309375 0.3046875 0.309375 0.3359375 0.3375 0.3359375
0 0.4078125 0.30468750000000006 0.346875 0.3046875 0.346875 0.3296875 0.4078125 0.3296875000000001
0 0.515625 0.3187500000000001 0.4203125 0.3187500000000001 0.4203125 0.3312500000000001 0.515625 0.3312500000000001
0 0.571875 0.3078125000000001 0.5328125 0.3078125000000001 0.5328125 0.3390625000000001 0.571875 0.3390625000000001
0 0.65 0.3078125000000001 0.5890625 0.3078125000000001 0.5890625 0.3296875000000001 0.65 0.3296875000000001
0 0.7203125 0.30937500000000007 0.6734375 0.30937500000000007 0.6734375 0.3312500000000001 0.7203125 0.3312500000000001
0 0.83125 0.3062500000000001 0.7453125 0.3062500000000001 0.7453125 0.3312500000000001 0.83125 0.3312500000000001
0 0.14843750000000006 0.353125 0.13125000000000003 0.353125 0.13125000000000003 0.3765625 0.14843750000000006 0.3765625
0 0.25000000000000006 0.3546875 0.16093750000000004 0.3546875 0.16093750000000004 0.378125 0.2500000000000001 0.378125
0 0.2593750000000001 0.3734375 0.2515625000000001 0.3734375 0.2515625000000001 0.3828125 0.2593750000000001 0.3828125
0 0.32031250000000006 0.3578125 0.2734375 0.3578125 0.27343750000000006 0.378125 0.3203125000000001 0.378125
0 0.4734375 0.35781250000000003 0.328125 0.3578125 0.32812500000000006 0.37968750000000007 0.4734375 0.37968750000000007
0 0.5453125 0.3578125000000001 0.484375 0.3578125000000001 0.484375 0.3812500000000001 0.5453125 0.3812500000000001
0 0.5828125 0.3593750000000001 0.5609375 0.3593750000000001 0.5609375 0.37968750000000007 0.5828125 0.37968750000000007
0 0.6296875 0.35625000000000007 0.5984375 0.35625000000000007 0.5984375 0.3781250000000001 0.6296875 0.3781250000000001
0 0.6890625 0.3578125000000001 0.64375 0.3578125000000001 0.64375 0.37968750000000007 0.6890625 0.37968750000000007
0 0.828125 0.3578125000000001 0.7046875 0.3578125000000001 0.7046875 0.3812500000000001 0.828125 0.3812500000000001
0 0.14375000000000004 0.4140625 0.12031250000000004 0.4140625 0.12031250000000004 0.4328125 0.14375000000000004 0.4328125
0 0.27812500000000007 0.409375 0.16406250000000006 0.409375 0.16406250000000006 0.43125 0.27812500000000007 0.43125
0 0.471875 0.4046875 0.2953125000000001 0.4046875 0.2953125000000001 0.4296875 0.471875 0.4296875
0 0.5546875 0.4078125 0.4859375 0.4078125 0.4859375 0.43125 0.5546875 0.43125
0 0.709375 0.4078125 0.5640625 0.4078125 0.5640625 0.43125 0.709375 0.43125
0 0.759375 0.4078125000000001 0.725 0.4078125 0.725 0.4296875000000001 0.759375 0.42968750000000017
0 0.83125 0.4187500000000002 0.7734375 0.4187500000000002 0.7734375 0.4312500000000002 0.83125 0.4312500000000002
0 0.13281250000000006 0.4671875 0.11250000000000004 0.4671875 0.11250000000000004 0.478125 0.13281250000000006 0.478125
0 0.2843750000000001 0.45625 0.15781250000000005 0.45625 0.15781250000000005 0.4890625 0.2843750000000001 0.4890625
0 0.54375 0.45625 0.3140625000000001 0.45625 0.3140625000000001 0.4921875 0.54375 0.4921875
0 0.6703125 0.45625 0.5671875 0.45625 0.5671875 0.4828125 0.6703125 0.4828125
0 0.7703125 0.4531250000000001 0.69375 0.453125 0.69375 0.48125000000000007 0.7703125 0.4812500000000002
0 0.2484375000000001 0.5109375 0.12031250000000004 0.5109375 0.12031250000000004 0.5296875 0.2484375000000001 0.5296875
0 0.30156250000000007 0.515625 0.2687500000000001 0.515625 0.2687500000000001 0.5296875 0.30156250000000007 0.5296875
0 0.4 0.509375 0.3234375000000001 0.509375 0.3234375000000001 0.5296875 0.4 0.5296875
0 0.54375 0.5109375 0.4265625 0.5109375 0.4265625 0.53125 0.54375 0.53125
0 0.6359375 0.5109375 0.5609375 0.5109375 0.5609375 0.5328125 0.6359375 0.5328125
0 0.66875 0.5125 0.65 0.5125 0.65 0.5328125 0.66875 0.5328125
0 0.7625 0.5218750000000001 0.690625 0.521875 0.690625 0.534375 0.7625 0.5343750000000002
0 0.2968750000000001 0.5609375 0.1281250000000001 0.5609375 0.1281250000000001 0.5921875 0.2968750000000001 0.5921875
0 0.428125 0.5609375 0.3234375000000001 0.5609375 0.3234375000000001 0.5921875 0.428125 0.5921875
0 0.6046875 0.5625 0.4546875 0.5625 0.4546875 0.58125 0.6046875 0.58125
0 0.678125 0.5609375 0.628125 0.5609375 0.628125 0.58125 0.678125 0.58125
0 0.79375 0.5718750000000001 0.69375 0.571875 0.69375 0.5828125000000001 0.79375 0.5828125000000002
0 0.2250000000000001 0.609375 0.1359375000000001 0.609375 0.1359375000000001 0.6390625 0.2250000000000001 0.6390625
0 0.3000000000000001 0.621875 0.2453125000000001 0.621875 0.2453125000000001 0.634375 0.3000000000000001 0.634375
0 0.41875 0.609375 0.3203125000000001 0.609375 0.3203125000000001 0.64375 0.41875 0.64375
0 0.4359375 0.628125 0.43125 0.628125 0.43125 0.6359375 0.4359375 0.6359375
0 0.5578125 0.6046875 0.446875 0.6046875 0.446875 0.63125 0.5578125 0.63125
0 0.603125 0.6203125 0.5734375 0.6203125 0.5734375 0.63125 0.603125 0.63125
0 0.6453125 0.609375 0.6171875 0.609375 0.6171875 0.640625 0.6453125 0.640625
0 0.6890625 0.6109375 0.65625 0.6109375 0.65625 0.63125 0.6890625 0.63125
0 0.7796875 0.6203125 0.703125 0.6203125 0.703125 0.6328125000000001 0.7796875 0.6328125000000002
0 0.8296875 0.6234375000000002 0.8015625 0.6234375000000002 0.8015625 0.6312500000000002 0.8296875 0.6312500000000002
0 0.2093750000000001 0.659375 0.1390625000000001 0.659375 0.1390625000000001 0.6953125 0.2093750000000001 0.6953125
0 0.2593750000000001 0.6578125 0.2312500000000001 0.6578125 0.2312500000000001 0.690625 0.2593750000000001 0.690625
0 0.3296875000000001 0.6609375 0.2812500000000001 0.6609375 0.2812500000000001 0.6828125 0.3296875000000001 0.6828125
0 0.4375 0.6734375 0.3453125000000001 0.6734375 0.3453125000000001 0.684375 0.4375 0.684375
0 0.4578125 0.6796875 0.453125 0.6796875 0.453125 0.68125 0.4578125 0.68125