0 0.2 0.20625 0.12812500000000004 0.20625 0.12812500000000004 0.225 0.2 0.225
0 0.2625 0.203125 0.2109375 0.203125 0.2109375 0.225 0.2625 0.225
0 0.36875 0.20156250000000003 0.2765625 0.2015625 0.2765625 0.22812500000000005 0.36875 0.22812500000000008
0 0.4046875 0.2015625000000001 0.38125 0.2015625000000001 0.38125 0.2234375000000001 0.4046875 0.2234375000000001
0 0.5234375 0.2000000000000001 0.421875 0.2000000000000001 0.421875 0.2375000000000001 0.5234375 0.2375000000000001
0 0.59375 0.2000000000000001 0.5328125 0.2000000000000001 0.5328125 0.2250000000000001 0.59375 0.2250000000000001
0 0.6734375 0.2015625000000001 0.6125 0.2015625000000001 0.6125 0.2234375000000001 0.6734375 0.2234375000000001
0 0.68125 0.2218750000000001 0.675 0.2218750000000001 0.675 0.2296875000000001 0.68125 0.2296875000000001
0 0.7640625 0.21250000000000008 0.696875 0.21250000000000008 0.696875 0.2234375000000001 0.7640625 0.2234375000000001
0 0.8578125 0.20468750000000008 0.778125 0.20468750000000008 0.778125 0.24375000000000008 0.8578125 0.24375000000000008
0 0.865625 0.2218750000000001 0.85625 0.2218750000000001 0.85625 0.2328125000000001 0.865625 0.2328125000000001
0 0.17500000000000004 0.2625 0.13125000000000003 0.2625 0.13125000000000003 0.275 0.17500000000000004 0.275
0 0.275 0.253125 0.19218750000000004 0.253125 0.19218750000000004 0.2765625 0.275 0.2765625
0 0.3140625 0.2640625 0.2875 0.2640625 0.2875 0.2734375 0.3140625 0.2734375
0 0.4078125 0.2515625 0.3265625 0.2515625 0.3265625 0.28906250000000006 0.4078125 0.2890625000000001
0 0.61875 0.2468750000000001 0.4234375 0.2468750000000001 0.4234375 0.2765625000000001 0.61875 0.2765625000000001
0 0.6640625 0.2515625000000001 0.63125 0.2515625000000001 0.63125 0.2828125000000001 0.6640625 0.2828125000000001
0 0.7390625 0.25468750000000007 0.684375 0.25468750000000007 0.684375 0.2765625000000001 0.7390625 0.2765625000000001
0 0.7890625 0.2640625000000001 0.75625 0.2640625000000001 0.75625 0.2734375000000001 0.7890625 0.2734375000000001
0 0.2359375 0.3140625 0.13281250000000006 0.3140625 0.13281250000000006 0.34375 0.2359375 0.34375
0 0.315625 0.3046875 0.253125 0.3046875 0.253125 0.3265625 0.315625 0.3265625
0 0.4234375 0.30312500000000003 0.3328125 0.303125 0.3328125 0.32656250000000003 0.4234375 0.3265625000000001
0 0.6015625 0.3000000000000001 0.4421875 0.3000000000000001 0.4421875 0.33281250000000007 0.6015625 0.33281250000000007
0 0.6921875 0.30156250000000007 0.6265625 0.30156250000000007 0.6265625 0.3343750000000001 0.6921875 0.3343750000000001
0 0.8390625 0.2984375000000001 0.7109375 0.2984375000000001 0.7109375 0.3281250000000001 0.8390625 0.3281250000000001
0 0.26093750000000004 0.353125 0.12656250000000005 0.353125 0.12656250000000005 0.3890625 0.2609375000000001 0.3890625
0 0.32343750000000004 0.3546875 0.2796875 0.3546875 0.27968750000000003 0.375 0.3234375000000001 0.375
0 0.37968750000000007 0.35468750000000004 0.33125 0.3546875 0.33125000000000004 0.37500000000000006 0.37968750000000007 0.3750000000000001
0 0.5078125 0.34843750000000007 0.39375 0.34843750000000007 0.39375000000000004 0.3750000000000001 0.5078125 0.3750000000000001
0 0.5609375 0.3500000000000001 0.525 0.3500000000000001 0.525 0.3843750000000001 0.5609375 0.3843750000000001
0 0.6328125 0.3515625000000001 0.58125 0.3515625000000001 0.58125 0.3781250000000001 0.6328125 0.3781250000000001
0 0.796875 0.34843750000000007 0.653125 0.34843750000000007 0.653125 0.3750000000000001 0.796875 0.3750000000000001
0 0.8109375 0.3703125000000001 0.8078125 0.3703125000000001 0.8078125 0.3734375000000001 0.8109375 0.3734375000000001
0 0.18593750000000003 0.40625 0.12812500000000004 0.40625 0.12812500000000004 0.4265625 0.18593750000000003 0.4265625
0 0.3125000000000001 0.4140625 0.20468750000000008 0.4140625 0.20468750000000008 0.4421875 0.3125000000000001 0.4421875
0 0.3578125000000001 0.4078125 0.3265625000000001 0.4078125 0.3265625000000001 0.428125 0.3578125000000001 0.428125
0 0.4625 0.40625 0.37187500000000007 0.40625 0.37187500000000007 0.428125 0.4625 0.428125
0 0.596875 0.403125 0.4734375 0.403125 0.4734375 0.428125 0.596875 0.428125
0 0.659375 0.4078125 0.6125 0.4078125 0.6125 0.428125 0.659375 0.428125
0 0.79375 0.4046875000000001 0.6765625 0.4046875 0.6765625 0.4453125000000001 0.79375 0.44531250000000017
0 0.84375 0.4031250000000002 0.8078125 0.4031250000000002 0.8078125 0.43750000000000017 0.84375 0.43750000000000017
0 0.15625000000000006 0.45625 0.13437500000000005 0.45625 0.13437500000000005 0.4765625 0.15625000000000006 0.4765625
0 0.2796875000000001 0.4546875 0.17500000000000004 0.4546875 0.17500000000000004 0.478125 0.2796875000000001 0.478125
0 0.3265625000000001 0.4578125 0.2968750000000001 0.4578125 0.2968750000000001 0.4765625 0.3265625000000001 0.4765625
0 0.39531250000000007 0.45625 0.3359375000000001 0.45625 0.3359375000000001 0.4765625 0.39531250000000007 0.4765625
0 0.40625 0.4734375 0.4015625 0.4734375 0.4015625 0.4765625 0.40625 0.4765625
0 0.4859375 0.4609375 0.4265625 0.4609375 0.4265625 0.478125 0.4859375 0.478125
0 0.5828125 0.4515625 0.509375 0.4515625 0.509375 0.4890625 0.5828125 0.4890625
0 0.6609375 0.45 0.6046875 0.45 0.6046875 0.4796875 0.6609375 0.4796875
0 0.715625 0.453125 0.68125 0.453125 0.68125 0.4859375 0.715625 0.4859375
0 0.7953125 0.4546875000000002 0.7328125 0.4546875000000002 0.7328125 0.47656250000000017 0.7953125 0.47656250000000017
0 0.2796875000000001 0.50625 0.13437500000000005 0.50625 0.13437500000000005 0.5421875 0.2796875000000001 0.5421875
0 0.3296875000000001 0.50625 0.2953125000000001 0.50625 0.2953125000000001 0.5375 0.3296875000000001 0.5375
0 0.4 0.5109375 0.3437500000000001 0.5109375 0.3437500000000001 0.5296875 0.4 0.5296875
0 0.496875 0.50625 0.4078125 0.50625 0.4078125 0.528125 0.496875 0.528125
0 0.540625 0.50625 0.509375 0.50625 0.509375 0.5359375 0.540625 0.5359375
0 0.6640625 0.50625 0.55625 0.50625 0.55625 0.528125 0.6640625 0.528125
0 0.7125 0.5046875 0.6875 0.5046875 0.6875 0.5265625 0.7125 0.5265625
0 0.83125 0.5046875000000001 0.725 0.5046875 0.725 0.5421875 0.83125 0.5421875000000002
0 0.20468750000000008 0.559375 0.13437500000000008 0.559375 0.13437500000000008 0.5796875 0.20468750000000008 0.5796875
0 0.2687500000000001 0.5609375 0.2234375000000001 0.5609375 0.2234375000000001 0.58125 0.2687500000000001 0.58125
0 0.4515625 0.55625 0.2890625000000001 0.55625 0.2890625000000001 0.578125 0.4515625 0.578125
0 0.56875 0.559375 0.4703125 0.559375 0.4703125 0.5953125 0.56875 0.5953125
0 0.628125 0.5609375 0.5921875 0.5609375 0.5921875 0.59375 0.628125 0.59375
0 0.76875 0.5546875000000001 0.6578125 0.5546875 0.6578125 0.5781250000000001 0.76875 0.5781250000000002
0 0.784375 0.5750000000000002 0.78125 0.5750000000000002 0.78125 0.5765625000000002 0.784375 0.5765625000000002