0 0.18750000000000006 0.2046875 0.13593750000000004 0.2046875 0.13593750000000004 0.2234375 0.18750000000000006 0.2234375
0 0.23125 0.20625 0.2109375 0.20625 0.2109375 0.221875 0.23125 0.221875
0 0.29375 0.2046875 0.2578125 0.2046875 0.2578125 0.2203125 0.29375 0.2203125
0 0.359375 0.203125 0.3171875 0.203125 0.3171875 0.2203125 0.359375 0.2203125
0 0.46875 0.2078125000000001 0.39375 0.2078125000000001 0.39375 0.2218750000000001 0.46875 0.2218750000000001
0 0.5125 0.20468750000000008 0.4859375 0.20468750000000008 0.4859375 0.2296875000000001 0.5125 0.2296875000000001
0 0.6328125 0.20468750000000008 0.5359375 0.20468750000000008 0.5359375 0.2312500000000001 0.6328125 0.2312500000000001
0 0.640625 0.22031250000000008 0.6359375 0.22031250000000008 0.6359375 0.22656250000000008 0.640625 0.22656250000000008
0 0.7234375 0.2140625000000001 0.659375 0.2140625000000001 0.659375 0.2218750000000001 0.7234375 0.2218750000000001
0 0.8484375 0.20312500000000008 0.740625 0.20312500000000008 0.740625 0.2328125000000001 0.8484375 0.2328125000000001
0 0.18750000000000006 0.259375 0.14062500000000006 0.259375 0.14062500000000006 0.275 0.18750000000000006 0.275
0 0.303125 0.2609375 0.2078125 0.2609375 0.2078125 0.2734375 0.303125 0.2734375
0 0.3828125 0.259375 0.33125 0.259375 0.33125 0.27343750000000006 0.3828125 0.2734375000000001
0 0.4421875 0.2656250000000001 0.415625 0.2656250000000001 0.415625 0.2734375000000001 0.4421875 0.2734375000000001
0 0.53125 0.2578125000000001 0.465625 0.2578125000000001 0.465625 0.2718750000000001 0.53125 0.2718750000000001
0 0.578125 0.2656250000000001 0.55625 0.2656250000000001 0.55625 0.2718750000000001 0.578125 0.2718750000000001
0 0.715625 0.2640625000000001 0.6015625 0.2640625000000001 0.6015625 0.2718750000000001 0.715625 0.2718750000000001
0 0.7765625 0.2578125000000001 0.7328125 0.2578125000000001 0.7328125 0.27031250000000007 0.7765625 0.27031250000000007
0 0.2359375 0.309375 0.14062500000000006 0.309375 0.14062500000000006 0.33125 0.2359375 0.33125
0 0.36875 0.30937500000000007 0.265625 0.309375 0.265625 0.32500000000000007 0.36875 0.32500000000000007
0 0.4609375 0.31718750000000007 0.3921875 0.31718750000000007 0.3921875 0.3234375000000001 0.4609375 0.3234375000000001
0 0.521875 0.3078125000000001 0.48125 0.3078125000000001 0.48125 0.3234375000000001 0.521875 0.3234375000000001
0 0.575 0.3156250000000001 0.5390625 0.3156250000000001 0.5390625 0.3296875000000001 0.575 0.3296875000000001
0 0.621875 0.3078125000000001 0.6046875 0.3078125000000001 0.6046875 0.3218750000000001 0.621875 0.3218750000000001
0 0.715625 0.3062500000000001 0.6484375 0.3062500000000001 0.6484375 0.3218750000000001 0.715625 0.3218750000000001
0 0.809375 0.3046875000000001 0.7359375 0.3046875000000001 0.7359375 0.3218750000000001 0.809375 0.3218750000000001
0 0.25781250000000006 0.35625 0.14531250000000004 0.35625 0.14531250000000004 0.384375 0.2578125000000001 0.384375
0 0.32812500000000006 0.359375 0.2875 0.359375 0.28750000000000003 0.3734375 0.3281250000000001 0.3734375
0 0.403125 0.35781250000000003 0.346875 0.3578125 0.34687500000000004 0.38125000000000003 0.403125 0.3812500000000001
0 0.4515625 0.35625000000000007 0.43125 0.35625000000000007 0.43125 0.37187500000000007 0.4515625 0.37187500000000007
0 0.56875 0.3656250000000001 0.4734375 0.3656250000000001 0.4734375 0.3859375000000001 0.56875 0.3859375000000001
0 0.659375 0.35625000000000007 0.5890625 0.35625000000000007 0.5890625 0.38750000000000007 0.659375 0.38750000000000007
0 0.66875 0.37187500000000007 0.6640625 0.37187500000000007 0.6640625 0.3781250000000001 0.66875 0.3781250000000001
0 0.7390625 0.35625000000000007 0.690625 0.35625000000000007 0.690625 0.3734375000000001 0.7390625 0.3734375000000001
0 0.790625 0.3593750000000001 0.7640625 0.3593750000000001 0.7640625 0.3734375000000001 0.790625 0.3734375000000001
0 0.86875 0.3546875000000001 0.8125 0.3546875000000001 0.8125 0.37187500000000007 0.86875 0.37187500000000007
0 0.2171875000000001 0.403125 0.14687500000000003 0.403125 0.14687500000000003 0.43125 0.2171875000000001 0.43125
0 0.2640625000000001 0.415625 0.23593750000000008 0.415625 0.23593750000000008 0.4234375 0.2640625000000001 0.4234375
0 0.3531250000000001 0.4078125 0.2828125000000001 0.4078125 0.2828125000000001 0.4234375 0.3531250000000001 0.4234375
0 0.3734375000000001 0.421875 0.3703125000000001 0.421875 0.3703125000000001 0.4234375 0.3734375000000001 0.4234375
0 0.503125 0.40625 0.4125 0.40625 0.4125 0.421875 0.503125 0.421875
0 0.6734375 0.40625 0.5296875 0.40625 0.5296875 0.43125 0.6734375 0.43125
0 0.784375 0.4078125000000001 0.709375 0.4078125 0.709375 0.4234375000000001 0.784375 0.4234375000000002
0 0.8734375 0.4078125000000002 0.8109375 0.4078125000000002 0.8109375 0.4234375000000002 0.8734375 0.4234375000000002
0 0.29375000000000007 0.45625 0.14531250000000004 0.45625 0.14531250000000004 0.4765625 0.29375000000000007 0.4765625
0 0.36406250000000007 0.4578125 0.3296875000000001 0.4578125 0.3296875000000001 0.4796875 0.36406250000000007 0.4796875
0 0.5984375 0.4578125 0.3937500000000001 0.4578125 0.3937500000000001 0.484375 0.5984375 0.484375
0 0.68125 0.4609375 0.6296875 0.4609375 0.6296875 0.475 0.68125 0.475
0 0.85625 0.4609375000000001 0.7015625 0.4609375 0.7015625 0.4859375000000001 0.85625 0.4859375000000002
0 0.15625000000000006 0.51875 0.14531250000000004 0.51875 0.14531250000000004 0.525 0.15625000000000006 0.525
0 0.2687500000000001 0.5109375 0.17187500000000006 0.5109375 0.17187500000000006 0.534375 0.2687500000000001 0.534375
0 0.3218750000000001 0.5078125 0.2968750000000001 0.5078125 0.2968750000000001 0.534375 0.3218750000000001 0.534375
0 0.4015625 0.51875 0.34062500000000007 0.51875 0.34062500000000007 0.5359375 0.4015625 0.5359375
0 0.4140625 0.525 0.4078125 0.525 0.4078125 0.53125 0.4140625 0.53125
0 0.5421875 0.509375 0.43125 0.509375 0.43125 0.5328125 0.5421875 0.5328125
0 0.615625 0.5109375 0.5671875 0.5109375 0.5671875 0.5234375 0.615625 0.5234375
0 0.765625 0.5093750000000001 0.6359375 0.509375 0.6359375 0.5296875000000001 0.765625 0.5296875000000002
0 0.8515625 0.5171875000000001 0.7890625 0.5171875000000001 0.7890625 0.5328125000000001 0.8515625 0.5328125000000001
0 0.1671875000000001 0.565625 0.1390625000000001 0.565625 0.1390625000000001 0.5828125 0.1671875000000001 0.5828125
0 0.2750000000000001 0.5625 0.18750000000000008 0.5625 0.18750000000000008 0.575 0.2750000000000001 0.575
0 0.3593750000000001 0.5640625 0.32500000000000007 0.5640625 0.32500000000000007 0.575 0.3593750000000001 0.575
0 0.4375 0.5609375 0.3843750000000001 0.5609375 0.3843750000000001 0.575 0.4375 0.575
0 0.578125 0.5609375 0.4609375 0.5609375 0.4609375 0.58125 0.578125 0.58125
0 0.590625 0.5734375 0.5875 0.5734375 0.5875 0.575 0.590625 0.575