0 0.2421875 0.184375 0.17968750000000006 0.184375 0.17968750000000006 0.20625 0.2421875 0.20625
0 0.353125 0.18437500000000004 0.2734375 0.18437500000000004 0.2734375 0.2078125 0.353125 0.2078125
0 0.446875 0.19062500000000004 0.3765625 0.19062500000000004 0.3765625 0.2062500000000001 0.446875 0.2062500000000001
0 0.5078125 0.19218750000000004 0.46875 0.19218750000000004 0.46875 0.2078125000000001 0.5078125 0.2078125000000001
0 0.56875 0.19062500000000007 0.528125 0.19062500000000004 0.528125 0.2062500000000001 0.56875 0.2062500000000001
0 0.6203125 0.19687500000000008 0.5890625 0.19687500000000008 0.5890625 0.21250000000000008 0.6203125 0.21250000000000008
0 0.6734375 0.18750000000000008 0.6546875 0.18750000000000008 0.6546875 0.20468750000000008 0.6734375 0.20468750000000008
0 0.721875 0.1921875000000001 0.69375 0.1921875000000001 0.69375 0.2062500000000001 0.721875 0.2062500000000001
0 0.8171875 0.1906250000000001 0.7421875 0.1906250000000001 0.7421875 0.21250000000000008 0.8171875 0.21250000000000008
0 0.2421875 0.2359375 0.16562500000000005 0.2359375 0.16562500000000005 0.2671875 0.2421875 0.2671875
0 0.28125 0.25 0.271875 0.25 0.271875 0.2578125 0.28125 0.2578125
0 0.3578125 0.2484375 0.284375 0.2484375 0.284375 0.265625 0.3578125 0.265625
0 0.4421875 0.24218750000000008 0.3953125 0.24218750000000008 0.3953125 0.2578125000000001 0.4421875 0.2578125000000001
0 0.4921875 0.24218750000000008 0.4671875 0.24218750000000008 0.4671875 0.2578125000000001 0.4921875 0.2578125000000001
0 0.5625 0.24375000000000008 0.521875 0.24375000000000008 0.521875 0.2562500000000001 0.5625 0.2562500000000001
0 0.61875 0.23437500000000008 0.5875 0.23437500000000008 0.5875 0.2734375000000001 0.61875 0.2734375000000001
0 0.6703125 0.24218750000000008 0.6390625 0.24218750000000008 0.6390625 0.2562500000000001 0.6703125 0.2562500000000001
0 0.76875 0.2406250000000001 0.690625 0.2406250000000001 0.690625 0.2578125000000001 0.76875 0.2578125000000001
0 0.8296875 0.2500000000000001 0.7828125 0.2500000000000001 0.7828125 0.2578125000000001 0.8296875 0.2578125000000001
0 0.2453125 0.290625 0.16093750000000004 0.290625 0.16093750000000004 0.3078125 0.2453125 0.3078125
0 0.259375 0.30625 0.253125 0.30625 0.253125 0.3078125 0.259375 0.3078125
0 0.3609375 0.2890625 0.3078125 0.2890625 0.3078125 0.3078125 0.3609375 0.3078125
0 0.4671875 0.2906250000000001 0.39375 0.2906250000000001 0.39375 0.3078125000000001 0.4671875 0.3078125000000001
0 0.515625 0.2984375000000001 0.5015625 0.2984375000000001 0.5015625 0.3078125000000001 0.515625 0.3078125000000001
0 0.6109375 0.2906250000000001 0.5375 0.2906250000000001 0.5375 0.3062500000000001 0.6109375 0.3062500000000001
0 0.7234375 0.2875000000000001 0.640625 0.2875000000000001 0.640625 0.3140625000000001 0.7234375 0.3140625000000001
0 0.7578125 0.30156250000000007 0.7390625 0.30156250000000007 0.7390625 0.3062500000000001 0.7578125 0.3062500000000001
0 0.8234375 0.2890625000000001 0.784375 0.2890625000000001 0.784375 0.3078125000000001 0.8234375 0.3078125000000001
0 0.86875 0.29375000000000007 0.8359375 0.29375000000000007 0.8359375 0.3078125000000001 0.86875 0.3078125000000001
0 0.2234375 0.35 0.15937500000000004 0.35 0.15937500000000004 0.3609375 0.2234375 0.3609375
0 0.290625 0.3421875 0.246875 0.3421875 0.246875 0.3578125 0.290625 0.3578125
0 0.34687500000000004 0.3484375 0.3125 0.3484375 0.31250000000000006 0.365625 0.3468750000000001 0.365625
0 0.35625 0.35625 0.3484375 0.35625 0.3484375 0.3578125 0.35625 0.3578125
0 0.440625 0.3359375000000001 0.3921875 0.3359375000000001 0.3921875 0.3609375000000001 0.440625 0.3609375000000001
0 0.471875 0.3515625000000001 0.4625 0.3515625000000001 0.4625 0.3578125000000001 0.471875 0.3578125000000001
0 0.534375 0.3390625000000001 0.490625 0.3390625000000001 0.490625 0.3578125000000001 0.534375 0.3578125000000001
0 0.5859375 0.3343750000000001 0.5625 0.3343750000000001 0.5625 0.3734375000000001 0.5859375 0.3734375000000001
0 0.6734375 0.3421875000000001 0.5984375 0.3421875000000001 0.5984375 0.3671875000000001 0.6734375 0.3671875000000001
0 0.7875 0.34062500000000007 0.7046875 0.34062500000000007 0.7046875 0.3578125000000001 0.7875 0.3578125000000001
0 0.17500000000000004 0.4015625 0.15625000000000006 0.4015625 0.15625000000000006 0.4078125 0.17500000000000004 0.4078125
0 0.2234375000000001 0.39375 0.19375000000000003 0.39375 0.19375000000000003 0.409375 0.2234375000000001 0.409375
0 0.29375000000000007 0.3921875 0.2578125000000001 0.3921875 0.2578125000000001 0.4078125 0.29375000000000007 0.4078125
0 0.4265625 0.38281250000000006 0.3265625000000001 0.3828125 0.3265625000000001 0.4234375 0.4265625 0.4234375
0 0.496875 0.3921875000000001 0.4625 0.3921875000000001 0.4625 0.409375 0.496875 0.409375
0 0.5921875 0.3921875000000001 0.5140625 0.3921875000000001 0.5140625 0.409375 0.5921875 0.409375
0 0.6453125 0.3859375000000001 0.6203125 0.3859375000000001 0.6203125 0.425 0.6453125 0.425
0 0.7109375 0.3937500000000001 0.66875 0.3937500000000001 0.66875 0.409375 0.7109375 0.409375
0 0.8015625 0.3921875000000001 0.725 0.3921875000000001 0.725 0.4093750000000001 0.8015625 0.40937500000000016
0 0.865625 0.39531250000000007 0.8140625 0.39531250000000007 0.8140625 0.4156250000000002 0.865625 0.4156250000000002
0 0.2250000000000001 0.4421875 0.16093750000000004 0.4421875 0.16093750000000004 0.459375 0.2250000000000001 0.459375
0 0.2812500000000001 0.453125 0.2515625000000001 0.453125 0.2515625000000001 0.459375 0.2812500000000001 0.459375
0 0.3390625000000001 0.4421875 0.3218750000000001 0.4421875 0.3218750000000001 0.459375 0.3390625000000001 0.459375
0 0.3890625000000001 0.4421875 0.3593750000000001 0.4421875 0.3593750000000001 0.4609375 0.3890625000000001 0.4609375
0 0.5015625 0.44375 0.4109375 0.44375 0.4109375 0.4609375 0.5015625 0.4609375
0 0.5609375 0.440625 0.5390625 0.440625 0.5390625 0.4578125 0.5609375 0.4578125
0 0.6171875 0.4421875 0.5859375 0.4421875 0.5859375 0.459375 0.6171875 0.459375
0 0.6796875 0.44375 0.6453125 0.44375 0.6453125 0.4578125 0.6796875 0.4578125
0 0.69375 0.45625 0.690625 0.45625 0.690625 0.459375 0.69375 0.459375
0 0.79375 0.43750000000000017 0.728125 0.43750000000000017 0.728125 0.46093750000000017 0.79375 0.46093750000000017
0 0.875 0.44062500000000016 0.809375 0.44062500000000016 0.809375 0.4593750000000002 0.875 0.4593750000000002
0 0.878125 0.4546875000000002 0.8734375 0.4546875000000002 0.8734375 0.4578125000000002 0.878125 0.4578125000000002