0 0.246875 0.2046875 0.14531250000000004 0.2046875 0.14531250000000004 0.2265625 0.246875 0.2265625
0 0.3640625 0.20781250000000004 0.26875 0.2078125 0.26875 0.22656250000000006 0.3640625 0.22656250000000008
0 0.4109375 0.2062500000000001 0.384375 0.2062500000000001 0.384375 0.2250000000000001 0.4109375 0.2250000000000001
0 0.4640625 0.2062500000000001 0.4234375 0.2062500000000001 0.4234375 0.2250000000000001 0.4640625 0.2250000000000001
0 0.5296875 0.20468750000000008 0.48125 0.20468750000000008 0.48125 0.2250000000000001 0.5296875 0.2250000000000001
0 0.56875 0.2062500000000001 0.5515625 0.2062500000000001 0.5515625 0.22656250000000008 0.56875 0.22656250000000008
0 0.7421875 0.2078125000000001 0.5921875 0.2078125000000001 0.5921875 0.22656250000000008 0.7421875 0.22656250000000008
0 0.834375 0.2078125000000001 0.7640625 0.2078125000000001 0.7640625 0.2250000000000001 0.834375 0.2250000000000001
0 0.846875 0.22031250000000008 0.84375 0.22031250000000008 0.84375 0.2312500000000001 0.846875 0.2312500000000001
0 0.209375 0.2546875 0.14062500000000006 0.2546875 0.14062500000000006 0.275 0.209375 0.275
0 0.4421875 0.25625000000000003 0.234375 0.25625 0.234375 0.27656250000000004 0.4421875 0.2765625000000001
0 0.578125 0.2609375000000001 0.4609375 0.2609375000000001 0.4609375 0.2796875000000001 0.578125 0.2796875000000001
0 0.73125 0.2578125000000001 0.6 0.2578125000000001 0.6 0.2828125000000001 0.73125 0.2828125000000001
0 0.8453125 0.2562500000000001 0.759375 0.2562500000000001 0.759375 0.2750000000000001 0.8453125 0.2750000000000001
0 0.18437500000000004 0.3125 0.14062500000000006 0.3125 0.14062500000000006 0.3265625 0.18437500000000004 0.3265625
0 0.228125 0.3078125 0.203125 0.3078125 0.203125 0.3265625 0.228125 0.3265625
0 0.2828125 0.3078125 0.24375 0.3078125 0.24375 0.3234375 0.2828125 0.3234375
0 0.4109375 0.30937500000000007 0.3046875 0.309375 0.3046875 0.32500000000000007 0.4109375 0.32500000000000007
0 0.603125 0.3078125000000001 0.434375 0.3078125000000001 0.434375 0.3312500000000001 0.603125 0.3312500000000001
0 0.64375 0.3078125000000001 0.61875 0.3078125000000001 0.61875 0.32500000000000007 0.64375 0.32500000000000007
0 0.6984375 0.3078125000000001 0.6578125 0.3078125000000001 0.6578125 0.3281250000000001 0.6984375 0.3281250000000001
0 0.815625 0.30937500000000007 0.7171875 0.30937500000000007 0.7171875 0.3281250000000001 0.815625 0.3281250000000001
0 0.8265625 0.3234375000000001 0.8234375 0.3234375000000001 0.8234375 0.3281250000000001 0.8265625 0.3281250000000001
0 0.15625000000000006 0.3546875 0.14218750000000005 0.3546875 0.14218750000000005 0.375 0.15625000000000006 0.375
0 0.2671875 0.359375 0.17187500000000006 0.359375 0.17187500000000006 0.3765625 0.2671875000000001 0.3765625
0 0.459375 0.35625000000000007 0.2859375 0.35625 0.28593750000000007 0.38281250000000006 0.459375 0.3828125000000001
0 0.4734375 0.3734375000000001 0.4703125 0.3734375000000001 0.4703125 0.3859375000000001 0.4734375 0.3859375000000001
0 0.5734375 0.36406250000000007 0.5 0.36406250000000007 0.5 0.3781250000000001 0.5734375 0.3781250000000001
0 0.6609375 0.3593750000000001 0.5921875 0.3593750000000001 0.5921875 0.3765625000000001 0.6609375 0.3765625000000001
0 0.7171875 0.3578125000000001 0.684375 0.3578125000000001 0.684375 0.3765625000000001 0.7171875 0.3765625000000001
0 0.8375 0.3609375000000001 0.7359375 0.3609375000000001 0.7359375 0.3781250000000001 0.8375 0.3781250000000001
0 0.18281250000000004 0.4109375 0.13906250000000003 0.4109375 0.13906250000000003 0.4265625 0.18281250000000004 0.4265625
0 0.3218750000000001 0.40625 0.20312500000000008 0.40625 0.20312500000000008 0.4265625 0.3218750000000001 0.4265625
0 0.3578125000000001 0.40625 0.3546875000000001 0.40625 0.3546875000000001 0.4171875 0.3578125000000001 0.4171875
0 0.4625 0.4078125 0.3593750000000001 0.4078125 0.3593750000000001 0.434375 0.4625 0.434375
0 0.475 0.4078125 0.471875 0.4078125 0.471875 0.41875 0.475 0.41875
0 0.4921875 0.425 0.4890625 0.425 0.4890625 0.4328125 0.4921875 0.4328125
0 0.5359375 0.4125 0.515625 0.4125 0.515625 0.43125 0.5359375 0.43125
0 0.6109375 0.4140625 0.5578125 0.4140625 0.5578125 0.4375 0.6109375 0.4375
0 0.7359375 0.4078125000000001 0.6359375 0.4078125 0.6359375 0.4281250000000001 0.7359375 0.4281250000000002
0 0.8125 0.40937500000000016 0.753125 0.40937500000000016 0.753125 0.42968750000000017 0.8125 0.42968750000000017
0 0.2562500000000001 0.4609375 0.13437500000000005 0.4609375 0.13437500000000005 0.48125 0.2562500000000001 0.48125
0 0.32500000000000007 0.4578125 0.2812500000000001 0.4578125 0.2812500000000001 0.478125 0.32500000000000007 0.478125
0 0.45625 0.4578125 0.3531250000000001 0.4578125 0.3531250000000001 0.4875 0.45625 0.4875
0 0.5125 0.4578125 0.4828125 0.4578125 0.4828125 0.4796875 0.5125 0.4796875
0 0.571875 0.4578125 0.5328125 0.4578125 0.5328125 0.4765625 0.571875 0.4765625
0 0.6890625 0.459375 0.59375 0.459375 0.59375 0.484375 0.6890625 0.484375
0 0.7 0.4734375 0.6953125 0.4734375 0.6953125 0.4765625 0.7 0.4765625
0 0.7515625 0.4578125000000002 0.7296875 0.4578125000000002 0.7296875 0.47656250000000017 0.7515625 0.47656250000000017
0 0.7921875 0.4593750000000002 0.771875 0.4593750000000002 0.771875 0.4781250000000002 0.7921875 0.4781250000000002
0 0.875 0.46406250000000016 0.8109375 0.46406250000000016 0.8109375 0.48437500000000017 0.875 0.48437500000000017
0 0.15937500000000004 0.5078125 0.13593750000000004 0.5078125 0.13593750000000004 0.5265625 0.15937500000000004 0.5265625
0 0.2562500000000001 0.509375 0.17968750000000006 0.509375 0.17968750000000006 0.528125 0.2562500000000001 0.528125
0 0.3375000000000001 0.509375 0.27812500000000007 0.509375 0.27812500000000007 0.528125 0.3375000000000001 0.528125
0 0.3531250000000001 0.5234375 0.3500000000000001 0.5234375 0.3500000000000001 0.5375 0.3531250000000001 0.5375
0 0.4390625 0.509375 0.37968750000000007 0.509375 0.37968750000000007 0.5265625 0.4390625 0.5265625
0 0.45 0.525 0.446875 0.525 0.446875 0.5359375 0.45 0.5359375
0 0.5625 0.509375 0.4703125 0.509375 0.4703125 0.534375 0.5625 0.534375
0 0.6390625 0.5109375 0.584375 0.5109375 0.584375 0.528125 0.6390625 0.528125
0 0.684375 0.509375 0.65625 0.509375 0.65625 0.53125 0.684375 0.53125
0 0.8296875 0.5093750000000001 0.70625 0.509375 0.70625 0.5296875000000001 0.8296875 0.5296875000000002
0 0.2578125000000001 0.5609375 0.1359375000000001 0.5609375 0.1359375000000001 0.58125 0.2578125000000001 0.58125
0 0.2968750000000001 0.5703125 0.27812500000000007 0.5703125 0.27812500000000007 0.571875 0.2968750000000001 0.571875
0 0.3437500000000001 0.5625 0.31718750000000007 0.5625 0.31718750000000007 0.5796875 0.3437500000000001 0.5796875
0 0.3781250000000001 0.5609375 0.3593750000000001 0.5609375 0.3593750000000001 0.578125 0.3781250000000001 0.578125
0 0.4296875 0.5609375 0.3906250000000001 0.5609375 0.3906250000000001 0.5796875 0.4296875 0.5796875
0 0.515625 0.5625 0.44375 0.5625 0.44375 0.58125 0.515625 0.58125
0 0.6328125 0.5640625 0.5390625 0.5640625 0.5390625 0.58125 0.6328125 0.58125
0 0.74375 0.5609375000000001 0.6546875 0.5609375 0.6546875 0.58125 0.74375 0.5812500000000002
0 0.7546875 0.5781250000000002 0.75 0.5781250000000002 0.75 0.5828125000000002 0.7546875 0.5828125000000002