0 0.2109375 0.2 0.15000000000000005 0.2 0.15000000000000005 0.21875 0.2109375 0.21875
0 0.2859375 0.2015625 0.2390625 0.2015625 0.2390625 0.21875 0.2859375 0.21875
0 0.3296875 0.2015625 0.30625 0.2015625 0.30625 0.221875 0.3296875 0.221875
0 0.4015625 0.20000000000000004 0.3484375 0.2 0.3484375 0.21718750000000003 0.4015625 0.2171875000000001
0 0.44375 0.20312500000000008 0.428125 0.20312500000000008 0.428125 0.21875000000000008 0.44375 0.21875000000000008
0 0.5203125 0.20312500000000008 0.465625 0.20312500000000008 0.465625 0.2171875000000001 0.5203125 0.2171875000000001
0 0.575 0.2000000000000001 0.5390625 0.2000000000000001 0.5390625 0.2218750000000001 0.575 0.2218750000000001
0 0.6328125 0.2062500000000001 0.59375 0.2062500000000001 0.59375 0.2171875000000001 0.6328125 0.2171875000000001
0 0.709375 0.2000000000000001 0.6578125 0.2000000000000001 0.6578125 0.21875000000000008 0.709375 0.21875000000000008
0 0.7484375 0.2078125000000001 0.7359375 0.2078125000000001 0.7359375 0.2171875000000001 0.7484375 0.2171875000000001
0 0.846875 0.2000000000000001 0.771875 0.2000000000000001 0.771875 0.2171875000000001 0.846875 0.2171875000000001
0 0.2046875 0.2515625 0.15625000000000006 0.2515625 0.15625000000000006 0.271875 0.2046875 0.271875
0 0.25 0.253125 0.2265625 0.253125 0.2265625 0.2734375 0.25 0.2734375
0 0.35625 0.2515625 0.2734375 0.2515625 0.2734375 0.271875 0.35625 0.271875
0 0.3671875 0.2671875000000001 0.3640625 0.2671875000000001 0.3640625 0.2687500000000001 0.3671875 0.2687500000000001
0 0.4203125 0.2515625000000001 0.3984375 0.2515625000000001 0.3984375 0.2671875000000001 0.4203125 0.2671875000000001
0 0.5140625 0.2515625000000001 0.4390625 0.2515625000000001 0.4390625 0.2687500000000001 0.5140625 0.2687500000000001
0 0.584375 0.2500000000000001 0.54375 0.2500000000000001 0.54375 0.27031250000000007 0.584375 0.27031250000000007
0 0.7 0.2500000000000001 0.609375 0.2500000000000001 0.609375 0.2687500000000001 0.7 0.2687500000000001
0 0.81875 0.2500000000000001 0.7296875 0.2500000000000001 0.7296875 0.2671875000000001 0.81875 0.2671875000000001
0 0.8328125 0.26250000000000007 0.8265625 0.26250000000000007 0.8265625 0.27031250000000007 0.8328125 0.27031250000000007
0 0.17812500000000003 0.3015625 0.15937500000000004 0.3015625 0.15937500000000004 0.321875 0.17812500000000003 0.321875
0 0.2171875 0.303125 0.2015625 0.303125 0.2015625 0.3203125 0.2171875 0.3203125
0 0.375 0.30000000000000004 0.25 0.3 0.25 0.32500000000000007 0.375 0.32500000000000007
0 0.45 0.3000000000000001 0.396875 0.3000000000000001 0.396875 0.31718750000000007 0.45 0.31718750000000007
0 0.51875 0.3078125000000001 0.471875 0.3078125000000001 0.471875 0.32500000000000007 0.51875 0.32500000000000007
0 0.58125 0.3078125000000001 0.540625 0.3078125000000001 0.540625 0.3187500000000001 0.58125 0.3187500000000001
0 0.6484375 0.2984375000000001 0.603125 0.2984375000000001 0.603125 0.31718750000000007 0.6484375 0.31718750000000007
0 0.725 0.3000000000000001 0.66875 0.3000000000000001 0.66875 0.3203125000000001 0.725 0.3203125000000001
0 0.7734375 0.3000000000000001 0.7453125 0.3000000000000001 0.7453125 0.3218750000000001 0.7734375 0.3218750000000001
0 0.8515625 0.3000000000000001 0.796875 0.3000000000000001 0.796875 0.3187500000000001 0.8515625 0.3187500000000001
0 0.28593750000000007 0.3515625 0.15625000000000006 0.3515625 0.15625000000000006 0.375 0.28593750000000007 0.375
0 0.34062500000000007 0.35 0.3203125 0.35 0.32031250000000006 0.36875 0.34062500000000007 0.36875
0 0.4046875 0.35000000000000003 0.3625 0.35 0.36250000000000004 0.37187500000000007 0.4046875 0.37187500000000007
0 0.5796875 0.3468750000000001 0.4375 0.3468750000000001 0.4375 0.3671875000000001 0.5796875 0.3671875000000001
0 0.59375 0.36406250000000007 0.590625 0.36406250000000007 0.590625 0.3671875000000001 0.59375 0.3671875000000001
0 0.6875 0.3468750000000001 0.6125 0.3468750000000001 0.6125 0.3656250000000001 0.6875 0.3656250000000001
0 0.753125 0.3546875000000001 0.7140625 0.3546875000000001 0.7140625 0.3656250000000001 0.753125 0.3656250000000001
0 0.81875 0.3453125000000001 0.7734375 0.3453125000000001 0.7734375 0.3656250000000001 0.81875 0.3656250000000001
0 0.2515625000000001 0.4 0.15625000000000006 0.4 0.15625000000000006 0.41875 0.2515625000000001 0.41875
0 0.3859375000000001 0.4 0.2765625000000001 0.4 0.2765625000000001 0.4171875 0.3859375000000001 0.4171875
0 0.43125 0.4 0.409375 0.4 0.409375 0.41875 0.43125 0.41875
0 0.5015625 0.4046875 0.4546875 0.4046875 0.4546875 0.4171875 0.5015625 0.4171875
0 0.596875 0.3937500000000001 0.53125 0.3937500000000001 0.53125 0.4171875 0.596875 0.4171875
0 0.8375 0.3937500000000001 0.628125 0.3937500000000001 0.628125 0.4171875000000001 0.8375 0.41718750000000016
0 0.853125 0.4046875000000002 0.8484375 0.4046875000000002 0.8484375 0.4125000000000002 0.853125 0.4125000000000002
0 0.3062500000000001 0.4484375 0.15625000000000006 0.4484375 0.15625000000000006 0.4703125 0.3062500000000001 0.4703125
0 0.3843750000000001 0.45625 0.3375000000000001 0.45625 0.3375000000000001 0.46875 0.3843750000000001 0.46875
0 0.4953125 0.4484375 0.41875 0.4484375 0.41875 0.4765625 0.4953125 0.4765625
0 0.5671875 0.4484375 0.5234375 0.4484375 0.5234375 0.4734375 0.5671875 0.4734375
0 0.6015625 0.4546875 0.5875 0.4546875 0.5875 0.4671875 0.6015625 0.4671875
0 0.70625 0.45 0.621875 0.45 0.621875 0.4671875 0.70625 0.4671875
0 0.84375 0.44843750000000016 0.728125 0.44843750000000016 0.728125 0.4750000000000002 0.84375 0.4750000000000002
0 0.2296875000000001 0.5 0.15625000000000006 0.5 0.15625000000000006 0.5296875 0.2296875000000001 0.5296875
0 0.3046875000000001 0.5 0.2656250000000001 0.5 0.2656250000000001 0.5265625 0.3046875000000001 0.5265625
0 0.39531250000000007 0.5 0.3359375000000001 0.5 0.3359375000000001 0.5203125 0.39531250000000007 0.5203125
0 0.5140625 0.4953125 0.428125 0.4953125 0.428125 0.51875 0.5140625 0.51875
0 0.596875 0.4984375 0.5390625 0.4984375 0.5390625 0.5203125 0.596875 0.5203125
0 0.6671875 0.50625 0.6171875 0.50625 0.6171875 0.5234375 0.6671875 0.5234375
0 0.759375 0.5000000000000001 0.6921875 0.5 0.6921875 0.5171875000000001 0.759375 0.5171875000000001
0 0.771875 0.5125000000000002 0.76875 0.5125000000000002 0.76875 0.5156250000000002 0.771875 0.5156250000000002
0 0.846875 0.49531250000000016 0.7875 0.49531250000000016 0.7875 0.5156250000000002 0.846875 0.5156250000000002
0 0.2140625000000001 0.5578125 0.1593750000000001 0.5578125 0.1593750000000001 0.575 0.2140625000000001 0.575
0 0.30156250000000007 0.55 0.2375000000000001 0.55 0.2375000000000001 0.5703125 0.30156250000000007 0.5703125
0 0.4296875 0.55 0.3281250000000001 0.55 0.3281250000000001 0.5703125 0.4296875 0.5703125
0 0.609375 0.5484375 0.4609375 0.5484375 0.4609375 0.575 0.609375 0.575
0 0.6625 0.5484375 0.640625 0.5484375 0.640625 0.56875 0.6625 0.56875
0 0.7546875 0.5437500000000001 0.68125 0.54375 0.68125 0.5687500000000001 0.7546875 0.5687500000000002
0 0.27031250000000007 0.5984375 0.1546875000000001 0.5984375 0.1546875000000001 0.621875 0.27031250000000007 0.621875
0 0.28593750000000007 0.6171875 0.2812500000000001 0.6171875 0.2812500000000001 0.625 0.28593750000000007 0.625
0 0.446875 0.5984375 0.30937500000000007 0.5984375 0.30937500000000007 0.61875 0.446875 0.61875
0 0.5828125 0.5984375 0.471875 0.5984375 0.471875 0.61875 0.5828125 0.61875
0 0.653125 0.6078125 0.6078125 0.6078125 0.6078125 0.61875 0.653125 0.61875
0 0.7078125 0.5984375 0.6703125 0.5984375 0.6703125 0.6203125 0.7078125 0.6203125
0 0.8 0.6031250000000001 0.725 0.603125 0.725 0.6187500000000001 0.8 0.6187500000000001
0 0.2218750000000001 0.6515625 0.14843750000000008 0.6515625 0.14843750000000008 0.6765625 0.2218750000000001 0.6765625
0 0.30156250000000007 0.646875 0.2531250000000001 0.646875 0.2531250000000001 0.66875 0.30156250000000007 0.66875
0 0.4828125 0.64375 0.3296875000000001 0.64375 0.3296875000000001 0.66875 0.4828125 0.66875
0 0.6421875 0.65 0.5140625 0.65 0.5140625 0.6703125 0.6421875 0.6703125
0 0.690625 0.65 0.66875 0.65 0.66875 0.66875 0.690625 0.66875
0 0.7703125 0.6484375000000001 0.709375 0.6484375 0.709375 0.6718750000000001 0.7703125 0.6718750000000002
0 0.8546875 0.6437500000000002 0.79375 0.6437500000000002 0.79375 0.6703125000000002 0.8546875 0.6703125000000002
0 0.8640625 0.6687500000000002 0.8625 0.6687500000000002 0.8625 0.6703125000000002 0.8640625 0.6703125000000002