0 0.16406250000000006 0.2 0.15000000000000005 0.2 0.15000000000000005 0.2203125 0.16406250000000006 0.2203125
0 0.2515625 0.2015625 0.18906250000000005 0.2015625 0.18906250000000005 0.2203125 0.2515625 0.2203125
0 0.309375 0.2 0.275 0.2 0.275 0.2203125 0.309375 0.2203125
0 0.4171875 0.21250000000000005 0.3375 0.2125 0.3375 0.22187500000000004 0.4171875 0.2218750000000001
0 0.5109375 0.20468750000000008 0.45 0.20468750000000008 0.45 0.22031250000000008 0.5109375 0.22031250000000008
0 0.5296875 0.21875000000000008 0.528125 0.21875000000000008 0.528125 0.2250000000000001 0.5296875 0.2250000000000001
0 0.6171875 0.20312500000000008 0.5453125 0.20312500000000008 0.5453125 0.22031250000000008 0.6171875 0.22031250000000008
0 0.709375 0.20312500000000008 0.640625 0.20312500000000008 0.640625 0.2218750000000001 0.709375 0.2218750000000001
0 0.825 0.20312500000000008 0.7375 0.20312500000000008 0.7375 0.2328125000000001 0.825 0.2328125000000001
0 0.20625 0.25625 0.14843750000000006 0.25625 0.14843750000000006 0.271875 0.20625 0.271875
0 0.2953125 0.25625 0.2328125 0.25625 0.2328125 0.2734375 0.2953125 0.2734375
0 0.428125 0.25625000000000003 0.3203125 0.25625 0.3203125 0.27343750000000006 0.428125 0.2734375000000001
0 0.4453125 0.2750000000000001 0.440625 0.2750000000000001 0.440625 0.2828125000000001 0.4453125 0.2828125000000001
0 0.6171875 0.2562500000000001 0.4765625 0.2562500000000001 0.4765625 0.28593750000000007 0.6171875 0.28593750000000007
0 0.6390625 0.27031250000000007 0.6359375 0.27031250000000007 0.6359375 0.2765625000000001 0.6390625 0.2765625000000001
0 0.74375 0.2562500000000001 0.6484375 0.2562500000000001 0.6484375 0.2718750000000001 0.74375 0.2718750000000001
0 0.8203125 0.2578125000000001 0.7671875 0.2578125000000001 0.7671875 0.2718750000000001 0.8203125 0.2718750000000001
0 0.25625 0.30625 0.15468750000000003 0.30625 0.15468750000000003 0.3375 0.25625 0.3375
0 0.3109375 0.30625 0.278125 0.30625 0.278125 0.3234375 0.3109375 0.3234375
0 0.403125 0.30468750000000006 0.3375 0.3046875 0.3375 0.33437500000000003 0.403125 0.3343750000000001
0 0.496875 0.3078125000000001 0.4359375 0.3078125000000001 0.4359375 0.3234375000000001 0.496875 0.3234375000000001
0 0.7546875 0.3046875000000001 0.5375 0.3046875000000001 0.5375 0.3343750000000001 0.7546875 0.3343750000000001
0 0.8625 0.3078125000000001 0.7734375 0.3078125000000001 0.7734375 0.3234375000000001 0.8625 0.3234375000000001
0 0.2000000000000001 0.3640625 0.15156250000000004 0.3640625 0.15156250000000004 0.3734375 0.2000000000000001 0.3734375
0 0.27187500000000003 0.3609375 0.2125 0.3609375 0.21250000000000005 0.384375 0.2718750000000001 0.384375
0 0.4046875 0.35625000000000007 0.3015625 0.35625 0.30156250000000007 0.38593750000000004 0.4046875 0.3859375000000001
0 0.6296875 0.3546875000000001 0.440625 0.3546875000000001 0.440625 0.3812500000000001 0.6296875 0.3812500000000001
0 0.6671875 0.3593750000000001 0.646875 0.3593750000000001 0.646875 0.3703125000000001 0.6671875 0.3703125000000001
0 0.775 0.3656250000000001 0.6859375 0.3656250000000001 0.6859375 0.3781250000000001 0.775 0.3781250000000001
0 0.8765625 0.35625000000000007 0.8015625 0.35625000000000007 0.8015625 0.3828125000000001 0.8765625 0.3828125000000001
0 0.17500000000000004 0.409375 0.15156250000000004 0.409375 0.15156250000000004 0.421875 0.17500000000000004 0.421875
0 0.2328125000000001 0.409375 0.19375000000000003 0.409375 0.19375000000000003 0.4234375 0.2328125000000001 0.4234375
0 0.3375000000000001 0.409375 0.2578125000000001 0.409375 0.2578125000000001 0.4234375 0.3375000000000001 0.4234375
0 0.3515625000000001 0.421875 0.3500000000000001 0.421875 0.3500000000000001 0.4234375 0.3515625000000001 0.4234375
0 0.5453125 0.40625 0.3968750000000001 0.40625 0.3968750000000001 0.425 0.5453125 0.425
0 0.5578125 0.4234375 0.5515625 0.4234375 0.5515625 0.43125 0.5578125 0.43125
0 0.69375 0.4078125 0.5796875 0.4078125 0.5796875 0.4234375 0.69375 0.4234375
0 0.703125 0.4234375 0.6984375 0.4234375 0.6984375 0.4296875 0.703125 0.4296875
0 0.85 0.4078125000000001 0.7203125 0.4078125 0.7203125 0.42656250000000007 0.85 0.4265625000000002
0 0.8734375 0.42187500000000017 0.8703125 0.42187500000000017 0.8703125 0.4234375000000002 0.8734375 0.4234375000000002
0 0.17812500000000003 0.4609375 0.15625000000000006 0.4609375 0.15625000000000006 0.4734375 0.17812500000000003 0.4734375
0 0.31718750000000007 0.4578125 0.19062500000000004 0.4578125 0.19062500000000004 0.4734375 0.31718750000000007 0.4734375
0 0.40625 0.459375 0.3500000000000001 0.459375 0.3500000000000001 0.4828125 0.40625 0.4828125
0 0.478125 0.459375 0.428125 0.459375 0.428125 0.4734375 0.478125 0.4734375
0 0.4984375 0.46875 0.4921875 0.46875 0.4921875 0.4703125 0.4984375 0.4703125
0 0.5859375 0.459375 0.528125 0.459375 0.528125 0.4734375 0.5859375 0.4734375
0 0.7515625 0.45781250000000007 0.6125 0.4578125 0.6125 0.4859375000000001 0.7515625 0.4859375000000002
0 0.8 0.4578125000000002 0.7734375 0.4578125000000002 0.7734375 0.4750000000000002 0.8 0.4750000000000002
0 0.85625 0.4578125000000002 0.828125 0.4578125000000002 0.828125 0.4750000000000002 0.85625 0.4750000000000002
0 0.17968750000000006 0.509375 0.15781250000000005 0.509375 0.15781250000000005 0.5234375 0.17968750000000006 0.5234375
0 0.2750000000000001 0.509375 0.19531250000000006 0.509375 0.19531250000000006 0.525 0.2750000000000001 0.525
0 0.3578125000000001 0.5109375 0.3218750000000001 0.5109375 0.3218750000000001 0.525 0.3578125000000001 0.525
0 0.56875 0.509375 0.3906250000000001 0.509375 0.3906250000000001 0.5328125 0.56875 0.5328125
0 0.609375 0.5125 0.5875 0.5125 0.5875 0.5234375 0.609375 0.5234375
0 0.6953125 0.5109375 0.628125 0.5109375 0.628125 0.525 0.6953125 0.525
0 0.778125 0.5109375 0.7203125 0.5109375 0.7203125 0.5250000000000001 0.778125 0.5250000000000001
0 0.8453125 0.5109375000000002 0.8078125 0.5109375000000002 0.8078125 0.5312500000000002 0.8453125 0.5312500000000002
0 0.22812500000000008 0.559375 0.1593750000000001 0.559375 0.1593750000000001 0.5765625 0.22812500000000008 0.5765625
0 0.30937500000000007 0.56875 0.2531250000000001 0.56875 0.2531250000000001 0.5765625 0.30937500000000007 0.5765625
0 0.5140625 0.559375 0.3390625000000001 0.559375 0.3390625000000001 0.578125 0.5140625 0.578125
0 0.6375 0.5609375 0.5359375 0.5609375 0.5359375 0.5859375 0.6375 0.5859375
0 0.8125 0.5562500000000001 0.659375 0.55625 0.659375 0.5859375000000001 0.8125 0.5859375000000002
0 0.21093750000000008 0.6078125 0.1593750000000001 0.6078125 0.1593750000000001 0.6234375 0.21093750000000008 0.6234375
0 0.3500000000000001 0.6078125 0.24218750000000008 0.6078125 0.24218750000000008 0.6375 0.3500000000000001 0.6375
0 0.428125 0.6078125 0.37968750000000007 0.6078125 0.37968750000000007 0.6234375 0.428125 0.6234375
0 0.5671875 0.6109375 0.453125 0.6109375 0.453125 0.625 0.5671875 0.625
0 0.6703125 0.6078125 0.590625 0.6078125 0.590625 0.625 0.6703125 0.625
0 0.684375 0.625 0.68125 0.625 0.68125 0.628125 0.684375 0.628125