0 0.17500000000000004 0.20625 0.14375000000000004 0.20625 0.14375000000000004 0.2234375 0.17500000000000004 0.2234375
0 0.246875 0.2046875 0.19375000000000003 0.2046875 0.19375000000000003 0.225 0.246875 0.225
0 0.253125 0.2203125 0.2484375 0.2203125 0.2484375 0.228125 0.253125 0.228125
0 0.33125 0.203125 0.271875 0.203125 0.271875 0.225 0.33125 0.225
0 0.48125 0.20156250000000003 0.35 0.2015625 0.35 0.23750000000000004 0.48125 0.2375000000000001
0 0.4921875 0.2156250000000001 0.4890625 0.2156250000000001 0.4890625 0.2250000000000001 0.4921875 0.2250000000000001
0 0.5375 0.21250000000000008 0.503125 0.21250000000000008 0.503125 0.2250000000000001 0.5375 0.2250000000000001
0 0.7484375 0.2015625000000001 0.5546875 0.2015625000000001 0.5546875 0.2234375000000001 0.7484375 0.2234375000000001
0 0.7921875 0.2093750000000001 0.7734375 0.2093750000000001 0.7734375 0.2218750000000001 0.7921875 0.2218750000000001
0 0.853125 0.2015625000000001 0.8125 0.2015625000000001 0.8125 0.2218750000000001 0.853125 0.2218750000000001
0 0.19843750000000004 0.2546875 0.14218750000000005 0.2546875 0.14218750000000005 0.284375 0.19843750000000004 0.284375
0 0.2453125 0.253125 0.221875 0.253125 0.221875 0.2734375 0.2453125 0.2734375
0 0.359375 0.253125 0.26875 0.253125 0.26875 0.271875 0.359375 0.271875
0 0.396875 0.2562500000000001 0.375 0.2562500000000001 0.375 0.2734375000000001 0.396875 0.2734375000000001
0 0.51875 0.2531250000000001 0.41875 0.2531250000000001 0.41875 0.28593750000000007 0.51875 0.28593750000000007
0 0.5296875 0.2609375000000001 0.5265625 0.2609375000000001 0.5265625 0.2687500000000001 0.5296875 0.2687500000000001
0 0.5484375 0.25468750000000007 0.5453125 0.25468750000000007 0.5453125 0.2593750000000001 0.5484375 0.2593750000000001
0 0.603125 0.2531250000000001 0.553125 0.2531250000000001 0.553125 0.2718750000000001 0.603125 0.2718750000000001
0 0.615625 0.2609375000000001 0.609375 0.2609375000000001 0.609375 0.2750000000000001 0.615625 0.2750000000000001
0 0.6421875 0.26250000000000007 0.6265625 0.26250000000000007 0.6265625 0.2750000000000001 0.6421875 0.2750000000000001
0 0.725 0.2531250000000001 0.6625 0.2531250000000001 0.6625 0.2734375000000001 0.725 0.2734375000000001
0 0.8625 0.25468750000000007 0.759375 0.25468750000000007 0.759375 0.2750000000000001 0.8625 0.2750000000000001
0 0.23125 0.30625 0.14218750000000005 0.30625 0.14218750000000005 0.325 0.23125 0.325
0 0.321875 0.3046875 0.25625 0.3046875 0.25625 0.325 0.321875 0.325
0 0.3640625 0.3140625 0.3453125 0.3140625 0.3453125 0.32656250000000003 0.3640625 0.3265625000000001
0 0.453125 0.3046875000000001 0.3828125 0.3046875000000001 0.3828125 0.32500000000000007 0.453125 0.32500000000000007
0 0.5296875 0.30937500000000007 0.4765625 0.30937500000000007 0.4765625 0.32500000000000007 0.5296875 0.32500000000000007
0 0.6234375 0.3062500000000001 0.559375 0.3062500000000001 0.559375 0.32500000000000007 0.6234375 0.32500000000000007
0 0.7234375 0.30937500000000007 0.6515625 0.30937500000000007 0.6515625 0.32500000000000007 0.7234375 0.32500000000000007
0 0.8078125 0.3046875000000001 0.74375 0.3046875000000001 0.74375 0.32500000000000007 0.8078125 0.32500000000000007
0 0.18906250000000005 0.353125 0.13906250000000003 0.353125 0.13906250000000003 0.371875 0.18906250000000005 0.371875
0 0.27343750000000006 0.3546875 0.2125 0.3546875 0.21250000000000005 0.3734375 0.2734375000000001 0.3734375
0 0.3453125 0.35625 0.2921875 0.35625 0.29218750000000004 0.3765625 0.3453125000000001 0.3765625
0 0.4546875 0.3546875000000001 0.3703125 0.3546875000000001 0.37031250000000004 0.3750000000000001 0.4546875 0.3750000000000001
0 0.528125 0.3515625000000001 0.4734375 0.3515625000000001 0.4734375 0.3734375000000001 0.528125 0.3734375000000001
0 0.6375 0.3546875000000001 0.54375 0.3546875000000001 0.54375 0.3859375000000001 0.6375 0.3859375000000001
0 0.7359375 0.3546875000000001 0.6578125 0.3546875000000001 0.6578125 0.3734375000000001 0.7359375 0.3734375000000001
0 0.75 0.3546875000000001 0.746875 0.3546875000000001 0.746875 0.3593750000000001 0.75 0.3593750000000001
0 0.821875 0.35625000000000007 0.759375 0.35625000000000007 0.759375 0.3750000000000001 0.821875 0.3750000000000001
0 0.2296875000000001 0.4109375 0.13906250000000003 0.4109375 0.13906250000000003 0.4375 0.2296875000000001 0.4375
0 0.2906250000000001 0.403125 0.2515625000000001 0.403125 0.2515625000000001 0.425 0.2906250000000001 0.425
0 0.4015625 0.4046875 0.3156250000000001 0.4046875 0.3156250000000001 0.4265625 0.4015625 0.4265625
0 0.478125 0.403125 0.4359375 0.403125 0.4359375 0.428125 0.478125 0.428125
0 0.5328125 0.40625 0.5015625 0.40625 0.5015625 0.4359375 0.5328125 0.4359375
0 0.5953125 0.4046875 0.553125 0.4046875 0.553125 0.425 0.5953125 0.425
0 0.6890625 0.40625 0.6125 0.40625 0.6125 0.434375 0.6890625 0.434375
0 0.7296875 0.4078125000000001 0.709375 0.4078125 0.709375 0.42656250000000007 0.7296875 0.4265625000000002
0 0.7984375 0.41406250000000017 0.7625 0.41406250000000017 0.7625 0.4234375000000002 0.7984375 0.4234375000000002
0 0.2296875000000001 0.45625 0.14062500000000006 0.45625 0.14062500000000006 0.4859375 0.2296875000000001 0.4859375
0 0.2890625000000001 0.45625 0.25468750000000007 0.45625 0.25468750000000007 0.475 0.2890625000000001 0.475
0 0.3468750000000001 0.45625 0.3109375000000001 0.45625 0.3109375000000001 0.4765625 0.3468750000000001 0.4765625
0 0.3656250000000001 0.4546875 0.3625000000000001 0.4546875 0.3625000000000001 0.4625 0.3656250000000001 0.4625
0 0.4640625 0.45625 0.3734375000000001 0.45625 0.3734375000000001 0.4765625 0.4640625 0.4765625
0 0.5609375 0.4578125 0.4875 0.4578125 0.4875 0.4765625 0.5609375 0.4765625
0 0.665625 0.4578125 0.5859375 0.4578125 0.5859375 0.4765625 0.665625 0.4765625
0 0.7578125 0.4515625000000001 0.6875 0.4515625 0.6875 0.4750000000000001 0.7578125 0.4750000000000002
0 0.2140625000000001 0.5046875 0.14375000000000004 0.5046875 0.14375000000000004 0.5265625 0.2140625000000001 0.5265625
0 0.2812500000000001 0.50625 0.2296875000000001 0.50625 0.2296875000000001 0.525 0.2812500000000001 0.525
0 0.2890625000000001 0.503125 0.28593750000000007 0.503125 0.28593750000000007 0.5078125 0.2890625000000001 0.5078125
0 0.2984375000000001 0.5234375 0.2968750000000001 0.5234375 0.2968750000000001 0.525 0.2984375000000001 0.525
0 0.3687500000000001 0.5046875 0.3187500000000001 0.5046875 0.3187500000000001 0.5234375 0.3687500000000001 0.5234375
0 0.484375 0.50625 0.3906250000000001 0.50625 0.3906250000000001 0.5265625 0.484375 0.5265625
0 0.5390625 0.50625 0.5125 0.50625 0.5125 0.5265625 0.5390625 0.5265625
0 0.6203125 0.5046875 0.5546875 0.5046875 0.5546875 0.525 0.6203125 0.525
0 0.728125 0.5078125000000001 0.6453125 0.5078125 0.6453125 0.5265625 0.728125 0.5265625000000002
0 0.8359375 0.5062500000000002 0.7453125 0.5062500000000002 0.7453125 0.5281250000000002 0.8359375 0.5281250000000002
0 0.1828125000000001 0.565625 0.14218750000000008 0.565625 0.14218750000000008 0.5765625 0.1828125000000001 0.5765625
0 0.25468750000000007 0.5640625 0.2015625000000001 0.5640625 0.2015625000000001 0.5890625 0.25468750000000007 0.5890625
0 0.3937500000000001 0.55625 0.2812500000000001 0.55625 0.2812500000000001 0.590625 0.3937500000000001 0.590625
0 0.4609375 0.5578125 0.4203125 0.5578125 0.4203125 0.575 0.4609375 0.575
0 0.5421875 0.55625 0.484375 0.55625 0.484375 0.575 0.5421875 0.575
0 0.61875 0.5578125 0.5671875 0.5578125 0.5671875 0.5765625 0.61875 0.5765625
0 0.7015625 0.5578125 0.6390625 0.5578125 0.6390625 0.578125 0.7015625 0.578125
0 0.7984375 0.5578125 0.7234375 0.5578125 0.7234375 0.5859375000000001 0.7984375 0.5859375000000002
0 0.2078125000000001 0.6125 0.14218750000000008 0.6125 0.14218750000000008 0.634375 0.2078125000000001 0.634375
0 0.3812500000000001 0.6078125 0.23437500000000008 0.6078125 0.23437500000000008 0.6390625 0.3812500000000001 0.6390625
0 0.4234375 0.6171875 0.4046875 0.6171875 0.4046875 0.6265625 0.4234375 0.6265625
0 0.55 0.6078125 0.4484375 0.6078125 0.4484375 0.6265625 0.55 0.6265625
0 0.7125 0.60625 0.56875 0.60625 0.56875 0.6296875 0.7125 0.6296875
0 0.7234375 0.625 0.7203125 0.625 0.7203125 0.6265625 0.7234375 0.6265625