0 0.2765625 0.215625 0.14531250000000004 0.215625 0.14531250000000004 0.2359375 0.2765625 0.2359375
0 0.346875 0.21875 0.29375 0.21875 0.29375 0.234375 0.346875 0.234375
0 0.459375 0.2171875000000001 0.3640625 0.2171875000000001 0.3640625 0.23593750000000008 0.459375 0.23593750000000008
0 0.5421875 0.2171875000000001 0.4734375 0.2171875000000001 0.4734375 0.24218750000000008 0.5421875 0.24218750000000008
0 0.5890625 0.2218750000000001 0.559375 0.2218750000000001 0.559375 0.23437500000000008 0.5890625 0.23437500000000008
0 0.7359375 0.2171875000000001 0.6 0.2171875000000001 0.6 0.2406250000000001 0.7359375 0.2406250000000001
0 0.80625 0.2171875000000001 0.7546875 0.2171875000000001 0.7546875 0.2406250000000001 0.80625 0.2406250000000001
0 0.8515625 0.2156250000000001 0.8265625 0.2156250000000001 0.8265625 0.23593750000000008 0.8515625 0.23593750000000008
0 0.17968750000000006 0.2640625 0.14375000000000004 0.2640625 0.14375000000000004 0.284375 0.17968750000000006 0.284375
0 0.290625 0.2671875 0.2 0.2671875 0.2 0.2921875 0.290625 0.2921875
0 0.3359375 0.2671875 0.309375 0.2671875 0.309375 0.290625 0.3359375 0.290625
0 0.4328125 0.2671875 0.346875 0.2671875 0.346875 0.28593750000000007 0.4328125 0.28593750000000007
0 0.44375 0.2812500000000001 0.440625 0.2812500000000001 0.440625 0.2843750000000001 0.44375 0.2843750000000001
0 0.5015625 0.2671875000000001 0.459375 0.2671875000000001 0.459375 0.28593750000000007 0.5015625 0.28593750000000007
0 0.575 0.2671875000000001 0.515625 0.2671875000000001 0.515625 0.28593750000000007 0.575 0.28593750000000007
0 0.7375 0.2687500000000001 0.5890625 0.2687500000000001 0.5890625 0.2875000000000001 0.7375 0.2875000000000001
0 0.859375 0.2671875000000001 0.7578125 0.2671875000000001 0.7578125 0.2875000000000001 0.859375 0.2875000000000001
0 0.18437500000000004 0.3234375 0.14218750000000005 0.3234375 0.14218750000000005 0.3359375 0.18437500000000004 0.3359375
0 0.2640625 0.3234375 0.2046875 0.3234375 0.2046875 0.3359375 0.2640625 0.3359375
0 0.3859375 0.31875000000000003 0.278125 0.31875 0.278125 0.33906250000000004 0.3859375 0.3390625000000001
0 0.4359375 0.31718750000000007 0.4015625 0.31718750000000007 0.4015625 0.3375000000000001 0.4359375 0.3375000000000001
0 0.48125 0.3187500000000001 0.446875 0.3187500000000001 0.446875 0.3359375000000001 0.48125 0.3359375000000001
0 0.5984375 0.3187500000000001 0.49375 0.3187500000000001 0.49375 0.3359375000000001 0.5984375 0.3359375000000001
0 0.7046875 0.3187500000000001 0.609375 0.3187500000000001 0.609375 0.3421875000000001 0.7046875 0.3421875000000001
0 0.778125 0.31718750000000007 0.721875 0.31718750000000007 0.721875 0.3359375000000001 0.778125 0.3359375000000001
0 0.8359375 0.3156250000000001 0.8015625 0.3156250000000001 0.8015625 0.3343750000000001 0.8359375 0.3343750000000001
0 0.27812500000000007 0.36875 0.14375000000000004 0.36875 0.14375000000000004 0.3875 0.27812500000000007 0.3875
0 0.2906250000000001 0.3828125 0.28593750000000007 0.3828125 0.28593750000000007 0.3953125 0.2906250000000001 0.3953125
0 0.39531250000000007 0.36875 0.30937500000000007 0.36875 0.30937500000000007 0.38750000000000007 0.39531250000000007 0.38750000000000007
0 0.40625 0.3859375000000001 0.403125 0.3859375000000001 0.403125 0.3968750000000001 0.40625 0.3968750000000001
0 0.515625 0.3703125000000001 0.41875 0.3703125000000001 0.41875 0.3937500000000001 0.515625 0.3937500000000001
0 0.5859375 0.3703125000000001 0.5375 0.3703125000000001 0.5375 0.38750000000000007 0.5859375 0.38750000000000007
0 0.7515625 0.3687500000000001 0.603125 0.3687500000000001 0.603125 0.38750000000000007 0.7515625 0.38750000000000007
0 0.7625 0.3812500000000001 0.759375 0.3812500000000001 0.759375 0.3937500000000001 0.7625 0.3937500000000001
0 0.85 0.3687500000000001 0.775 0.3687500000000001 0.775 0.3859375000000001 0.85 0.3859375000000001
0 0.17343750000000005 0.4203125 0.14062500000000006 0.4203125 0.14062500000000006 0.4390625 0.17343750000000005 0.4390625
0 0.2734375000000001 0.4203125 0.18437500000000004 0.4203125 0.18437500000000004 0.440625 0.2734375000000001 0.440625
0 0.3984375000000001 0.4203125 0.29375000000000007 0.4203125 0.29375000000000007 0.4390625 0.3984375000000001 0.4390625
0 0.4609375 0.425 0.41875 0.425 0.41875 0.4375 0.4609375 0.4375
0 0.5421875 0.4203125 0.48125 0.4203125 0.48125 0.4375 0.5421875 0.4375
0 0.596875 0.4203125 0.5609375 0.4203125 0.5609375 0.440625 0.596875 0.440625
0 0.7578125 0.4203125000000001 0.6125 0.4203125 0.6125 0.4453125000000001 0.7578125 0.44531250000000017
0 0.7640625 0.4343750000000002 0.7609375 0.4343750000000002 0.7609375 0.44531250000000017 0.7640625 0.44531250000000017
0 0.27812500000000007 0.4703125 0.13906250000000003 0.4703125 0.13906250000000003 0.4890625 0.27812500000000007 0.4890625
0 0.2843750000000001 0.4859375 0.2812500000000001 0.4859375 0.2812500000000001 0.4953125 0.2843750000000001 0.4953125
0 0.4296875 0.4703125 0.3031250000000001 0.4703125 0.3031250000000001 0.490625 0.4296875 0.490625
0 0.525 0.471875 0.453125 0.471875 0.453125 0.4890625 0.525 0.4890625
0 0.5328125 0.4859375 0.5296875 0.4859375 0.5296875 0.496875 0.5328125 0.496875
0 0.60625 0.471875 0.5578125 0.471875 0.5578125 0.4921875 0.60625 0.4921875
0 0.73125 0.4687500000000001 0.6296875 0.46875 0.6296875 0.48906250000000007 0.73125 0.4890625000000002
0 0.828125 0.4671875000000002 0.75 0.4671875000000002 0.75 0.48750000000000016 0.828125 0.48750000000000016
0 0.17812500000000003 0.525 0.13750000000000004 0.525 0.13750000000000004 0.5390625 0.17812500000000003 0.5390625
0 0.2734375000000001 0.5203125 0.19843750000000004 0.5203125 0.19843750000000004 0.5375 0.2734375000000001 0.5375
0 0.31718750000000007 0.521875 0.29375000000000007 0.521875 0.29375000000000007 0.5390625 0.31718750000000007 0.5390625
0 0.39531250000000007 0.521875 0.33281250000000007 0.521875 0.33281250000000007 0.5390625 0.39531250000000007 0.5390625
0 0.4125 0.534375 0.4078125 0.534375 0.4078125 0.54375 0.4125 0.54375
0 0.584375 0.521875 0.428125 0.521875 0.428125 0.54375 0.584375 0.54375
0 0.6265625 0.5265625 0.6015625 0.5265625 0.6015625 0.5390625 0.6265625 0.5390625
0 0.70625 0.525 0.6421875 0.525 0.6421875 0.540625 0.70625 0.540625
0 0.725 0.5375 0.721875 0.5375 0.721875 0.540625 0.725 0.540625
0 0.8140625 0.5203125000000002 0.7484375 0.5203125000000002 0.7484375 0.5375000000000002 0.8140625 0.5375000000000002
0 0.2312500000000001 0.5703125 0.1390625000000001 0.5703125 0.1390625000000001 0.5875 0.2312500000000001 0.5875
0 0.3218750000000001 0.571875 0.2500000000000001 0.571875 0.2500000000000001 0.5890625 0.3218750000000001 0.5890625
0 0.428125 0.575 0.34843750000000007 0.575 0.34843750000000007 0.5953125 0.428125 0.5953125
0 0.471875 0.571875 0.45 0.571875 0.45 0.5890625 0.471875 0.5890625
0 0.5453125 0.5734375 0.490625 0.5734375 0.490625 0.5890625 0.5453125 0.5890625
0 0.6265625 0.571875 0.56875 0.571875 0.56875 0.5921875 0.6265625 0.5921875
0 0.7546875 0.5734375 0.6453125 0.5734375 0.6453125 0.5890625 0.7546875 0.5890625000000002
0 0.821875 0.5671875000000002 0.775 0.5671875000000002 0.775 0.5953125000000001 0.821875 0.5953125000000001
0 0.83125 0.5828125000000002 0.828125 0.5828125000000002 0.828125 0.5984375000000002 0.83125 0.5984375000000002
0 0.1781250000000001 0.621875 0.14218750000000008 0.621875 0.14218750000000008 0.6390625 0.1781250000000001 0.6390625
0 0.2828125000000001 0.6203125 0.19531250000000008 0.6203125 0.19531250000000008 0.6484375 0.2828125000000001 0.6484375
0 0.29375000000000007 0.6375 0.2906250000000001 0.6375 0.2906250000000001 0.646875 0.29375000000000007 0.646875
0 0.3390625000000001 0.621875 0.31718750000000007 0.621875 0.31718750000000007 0.6390625 0.3390625000000001 0.6390625
0 0.4625 0.621875 0.3546875000000001 0.621875 0.3546875000000001 0.6390625 0.4625 0.6390625
0 0.4921875 0.6203125 0.478125 0.6203125 0.478125 0.6390625 0.4921875 0.6390625
0 0.5078125 0.6359375 0.5046875 0.6359375 0.5046875 0.6484375 0.5078125 0.6484375
0 0.571875 0.6203125 0.534375 0.6203125 0.534375 0.640625 0.571875 0.640625
0 0.7109375 0.6203125 0.5890625 0.6203125 0.5890625 0.640625 0.7109375 0.640625
0 0.721875 0.6359375 0.71875 0.6359375 0.71875 0.640625 0.721875 0.640625