0 0.215625 0.2109375 0.14375000000000004 0.2109375 0.14375000000000004 0.2359375 0.215625 0.2359375
0 0.28125 0.2125 0.24375 0.2125 0.24375 0.2234375 0.28125 0.2234375
0 0.321875 0.2109375 0.30625 0.2109375 0.30625 0.2234375 0.321875 0.2234375
0 0.3671875 0.20937500000000003 0.3390625 0.209375 0.3390625 0.22500000000000003 0.3671875 0.2250000000000001
0 0.4515625 0.21093750000000008 0.39375 0.21093750000000008 0.39375 0.2250000000000001 0.4515625 0.2250000000000001
0 0.5265625 0.21093750000000008 0.48125 0.21093750000000008 0.48125 0.2250000000000001 0.5265625 0.2250000000000001
0 0.5859375 0.21250000000000008 0.546875 0.21250000000000008 0.546875 0.2250000000000001 0.5859375 0.2250000000000001
0 0.6421875 0.21250000000000008 0.603125 0.21250000000000008 0.603125 0.2250000000000001 0.6421875 0.2250000000000001
0 0.7 0.2140625000000001 0.6640625 0.2140625000000001 0.6640625 0.22656250000000008 0.7 0.22656250000000008
0 0.703125 0.2250000000000001 0.6984375 0.2250000000000001 0.6984375 0.2312500000000001 0.703125 0.2312500000000001
0 0.7421875 0.2140625000000001 0.71875 0.2140625000000001 0.71875 0.2250000000000001 0.7421875 0.2250000000000001
0 0.803125 0.21250000000000008 0.753125 0.21250000000000008 0.753125 0.2328125000000001 0.803125 0.2328125000000001
0 0.18281250000000004 0.259375 0.14531250000000004 0.259375 0.14531250000000004 0.2734375 0.18281250000000004 0.2734375
0 0.2546875 0.259375 0.2109375 0.259375 0.2109375 0.271875 0.2546875 0.271875
0 0.3015625 0.2640625 0.278125 0.2640625 0.278125 0.275 0.3015625 0.275
0 0.3640625 0.26093750000000004 0.325 0.2609375 0.325 0.275 0.3640625 0.2750000000000001
0 0.4484375 0.2609375000000001 0.3953125 0.2609375000000001 0.3953125 0.2750000000000001 0.4484375 0.2750000000000001
0 0.4765625 0.2656250000000001 0.465625 0.2656250000000001 0.465625 0.2718750000000001 0.4765625 0.2718750000000001
0 0.5390625 0.2609375000000001 0.503125 0.2609375000000001 0.503125 0.2765625000000001 0.5390625 0.2765625000000001
0 0.6546875 0.2609375000000001 0.56875 0.2609375000000001 0.56875 0.2750000000000001 0.6546875 0.2750000000000001
0 0.7 0.2609375000000001 0.6765625 0.2609375000000001 0.6765625 0.2734375000000001 0.7 0.2734375000000001
0 0.7046875 0.2718750000000001 0.7015625 0.2718750000000001 0.7015625 0.2734375000000001 0.7046875 0.2734375000000001
0 0.80625 0.2593750000000001 0.7234375 0.2593750000000001 0.7234375 0.2812500000000001 0.80625 0.2812500000000001
0 0.18437500000000004 0.3125 0.14531250000000004 0.3125 0.14531250000000004 0.325 0.18437500000000004 0.325
0 0.24375 0.3125 0.2109375 0.3125 0.2109375 0.325 0.24375 0.325
0 0.3109375 0.3109375 0.271875 0.3109375 0.271875 0.325 0.3109375 0.325
0 0.3828125 0.3140625 0.340625 0.3140625 0.340625 0.32656250000000003 0.3828125 0.3265625000000001
0 0.4328125 0.3125000000000001 0.4140625 0.3125000000000001 0.4140625 0.3281250000000001 0.4328125 0.3281250000000001
0 0.4703125 0.3109375000000001 0.44375 0.3109375000000001 0.44375 0.32500000000000007 0.4703125 0.32500000000000007
0 0.5453125 0.3125000000000001 0.5015625 0.3125000000000001 0.5015625 0.32500000000000007 0.5453125 0.32500000000000007
0 0.6484375 0.3109375000000001 0.575 0.3109375000000001 0.575 0.33281250000000007 0.6484375 0.33281250000000007
0 0.6578125 0.3218750000000001 0.653125 0.3218750000000001 0.653125 0.3234375000000001 0.6578125 0.3234375000000001
0 0.6953125 0.3109375000000001 0.68125 0.3109375000000001 0.68125 0.32500000000000007 0.6953125 0.32500000000000007
0 0.746875 0.3109375000000001 0.7140625 0.3109375000000001 0.7140625 0.32500000000000007 0.746875 0.32500000000000007
0 0.8328125 0.3125000000000001 0.7703125 0.3125000000000001 0.7703125 0.3265625000000001 0.8328125 0.3265625000000001
0 0.15781250000000005 0.365625 0.14375000000000004 0.365625 0.14375000000000004 0.3765625 0.15781250000000005 0.3765625
0 0.23125000000000004 0.3625 0.18593750000000003 0.3625 0.18593750000000003 0.375 0.2312500000000001 0.375
0 0.27656250000000004 0.3609375 0.2640625 0.3609375 0.26406250000000003 0.375 0.2765625000000001 0.375
0 0.35781250000000003 0.3625 0.30625 0.3625 0.30625 0.3765625 0.3578125000000001 0.3765625
0 0.440625 0.3609375000000001 0.38125 0.3609375000000001 0.38125000000000003 0.3828125000000001 0.440625 0.3828125000000001
0 0.4453125 0.3750000000000001 0.4421875 0.3750000000000001 0.4421875 0.37968750000000007 0.4453125 0.37968750000000007
0 0.64375 0.3609375000000001 0.4703125 0.3609375000000001 0.4703125 0.3828125000000001 0.64375 0.3828125000000001
0 0.7203125 0.3609375000000001 0.665625 0.3609375000000001 0.665625 0.3828125000000001 0.7203125 0.3828125000000001
0 0.728125 0.3734375000000001 0.725 0.3734375000000001 0.725 0.37968750000000007 0.728125 0.37968750000000007
0 0.784375 0.3609375000000001 0.7421875 0.3609375000000001 0.7421875 0.3750000000000001 0.784375 0.3750000000000001
0 0.8078125 0.3609375000000001 0.7921875 0.3609375000000001 0.7921875 0.3750000000000001 0.8078125 0.3750000000000001
0 0.17968750000000006 0.415625 0.14375000000000004 0.415625 0.14375000000000004 0.4328125 0.17968750000000006 0.4328125
0 0.2609375000000001 0.415625 0.21875000000000008 0.415625 0.21875000000000008 0.425 0.2609375000000001 0.425
0 0.3296875000000001 0.415625 0.2875000000000001 0.415625 0.2875000000000001 0.434375 0.3296875000000001 0.434375
0 0.3671875000000001 0.4109375 0.34843750000000007 0.4109375 0.34843750000000007 0.425 0.3671875000000001 0.425
0 0.4890625 0.4109375 0.4 0.4109375 0.4 0.434375 0.4890625 0.434375
0 0.540625 0.415625 0.51875 0.415625 0.51875 0.425 0.540625 0.425
0 0.575 0.4171875 0.5640625 0.4171875 0.5640625 0.425 0.575 0.425
0 0.640625 0.4109375 0.5890625 0.4109375 0.5890625 0.43125 0.640625 0.43125
0 0.75625 0.41093750000000007 0.6640625 0.4109375 0.6640625 0.4359375000000001 0.75625 0.4359375000000002
0 0.7875 0.41406250000000017 0.7703125 0.41406250000000017 0.7703125 0.4281250000000002 0.7875 0.4281250000000002
0 0.19062500000000004 0.4609375 0.14062500000000006 0.4609375 0.14062500000000006 0.4765625 0.19062500000000004 0.4765625
0 0.26250000000000007 0.4625 0.2218750000000001 0.4625 0.2218750000000001 0.475 0.26250000000000007 0.475
0 0.3375000000000001 0.4609375 0.2984375000000001 0.4609375 0.2984375000000001 0.4765625 0.3375000000000001 0.4765625
0 0.4 0.4640625 0.3656250000000001 0.4640625 0.3656250000000001 0.4765625 0.4 0.4765625
0 0.459375 0.4625 0.4390625 0.4625 0.4390625 0.478125 0.459375 0.478125
0 0.5546875 0.4625 0.4859375 0.4625 0.4859375 0.478125 0.5546875 0.478125
0 0.60625 0.4671875 0.584375 0.4671875 0.584375 0.4765625 0.60625 0.4765625
0 0.6421875 0.4625 0.6171875 0.4625 0.6171875 0.478125 0.6421875 0.478125
0 0.7203125 0.4640625 0.675 0.4640625 0.675 0.4765625 0.7203125 0.4765625
0 0.8 0.46406250000000016 0.7421875 0.46406250000000016 0.7421875 0.4781250000000002 0.8 0.4781250000000002
0 0.80625 0.4750000000000002 0.803125 0.4750000000000002 0.803125 0.47656250000000017 0.80625 0.47656250000000017
0 0.853125 0.46093750000000017 0.8234375 0.46093750000000017 0.8234375 0.4781250000000002 0.853125 0.4781250000000002
0 0.20312500000000008 0.5109375 0.14375000000000004 0.5109375 0.14375000000000004 0.525 0.20312500000000008 0.525
0 0.2578125000000001 0.5109375 0.23437500000000008 0.5109375 0.23437500000000008 0.528125 0.2578125000000001 0.528125
0 0.3062500000000001 0.5109375 0.2796875000000001 0.5109375 0.2796875000000001 0.5265625 0.3062500000000001 0.5265625
0 0.3750000000000001 0.5125 0.33281250000000007 0.5125 0.33281250000000007 0.5265625 0.3750000000000001 0.5265625
0 0.4390625 0.5125 0.4078125 0.5125 0.4078125 0.5265625 0.4390625 0.5265625
0 0.546875 0.5109375 0.4625 0.5109375 0.4625 0.534375 0.546875 0.534375
0 0.6453125 0.5125 0.578125 0.5125 0.578125 0.528125 0.6453125 0.528125
0 0.70625 0.5140625 0.678125 0.5140625 0.678125 0.528125 0.70625 0.528125
0 0.815625 0.5140625000000002 0.728125 0.5140625000000002 0.728125 0.5281250000000002 0.815625 0.5281250000000002
0 0.15781250000000008 0.5625 0.1437500000000001 0.5625 0.1437500000000001 0.575 0.15781250000000008 0.575
0 0.1984375000000001 0.5625 0.17968750000000008 0.5625 0.17968750000000008 0.5765625 0.1984375000000001 0.5765625
0 0.2812500000000001 0.5625 0.22656250000000008 0.5625 0.22656250000000008 0.5765625 0.2812500000000001 0.5765625
0 0.2875000000000001 0.5765625 0.2828125000000001 0.5765625 0.2828125000000001 0.5796875 0.2875000000000001 0.5796875
0 0.34062500000000007 0.5640625 0.3109375000000001 0.5640625 0.3109375000000001 0.5765625 0.34062500000000007 0.5765625
0 0.3937500000000001 0.5671875 0.3687500000000001 0.5671875 0.3687500000000001 0.5765625 0.3937500000000001 0.5765625
0 0.425 0.56875 0.4125 0.56875 0.4125 0.578125 0.425 0.578125
0 0.4984375 0.5625 0.44375 0.5625 0.44375 0.5859375 0.4984375 0.5859375
0 0.5484375 0.565625 0.528125 0.565625 0.528125 0.578125 0.5484375 0.578125
0 0.61875 0.5625 0.5734375 0.5625 0.5734375 0.578125 0.61875 0.578125
0 0.6921875 0.5640625 0.6453125 0.5640625 0.6453125 0.5859375 0.6921875 0.5859375
0 0.7296875 0.5687500000000001 0.715625 0.56875 0.715625 0.5781250000000001 0.7296875 0.5781250000000002
0 0.7859375 0.5656250000000002 0.7390625 0.5656250000000002 0.7390625 0.5843750000000002 0.7859375 0.5843750000000002
0 0.83125 0.5625000000000002 0.80625 0.5625000000000002 0.80625 0.5796875000000001 0.83125 0.5796875000000001
0 0.1937500000000001 0.6109375 0.1453125000000001 0.6109375 0.1453125000000001 0.6265625 0.1937500000000001 0.6265625
0 0.3265625000000001 0.6140625 0.2390625000000001 0.6140625 0.2390625000000001 0.6265625 0.3265625000000001 0.6265625
0 0.3937500000000001 0.6140625 0.3671875000000001 0.6140625 0.3671875000000001 0.628125 0.3937500000000001 0.628125
0 0.475 0.6171875 0.421875 0.6171875 0.421875 0.634375 0.475 0.634375
0 0.5265625 0.6140625 0.5078125 0.6140625 0.5078125 0.6328125 0.5265625 0.6328125
0 0.609375 0.6140625 0.5546875 0.6140625 0.5546875 0.6359375 0.609375 0.6359375
0 0.6828125 0.615625 0.64375 0.615625 0.64375 0.6296875 0.6828125 0.6296875
0 0.7453125 0.6187500000000001 0.7125 0.61875 0.7125 0.6296875000000001 0.7453125 0.6296875000000002
0 0.7875 0.6140625000000002 0.7640625 0.6140625000000002 0.7640625 0.6281250000000002 0.7875 0.6281250000000002
0 0.19531250000000008 0.6640625 0.1453125000000001 0.6640625 0.1453125000000001 0.6765625 0.19531250000000008 0.6765625
0 0.3531250000000001 0.6640625 0.2453125000000001 0.6640625 0.2453125000000001 0.684375 0.3531250000000001 0.684375
0 0.3578125000000001 0.6734375 0.3546875000000001 0.6734375 0.3546875000000001 0.6765625 0.3578125000000001 0.6765625