0 0.225 0.2015625 0.13125000000000003 0.2015625 0.13125000000000003 0.225 0.225 0.225
0 0.328125 0.2046875 0.2328125 0.2046875 0.2328125 0.225 0.328125 0.225
0 0.5265625 0.20468750000000005 0.3453125 0.2046875 0.3453125 0.24375000000000005 0.5265625 0.24375000000000008
0 0.6640625 0.2062500000000001 0.559375 0.2062500000000001 0.559375 0.2250000000000001 0.6640625 0.2250000000000001
0 0.8828125 0.20468750000000008 0.69375 0.20468750000000008 0.69375 0.2531250000000001 0.8828125 0.2531250000000001
0 0.2015625 0.253125 0.12656250000000005 0.253125 0.12656250000000005 0.2734375 0.2015625 0.2734375
0 0.2828125 0.25625 0.215625 0.25625 0.215625 0.2890625 0.2828125 0.2890625
0 0.4859375 0.25625000000000003 0.309375 0.25625 0.309375 0.27656250000000004 0.4859375 0.2765625000000001
0 0.55 0.2515625000000001 0.509375 0.2515625000000001 0.509375 0.2875000000000001 0.55 0.2875000000000001
0 0.65625 0.2562500000000001 0.5640625 0.2562500000000001 0.5640625 0.2750000000000001 0.65625 0.2750000000000001
0 0.75625 0.2578125000000001 0.678125 0.2578125000000001 0.678125 0.27812500000000007 0.75625 0.27812500000000007
0 0.86875 0.2656250000000001 0.778125 0.2656250000000001 0.778125 0.2765625000000001 0.86875 0.2765625000000001
0 0.3078125 0.309375 0.13281250000000006 0.309375 0.13281250000000006 0.3265625 0.3078125 0.3265625
0 0.378125 0.31562500000000004 0.328125 0.315625 0.328125 0.32656250000000003 0.378125 0.3265625000000001
0 0.4828125 0.3062500000000001 0.3953125 0.3062500000000001 0.3953125 0.3265625000000001 0.4828125 0.3265625000000001
0 0.5515625 0.3156250000000001 0.5015625 0.3156250000000001 0.5015625 0.32500000000000007 0.5515625 0.32500000000000007
0 0.6453125 0.3078125000000001 0.559375 0.3078125000000001 0.559375 0.3265625000000001 0.6453125 0.3265625000000001
0 0.79375 0.3125000000000001 0.665625 0.3125000000000001 0.665625 0.3390625000000001 0.79375 0.3390625000000001
0 0.8859375 0.3156250000000001 0.815625 0.3156250000000001 0.815625 0.3265625000000001 0.8859375 0.3265625000000001
0 0.22968750000000004 0.3546875 0.12656250000000005 0.3546875 0.12656250000000005 0.3765625 0.2296875000000001 0.3765625
0 0.29531250000000003 0.35625 0.2515625 0.35625 0.2515625 0.390625 0.2953125000000001 0.390625
0 0.4015625 0.35781250000000003 0.3125 0.3578125 0.31250000000000006 0.37812500000000004 0.4015625 0.3781250000000001
0 0.575 0.3656250000000001 0.4234375 0.3656250000000001 0.4234375 0.3937500000000001 0.575 0.3937500000000001
0 0.6078125 0.37187500000000007 0.6015625 0.37187500000000007 0.6015625 0.3906250000000001 0.6078125 0.3906250000000001
0 0.7421875 0.3593750000000001 0.6296875 0.3593750000000001 0.6296875 0.3812500000000001 0.7421875 0.3812500000000001
0 0.8109375 0.3578125000000001 0.775 0.3578125000000001 0.775 0.3765625000000001 0.8109375 0.3765625000000001
0 0.2218750000000001 0.40625 0.11875000000000005 0.40625 0.11875000000000005 0.4265625 0.2218750000000001 0.4265625
0 0.3625000000000001 0.415625 0.2531250000000001 0.415625 0.2531250000000001 0.4265625 0.3625000000000001 0.4265625
0 0.4296875 0.4078125 0.3921875000000001 0.4078125 0.3921875000000001 0.428125 0.4296875 0.428125
0 0.490625 0.40625 0.453125 0.40625 0.453125 0.4265625 0.490625 0.4265625
0 0.76875 0.4171875000000001 0.525 0.4171875 0.525 0.4593750000000001 0.76875 0.4593750000000002
0 0.840625 0.40937500000000016 0.7953125 0.40937500000000016 0.7953125 0.4265625000000002 0.840625 0.4265625000000002
0 0.2484375000000001 0.4578125 0.12500000000000006 0.4578125 0.12500000000000006 0.4796875 0.2484375000000001 0.4796875
0 0.3156250000000001 0.459375 0.2828125000000001 0.459375 0.2828125000000001 0.4796875 0.3156250000000001 0.4796875
0 0.4296875 0.459375 0.3359375000000001 0.459375 0.3359375000000001 0.478125 0.4296875 0.478125
0 0.55625 0.45625 0.459375 0.45625 0.459375 0.478125 0.55625 0.478125
0 0.6234375 0.4546875 0.575 0.4546875 0.575 0.4890625 0.6234375 0.4890625
0 0.7328125 0.45781250000000007 0.6375 0.4578125 0.6375 0.4781250000000001 0.7328125 0.4781250000000002
0 0.896875 0.4578125000000002 0.753125 0.4578125000000002 0.753125 0.4968750000000002 0.896875 0.4968750000000002
0 0.22656250000000008 0.5078125 0.12187500000000004 0.5078125 0.12187500000000004 0.528125 0.22656250000000008 0.528125
0 0.3984375000000001 0.50625 0.2578125000000001 0.50625 0.2578125000000001 0.5453125 0.3984375000000001 0.5453125
0 0.5328125 0.5078125 0.428125 0.5078125 0.428125 0.528125 0.5328125 0.528125
0 0.896875 0.5078125000000001 0.55625 0.5078125 0.55625 0.5562500000000001 0.896875 0.5562500000000001
0 0.1671875000000001 0.5671875 0.11718750000000008 0.5671875 0.11718750000000008 0.578125 0.1671875000000001 0.578125
0 0.2171875000000001 0.5703125 0.18906250000000008 0.5703125 0.18906250000000008 0.5796875 0.2171875000000001 0.5796875
0 0.2406250000000001 0.5609375 0.21250000000000008 0.5609375 0.21250000000000008 0.578125 0.2406250000000001 0.578125
0 0.3156250000000001 0.5625 0.2671875000000001 0.5625 0.2671875000000001 0.5796875 0.3156250000000001 0.5796875
0 0.3312500000000001 0.5609375 0.31718750000000007 0.5609375 0.31718750000000007 0.5828125 0.3312500000000001 0.5828125
0 0.3609375000000001 0.5734375 0.3531250000000001 0.5734375 0.3531250000000001 0.5875 0.3609375000000001 0.5875
0 0.4609375 0.5609375 0.36406250000000007 0.5609375 0.36406250000000007 0.603125 0.4609375 0.603125
0 0.503125 0.5640625 0.4703125 0.5640625 0.4703125 0.578125 0.503125 0.578125
0 0.521875 0.575 0.5171875 0.575 0.5171875 0.578125 0.521875 0.578125
0 0.5859375 0.565625 0.5484375 0.565625 0.5484375 0.5828125 0.5859375 0.5828125
0 0.715625 0.5671875 0.621875 0.5671875 0.621875 0.578125 0.715625 0.578125
0 0.8296875 0.5593750000000002 0.74375 0.5593750000000002 0.74375 0.5796875000000001 0.8296875 0.5796875000000001
0 0.8828125 0.5593750000000002 0.846875 0.5593750000000002 0.846875 0.5781250000000002 0.8828125 0.5781250000000002
0 0.2578125000000001 0.6109375 0.1218750000000001 0.6109375 0.1218750000000001 0.628125 0.2578125000000001 0.628125
0 0.3312500000000001 0.6078125 0.2828125000000001 0.6078125 0.2828125000000001 0.628125 0.3312500000000001 0.628125
0 0.4421875 0.609375 0.3500000000000001 0.609375 0.3500000000000001 0.6296875 0.4421875 0.6296875
0 0.5984375 0.615625 0.459375 0.615625 0.459375 0.646875 0.5984375 0.646875
0 0.7078125 0.60625 0.61875 0.60625 0.61875 0.6296875 0.7078125 0.6296875
0 0.828125 0.6078125000000001 0.721875 0.6078125 0.721875 0.6296875000000001 0.828125 0.6296875000000002
0 0.2890625000000001 0.6578125 0.11875000000000009 0.6578125 0.11875000000000009 0.7046875 0.2890625000000001 0.7046875
0 0.446875 0.659375 0.3234375000000001 0.659375 0.3234375000000001 0.678125 0.446875 0.678125
0 0.5140625 0.6578125 0.46875 0.6578125 0.46875 0.678125 0.5140625 0.678125
0 0.628125 0.6578125 0.5359375 0.6578125 0.5359375 0.678125 0.628125 0.678125
0 0.7875 0.6578125000000001 0.6421875 0.6578125 0.6421875 0.6984375 0.7875 0.6984375000000002
0 0.8984375 0.6593750000000002 0.80625 0.6593750000000002 0.80625 0.6812500000000001 0.8984375 0.6812500000000001
0 0.9125 0.6796875000000002 0.903125 0.6796875000000002 0.903125 0.6953125000000002 0.9125 0.6953125000000002
0 0.1687500000000001 0.715625 0.12656250000000008 0.715625 0.12656250000000008 0.728125 0.1687500000000001 0.728125
0 0.4000000000000001 0.7 0.19687500000000008 0.7 0.19687500000000008 0.74375 0.4000000000000002 0.74375
0 0.41875000000000007 0.725 0.415625 0.725 0.4156250000000001 0.728125 0.4187500000000002 0.728125