0 0.2125 0.2046875 0.14218750000000005 0.2046875 0.14218750000000005 0.240625 0.2125 0.240625
0 0.2984375 0.209375 0.2359375 0.209375 0.2359375 0.221875 0.2984375 0.221875
0 0.3875 0.20468750000000005 0.3234375 0.2046875 0.3234375 0.22031250000000005 0.3875 0.22031250000000008
0 0.4546875 0.20468750000000008 0.4015625 0.20468750000000008 0.4015625 0.24218750000000008 0.4546875 0.24218750000000008
0 0.6 0.2062500000000001 0.4765625 0.2062500000000001 0.4765625 0.2234375000000001 0.6 0.2234375000000001
0 0.8265625 0.2062500000000001 0.625 0.2062500000000001 0.625 0.2218750000000001 0.8265625 0.2218750000000001
0 0.2078125 0.25625 0.14375000000000004 0.25625 0.14375000000000004 0.2734375 0.2078125 0.2734375
0 0.25 0.25625 0.23125 0.25625 0.23125 0.271875 0.25 0.271875
0 0.2953125 0.2578125 0.2671875 0.2578125 0.2671875 0.2765625 0.2953125 0.2765625
0 0.378125 0.25781250000000006 0.3125 0.2578125 0.3125 0.27343750000000006 0.378125 0.2734375000000001
0 0.5515625 0.2578125000000001 0.4078125 0.2578125000000001 0.4078125 0.2734375000000001 0.5515625 0.2734375000000001
0 0.609375 0.2593750000000001 0.56875 0.2593750000000001 0.56875 0.27031250000000007 0.609375 0.27031250000000007
0 0.66875 0.2562500000000001 0.6203125 0.2562500000000001 0.6203125 0.2718750000000001 0.66875 0.2718750000000001
0 0.7921875 0.25468750000000007 0.684375 0.25468750000000007 0.684375 0.2734375000000001 0.7921875 0.2734375000000001
0 0.8609375 0.25468750000000007 0.8046875 0.25468750000000007 0.8046875 0.2734375000000001 0.8609375 0.2734375000000001
0 0.8734375 0.27031250000000007 0.86875 0.27031250000000007 0.86875 0.2718750000000001 0.8734375 0.2718750000000001
0 0.2640625 0.30625 0.14843750000000006 0.30625 0.14843750000000006 0.34375 0.2640625 0.34375
0 0.3453125 0.3078125 0.2859375 0.3078125 0.2859375 0.3234375 0.3453125 0.3234375
0 0.3859375 0.30937500000000007 0.3734375 0.30937500000000007 0.3734375 0.3234375000000001 0.3859375 0.3234375000000001
0 0.4984375 0.3046875000000001 0.40625 0.3046875000000001 0.40625 0.3265625000000001 0.4984375 0.3265625000000001
0 0.5171875 0.3234375000000001 0.5125 0.3234375000000001 0.5125 0.3312500000000001 0.5171875 0.3312500000000001
0 0.603125 0.3125000000000001 0.525 0.3125000000000001 0.525 0.32500000000000007 0.603125 0.32500000000000007
0 0.734375 0.3046875000000001 0.6265625 0.3046875000000001 0.6265625 0.34843750000000007 0.734375 0.34843750000000007
0 0.821875 0.3062500000000001 0.7453125 0.3062500000000001 0.7453125 0.3453125000000001 0.821875 0.3453125000000001
0 0.21250000000000005 0.3578125 0.14843750000000006 0.3578125 0.14843750000000006 0.3734375 0.21250000000000008 0.3734375
0 0.29218750000000004 0.3609375 0.2359375 0.3609375 0.23593750000000005 0.3734375 0.2921875000000001 0.3734375
0 0.3453125 0.3578125 0.3140625 0.3578125 0.3140625 0.3734375 0.3453125000000001 0.3734375
0 0.425 0.35781250000000003 0.3609375 0.3578125 0.3609375 0.37500000000000006 0.425 0.3750000000000001
0 0.48125 0.3625000000000001 0.4359375 0.3625000000000001 0.4359375 0.3734375000000001 0.48125 0.3734375000000001
0 0.5140625 0.3578125000000001 0.496875 0.3578125000000001 0.496875 0.3734375000000001 0.5140625 0.3734375000000001
0 0.5328125 0.37187500000000007 0.528125 0.37187500000000007 0.528125 0.37968750000000007 0.5328125 0.37968750000000007
0 0.5890625 0.35625000000000007 0.5453125 0.35625000000000007 0.5453125 0.3734375000000001 0.5890625 0.3734375000000001
0 0.6578125 0.3578125000000001 0.6109375 0.3578125000000001 0.6109375 0.3734375000000001 0.6578125 0.3734375000000001
0 0.746875 0.3578125000000001 0.678125 0.3578125000000001 0.678125 0.3734375000000001 0.746875 0.3734375000000001
0 0.871875 0.3593750000000001 0.76875 0.3593750000000001 0.76875 0.3828125000000001 0.871875 0.3828125000000001
0 0.18593750000000003 0.4109375 0.14531250000000004 0.4109375 0.14531250000000004 0.425 0.18593750000000003 0.425
0 0.27812500000000007 0.40625 0.2062500000000001 0.40625 0.2062500000000001 0.45 0.27812500000000007 0.45
0 0.3234375000000001 0.40625 0.3000000000000001 0.40625 0.3000000000000001 0.4296875 0.3234375000000001 0.4296875
0 0.3812500000000001 0.4078125 0.3375000000000001 0.4078125 0.3375000000000001 0.425 0.3812500000000001 0.425
0 0.446875 0.409375 0.3968750000000001 0.409375 0.3968750000000001 0.4265625 0.446875 0.4265625
0 0.4671875 0.41875 0.4609375 0.41875 0.4609375 0.4296875 0.4671875 0.4296875
0 0.521875 0.4078125 0.4765625 0.4078125 0.4765625 0.4265625 0.521875 0.4265625
0 0.625 0.4078125 0.534375 0.4078125 0.534375 0.4265625 0.625 0.4265625
0 0.6890625 0.4109375 0.6359375 0.4109375 0.6359375 0.4375 0.6890625 0.4375
0 0.7078125 0.421875 0.703125 0.421875 0.703125 0.43125 0.7078125 0.43125
0 0.7828125 0.4078125000000001 0.7171875 0.4078125 0.7171875 0.4250000000000001 0.7828125 0.42500000000000016
0 0.884375 0.4078125000000002 0.79375 0.4078125000000002 0.79375 0.44843750000000016 0.884375 0.44843750000000016
0 0.2156250000000001 0.4609375 0.15000000000000005 0.4609375 0.15000000000000005 0.4875 0.2156250000000001 0.4875
0 0.27031250000000007 0.45625 0.23437500000000008 0.45625 0.23437500000000008 0.48125 0.27031250000000007 0.48125
0 0.3437500000000001 0.4578125 0.2906250000000001 0.4578125 0.2906250000000001 0.4765625 0.3437500000000001 0.4765625
0 0.3609375000000001 0.471875 0.35625000000000007 0.471875 0.35625000000000007 0.4734375 0.3609375000000001 0.4734375
0 0.4234375 0.4578125 0.3734375000000001 0.4578125 0.3734375000000001 0.4734375 0.4234375 0.4734375
0 0.5703125 0.459375 0.4375 0.459375 0.4375 0.4765625 0.5703125 0.4765625
0 0.675 0.459375 0.5859375 0.459375 0.5859375 0.4765625 0.675 0.4765625
0 0.73125 0.4609375000000001 0.6875 0.4609375 0.6875 0.48906250000000007 0.73125 0.4890625000000002
0 0.815625 0.4593750000000002 0.7546875 0.4593750000000002 0.7546875 0.4750000000000002 0.815625 0.4750000000000002
0 0.18593750000000003 0.5078125 0.14843750000000006 0.5078125 0.14843750000000006 0.525 0.18593750000000003 0.525
0 0.3546875000000001 0.509375 0.2140625000000001 0.509375 0.2140625000000001 0.5359375 0.3546875000000001 0.5359375
0 0.465625 0.509375 0.3750000000000001 0.509375 0.3750000000000001 0.5265625 0.465625 0.5265625
0 0.546875 0.5109375 0.4875 0.5109375 0.4875 0.5265625 0.546875 0.5265625
0 0.5953125 0.5109375 0.5609375 0.5109375 0.5609375 0.528125 0.5953125 0.528125
0 0.7 0.5109375 0.621875 0.5109375 0.621875 0.5265625 0.7 0.5265625
0 0.8359375 0.5078125000000001 0.7203125 0.5078125 0.7203125 0.5484375000000001 0.8359375 0.5484375000000001
0 0.2828125000000001 0.5578125 0.1515625000000001 0.5578125 0.1515625000000001 0.5921875 0.2828125000000001 0.5921875
0 0.37968750000000007 0.559375 0.3125000000000001 0.559375 0.3125000000000001 0.5765625 0.37968750000000007 0.5765625
0 0.4890625 0.5609375 0.409375 0.5609375 0.409375 0.578125 0.4890625 0.578125
0 0.5625 0.5578125 0.5234375 0.5578125 0.5234375 0.5875 0.5625 0.5875
0 0.79375 0.5593750000000001 0.59375 0.559375 0.59375 0.5781250000000001 0.79375 0.5781250000000002
0 0.2453125000000001 0.6109375 0.15000000000000008 0.6109375 0.15000000000000008 0.628125 0.2453125000000001 0.628125
0 0.3281250000000001 0.6125 0.2796875000000001 0.6125 0.2796875000000001 0.6265625 0.3281250000000001 0.6265625
0 0.43125 0.6109375 0.35625000000000007 0.6109375 0.35625000000000007 0.628125 0.43125 0.628125
0 0.5109375 0.6078125 0.45 0.6078125 0.45 0.628125 0.5109375 0.628125
0 0.6875 0.609375 0.5421875 0.609375 0.5421875 0.6625 0.6875 0.6625
0 0.7046875 0.625 0.7015625 0.625 0.7015625 0.6265625 0.7046875 0.6265625