0 0.2203125 0.1609375 0.16875 0.1609375 0.16875 0.1765625 0.2203125 0.17656250000000004
0 0.2765625 0.16250000000000003 0.2296875 0.16250000000000003 0.2296875 0.17656250000000004 0.2765625 0.17656250000000004
0 0.3484375 0.16250000000000003 0.296875 0.16250000000000003 0.296875 0.17656250000000004 0.3484375 0.17656250000000004
0 0.3859375 0.16250000000000003 0.3671875 0.16250000000000003 0.3671875 0.17500000000000004 0.3859375 0.17500000000000004
0 0.453125 0.16406250000000006 0.4046875 0.16406250000000006 0.4046875 0.17656250000000004 0.453125 0.17656250000000004
0 0.5015625 0.16718750000000004 0.46875 0.16718750000000004 0.46875 0.17656250000000004 0.5015625 0.17656250000000004
0 0.60625 0.16562500000000008 0.5140625 0.16562500000000005 0.5140625 0.17812500000000006 0.60625 0.1781250000000001
0 0.6578125 0.16406250000000008 0.628125 0.16406250000000008 0.628125 0.1828125000000001 0.6578125 0.1828125000000001
0 0.66875 0.17343750000000008 0.659375 0.17343750000000008 0.659375 0.1828125000000001 0.66875 0.1828125000000001
0 0.734375 0.16562500000000008 0.684375 0.16562500000000008 0.684375 0.1765625000000001 0.734375 0.1765625000000001
0 0.8171875 0.16406250000000008 0.7375 0.16406250000000008 0.7375 0.1843750000000001 0.8171875 0.1843750000000001
0 0.17187500000000006 0.2109375 0.15156250000000004 0.2109375 0.15156250000000004 0.228125 0.17187500000000006 0.228125
0 0.2625 0.2125 0.19375000000000003 0.2125 0.19375000000000003 0.2359375 0.2625 0.2359375
0 0.325 0.2171875 0.2921875 0.2171875 0.2921875 0.228125 0.325 0.228125
0 0.4171875 0.21250000000000005 0.3453125 0.2125 0.3453125 0.23437500000000006 0.4171875 0.23437500000000008
0 0.4734375 0.2140625000000001 0.425 0.2140625000000001 0.425 0.22812500000000008 0.4734375 0.22812500000000008
0 0.5734375 0.2156250000000001 0.490625 0.2156250000000001 0.490625 0.22812500000000008 0.5734375 0.22812500000000008
0 0.7171875 0.2140625000000001 0.5984375 0.2140625000000001 0.5984375 0.2328125000000001 0.7171875 0.2328125000000001
0 0.721875 0.2250000000000001 0.7203125 0.2250000000000001 0.7203125 0.22656250000000008 0.721875 0.22656250000000008
0 0.753125 0.2156250000000001 0.7359375 0.2156250000000001 0.7359375 0.22812500000000008 0.753125 0.22812500000000008
0 0.7796875 0.2171875000000001 0.7640625 0.2171875000000001 0.7640625 0.22812500000000008 0.7796875 0.22812500000000008
0 0.846875 0.2156250000000001 0.8 0.2156250000000001 0.8 0.23437500000000008 0.846875 0.23437500000000008
0 0.2109375 0.2625 0.14218750000000005 0.2625 0.14218750000000005 0.2765625 0.2109375 0.2765625
0 0.2453125 0.2625 0.225 0.2625 0.225 0.2765625 0.2453125 0.2765625
0 0.30625 0.26875 0.2578125 0.26875 0.2578125 0.284375 0.30625 0.284375
0 0.3671875 0.26250000000000007 0.3328125 0.2625 0.3328125 0.27656250000000004 0.3671875 0.2765625000000001
0 0.43125 0.2640625000000001 0.3875 0.2640625000000001 0.3875 0.2812500000000001 0.43125 0.2812500000000001
0 0.509375 0.2640625000000001 0.4484375 0.2640625000000001 0.4484375 0.2828125000000001 0.509375 0.2828125000000001
0 0.5671875 0.26250000000000007 0.528125 0.26250000000000007 0.528125 0.2843750000000001 0.5671875 0.2843750000000001
0 0.596875 0.2687500000000001 0.58125 0.2687500000000001 0.58125 0.27812500000000007 0.596875 0.27812500000000007
0 0.659375 0.2640625000000001 0.6140625 0.2640625000000001 0.6140625 0.27812500000000007 0.659375 0.27812500000000007
0 0.715625 0.2640625000000001 0.68125 0.2640625000000001 0.68125 0.2828125000000001 0.715625 0.2828125000000001
0 0.7828125 0.2656250000000001 0.7140625 0.2656250000000001 0.7140625 0.2875000000000001 0.7828125 0.2875000000000001
0 0.2359375 0.3125 0.14062500000000006 0.3125 0.14062500000000006 0.334375 0.2359375 0.334375
0 0.2765625 0.3171875 0.2625 0.3171875 0.2625 0.3265625 0.2765625 0.3265625
0 0.3171875 0.3171875 0.278125 0.3171875 0.278125 0.328125 0.3171875 0.328125
0 0.3734375 0.3140625 0.3359375 0.3140625 0.3359375 0.32656250000000003 0.3734375 0.3265625000000001
0 0.5203125 0.3140625000000001 0.40625 0.3140625000000001 0.40625 0.3359375000000001 0.5203125 0.3359375000000001
0 0.634375 0.3156250000000001 0.5328125 0.3156250000000001 0.5328125 0.3359375000000001 0.634375 0.3359375000000001
0 0.7140625 0.3140625000000001 0.6578125 0.3140625000000001 0.6578125 0.3343750000000001 0.7140625 0.3343750000000001
0 0.7609375 0.3125000000000001 0.7375 0.3125000000000001 0.7375 0.3281250000000001 0.7609375 0.3281250000000001
0 0.8296875 0.3125000000000001 0.771875 0.3125000000000001 0.771875 0.3281250000000001 0.8296875 0.3281250000000001
0 0.834375 0.3265625000000001 0.83125 0.3265625000000001 0.83125 0.3296875000000001 0.834375 0.3296875000000001
0 0.17031250000000003 0.3625 0.14687500000000003 0.3625 0.14687500000000003 0.378125 0.17031250000000003 0.378125
0 0.22031250000000008 0.365625 0.18281250000000004 0.365625 0.18281250000000004 0.3859375 0.22031250000000008 0.3859375
0 0.24531250000000004 0.3625 0.2296875 0.3625 0.22968750000000004 0.3765625 0.2453125000000001 0.3765625
0 0.2796875000000001 0.3640625 0.26250000000000007 0.3640625 0.26250000000000007 0.3765625 0.2796875000000001 0.3765625
0 0.3156250000000001 0.3671875 0.3000000000000001 0.3671875 0.3000000000000001 0.3765625 0.3156250000000001 0.3765625
0 0.421875 0.36562500000000003 0.3343750000000001 0.365625 0.3343750000000001 0.38750000000000007 0.421875 0.38750000000000007
0 0.5578125 0.36406250000000007 0.440625 0.36406250000000007 0.440625 0.3828125000000001 0.5578125 0.3828125000000001
0 0.6390625 0.3671875000000001 0.5828125 0.3671875000000001 0.5828125 0.3843750000000001 0.6390625 0.3843750000000001
0 0.646875 0.3781250000000001 0.6390625 0.3781250000000001 0.6390625 0.3843750000000001 0.646875 0.3843750000000001
0 0.7 0.36406250000000007 0.6671875 0.36406250000000007 0.6671875 0.37968750000000007 0.7 0.37968750000000007
0 0.753125 0.3671875000000001 0.7140625 0.3671875000000001 0.7140625 0.3812500000000001 0.753125 0.3812500000000001
0 0.8265625 0.3656250000000001 0.765625 0.3656250000000001 0.765625 0.37968750000000007 0.8265625 0.37968750000000007
0 0.2406250000000001 0.4140625 0.13750000000000004 0.4140625 0.13750000000000004 0.4359375 0.2406250000000001 0.4359375
0 0.27031250000000007 0.4171875 0.2515625000000001 0.4171875 0.2515625000000001 0.4296875 0.27031250000000007 0.4296875
0 0.3734375000000001 0.415625 0.2921875000000001 0.415625 0.2921875000000001 0.43125 0.3734375000000001 0.43125
0 0.43125 0.415625 0.4 0.415625 0.4 0.428125 0.43125 0.428125
0 0.5 0.4140625 0.45 0.4140625 0.45 0.428125 0.5 0.428125
0 0.590625 0.415625 0.525 0.415625 0.525 0.4296875 0.590625 0.4296875
0 0.6453125 0.415625 0.6171875 0.415625 0.6171875 0.4296875 0.6453125 0.4296875
0 0.6953125 0.4171875 0.6609375 0.4171875 0.6609375 0.4375 0.6953125 0.4375
0 0.784375 0.4156250000000001 0.71875 0.415625 0.71875 0.4312500000000001 0.784375 0.4312500000000002
0 0.17187500000000006 0.465625 0.13437500000000005 0.465625 0.13437500000000005 0.4828125 0.17187500000000006 0.4828125
0 0.2328125000000001 0.4640625 0.18593750000000003 0.4640625 0.18593750000000003 0.4796875 0.2328125000000001 0.4796875
0 0.2968750000000001 0.4640625 0.2593750000000001 0.4640625 0.2593750000000001 0.4796875 0.2968750000000001 0.4796875
0 0.3812500000000001 0.4640625 0.31718750000000007 0.4640625 0.31718750000000007 0.4875 0.3812500000000001 0.4875
0 0.4703125 0.465625 0.4109375 0.465625 0.4109375 0.490625 0.4703125 0.490625
0 0.4875 0.465625 0.4796875 0.465625 0.4796875 0.48125 0.4875 0.48125