0 0.18437500000000004 0.19531250000000003 0.12968750000000004 0.1953125 0.12968750000000004 0.228125 0.18437500000000004 0.228125
0 0.2703125 0.19687500000000005 0.2203125 0.19687500000000005 0.2203125 0.221875 0.2703125 0.221875
0 0.3640625 0.20000000000000004 0.2890625 0.2 0.2890625 0.24375000000000005 0.3640625 0.24375000000000008
0 0.403125 0.2140625000000001 0.378125 0.2140625000000001 0.378125 0.2250000000000001 0.403125 0.2250000000000001
0 0.5375 0.19843750000000004 0.4265625 0.19843750000000004 0.4265625 0.2453125000000001 0.5375 0.2453125000000001
0 0.6984375 0.19687500000000008 0.5703125 0.19687500000000008 0.5703125 0.2453125000000001 0.6984375 0.2453125000000001
0 0.8078125 0.19687500000000008 0.7265625 0.19687500000000008 0.7265625 0.2250000000000001 0.8078125 0.2250000000000001
0 0.915625 0.2000000000000001 0.8359375 0.2000000000000001 0.8359375 0.22656250000000008 0.915625 0.22656250000000008
0 0.221875 0.2609375 0.12187500000000004 0.2609375 0.12187500000000004 0.303125 0.221875 0.303125
0 0.2984375 0.25 0.25625 0.25 0.25625 0.2765625 0.2984375 0.2765625
0 0.375 0.26406250000000003 0.31875 0.2640625 0.31875 0.275 0.375 0.2750000000000001
0 0.41875 0.2468750000000001 0.4 0.2468750000000001 0.4 0.2750000000000001 0.41875 0.2750000000000001
0 0.628125 0.2593750000000001 0.44375 0.2593750000000001 0.44375 0.3000000000000001 0.628125 0.3000000000000001
0 0.7078125 0.2453125000000001 0.65 0.2453125000000001 0.65 0.2718750000000001 0.7078125 0.2718750000000001
0 0.84375 0.2515625000000001 0.7265625 0.2515625000000001 0.7265625 0.27812500000000007 0.84375 0.27812500000000007
0 0.16406250000000006 0.3140625 0.12500000000000006 0.3140625 0.12500000000000006 0.325 0.16406250000000006 0.325
0 0.2234375 0.3015625 0.18281250000000004 0.3015625 0.18281250000000004 0.325 0.2234375 0.325
0 0.3015625 0.3 0.25 0.3 0.25 0.340625 0.3015625 0.340625
0 0.35625 0.3140625 0.3265625 0.3140625 0.3265625 0.321875 0.35625 0.321875
0 0.515625 0.3125000000000001 0.396875 0.3125000000000001 0.396875 0.32500000000000007 0.515625 0.32500000000000007
0 0.6578125 0.30156250000000007 0.559375 0.30156250000000007 0.559375 0.34062500000000007 0.6578125 0.34062500000000007
0 0.690625 0.3203125000000001 0.684375 0.3203125000000001 0.684375 0.3312500000000001 0.690625 0.3312500000000001
0 0.74375 0.3000000000000001 0.7 0.3000000000000001 0.7 0.3265625000000001 0.74375 0.3265625000000001
0 0.8125 0.3000000000000001 0.759375 0.3000000000000001 0.759375 0.3234375000000001 0.8125 0.3234375000000001
0 0.8578125 0.3156250000000001 0.83125 0.3156250000000001 0.83125 0.32500000000000007 0.8578125 0.32500000000000007
0 0.22656250000000006 0.3484375 0.13750000000000004 0.3484375 0.13750000000000004 0.4015625 0.22656250000000008 0.4015625
0 0.30312500000000003 0.35 0.253125 0.35 0.25312500000000004 0.3765625 0.3031250000000001 0.3765625
0 0.35000000000000003 0.346875 0.3296875 0.346875 0.3296875 0.396875 0.3500000000000001 0.396875
0 0.4859375 0.3515625000000001 0.3796875 0.3515625000000001 0.37968750000000007 0.3984375000000001 0.4859375 0.3984375000000001
0 0.5515625 0.3656250000000001 0.5125 0.3656250000000001 0.5125 0.3765625000000001 0.5515625 0.3765625000000001
0 0.596875 0.34843750000000007 0.565625 0.34843750000000007 0.565625 0.37968750000000007 0.596875 0.37968750000000007
0 0.7109375 0.3531250000000001 0.615625 0.3531250000000001 0.615625 0.3781250000000001 0.7109375 0.3781250000000001
0 0.759375 0.3500000000000001 0.7359375 0.3500000000000001 0.7359375 0.3937500000000001 0.759375 0.3937500000000001
0 0.8171875 0.34843750000000007 0.775 0.34843750000000007 0.775 0.37968750000000007 0.8171875 0.37968750000000007
0 0.2828125000000001 0.3984375 0.13281250000000006 0.3984375 0.13281250000000006 0.428125 0.2828125000000001 0.428125
0 0.33281250000000007 0.39375 0.3078125000000001 0.39375 0.3078125000000001 0.4328125 0.33281250000000007 0.4328125
0 0.3703125000000001 0.4140625 0.3515625000000001 0.4140625 0.3515625000000001 0.425 0.3703125000000001 0.425
0 0.484375 0.4109375 0.4046875 0.4109375 0.4046875 0.44375 0.484375 0.44375
0 0.5625 0.3968750000000001 0.5125 0.3968750000000001 0.5125 0.4265625 0.5625 0.4265625
0 0.5765625 0.4234375 0.5734375 0.4234375 0.5734375 0.4265625 0.5765625 0.4265625
0 0.625 0.4015625 0.5984375 0.4015625 0.5984375 0.4265625 0.625 0.4265625
0 0.6921875 0.41875 0.65625 0.41875 0.65625 0.428125 0.6921875 0.428125
0 0.840625 0.39531250000000007 0.715625 0.39531250000000007 0.715625 0.4468750000000001 0.840625 0.4468750000000002
0 0.24375000000000008 0.4546875 0.12968750000000004 0.4546875 0.12968750000000004 0.503125 0.24375000000000008 0.503125
0 0.26250000000000007 0.4703125 0.2593750000000001 0.4703125 0.2593750000000001 0.4828125 0.26250000000000007 0.4828125
0 0.3546875000000001 0.4515625 0.2843750000000001 0.4515625 0.2843750000000001 0.5015625 0.3546875000000001 0.5015625
0 0.403125 0.4734375 0.3703125000000001 0.4734375 0.3703125000000001 0.48125 0.403125 0.48125
0 0.490625 0.4671875 0.4390625 0.4671875 0.4390625 0.478125 0.490625 0.478125
0 0.5640625 0.46875 0.528125 0.46875 0.528125 0.478125 0.5640625 0.478125
0 0.68125 0.446875 0.5875 0.446875 0.5875 0.503125 0.68125 0.503125
0 0.7390625 0.4453125000000001 0.7203125 0.4453125 0.7203125 0.4703125000000001 0.7390625 0.4703125000000002
0 0.828125 0.46093750000000017 0.7625 0.46093750000000017 0.7625 0.4906250000000002 0.828125 0.4906250000000002
0 0.21250000000000008 0.509375 0.12500000000000006 0.509375 0.12500000000000006 0.5578125 0.21250000000000008 0.5578125
0 0.3000000000000001 0.5015625 0.2484375000000001 0.5015625 0.2484375000000001 0.5265625 0.3000000000000001 0.5265625
0 0.3937500000000001 0.5 0.3218750000000001 0.5 0.3218750000000001 0.5453125 0.3937500000000001 0.5453125
0 0.5046875 0.4984375 0.4375 0.4984375 0.4375 0.540625 0.5046875 0.540625
0 0.65625 0.4984375 0.5421875 0.4984375 0.5421875 0.528125 0.65625 0.528125
0 0.6859375 0.521875 0.6828125 0.521875 0.6828125 0.525 0.6859375 0.525
0 0.765625 0.5000000000000001 0.7078125 0.5 0.7078125 0.5281250000000001 0.765625 0.5281250000000002
0 0.85 0.5140625000000002 0.778125 0.5140625000000002 0.778125 0.5265625000000002 0.85 0.5265625000000002
0 0.2531250000000001 0.553125 0.1671875000000001 0.553125 0.1671875000000001 0.5796875 0.2531250000000001 0.5796875
0 0.4984375 0.546875 0.3109375000000001 0.546875 0.3109375000000001 0.609375 0.4984375 0.609375
0 0.56875 0.565625 0.5234375 0.565625 0.5234375 0.5796875 0.56875 0.5796875
0 0.615625 0.565625 0.5953125 0.565625 0.5953125 0.5765625 0.615625 0.5765625
0 0.784375 0.5468750000000001 0.6484375 0.546875 0.6484375 0.5765625000000001 0.784375 0.5765625000000002
0 0.828125 0.5484375000000001 0.8078125 0.5484375000000001 0.8078125 0.5968750000000002 0.828125 0.5968750000000002
0 0.878125 0.5484375000000001 0.84375 0.5484375000000001 0.84375 0.5750000000000002 0.878125 0.5750000000000002
0 0.24218750000000008 0.6046875 0.1765625000000001 0.6046875 0.1765625000000001 0.6296875 0.24218750000000008 0.6296875
0 0.3671875000000001 0.603125 0.2906250000000001 0.603125 0.2906250000000001 0.6265625 0.3671875000000001 0.6265625
0 0.4171875 0.6015625 0.3703125000000001 0.6015625 0.3703125000000001 0.6296875 0.4171875 0.6296875