0 0.18281250000000004 0.2046875 0.13750000000000004 0.2046875 0.13750000000000004 0.21875 0.18281250000000004 0.21875
0 0.26875 0.209375 0.2109375 0.209375 0.2109375 0.234375 0.26875 0.234375
0 0.4421875 0.20781250000000004 0.296875 0.2078125 0.296875 0.22812500000000005 0.4421875 0.22812500000000008
0 0.4828125 0.2093750000000001 0.46875 0.2093750000000001 0.46875 0.2218750000000001 0.4828125 0.2218750000000001
0 0.6078125 0.2093750000000001 0.5109375 0.2093750000000001 0.5109375 0.2296875000000001 0.6078125 0.2296875000000001
0 0.6796875 0.21093750000000008 0.6109375 0.21093750000000008 0.6109375 0.22656250000000008 0.6796875 0.22656250000000008
0 0.759375 0.21250000000000008 0.703125 0.21250000000000008 0.703125 0.2250000000000001 0.759375 0.2250000000000001
0 0.76875 0.2234375000000001 0.7640625 0.2234375000000001 0.7640625 0.2296875000000001 0.76875 0.2296875000000001
0 0.8421875 0.21250000000000008 0.778125 0.21250000000000008 0.778125 0.22656250000000008 0.8421875 0.22656250000000008
0 0.18281250000000004 0.2609375 0.13906250000000003 0.2609375 0.13906250000000003 0.2703125 0.18281250000000004 0.2703125
0 0.3 0.2640625 0.21875 0.2640625 0.21875 0.2859375 0.3 0.2859375
0 0.4421875 0.26406250000000003 0.334375 0.2640625 0.334375 0.275 0.4421875 0.2750000000000001
0 0.453125 0.27031250000000007 0.45 0.27031250000000007 0.45 0.2734375000000001 0.453125 0.2734375000000001
0 0.5515625 0.26250000000000007 0.475 0.26250000000000007 0.475 0.2750000000000001 0.5515625 0.2750000000000001
0 0.59375 0.2609375000000001 0.5734375 0.2609375000000001 0.5734375 0.2750000000000001 0.59375 0.2750000000000001
0 0.6296875 0.2640625000000001 0.6125 0.2640625000000001 0.6125 0.27812500000000007 0.6296875 0.27812500000000007
0 0.7203125 0.26250000000000007 0.6546875 0.26250000000000007 0.6546875 0.2875000000000001 0.7203125 0.2875000000000001
0 0.7984375 0.2687500000000001 0.740625 0.2687500000000001 0.740625 0.27812500000000007 0.7984375 0.27812500000000007
0 0.253125 0.3125 0.13906250000000003 0.3125 0.13906250000000003 0.3234375 0.253125 0.3234375
0 0.38125 0.3140625 0.2875 0.3140625 0.2875 0.3375 0.38125 0.3375000000000001
0 0.4109375 0.3140625000000001 0.40625 0.3140625000000001 0.40625 0.3312500000000001 0.4109375 0.3312500000000001
0 0.4546875 0.3109375000000001 0.4359375 0.3109375000000001 0.4359375 0.3265625000000001 0.4546875 0.3265625000000001
0 0.553125 0.3125000000000001 0.4765625 0.3125000000000001 0.4765625 0.3296875000000001 0.553125 0.3296875000000001
0 0.665625 0.3140625000000001 0.58125 0.3140625000000001 0.58125 0.3359375000000001 0.665625 0.3359375000000001
0 0.7140625 0.3156250000000001 0.690625 0.3156250000000001 0.690625 0.3281250000000001 0.7140625 0.3281250000000001
0 0.8453125 0.3156250000000001 0.7359375 0.3156250000000001 0.7359375 0.34062500000000007 0.8453125 0.34062500000000007
0 0.32343750000000004 0.35625 0.13906250000000003 0.35625 0.13906250000000003 0.375 0.3234375000000001 0.375
0 0.4625 0.3593750000000001 0.36875 0.3593750000000001 0.36875 0.3859375000000001 0.4625 0.3859375000000001
0 0.6515625 0.36406250000000007 0.50625 0.36406250000000007 0.50625 0.3781250000000001 0.6515625 0.3781250000000001
0 0.75 0.36406250000000007 0.675 0.36406250000000007 0.675 0.3781250000000001 0.75 0.3781250000000001
0 0.7921875 0.3703125000000001 0.775 0.3703125000000001 0.775 0.37187500000000007 0.7921875 0.37187500000000007
0 0.2765625000000001 0.4109375 0.13906250000000003 0.4109375 0.13906250000000003 0.4328125 0.2765625000000001 0.4328125
0 0.2921875000000001 0.4265625 0.2890625000000001 0.4265625 0.2890625000000001 0.434375 0.2921875000000001 0.434375
0 0.440625 0.4140625 0.3125000000000001 0.4140625 0.3125000000000001 0.4421875 0.440625 0.4421875
0 0.4640625 0.425 0.4609375 0.425 0.4609375 0.4328125 0.4640625 0.4328125
0 0.5984375 0.4203125 0.490625 0.4203125 0.490625 0.4421875 0.5984375 0.4421875
0 0.7 0.415625 0.6234375 0.415625 0.6234375 0.4296875 0.7 0.4296875
0 0.715625 0.428125 0.7125 0.428125 0.7125 0.434375 0.715625 0.434375
0 0.790625 0.41406250000000017 0.7296875 0.41406250000000017 0.7296875 0.43281250000000016 0.790625 0.43281250000000016
0 0.8046875 0.4265625000000002 0.8015625 0.4265625000000002 0.8015625 0.4312500000000002 0.8046875 0.4312500000000002
0 0.8609375 0.41718750000000016 0.8171875 0.41718750000000016 0.8171875 0.4312500000000002 0.8609375 0.4312500000000002
0 0.8765625 0.4203125000000002 0.8703125 0.4203125000000002 0.8703125 0.43750000000000017 0.8765625 0.43750000000000017
0 0.14843750000000006 0.4625 0.13281250000000006 0.4625 0.13281250000000006 0.4765625 0.14843750000000006 0.4765625
0 0.2968750000000001 0.4640625 0.18125000000000005 0.4640625 0.18125000000000005 0.4796875 0.2968750000000001 0.4796875
0 0.4359375 0.4640625 0.33281250000000007 0.4640625 0.33281250000000007 0.48125 0.4359375 0.48125
0 0.4890625 0.465625 0.465625 0.465625 0.465625 0.478125 0.4890625 0.478125
0 0.5515625 0.4671875 0.51875 0.4671875 0.51875 0.478125 0.5515625 0.478125
0 0.725 0.465625 0.584375 0.465625 0.584375 0.4796875 0.725 0.4796875
0 0.846875 0.46875000000000017 0.74375 0.46875000000000017 0.74375 0.4968750000000002 0.846875 0.4968750000000002
0 0.2531250000000001 0.5109375 0.13125000000000003 0.5109375 0.13125000000000003 0.5390625 0.2531250000000001 0.5390625
0 0.2718750000000001 0.5171875 0.2640625000000001 0.5171875 0.2640625000000001 0.5375 0.2718750000000001 0.5375
0 0.3203125000000001 0.5125 0.3046875000000001 0.5125 0.3046875000000001 0.5296875 0.3203125000000001 0.5296875
0 0.3765625000000001 0.5140625 0.3546875000000001 0.5140625 0.3546875000000001 0.5296875 0.3765625000000001 0.5296875
0 0.4515625 0.515625 0.403125 0.515625 0.403125 0.5296875 0.4515625 0.5296875
0 0.6375 0.5171875 0.48125 0.5171875 0.48125 0.5390625 0.6375 0.5390625
0 0.7390625 0.5171875000000001 0.659375 0.5171875 0.659375 0.534375 0.7390625 0.5343750000000002
0 0.853125 0.5171875000000001 0.778125 0.5171875000000001 0.778125 0.5328125000000001 0.853125 0.5328125000000001
0 0.2015625000000001 0.5640625 0.1281250000000001 0.5640625 0.1281250000000001 0.5796875 0.2015625000000001 0.5796875
0 0.3906250000000001 0.565625 0.2484375000000001 0.565625 0.2484375000000001 0.58125 0.3906250000000001 0.58125
0 0.409375 0.571875 0.403125 0.571875 0.403125 0.5875 0.409375 0.5875
0 0.4546875 0.565625 0.4390625 0.565625 0.4390625 0.5796875 0.4546875 0.5796875
0 0.5015625 0.5671875 0.4828125 0.5671875 0.4828125 0.58125 0.5015625 0.58125
0 0.5421875 0.571875 0.5265625 0.571875 0.5265625 0.5796875 0.5421875 0.5796875
0 0.690625 0.5671875 0.56875 0.5671875 0.56875 0.590625 0.690625 0.590625
0 0.846875 0.5687500000000001 0.7171875 0.56875 0.7171875 0.5828125000000001 0.846875 0.5828125000000002
0 0.15000000000000008 0.615625 0.12656250000000008 0.615625 0.12656250000000008 0.6296875 0.15000000000000008 0.6296875
0 0.26250000000000007 0.6171875 0.1859375000000001 0.6171875 0.1859375000000001 0.6296875 0.26250000000000007 0.6296875
0 0.36406250000000007 0.615625 0.2953125000000001 0.615625 0.2953125000000001 0.6296875 0.36406250000000007 0.6296875
0 0.38750000000000007 0.6203125 0.3781250000000001 0.6203125 0.3781250000000001 0.6375 0.38750000000000007 0.6375
0 0.4796875 0.6203125 0.421875 0.6203125 0.421875 0.63125 0.4796875 0.63125
0 0.503125 0.6296875 0.5 0.6296875 0.5 0.634375 0.503125 0.634375
0 0.6828125 0.6171875 0.525 0.6171875 0.525 0.646875 0.6828125 0.646875
0 0.7296875 0.6187500000000001 0.709375 0.61875 0.709375 0.6343750000000001 0.7296875 0.6343750000000001
0 0.8234375 0.6203125000000002 0.753125 0.6203125000000002 0.753125 0.6328125000000002 0.8234375 0.6328125000000002
0 0.2156250000000001 0.665625 0.12500000000000008 0.665625 0.12500000000000008 0.6828125 0.2156250000000001 0.6828125
0 0.2671875000000001 0.6734375 0.2500000000000001 0.6734375 0.2500000000000001 0.6828125 0.2671875000000001 0.6828125
0 0.40625 0.665625 0.3000000000000001 0.665625 0.3000000000000001 0.68125 0.40625 0.68125
0 0.5734375 0.665625 0.4421875 0.665625 0.4421875 0.68125 0.5734375 0.68125
0 0.640625 0.6625 0.60625 0.6625 0.60625 0.690625 0.640625 0.690625
0 0.7359375 0.6734375000000001 0.6734375 0.6734375 0.6734375 0.6828125 0.7359375 0.6828125000000002
0 0.753125 0.6812500000000001 0.75 0.6812500000000001 0.75 0.6890625000000001 0.753125 0.6890625000000001
0 0.7921875 0.6640625000000002 0.775 0.6640625000000002 0.775 0.6828125000000002 0.7921875 0.6828125000000002
0 0.840625 0.6656250000000001 0.8171875 0.6656250000000001 0.8171875 0.6828125000000002 0.840625 0.6828125000000002
0 0.1687500000000001 0.715625 0.1359375000000001 0.715625 0.1359375000000001 0.73125 0.1687500000000001 0.73125
0 0.30937500000000007 0.7203125 0.2234375000000001 0.7203125 0.2234375000000001 0.7328125 0.30937500000000007 0.7328125
0 0.41875000000000007 0.7203125 0.3531250000000001 0.7203125 0.3531250000000001 0.7328125 0.4187500000000002 0.7328125
0 0.5515625000000001 0.715625 0.4546875 0.715625 0.4546875000000001 0.7453125 0.5515625000000002 0.7453125
0 0.7046875000000001 0.71875 0.584375 0.71875 0.5843750000000001 0.734375 0.7046875000000001 0.734375
0 0.825 0.7234375000000002 0.7375 0.7234375000000002 0.7375 0.7468750000000002 0.825 0.7468750000000002
0 0.8375 0.7312500000000002 0.834375 0.7312500000000002 0.834375 0.7328125000000002 0.8375 0.7328125000000002