0 0.17500000000000004 0.2140625 0.14531250000000004 0.2140625 0.14531250000000004 0.2359375 0.17500000000000004 0.2359375
0 0.3140625 0.21875 0.2140625 0.21875 0.2140625 0.246875 0.3140625 0.246875
0 0.384375 0.21875000000000006 0.3453125 0.21875 0.3453125 0.23281250000000003 0.384375 0.2328125000000001
0 0.4421875 0.21093750000000008 0.403125 0.21093750000000008 0.403125 0.23437500000000008 0.4421875 0.23437500000000008
0 0.4546875 0.23437500000000008 0.4484375 0.23437500000000008 0.4484375 0.2406250000000001 0.4546875 0.2406250000000001
0 0.5515625 0.2218750000000001 0.48125 0.2218750000000001 0.48125 0.23437500000000008 0.5515625 0.23437500000000008
0 0.6171875 0.22031250000000008 0.5734375 0.22031250000000008 0.5734375 0.23437500000000008 0.6171875 0.23437500000000008
0 0.7375 0.20468750000000008 0.6421875 0.20468750000000008 0.6421875 0.2515625000000001 0.7375 0.2515625000000001
0 0.7828125 0.2156250000000001 0.7625 0.2156250000000001 0.7625 0.2296875000000001 0.7828125 0.2296875000000001
0 0.8375 0.2140625000000001 0.7984375 0.2140625000000001 0.7984375 0.2328125000000001 0.8375 0.2328125000000001
0 0.2 0.2640625 0.14062500000000006 0.2640625 0.14062500000000006 0.2859375 0.2 0.2859375
0 0.2546875 0.2625 0.23125 0.2625 0.23125 0.284375 0.2546875 0.284375
0 0.30625 0.2671875 0.265625 0.2671875 0.265625 0.2875 0.30625 0.2875
0 0.3859375 0.27031250000000007 0.3296875 0.2703125 0.3296875 0.28437500000000004 0.3859375 0.2843750000000001
0 0.4640625 0.2718750000000001 0.4078125 0.2718750000000001 0.4078125 0.2843750000000001 0.4640625 0.2843750000000001
0 0.559375 0.2515625000000001 0.4984375 0.2515625000000001 0.4984375 0.2843750000000001 0.559375 0.2843750000000001
0 0.5984375 0.2718750000000001 0.5859375 0.2718750000000001 0.5859375 0.2843750000000001 0.5984375 0.2843750000000001
0 0.65 0.2578125000000001 0.6140625 0.2578125000000001 0.6140625 0.2828125000000001 0.65 0.2828125000000001
0 0.7 0.2671875000000001 0.6703125 0.2671875000000001 0.6703125 0.2828125000000001 0.7 0.2828125000000001
0 0.7734375 0.2609375000000001 0.71875 0.2609375000000001 0.71875 0.2828125000000001 0.7734375 0.2828125000000001
0 0.8453125 0.2656250000000001 0.796875 0.2656250000000001 0.796875 0.2828125000000001 0.8453125 0.2828125000000001
0 0.18281250000000004 0.3078125 0.13906250000000003 0.3078125 0.13906250000000003 0.3359375 0.18281250000000004 0.3359375
0 0.228125 0.3203125 0.209375 0.3203125 0.209375 0.334375 0.228125 0.334375
0 0.2984375 0.3140625 0.246875 0.3140625 0.246875 0.3375 0.2984375 0.3375
0 0.3625 0.3203125 0.328125 0.3203125 0.328125 0.3359375 0.3625 0.3359375
0 0.4984375 0.3078125000000001 0.3875 0.3078125000000001 0.3875 0.3437500000000001 0.4984375 0.3437500000000001
0 0.55 0.30937500000000007 0.503125 0.30937500000000007 0.503125 0.3453125000000001 0.55 0.3453125000000001
0 0.64375 0.3140625000000001 0.5734375 0.3140625000000001 0.5734375 0.3343750000000001 0.64375 0.3343750000000001
0 0.6484375 0.3312500000000001 0.6453125 0.3312500000000001 0.6453125 0.33281250000000007 0.6484375 0.33281250000000007
0 0.728125 0.3125000000000001 0.6640625 0.3125000000000001 0.6640625 0.33281250000000007 0.728125 0.33281250000000007
0 0.7890625 0.3218750000000001 0.753125 0.3218750000000001 0.753125 0.33281250000000007 0.7890625 0.33281250000000007
0 0.8390625 0.3109375000000001 0.8046875 0.3109375000000001 0.8046875 0.3312500000000001 0.8390625 0.3312500000000001
0 0.19375000000000003 0.3625 0.13906250000000003 0.3625 0.13906250000000003 0.3890625 0.19375000000000003 0.3890625
0 0.24531250000000004 0.3625 0.2265625 0.3625 0.22656250000000006 0.4 0.2453125000000001 0.4
0 0.3578125000000001 0.36875 0.27031250000000007 0.36875 0.27031250000000007 0.4015625 0.3578125000000001 0.4015625
0 0.4375 0.3625000000000001 0.3875 0.3625000000000001 0.38750000000000007 0.3843750000000001 0.4375 0.3843750000000001
0 0.5625 0.3625000000000001 0.459375 0.3625000000000001 0.459375 0.4015625 0.5625 0.4015625
0 0.6359375 0.3656250000000001 0.59375 0.3656250000000001 0.59375 0.3843750000000001 0.6359375 0.3843750000000001
0 0.7296875 0.37187500000000007 0.6625 0.37187500000000007 0.6625 0.3984375000000001 0.7296875 0.3984375000000001
0 0.790625 0.3546875000000001 0.7546875 0.3546875000000001 0.7546875 0.3859375000000001 0.790625 0.3859375000000001
0 0.85 0.3625000000000001 0.796875 0.3625000000000001 0.796875 0.3828125000000001 0.85 0.3828125000000001
0 0.18125000000000005 0.425 0.13906250000000003 0.425 0.13906250000000003 0.440625 0.18125000000000005 0.440625
0 0.22812500000000008 0.4265625 0.2093750000000001 0.4265625 0.2093750000000001 0.4375 0.22812500000000008 0.4375
0 0.3218750000000001 0.41875 0.25468750000000007 0.41875 0.25468750000000007 0.4375 0.3218750000000001 0.4375
0 0.36406250000000007 0.4171875 0.3468750000000001 0.4171875 0.3468750000000001 0.4359375 0.36406250000000007 0.4359375
0 0.440625 0.41875 0.3890625000000001 0.41875 0.3890625000000001 0.4546875 0.440625 0.4546875
0 0.471875 0.421875 0.459375 0.421875 0.459375 0.4359375 0.471875 0.4359375
0 0.4828125 0.43125 0.478125 0.43125 0.478125 0.4328125 0.4828125 0.4328125
0 0.55625 0.4140625 0.4984375 0.4140625 0.4984375 0.434375 0.55625 0.434375
0 0.65 0.4234375 0.6015625 0.4234375 0.6015625 0.434375 0.65 0.434375
0 0.7203125 0.41875 0.66875 0.41875 0.66875 0.434375 0.7203125 0.434375
0 0.8109375 0.41718750000000016 0.746875 0.41718750000000016 0.746875 0.4343750000000002 0.8109375 0.4343750000000002
0 0.18281250000000004 0.4765625 0.14531250000000004 0.4765625 0.14531250000000004 0.490625 0.18281250000000004 0.490625
0 0.2734375000000001 0.4703125 0.21093750000000008 0.4703125 0.21093750000000008 0.490625 0.2734375000000001 0.490625
0 0.3937500000000001 0.46875 0.2984375000000001 0.46875 0.2984375000000001 0.4875 0.3937500000000001 0.4875
0 0.4421875 0.4765625 0.4234375 0.4765625 0.4234375 0.4875 0.4421875 0.4875
0 0.51875 0.46875 0.471875 0.46875 0.471875 0.4953125 0.51875 0.4953125
0 0.6046875 0.4640625 0.54375 0.4640625 0.54375 0.4859375 0.6046875 0.4859375
0 0.6734375 0.4703125 0.6265625 0.4703125 0.6265625 0.484375 0.6734375 0.484375
0 0.721875 0.46875 0.7015625 0.46875 0.7015625 0.4859375 0.721875 0.4859375
0 0.865625 0.46093750000000017 0.74375 0.46093750000000017 0.74375 0.48437500000000017 0.865625 0.48437500000000017
0 0.27812500000000007 0.51875 0.14687500000000003 0.51875 0.14687500000000003 0.540625 0.27812500000000007 0.540625
0 0.403125 0.5203125 0.3156250000000001 0.5203125 0.3156250000000001 0.5578125 0.403125 0.5578125
0 0.46875 0.525 0.4484375 0.525 0.4484375 0.5359375 0.46875 0.5359375
0 0.521875 0.5234375 0.4859375 0.5234375 0.4859375 0.5375 0.521875 0.5375
0 0.621875 0.515625 0.5546875 0.515625 0.5546875 0.5359375 0.621875 0.5359375
0 0.746875 0.5156250000000001 0.6609375 0.515625 0.6609375 0.5390625000000001 0.746875 0.5390625000000002
0 0.8578125 0.5156250000000002 0.7875 0.5156250000000002 0.7875 0.5375000000000002 0.8578125 0.5375000000000002
0 0.8625 0.5312500000000002 0.859375 0.5312500000000002 0.859375 0.5328125000000001 0.8625 0.5328125000000001