0 0.18750000000000006 0.2015625 0.15937500000000004 0.2015625 0.15937500000000004 0.2203125 0.18750000000000006 0.2203125
0 0.24375 0.2015625 0.209375 0.2015625 0.209375 0.2203125 0.24375 0.2203125
0 0.321875 0.2 0.2546875 0.2 0.2546875 0.23125 0.321875 0.23125
0 0.3671875 0.20937500000000003 0.3359375 0.209375 0.3359375 0.22031250000000005 0.3671875 0.22031250000000008
0 0.45 0.20312500000000008 0.3796875 0.20312500000000008 0.3796875 0.2250000000000001 0.45 0.2250000000000001
0 0.5390625 0.20312500000000008 0.4703125 0.20312500000000008 0.4703125 0.2328125000000001 0.5390625 0.2328125000000001
0 0.628125 0.2015625000000001 0.55 0.2015625000000001 0.55 0.22812500000000008 0.628125 0.22812500000000008
0 0.7046875 0.20312500000000008 0.640625 0.20312500000000008 0.640625 0.2296875000000001 0.7046875 0.2296875000000001
0 0.75625 0.1984375000000001 0.715625 0.1984375000000001 0.715625 0.22031250000000008 0.75625 0.22031250000000008
0 0.846875 0.2000000000000001 0.7765625 0.2000000000000001 0.7765625 0.22656250000000008 0.846875 0.22656250000000008
0 0.85625 0.22031250000000008 0.853125 0.22031250000000008 0.853125 0.22656250000000008 0.85625 0.22656250000000008
0 0.2203125 0.2515625 0.16093750000000004 0.2515625 0.16093750000000004 0.2703125 0.2203125 0.2703125
0 0.3125 0.25625 0.2390625 0.25625 0.2390625 0.2734375 0.3125 0.2734375
0 0.4625 0.25625000000000003 0.334375 0.25625 0.334375 0.27343750000000006 0.4625 0.2734375000000001
0 0.5046875 0.2562500000000001 0.4796875 0.2562500000000001 0.4796875 0.2718750000000001 0.5046875 0.2718750000000001
0 0.553125 0.25468750000000007 0.51875 0.25468750000000007 0.51875 0.2718750000000001 0.553125 0.2718750000000001
0 0.615625 0.2531250000000001 0.56875 0.2531250000000001 0.56875 0.2718750000000001 0.615625 0.2718750000000001
0 0.6734375 0.2609375000000001 0.6296875 0.2609375000000001 0.6296875 0.2718750000000001 0.6734375 0.2718750000000001
0 0.70625 0.2531250000000001 0.6828125 0.2531250000000001 0.6828125 0.2718750000000001 0.70625 0.2718750000000001
0 0.7984375 0.2593750000000001 0.721875 0.2593750000000001 0.721875 0.2718750000000001 0.7984375 0.2718750000000001
0 0.821875 0.2609375000000001 0.8078125 0.2609375000000001 0.8078125 0.27031250000000007 0.821875 0.27031250000000007
0 0.890625 0.2562500000000001 0.8375 0.2562500000000001 0.8375 0.2718750000000001 0.890625 0.2718750000000001
0 0.3296875 0.3 0.16406250000000006 0.3 0.16406250000000006 0.3296875 0.3296875 0.3296875
0 0.340625 0.3125 0.33125 0.3125 0.33125 0.321875 0.340625 0.321875
0 0.40625 0.30468750000000006 0.359375 0.3046875 0.359375 0.32343750000000004 0.40625 0.3234375000000001
0 0.49375 0.3046875000000001 0.4203125 0.3046875000000001 0.4203125 0.3265625000000001 0.49375 0.3265625000000001
0 0.546875 0.3109375000000001 0.5140625 0.3109375000000001 0.5140625 0.3234375000000001 0.546875 0.3234375000000001
0 0.603125 0.3046875000000001 0.5515625 0.3046875000000001 0.5515625 0.3312500000000001 0.603125 0.3312500000000001
0 0.6375 0.3031250000000001 0.6046875 0.3031250000000001 0.6046875 0.3234375000000001 0.6375 0.3234375000000001
0 0.6765625 0.3078125000000001 0.6484375 0.3078125000000001 0.6484375 0.3312500000000001 0.6765625 0.3312500000000001
0 0.7390625 0.3031250000000001 0.6890625 0.3031250000000001 0.6890625 0.3265625000000001 0.7390625 0.3265625000000001
0 0.809375 0.3109375000000001 0.7546875 0.3109375000000001 0.7546875 0.32500000000000007 0.809375 0.32500000000000007
0 0.8875 0.3062500000000001 0.81875 0.3062500000000001 0.81875 0.3296875000000001 0.8875 0.3296875000000001
0 0.19218750000000004 0.35625 0.15000000000000005 0.35625 0.15000000000000005 0.371875 0.19218750000000004 0.371875
0 0.23750000000000004 0.3578125 0.2296875 0.3578125 0.22968750000000004 0.3734375 0.2375000000000001 0.3734375
0 0.27968750000000003 0.3578125 0.25 0.3578125 0.25000000000000006 0.3765625 0.2796875000000001 0.3765625
0 0.32031250000000006 0.353125 0.2890625 0.353125 0.28906250000000006 0.3734375 0.3203125000000001 0.3734375
0 0.36718750000000006 0.353125 0.3453125 0.353125 0.3453125 0.38281250000000006 0.3671875000000001 0.3828125000000001
0 0.4140625 0.3546875000000001 0.3890625 0.3546875000000001 0.38906250000000003 0.3734375000000001 0.4140625 0.3734375000000001
0 0.4421875 0.35625000000000007 0.421875 0.35625000000000007 0.421875 0.3750000000000001 0.4421875 0.3750000000000001
0 0.48125 0.3546875000000001 0.459375 0.3546875000000001 0.459375 0.3812500000000001 0.48125 0.3812500000000001
0 0.5234375 0.35625000000000007 0.5 0.35625000000000007 0.5 0.3734375000000001 0.5234375 0.3734375000000001
0 0.5546875 0.3546875000000001 0.525 0.3546875000000001 0.525 0.3734375000000001 0.5546875 0.3734375000000001
0 0.621875 0.3531250000000001 0.56875 0.3531250000000001 0.56875 0.3734375000000001 0.621875 0.3734375000000001
0 0.671875 0.3515625000000001 0.6375 0.3515625000000001 0.6375 0.3781250000000001 0.671875 0.3781250000000001
0 0.721875 0.3500000000000001 0.68125 0.3500000000000001 0.68125 0.37187500000000007 0.721875 0.37187500000000007
0 0.765625 0.3515625000000001 0.73125 0.3515625000000001 0.73125 0.37187500000000007 0.765625 0.37187500000000007
0 0.8484375 0.3609375000000001 0.7828125 0.3609375000000001 0.7828125 0.3750000000000001 0.8484375 0.3750000000000001
0 0.8734375 0.3609375000000001 0.846875 0.3609375000000001 0.846875 0.37187500000000007 0.8734375 0.37187500000000007
0 0.909375 0.3531250000000001 0.8828125 0.3531250000000001 0.8828125 0.37187500000000007 0.909375 0.37187500000000007
0 0.9203125 0.3546875000000001 0.9046875 0.3546875000000001 0.9046875 0.3734375000000001 0.9203125 0.3734375000000001
0 0.9234375 0.3703125000000001 0.9140625 0.3703125000000001 0.9140625 0.3781250000000001 0.9234375 0.3781250000000001
0 0.18281250000000004 0.4046875 0.14375000000000004 0.4046875 0.14375000000000004 0.425 0.18281250000000004 0.425
0 0.22031250000000008 0.40625 0.2000000000000001 0.40625 0.2000000000000001 0.425 0.22031250000000008 0.425
0 0.27031250000000007 0.403125 0.2406250000000001 0.403125 0.2406250000000001 0.434375 0.27031250000000007 0.434375
0 0.3437500000000001 0.403125 0.2921875000000001 0.403125 0.2921875000000001 0.425 0.3437500000000001 0.425
0 0.3500000000000001 0.4203125 0.3468750000000001 0.4203125 0.3468750000000001 0.4234375 0.3500000000000001 0.4234375