0 0.19687500000000005 0.20625 0.14375000000000004 0.20625 0.14375000000000004 0.2359375 0.19687500000000005 0.2359375
0 0.271875 0.2125 0.2265625 0.2125 0.2265625 0.2359375 0.271875 0.2359375
0 0.36875 0.22031250000000005 0.30625 0.2203125 0.30625 0.24531250000000004 0.36875 0.2453125000000001
0 0.4421875 0.2140625000000001 0.4078125 0.2140625000000001 0.4078125 0.23437500000000008 0.4421875 0.23437500000000008
0 0.6265625 0.2140625000000001 0.4765625 0.2140625000000001 0.4765625 0.2375000000000001 0.6265625 0.2375000000000001
0 0.6875 0.2234375000000001 0.6640625 0.2234375000000001 0.6640625 0.23593750000000008 0.6875 0.23593750000000008
0 0.775 0.2156250000000001 0.7140625 0.2156250000000001 0.7140625 0.2406250000000001 0.775 0.2406250000000001
0 0.83125 0.2156250000000001 0.803125 0.2156250000000001 0.803125 0.2375000000000001 0.83125 0.2375000000000001
0 0.19375000000000003 0.259375 0.14531250000000004 0.259375 0.14531250000000004 0.284375 0.19375000000000003 0.284375
0 0.2640625 0.271875 0.23125 0.271875 0.23125 0.2890625 0.2640625 0.2890625
0 0.4 0.26406250000000003 0.29375 0.2640625 0.29375 0.29687500000000006 0.4 0.2968750000000001
0 0.475 0.2656250000000001 0.4296875 0.2656250000000001 0.4296875 0.28593750000000007 0.475 0.28593750000000007
0 0.58125 0.2640625000000001 0.5078125 0.2640625000000001 0.5078125 0.2875000000000001 0.58125 0.2875000000000001
0 0.66875 0.2656250000000001 0.6203125 0.2656250000000001 0.6203125 0.3000000000000001 0.66875 0.3000000000000001
0 0.73125 0.2656250000000001 0.703125 0.2656250000000001 0.703125 0.28593750000000007 0.73125 0.28593750000000007
0 0.803125 0.2656250000000001 0.7578125 0.2656250000000001 0.7578125 0.28593750000000007 0.803125 0.28593750000000007
0 0.2203125 0.3109375 0.14843750000000006 0.3109375 0.14843750000000006 0.3359375 0.2203125 0.3359375
0 0.228125 0.3328125 0.225 0.3328125 0.225 0.334375 0.228125 0.334375
0 0.296875 0.3125 0.2375 0.3125 0.2375 0.3359375 0.296875 0.3359375
0 0.3921875 0.31718750000000007 0.3328125 0.3171875 0.3328125 0.33906250000000004 0.3921875 0.3390625000000001
0 0.49375 0.3156250000000001 0.43125 0.3156250000000001 0.43125 0.3375000000000001 0.49375 0.3375000000000001
0 0.6109375 0.3234375000000001 0.53125 0.3234375000000001 0.53125 0.3375000000000001 0.6109375 0.3375000000000001
0 0.68125 0.31718750000000007 0.6359375 0.31718750000000007 0.6359375 0.3375000000000001 0.68125 0.3375000000000001
0 0.775 0.3234375000000001 0.7046875 0.3234375000000001 0.7046875 0.3453125000000001 0.775 0.3453125000000001
0 0.84375 0.31718750000000007 0.79375 0.31718750000000007 0.79375 0.3375000000000001 0.84375 0.3375000000000001
0 0.2156250000000001 0.3703125 0.14843750000000006 0.3703125 0.14843750000000006 0.3875 0.2156250000000001 0.3875
0 0.3343750000000001 0.3703125 0.25468750000000007 0.3703125 0.25468750000000007 0.390625 0.3343750000000001 0.390625
0 0.4265625 0.3656250000000001 0.3750000000000001 0.3656250000000001 0.3750000000000001 0.3843750000000001 0.4265625 0.3843750000000001
0 0.4859375 0.37187500000000007 0.4671875 0.37187500000000007 0.4671875 0.38750000000000007 0.4859375 0.38750000000000007
0 0.59375 0.3703125000000001 0.51875 0.3703125000000001 0.51875 0.3890625000000001 0.59375 0.3890625000000001
0 0.6640625 0.3687500000000001 0.63125 0.3687500000000001 0.63125 0.3859375000000001 0.6640625 0.3859375000000001
0 0.734375 0.3609375000000001 0.7 0.3609375000000001 0.7 0.3859375000000001 0.734375 0.3859375000000001
0 0.7828125 0.3734375000000001 0.7546875 0.3734375000000001 0.7546875 0.3890625000000001 0.7828125 0.3890625000000001
0 0.8921875 0.3671875000000001 0.8 0.3671875000000001 0.8 0.3968750000000001 0.8921875 0.3968750000000001
0 0.2156250000000001 0.4140625 0.14218750000000005 0.4140625 0.14218750000000005 0.446875 0.2156250000000001 0.446875
0 0.3046875000000001 0.4140625 0.25468750000000007 0.4140625 0.25468750000000007 0.4390625 0.3046875000000001 0.4390625
0 0.4140625 0.415625 0.34843750000000007 0.415625 0.34843750000000007 0.446875 0.4140625 0.446875
0 0.53125 0.41875 0.440625 0.41875 0.440625 0.44375 0.53125 0.44375
0 0.6015625 0.4203125 0.5765625 0.4203125 0.5765625 0.4375 0.6015625 0.4375
0 0.7546875 0.41875000000000007 0.6328125 0.41875 0.6328125 0.4468750000000001 0.7546875 0.4468750000000002
0 0.7640625 0.43750000000000017 0.759375 0.43750000000000017 0.759375 0.4437500000000002 0.7640625 0.4437500000000002
0 0.9546875 0.41718750000000016 0.76875 0.41718750000000016 0.76875 0.4421875000000002 0.9546875 0.4421875000000002
0 0.21250000000000008 0.4609375 0.14062500000000006 0.4609375 0.14062500000000006 0.496875 0.21250000000000008 0.496875
0 0.3468750000000001 0.465625 0.2578125000000001 0.465625 0.2578125000000001 0.4875 0.3468750000000001 0.4875
0 0.49375 0.4625 0.3828125000000001 0.4625 0.3828125000000001 0.496875 0.49375 0.496875
0 0.6 0.465625 0.528125 0.465625 0.528125 0.4890625 0.6 0.4890625
0 0.68125 0.4671875 0.6265625 0.4671875 0.6265625 0.4921875 0.68125 0.4921875
0 0.7890625 0.4687500000000001 0.7203125 0.46875 0.7203125 0.48906250000000007 0.7890625 0.4890625000000002
0 0.8015625 0.4890625000000002 0.796875 0.4890625000000002 0.796875 0.4906250000000002 0.8015625 0.4906250000000002
0 0.86875 0.4656250000000002 0.8171875 0.4656250000000002 0.8171875 0.5015625000000001 0.86875 0.5015625000000001
0 0.89375 0.47187500000000016 0.8796875 0.47187500000000016 0.8796875 0.4890625000000002 0.89375 0.4890625000000002
0 0.2093750000000001 0.5109375 0.13437500000000005 0.5109375 0.13437500000000005 0.5390625 0.2093750000000001 0.5390625
0 0.2953125000000001 0.5171875 0.24218750000000008 0.5171875 0.24218750000000008 0.540625 0.2953125000000001 0.540625
0 0.4828125 0.5125 0.32500000000000007 0.5125 0.32500000000000007 0.540625 0.4828125 0.540625
0 0.5546875 0.515625 0.5125 0.515625 0.5125 0.5390625 0.5546875 0.5390625
0 0.6328125 0.515625 0.5828125 0.515625 0.5828125 0.5390625 0.6328125 0.5390625
0 0.7390625 0.5109375 0.6765625 0.5109375 0.6765625 0.5406250000000001 0.7390625 0.5406250000000001
0 0.846875 0.5171875000000001 0.7671875 0.5171875000000001 0.7671875 0.5406250000000001 0.846875 0.5406250000000001
0 0.1546875000000001 0.56875 0.1375000000000001 0.56875 0.1375000000000001 0.5875 0.1546875000000001 0.5875
0 0.27031250000000007 0.56875 0.1906250000000001 0.56875 0.1906250000000001 0.590625 0.27031250000000007 0.590625
0 0.3734375000000001 0.565625 0.3062500000000001 0.565625 0.3062500000000001 0.590625 0.3734375000000001 0.590625
0 0.4171875 0.571875 0.4078125 0.571875 0.4078125 0.5875 0.4171875 0.5875
0 0.4796875 0.5625 0.44375 0.5625 0.44375 0.5875 0.4796875 0.5875
0 0.53125 0.575 0.503125 0.575 0.503125 0.590625 0.53125 0.590625
0 0.5828125 0.5703125 0.5546875 0.5703125 0.5546875 0.5984375 0.5828125 0.5984375
0 0.6640625 0.5640625 0.6234375 0.5640625 0.6234375 0.5890625 0.6640625 0.5890625
0 0.7109375 0.575 0.68125 0.575 0.68125 0.5921875 0.7109375 0.5921875
0 0.8125 0.5687500000000001 0.7234375 0.56875 0.7234375 0.5906250000000001 0.8125 0.5906250000000002
0 0.8328125 0.5765625000000002 0.8203125 0.5765625000000002 0.8203125 0.5890625000000002 0.8328125 0.5890625000000002