0 0.18593750000000003 0.19843750000000002 0.14531250000000004 0.1984375 0.14531250000000004 0.225 0.18593750000000003 0.225
0 0.3296875 0.203125 0.2140625 0.203125 0.2140625 0.225 0.3296875 0.225
0 0.34375 0.2234375 0.3375 0.2234375 0.3375 0.228125 0.34375 0.228125
0 0.38125 0.20625000000000004 0.35625 0.20625 0.35625 0.22343750000000004 0.38125 0.2234375000000001
0 0.5 0.2062500000000001 0.3953125 0.2062500000000001 0.3953125 0.2250000000000001 0.5 0.2250000000000001
0 0.5484375 0.21250000000000008 0.515625 0.21250000000000008 0.515625 0.2250000000000001 0.5484375 0.2250000000000001
0 0.6109375 0.21250000000000008 0.5625 0.21250000000000008 0.5625 0.2250000000000001 0.6109375 0.2250000000000001
0 0.7703125 0.20468750000000008 0.621875 0.20468750000000008 0.621875 0.2296875000000001 0.7703125 0.2296875000000001
0 0.8625 0.2062500000000001 0.79375 0.2062500000000001 0.79375 0.22656250000000008 0.8625 0.22656250000000008
0 0.17031250000000003 0.2546875 0.14375000000000004 0.2546875 0.14375000000000004 0.275 0.17031250000000003 0.275
0 0.2484375 0.2546875 0.18906250000000005 0.2546875 0.18906250000000005 0.28125 0.2484375 0.28125
0 0.3125 0.2515625 0.271875 0.2515625 0.271875 0.278125 0.3125 0.278125
0 0.409375 0.26250000000000007 0.3171875 0.2625 0.3171875 0.27656250000000004 0.409375 0.2765625000000001
0 0.4171875 0.27031250000000007 0.4109375 0.27031250000000007 0.4109375 0.2734375000000001 0.4171875 0.2734375000000001
0 0.475 0.2531250000000001 0.434375 0.2531250000000001 0.434375 0.2765625000000001 0.475 0.2765625000000001
0 0.5453125 0.2578125000000001 0.4828125 0.2578125000000001 0.4828125 0.2812500000000001 0.5453125 0.2812500000000001
0 0.6109375 0.2578125000000001 0.5578125 0.2578125000000001 0.5578125 0.27812500000000007 0.6109375 0.27812500000000007
0 0.69375 0.2562500000000001 0.628125 0.2562500000000001 0.628125 0.2750000000000001 0.69375 0.2750000000000001
0 0.7578125 0.26250000000000007 0.7046875 0.26250000000000007 0.7046875 0.2765625000000001 0.7578125 0.2765625000000001
0 0.8171875 0.2578125000000001 0.7625 0.2578125000000001 0.7625 0.2750000000000001 0.8171875 0.2750000000000001
0 0.9015625 0.2578125000000001 0.8171875 0.2578125000000001 0.8171875 0.2843750000000001 0.9015625 0.2843750000000001
0 0.2171875 0.2984375 0.13281250000000006 0.2984375 0.13281250000000006 0.3328125 0.2171875 0.3328125
0 0.2640625 0.3078125 0.2359375 0.3078125 0.2359375 0.33125 0.2640625 0.33125
0 0.3453125 0.30625 0.2796875 0.30625 0.2796875 0.3359375 0.3453125 0.3359375
0 0.384375 0.3140625 0.3609375 0.3140625 0.3609375 0.32500000000000007 0.384375 0.32500000000000007
0 0.490625 0.3078125000000001 0.39375 0.3078125000000001 0.39375 0.3281250000000001 0.490625 0.3281250000000001
0 0.5203125 0.3156250000000001 0.503125 0.3156250000000001 0.503125 0.3265625000000001 0.5203125 0.3265625000000001
0 0.609375 0.30937500000000007 0.521875 0.30937500000000007 0.521875 0.3281250000000001 0.609375 0.3281250000000001
0 0.68125 0.30937500000000007 0.621875 0.30937500000000007 0.621875 0.3296875000000001 0.68125 0.3296875000000001
0 0.6828125 0.3234375000000001 0.6765625 0.3234375000000001 0.6765625 0.3265625000000001 0.6828125 0.3265625000000001
0 0.759375 0.30937500000000007 0.69375 0.30937500000000007 0.69375 0.3265625000000001 0.759375 0.3265625000000001
0 0.8234375 0.30937500000000007 0.7640625 0.30937500000000007 0.7640625 0.3281250000000001 0.8234375 0.3281250000000001
0 0.8484375 0.3078125000000001 0.8328125 0.3078125000000001 0.8328125 0.32500000000000007 0.8484375 0.32500000000000007
0 0.878125 0.3078125000000001 0.846875 0.3078125000000001 0.846875 0.32500000000000007 0.878125 0.32500000000000007
0 0.21250000000000005 0.35625 0.12968750000000004 0.35625 0.12968750000000004 0.3828125 0.21250000000000008 0.3828125
0 0.275 0.3609375 0.225 0.3609375 0.22500000000000003 0.378125 0.2750000000000001 0.378125
0 0.353125 0.359375 0.290625 0.359375 0.290625 0.378125 0.3531250000000001 0.378125
0 0.44375 0.36406250000000007 0.3578125000000001 0.3640625 0.3578125000000001 0.37812500000000004 0.44375 0.3781250000000001
0 0.446875 0.3734375000000001 0.4359375 0.3734375000000001 0.4359375 0.37968750000000007 0.446875 0.37968750000000007
0 0.521875 0.35625000000000007 0.4546875 0.35625000000000007 0.4546875 0.3781250000000001 0.521875 0.3781250000000001
0 0.5796875 0.36406250000000007 0.528125 0.36406250000000007 0.528125 0.3781250000000001 0.5796875 0.3781250000000001
0 0.646875 0.3656250000000001 0.5828125 0.3656250000000001 0.5828125 0.3781250000000001 0.646875 0.3781250000000001
0 0.7828125 0.3578125000000001 0.6546875 0.3578125000000001 0.6546875 0.38750000000000007 0.7828125 0.38750000000000007
0 0.78125 0.3734375000000001 0.7765625 0.3734375000000001 0.7765625 0.3765625000000001 0.78125 0.3765625000000001
0 0.834375 0.3593750000000001 0.7890625 0.3593750000000001 0.7890625 0.3781250000000001 0.834375 0.3781250000000001
0 0.8890625 0.3531250000000001 0.83125 0.3531250000000001 0.83125 0.3765625000000001 0.8890625 0.3765625000000001
0 0.16250000000000003 0.40625 0.12031250000000004 0.40625 0.12031250000000004 0.4328125 0.16250000000000003 0.4328125
0 0.19375000000000003 0.4078125 0.17500000000000004 0.4078125 0.17500000000000004 0.4265625 0.19375000000000003 0.4265625
0 0.2312500000000001 0.4078125 0.2062500000000001 0.4078125 0.2062500000000001 0.428125 0.2312500000000001 0.428125
0 0.30937500000000007 0.403125 0.24375000000000008 0.403125 0.24375000000000008 0.428125 0.30937500000000007 0.428125
0 0.3765625000000001 0.415625 0.3140625000000001 0.415625 0.3140625000000001 0.4328125 0.3765625000000001 0.4328125
0 0.4703125 0.4078125 0.3906250000000001 0.4078125 0.3906250000000001 0.4296875 0.4703125 0.4296875
0 0.4765625 0.425 0.471875 0.425 0.471875 0.428125 0.4765625 0.428125
0 0.515625 0.4078125 0.4859375 0.4078125 0.4859375 0.4296875 0.515625 0.4296875
0 0.58125 0.403125 0.5203125 0.403125 0.5203125 0.4359375 0.58125 0.4359375
0 0.6046875 0.4046875 0.5921875 0.4046875 0.5921875 0.4265625 0.6046875 0.4265625
0 0.6359375 0.4078125 0.60625 0.4078125 0.60625 0.4296875 0.6359375 0.4296875
0 0.7265625 0.4078125000000001 0.6359375 0.4078125 0.6359375 0.4359375000000001 0.7265625 0.4359375000000002
0 0.7890625 0.40937500000000016 0.734375 0.40937500000000016 0.734375 0.4281250000000002 0.7890625 0.4281250000000002
0 0.803125 0.4109375000000002 0.7921875 0.4109375000000002 0.7921875 0.4265625000000002 0.803125 0.4265625000000002
0 0.9234375 0.4031250000000002 0.803125 0.4031250000000002 0.803125 0.4343750000000002 0.9234375 0.4343750000000002
0 0.9296875 0.42500000000000016 0.921875 0.42500000000000016 0.921875 0.4312500000000002 0.9296875 0.4312500000000002
0 0.17656250000000004 0.45625 0.13437500000000005 0.45625 0.13437500000000005 0.4796875 0.17656250000000004 0.4796875
0 0.21875000000000008 0.4578125 0.19062500000000004 0.4578125 0.19062500000000004 0.4796875 0.21875000000000008 0.4796875
0 0.29375000000000007 0.4671875 0.23437500000000008 0.4671875 0.23437500000000008 0.48125 0.29375000000000007 0.48125
0 0.39531250000000007 0.465625 0.3109375000000001 0.465625 0.3109375000000001 0.4875 0.39531250000000007 0.4875
0 0.465625 0.4671875 0.4078125 0.4671875 0.4078125 0.484375 0.465625 0.484375
0 0.559375 0.4671875 0.4734375 0.4671875 0.4734375 0.4890625 0.559375 0.4890625
0 0.646875 0.4671875 0.578125 0.4671875 0.578125 0.484375 0.646875 0.484375
0 0.6875 0.4609375 0.6515625 0.4609375 0.6515625 0.4796875 0.6875 0.4796875
0 0.7609375 0.4625000000000001 0.7 0.4625 0.7 0.4796875000000001 0.7609375 0.47968750000000016
0 0.765625 0.4734375000000002 0.7578125 0.4734375000000002 0.7578125 0.47968750000000016 0.765625 0.47968750000000016
0 0.825 0.4625000000000002 0.7703125 0.4625000000000002 0.7703125 0.47968750000000016 0.825 0.47968750000000016
0 0.846875 0.4593750000000002 0.8296875 0.4593750000000002 0.8296875 0.47656250000000017 0.846875 0.47656250000000017
0 0.9140625 0.4578125000000002 0.8453125 0.4578125000000002 0.8453125 0.4828125000000002 0.9140625 0.4828125000000002
0 0.15625000000000006 0.5109375 0.13593750000000004 0.5109375 0.13593750000000004 0.528125 0.15625000000000006 0.528125
0 0.2640625000000001 0.509375 0.18125000000000005 0.509375 0.18125000000000005 0.53125 0.2640625000000001 0.53125
0 0.3343750000000001 0.509375 0.2796875000000001 0.509375 0.2796875000000001 0.5296875 0.3343750000000001 0.5296875
0 0.4171875 0.5109375 0.3390625000000001 0.5109375 0.3390625000000001 0.5375 0.4171875 0.5375
0 0.546875 0.5078125 0.43125 0.5078125 0.43125 0.5359375 0.546875 0.5359375
0 0.6828125 0.509375 0.5546875 0.509375 0.5546875 0.5375 0.6828125 0.5375
0 0.690625 0.5265625 0.6828125 0.5265625 0.6828125 0.53125 0.690625 0.53125
0 0.7265625 0.5093750000000001 0.696875 0.509375 0.696875 0.5312500000000001 0.7265625 0.5312500000000002
0 0.8 0.5171875000000001 0.7359375 0.5171875000000001 0.7359375 0.5328125000000001 0.8 0.5328125000000001
0 0.8375 0.5109375000000002 0.803125 0.5109375000000002 0.803125 0.5281250000000002 0.8375 0.5281250000000002
0 0.9296875 0.5109375000000002 0.8390625 0.5109375000000002 0.8390625 0.5328125000000001 0.9296875 0.5328125000000001
0 0.1906250000000001 0.5609375 0.14218750000000008 0.5609375 0.14218750000000008 0.578125 0.1906250000000001 0.578125
0 0.2531250000000001 0.5625 0.2062500000000001 0.5625 0.2062500000000001 0.58125 0.2531250000000001 0.58125
0 0.3000000000000001 0.559375 0.2671875000000001 0.559375 0.2671875000000001 0.58125 0.3000000000000001 0.58125
0 0.3937500000000001 0.559375 0.3031250000000001 0.559375 0.3031250000000001 0.5875 0.3937500000000001 0.5875
0 0.484375 0.5578125 0.4078125 0.5578125 0.4078125 0.5796875 0.484375 0.5796875
0 0.4875 0.578125 0.4828125 0.578125 0.4828125 0.5796875 0.4875 0.5796875