0 0.228125 0.2078125 0.15156250000000004 0.2078125 0.15156250000000004 0.2484375 0.228125 0.2484375
0 0.278125 0.2109375 0.246875 0.2109375 0.246875 0.2328125 0.278125 0.2328125
0 0.3203125 0.2125 0.26875 0.2125 0.26875 0.234375 0.3203125 0.234375
0 0.4015625 0.20468750000000005 0.321875 0.2046875 0.321875 0.24687500000000004 0.4015625 0.2468750000000001
0 0.4359375 0.2078125000000001 0.4171875 0.2078125000000001 0.4171875 0.2312500000000001 0.4359375 0.2312500000000001
0 0.50625 0.21250000000000008 0.44375 0.21250000000000008 0.44375 0.24375000000000008 0.50625 0.24375000000000008
0 0.515625 0.22812500000000008 0.5109375 0.22812500000000008 0.5109375 0.2296875000000001 0.515625 0.2296875000000001
0 0.5890625 0.20468750000000008 0.54375 0.20468750000000008 0.54375 0.2328125000000001 0.5890625 0.2328125000000001
0 0.6421875 0.21093750000000008 0.59375 0.21093750000000008 0.59375 0.2468750000000001 0.6421875 0.2468750000000001
0 0.6859375 0.2218750000000001 0.6609375 0.2218750000000001 0.6609375 0.2328125000000001 0.6859375 0.2328125000000001
0 0.728125 0.2078125000000001 0.69375 0.2078125000000001 0.69375 0.2296875000000001 0.728125 0.2296875000000001
0 0.79375 0.21093750000000008 0.740625 0.21093750000000008 0.740625 0.2296875000000001 0.79375 0.2296875000000001
0 0.85 0.21093750000000008 0.7984375 0.21093750000000008 0.7984375 0.2312500000000001 0.85 0.2312500000000001
0 0.16718750000000004 0.25625 0.13750000000000004 0.25625 0.13750000000000004 0.2859375 0.16718750000000004 0.2859375
0 0.2578125 0.265625 0.18750000000000006 0.265625 0.18750000000000006 0.296875 0.2578125 0.296875
0 0.35625 0.2640625 0.2828125 0.2640625 0.2828125 0.2828125 0.35625 0.2828125
0 0.4203125 0.2671875000000001 0.3703125 0.2671875000000001 0.3703125 0.2843750000000001 0.4203125 0.2843750000000001
0 0.4609375 0.2734375000000001 0.421875 0.2734375000000001 0.421875 0.2906250000000001 0.4609375 0.2906250000000001
0 0.5140625 0.27031250000000007 0.4734375 0.27031250000000007 0.4734375 0.2812500000000001 0.5140625 0.2812500000000001
0 0.5984375 0.2640625000000001 0.5359375 0.2640625000000001 0.5359375 0.29375000000000007 0.5984375 0.29375000000000007
0 0.6328125 0.26250000000000007 0.6140625 0.26250000000000007 0.6140625 0.2812500000000001 0.6328125 0.2812500000000001
0 0.6859375 0.2609375000000001 0.6453125 0.2609375000000001 0.6453125 0.29375000000000007 0.6859375 0.29375000000000007
0 0.7359375 0.2578125000000001 0.7109375 0.2578125000000001 0.7109375 0.2828125000000001 0.7359375 0.2828125000000001
0 0.8125 0.2578125000000001 0.7546875 0.2578125000000001 0.7546875 0.2828125000000001 0.8125 0.2828125000000001
0 0.8640625 0.2562500000000001 0.81875 0.2562500000000001 0.81875 0.2984375000000001 0.8640625 0.2984375000000001
0 0.16718750000000004 0.3078125 0.13437500000000005 0.3078125 0.13437500000000005 0.3359375 0.16718750000000004 0.3359375
0 0.25625 0.3140625 0.19218750000000004 0.3140625 0.19218750000000004 0.334375 0.25625 0.334375
0 0.2703125 0.3296875 0.265625 0.3296875 0.265625 0.3328125 0.2703125 0.3328125
0 0.3484375 0.309375 0.3125 0.309375 0.3125 0.33125 0.3484375 0.33125
0 0.4265625 0.3109375000000001 0.3671875 0.3109375000000001 0.3671875 0.3312500000000001 0.4265625 0.3312500000000001
0 0.5 0.3140625000000001 0.44375 0.3140625000000001 0.44375 0.33281250000000007 0.5 0.33281250000000007
0 0.559375 0.3125000000000001 0.5125 0.3125000000000001 0.5125 0.3312500000000001 0.559375 0.3312500000000001
0 0.6484375 0.3218750000000001 0.584375 0.3218750000000001 0.584375 0.34062500000000007 0.6484375 0.34062500000000007
0 0.7 0.3125000000000001 0.6625 0.3125000000000001 0.6625 0.3437500000000001 0.7 0.3437500000000001
0 0.7546875 0.3078125000000001 0.7203125 0.3078125000000001 0.7203125 0.3343750000000001 0.7546875 0.3343750000000001
0 0.8328125 0.30937500000000007 0.775 0.30937500000000007 0.775 0.3312500000000001 0.8328125 0.3312500000000001
0 0.8375 0.3265625000000001 0.821875 0.3265625000000001 0.821875 0.3359375000000001 0.8375 0.3359375000000001
0 0.884375 0.3140625000000001 0.8578125 0.3140625000000001 0.8578125 0.3296875000000001 0.884375 0.3296875000000001
0 0.19375000000000003 0.359375 0.13750000000000004 0.359375 0.13750000000000004 0.396875 0.19375000000000003 0.396875
0 0.2671875 0.359375 0.2203125 0.359375 0.22031250000000005 0.3859375 0.2671875000000001 0.3859375
0 0.34843750000000007 0.3609375 0.2921875 0.3609375 0.29218750000000004 0.390625 0.34843750000000007 0.390625
0 0.4046875 0.3625000000000001 0.365625 0.3625000000000001 0.36562500000000003 0.3812500000000001 0.4046875 0.3812500000000001
0 0.44375 0.35625000000000007 0.415625 0.35625000000000007 0.415625 0.3937500000000001 0.44375 0.3937500000000001
0 0.48125 0.3609375000000001 0.453125 0.3609375000000001 0.453125 0.3812500000000001 0.48125 0.3812500000000001
0 0.54375 0.3703125000000001 0.49375 0.3703125000000001 0.49375 0.3921875000000001 0.54375 0.3921875000000001
0 0.5578125 0.3812500000000001 0.5515625 0.3812500000000001 0.5515625 0.3828125000000001 0.5578125 0.3828125000000001
0 0.6390625 0.3656250000000001 0.5765625 0.3656250000000001 0.5765625 0.3859375000000001 0.6390625 0.3859375000000001
0 0.6765625 0.3625000000000001 0.6578125 0.3625000000000001 0.6578125 0.3828125000000001 0.6765625 0.3828125000000001
0 0.75 0.3609375000000001 0.6921875 0.3609375000000001 0.6921875 0.3828125000000001 0.75 0.3828125000000001
0 0.8296875 0.3609375000000001 0.7671875 0.3609375000000001 0.7671875 0.38750000000000007 0.8296875 0.38750000000000007
0 0.8875 0.3593750000000001 0.840625 0.3593750000000001 0.840625 0.3828125000000001 0.8875 0.3828125000000001
0 0.17812500000000003 0.421875 0.13906250000000003 0.421875 0.13906250000000003 0.44375 0.17812500000000003 0.44375
0 0.21875000000000008 0.4234375 0.19375000000000003 0.4234375 0.19375000000000003 0.4328125 0.21875000000000008 0.4328125
0 0.2812500000000001 0.415625 0.2406250000000001 0.415625 0.2406250000000001 0.434375 0.2812500000000001 0.434375
0 0.36406250000000007 0.4125 0.30156250000000007 0.4125 0.30156250000000007 0.434375 0.36406250000000007 0.434375
0 0.4125 0.421875 0.3859375000000001 0.421875 0.3859375000000001 0.434375 0.4125 0.434375
0 0.4921875 0.40625 0.4140625 0.40625 0.4140625 0.4328125 0.4921875 0.4328125
0 0.5453125 0.4015625 0.5140625 0.4015625 0.5140625 0.453125 0.5453125 0.453125
0 0.675 0.4078125 0.55625 0.4078125 0.55625 0.434375 0.675 0.434375
0 0.771875 0.4015625000000001 0.6953125 0.4015625 0.6953125 0.4390625000000001 0.771875 0.4390625000000002
0 0.828125 0.40625000000000017 0.7859375 0.40625000000000017 0.7859375 0.44062500000000016 0.828125 0.44062500000000016
0 0.2515625000000001 0.4609375 0.15156250000000004 0.4609375 0.15156250000000004 0.5 0.2515625000000001 0.5
0 0.2296875000000001 0.475 0.2218750000000001 0.475 0.2218750000000001 0.484375 0.2296875000000001 0.484375