0 0.17031250000000003 0.2015625 0.13593750000000004 0.2015625 0.13593750000000004 0.2171875 0.17031250000000003 0.2171875
0 0.24375 0.2046875 0.18750000000000006 0.2046875 0.18750000000000006 0.2296875 0.24375 0.2296875
0 0.290625 0.2015625 0.2625 0.2015625 0.2625 0.234375 0.290625 0.234375
0 0.35 0.203125 0.303125 0.203125 0.303125 0.2203125 0.35 0.2203125
0 0.4734375 0.20312500000000008 0.36875 0.20312500000000008 0.36875 0.21875000000000008 0.4734375 0.21875000000000008
0 0.578125 0.20468750000000008 0.49375 0.20468750000000008 0.49375 0.22031250000000008 0.578125 0.22031250000000008
0 0.628125 0.20312500000000008 0.60625 0.20312500000000008 0.60625 0.2140625000000001 0.628125 0.2140625000000001
0 0.746875 0.2015625000000001 0.6546875 0.2015625000000001 0.6546875 0.2156250000000001 0.746875 0.2156250000000001
0 0.79375 0.2015625000000001 0.7625 0.2015625000000001 0.7625 0.2156250000000001 0.79375 0.2156250000000001
0 0.25 0.2546875 0.12968750000000004 0.2546875 0.12968750000000004 0.2859375 0.25 0.2859375
0 0.296875 0.2515625 0.26875 0.2515625 0.26875 0.2671875 0.296875 0.2671875
0 0.365625 0.25312500000000004 0.3171875 0.253125 0.3171875 0.26875000000000004 0.365625 0.2687500000000001
0 0.440625 0.2515625000000001 0.3796875 0.2515625000000001 0.3796875 0.2671875000000001 0.440625 0.2671875000000001
0 0.5171875 0.2515625000000001 0.471875 0.2515625000000001 0.471875 0.2640625000000001 0.5171875 0.2640625000000001
0 0.640625 0.2515625000000001 0.5421875 0.2515625000000001 0.5421875 0.2687500000000001 0.640625 0.2687500000000001
0 0.6828125 0.2531250000000001 0.65625 0.2531250000000001 0.65625 0.2812500000000001 0.6828125 0.2812500000000001
0 0.7375 0.2531250000000001 0.7015625 0.2531250000000001 0.7015625 0.2671875000000001 0.7375 0.2671875000000001
0 0.821875 0.2500000000000001 0.7578125 0.2500000000000001 0.7578125 0.2671875000000001 0.821875 0.2671875000000001
0 0.8296875 0.2671875000000001 0.828125 0.2671875000000001 0.828125 0.2687500000000001 0.8296875 0.2687500000000001
0 0.19218750000000004 0.3015625 0.13593750000000004 0.3015625 0.13593750000000004 0.31875 0.19218750000000004 0.31875
0 0.296875 0.3 0.2234375 0.3 0.2234375 0.3375 0.296875 0.3375
0 0.3359375 0.303125 0.309375 0.303125 0.309375 0.3203125 0.3359375 0.3203125
0 0.396875 0.30625 0.359375 0.30625 0.359375 0.31875000000000003 0.396875 0.3187500000000001
0 0.45 0.3046875000000001 0.4109375 0.3046875000000001 0.4109375 0.3187500000000001 0.45 0.3187500000000001
0 0.4921875 0.3109375000000001 0.46875 0.3109375000000001 0.46875 0.3187500000000001 0.4921875 0.3187500000000001
0 0.5625 0.30156250000000007 0.50625 0.30156250000000007 0.50625 0.3187500000000001 0.5625 0.3187500000000001
0 0.6359375 0.3031250000000001 0.584375 0.3031250000000001 0.584375 0.3187500000000001 0.6359375 0.3187500000000001
0 0.690625 0.2984375000000001 0.6578125 0.2984375000000001 0.6578125 0.33281250000000007 0.690625 0.33281250000000007
0 0.7609375 0.30156250000000007 0.7046875 0.30156250000000007 0.7046875 0.3156250000000001 0.7609375 0.3156250000000001
0 0.8484375 0.30156250000000007 0.7765625 0.30156250000000007 0.7765625 0.3187500000000001 0.8484375 0.3187500000000001
0 0.16093750000000004 0.353125 0.12968750000000004 0.353125 0.12968750000000004 0.3703125 0.16093750000000004 0.3703125
0 0.25000000000000006 0.35 0.18593750000000003 0.35 0.18593750000000003 0.36875 0.2500000000000001 0.36875
0 0.30781250000000004 0.3484375 0.2734375 0.3484375 0.27343750000000006 0.384375 0.3078125000000001 0.384375
0 0.37500000000000006 0.35156250000000006 0.33125 0.3515625 0.33125000000000004 0.37187500000000007 0.3750000000000001 0.37187500000000007
0 0.4734375 0.34843750000000007 0.396875 0.34843750000000007 0.39687500000000003 0.3703125000000001 0.4734375 0.3703125000000001
0 0.5328125 0.3515625000000001 0.5015625 0.3515625000000001 0.5015625 0.3703125000000001 0.5328125 0.3703125000000001
0 0.6125 0.3546875000000001 0.5640625 0.3546875000000001 0.5640625 0.3687500000000001 0.6125 0.3687500000000001
0 0.6640625 0.3531250000000001 0.6421875 0.3531250000000001 0.6421875 0.3703125000000001 0.6640625 0.3703125000000001
0 0.7578125 0.3531250000000001 0.6890625 0.3531250000000001 0.6890625 0.3687500000000001 0.7578125 0.3687500000000001
0 0.2375000000000001 0.4046875 0.14375000000000004 0.4046875 0.14375000000000004 0.4203125 0.2375000000000001 0.4203125
0 0.2453125000000001 0.4171875 0.23593750000000008 0.4171875 0.23593750000000008 0.4234375 0.2453125000000001 0.4234375
0 0.3062500000000001 0.409375 0.2828125000000001 0.409375 0.2828125000000001 0.41875 0.3062500000000001 0.41875
0 0.3859375000000001 0.4015625 0.3265625000000001 0.4015625 0.3265625000000001 0.4328125 0.3859375000000001 0.4328125
0 0.453125 0.4109375 0.409375 0.4109375 0.409375 0.4203125 0.453125 0.4203125
0 0.521875 0.4015625 0.4796875 0.4015625 0.4796875 0.41875 0.521875 0.41875
0 0.6703125 0.4 0.5515625 0.4 0.5515625 0.4359375 0.6703125 0.4359375
0 0.7171875 0.403125 0.6953125 0.403125 0.6953125 0.415625 0.7171875 0.415625
0 0.79375 0.4031250000000002 0.7421875 0.4031250000000002 0.7421875 0.41718750000000016 0.79375 0.41718750000000016
0 0.2375000000000001 0.4515625 0.14843750000000006 0.4515625 0.14843750000000006 0.4671875 0.2375000000000001 0.4671875
0 0.2484375000000001 0.465625 0.2390625000000001 0.465625 0.2390625000000001 0.46875 0.2484375000000001 0.46875
0 0.3609375000000001 0.4515625 0.2765625000000001 0.4515625 0.2765625000000001 0.46875 0.3609375000000001 0.46875
0 0.4359375 0.45 0.38750000000000007 0.45 0.38750000000000007 0.471875 0.4359375 0.471875
0 0.509375 0.45 0.4578125 0.45 0.4578125 0.4875 0.509375 0.4875
0 0.571875 0.45 0.5375 0.45 0.5375 0.471875 0.571875 0.471875
0 0.6328125 0.4578125 0.6 0.4578125 0.6 0.4671875 0.6328125 0.4671875
0 0.765625 0.4515625000000001 0.6609375 0.4515625 0.6609375 0.4687500000000001 0.765625 0.46875000000000017
0 0.18281250000000004 0.503125 0.13906250000000003 0.503125 0.13906250000000003 0.521875 0.18281250000000004 0.521875
0 0.2718750000000001 0.4984375 0.2093750000000001 0.4984375 0.2093750000000001 0.515625 0.2718750000000001 0.515625
0 0.32500000000000007 0.4984375 0.3078125000000001 0.4984375 0.3078125000000001 0.5140625 0.32500000000000007 0.5140625
0 0.43125 0.5015625 0.3578125000000001 0.5015625 0.3578125000000001 0.515625 0.43125 0.515625
0 0.6140625 0.4984375 0.4609375 0.4984375 0.4609375 0.5140625 0.6140625 0.5140625
0 0.6203125 0.5140625 0.61875 0.5140625 0.61875 0.515625 0.6203125 0.515625