0 0.2296875 0.209375 0.14062500000000006 0.209375 0.14062500000000006 0.234375 0.2296875 0.234375
0 0.290625 0.2265625 0.25625 0.2265625 0.25625 0.234375 0.290625 0.234375
0 0.3671875 0.21718750000000003 0.3203125 0.2171875 0.3203125 0.23437500000000006 0.3671875 0.23437500000000008
0 0.521875 0.20468750000000008 0.4125 0.20468750000000008 0.4125 0.2468750000000001 0.521875 0.2468750000000001
0 0.6234375 0.21250000000000008 0.553125 0.21250000000000008 0.553125 0.2500000000000001 0.6234375 0.2500000000000001
0 0.69375 0.2093750000000001 0.6671875 0.2093750000000001 0.6671875 0.24218750000000008 0.69375 0.24218750000000008
0 0.7859375 0.22031250000000008 0.7171875 0.22031250000000008 0.7171875 0.2453125000000001 0.7859375 0.2453125000000001
0 0.796875 0.2390625000000001 0.79375 0.2390625000000001 0.79375 0.24218750000000008 0.796875 0.24218750000000008
0 0.259375 0.2625 0.14375000000000004 0.2625 0.14375000000000004 0.3109375 0.259375 0.3109375
0 0.3203125 0.26875 0.3 0.26875 0.3 0.2859375 0.3203125 0.2859375
0 0.403125 0.26250000000000007 0.35 0.2625 0.35 0.29531250000000003 0.403125 0.2953125000000001
0 0.4734375 0.2796875000000001 0.4359375 0.2796875000000001 0.4359375 0.2875000000000001 0.4734375 0.2875000000000001
0 0.54375 0.2671875000000001 0.5015625 0.2671875000000001 0.5015625 0.2875000000000001 0.54375 0.2875000000000001
0 0.646875 0.2656250000000001 0.5765625 0.2656250000000001 0.5765625 0.2890625000000001 0.646875 0.2890625000000001
0 0.7265625 0.2656250000000001 0.6796875 0.2656250000000001 0.6796875 0.2890625000000001 0.7265625 0.2890625000000001
0 0.7359375 0.2890625000000001 0.73125 0.2890625000000001 0.73125 0.30156250000000007 0.7359375 0.30156250000000007
0 0.7890625 0.2640625000000001 0.75 0.2640625000000001 0.75 0.2875000000000001 0.7890625 0.2875000000000001
0 0.8703125 0.27031250000000007 0.8109375 0.27031250000000007 0.8109375 0.2906250000000001 0.8703125 0.2906250000000001
0 0.17656250000000004 0.309375 0.13750000000000004 0.309375 0.13750000000000004 0.3375 0.17656250000000004 0.3375
0 0.2640625 0.3140625 0.221875 0.3140625 0.221875 0.3375 0.2640625 0.3375
0 0.3671875 0.31562500000000004 0.2921875 0.315625 0.2921875 0.3375 0.3671875 0.3375000000000001
0 0.5234375 0.3156250000000001 0.409375 0.3156250000000001 0.409375 0.3500000000000001 0.5234375 0.3500000000000001
0 0.58125 0.3140625000000001 0.553125 0.3140625000000001 0.553125 0.3421875000000001 0.58125 0.3421875000000001
0 0.6265625 0.3234375000000001 0.6078125 0.3234375000000001 0.6078125 0.3375000000000001 0.6265625 0.3375000000000001
0 0.6921875 0.3281250000000001 0.659375 0.3281250000000001 0.659375 0.3375000000000001 0.6921875 0.3375000000000001
0 0.7484375 0.31718750000000007 0.7125 0.31718750000000007 0.7125 0.3375000000000001 0.7484375 0.3375000000000001
0 0.84375 0.3125000000000001 0.778125 0.3125000000000001 0.778125 0.3359375000000001 0.84375 0.3359375000000001
0 0.2296875000000001 0.371875 0.14062500000000006 0.371875 0.14062500000000006 0.3921875 0.2296875000000001 0.3921875
0 0.24218750000000008 0.3890625 0.2406250000000001 0.3890625 0.2406250000000001 0.390625 0.24218750000000008 0.390625
0 0.34218750000000003 0.3625 0.2625 0.3625 0.26250000000000007 0.3875 0.3421875000000001 0.3875
0 0.434375 0.3750000000000001 0.38750000000000007 0.3750000000000001 0.38750000000000007 0.38750000000000007 0.434375 0.38750000000000007
0 0.521875 0.3703125000000001 0.4703125 0.3703125000000001 0.4703125 0.3906250000000001 0.521875 0.3906250000000001
0 0.5921875 0.3734375000000001 0.55625 0.3734375000000001 0.55625 0.3906250000000001 0.5921875 0.3906250000000001
0 0.6578125 0.3671875000000001 0.615625 0.3671875000000001 0.615625 0.3906250000000001 0.6578125 0.3906250000000001
0 0.709375 0.3734375000000001 0.6828125 0.3734375000000001 0.6828125 0.3890625000000001 0.709375 0.3890625000000001
0 0.759375 0.37187500000000007 0.725 0.37187500000000007 0.725 0.3906250000000001 0.759375 0.3906250000000001
0 0.859375 0.3703125000000001 0.7765625 0.3703125000000001 0.7765625 0.3937500000000001 0.859375 0.3937500000000001
0 0.2140625000000001 0.4171875 0.13125000000000003 0.4171875 0.13125000000000003 0.4625 0.2140625000000001 0.4625
0 0.3031250000000001 0.4140625 0.2515625000000001 0.4140625 0.2515625000000001 0.440625 0.3031250000000001 0.440625
0 0.35625000000000007 0.41875 0.3375000000000001 0.41875 0.3375000000000001 0.4390625 0.35625000000000007 0.4390625
0 0.4234375 0.4265625 0.3968750000000001 0.4265625 0.3968750000000001 0.4375 0.4234375 0.4375
0 0.5328125 0.415625 0.4609375 0.415625 0.4609375 0.45625 0.5328125 0.45625
0 0.609375 0.4203125 0.571875 0.4203125 0.571875 0.4390625 0.609375 0.4390625
0 0.7140625 0.415625 0.6421875 0.415625 0.6421875 0.440625 0.7140625 0.440625
0 0.7609375 0.4312500000000002 0.7390625 0.4312500000000002 0.7390625 0.4390625000000002 0.7609375 0.4390625000000002
0 0.8515625 0.42187500000000017 0.778125 0.42187500000000017 0.778125 0.4515625000000002 0.8515625 0.4515625000000002
0 0.8515625 0.43750000000000017 0.85 0.43750000000000017 0.85 0.4390625000000002 0.8515625 0.4390625000000002
0 0.15468750000000003 0.465625 0.13906250000000003 0.465625 0.13906250000000003 0.4859375 0.15468750000000003 0.4859375
0 0.2765625000000001 0.478125 0.2000000000000001 0.478125 0.2000000000000001 0.4984375 0.2765625000000001 0.4984375
0 0.3343750000000001 0.4640625 0.3000000000000001 0.4640625 0.3000000000000001 0.49375 0.3343750000000001 0.49375
0 0.5171875 0.4640625 0.3656250000000001 0.4640625 0.3656250000000001 0.490625 0.5171875 0.490625
0 0.578125 0.4796875 0.5546875 0.4796875 0.5546875 0.4921875 0.578125 0.4921875
0 0.65625 0.471875 0.6046875 0.471875 0.6046875 0.4921875 0.65625 0.4921875
0 0.7265625 0.4703125000000001 0.6875 0.4703125 0.6875 0.4921875000000001 0.7265625 0.49218750000000017
0 0.79375 0.4671875000000002 0.7515625 0.4671875000000002 0.7515625 0.48750000000000016 0.79375 0.48750000000000016
0 0.8828125 0.4656250000000002 0.8078125 0.4656250000000002 0.8078125 0.4984375000000002 0.8828125 0.4984375000000002
0 0.16250000000000003 0.515625 0.13593750000000004 0.515625 0.13593750000000004 0.5375 0.16250000000000003 0.5375
0 0.2531250000000001 0.5203125 0.21250000000000008 0.5203125 0.21250000000000008 0.540625 0.2531250000000001 0.540625
0 0.3734375000000001 0.5125 0.2890625000000001 0.5125 0.2890625000000001 0.5515625 0.3734375000000001 0.5515625
0 0.4640625 0.5140625 0.425 0.5140625 0.425 0.540625 0.4640625 0.540625
0 0.5484375 0.51875 0.50625 0.51875 0.50625 0.5390625 0.5484375 0.5390625
0 0.66875 0.5125 0.5875 0.5125 0.5875 0.5546875 0.66875 0.5546875
0 0.7984375 0.5171875000000001 0.7046875 0.5171875 0.7046875 0.5531250000000001 0.7984375 0.5531250000000002
0 0.865625 0.5125000000000002 0.825 0.5125000000000002 0.825 0.5531250000000002 0.865625 0.5531250000000002
0 0.21093750000000008 0.55625 0.1359375000000001 0.55625 0.1359375000000001 0.6015625 0.21093750000000008 0.6015625
0 0.22812500000000008 0.5625 0.2093750000000001 0.5625 0.2093750000000001 0.590625 0.22812500000000008 0.590625