0 0.15000000000000005 0.2203125 0.13906250000000003 0.2203125 0.13906250000000003 0.23125 0.15000000000000005 0.23125
0 0.2140625 0.221875 0.16250000000000003 0.221875 0.16250000000000003 0.2359375 0.2140625 0.2359375
0 0.28125 0.221875 0.2296875 0.221875 0.2296875 0.2359375 0.28125 0.2359375
0 0.409375 0.22031250000000005 0.290625 0.2203125 0.290625 0.23593750000000005 0.409375 0.23593750000000008
0 0.44375 0.22656250000000008 0.4234375 0.22656250000000008 0.4234375 0.23437500000000008 0.44375 0.23437500000000008
0 0.5296875 0.2218750000000001 0.45 0.2218750000000001 0.45 0.23593750000000008 0.5296875 0.23593750000000008
0 0.571875 0.2218750000000001 0.540625 0.2218750000000001 0.540625 0.23593750000000008 0.571875 0.23593750000000008
0 0.690625 0.21875000000000008 0.578125 0.21875000000000008 0.578125 0.2406250000000001 0.690625 0.2406250000000001
0 0.7234375 0.21875000000000008 0.7046875 0.21875000000000008 0.7046875 0.2312500000000001 0.7234375 0.2312500000000001
0 0.8046875 0.2234375000000001 0.7359375 0.2234375000000001 0.7359375 0.23437500000000008 0.8046875 0.23437500000000008
0 0.8640625 0.21875000000000008 0.8171875 0.21875000000000008 0.8171875 0.23437500000000008 0.8640625 0.23437500000000008
0 0.221875 0.26875 0.13437500000000005 0.26875 0.13437500000000005 0.29375 0.221875 0.29375
0 0.2875 0.2671875 0.23125 0.2671875 0.23125 0.284375 0.2875 0.284375
0 0.39375 0.26875000000000004 0.3 0.26875 0.3 0.29531250000000003 0.39375 0.2953125000000001
0 0.4171875 0.2640625000000001 0.403125 0.2640625000000001 0.403125 0.2843750000000001 0.4171875 0.2843750000000001
0 0.4609375 0.2656250000000001 0.4171875 0.2656250000000001 0.4171875 0.2968750000000001 0.4609375 0.2968750000000001
0 0.49375 0.2687500000000001 0.4671875 0.2687500000000001 0.4671875 0.2875000000000001 0.49375 0.2875000000000001
0 0.5078125 0.2828125000000001 0.5 0.2828125000000001 0.5 0.28593750000000007 0.5078125 0.28593750000000007
0 0.525 0.27031250000000007 0.50625 0.27031250000000007 0.50625 0.2828125000000001 0.525 0.2828125000000001
0 0.5734375 0.2718750000000001 0.5265625 0.2718750000000001 0.5265625 0.2953125000000001 0.5734375 0.2953125000000001
0 0.625 0.2750000000000001 0.5828125 0.2750000000000001 0.5828125 0.28593750000000007 0.625 0.28593750000000007
0 0.690625 0.2765625000000001 0.634375 0.2765625000000001 0.634375 0.2968750000000001 0.690625 0.2968750000000001
0 0.80625 0.2671875000000001 0.7046875 0.2671875000000001 0.7046875 0.2906250000000001 0.80625 0.2906250000000001
0 0.828125 0.2687500000000001 0.8140625 0.2687500000000001 0.8140625 0.28593750000000007 0.828125 0.28593750000000007
0 0.890625 0.2718750000000001 0.8265625 0.2718750000000001 0.8265625 0.2890625000000001 0.890625 0.2890625000000001
0 0.18281250000000004 0.3203125 0.13593750000000004 0.3203125 0.13593750000000004 0.334375 0.18281250000000004 0.334375
0 0.2640625 0.325 0.2 0.325 0.2 0.34375 0.2640625 0.34375
0 0.3078125 0.3234375 0.278125 0.3234375 0.278125 0.3359375 0.3078125 0.3359375
0 0.390625 0.32656250000000003 0.31875 0.3265625 0.31875 0.33593750000000006 0.390625 0.3359375000000001
0 0.396875 0.33281250000000007 0.3953125 0.33281250000000007 0.3953125 0.3359375000000001 0.396875 0.3359375000000001
0 0.4390625 0.3218750000000001 0.4109375 0.3218750000000001 0.4109375 0.3390625000000001 0.4390625 0.3390625000000001
0 0.5015625 0.31718750000000007 0.4546875 0.31718750000000007 0.4546875 0.3359375000000001 0.5015625 0.3359375000000001
0 0.55 0.3218750000000001 0.5125 0.3218750000000001 0.5125 0.3359375000000001 0.55 0.3359375000000001
0 0.628125 0.3234375000000001 0.559375 0.3234375000000001 0.559375 0.3359375000000001 0.628125 0.3359375000000001
0 0.7078125 0.3203125000000001 0.634375 0.3203125000000001 0.634375 0.3359375000000001 0.7078125 0.3359375000000001
0 0.771875 0.3234375000000001 0.7203125 0.3234375000000001 0.7203125 0.3359375000000001 0.771875 0.3359375000000001
0 0.8421875 0.3218750000000001 0.78125 0.3218750000000001 0.78125 0.3390625000000001 0.8421875 0.3390625000000001
0 0.2234375000000001 0.371875 0.13906250000000003 0.371875 0.13906250000000003 0.3859375 0.2234375000000001 0.3859375
0 0.2609375000000001 0.36875 0.23593750000000008 0.36875 0.23593750000000008 0.3890625 0.2609375000000001 0.3890625
0 0.3281250000000001 0.371875 0.27031250000000007 0.371875 0.27031250000000007 0.3953125 0.3281250000000001 0.3953125
0 0.3625000000000001 0.3765625 0.3421875000000001 0.3765625 0.3421875000000001 0.384375 0.3625000000000001 0.384375
0 0.459375 0.3671875000000001 0.37187500000000007 0.3671875000000001 0.37187500000000007 0.3937500000000001 0.459375 0.3937500000000001
0 0.60625 0.3703125000000001 0.4703125 0.3703125000000001 0.4703125 0.3937500000000001 0.60625 0.3937500000000001
0 0.6578125 0.3781250000000001 0.6171875 0.3781250000000001 0.6171875 0.3859375000000001 0.6578125 0.3859375000000001
0 0.71875 0.37187500000000007 0.6625 0.37187500000000007 0.6625 0.38750000000000007 0.71875 0.38750000000000007
0 0.8421875 0.3687500000000001 0.7265625 0.3687500000000001 0.7265625 0.3859375000000001 0.8421875 0.3859375000000001
0 0.8578125 0.3828125000000001 0.8515625 0.3828125000000001 0.8515625 0.3843750000000001 0.8578125 0.3843750000000001
0 0.16406250000000006 0.4125 0.14062500000000006 0.4125 0.14062500000000006 0.4359375 0.16406250000000006 0.4359375
0 0.24218750000000008 0.4203125 0.18125000000000005 0.4203125 0.18125000000000005 0.4375 0.24218750000000008 0.4375
0 0.3312500000000001 0.4234375 0.2609375000000001 0.4234375 0.2609375000000001 0.4375 0.3312500000000001 0.4375
0 0.4 0.4234375 0.34062500000000007 0.4234375 0.34062500000000007 0.4375 0.4 0.4375
0 0.48125 0.421875 0.409375 0.421875 0.409375 0.446875 0.48125 0.446875
0 0.528125 0.425 0.496875 0.425 0.496875 0.4375 0.528125 0.4375
0 0.6578125 0.4234375 0.5421875 0.4234375 0.5421875 0.4375 0.6578125 0.4375
0 0.709375 0.4265625 0.6703125 0.4265625 0.6703125 0.4390625 0.709375 0.4390625
0 0.76875 0.4250000000000001 0.721875 0.425 0.721875 0.4375000000000001 0.76875 0.43750000000000017
0 0.809375 0.41718750000000016 0.7765625 0.41718750000000016 0.7765625 0.43750000000000017 0.809375 0.43750000000000017
0 0.9140625 0.42187500000000017 0.8203125 0.42187500000000017 0.8203125 0.4421875000000002 0.9140625 0.4421875000000002
0 0.16562500000000005 0.4671875 0.13906250000000003 0.4671875 0.13906250000000003 0.4875 0.16562500000000005 0.4875
0 0.3109375000000001 0.4671875 0.18125000000000005 0.4671875 0.18125000000000005 0.4890625 0.3109375000000001 0.4890625
0 0.3500000000000001 0.475 0.3156250000000001 0.475 0.3156250000000001 0.4890625 0.3500000000000001 0.4890625
0 0.4734375 0.46875 0.36406250000000007 0.46875 0.36406250000000007 0.4890625 0.4734375 0.4890625
0 0.5578125 0.4734375 0.478125 0.4734375 0.478125 0.4890625 0.5578125 0.4890625
0 0.621875 0.471875 0.5671875 0.471875 0.5671875 0.4875 0.621875 0.4875
0 0.7625 0.4671875000000001 0.63125 0.4671875 0.63125 0.4921875000000001 0.7625 0.49218750000000017
0 0.7765625 0.48437500000000017 0.771875 0.48437500000000017 0.771875 0.48750000000000016 0.7765625 0.48750000000000016
0 0.7984375 0.47187500000000016 0.7734375 0.47187500000000016 0.7734375 0.48437500000000017 0.7984375 0.48437500000000017
0 0.9375 0.4734375000000002 0.80625 0.4734375000000002 0.80625 0.48750000000000016 0.9375 0.48750000000000016
0 0.19218750000000004 0.521875 0.13750000000000004 0.521875 0.13750000000000004 0.5390625 0.19218750000000004 0.5390625
0 0.2375000000000001 0.5234375 0.2062500000000001 0.5234375 0.2062500000000001 0.5421875 0.2375000000000001 0.5421875
0 0.3656250000000001 0.525 0.2500000000000001 0.525 0.2500000000000001 0.540625 0.3656250000000001 0.540625
0 0.4296875 0.528125 0.3765625000000001 0.528125 0.3765625000000001 0.54375 0.4296875 0.54375
0 0.4765625 0.5265625 0.44375 0.5265625 0.44375 0.5375 0.4765625 0.5375
0 0.5796875 0.5265625 0.4890625 0.5265625 0.4890625 0.5390625 0.5796875 0.5390625
0 0.621875 0.51875 0.5875 0.51875 0.5875 0.540625 0.621875 0.540625
0 0.684375 0.51875 0.634375 0.51875 0.634375 0.546875 0.684375 0.546875
0 0.709375 0.5234375 0.690625 0.5234375 0.690625 0.5390625 0.709375 0.5390625
0 0.71875 0.534375 0.715625 0.534375 0.715625 0.5375 0.71875 0.5375