0 0.203125 0.203125 0.15312500000000004 0.203125 0.15312500000000004 0.2203125 0.203125 0.2203125
0 0.24375 0.2015625 0.221875 0.2015625 0.221875 0.225 0.24375 0.225
0 0.315625 0.2 0.259375 0.2 0.259375 0.2328125 0.315625 0.2328125
0 0.3578125 0.20625 0.325 0.20625 0.325 0.2234375 0.3578125 0.2234375
0 0.4078125 0.2062500000000001 0.371875 0.2062500000000001 0.371875 0.2218750000000001 0.4078125 0.2218750000000001
0 0.4609375 0.20468750000000008 0.4203125 0.20468750000000008 0.4203125 0.2218750000000001 0.4609375 0.2218750000000001
0 0.5484375 0.2015625000000001 0.4796875 0.2015625000000001 0.4796875 0.2250000000000001 0.5484375 0.2250000000000001
0 0.6171875 0.2000000000000001 0.5640625 0.2000000000000001 0.5640625 0.2250000000000001 0.6171875 0.2250000000000001
0 0.65 0.20312500000000008 0.6375 0.20312500000000008 0.6375 0.21875000000000008 0.65 0.21875000000000008
0 0.6796875 0.20468750000000008 0.65625 0.20468750000000008 0.65625 0.22031250000000008 0.6796875 0.22031250000000008
0 0.7171875 0.20312500000000008 0.69375 0.20312500000000008 0.69375 0.2312500000000001 0.7171875 0.2312500000000001
0 0.74375 0.2062500000000001 0.7328125 0.2062500000000001 0.7328125 0.22031250000000008 0.74375 0.22031250000000008
0 0.7828125 0.2062500000000001 0.7515625 0.2062500000000001 0.7515625 0.2234375000000001 0.7828125 0.2234375000000001
0 0.8078125 0.20468750000000008 0.784375 0.20468750000000008 0.784375 0.2218750000000001 0.8078125 0.2218750000000001
0 0.89375 0.20312500000000008 0.8125 0.20312500000000008 0.8125 0.2296875000000001 0.89375 0.2296875000000001
0 0.2234375 0.25 0.15000000000000005 0.25 0.15000000000000005 0.271875 0.2234375 0.271875
0 0.265625 0.2609375 0.2421875 0.2609375 0.2421875 0.271875 0.265625 0.271875
0 0.340625 0.2546875 0.2828125 0.2546875 0.2828125 0.2703125 0.340625 0.2703125
0 0.3765625 0.25468750000000007 0.359375 0.2546875 0.359375 0.27187500000000003 0.3765625 0.2718750000000001
0 0.43125 0.2500000000000001 0.39375 0.2500000000000001 0.39375 0.2843750000000001 0.43125 0.2843750000000001
0 0.4578125 0.2515625000000001 0.446875 0.2515625000000001 0.446875 0.27031250000000007 0.4578125 0.27031250000000007
0 0.4640625 0.2671875000000001 0.4609375 0.2671875000000001 0.4609375 0.2687500000000001 0.4640625 0.2687500000000001
0 0.5671875 0.2531250000000001 0.48125 0.2531250000000001 0.48125 0.2843750000000001 0.5671875 0.2843750000000001
0 0.6125 0.2531250000000001 0.58125 0.2531250000000001 0.58125 0.27031250000000007 0.6125 0.27031250000000007
0 0.7 0.2515625000000001 0.6265625 0.2515625000000001 0.6265625 0.2734375000000001 0.7 0.2734375000000001
0 0.7609375 0.2515625000000001 0.7125 0.2515625000000001 0.7125 0.2734375000000001 0.7609375 0.2734375000000001
0 0.8265625 0.2531250000000001 0.7765625 0.2531250000000001 0.7765625 0.2734375000000001 0.8265625 0.2734375000000001
0 0.921875 0.2500000000000001 0.8359375 0.2500000000000001 0.8359375 0.2812500000000001 0.921875 0.2812500000000001
0 0.19687500000000005 0.3015625 0.15312500000000004 0.3015625 0.15312500000000004 0.321875 0.19687500000000005 0.321875
0 0.3078125 0.3015625 0.221875 0.3015625 0.221875 0.3234375 0.3078125 0.3234375
0 0.4 0.30312500000000003 0.328125 0.303125 0.328125 0.33125000000000004 0.4 0.3312500000000001
0 0.40625 0.3218750000000001 0.4015625 0.3218750000000001 0.4015625 0.3296875000000001 0.40625 0.3296875000000001
0 0.5296875 0.3046875000000001 0.421875 0.3046875000000001 0.421875 0.3234375000000001 0.5296875 0.3234375000000001
0 0.5765625 0.3031250000000001 0.5515625 0.3031250000000001 0.5515625 0.3234375000000001 0.5765625 0.3234375000000001
0 0.6203125 0.3125000000000001 0.590625 0.3125000000000001 0.590625 0.3375000000000001 0.6203125 0.3375000000000001
0 0.678125 0.3109375000000001 0.6328125 0.3109375000000001 0.6328125 0.3234375000000001 0.678125 0.3234375000000001
0 0.746875 0.3046875000000001 0.7 0.3046875000000001 0.7 0.3234375000000001 0.746875 0.3234375000000001
0 0.8203125 0.3062500000000001 0.7578125 0.3062500000000001 0.7578125 0.3312500000000001 0.8203125 0.3312500000000001
0 0.89375 0.3000000000000001 0.8359375 0.3000000000000001 0.8359375 0.3234375000000001 0.89375 0.3234375000000001
0 0.16562500000000005 0.3609375 0.15625000000000006 0.3609375 0.15625000000000006 0.371875 0.16562500000000005 0.371875
0 0.29375000000000007 0.3546875 0.19062500000000004 0.3546875 0.19062500000000004 0.3875 0.29375000000000007 0.3875
0 0.38125000000000003 0.35625000000000007 0.31875 0.35625 0.31875000000000003 0.38125000000000003 0.3812500000000001 0.3812500000000001
0 0.3890625000000001 0.37187500000000007 0.3843750000000001 0.37187500000000007 0.3843750000000001 0.3781250000000001 0.3890625000000001 0.3781250000000001
0 0.5015625 0.3531250000000001 0.3984375 0.3531250000000001 0.39843750000000006 0.3734375000000001 0.5015625 0.3734375000000001
0 0.553125 0.3515625000000001 0.51875 0.3515625000000001 0.51875 0.3750000000000001 0.553125 0.3750000000000001
0 0.6375 0.3546875000000001 0.56875 0.3546875000000001 0.56875 0.3750000000000001 0.6375 0.3750000000000001
0 0.7046875 0.3500000000000001 0.659375 0.3500000000000001 0.659375 0.3843750000000001 0.7046875 0.3843750000000001
0 0.7515625 0.3500000000000001 0.725 0.3500000000000001 0.725 0.3843750000000001 0.7515625 0.3843750000000001
0 0.796875 0.3515625000000001 0.7625 0.3515625000000001 0.7625 0.37187500000000007 0.796875 0.37187500000000007
0 0.890625 0.34843750000000007 0.809375 0.34843750000000007 0.809375 0.3750000000000001 0.890625 0.3750000000000001
0 0.19218750000000004 0.403125 0.14687500000000003 0.403125 0.14687500000000003 0.425 0.19218750000000004 0.425
0 0.2609375000000001 0.4046875 0.21093750000000008 0.4046875 0.21093750000000008 0.4234375 0.2609375000000001 0.4234375
0 0.3046875000000001 0.4125 0.2812500000000001 0.4125 0.2812500000000001 0.43125 0.3046875000000001 0.43125
0 0.3703125000000001 0.403125 0.3203125000000001 0.403125 0.3203125000000001 0.4296875 0.3703125000000001 0.4296875
0 0.4765625 0.4046875 0.3906250000000001 0.4046875 0.3906250000000001 0.4375 0.4765625 0.4375
0 0.4875 0.421875 0.484375 0.421875 0.484375 0.4234375 0.4875 0.4234375
0 0.534375 0.403125 0.4984375 0.403125 0.4984375 0.425 0.534375 0.425
0 0.6796875 0.403125 0.5515625 0.403125 0.5515625 0.425 0.6796875 0.425
0 0.7546875 0.40312500000000007 0.6890625 0.403125 0.6890625 0.4359375000000001 0.7546875 0.4359375000000002
0 0.8484375 0.4046875000000002 0.7765625 0.4046875000000002 0.7765625 0.42500000000000016 0.8484375 0.42500000000000016
0 0.896875 0.4031250000000002 0.859375 0.4031250000000002 0.859375 0.4234375000000002 0.896875 0.4234375000000002
0 0.22812500000000008 0.4515625 0.15312500000000004 0.4515625 0.15312500000000004 0.4890625 0.22812500000000008 0.4890625
0 0.30156250000000007 0.4515625 0.2562500000000001 0.4515625 0.2562500000000001 0.484375 0.30156250000000007 0.484375
0 0.3453125000000001 0.453125 0.3218750000000001 0.453125 0.3218750000000001 0.475 0.3453125000000001 0.475
0 0.421875 0.453125 0.3609375000000001 0.453125 0.3609375000000001 0.475 0.421875 0.475
0 0.4828125 0.4609375 0.4390625 0.4609375 0.4390625 0.4765625 0.4828125 0.4765625
0 0.515625 0.4609375 0.5 0.4609375 0.5 0.475 0.515625 0.475
0 0.55625 0.459375 0.5296875 0.459375 0.5296875 0.4765625 0.55625 0.4765625
0 0.596875 0.453125 0.5671875 0.453125 0.5671875 0.4765625 0.596875 0.4765625
0 0.66875 0.4515625 0.6109375 0.4515625 0.6109375 0.475 0.66875 0.475
0 0.675 0.471875 0.66875 0.471875 0.66875 0.48125 0.675 0.48125
0 0.7234375 0.4515625 0.6859375 0.4515625 0.6859375 0.4734375 0.7234375 0.4734375
0 0.7765625 0.45312500000000017 0.740625 0.45312500000000017 0.740625 0.4734375000000002 0.7765625 0.4734375000000002
0 0.865625 0.4515625000000002 0.7984375 0.4515625000000002 0.7984375 0.48750000000000016 0.865625 0.48750000000000016
0 0.18750000000000006 0.5125 0.15625000000000006 0.5125 0.15625000000000006 0.5265625 0.18750000000000006 0.5265625
0 0.2484375000000001 0.5046875 0.2218750000000001 0.5046875 0.2218750000000001 0.525 0.2484375000000001 0.525
0 0.34843750000000007 0.5015625 0.2718750000000001 0.5015625 0.2718750000000001 0.5265625 0.34843750000000007 0.5265625
0 0.3984375000000001 0.503125 0.3765625000000001 0.503125 0.3765625000000001 0.534375 0.3984375000000001 0.534375
0 0.5109375 0.503125 0.41875 0.503125 0.41875 0.534375 0.5109375 0.534375
0 0.5171875 0.5234375 0.5140625 0.5234375 0.5140625 0.525 0.5171875 0.525