0 0.2015625 0.20625 0.15781250000000005 0.20625 0.15781250000000005 0.225 0.2015625 0.225
0 0.265625 0.209375 0.2203125 0.209375 0.2203125 0.225 0.265625 0.225
0 0.3421875 0.2078125 0.296875 0.2078125 0.296875 0.2265625 0.3421875 0.2265625
0 0.4453125 0.2078125000000001 0.3703125 0.2078125000000001 0.3703125 0.22656250000000008 0.4453125 0.22656250000000008
0 0.5125 0.21093750000000008 0.4703125 0.21093750000000008 0.4703125 0.2250000000000001 0.5125 0.2250000000000001
0 0.5921875 0.2078125000000001 0.5390625 0.2078125000000001 0.5390625 0.2250000000000001 0.5921875 0.2250000000000001
0 0.7546875 0.2062500000000001 0.6234375 0.2062500000000001 0.6234375 0.2390625000000001 0.7546875 0.2390625000000001
0 0.8140625 0.2062500000000001 0.7640625 0.2062500000000001 0.7640625 0.2406250000000001 0.8140625 0.2406250000000001
0 0.8734375 0.2062500000000001 0.83125 0.2062500000000001 0.83125 0.2250000000000001 0.8734375 0.2250000000000001
0 0.19843750000000004 0.2578125 0.15156250000000004 0.2578125 0.15156250000000004 0.290625 0.19843750000000004 0.290625
0 0.3765625 0.259375 0.2234375 0.259375 0.2234375 0.27656250000000004 0.3765625 0.2765625000000001
0 0.4484375 0.2578125000000001 0.409375 0.2578125000000001 0.409375 0.2765625000000001 0.4484375 0.2765625000000001
0 0.54375 0.25468750000000007 0.478125 0.25468750000000007 0.478125 0.2750000000000001 0.54375 0.2750000000000001
0 0.7015625 0.2562500000000001 0.58125 0.2562500000000001 0.58125 0.2890625000000001 0.7015625 0.2890625000000001
0 0.8046875 0.2656250000000001 0.7328125 0.2656250000000001 0.7328125 0.28593750000000007 0.8046875 0.28593750000000007
0 0.865625 0.2578125000000001 0.825 0.2578125000000001 0.825 0.2890625000000001 0.865625 0.2890625000000001
0 0.25 0.3078125 0.15468750000000003 0.3078125 0.15468750000000003 0.3421875 0.25 0.3421875
0 0.3484375 0.30625 0.2859375 0.30625 0.2859375 0.3375 0.3484375 0.3375
0 0.4578125 0.3062500000000001 0.384375 0.3062500000000001 0.384375 0.3359375000000001 0.4578125 0.3359375000000001
0 0.5078125 0.30937500000000007 0.4875 0.30937500000000007 0.4875 0.3281250000000001 0.5078125 0.3281250000000001
0 0.5640625 0.30937500000000007 0.5234375 0.30937500000000007 0.5234375 0.3265625000000001 0.5640625 0.3265625000000001
0 0.64375 0.30937500000000007 0.5859375 0.30937500000000007 0.5859375 0.3265625000000001 0.64375 0.3265625000000001
0 0.6546875 0.3265625000000001 0.6515625 0.3265625000000001 0.6515625 0.3281250000000001 0.6546875 0.3281250000000001
0 0.7328125 0.30937500000000007 0.6828125 0.30937500000000007 0.6828125 0.3265625000000001 0.7328125 0.3265625000000001
0 0.8 0.31718750000000007 0.7484375 0.31718750000000007 0.7484375 0.34062500000000007 0.8 0.34062500000000007
0 0.8546875 0.3109375000000001 0.8171875 0.3109375000000001 0.8171875 0.3265625000000001 0.8546875 0.3265625000000001
0 0.23593750000000005 0.35 0.15781250000000005 0.35 0.15781250000000005 0.3859375 0.23593750000000008 0.3859375
0 0.2984375 0.3578125 0.275 0.3578125 0.275 0.3890625 0.2984375000000001 0.3890625
0 0.35156250000000006 0.359375 0.334375 0.359375 0.33437500000000003 0.3765625 0.3515625000000001 0.3765625
0 0.4140625 0.3593750000000001 0.3734375 0.3593750000000001 0.37343750000000003 0.3906250000000001 0.4140625 0.3906250000000001
0 0.4796875 0.3578125000000001 0.4421875 0.3578125000000001 0.4421875 0.38750000000000007 0.4796875 0.38750000000000007
0 0.534375 0.3593750000000001 0.5109375 0.3593750000000001 0.5109375 0.37968750000000007 0.534375 0.37968750000000007
0 0.5890625 0.35625000000000007 0.546875 0.35625000000000007 0.546875 0.3859375000000001 0.5890625 0.3859375000000001
0 0.6703125 0.3609375000000001 0.6328125 0.3609375000000001 0.6328125 0.3906250000000001 0.6703125 0.3906250000000001
0 0.7328125 0.3546875000000001 0.6984375 0.3546875000000001 0.6984375 0.3906250000000001 0.7328125 0.3906250000000001
0 0.7953125 0.3578125000000001 0.7484375 0.3578125000000001 0.7484375 0.3765625000000001 0.7953125 0.3765625000000001
0 0.23437500000000008 0.4140625 0.14375000000000004 0.4140625 0.14375000000000004 0.440625 0.23437500000000008 0.440625
0 0.25468750000000007 0.4234375 0.2453125000000001 0.4234375 0.2453125000000001 0.4375 0.25468750000000007 0.4375
0 0.31718750000000007 0.4078125 0.27031250000000007 0.4078125 0.27031250000000007 0.428125 0.31718750000000007 0.428125
0 0.4046875 0.4109375 0.34062500000000007 0.4109375 0.34062500000000007 0.4265625 0.4046875 0.4265625
0 0.484375 0.403125 0.4328125 0.403125 0.4328125 0.434375 0.484375 0.434375
0 0.5515625 0.41875 0.5125 0.41875 0.5125 0.4265625 0.5515625 0.4265625
0 0.5640625 0.425 0.55625 0.425 0.55625 0.434375 0.5640625 0.434375
0 0.61875 0.4109375 0.5828125 0.4109375 0.5828125 0.4265625 0.61875 0.4265625
0 0.6984375 0.4109375 0.646875 0.4109375 0.646875 0.428125 0.6984375 0.428125
0 0.796875 0.4078125000000001 0.721875 0.4078125 0.721875 0.42656250000000007 0.796875 0.4265625000000002
0 0.8640625 0.4046875000000002 0.815625 0.4046875000000002 0.815625 0.43750000000000017 0.8640625 0.43750000000000017
0 0.18281250000000004 0.4578125 0.14062500000000006 0.4578125 0.14062500000000006 0.478125 0.18281250000000004 0.478125
0 0.2765625000000001 0.459375 0.2171875000000001 0.459375 0.2171875000000001 0.4765625 0.2765625000000001 0.4765625
0 0.2906250000000001 0.475 0.2890625000000001 0.475 0.2890625000000001 0.4765625 0.2906250000000001 0.4765625
0 0.37187500000000007 0.459375 0.3343750000000001 0.459375 0.3343750000000001 0.4859375 0.37187500000000007 0.4859375
0 0.453125 0.4671875 0.3968750000000001 0.4671875 0.3968750000000001 0.478125 0.453125 0.478125
0 0.4984375 0.4640625 0.471875 0.4640625 0.471875 0.478125 0.4984375 0.478125
0 0.5859375 0.459375 0.5296875 0.459375 0.5296875 0.4796875 0.5859375 0.4796875
0 0.6546875 0.4609375 0.6125 0.4609375 0.6125 0.478125 0.6546875 0.478125
0 0.6859375 0.459375 0.6703125 0.459375 0.6703125 0.4765625 0.6859375 0.4765625
0 0.784375 0.4640625000000001 0.7171875 0.4640625 0.7171875 0.48125000000000007 0.784375 0.4812500000000002
0 0.8484375 0.46093750000000017 0.8015625 0.46093750000000017 0.8015625 0.4812500000000002 0.8484375 0.4812500000000002
0 0.19531250000000006 0.5109375 0.14843750000000006 0.5109375 0.14843750000000006 0.5390625 0.19531250000000006 0.5390625
0 0.2171875000000001 0.5234375 0.2093750000000001 0.5234375 0.2093750000000001 0.54375 0.2171875000000001 0.54375
0 0.3046875000000001 0.5078125 0.22812500000000008 0.5078125 0.22812500000000008 0.5390625 0.3046875000000001 0.5390625
0 0.3609375000000001 0.5109375 0.3343750000000001 0.5109375 0.3343750000000001 0.5390625 0.3609375000000001 0.5390625
0 0.4890625 0.5109375 0.3859375000000001 0.5109375 0.3859375000000001 0.5296875 0.4890625 0.5296875
0 0.5375 0.5140625 0.521875 0.5140625 0.521875 0.5265625 0.5375 0.5265625
0 0.60625 0.50625 0.559375 0.50625 0.559375 0.534375 0.60625 0.534375
0 0.6625 0.5171875 0.61875 0.5171875 0.61875 0.528125 0.6625 0.528125
0 0.7171875 0.50625 0.6734375 0.50625 0.6734375 0.54375 0.7171875 0.54375
0 0.7671875 0.5109375000000002 0.7265625 0.5109375000000002 0.7265625 0.5281250000000002 0.7671875 0.5281250000000002
0 0.8640625 0.5125000000000002 0.784375 0.5125000000000002 0.784375 0.5296875000000002 0.8640625 0.5296875000000002
0 0.8734375 0.5265625000000002 0.8703125 0.5265625000000002 0.8703125 0.5281250000000002 0.8734375 0.5281250000000002