0 0.2015625 0.203125 0.14375000000000004 0.203125 0.14375000000000004 0.2265625 0.2015625 0.2265625
0 0.28125 0.2125 0.2140625 0.2125 0.2140625 0.2390625 0.28125 0.2390625
0 0.4390625 0.20468750000000005 0.2921875 0.2046875 0.2921875 0.22656250000000006 0.4390625 0.22656250000000008
0 0.5125 0.2078125000000001 0.4453125 0.2078125000000001 0.4453125 0.2328125000000001 0.5125 0.2328125000000001
0 0.5421875 0.2156250000000001 0.5171875 0.2156250000000001 0.5171875 0.22656250000000008 0.5421875 0.22656250000000008
0 0.584375 0.2078125000000001 0.5484375 0.2078125000000001 0.5484375 0.2250000000000001 0.584375 0.2250000000000001
0 0.6578125 0.2062500000000001 0.596875 0.2062500000000001 0.596875 0.22656250000000008 0.6578125 0.22656250000000008
0 0.7359375 0.2140625000000001 0.6609375 0.2140625000000001 0.6609375 0.2328125000000001 0.7359375 0.2328125000000001
0 0.865625 0.21093750000000008 0.7453125 0.21093750000000008 0.7453125 0.2328125000000001 0.865625 0.2328125000000001
0 0.16875000000000004 0.253125 0.13906250000000003 0.253125 0.13906250000000003 0.2859375 0.16875000000000004 0.2859375
0 0.2578125 0.2546875 0.16875000000000004 0.2546875 0.16875000000000004 0.2875 0.2578125 0.2875
0 0.353125 0.25625 0.26875 0.25625 0.26875 0.2765625 0.353125 0.2765625
0 0.390625 0.2562500000000001 0.3671875 0.2562500000000001 0.3671875 0.2765625000000001 0.390625 0.2765625000000001
0 0.459375 0.25468750000000007 0.3984375 0.25468750000000007 0.3984375 0.2765625000000001 0.459375 0.2765625000000001
0 0.5140625 0.25468750000000007 0.4734375 0.25468750000000007 0.4734375 0.2750000000000001 0.5140625 0.2750000000000001
0 0.5890625 0.2578125000000001 0.53125 0.2578125000000001 0.53125 0.2765625000000001 0.5890625 0.2765625000000001
0 0.5984375 0.2750000000000001 0.5953125 0.2750000000000001 0.5953125 0.2765625000000001 0.5984375 0.2765625000000001
0 0.70625 0.25468750000000007 0.6125 0.25468750000000007 0.6125 0.2906250000000001 0.70625 0.2906250000000001
0 0.715625 0.2734375000000001 0.7078125 0.2734375000000001 0.7078125 0.2843750000000001 0.715625 0.2843750000000001
0 0.7546875 0.2562500000000001 0.7265625 0.2562500000000001 0.7265625 0.2765625000000001 0.7546875 0.2765625000000001
0 0.784375 0.2578125000000001 0.7671875 0.2578125000000001 0.7671875 0.2765625000000001 0.784375 0.2765625000000001
0 0.834375 0.26250000000000007 0.809375 0.26250000000000007 0.809375 0.2765625000000001 0.834375 0.2765625000000001
0 0.8953125 0.25468750000000007 0.8421875 0.25468750000000007 0.8421875 0.27812500000000007 0.8953125 0.27812500000000007
0 0.15937500000000004 0.3046875 0.13750000000000004 0.3046875 0.13750000000000004 0.321875 0.15937500000000004 0.321875
0 0.23125 0.3140625 0.16875000000000004 0.3140625 0.16875000000000004 0.3265625 0.23125 0.3265625
0 0.290625 0.3078125 0.2515625 0.3078125 0.2515625 0.325 0.290625 0.325
0 0.415625 0.30468750000000006 0.2921875 0.3046875 0.2921875 0.3375 0.415625 0.3375000000000001
0 0.478125 0.3062500000000001 0.4234375 0.3062500000000001 0.4234375 0.3265625000000001 0.478125 0.3265625000000001
0 0.590625 0.3062500000000001 0.4984375 0.3062500000000001 0.4984375 0.3281250000000001 0.590625 0.3281250000000001
0 0.640625 0.3156250000000001 0.609375 0.3156250000000001 0.609375 0.3265625000000001 0.640625 0.3265625000000001
0 0.696875 0.3156250000000001 0.65625 0.3156250000000001 0.65625 0.3390625000000001 0.696875 0.3390625000000001
0 0.7640625 0.3078125000000001 0.70625 0.3078125000000001 0.70625 0.3296875000000001 0.7640625 0.3296875000000001
0 0.8765625 0.30937500000000007 0.775 0.30937500000000007 0.775 0.33281250000000007 0.8765625 0.33281250000000007
0 0.25625000000000003 0.3578125 0.14218750000000005 0.3578125 0.14218750000000005 0.3765625 0.2562500000000001 0.3765625
0 0.32500000000000007 0.3578125 0.2703125 0.3578125 0.27031250000000007 0.378125 0.32500000000000007 0.378125
0 0.4109375 0.35781250000000003 0.3328125 0.3578125 0.33281250000000007 0.38750000000000007 0.4109375 0.38750000000000007
0 0.453125 0.3578125000000001 0.4234375 0.3578125000000001 0.4234375 0.3765625000000001 0.453125 0.3765625000000001
0 0.6015625 0.3578125000000001 0.46875 0.3578125000000001 0.46875 0.3781250000000001 0.6015625 0.3781250000000001
0 0.64375 0.3671875000000001 0.6171875 0.3671875000000001 0.6171875 0.37968750000000007 0.64375 0.37968750000000007
0 0.803125 0.3593750000000001 0.6578125 0.3593750000000001 0.6578125 0.3781250000000001 0.803125 0.3781250000000001
0 0.86875 0.3578125000000001 0.8234375 0.3578125000000001 0.8234375 0.3781250000000001 0.86875 0.3781250000000001
0 0.2140625000000001 0.4078125 0.13906250000000003 0.4078125 0.13906250000000003 0.434375 0.2140625000000001 0.434375
0 0.3078125000000001 0.4078125 0.2312500000000001 0.4078125 0.2312500000000001 0.4265625 0.3078125000000001 0.4265625
0 0.35625000000000007 0.4171875 0.30937500000000007 0.4171875 0.30937500000000007 0.4265625 0.35625000000000007 0.4265625
0 0.4078125 0.4078125 0.37968750000000007 0.4078125 0.37968750000000007 0.428125 0.4078125 0.428125
0 0.55625 0.409375 0.4125 0.409375 0.4125 0.43125 0.55625 0.43125
0 0.6140625 0.4109375 0.5609375 0.4109375 0.5609375 0.440625 0.6140625 0.440625
0 0.609375 0.4234375 0.60625 0.4234375 0.60625 0.425 0.609375 0.425
0 0.16406250000000006 0.4515625 0.14687500000000003 0.4515625 0.14687500000000003 0.475 0.16406250000000006 0.475
0 0.2671875000000001 0.4515625 0.16250000000000003 0.4515625 0.16250000000000003 0.478125 0.2671875000000001 0.478125
0 0.2906250000000001 0.4515625 0.2734375000000001 0.4515625 0.2734375000000001 0.478125 0.2906250000000001 0.478125
0 0.515625 0.4515625 0.3031250000000001 0.4515625 0.3031250000000001 0.48125 0.515625 0.48125
0 0.575 0.4671875 0.515625 0.4671875 0.515625 0.490625 0.575 0.490625
0 0.64375 0.4671875 0.58125 0.4671875 0.58125 0.478125 0.64375 0.478125
0 0.7328125 0.4562500000000001 0.6625 0.45625 0.6625 0.4796875000000001 0.7328125 0.47968750000000016
0 0.7640625 0.4656250000000002 0.746875 0.4656250000000002 0.746875 0.4781250000000002 0.7640625 0.4781250000000002
0 0.8046875 0.46406250000000016 0.784375 0.46406250000000016 0.784375 0.47656250000000017 0.8046875 0.47656250000000017
0 0.875 0.46093750000000017 0.81875 0.46093750000000017 0.81875 0.4781250000000002 0.875 0.4781250000000002
0 0.2734375000000001 0.5078125 0.14218750000000005 0.5078125 0.14218750000000008 0.5453125 0.2734375000000001 0.5453125
0 0.3453125000000001 0.50625 0.2906250000000001 0.50625 0.2906250000000001 0.5296875 0.3453125000000001 0.5296875
0 0.5078125 0.50625 0.36406250000000007 0.50625 0.36406250000000007 0.53125 0.5078125 0.53125
0 0.6234375 0.5109375 0.5203125 0.5109375 0.5203125 0.5375 0.6234375 0.5375
0 0.6265625 0.528125 0.61875 0.528125 0.61875 0.5296875 0.6265625 0.5296875