0 0.2140625 0.2 0.15625000000000006 0.2 0.15625000000000006 0.228125 0.2140625 0.228125
0 0.26875 0.2171875 0.225 0.2171875 0.225 0.23125 0.26875 0.23125
0 0.4453125 0.20781250000000004 0.284375 0.2078125 0.284375 0.23125000000000004 0.4453125 0.2312500000000001
0 0.571875 0.2062500000000001 0.4703125 0.2062500000000001 0.4703125 0.2453125000000001 0.571875 0.2453125000000001
0 0.70625 0.20468750000000008 0.596875 0.20468750000000008 0.596875 0.2328125000000001 0.70625 0.2328125000000001
0 0.8640625 0.2078125000000001 0.721875 0.2078125000000001 0.721875 0.2312500000000001 0.8640625 0.2312500000000001
0 0.2765625 0.2609375 0.16093750000000004 0.2609375 0.16093750000000004 0.2953125 0.2765625 0.2953125
0 0.3484375 0.259375 0.309375 0.259375 0.309375 0.2828125 0.3484375 0.2828125
0 0.403125 0.25468750000000007 0.36875 0.25468750000000007 0.36875 0.2796875000000001 0.403125 0.2796875000000001
0 0.4890625 0.2562500000000001 0.4328125 0.2562500000000001 0.4328125 0.2843750000000001 0.4890625 0.2843750000000001
0 0.7 0.25468750000000007 0.5234375 0.25468750000000007 0.5234375 0.29375000000000007 0.7 0.29375000000000007
0 0.796875 0.2656250000000001 0.70625 0.2656250000000001 0.70625 0.2828125000000001 0.796875 0.2828125000000001
0 0.83125 0.27031250000000007 0.8203125 0.27031250000000007 0.8203125 0.2734375000000001 0.83125 0.2734375000000001
0 0.2390625 0.303125 0.15468750000000003 0.303125 0.15468750000000003 0.33125 0.2390625 0.33125
0 0.303125 0.303125 0.259375 0.303125 0.259375 0.34375 0.303125 0.34375
0 0.4015625 0.30625 0.2984375 0.30625 0.2984375 0.34375000000000006 0.4015625 0.3437500000000001
0 0.496875 0.3078125000000001 0.4078125 0.3078125000000001 0.4078125 0.3437500000000001 0.496875 0.3437500000000001
0 0.5765625 0.3156250000000001 0.528125 0.3156250000000001 0.528125 0.33281250000000007 0.5765625 0.33281250000000007
0 0.6515625 0.3078125000000001 0.603125 0.3078125000000001 0.603125 0.3312500000000001 0.6515625 0.3312500000000001
0 0.809375 0.3062500000000001 0.66875 0.3062500000000001 0.66875 0.33281250000000007 0.809375 0.33281250000000007
0 0.821875 0.3265625000000001 0.81875 0.3265625000000001 0.81875 0.3281250000000001 0.821875 0.3281250000000001
0 0.20468750000000005 0.3546875 0.15781250000000005 0.3546875 0.15781250000000005 0.3796875 0.20468750000000008 0.3796875
0 0.36875 0.35937500000000006 0.2171875 0.359375 0.21718750000000003 0.38281250000000006 0.3687500000000001 0.3828125000000001
0 0.5515625 0.35625000000000007 0.3921875 0.35625000000000007 0.3921875 0.403125 0.5515625 0.403125
0 0.6390625 0.3578125000000001 0.5625 0.3578125000000001 0.5625 0.3843750000000001 0.6390625 0.3843750000000001
0 0.7046875 0.3593750000000001 0.65 0.3593750000000001 0.65 0.3828125000000001 0.7046875 0.3828125000000001
0 0.8 0.35625000000000007 0.7 0.35625000000000007 0.7 0.3937500000000001 0.8 0.3937500000000001
0 0.8921875 0.3671875000000001 0.8203125 0.3671875000000001 0.8203125 0.3859375000000001 0.8921875 0.3859375000000001
0 0.2750000000000001 0.4125 0.15000000000000005 0.4125 0.15000000000000005 0.434375 0.2750000000000001 0.434375
0 0.3437500000000001 0.4078125 0.3062500000000001 0.4078125 0.3062500000000001 0.4484375 0.3437500000000001 0.4484375
0 0.40625 0.4078125 0.3625000000000001 0.4078125 0.3625000000000001 0.4359375 0.40625 0.4359375
0 0.565625 0.4109375 0.4296875 0.4109375 0.4296875 0.4609375 0.565625 0.4609375
0 0.7625 0.4078125000000001 0.584375 0.4078125 0.584375 0.4484375000000001 0.7625 0.44843750000000016
0 0.9 0.40937500000000016 0.7890625 0.40937500000000016 0.7890625 0.44843750000000016 0.9 0.44843750000000016
0 0.18593750000000003 0.453125 0.15156250000000004 0.453125 0.15156250000000004 0.50625 0.18593750000000003 0.50625
0 0.34843750000000007 0.45625 0.18125000000000005 0.45625 0.18125000000000005 0.5078125 0.34843750000000007 0.5078125
0 0.459375 0.4546875 0.3750000000000001 0.4546875 0.3750000000000001 0.4828125 0.459375 0.4828125
0 0.465625 0.4796875 0.4625 0.4796875 0.4625 0.4828125 0.465625 0.4828125
0 0.5609375 0.459375 0.496875 0.459375 0.496875 0.50625 0.5609375 0.50625
0 0.675 0.46875 0.5765625 0.46875 0.5765625 0.484375 0.675 0.484375
0 0.7953125 0.4671875000000001 0.6953125 0.4671875 0.6953125 0.5093750000000001 0.7953125 0.5093750000000001
0 0.921875 0.4593750000000002 0.8140625 0.4593750000000002 0.8140625 0.49531250000000016 0.921875 0.49531250000000016
0 0.18437500000000004 0.5078125 0.15000000000000005 0.5078125 0.15000000000000005 0.53125 0.18437500000000004 0.53125
0 0.19843750000000004 0.5296875 0.19375000000000003 0.5296875 0.19375000000000003 0.540625 0.19843750000000004 0.540625
0 0.446875 0.5109375 0.24218750000000008 0.5109375 0.24218750000000008 0.559375 0.446875 0.559375
0 0.5265625 0.5109375 0.4765625 0.5109375 0.4765625 0.534375 0.5265625 0.534375
0 0.5859375 0.509375 0.5375 0.509375 0.5375 0.534375 0.5859375 0.534375
0 0.70625 0.5171875 0.596875 0.5171875 0.596875 0.534375 0.70625 0.534375
0 0.8734375 0.5125000000000002 0.753125 0.5125000000000002 0.753125 0.5421875000000002 0.8734375 0.5421875000000002
0 0.2015625000000001 0.55625 0.1375000000000001 0.55625 0.1375000000000001 0.596875 0.2015625000000001 0.596875
0 0.27812500000000007 0.5625 0.22812500000000008 0.5625 0.22812500000000008 0.5828125 0.27812500000000007 0.5828125
0 0.4875 0.559375 0.3078125000000001 0.559375 0.3078125000000001 0.584375 0.4875 0.584375
0 0.640625 0.5625 0.5109375 0.5625 0.5109375 0.5953125 0.640625 0.5953125
0 0.7 0.5546875 0.6640625 0.5546875 0.6640625 0.590625 0.7 0.590625
0 0.7890625 0.5578125 0.6984375 0.5578125 0.6984375 0.5796875000000001 0.7890625 0.5796875000000001
0 0.796875 0.5812500000000002 0.7890625 0.5812500000000002 0.7890625 0.5906250000000002 0.796875 0.5906250000000002
0 0.9375 0.5593750000000002 0.81875 0.5593750000000002 0.81875 0.5828125000000002 0.9375 0.5828125000000002
0 0.2171875000000001 0.60625 0.1546875000000001 0.60625 0.1546875000000001 0.65625 0.2171875000000001 0.65625
0 0.3734375000000001 0.60625 0.24218750000000008 0.60625 0.24218750000000008 0.634375 0.3734375000000001 0.634375
0 0.4171875 0.6125 0.403125 0.6125 0.403125 0.63125 0.4171875 0.63125
0 0.44375 0.6125 0.4203125 0.6125 0.4203125 0.6296875 0.44375 0.6296875
0 0.4546875 0.609375 0.4390625 0.609375 0.4390625 0.6328125 0.4546875 0.6328125
0 0.540625 0.6109375 0.4796875 0.6109375 0.4796875 0.634375 0.540625 0.634375
0 0.5765625 0.6125 0.5390625 0.6125 0.5390625 0.634375 0.5765625 0.634375
0 0.65 0.615625 0.609375 0.615625 0.609375 0.634375 0.65 0.634375
0 0.684375 0.60625 0.6640625 0.60625 0.6640625 0.6296875 0.684375 0.6296875
0 0.7234375 0.60625 0.6859375 0.60625 0.6859375 0.6296875 0.7234375 0.6296875
0 0.7734375 0.6140625000000002 0.73125 0.6140625000000002 0.73125 0.6312500000000002 0.7734375 0.6312500000000002
0 0.8328125 0.6140625000000002 0.775 0.6140625000000002 0.775 0.6312500000000002 0.8328125 0.6312500000000002
0 0.953125 0.6109375000000001 0.8484375 0.6109375000000001 0.8484375 0.6312500000000002 0.953125 0.6312500000000002
0 0.18906250000000008 0.6609375 0.15781250000000008 0.6609375 0.15781250000000008 0.6875 0.18906250000000008 0.6875
0 0.2500000000000001 0.659375 0.20468750000000008 0.659375 0.20468750000000008 0.6859375 0.2500000000000001 0.6859375
0 0.5265625 0.653125 0.2718750000000001 0.653125 0.2718750000000001 0.684375 0.5265625 0.684375
0 0.578125 0.6359375 0.5671875 0.6359375 0.5671875 0.64375 0.578125 0.64375