0 0.19218750000000004 0.2078125 0.15000000000000005 0.2078125 0.15000000000000005 0.2234375 0.19218750000000004 0.2234375
0 0.2859375 0.209375 0.2203125 0.209375 0.2203125 0.225 0.2859375 0.225
0 0.3421875 0.215625 0.3078125 0.215625 0.3078125 0.2234375 0.3421875 0.2234375
0 0.453125 0.20781250000000004 0.359375 0.2078125 0.359375 0.23125000000000004 0.453125 0.2312500000000001
0 0.509375 0.21093750000000008 0.4765625 0.21093750000000008 0.4765625 0.2234375000000001 0.509375 0.2234375000000001
0 0.590625 0.2078125000000001 0.528125 0.2078125000000001 0.528125 0.2234375000000001 0.590625 0.2234375000000001
0 0.73125 0.2093750000000001 0.6109375 0.2093750000000001 0.6109375 0.2234375000000001 0.73125 0.2234375000000001
0 0.7671875 0.21093750000000008 0.746875 0.21093750000000008 0.746875 0.2250000000000001 0.7671875 0.2250000000000001
0 0.83125 0.2093750000000001 0.7796875 0.2093750000000001 0.7796875 0.2312500000000001 0.83125 0.2312500000000001
0 0.18906250000000005 0.259375 0.14843750000000006 0.259375 0.14843750000000006 0.2796875 0.18906250000000005 0.2796875
0 0.2484375 0.2578125 0.2140625 0.2578125 0.2140625 0.2796875 0.2484375 0.2796875
0 0.3359375 0.2609375 0.2734375 0.2609375 0.2734375 0.2796875 0.3359375 0.2796875
0 0.4390625 0.26250000000000007 0.3625 0.2625 0.3625 0.28125000000000006 0.4390625 0.2812500000000001
0 0.4546875 0.2718750000000001 0.4515625 0.2718750000000001 0.4515625 0.2750000000000001 0.4546875 0.2750000000000001
0 0.5203125 0.2609375000000001 0.46875 0.2609375000000001 0.46875 0.2750000000000001 0.5203125 0.2750000000000001
0 0.58125 0.2671875000000001 0.5421875 0.2671875000000001 0.5421875 0.2750000000000001 0.58125 0.2750000000000001
0 0.725 0.2609375000000001 0.6015625 0.2609375000000001 0.6015625 0.2828125000000001 0.725 0.2828125000000001
0 0.8046875 0.2609375000000001 0.7453125 0.2609375000000001 0.7453125 0.2750000000000001 0.8046875 0.2750000000000001
0 0.85 0.2593750000000001 0.8203125 0.2593750000000001 0.8203125 0.2765625000000001 0.85 0.2765625000000001
0 0.2421875 0.3078125 0.15000000000000005 0.3078125 0.15000000000000005 0.33125 0.2421875 0.33125
0 0.2546875 0.3203125 0.2484375 0.3203125 0.2484375 0.3296875 0.2546875 0.3296875
0 0.34375 0.3125 0.2796875 0.3125 0.2796875 0.325 0.34375 0.325
0 0.384375 0.3125000000000001 0.3671875 0.3125000000000001 0.3671875 0.32500000000000007 0.384375 0.32500000000000007
0 0.4171875 0.31718750000000007 0.4046875 0.31718750000000007 0.4046875 0.32500000000000007 0.4171875 0.32500000000000007
0 0.5484375 0.30937500000000007 0.44375 0.30937500000000007 0.44375 0.3312500000000001 0.5484375 0.3312500000000001
0 0.65625 0.30937500000000007 0.5703125 0.30937500000000007 0.5703125 0.3265625000000001 0.65625 0.3265625000000001
0 0.728125 0.31718750000000007 0.6734375 0.31718750000000007 0.6734375 0.3312500000000001 0.728125 0.3312500000000001
0 0.7640625 0.3109375000000001 0.74375 0.3109375000000001 0.74375 0.3265625000000001 0.7640625 0.3265625000000001
0 0.26093750000000004 0.3578125 0.15156250000000004 0.3578125 0.15156250000000004 0.371875 0.2609375000000001 0.371875
0 0.37812500000000004 0.35781250000000003 0.290625 0.3578125 0.290625 0.38125000000000003 0.3781250000000001 0.3812500000000001
0 0.4390625 0.3625000000000001 0.4046875 0.3625000000000001 0.4046875 0.3734375000000001 0.4390625 0.3734375000000001
0 0.5203125 0.3609375000000001 0.45625 0.3609375000000001 0.45625 0.37968750000000007 0.5203125 0.37968750000000007
0 0.5953125 0.36406250000000007 0.5484375 0.36406250000000007 0.5484375 0.3765625000000001 0.5953125 0.3765625000000001
0 0.653125 0.36406250000000007 0.609375 0.36406250000000007 0.609375 0.3765625000000001 0.653125 0.3765625000000001
0 0.703125 0.35625000000000007 0.675 0.35625000000000007 0.675 0.3781250000000001 0.703125 0.3781250000000001
0 0.7265625 0.3656250000000001 0.715625 0.3656250000000001 0.715625 0.3734375000000001 0.7265625 0.3734375000000001
0 0.7796875 0.3593750000000001 0.740625 0.3593750000000001 0.740625 0.3812500000000001 0.7796875 0.3812500000000001
0 0.7875 0.3734375000000001 0.7859375 0.3734375000000001 0.7859375 0.3750000000000001 0.7875 0.3750000000000001
0 0.2468750000000001 0.4109375 0.15468750000000003 0.4109375 0.15468750000000003 0.434375 0.2468750000000001 0.434375
0 0.4125 0.4125 0.2812500000000001 0.4125 0.2812500000000001 0.4328125 0.4125 0.4328125
0 0.46875 0.41875 0.4453125 0.41875 0.4453125 0.4265625 0.46875 0.4265625
0 0.6171875 0.4109375 0.4890625 0.4109375 0.4890625 0.43125 0.6171875 0.43125
0 0.6609375 0.4140625 0.6421875 0.4140625 0.6421875 0.4265625 0.6609375 0.4265625
0 0.734375 0.4125000000000001 0.671875 0.4125 0.671875 0.4328125000000001 0.734375 0.43281250000000016
0 0.7515625 0.42500000000000016 0.7453125 0.42500000000000016 0.7453125 0.4312500000000002 0.7515625 0.4312500000000002
0 0.8296875 0.4125000000000002 0.7734375 0.4125000000000002 0.7734375 0.4359375000000002 0.8296875 0.4359375000000002
0 0.19375000000000003 0.4671875 0.15625000000000006 0.4671875 0.15625000000000006 0.475 0.19375000000000003 0.475
0 0.2890625000000001 0.4609375 0.2234375000000001 0.4609375 0.2234375000000001 0.478125 0.2890625000000001 0.478125
0 0.3453125000000001 0.459375 0.3187500000000001 0.459375 0.3187500000000001 0.4796875 0.3453125000000001 0.4796875
0 0.3937500000000001 0.4625 0.3593750000000001 0.4625 0.3593750000000001 0.4765625 0.3937500000000001 0.4765625
0 0.475 0.465625 0.4125 0.465625 0.4125 0.478125 0.475 0.478125
0 0.60625 0.459375 0.50625 0.459375 0.50625 0.484375 0.60625 0.484375
0 0.653125 0.4703125 0.63125 0.4703125 0.63125 0.478125 0.653125 0.478125
0 0.75 0.46562500000000007 0.675 0.465625 0.675 0.4796875000000001 0.75 0.47968750000000016
0 0.834375 0.46406250000000016 0.778125 0.46406250000000016 0.778125 0.47968750000000016 0.834375 0.47968750000000016
0 0.20468750000000008 0.5109375 0.15781250000000005 0.5109375 0.15781250000000005 0.5265625 0.20468750000000008 0.5265625
0 0.2843750000000001 0.5125 0.2296875000000001 0.5125 0.2296875000000001 0.528125 0.2843750000000001 0.528125
0 0.3359375000000001 0.515625 0.31718750000000007 0.515625 0.31718750000000007 0.528125 0.3359375000000001 0.528125
0 0.3687500000000001 0.5203125 0.3546875000000001 0.5203125 0.3546875000000001 0.5265625 0.3687500000000001 0.5265625
0 0.425 0.5109375 0.3843750000000001 0.5109375 0.3843750000000001 0.5359375 0.425 0.5359375
0 0.440625 0.5265625 0.4359375 0.5265625 0.4359375 0.5328125 0.440625 0.5328125
0 0.48125 0.5109375 0.4671875 0.5109375 0.4671875 0.528125 0.48125 0.528125
0 0.5265625 0.5140625 0.484375 0.5140625 0.484375 0.534375 0.5265625 0.534375
0 0.6 0.5125 0.546875 0.5125 0.546875 0.534375 0.6 0.534375
0 0.7515625 0.5109375 0.625 0.5109375 0.625 0.5328125000000001 0.7515625 0.5328125000000001
0 0.8375 0.5125000000000002 0.7765625 0.5125000000000002 0.7765625 0.5359375000000002 0.8375 0.5359375000000002
0 0.2093750000000001 0.5640625 0.1593750000000001 0.5640625 0.1593750000000001 0.58125 0.2093750000000001 0.58125
0 0.2562500000000001 0.5640625 0.2375000000000001 0.5640625 0.2375000000000001 0.58125 0.2562500000000001 0.58125
0 0.29375000000000007 0.5671875 0.2796875000000001 0.5671875 0.2796875000000001 0.58125 0.29375000000000007 0.58125
0 0.3843750000000001 0.5625 0.32500000000000007 0.5625 0.32500000000000007 0.5796875 0.3843750000000001 0.5796875
0 0.4296875 0.5640625 0.4125 0.5640625 0.4125 0.578125 0.4296875 0.578125
0 0.4640625 0.56875 0.4515625 0.56875 0.4515625 0.5765625 0.4640625 0.5765625
0 0.5953125 0.5578125 0.4953125 0.5578125 0.4953125 0.5859375 0.5953125 0.5859375
0 0.71875 0.5625 0.6296875 0.5625 0.6296875 0.578125 0.71875 0.578125
0 0.2640625000000001 0.6125 0.16406250000000008 0.6125 0.16406250000000008 0.628125 0.2640625000000001 0.628125
0 0.2796875000000001 0.6203125 0.27031250000000007 0.6203125 0.27031250000000007 0.6265625 0.2796875000000001 0.6265625