0 0.21875 0.215625 0.15312500000000004 0.215625 0.15312500000000004 0.234375 0.21875 0.234375
0 0.35625 0.2140625 0.246875 0.2140625 0.246875 0.228125 0.35625 0.228125
0 0.5140625 0.2140625000000001 0.3828125 0.2140625000000001 0.3828125 0.2328125000000001 0.5140625 0.2328125000000001
0 0.6109375 0.2156250000000001 0.54375 0.2156250000000001 0.54375 0.23593750000000008 0.6109375 0.23593750000000008
0 0.7296875 0.2140625000000001 0.6328125 0.2140625000000001 0.6328125 0.2328125000000001 0.7296875 0.2328125000000001
0 0.8140625 0.2093750000000001 0.7453125 0.2093750000000001 0.7453125 0.2250000000000001 0.8140625 0.2250000000000001
0 0.2265625 0.2640625 0.15000000000000005 0.2640625 0.15000000000000005 0.2796875 0.2265625 0.2796875
0 0.2875 0.265625 0.2609375 0.265625 0.2609375 0.2859375 0.2875 0.2859375
0 0.3953125 0.26250000000000007 0.31875 0.2625 0.31875 0.28437500000000004 0.3953125 0.2843750000000001
0 0.4375 0.27031250000000007 0.421875 0.27031250000000007 0.421875 0.2796875000000001 0.4375 0.2796875000000001
0 0.5265625 0.2609375000000001 0.453125 0.2609375000000001 0.453125 0.27812500000000007 0.5265625 0.27812500000000007
0 0.759375 0.26250000000000007 0.5546875 0.26250000000000007 0.5546875 0.2828125000000001 0.759375 0.2828125000000001
0 0.828125 0.2593750000000001 0.78125 0.2593750000000001 0.78125 0.2765625000000001 0.828125 0.2765625000000001
0 0.2203125 0.3125 0.16406250000000006 0.3125 0.16406250000000006 0.3296875 0.2203125 0.3296875
0 0.3359375 0.3171875 0.25 0.3171875 0.25 0.3296875 0.3359375 0.3296875
0 0.415625 0.3156250000000001 0.3671875 0.3156250000000001 0.3671875 0.3296875000000001 0.415625 0.3296875000000001
0 0.4765625 0.3203125000000001 0.4359375 0.3203125000000001 0.4359375 0.3296875000000001 0.4765625 0.3296875000000001
0 0.5375 0.3156250000000001 0.4984375 0.3156250000000001 0.4984375 0.3281250000000001 0.5375 0.3281250000000001
0 0.646875 0.3187500000000001 0.5625 0.3187500000000001 0.5625 0.3343750000000001 0.646875 0.3343750000000001
0 0.734375 0.3140625000000001 0.6640625 0.3140625000000001 0.6640625 0.3281250000000001 0.734375 0.3281250000000001
0 0.790625 0.3187500000000001 0.7578125 0.3187500000000001 0.7578125 0.3281250000000001 0.790625 0.3281250000000001
0 0.25468750000000007 0.365625 0.16718750000000004 0.365625 0.16718750000000004 0.3859375 0.25468750000000007 0.3859375
0 0.3593750000000001 0.365625 0.29375000000000007 0.365625 0.29375000000000007 0.3796875 0.3593750000000001 0.3796875
0 0.4296875 0.36406250000000007 0.3812500000000001 0.36406250000000007 0.3812500000000001 0.3859375000000001 0.4296875 0.3859375000000001
0 0.4796875 0.36406250000000007 0.4578125 0.36406250000000007 0.4578125 0.3781250000000001 0.4796875 0.3781250000000001
0 0.60625 0.3687500000000001 0.5046875 0.3687500000000001 0.5046875 0.3859375000000001 0.60625 0.3859375000000001
0 0.6875 0.3656250000000001 0.6296875 0.3656250000000001 0.6296875 0.3781250000000001 0.6875 0.3781250000000001
0 0.8171875 0.3625000000000001 0.7109375 0.3625000000000001 0.7109375 0.3843750000000001 0.8171875 0.3843750000000001
0 0.828125 0.3750000000000001 0.825 0.3750000000000001 0.825 0.3765625000000001 0.828125 0.3765625000000001
0 0.20468750000000008 0.4171875 0.16406250000000006 0.4171875 0.16406250000000006 0.4296875 0.20468750000000008 0.4296875
0 0.3296875000000001 0.41875 0.2296875000000001 0.41875 0.2296875000000001 0.4328125 0.3296875000000001 0.4328125
0 0.4171875 0.415625 0.35625000000000007 0.415625 0.35625000000000007 0.4375 0.4171875 0.4375
0 0.4640625 0.4140625 0.440625 0.4140625 0.440625 0.4328125 0.4640625 0.4328125
0 0.55625 0.4140625 0.4859375 0.4140625 0.4859375 0.4296875 0.55625 0.4296875
0 0.640625 0.4203125 0.575 0.4203125 0.575 0.4359375 0.640625 0.4359375
0 0.703125 0.4140625 0.65625 0.4140625 0.65625 0.4375 0.703125 0.4375
0 0.7640625 0.41875000000000007 0.7234375 0.41875 0.7234375 0.4281250000000001 0.7640625 0.4281250000000002
0 0.8421875 0.41718750000000016 0.7859375 0.41718750000000016 0.7859375 0.43281250000000016 0.8421875 0.43281250000000016
0 0.2406250000000001 0.465625 0.16093750000000004 0.465625 0.16093750000000004 0.4875 0.2406250000000001 0.4875
0 0.3000000000000001 0.465625 0.26250000000000007 0.465625 0.26250000000000007 0.4875 0.3000000000000001 0.4875
0 0.4734375 0.4640625 0.3296875000000001 0.4640625 0.3296875000000001 0.48125 0.4734375 0.48125
0 0.6296875 0.465625 0.5 0.465625 0.5 0.4875 0.6296875 0.4875
0 0.64375 0.478125 0.640625 0.478125 0.640625 0.4828125 0.64375 0.4828125
0 0.70625 0.465625 0.6640625 0.465625 0.6640625 0.4796875 0.70625 0.4796875
0 0.759375 0.4718750000000001 0.7203125 0.471875 0.7203125 0.4796875000000001 0.759375 0.47968750000000016
0 0.28593750000000007 0.515625 0.16718750000000004 0.515625 0.16718750000000004 0.5328125 0.28593750000000007 0.5328125
0 0.3375000000000001 0.515625 0.3156250000000001 0.515625 0.3156250000000001 0.53125 0.3375000000000001 0.53125
0 0.465625 0.5171875 0.36406250000000007 0.5171875 0.36406250000000007 0.5375 0.465625 0.5375
0 0.515625 0.5125 0.49375 0.5125 0.49375 0.5390625 0.515625 0.5390625
0 0.578125 0.515625 0.54375 0.515625 0.54375 0.5296875 0.578125 0.5296875
0 0.6796875 0.5140625 0.6015625 0.5140625 0.6015625 0.5359375 0.6796875 0.5359375
0 0.740625 0.5218750000000001 0.7015625 0.521875 0.7015625 0.5312500000000001 0.740625 0.5312500000000002
0 0.7734375 0.5203125000000002 0.75625 0.5203125000000002 0.75625 0.5296875000000002 0.7734375 0.5296875000000002
0 0.853125 0.5125000000000002 0.79375 0.5125000000000002 0.79375 0.5296875000000002 0.853125 0.5296875000000002
0 0.1921875000000001 0.5671875 0.1609375000000001 0.5671875 0.1609375000000001 0.58125 0.1921875000000001 0.58125
0 0.2671875000000001 0.565625 0.2234375000000001 0.565625 0.2234375000000001 0.5890625 0.2671875000000001 0.5890625
0 0.2828125000000001 0.5828125 0.2812500000000001 0.5828125 0.2812500000000001 0.584375 0.2828125000000001 0.584375