0 0.2171875 0.2109375 0.14843750000000006 0.2109375 0.14843750000000006 0.240625 0.2171875 0.240625
0 0.3453125 0.2078125 0.23125 0.2078125 0.23125 0.24375 0.3453125 0.24375
0 0.421875 0.2093750000000001 0.3671875 0.2093750000000001 0.3671875 0.2406250000000001 0.421875 0.2406250000000001
0 0.496875 0.2093750000000001 0.4375 0.2093750000000001 0.4375 0.22812500000000008 0.496875 0.22812500000000008
0 0.5921875 0.21875000000000008 0.5109375 0.21875000000000008 0.5109375 0.24218750000000008 0.5921875 0.24218750000000008
0 0.6796875 0.2093750000000001 0.603125 0.2093750000000001 0.603125 0.22656250000000008 0.6796875 0.22656250000000008
0 0.796875 0.2078125000000001 0.6953125 0.2078125000000001 0.6953125 0.24218750000000008 0.796875 0.24218750000000008
0 0.846875 0.21093750000000008 0.809375 0.21093750000000008 0.809375 0.22812500000000008 0.846875 0.22812500000000008
0 0.2265625 0.2578125 0.15312500000000004 0.2578125 0.15312500000000004 0.278125 0.2265625 0.278125
0 0.30625 0.2609375 0.2421875 0.2609375 0.2421875 0.29375 0.30625 0.29375
0 0.39375 0.26093750000000004 0.3234375 0.2609375 0.3234375 0.28593750000000007 0.39375 0.28593750000000007
0 0.434375 0.2671875000000001 0.409375 0.2671875000000001 0.409375 0.2796875000000001 0.434375 0.2796875000000001
0 0.4765625 0.27031250000000007 0.453125 0.27031250000000007 0.453125 0.27812500000000007 0.4765625 0.27812500000000007
0 0.6265625 0.2578125000000001 0.4921875 0.2578125000000001 0.4921875 0.2843750000000001 0.6265625 0.2843750000000001
0 0.7390625 0.2593750000000001 0.640625 0.2593750000000001 0.640625 0.28593750000000007 0.7390625 0.28593750000000007
0 0.7875 0.26250000000000007 0.7453125 0.26250000000000007 0.7453125 0.27812500000000007 0.7875 0.27812500000000007
0 0.2625 0.3125 0.15312500000000004 0.3125 0.15312500000000004 0.3375 0.2625 0.3375
0 0.3171875 0.3109375 0.2765625 0.3109375 0.2765625 0.3359375 0.3171875 0.3359375
0 0.4 0.31093750000000003 0.3203125 0.3109375 0.3203125 0.3296875 0.4 0.3296875000000001
0 0.5671875 0.3109375000000001 0.4140625 0.3109375000000001 0.4140625 0.3296875000000001 0.5671875 0.3296875000000001
0 0.5796875 0.3218750000000001 0.571875 0.3218750000000001 0.571875 0.3343750000000001 0.5796875 0.3343750000000001
0 0.6328125 0.3125000000000001 0.59375 0.3125000000000001 0.59375 0.3281250000000001 0.6328125 0.3281250000000001
0 0.7234375 0.30937500000000007 0.65 0.30937500000000007 0.65 0.3343750000000001 0.7234375 0.3343750000000001
0 0.8015625 0.3203125000000001 0.7390625 0.3203125000000001 0.7390625 0.3281250000000001 0.8015625 0.3281250000000001
0 0.2406250000000001 0.3703125 0.15000000000000005 0.3703125 0.15000000000000005 0.3953125 0.2406250000000001 0.3953125
0 0.33281250000000007 0.371875 0.2515625000000001 0.371875 0.2515625000000001 0.3796875 0.33281250000000007 0.3796875
0 0.3937500000000001 0.37187500000000007 0.3468750000000001 0.371875 0.3468750000000001 0.37968750000000007 0.3937500000000001 0.37968750000000007
0 0.4453125 0.37187500000000007 0.40625 0.37187500000000007 0.40625 0.3781250000000001 0.4453125 0.3781250000000001
0 0.6546875 0.3593750000000001 0.4625 0.3593750000000001 0.4625 0.37968750000000007 0.6546875 0.37968750000000007
0 0.7625 0.3625000000000001 0.6671875 0.3625000000000001 0.6671875 0.3781250000000001 0.7625 0.3781250000000001
0 0.8296875 0.3593750000000001 0.7703125 0.3593750000000001 0.7703125 0.3765625000000001 0.8296875 0.3765625000000001
0 0.16875000000000004 0.4234375 0.15000000000000005 0.4234375 0.15000000000000005 0.43125 0.16875000000000004 0.43125
0 0.23593750000000008 0.4109375 0.18125000000000005 0.4109375 0.18125000000000005 0.440625 0.23593750000000008 0.440625
0 0.3234375000000001 0.4234375 0.2453125000000001 0.4234375 0.2453125000000001 0.4453125 0.3234375000000001 0.4453125
0 0.3968750000000001 0.421875 0.3359375000000001 0.421875 0.3359375000000001 0.44375 0.3968750000000001 0.44375
0 0.478125 0.4125 0.4078125 0.4125 0.4078125 0.4296875 0.478125 0.4296875
0 0.525 0.4125 0.4890625 0.4125 0.4890625 0.4296875 0.525 0.4296875
0 0.6234375 0.4109375 0.540625 0.4109375 0.540625 0.43125 0.6234375 0.43125
0 0.69375 0.4109375 0.640625 0.4109375 0.640625 0.4296875 0.69375 0.4296875
0 0.8546875 0.41093750000000007 0.709375 0.4109375 0.709375 0.4281250000000001 0.8546875 0.4281250000000002
0 0.19062500000000004 0.4625 0.14531250000000004 0.4625 0.14531250000000004 0.4875 0.19062500000000004 0.4875
0 0.3078125000000001 0.4625 0.20468750000000008 0.4625 0.20468750000000008 0.4953125 0.3078125000000001 0.4953125
0 0.471875 0.459375 0.3234375000000001 0.459375 0.3234375000000001 0.48125 0.471875 0.48125
0 0.5015625 0.4734375 0.4796875 0.4734375 0.4796875 0.48125 0.5015625 0.48125
0 0.5953125 0.4609375 0.51875 0.4609375 0.51875 0.49375 0.5953125 0.49375
0 0.73125 0.4640625000000001 0.60625 0.4640625 0.60625 0.4796875000000001 0.73125 0.47968750000000016
0 0.7828125 0.4593750000000002 0.7359375 0.4593750000000002 0.7359375 0.4859375000000002 0.7828125 0.4859375000000002
0 0.8296875 0.4625000000000002 0.7921875 0.4625000000000002 0.7921875 0.47968750000000016 0.8296875 0.47968750000000016
0 0.2468750000000001 0.5125 0.15312500000000004 0.5125 0.15312500000000004 0.5328125 0.2468750000000001 0.5328125
0 0.30937500000000007 0.5109375 0.2656250000000001 0.5109375 0.2656250000000001 0.53125 0.30937500000000007 0.53125
0 0.4453125 0.5140625 0.3203125000000001 0.5140625 0.3203125000000001 0.546875 0.4453125 0.546875
0 0.4609375 0.5265625 0.4578125 0.5265625 0.4578125 0.528125 0.4609375 0.528125
0 0.515625 0.515625 0.4796875 0.515625 0.4796875 0.5296875 0.515625 0.5296875
0 0.5796875 0.5125 0.5296875 0.5125 0.5296875 0.5296875 0.5796875 0.5296875
0 0.88125 0.5125000000000001 0.59375 0.5125 0.59375 0.5296875000000001 0.88125 0.5296875000000002
0 0.36406250000000007 0.5640625 0.14843750000000008 0.5640625 0.14843750000000008 0.584375 0.36406250000000007 0.584375
0 0.3765625000000001 0.5796875 0.3703125000000001 0.5796875 0.3703125000000001 0.5875 0.3765625000000001 0.5875
0 0.428125 0.565625 0.3937500000000001 0.565625 0.3937500000000001 0.58125 0.428125 0.58125
0 0.4671875 0.5703125 0.4375 0.5703125 0.4375 0.58125 0.4671875 0.58125
0 0.5015625 0.5734375 0.48125 0.5734375 0.48125 0.58125 0.5015625 0.58125
0 0.7046875 0.5640625 0.515625 0.5640625 0.515625 0.59375 0.7046875 0.59375
0 0.8046875 0.5593750000000001 0.71875 0.559375 0.71875 0.58125 0.8046875 0.5812500000000002
0 0.2296875000000001 0.6140625 0.15000000000000008 0.6140625 0.15000000000000008 0.6328125 0.2296875000000001 0.6328125
0 0.3468750000000001 0.615625 0.2453125000000001 0.615625 0.2453125000000001 0.646875 0.3468750000000001 0.646875
0 0.471875 0.6140625 0.3656250000000001 0.6140625 0.3656250000000001 0.6328125 0.471875 0.6328125
0 0.546875 0.6140625 0.484375 0.6140625 0.484375 0.63125 0.546875 0.63125
0 0.6171875 0.625 0.55625 0.625 0.55625 0.6453125 0.6171875 0.6453125
0 0.8203125 0.6140625000000001 0.63125 0.6140625 0.63125 0.6328125000000001 0.8203125 0.6328125000000002
0 0.8359375 0.6296875000000002 0.8296875 0.6296875000000002 0.8296875 0.6359375000000002 0.8359375 0.6359375000000002
0 0.2515625000000001 0.6640625 0.1515625000000001 0.6640625 0.1515625000000001 0.684375 0.2515625000000001 0.684375
0 0.3031250000000001 0.6765625 0.2640625000000001 0.6765625 0.2640625000000001 0.684375 0.3031250000000001 0.684375
0 0.415625 0.665625 0.3203125000000001 0.665625 0.3203125000000001 0.6953125 0.415625 0.6953125
0 0.659375 0.6640625 0.4296875 0.6640625 0.4296875 0.684375 0.659375 0.684375
0 0.7296875 0.6640625000000001 0.6734375 0.6640625 0.6734375 0.6828125 0.7296875 0.6828125000000002
0 0.815625 0.6671875000000002 0.74375 0.6671875000000002 0.74375 0.6875000000000002 0.815625 0.6875000000000002
0 0.1984375000000001 0.728125 0.1453125000000001 0.728125 0.1453125000000001 0.734375 0.1984375000000001 0.734375
0 0.25468750000000007 0.715625 0.2171875000000001 0.715625 0.2171875000000001 0.734375 0.25468750000000007 0.734375
0 0.4312500000000001 0.7140625 0.2718750000000001 0.7140625 0.2718750000000001 0.734375 0.4312500000000002 0.734375
0 0.4750000000000001 0.725 0.4390625 0.725 0.4390625000000001 0.734375 0.4750000000000002 0.734375
0 0.596875 0.7109375 0.4890625 0.7109375 0.48906250000000007 0.7328125 0.5968750000000002 0.7328125
0 0.6484375000000001 0.715625 0.6078125 0.715625 0.6078125000000001 0.746875 0.6484375000000002 0.746875
0 0.7968750000000001 0.7140625 0.6609375 0.7140625 0.6609375000000001 0.7312500000000001 0.7968750000000002 0.7312500000000002
0 0.8140625 0.7328125000000002 0.8109375 0.7328125000000002 0.8109375 0.7343750000000002 0.8140625 0.7343750000000002