0 0.2125 0.2015625 0.13437500000000005 0.2015625 0.13437500000000005 0.2484375 0.2125 0.2484375
0 0.2953125 0.215625 0.240625 0.215625 0.240625 0.2296875 0.2953125 0.2296875
0 0.4609375 0.20312500000000006 0.3234375 0.203125 0.3234375 0.25000000000000006 0.4609375 0.2500000000000001
0 0.5765625 0.2140625000000001 0.4984375 0.2140625000000001 0.4984375 0.22656250000000008 0.5765625 0.22656250000000008
0 0.771875 0.2015625000000001 0.6078125 0.2015625000000001 0.6078125 0.2406250000000001 0.771875 0.2406250000000001
0 0.8203125 0.20468750000000008 0.79375 0.20468750000000008 0.79375 0.22656250000000008 0.8203125 0.22656250000000008
0 0.259375 0.2640625 0.14062500000000006 0.2640625 0.14062500000000006 0.2984375 0.259375 0.2984375
0 0.2875 0.28125 0.278125 0.28125 0.278125 0.290625 0.2875 0.290625
0 0.434375 0.2515625 0.3046875 0.2515625 0.3046875 0.2828125 0.434375 0.2828125000000001
0 0.446875 0.2796875000000001 0.4375 0.2796875000000001 0.4375 0.2890625000000001 0.446875 0.2890625000000001
0 0.5578125 0.2562500000000001 0.46875 0.2562500000000001 0.46875 0.27812500000000007 0.5578125 0.27812500000000007
0 0.5875 0.2640625000000001 0.5703125 0.2640625000000001 0.5703125 0.27812500000000007 0.5875 0.27812500000000007
0 0.7 0.2531250000000001 0.6125 0.2531250000000001 0.6125 0.27812500000000007 0.7 0.27812500000000007
0 0.8828125 0.2593750000000001 0.71875 0.2593750000000001 0.71875 0.2890625000000001 0.8828125 0.2890625000000001
0 0.19218750000000004 0.30625 0.13750000000000004 0.30625 0.13750000000000004 0.3328125 0.19218750000000004 0.3328125
0 0.2765625 0.30625 0.2125 0.30625 0.2125 0.3296875 0.2765625 0.3296875
0 0.421875 0.31250000000000006 0.2984375 0.3125 0.2984375 0.353125 0.421875 0.3531250000000001
0 0.5125 0.3046875000000001 0.4421875 0.3046875000000001 0.4421875 0.3312500000000001 0.5125 0.3312500000000001
0 0.5984375 0.3062500000000001 0.5296875 0.3062500000000001 0.5296875 0.3281250000000001 0.5984375 0.3281250000000001
0 0.621875 0.3234375000000001 0.6125 0.3234375000000001 0.6125 0.32500000000000007 0.621875 0.32500000000000007
0 0.759375 0.2984375000000001 0.6515625 0.2984375000000001 0.6515625 0.3312500000000001 0.759375 0.3312500000000001
0 0.8390625 0.3078125000000001 0.7734375 0.3078125000000001 0.7734375 0.34062500000000007 0.8390625 0.34062500000000007
0 0.18437500000000004 0.3640625 0.13750000000000004 0.3640625 0.13750000000000004 0.3796875 0.18437500000000004 0.3796875
0 0.3296875 0.359375 0.2125 0.359375 0.21250000000000005 0.3953125 0.3296875000000001 0.3953125
0 0.434375 0.36718750000000006 0.3578125000000001 0.3671875 0.3578125000000001 0.38125000000000003 0.434375 0.3812500000000001
0 0.609375 0.3625000000000001 0.4515625 0.3625000000000001 0.4515625 0.3906250000000001 0.609375 0.3906250000000001
0 0.70625 0.3578125000000001 0.634375 0.3578125000000001 0.634375 0.3828125000000001 0.70625 0.3828125000000001
0 0.8046875 0.3578125000000001 0.734375 0.3578125000000001 0.734375 0.39531250000000007 0.8046875 0.39531250000000007
0 0.8875 0.3671875000000001 0.825 0.3671875000000001 0.825 0.37968750000000007 0.8875 0.37968750000000007
0 0.9 0.38750000000000007 0.8875 0.38750000000000007 0.8875 0.3984375000000001 0.9 0.3984375000000001
0 0.2171875000000001 0.40625 0.14687500000000003 0.40625 0.14687500000000003 0.4328125 0.2171875000000001 0.4328125
0 0.3000000000000001 0.4078125 0.24218750000000008 0.4078125 0.24218750000000008 0.446875 0.3000000000000001 0.446875
0 0.37968750000000007 0.4171875 0.3281250000000001 0.4171875 0.3281250000000001 0.434375 0.37968750000000007 0.434375
0 0.515625 0.40625 0.4078125 0.40625 0.4078125 0.4328125 0.515625 0.4328125
0 0.771875 0.4062500000000001 0.5296875 0.40625 0.5296875 0.4328125000000001 0.771875 0.43281250000000016
0 0.8640625 0.4125000000000002 0.796875 0.4125000000000002 0.796875 0.43281250000000016 0.8640625 0.43281250000000016
0 0.2250000000000001 0.4609375 0.15156250000000004 0.4609375 0.15156250000000004 0.4859375 0.2250000000000001 0.4859375
0 0.3234375000000001 0.4578125 0.2468750000000001 0.4578125 0.2468750000000001 0.4828125 0.3234375000000001 0.4828125
0 0.3515625000000001 0.4703125 0.3359375000000001 0.4703125 0.3359375000000001 0.4828125 0.3515625000000001 0.4828125
0 0.446875 0.45625 0.3828125000000001 0.45625 0.3828125000000001 0.496875 0.446875 0.496875
0 0.546875 0.4578125 0.478125 0.4578125 0.478125 0.48125 0.546875 0.48125
0 0.6453125 0.4578125 0.5734375 0.4578125 0.5734375 0.4828125 0.6453125 0.4828125
0 0.7859375 0.4625000000000001 0.6640625 0.4625 0.6640625 0.4828125000000001 0.7859375 0.4828125000000002
0 0.871875 0.4656250000000002 0.8015625 0.4656250000000002 0.8015625 0.4812500000000002 0.871875 0.4812500000000002
0 0.8875 0.47968750000000016 0.88125 0.47968750000000016 0.88125 0.4812500000000002 0.8875 0.4812500000000002