0 0.19375000000000003 0.209375 0.14687500000000003 0.209375 0.14687500000000003 0.225 0.19375000000000003 0.225
0 0.275 0.2125 0.20625 0.2125 0.20625 0.225 0.275 0.225
0 0.471875 0.20937500000000003 0.290625 0.209375 0.290625 0.23906250000000004 0.471875 0.2390625000000001
0 0.5265625 0.2093750000000001 0.4875 0.2093750000000001 0.4875 0.23437500000000008 0.5265625 0.23437500000000008
0 0.571875 0.21093750000000008 0.528125 0.21093750000000008 0.528125 0.22812500000000008 0.571875 0.22812500000000008
0 0.646875 0.2093750000000001 0.5859375 0.2093750000000001 0.5859375 0.2406250000000001 0.646875 0.2406250000000001
0 0.7203125 0.2093750000000001 0.6546875 0.2093750000000001 0.6546875 0.23437500000000008 0.7203125 0.23437500000000008
0 0.75625 0.21093750000000008 0.7296875 0.21093750000000008 0.7296875 0.22656250000000008 0.75625 0.22656250000000008
0 0.809375 0.2093750000000001 0.765625 0.2093750000000001 0.765625 0.22656250000000008 0.809375 0.22656250000000008
0 0.246875 0.2609375 0.14843750000000006 0.2609375 0.14843750000000006 0.278125 0.246875 0.278125
0 0.365625 0.26093750000000004 0.2625 0.2609375 0.2625 0.27812500000000007 0.365625 0.27812500000000007
0 0.384375 0.2734375000000001 0.3734375 0.2734375000000001 0.3734375 0.2843750000000001 0.384375 0.2843750000000001
0 0.4671875 0.2718750000000001 0.3984375 0.2718750000000001 0.3984375 0.27812500000000007 0.4671875 0.27812500000000007
0 0.5484375 0.26250000000000007 0.48125 0.26250000000000007 0.48125 0.27812500000000007 0.5484375 0.27812500000000007
0 0.715625 0.2593750000000001 0.5609375 0.2593750000000001 0.5609375 0.2906250000000001 0.715625 0.2906250000000001
0 0.85625 0.2578125000000001 0.73125 0.2578125000000001 0.73125 0.2843750000000001 0.85625 0.2843750000000001
0 0.26875 0.309375 0.14531250000000004 0.309375 0.14531250000000004 0.34375 0.26875 0.34375
0 0.2796875 0.328125 0.2734375 0.328125 0.2734375 0.3328125 0.2796875 0.3328125
0 0.3453125 0.3109375 0.29375 0.3109375 0.29375 0.3296875 0.3453125 0.3296875
0 0.4875 0.31250000000000006 0.3609375 0.3125 0.3609375 0.3296875 0.4875 0.3296875000000001
0 0.5828125 0.3109375000000001 0.496875 0.3109375000000001 0.496875 0.3281250000000001 0.5828125 0.3281250000000001
0 0.640625 0.3203125000000001 0.5921875 0.3203125000000001 0.5921875 0.3265625000000001 0.640625 0.3265625000000001
0 0.73125 0.3109375000000001 0.653125 0.3109375000000001 0.653125 0.3343750000000001 0.73125 0.3343750000000001
0 0.871875 0.3140625000000001 0.7453125 0.3140625000000001 0.7453125 0.3281250000000001 0.871875 0.3281250000000001
0 0.17343750000000005 0.36875 0.14375000000000004 0.36875 0.14375000000000004 0.3796875 0.17343750000000005 0.3796875
0 0.23437500000000008 0.3734375 0.18125000000000005 0.3734375 0.18125000000000005 0.3875 0.23437500000000008 0.3875
0 0.32656250000000003 0.3625 0.24375 0.3625 0.24375000000000005 0.3796875 0.3265625000000001 0.3796875
0 0.3437500000000001 0.3796875 0.3359375000000001 0.3796875 0.3359375000000001 0.3875 0.3437500000000001 0.3875
0 0.428125 0.36250000000000004 0.3578125 0.3625 0.35781250000000003 0.37968750000000007 0.428125 0.37968750000000007
0 0.5 0.3593750000000001 0.43125 0.3593750000000001 0.43125 0.3781250000000001 0.5 0.3781250000000001
0 0.5625 0.3609375000000001 0.5125 0.3609375000000001 0.5125 0.3781250000000001 0.5625 0.3781250000000001
0 0.7125 0.3609375000000001 0.578125 0.3609375000000001 0.578125 0.3937500000000001 0.7125 0.3937500000000001
0 0.803125 0.36406250000000007 0.7265625 0.36406250000000007 0.7265625 0.3781250000000001 0.803125 0.3781250000000001
0 0.2453125000000001 0.4125 0.13906250000000003 0.4125 0.13906250000000003 0.440625 0.2453125000000001 0.440625
0 0.39531250000000007 0.4109375 0.2578125000000001 0.4109375 0.2578125000000001 0.4375 0.39531250000000007 0.4375
0 0.4578125 0.4234375 0.409375 0.4234375 0.409375 0.43125 0.4578125 0.43125
0 0.5328125 0.4125 0.4734375 0.4125 0.4734375 0.4296875 0.5328125 0.4296875
0 0.5984375 0.4125 0.5421875 0.4125 0.5421875 0.43125 0.5984375 0.43125
0 0.6953125 0.4140625 0.603125 0.4140625 0.603125 0.440625 0.6953125 0.440625
0 0.7 0.4265625 0.6921875 0.4265625 0.6921875 0.434375 0.7 0.434375
0 0.79375 0.4125000000000001 0.7109375 0.4125 0.7109375 0.4281250000000001 0.79375 0.4281250000000002
0 0.21875000000000008 0.4640625 0.13750000000000004 0.4640625 0.13750000000000004 0.48125 0.21875000000000008 0.48125
0 0.2921875000000001 0.4640625 0.2312500000000001 0.4640625 0.2312500000000001 0.48125 0.2921875000000001 0.48125
0 0.3734375000000001 0.471875 0.30156250000000007 0.471875 0.30156250000000007 0.48125 0.3734375000000001 0.48125
0 0.43125 0.465625 0.3937500000000001 0.465625 0.3937500000000001 0.48125 0.43125 0.48125
0 0.5609375 0.4625 0.4390625 0.4625 0.4390625 0.49375 0.5609375 0.49375
0 0.565625 0.478125 0.5640625 0.478125 0.5640625 0.4796875 0.565625 0.4796875
0 0.65 0.4640625 0.584375 0.4640625 0.584375 0.4796875 0.65 0.4796875
0 0.7359375 0.4609375000000001 0.6625 0.4609375 0.6625 0.4796875000000001 0.7359375 0.47968750000000016
0 0.821875 0.4625000000000002 0.7484375 0.4625000000000002 0.7484375 0.4781250000000002 0.821875 0.4781250000000002
0 0.30937500000000007 0.5140625 0.14062500000000006 0.5140625 0.14062500000000006 0.55 0.30937500000000007 0.55
0 0.403125 0.515625 0.3234375000000001 0.515625 0.3234375000000001 0.5453125 0.403125 0.5453125
0 0.4546875 0.5140625 0.4171875 0.5140625 0.4171875 0.53125 0.4546875 0.53125
0 0.525 0.5125 0.4671875 0.5125 0.4671875 0.53125 0.525 0.53125
0 0.6484375 0.5125 0.540625 0.5125 0.540625 0.5453125 0.6484375 0.5453125
0 0.7296875 0.5125000000000001 0.659375 0.5125 0.659375 0.5296875000000001 0.7296875 0.5296875000000002
0 0.74375 0.5281250000000002 0.7359375 0.5281250000000002 0.7359375 0.5343750000000002 0.74375 0.5343750000000002
0 0.7953125 0.5234375000000002 0.75625 0.5234375000000002 0.75625 0.5312500000000002 0.7953125 0.5312500000000002
0 0.21093750000000008 0.5640625 0.14843750000000008 0.5640625 0.14843750000000008 0.596875 0.21093750000000008 0.596875
0 0.2796875000000001 0.5734375 0.22656250000000008 0.5734375 0.22656250000000008 0.58125 0.2796875000000001 0.58125
0 0.35625000000000007 0.565625 0.2968750000000001 0.565625 0.2968750000000001 0.5828125 0.35625000000000007 0.5828125
0 0.4578125 0.5640625 0.3656250000000001 0.5640625 0.3656250000000001 0.59375 0.4578125 0.59375
0 0.5125 0.5734375 0.4734375 0.5734375 0.4734375 0.58125 0.5125 0.58125
0 0.6390625 0.5625 0.521875 0.5625 0.521875 0.59375 0.6390625 0.59375
0 0.68125 0.575 0.65 0.575 0.65 0.58125 0.68125 0.58125
0 0.746875 0.5640625000000001 0.69375 0.5640625 0.69375 0.5796875000000001 0.746875 0.5796875000000001
0 0.27812500000000007 0.615625 0.1546875000000001 0.615625 0.1546875000000001 0.6328125 0.27812500000000007 0.6328125
0 0.35625000000000007 0.6265625 0.2906250000000001 0.6265625 0.2906250000000001 0.6328125 0.35625000000000007 0.6328125
0 0.44375 0.615625 0.37187500000000007 0.615625 0.37187500000000007 0.6328125 0.44375 0.6328125
0 0.50625 0.625 0.453125 0.625 0.453125 0.63125 0.50625 0.63125
0 0.59375 0.615625 0.521875 0.615625 0.521875 0.63125 0.59375 0.63125
0 0.8671875 0.6140625000000001 0.6046875 0.6140625 0.6046875 0.64375 0.8671875 0.6437500000000002
0 0.2578125000000001 0.6640625 0.1531250000000001 0.6640625 0.1531250000000001 0.684375 0.2578125000000001 0.684375
0 0.3109375000000001 0.66875 0.2734375000000001 0.66875 0.2734375000000001 0.6828125 0.3109375000000001 0.6828125
0 0.41875 0.6640625 0.3265625000000001 0.6640625 0.3265625000000001 0.69375 0.41875 0.69375
0 0.4875 0.665625 0.4359375 0.665625 0.4359375 0.6828125 0.4875 0.6828125
0 0.5875 0.675 0.5015625 0.675 0.5015625 0.6828125 0.5875 0.6828125
0 0.6640625 0.6734375 0.6046875 0.6734375 0.6046875 0.696875 0.6640625 0.696875
0 0.6796875 0.6828125 0.6765625 0.6828125 0.6765625 0.684375 0.6796875 0.684375