0 0.19062500000000004 0.2109375 0.15156250000000004 0.2109375 0.15156250000000004 0.221875 0.19062500000000004 0.221875
0 0.275 0.2109375 0.2203125 0.2109375 0.2203125 0.221875 0.275 0.221875
0 0.353125 0.2109375 0.3125 0.2109375 0.3125 0.225 0.353125 0.225
0 0.4125 0.2156250000000001 0.3734375 0.2156250000000001 0.3734375 0.2375000000000001 0.4125 0.2375000000000001
0 0.5296875 0.2171875000000001 0.446875 0.2171875000000001 0.446875 0.22812500000000008 0.5296875 0.22812500000000008
0 0.6 0.21250000000000008 0.5640625 0.21250000000000008 0.5640625 0.2296875000000001 0.6 0.2296875000000001
0 0.678125 0.2140625000000001 0.625 0.2140625000000001 0.625 0.23593750000000008 0.678125 0.23593750000000008
0 0.725 0.2171875000000001 0.70625 0.2171875000000001 0.70625 0.22812500000000008 0.725 0.22812500000000008
0 0.8265625 0.2156250000000001 0.753125 0.2156250000000001 0.753125 0.22812500000000008 0.8265625 0.22812500000000008
0 0.2390625 0.259375 0.15937500000000004 0.259375 0.15937500000000004 0.275 0.2390625 0.275
0 0.30625 0.2640625 0.275 0.2640625 0.275 0.278125 0.30625 0.278125
0 0.4109375 0.27187500000000003 0.3390625 0.271875 0.3390625 0.28593750000000007 0.4109375 0.28593750000000007
0 0.45625 0.2734375000000001 0.4296875 0.2734375000000001 0.4296875 0.2796875000000001 0.45625 0.2796875000000001
0 0.5671875 0.2656250000000001 0.484375 0.2656250000000001 0.484375 0.28593750000000007 0.5671875 0.28593750000000007
0 0.6078125 0.2671875000000001 0.5921875 0.2671875000000001 0.5921875 0.2796875000000001 0.6078125 0.2796875000000001
0 0.6796875 0.2718750000000001 0.63125 0.2718750000000001 0.63125 0.2843750000000001 0.6796875 0.2843750000000001
0 0.809375 0.2671875000000001 0.6875 0.2671875000000001 0.6875 0.2875000000000001 0.809375 0.2875000000000001
0 0.8671875 0.2687500000000001 0.8296875 0.2687500000000001 0.8296875 0.2812500000000001 0.8671875 0.2812500000000001
0 0.17656250000000004 0.315625 0.15781250000000005 0.315625 0.15781250000000005 0.3328125 0.17656250000000004 0.3328125
0 0.253125 0.3171875 0.2046875 0.3171875 0.2046875 0.33125 0.253125 0.33125
0 0.309375 0.3203125 0.2671875 0.3203125 0.2671875 0.33125 0.309375 0.33125
0 0.3734375 0.31562500000000004 0.3296875 0.315625 0.3296875 0.33593750000000006 0.3734375 0.3359375000000001
0 0.4203125 0.3203125000000001 0.3921875 0.3203125000000001 0.3921875 0.3312500000000001 0.4203125 0.3312500000000001
0 0.4796875 0.3234375000000001 0.434375 0.3234375000000001 0.434375 0.33281250000000007 0.4796875 0.33281250000000007
0 0.509375 0.3203125000000001 0.4953125 0.3203125000000001 0.4953125 0.3296875000000001 0.509375 0.3296875000000001
0 0.5921875 0.3187500000000001 0.5109375 0.3187500000000001 0.5109375 0.3296875000000001 0.5921875 0.3296875000000001
0 0.6796875 0.3234375000000001 0.621875 0.3234375000000001 0.621875 0.3296875000000001 0.6796875 0.3296875000000001
0 0.728125 0.3234375000000001 0.7109375 0.3234375000000001 0.7109375 0.3296875000000001 0.728125 0.3296875000000001
0 0.7984375 0.3187500000000001 0.7515625 0.3187500000000001 0.7515625 0.33281250000000007 0.7984375 0.33281250000000007
0 0.18437500000000004 0.3671875 0.15156250000000004 0.3671875 0.15156250000000004 0.378125 0.18437500000000004 0.378125
0 0.2921875000000001 0.3671875 0.2093750000000001 0.3671875 0.2093750000000001 0.38125 0.2921875000000001 0.38125
0 0.37968750000000007 0.37500000000000006 0.3265625000000001 0.375 0.3265625000000001 0.38125000000000003 0.37968750000000007 0.3812500000000001
0 0.4375 0.3750000000000001 0.40625 0.3750000000000001 0.40625 0.3812500000000001 0.4375 0.3812500000000001
0 0.5390625 0.37187500000000007 0.4625 0.37187500000000007 0.4625 0.38750000000000007 0.5390625 0.38750000000000007
0 0.6125 0.37187500000000007 0.56875 0.37187500000000007 0.56875 0.3828125000000001 0.6125 0.3828125000000001
0 0.725 0.3687500000000001 0.634375 0.3687500000000001 0.634375 0.3812500000000001 0.725 0.3812500000000001
0 0.73125 0.37968750000000007 0.7296875 0.37968750000000007 0.7296875 0.3843750000000001 0.73125 0.3843750000000001
0 0.7984375 0.3703125000000001 0.7671875 0.3703125000000001 0.7671875 0.3812500000000001 0.7984375 0.3812500000000001
0 0.875 0.3734375000000001 0.8203125 0.3734375000000001 0.8203125 0.38750000000000007 0.875 0.38750000000000007
0 0.2296875000000001 0.4171875 0.14531250000000004 0.4171875 0.14531250000000004 0.4296875 0.2296875000000001 0.4296875
0 0.3671875000000001 0.4171875 0.2671875000000001 0.4171875 0.2671875000000001 0.4296875 0.3671875000000001 0.4296875
0 0.4234375 0.4234375 0.3921875000000001 0.4234375 0.3921875000000001 0.4296875 0.4234375 0.4296875
0 0.53125 0.4203125 0.4421875 0.4203125 0.4421875 0.440625 0.53125 0.440625
0 0.5984375 0.425 0.5578125 0.425 0.5578125 0.43125 0.5984375 0.43125
0 0.6484375 0.428125 0.6296875 0.428125 0.6296875 0.4328125 0.6484375 0.4328125
0 0.76875 0.41875000000000007 0.6828125 0.41875 0.6828125 0.4375000000000001 0.76875 0.43750000000000017
0 0.83125 0.4203125000000002 0.790625 0.4203125000000002 0.790625 0.43281250000000016 0.83125 0.43281250000000016
0 0.8875 0.4203125000000002 0.846875 0.4203125000000002 0.846875 0.43281250000000016 0.8875 0.43281250000000016
0 0.18437500000000004 0.465625 0.14687500000000003 0.465625 0.14687500000000003 0.4796875 0.18437500000000004 0.4796875
0 0.28593750000000007 0.46875 0.2218750000000001 0.46875 0.2218750000000001 0.4828125 0.28593750000000007 0.4828125
0 0.3359375000000001 0.46875 0.3156250000000001 0.46875 0.3156250000000001 0.4859375 0.3359375000000001 0.4859375
0 0.4046875 0.471875 0.3578125000000001 0.471875 0.3578125000000001 0.484375 0.4046875 0.484375
0 0.484375 0.478125 0.4328125 0.478125 0.4328125 0.4921875 0.484375 0.4921875
0 0.546875 0.46875 0.5140625 0.46875 0.5140625 0.4796875 0.546875 0.4796875
0 0.6296875 0.4703125 0.575 0.4703125 0.575 0.48125 0.6296875 0.48125
0 0.7015625 0.471875 0.653125 0.471875 0.653125 0.4828125 0.7015625 0.4828125
0 0.771875 0.4750000000000001 0.725 0.475 0.725 0.4906250000000001 0.771875 0.4906250000000002
0 0.8734375 0.46875000000000017 0.8015625 0.46875000000000017 0.8015625 0.4812500000000002 0.8734375 0.4812500000000002
0 0.19531250000000006 0.5203125 0.14531250000000004 0.5203125 0.14531250000000004 0.53125 0.19531250000000006 0.53125
0 0.3156250000000001 0.521875 0.22812500000000008 0.521875 0.22812500000000008 0.540625 0.3156250000000001 0.540625
0 0.3312500000000001 0.5296875 0.3281250000000001 0.5296875 0.3281250000000001 0.53125 0.3312500000000001 0.53125