0 0.3515625 0.2109375 0.15156250000000004 0.2109375 0.15156250000000004 0.2421875 0.3515625 0.2421875
0 0.428125 0.21093750000000008 0.365625 0.21093750000000008 0.365625 0.23593750000000008 0.428125 0.23593750000000008
0 0.490625 0.21875000000000008 0.4390625 0.21875000000000008 0.4390625 0.22812500000000008 0.490625 0.22812500000000008
0 0.5984375 0.2093750000000001 0.50625 0.2093750000000001 0.50625 0.22656250000000008 0.5984375 0.22656250000000008
0 0.7484375 0.2062500000000001 0.6125 0.2062500000000001 0.6125 0.2328125000000001 0.7484375 0.2328125000000001
0 0.7546875 0.22656250000000008 0.7484375 0.22656250000000008 0.7484375 0.2328125000000001 0.7546875 0.2328125000000001
0 0.81875 0.2093750000000001 0.7703125 0.2093750000000001 0.7703125 0.22656250000000008 0.81875 0.22656250000000008
0 0.2 0.2640625 0.15000000000000005 0.2640625 0.15000000000000005 0.2796875 0.2 0.2796875
0 0.2671875 0.2640625 0.2046875 0.2640625 0.2046875 0.2921875 0.2671875 0.2921875
0 0.39375 0.26093750000000004 0.2828125 0.2609375 0.2828125 0.29531250000000003 0.39375 0.2953125000000001
0 0.415625 0.27031250000000007 0.39375 0.27031250000000007 0.39375 0.2765625000000001 0.415625 0.2765625000000001
0 0.6265625 0.2593750000000001 0.4296875 0.2593750000000001 0.4296875 0.2906250000000001 0.6265625 0.2906250000000001
0 0.6859375 0.2687500000000001 0.6328125 0.2687500000000001 0.6328125 0.2765625000000001 0.6859375 0.2765625000000001
0 0.75 0.2687500000000001 0.6984375 0.2687500000000001 0.6984375 0.2765625000000001 0.75 0.2765625000000001
0 0.8015625 0.26250000000000007 0.7515625 0.26250000000000007 0.7515625 0.2750000000000001 0.8015625 0.2750000000000001
0 0.853125 0.2609375000000001 0.8109375 0.2609375000000001 0.8109375 0.2765625000000001 0.853125 0.2765625000000001
0 0.215625 0.3109375 0.14687500000000003 0.3109375 0.14687500000000003 0.33125 0.215625 0.33125
0 0.2171875 0.328125 0.215625 0.328125 0.215625 0.3296875 0.2171875 0.3296875
0 0.2859375 0.3125 0.2296875 0.3125 0.2296875 0.3296875 0.2859375 0.3296875
0 0.3734375 0.31093750000000003 0.3 0.3109375 0.3 0.34062500000000007 0.3734375 0.34062500000000007
0 0.459375 0.3140625000000001 0.3875 0.3140625000000001 0.3875 0.3281250000000001 0.459375 0.3281250000000001
0 0.5640625 0.30937500000000007 0.4828125 0.30937500000000007 0.4828125 0.3281250000000001 0.5640625 0.3281250000000001
0 0.63125 0.3078125000000001 0.5796875 0.3078125000000001 0.5796875 0.3343750000000001 0.63125 0.3343750000000001
0 0.7546875 0.3078125000000001 0.6484375 0.3078125000000001 0.6484375 0.3265625000000001 0.7546875 0.3265625000000001
0 0.840625 0.3125000000000001 0.765625 0.3125000000000001 0.765625 0.3265625000000001 0.840625 0.3265625000000001
0 0.23281250000000003 0.3609375 0.15000000000000005 0.3609375 0.15000000000000005 0.3890625 0.2328125000000001 0.3890625
0 0.37968750000000007 0.35937500000000006 0.2453125 0.359375 0.24531250000000004 0.39531250000000007 0.37968750000000007 0.39531250000000007
0 0.4046875 0.3765625000000001 0.3984375000000001 0.3765625000000001 0.3984375000000001 0.3828125000000001 0.4046875 0.3828125000000001
0 0.5484375 0.3578125000000001 0.4234375 0.3578125000000001 0.4234375 0.3921875000000001 0.5484375 0.3921875000000001
0 0.625 0.3609375000000001 0.5640625 0.3609375000000001 0.5640625 0.39531250000000007 0.625 0.39531250000000007
0 0.696875 0.3687500000000001 0.640625 0.3687500000000001 0.640625 0.3781250000000001 0.696875 0.3781250000000001
0 0.7890625 0.3609375000000001 0.7109375 0.3609375000000001 0.7109375 0.3781250000000001 0.7890625 0.3781250000000001
0 0.2921875000000001 0.4171875 0.14687500000000003 0.4171875 0.14687500000000003 0.440625 0.2921875000000001 0.440625
0 0.38750000000000007 0.4140625 0.3109375000000001 0.4140625 0.3109375000000001 0.43125 0.38750000000000007 0.43125
0 0.4765625 0.4125 0.3968750000000001 0.4125 0.3968750000000001 0.428125 0.4765625 0.428125
0 0.5546875 0.4125 0.4921875 0.4125 0.4921875 0.4421875 0.5546875 0.4421875
0 0.68125 0.409375 0.5625 0.409375 0.5625 0.428125 0.68125 0.428125
0 0.6890625 0.4265625 0.6875 0.4265625 0.6875 0.428125 0.6890625 0.428125
0 0.7421875 0.4156250000000001 0.703125 0.415625 0.703125 0.4281250000000001 0.7421875 0.4281250000000002
0 0.81875 0.40937500000000016 0.759375 0.40937500000000016 0.759375 0.4281250000000002 0.81875 0.4281250000000002
0 0.2328125000000001 0.4625 0.14843750000000006 0.4625 0.14843750000000006 0.4828125 0.2328125000000001 0.4828125
0 0.3500000000000001 0.4625 0.2531250000000001 0.4625 0.2531250000000001 0.48125 0.3500000000000001 0.48125
0 0.3656250000000001 0.4796875 0.3609375000000001 0.4796875 0.3609375000000001 0.4859375 0.3656250000000001 0.4859375
0 0.4671875 0.4609375 0.3812500000000001 0.4609375 0.3812500000000001 0.48125 0.4671875 0.48125
0 0.515625 0.465625 0.4875 0.465625 0.4875 0.4796875 0.515625 0.4796875
0 0.6265625 0.4609375 0.53125 0.4609375 0.53125 0.49375 0.6265625 0.49375
0 0.6828125 0.471875 0.6421875 0.471875 0.6421875 0.4796875 0.6828125 0.4796875
0 0.8703125 0.4609375000000001 0.69375 0.4609375 0.69375 0.4875000000000001 0.8703125 0.48750000000000016
0 0.19531250000000006 0.5140625 0.14687500000000003 0.5140625 0.14687500000000003 0.5390625 0.19531250000000006 0.5390625
0 0.2593750000000001 0.5125 0.20468750000000008 0.5125 0.20468750000000008 0.5328125 0.2593750000000001 0.5328125
0 0.37968750000000007 0.5140625 0.2750000000000001 0.5140625 0.2750000000000001 0.5453125 0.37968750000000007 0.5453125
0 0.4640625 0.5140625 0.3921875000000001 0.5140625 0.3921875000000001 0.53125 0.4640625 0.53125
0 0.48125 0.528125 0.475 0.528125 0.475 0.534375 0.48125 0.534375
0 0.5390625 0.5234375 0.496875 0.5234375 0.496875 0.53125 0.5390625 0.53125
0 0.6203125 0.5125 0.553125 0.5125 0.553125 0.5453125 0.6203125 0.5453125
0 0.7125 0.5125 0.6359375 0.5125 0.6359375 0.5296875 0.7125 0.5296875
0 0.790625 0.5109375000000002 0.73125 0.5109375000000002 0.73125 0.5281250000000002 0.790625 0.5281250000000002
0 0.2812500000000001 0.5625 0.1531250000000001 0.5625 0.1531250000000001 0.5828125 0.2812500000000001 0.5828125
0 0.475 0.5625 0.2968750000000001 0.5625 0.2968750000000001 0.59375 0.475 0.59375
0 0.53125 0.5609375 0.4921875 0.5609375 0.4921875 0.5875 0.53125 0.5875
0 0.615625 0.5640625 0.534375 0.5640625 0.534375 0.596875 0.615625 0.596875
0 0.6875 0.5625 0.63125 0.5625 0.63125 0.5796875 0.6875 0.5796875
0 0.7765625 0.565625 0.7 0.565625 0.7 0.5921875000000001 0.7765625 0.5921875000000002
0 0.2796875000000001 0.6140625 0.1515625000000001 0.6140625 0.1515625000000001 0.634375 0.2796875000000001 0.634375
0 0.44375 0.6171875 0.2968750000000001 0.6171875 0.2968750000000001 0.6328125 0.44375 0.6328125
0 0.5953125 0.6140625 0.45625 0.6140625 0.45625 0.6328125 0.5953125 0.6328125
0 0.6484375 0.615625 0.6109375 0.615625 0.6109375 0.6328125 0.6484375 0.6328125
0 0.80625 0.6125 0.6640625 0.6125 0.6640625 0.6406250000000001 0.80625 0.6406250000000002
0 0.19687500000000008 0.6640625 0.1515625000000001 0.6640625 0.1515625000000001 0.690625 0.19687500000000008 0.690625
0 0.3000000000000001 0.665625 0.2140625000000001 0.665625 0.2140625000000001 0.7 0.3000000000000001 0.7
0 0.3968750000000001 0.6640625 0.3140625000000001 0.6640625 0.3140625000000001 0.696875 0.3968750000000001 0.696875
0 0.5109375 0.665625 0.4140625 0.665625 0.4140625 0.690625 0.5109375 0.690625
0 0.5265625 0.6796875 0.5234375 0.6796875 0.5234375 0.68125 0.5265625 0.68125