0 0.17031250000000003 0.2078125 0.13750000000000004 0.2078125 0.13750000000000004 0.2265625 0.17031250000000003 0.2265625
0 0.20625 0.2140625 0.18281250000000004 0.2140625 0.18281250000000004 0.2265625 0.20625 0.2265625
0 0.2828125 0.2109375 0.2265625 0.2109375 0.2265625 0.228125 0.2828125 0.228125
0 0.3640625 0.22031250000000005 0.290625 0.2203125 0.290625 0.24062500000000003 0.3640625 0.2406250000000001
0 0.4171875 0.21250000000000008 0.38125 0.21250000000000008 0.38125 0.22812500000000008 0.4171875 0.22812500000000008
0 0.5140625 0.2078125000000001 0.4265625 0.2078125000000001 0.4265625 0.22656250000000008 0.5140625 0.22656250000000008
0 0.5734375 0.22031250000000008 0.53125 0.22031250000000008 0.53125 0.22656250000000008 0.5734375 0.22656250000000008
0 0.7328125 0.21250000000000008 0.5890625 0.21250000000000008 0.5890625 0.2250000000000001 0.7328125 0.2250000000000001
0 0.309375 0.265625 0.13906250000000003 0.265625 0.13906250000000003 0.2890625 0.309375 0.2890625
0 0.43125 0.26250000000000007 0.321875 0.2625 0.321875 0.27812500000000007 0.43125 0.27812500000000007
0 0.503125 0.26250000000000007 0.44375 0.26250000000000007 0.44375 0.2906250000000001 0.503125 0.2906250000000001
0 0.5828125 0.2609375000000001 0.515625 0.2609375000000001 0.515625 0.2843750000000001 0.5828125 0.2843750000000001
0 0.6671875 0.26250000000000007 0.59375 0.26250000000000007 0.59375 0.2765625000000001 0.6671875 0.2765625000000001
0 0.728125 0.2609375000000001 0.678125 0.2609375000000001 0.678125 0.2765625000000001 0.728125 0.2765625000000001
0 0.8484375 0.26250000000000007 0.74375 0.26250000000000007 0.74375 0.2765625000000001 0.8484375 0.2765625000000001
0 0.3015625 0.3140625 0.13593750000000004 0.3140625 0.13593750000000004 0.33125 0.3015625 0.33125
0 0.3140625 0.3234375 0.3046875 0.3234375 0.3046875 0.334375 0.3140625 0.334375
0 0.3875 0.31093750000000003 0.3359375 0.3109375 0.3359375 0.3296875 0.3875 0.3296875000000001
0 0.50625 0.3125000000000001 0.3984375 0.3125000000000001 0.3984375 0.3375000000000001 0.50625 0.3375000000000001
0 0.5828125 0.3203125000000001 0.5171875 0.3203125000000001 0.5171875 0.3437500000000001 0.5828125 0.3437500000000001
0 0.665625 0.3109375000000001 0.596875 0.3109375000000001 0.596875 0.3281250000000001 0.665625 0.3281250000000001
0 0.8421875 0.3062500000000001 0.678125 0.3062500000000001 0.678125 0.34062500000000007 0.8421875 0.34062500000000007
0 0.20000000000000004 0.3609375 0.13750000000000004 0.3609375 0.13750000000000004 0.38125 0.2000000000000001 0.38125
0 0.29375000000000007 0.3609375 0.215625 0.3609375 0.21562500000000004 0.38125 0.29375000000000007 0.38125
0 0.30156250000000007 0.3796875 0.2968750000000001 0.3796875 0.2968750000000001 0.3828125 0.30156250000000007 0.3828125
0 0.3921875 0.3609375 0.315625 0.3609375 0.31562500000000004 0.37968750000000007 0.3921875000000001 0.37968750000000007
0 0.4609375 0.3625000000000001 0.40625 0.3625000000000001 0.40625 0.37968750000000007 0.4609375 0.37968750000000007
0 0.5703125 0.3625000000000001 0.4734375 0.3625000000000001 0.4734375 0.37968750000000007 0.5703125 0.37968750000000007
0 0.6296875 0.37187500000000007 0.584375 0.37187500000000007 0.584375 0.3781250000000001 0.6296875 0.3781250000000001
0 0.73125 0.3609375000000001 0.6453125 0.3609375000000001 0.6453125 0.38750000000000007 0.73125 0.38750000000000007
0 0.2890625000000001 0.4140625 0.13281250000000006 0.4140625 0.13281250000000006 0.4375 0.2890625000000001 0.4375
0 0.3828125000000001 0.415625 0.3078125000000001 0.415625 0.3078125000000001 0.43125 0.3828125000000001 0.43125
0 0.459375 0.4171875 0.39531250000000007 0.4171875 0.39531250000000007 0.44375 0.459375 0.44375
0 0.55 0.421875 0.4765625 0.421875 0.4765625 0.4296875 0.55 0.4296875
0 0.559375 0.425 0.55625 0.425 0.55625 0.4265625 0.559375 0.4265625
0 0.6328125 0.4125 0.5796875 0.4125 0.5796875 0.4453125 0.6328125 0.4453125
0 0.709375 0.4140625 0.64375 0.4140625 0.64375 0.4375 0.709375 0.4375
0 0.7890625 0.42187500000000017 0.73125 0.42187500000000017 0.73125 0.42968750000000017 0.7890625 0.42968750000000017
0 0.2593750000000001 0.4625 0.13281250000000006 0.4625 0.13281250000000006 0.4875 0.2593750000000001 0.4875
0 0.3453125000000001 0.465625 0.27031250000000007 0.465625 0.27031250000000007 0.4828125 0.3453125000000001 0.4828125
0 0.49375 0.465625 0.34843750000000007 0.465625 0.34843750000000007 0.4953125 0.49375 0.4953125
0 0.6515625 0.4640625 0.5109375 0.4640625 0.5109375 0.4796875 0.6515625 0.4796875
0 0.703125 0.465625 0.6640625 0.465625 0.6640625 0.4796875 0.703125 0.4796875
0 0.8078125 0.4625000000000001 0.71875 0.4625 0.71875 0.4796875000000001 0.8078125 0.47968750000000016
0 0.17656250000000004 0.515625 0.14062500000000006 0.515625 0.14062500000000006 0.5328125 0.17656250000000004 0.5328125
0 0.2531250000000001 0.525 0.18281250000000004 0.525 0.18281250000000007 0.5453125 0.2531250000000001 0.5453125
0 0.3671875000000001 0.5140625 0.26250000000000007 0.5140625 0.26250000000000007 0.540625 0.3671875000000001 0.540625
0 0.3843750000000001 0.53125 0.3828125000000001 0.53125 0.3828125000000001 0.5328125 0.3843750000000001 0.5328125
0 0.4359375 0.5140625 0.4015625 0.5140625 0.4015625 0.53125 0.4359375 0.53125
0 0.528125 0.5125 0.45 0.5125 0.45 0.53125 0.528125 0.53125
0 0.640625 0.521875 0.5390625 0.521875 0.5390625 0.5359375 0.640625 0.5359375
0 0.7546875 0.5125000000000001 0.6515625 0.5125 0.6515625 0.5437500000000001 0.7546875 0.5437500000000002
0 0.828125 0.5125000000000002 0.7640625 0.5125000000000002 0.7640625 0.5437500000000002 0.828125 0.5437500000000002
0 0.1921875000000001 0.5765625 0.1437500000000001 0.5765625 0.1437500000000001 0.584375 0.1921875000000001 0.584375
0 0.2671875000000001 0.5640625 0.2078125000000001 0.5640625 0.2078125000000001 0.58125 0.2671875000000001 0.58125
0 0.490625 0.5625 0.2843750000000001 0.5625 0.2843750000000001 0.5828125 0.490625 0.5828125
0 0.5796875 0.5671875 0.50625 0.5671875 0.50625 0.58125 0.5796875 0.58125
0 0.5859375 0.58125 0.58125 0.58125 0.58125 0.5859375 0.5859375 0.5859375
0 0.6421875 0.5640625 0.6 0.5640625 0.6 0.58125 0.6421875 0.58125
0 0.75 0.5625000000000001 0.6609375 0.5625 0.6609375 0.5875000000000001 0.75 0.5875000000000001
0 0.8078125 0.5609375000000002 0.7671875 0.5609375000000002 0.7671875 0.5859375000000002 0.8078125 0.5859375000000002
0 0.22656250000000008 0.615625 0.1437500000000001 0.615625 0.1437500000000001 0.634375 0.22656250000000008 0.634375
0 0.44375 0.6125 0.24375000000000008 0.6125 0.24375000000000008 0.6484375 0.44375 0.6484375
0 0.4640625 0.63125 0.45625 0.63125 0.45625 0.6375 0.4640625 0.6375
0 0.5578125 0.615625 0.478125 0.615625 0.478125 0.634375 0.5578125 0.634375
0 0.7234375 0.6140625 0.5671875 0.6140625 0.5671875 0.6453125 0.7234375 0.6453125
0 0.825 0.6125000000000002 0.7421875 0.6125000000000002 0.7421875 0.6312500000000002 0.825 0.6312500000000002
0 0.1671875000000001 0.6765625 0.1468750000000001 0.6765625 0.1468750000000001 0.6859375 0.1671875000000001 0.6859375
0 0.3218750000000001 0.6640625 0.18906250000000008 0.6640625 0.18906250000000008 0.696875 0.3218750000000001 0.696875
0 0.46875 0.6640625 0.3375000000000001 0.6640625 0.3375000000000001 0.690625 0.46875 0.690625
0 0.5296875 0.6640625 0.4828125 0.6640625 0.4828125 0.690625 0.5296875 0.690625
0 0.6234375 0.665625 0.540625 0.665625 0.540625 0.6828125 0.6234375 0.6828125
0 0.6359375 0.68125 0.6328125 0.68125 0.6328125 0.684375 0.6359375 0.684375