0 0.2234375 0.2046875 0.15312500000000004 0.2046875 0.15312500000000004 0.23125 0.2234375 0.23125
0 0.284375 0.2203125 0.2375 0.2203125 0.2375 0.23125 0.284375 0.23125
0 0.3671875 0.22187500000000004 0.303125 0.221875 0.303125 0.23437500000000006 0.3671875 0.23437500000000008
0 0.45 0.2171875000000001 0.3828125 0.2171875000000001 0.3828125 0.24375000000000008 0.45 0.24375000000000008
0 0.5671875 0.2078125000000001 0.4546875 0.2078125000000001 0.4546875 0.2515625000000001 0.5671875 0.2515625000000001
0 0.6359375 0.2218750000000001 0.5828125 0.2218750000000001 0.5828125 0.2453125000000001 0.6359375 0.2453125000000001
0 0.8078125 0.21250000000000008 0.6515625 0.21250000000000008 0.6515625 0.2312500000000001 0.8078125 0.2312500000000001
0 0.89375 0.2093750000000001 0.828125 0.2093750000000001 0.828125 0.2312500000000001 0.89375 0.2312500000000001
0 0.2390625 0.2640625 0.14375000000000004 0.2640625 0.14375000000000004 0.2921875 0.2390625 0.2921875
0 0.30625 0.259375 0.2703125 0.259375 0.2703125 0.2984375 0.30625 0.2984375
0 0.3734375 0.26406250000000003 0.3140625 0.2640625 0.3140625 0.28437500000000004 0.3734375 0.2843750000000001
0 0.4078125 0.2796875000000001 0.4 0.2796875000000001 0.4 0.28593750000000007 0.4078125 0.28593750000000007
0 0.49375 0.26250000000000007 0.4125 0.26250000000000007 0.4125 0.2812500000000001 0.49375 0.2812500000000001
0 0.5125 0.26250000000000007 0.50625 0.26250000000000007 0.50625 0.2687500000000001 0.5125 0.2687500000000001
0 0.55625 0.2609375000000001 0.525 0.2609375000000001 0.525 0.2984375000000001 0.55625 0.2984375000000001
0 0.7390625 0.26250000000000007 0.565625 0.26250000000000007 0.565625 0.2843750000000001 0.7390625 0.2843750000000001
0 0.909375 0.2593750000000001 0.7484375 0.2593750000000001 0.7484375 0.2875000000000001 0.909375 0.2875000000000001
0 0.9265625 0.26250000000000007 0.9171875 0.26250000000000007 0.9171875 0.2812500000000001 0.9265625 0.2812500000000001
0 0.2 0.3125 0.15156250000000004 0.3125 0.15156250000000004 0.3328125 0.2 0.3328125
0 0.3546875 0.3125 0.2109375 0.3125 0.2109375 0.3421875 0.3546875 0.3421875
0 0.45625 0.3109375000000001 0.371875 0.3109375000000001 0.371875 0.3312500000000001 0.45625 0.3312500000000001
0 0.5125 0.3218750000000001 0.4734375 0.3218750000000001 0.4734375 0.33281250000000007 0.5125 0.33281250000000007
0 0.625 0.3187500000000001 0.5171875 0.3187500000000001 0.5171875 0.3343750000000001 0.625 0.3343750000000001
0 0.921875 0.3125000000000001 0.6359375 0.3125000000000001 0.6359375 0.34843750000000007 0.921875 0.34843750000000007
0 0.9171875 0.3375000000000001 0.9109375 0.3375000000000001 0.9109375 0.3437500000000001 0.9171875 0.3437500000000001
0 0.22031250000000008 0.3640625 0.14843750000000006 0.3640625 0.14843750000000006 0.384375 0.22031250000000008 0.384375
0 0.29218750000000004 0.3625 0.2359375 0.3625 0.23593750000000005 0.384375 0.2921875000000001 0.384375
0 0.4125 0.36406250000000007 0.3140625000000001 0.3640625 0.3140625000000001 0.38281250000000006 0.4125 0.3828125000000001
0 0.51875 0.3656250000000001 0.4296875 0.3656250000000001 0.4296875 0.3937500000000001 0.51875 0.3937500000000001
0 0.5234375 0.3843750000000001 0.5203125 0.3843750000000001 0.5203125 0.38750000000000007 0.5234375 0.38750000000000007
0 0.5734375 0.3687500000000001 0.540625 0.3687500000000001 0.540625 0.3859375000000001 0.5734375 0.3859375000000001
0 0.675 0.3687500000000001 0.59375 0.3687500000000001 0.59375 0.3984375000000001 0.675 0.3984375000000001
0 0.6890625 0.3734375000000001 0.6796875 0.3734375000000001 0.6796875 0.3812500000000001 0.6890625 0.3812500000000001
0 0.765625 0.3625000000000001 0.696875 0.3625000000000001 0.696875 0.3812500000000001 0.765625 0.3812500000000001
0 0.840625 0.3671875000000001 0.7796875 0.3671875000000001 0.7796875 0.3828125000000001 0.840625 0.3828125000000001
0 0.971875 0.3671875000000001 0.853125 0.3671875000000001 0.853125 0.3890625000000001 0.971875 0.3890625000000001
0 0.2531250000000001 0.415625 0.14843750000000006 0.415625 0.14843750000000006 0.4421875 0.2531250000000001 0.4421875
0 0.2984375000000001 0.4109375 0.27031250000000007 0.4109375 0.27031250000000007 0.44375 0.2984375000000001 0.44375
0 0.3671875000000001 0.4140625 0.3140625000000001 0.4140625 0.3140625000000001 0.434375 0.3671875000000001 0.434375
0 0.4765625 0.4125 0.3921875000000001 0.4125 0.3921875000000001 0.43125 0.4765625 0.43125
0 0.5328125 0.4125 0.5 0.4125 0.5 0.4421875 0.5328125 0.4421875
0 0.6125 0.415625 0.5390625 0.415625 0.5390625 0.434375 0.6125 0.434375
0 0.771875 0.4203125000000001 0.634375 0.4203125 0.634375 0.4359375000000001 0.771875 0.4359375000000002
0 0.9515625 0.41406250000000017 0.7828125 0.41406250000000017 0.7828125 0.4390625000000002 0.9515625 0.4390625000000002
0 0.17968750000000006 0.471875 0.15000000000000005 0.471875 0.15000000000000005 0.4828125 0.17968750000000006 0.4828125
0 0.3375000000000001 0.4625 0.20312500000000008 0.4625 0.20312500000000008 0.484375 0.3375000000000001 0.484375
0 0.4421875 0.4671875 0.3578125000000001 0.4671875 0.3578125000000001 0.4859375 0.4421875 0.4859375
0 0.45 0.48125 0.44375 0.48125 0.44375 0.4890625 0.45 0.4890625
0 0.6484375 0.46875 0.46875 0.46875 0.46875 0.5015625 0.6484375 0.5015625
0 0.65625 0.4828125 0.65 0.4828125 0.65 0.4921875 0.65625 0.4921875
0 0.734375 0.46562500000000007 0.678125 0.465625 0.678125 0.4828125000000001 0.734375 0.4828125000000002
0 0.909375 0.4625000000000002 0.75625 0.4625000000000002 0.75625 0.4859375000000002 0.909375 0.4859375000000002
0 0.953125 0.4671875000000002 0.9234375 0.4671875000000002 0.9234375 0.4937500000000002 0.953125 0.4937500000000002
0 0.2171875000000001 0.5234375 0.14843750000000006 0.5234375 0.14843750000000006 0.5515625 0.2171875000000001 0.5515625
0 0.2953125000000001 0.515625 0.23593750000000008 0.515625 0.23593750000000008 0.53125 0.2953125000000001 0.53125
0 0.3390625000000001 0.5234375 0.3078125000000001 0.5234375 0.3078125000000001 0.5328125 0.3390625000000001 0.5328125
0 0.3828125000000001 0.525 0.3531250000000001 0.525 0.3531250000000001 0.5328125 0.3828125000000001 0.5328125
0 0.3921875000000001 0.5328125 0.3906250000000001 0.5328125 0.3906250000000001 0.534375 0.3921875000000001 0.534375
0 0.5109375 0.5125 0.4125 0.5125 0.4125 0.5328125 0.5109375 0.5328125
0 0.5734375 0.5140625 0.521875 0.5140625 0.521875 0.5328125 0.5734375 0.5328125
0 0.7375 0.5156250000000001 0.5859375 0.515625 0.5859375 0.55 0.7375 0.5500000000000002
0 0.7984375 0.5171875000000001 0.75625 0.5171875000000001 0.75625 0.5484375000000001 0.7984375 0.5484375000000001
0 0.8375 0.5218750000000002 0.815625 0.5218750000000002 0.815625 0.5359375000000002 0.8375 0.5359375000000002
0 0.89375 0.5218750000000002 0.8578125 0.5218750000000002 0.8578125 0.5359375000000002 0.89375 0.5359375000000002
0 0.9375 0.5203125000000002 0.9046875 0.5203125000000002 0.9046875 0.5359375000000002 0.9375 0.5359375000000002
0 0.2562500000000001 0.5640625 0.1515625000000001 0.5640625 0.1515625000000001 0.5859375 0.2562500000000001 0.5859375
0 0.3234375000000001 0.559375 0.2890625000000001 0.559375 0.2890625000000001 0.596875 0.3234375000000001 0.596875
0 0.34843750000000007 0.58125 0.34062500000000007 0.58125 0.34062500000000007 0.5875 0.34843750000000007 0.5875
0 0.4515625 0.565625 0.3546875000000001 0.565625 0.3546875000000001 0.584375 0.4515625 0.584375
0 0.4546875 0.5671875 0.45 0.5671875 0.45 0.571875 0.4546875 0.571875
0 0.465625 0.56875 0.45625 0.56875 0.45625 0.5875 0.465625 0.5875
0 0.5546875 0.565625 0.509375 0.565625 0.509375 0.5828125 0.5546875 0.5828125
0 0.6453125 0.5640625 0.5671875 0.5640625 0.5671875 0.5859375 0.6453125 0.5859375
0 0.7078125 0.578125 0.6578125 0.578125 0.6578125 0.603125 0.7078125 0.603125
0 0.859375 0.5687500000000001 0.725 0.56875 0.725 0.5859375000000001 0.859375 0.5859375000000002
0 0.9578125 0.5703125000000002 0.8765625 0.5703125000000002 0.8765625 0.5859375000000002 0.9578125 0.5859375000000002
0 0.1859375000000001 0.6125 0.15781250000000008 0.6125 0.15781250000000008 0.646875 0.1859375000000001 0.646875
0 0.28593750000000007 0.6171875 0.2000000000000001 0.6171875 0.2000000000000001 0.634375 0.28593750000000007 0.634375
0 0.3750000000000001 0.6125 0.3062500000000001 0.6125 0.3062500000000001 0.6359375 0.3750000000000001 0.6359375
0 0.421875 0.621875 0.3968750000000001 0.621875 0.3968750000000001 0.6375 0.421875 0.6375
0 0.4875 0.61875 0.4375 0.61875 0.4375 0.6375 0.4875 0.6375
0 0.6046875 0.6203125 0.515625 0.6203125 0.515625 0.6359375 0.6046875 0.6359375
0 0.6640625 0.6140625 0.6265625 0.6140625 0.6265625 0.65 0.6640625 0.65
0 0.78125 0.6187500000000001 0.6765625 0.61875 0.6765625 0.6343750000000001 0.78125 0.6343750000000001
0 0.821875 0.6140625000000002 0.80625 0.6140625000000002 0.80625 0.6359375000000002 0.821875 0.6359375000000002