0 0.228125 0.19843750000000002 0.17343750000000005 0.1984375 0.17343750000000005 0.2234375 0.228125 0.2234375
0 0.29375 0.2015625 0.253125 0.2015625 0.253125 0.2390625 0.29375 0.2390625
0 0.3484375 0.19843750000000004 0.31875 0.19843750000000004 0.31875 0.234375 0.3484375 0.234375
0 0.415625 0.19687500000000005 0.371875 0.19687500000000005 0.371875 0.2234375000000001 0.415625 0.2234375000000001
0 0.5265625 0.2000000000000001 0.4421875 0.2000000000000001 0.4421875 0.2234375000000001 0.5265625 0.2234375000000001
0 0.5671875 0.2093750000000001 0.5546875 0.2093750000000001 0.5546875 0.2218750000000001 0.5671875 0.2218750000000001
0 0.615625 0.2000000000000001 0.59375 0.2000000000000001 0.59375 0.2218750000000001 0.615625 0.2218750000000001
0 0.6703125 0.2015625000000001 0.6359375 0.2015625000000001 0.6359375 0.2218750000000001 0.6703125 0.2218750000000001
0 0.75 0.20312500000000008 0.7078125 0.20312500000000008 0.7078125 0.2234375000000001 0.75 0.2234375000000001
0 0.8765625 0.2000000000000001 0.778125 0.2000000000000001 0.778125 0.2218750000000001 0.8765625 0.2218750000000001
0 0.33125 0.2546875 0.17812500000000003 0.2546875 0.17812500000000003 0.2859375 0.33125 0.2859375
0 0.3921875 0.25468750000000007 0.3671875 0.25468750000000007 0.3671875 0.2734375000000001 0.3921875 0.2734375000000001
0 0.4984375 0.25468750000000007 0.4265625 0.25468750000000007 0.4265625 0.2750000000000001 0.4984375 0.2750000000000001
0 0.553125 0.2656250000000001 0.51875 0.2656250000000001 0.51875 0.2734375000000001 0.553125 0.2734375000000001
0 0.6296875 0.2531250000000001 0.5828125 0.2531250000000001 0.5828125 0.2734375000000001 0.6296875 0.2734375000000001
0 0.75625 0.2515625000000001 0.6484375 0.2515625000000001 0.6484375 0.2875000000000001 0.75625 0.2875000000000001
0 0.8609375 0.25468750000000007 0.7828125 0.25468750000000007 0.7828125 0.2750000000000001 0.8609375 0.2750000000000001
0 0.2046875 0.3125 0.17343750000000005 0.3125 0.17343750000000005 0.3234375 0.2046875 0.3234375
0 0.2703125 0.3140625 0.2375 0.3140625 0.2375 0.3234375 0.2703125 0.3234375
0 0.3171875 0.303125 0.296875 0.303125 0.296875 0.321875 0.3171875 0.321875
0 0.421875 0.30781250000000004 0.3515625 0.3078125 0.3515625 0.32500000000000007 0.421875 0.32500000000000007
0 0.48125 0.3031250000000001 0.453125 0.3031250000000001 0.453125 0.3234375000000001 0.48125 0.3234375000000001
0 0.584375 0.3156250000000001 0.5140625 0.3156250000000001 0.5140625 0.3375000000000001 0.584375 0.3375000000000001
0 0.5984375 0.3203125000000001 0.596875 0.3203125000000001 0.596875 0.3218750000000001 0.5984375 0.3218750000000001
0 0.66875 0.3046875000000001 0.6390625 0.3046875000000001 0.6390625 0.3218750000000001 0.66875 0.3218750000000001
0 0.74375 0.3078125000000001 0.6859375 0.3078125000000001 0.6859375 0.32500000000000007 0.74375 0.32500000000000007
0 0.828125 0.30937500000000007 0.771875 0.30937500000000007 0.771875 0.3234375000000001 0.828125 0.3234375000000001
0 0.26250000000000007 0.3546875 0.17343750000000005 0.3546875 0.17343750000000005 0.390625 0.26250000000000007 0.390625
0 0.35468750000000004 0.3515625 0.2921875 0.3515625 0.29218750000000004 0.38125 0.3546875000000001 0.38125
0 0.440625 0.3656250000000001 0.38750000000000007 0.3656250000000001 0.38750000000000007 0.3734375000000001 0.440625 0.3734375000000001
0 0.5421875 0.3546875000000001 0.465625 0.3546875000000001 0.465625 0.3890625000000001 0.5421875 0.3890625000000001
0 0.6296875 0.3546875000000001 0.5828125 0.3546875000000001 0.5828125 0.3734375000000001 0.6296875 0.3734375000000001
0 0.7 0.3515625000000001 0.6609375 0.3515625000000001 0.6609375 0.37187500000000007 0.7 0.37187500000000007
0 0.759375 0.3515625000000001 0.7296875 0.3515625000000001 0.7296875 0.3734375000000001 0.759375 0.3734375000000001
0 0.8390625 0.3656250000000001 0.765625 0.3656250000000001 0.765625 0.3734375000000001 0.8390625 0.3734375000000001
0 0.22031250000000008 0.4046875 0.18125000000000005 0.4046875 0.18125000000000005 0.425 0.22031250000000008 0.425
0 0.3734375000000001 0.403125 0.2593750000000001 0.403125 0.2593750000000001 0.4375 0.3734375000000001 0.4375
0 0.50625 0.403125 0.4046875 0.403125 0.4046875 0.4203125 0.50625 0.4203125
0 0.5734375 0.4015625 0.534375 0.4015625 0.534375 0.4234375 0.5734375 0.4234375
0 0.621875 0.4046875 0.60625 0.4046875 0.60625 0.421875 0.621875 0.421875
0 0.7171875 0.3968750000000001 0.6484375 0.3968750000000001 0.6484375 0.434375 0.7171875 0.434375
0 0.8078125 0.40937500000000016 0.75 0.40937500000000016 0.75 0.4234375000000002 0.8078125 0.4234375000000002
0 0.2218750000000001 0.45625 0.17968750000000006 0.45625 0.17968750000000006 0.4734375 0.2218750000000001 0.4734375
0 0.27812500000000007 0.4546875 0.2609375000000001 0.4546875 0.2609375000000001 0.4734375 0.27812500000000007 0.4734375
0 0.34062500000000007 0.4546875 0.3156250000000001 0.4546875 0.3156250000000001 0.475 0.34062500000000007 0.475
0 0.4296875 0.4546875 0.38750000000000007 0.4546875 0.38750000000000007 0.475 0.4296875 0.475
0 0.4890625 0.45 0.4546875 0.45 0.4546875 0.4875 0.4890625 0.4875
0 0.61875 0.45 0.5171875 0.45 0.5171875 0.4875 0.61875 0.4875
0 0.6359375 0.4734375 0.6296875 0.4734375 0.6296875 0.48125 0.6359375 0.48125
0 0.7140625 0.4515625 0.6578125 0.4515625 0.6578125 0.478125 0.7140625 0.478125
0 0.784375 0.45625000000000016 0.7390625 0.45625000000000016 0.7390625 0.47656250000000017 0.784375 0.47656250000000017
0 0.8625 0.4515625000000002 0.8109375 0.4515625000000002 0.8109375 0.48437500000000017 0.8625 0.48437500000000017
0 0.20312500000000008 0.5 0.17968750000000006 0.5 0.17968750000000006 0.5375 0.20312500000000008 0.5375
0 0.3125000000000001 0.5015625 0.2375000000000001 0.5015625 0.2375000000000001 0.525 0.3125000000000001 0.525
0 0.32500000000000007 0.5203125 0.3218750000000001 0.5203125 0.3218750000000001 0.521875 0.32500000000000007 0.521875
0 0.409375 0.50625 0.3781250000000001 0.50625 0.3781250000000001 0.5265625 0.409375 0.5265625
0 0.4921875 0.515625 0.4328125 0.515625 0.4328125 0.528125 0.4921875 0.528125
0 0.5640625 0.503125 0.528125 0.503125 0.528125 0.525 0.5640625 0.525
0 0.7640625 0.5078125000000001 0.596875 0.5078125 0.596875 0.534375 0.7640625 0.5343750000000002
0 0.81875 0.5046875000000002 0.796875 0.5046875000000002 0.796875 0.5250000000000001 0.81875 0.5250000000000001
0 0.21875000000000008 0.5546875 0.18125000000000008 0.5546875 0.18125000000000008 0.578125 0.21875000000000008 0.578125
0 0.3921875000000001 0.553125 0.2578125000000001 0.553125 0.2578125000000001 0.59375 0.3921875000000001 0.59375
0 0.46875 0.5609375 0.4265625 0.5609375 0.4265625 0.5765625 0.46875 0.5765625
0 0.5609375 0.5703125 0.509375 0.5703125 0.509375 0.578125 0.5609375 0.578125
0 0.6453125 0.5546875 0.6 0.5546875 0.6 0.575 0.6453125 0.575
0 0.7578125 0.5531250000000001 0.6796875 0.553125 0.6796875 0.5750000000000001 0.7578125 0.5750000000000002
0 0.8296875 0.5562500000000001 0.8125 0.5562500000000001 0.8125 0.5765625000000002 0.8296875 0.5765625000000002
0 0.24375000000000008 0.6046875 0.1781250000000001 0.6046875 0.1781250000000001 0.640625 0.24375000000000008 0.640625
0 0.3421875000000001 0.60625 0.28593750000000007 0.60625 0.28593750000000007 0.6265625 0.3421875000000001 0.6265625
0 0.3984375000000001 0.6171875 0.3625000000000001 0.6171875 0.3625000000000001 0.6265625 0.3984375000000001 0.6265625
0 0.4546875 0.6171875 0.403125 0.6171875 0.403125 0.6265625 0.4546875 0.6265625