0 0.17500000000000004 0.2 0.13750000000000004 0.2 0.13750000000000004 0.225 0.17500000000000004 0.225
0 0.2265625 0.2 0.18593750000000003 0.2 0.18593750000000003 0.221875 0.2265625 0.221875
0 0.3125 0.19687500000000005 0.246875 0.19687500000000005 0.246875 0.221875 0.3125 0.221875
0 0.5125 0.20000000000000004 0.3265625 0.2 0.3265625 0.24531250000000004 0.5125 0.2453125000000001
0 0.565625 0.2000000000000001 0.53125 0.2000000000000001 0.53125 0.2250000000000001 0.565625 0.2250000000000001
0 0.65625 0.2000000000000001 0.5828125 0.2000000000000001 0.5828125 0.2406250000000001 0.65625 0.2406250000000001
0 0.8359375 0.19531250000000008 0.68125 0.19531250000000008 0.68125 0.2375000000000001 0.8359375 0.2375000000000001
0 0.2046875 0.2484375 0.14218750000000005 0.2484375 0.14218750000000005 0.275 0.2046875 0.275
0 0.3578125 0.253125 0.2328125 0.253125 0.2328125 0.3015625 0.3578125 0.3015625
0 0.4734375 0.2578125000000001 0.384375 0.2578125000000001 0.384375 0.2984375000000001 0.4734375 0.2984375000000001
0 0.6703125 0.2531250000000001 0.50625 0.2531250000000001 0.50625 0.2765625000000001 0.6703125 0.2765625000000001
0 0.6828125 0.2718750000000001 0.6796875 0.2718750000000001 0.6796875 0.2734375000000001 0.6828125 0.2734375000000001
0 0.7484375 0.2500000000000001 0.7078125 0.2500000000000001 0.7078125 0.27812500000000007 0.7484375 0.27812500000000007
0 0.828125 0.2640625000000001 0.7859375 0.2640625000000001 0.7859375 0.2765625000000001 0.828125 0.2765625000000001
0 0.4109375 0.30625 0.13125000000000003 0.30625 0.13125000000000003 0.35000000000000003 0.4109375 0.3500000000000001
0 0.4484375 0.30937500000000007 0.43125 0.30937500000000007 0.43125 0.3343750000000001 0.4484375 0.3343750000000001
0 0.5515625 0.31718750000000007 0.453125 0.31718750000000007 0.453125 0.3296875000000001 0.5515625 0.3296875000000001
0 0.8421875 0.3062500000000001 0.5765625 0.3062500000000001 0.5765625 0.35625000000000007 0.8421875 0.35625000000000007
0 0.4796875 0.35781250000000003 0.12812500000000004 0.3578125 0.12812500000000004 0.4109375 0.4796875 0.4109375
0 0.596875 0.3546875000000001 0.515625 0.3546875000000001 0.515625 0.3843750000000001 0.596875 0.3843750000000001
0 0.8328125 0.35625000000000007 0.63125 0.35625000000000007 0.63125 0.4078125000000001 0.8328125 0.4078125000000002
0 0.19062500000000004 0.40625 0.12812500000000004 0.40625 0.12812500000000004 0.4328125 0.19062500000000004 0.4328125
0 0.4 0.4015625 0.22031250000000008 0.4015625 0.22031250000000008 0.4484375 0.4 0.4484375
0 0.546875 0.40625 0.4328125 0.40625 0.4328125 0.428125 0.546875 0.428125
0 0.9109375 0.4062500000000001 0.56875 0.40625 0.56875 0.4453125000000001 0.9109375 0.44531250000000017
0 0.91875 0.42500000000000016 0.9140625 0.42500000000000016 0.9140625 0.4265625000000002 0.91875 0.4265625000000002
0 0.2312500000000001 0.45 0.14375000000000004 0.45 0.14375000000000004 0.5078125 0.2312500000000001 0.5078125
0 0.39531250000000007 0.4484375 0.2671875000000001 0.4484375 0.2671875000000001 0.4828125 0.39531250000000007 0.4828125
0 0.546875 0.4546875 0.4328125 0.4546875 0.4328125 0.48125 0.546875 0.48125
0 0.625 0.45 0.5734375 0.45 0.5734375 0.478125 0.625 0.478125
0 0.9234375 0.4531250000000001 0.6546875 0.453125 0.6546875 0.5062500000000001 0.9234375 0.5062500000000002
0 0.3750000000000001 0.5046875 0.12968750000000004 0.5046875 0.12968750000000007 0.553125 0.3750000000000001 0.553125
0 0.428125 0.5296875 0.415625 0.5296875 0.415625 0.5390625 0.428125 0.5390625
0 0.559375 0.5171875 0.440625 0.5171875 0.440625 0.5546875 0.559375 0.5546875
0 0.5875 0.5046875 0.5765625 0.5046875 0.5765625 0.5140625 0.5875 0.5140625
0 0.740625 0.5046875000000001 0.6078125 0.5046875 0.6078125 0.534375 0.740625 0.5343750000000002
0 0.9640625 0.5093750000000001 0.7359375 0.5093750000000001 0.7359375 0.5656250000000002 0.9640625 0.5656250000000002
0 0.25468750000000007 0.5546875 0.14062500000000008 0.5546875 0.14062500000000008 0.5796875 0.25468750000000007 0.5796875
0 0.38750000000000007 0.553125 0.2843750000000001 0.553125 0.2843750000000001 0.5828125 0.38750000000000007 0.5828125
0 0.6125 0.553125 0.421875 0.553125 0.421875 0.6140625 0.6125 0.6140625
0 0.6953125 0.559375 0.6453125 0.559375 0.6453125 0.6 0.6953125 0.6
0 0.9375 0.5671875000000001 0.7203125 0.5671875 0.7203125 0.6062500000000001 0.9375 0.6062500000000002
0 0.3312500000000001 0.6046875 0.12656250000000008 0.6046875 0.12656250000000008 0.65625 0.3312500000000001 0.65625
0 0.4828125 0.60625 0.3531250000000001 0.60625 0.3531250000000001 0.6375 0.4828125 0.6375
0 0.6421875 0.60625 0.5 0.60625 0.5 0.6328125 0.6421875 0.6328125
0 0.721875 0.609375 0.6765625 0.609375 0.6765625 0.6375 0.721875 0.6375
0 0.778125 0.6187500000000001 0.7453125 0.6187500000000001 0.7453125 0.6343750000000001 0.778125 0.6343750000000001
0 0.940625 0.6109375000000001 0.8 0.6109375000000001 0.8 0.6484375000000002 0.940625 0.6484375000000002
0 0.4296875 0.65625 0.13437500000000008 0.65625 0.13437500000000008 0.6875 0.4296875 0.6875
0 0.6015625 0.65 0.4546875 0.65 0.4546875 0.69375 0.6015625 0.69375
0 0.7296875 0.6562500000000001 0.6265625 0.65625 0.6265625 0.6859375000000001 0.7296875 0.6859375000000002
0 0.8546875 0.6546875000000002 0.75625 0.6546875000000002 0.75625 0.6828125000000002 0.8546875 0.6828125000000002
0 0.4406250000000001 0.7078125 0.1359375000000001 0.7078125 0.1359375000000001 0.7609375 0.44062500000000016 0.7609375
0 0.6015625000000001 0.7046875 0.4640625 0.7046875 0.4640625000000001 0.75 0.6015625000000002 0.75
0 0.7546875000000001 0.70625 0.625 0.70625 0.6250000000000001 0.7328125000000001 0.7546875000000002 0.7328125000000002
0 0.9015625 0.7031250000000002 0.7859375 0.7031250000000002 0.7859375000000001 0.7343750000000002 0.9015625 0.7343750000000002
0 0.9625 0.7281250000000001 0.921875 0.7281250000000001 0.921875 0.7343750000000002 0.9625 0.7343750000000002