0 0.2171875 0.19531250000000003 0.14843750000000006 0.1953125 0.14843750000000006 0.2234375 0.2171875 0.2234375
0 0.321875 0.19375000000000003 0.25 0.19375000000000003 0.25 0.2203125 0.321875 0.2203125
0 0.3953125 0.20937500000000003 0.3390625 0.209375 0.3390625 0.23437500000000006 0.3953125 0.23437500000000008
0 0.5359375 0.19375000000000003 0.428125 0.19375000000000003 0.428125 0.2234375000000001 0.5359375 0.2234375000000001
0 0.603125 0.2078125000000001 0.5484375 0.2078125000000001 0.5484375 0.22656250000000008 0.603125 0.22656250000000008
0 0.665625 0.2000000000000001 0.6203125 0.2000000000000001 0.6203125 0.22031250000000008 0.665625 0.22031250000000008
0 0.78125 0.2000000000000001 0.6640625 0.2000000000000001 0.6640625 0.2390625000000001 0.78125 0.2390625000000001
0 0.8375 0.20312500000000008 0.8 0.20312500000000008 0.8 0.23437500000000008 0.8375 0.23437500000000008
0 0.2265625 0.24375 0.15625000000000006 0.24375 0.15625000000000006 0.2859375 0.2265625 0.2859375
0 0.2875 0.2578125 0.265625 0.2578125 0.265625 0.2734375 0.2875 0.2734375
0 0.3125 0.2640625 0.3015625 0.2640625 0.3015625 0.271875 0.3125 0.271875
0 0.4328125 0.24843750000000003 0.3359375 0.2484375 0.3359375 0.275 0.4328125 0.2750000000000001
0 0.521875 0.2593750000000001 0.471875 0.2593750000000001 0.471875 0.2890625000000001 0.521875 0.2890625000000001
0 0.53125 0.2734375000000001 0.528125 0.2734375000000001 0.528125 0.2750000000000001 0.53125 0.2750000000000001
0 0.59375 0.2468750000000001 0.5421875 0.2468750000000001 0.5421875 0.2734375000000001 0.59375 0.2734375000000001
0 0.6296875 0.2515625000000001 0.603125 0.2515625000000001 0.603125 0.27031250000000007 0.6296875 0.27031250000000007
0 0.709375 0.2468750000000001 0.646875 0.2468750000000001 0.646875 0.27031250000000007 0.709375 0.27031250000000007
0 0.7265625 0.2484375000000001 0.715625 0.2484375000000001 0.715625 0.2718750000000001 0.7265625 0.2718750000000001
0 0.7484375 0.26250000000000007 0.7390625 0.26250000000000007 0.7390625 0.2640625000000001 0.7484375 0.2640625000000001
0 0.7765625 0.2484375000000001 0.7546875 0.2484375000000001 0.7546875 0.27031250000000007 0.7765625 0.27031250000000007
0 0.834375 0.2453125000000001 0.7859375 0.2453125000000001 0.7859375 0.2718750000000001 0.834375 0.2718750000000001
0 0.228125 0.303125 0.15468750000000003 0.303125 0.15468750000000003 0.3234375 0.228125 0.3234375
0 0.3265625 0.3015625 0.265625 0.3015625 0.265625 0.3234375 0.3265625 0.3234375
0 0.4046875 0.31093750000000003 0.35 0.3109375 0.35 0.32343750000000004 0.4046875 0.3234375000000001
0 0.584375 0.2968750000000001 0.4359375 0.2968750000000001 0.4359375 0.3359375000000001 0.584375 0.3359375000000001
0 0.6390625 0.3109375000000001 0.609375 0.3109375000000001 0.609375 0.3218750000000001 0.6390625 0.3218750000000001
0 0.69375 0.2984375000000001 0.6609375 0.2984375000000001 0.6609375 0.3218750000000001 0.69375 0.3218750000000001
0 0.8203125 0.3078125000000001 0.715625 0.3078125000000001 0.715625 0.3234375000000001 0.8203125 0.3234375000000001
0 0.21562500000000004 0.34375 0.15625000000000006 0.34375 0.15625000000000006 0.375 0.2156250000000001 0.375
0 0.2218750000000001 0.3671875 0.21875000000000008 0.3671875 0.21875000000000008 0.36875 0.2218750000000001 0.36875
0 0.36250000000000004 0.346875 0.253125 0.346875 0.25312500000000004 0.3734375 0.3625000000000001 0.3734375
0 0.440625 0.36406250000000007 0.3828125000000001 0.36406250000000007 0.3828125000000001 0.3859375000000001 0.440625 0.3859375000000001
0 0.51875 0.3468750000000001 0.4640625 0.3468750000000001 0.4640625 0.3812500000000001 0.51875 0.3812500000000001
0 0.6125 0.3609375000000001 0.53125 0.3609375000000001 0.53125 0.3734375000000001 0.6125 0.3734375000000001
0 0.6296875 0.3656250000000001 0.6171875 0.3656250000000001 0.6171875 0.3671875000000001 0.6296875 0.3671875000000001
0 0.709375 0.3515625000000001 0.653125 0.3515625000000001 0.653125 0.3750000000000001 0.709375 0.3750000000000001
0 0.7640625 0.3515625000000001 0.7234375 0.3515625000000001 0.7234375 0.3750000000000001 0.7640625 0.3750000000000001
0 0.815625 0.3515625000000001 0.78125 0.3515625000000001 0.78125 0.3750000000000001 0.815625 0.3750000000000001
0 0.2140625000000001 0.3953125 0.15156250000000004 0.3953125 0.15156250000000004 0.425 0.2140625000000001 0.425
0 0.2921875000000001 0.4125 0.2390625000000001 0.4125 0.2390625000000001 0.440625 0.2921875000000001 0.440625
0 0.3515625000000001 0.4015625 0.32500000000000007 0.4015625 0.32500000000000007 0.43125 0.3515625000000001 0.43125
0 0.4109375 0.4125 0.3531250000000001 0.4125 0.3531250000000001 0.434375 0.4109375 0.434375
0 0.4796875 0.3984375000000001 0.4375 0.3984375000000001 0.4375 0.4234375 0.4796875 0.4234375
0 0.5125 0.4140625 0.4921875 0.4140625 0.4921875 0.4171875 0.5125 0.4171875
0 0.590625 0.4046875 0.5265625 0.4046875 0.5265625 0.4234375 0.590625 0.4234375
0 0.640625 0.4125 0.590625 0.4125 0.590625 0.43125 0.640625 0.43125
0 0.7546875 0.4000000000000001 0.6640625 0.4 0.6640625 0.44218750000000007 0.7546875 0.4421875000000002
0 0.8421875 0.3968750000000001 0.775 0.3968750000000001 0.775 0.42500000000000016 0.8421875 0.42500000000000016
0 0.17812500000000003 0.453125 0.15468750000000003 0.453125 0.15468750000000003 0.475 0.17812500000000003 0.475
0 0.3609375000000001 0.453125 0.21093750000000008 0.453125 0.21093750000000008 0.4796875 0.3609375000000001 0.4796875
0 0.3859375000000001 0.45625 0.3781250000000001 0.45625 0.3781250000000001 0.4734375 0.3859375000000001 0.4734375
0 0.43125 0.4515625 0.3984375000000001 0.4515625 0.3984375000000001 0.4765625 0.43125 0.4765625
0 0.5421875 0.459375 0.44375 0.459375 0.44375 0.475 0.5421875 0.475
0 0.5546875 0.471875 0.546875 0.471875 0.546875 0.4796875 0.5546875 0.4796875
0 0.5875 0.4515625 0.5625 0.4515625 0.5625 0.471875 0.5875 0.471875
0 0.6453125 0.4609375 0.596875 0.4609375 0.596875 0.490625 0.6453125 0.490625
0 0.7546875 0.4515625000000001 0.665625 0.4515625 0.665625 0.4843750000000001 0.7546875 0.48437500000000017
0 0.7875 0.4593750000000002 0.7734375 0.4593750000000002 0.7734375 0.47187500000000016 0.7875 0.47187500000000016
0 0.85625 0.4593750000000002 0.79375 0.4593750000000002 0.79375 0.49218750000000017 0.85625 0.49218750000000017
0 0.2140625000000001 0.5 0.15156250000000004 0.5 0.15156250000000004 0.525 0.2140625000000001 0.525
0 0.2875000000000001 0.5078125 0.2375000000000001 0.5078125 0.2375000000000001 0.5234375 0.2875000000000001 0.5234375
0 0.3156250000000001 0.5140625 0.30156250000000007 0.5140625 0.30156250000000007 0.525 0.3156250000000001 0.525
0 0.3968750000000001 0.5078125 0.3312500000000001 0.5078125 0.3312500000000001 0.5375 0.3968750000000001 0.5375
0 0.5015625 0.5015625 0.421875 0.5015625 0.421875 0.5328125 0.5015625 0.5328125
0 0.565625 0.5109375 0.5234375 0.5109375 0.5234375 0.528125 0.565625 0.528125
0 0.64375 0.4984375 0.5953125 0.4984375 0.5953125 0.5265625 0.64375 0.5265625
0 0.7140625 0.5015625 0.671875 0.5015625 0.671875 0.521875 0.7140625 0.521875
0 0.79375 0.4984375000000002 0.728125 0.4984375000000002 0.728125 0.5234375000000002 0.79375 0.5234375000000002
0 0.80625 0.5187500000000002 0.8046875 0.5187500000000002 0.8046875 0.5203125000000002 0.80625 0.5203125000000002