0 0.20625 0.20625 0.14843750000000006 0.20625 0.14843750000000006 0.225 0.20625 0.225
0 0.2765625 0.2078125 0.2265625 0.2078125 0.2265625 0.2234375 0.2765625 0.2234375
0 0.3796875 0.20781250000000004 0.2984375 0.2078125 0.2984375 0.22343750000000004 0.3796875 0.2234375000000001
0 0.453125 0.20468750000000008 0.3953125 0.20468750000000008 0.3953125 0.2234375000000001 0.453125 0.2234375000000001
0 0.5125 0.20468750000000008 0.4703125 0.20468750000000008 0.4703125 0.2234375000000001 0.5125 0.2234375000000001
0 0.5921875 0.2093750000000001 0.5203125 0.2093750000000001 0.5203125 0.2218750000000001 0.5921875 0.2218750000000001
0 0.6375 0.20468750000000008 0.6078125 0.20468750000000008 0.6078125 0.2218750000000001 0.6375 0.2218750000000001
0 0.7359375 0.2093750000000001 0.6515625 0.2093750000000001 0.6515625 0.2234375000000001 0.7359375 0.2234375000000001
0 0.86875 0.20312500000000008 0.765625 0.20312500000000008 0.765625 0.23437500000000008 0.86875 0.23437500000000008
0 0.884375 0.2156250000000001 0.878125 0.2156250000000001 0.878125 0.2250000000000001 0.884375 0.2250000000000001
0 0.18125000000000005 0.25 0.13593750000000004 0.25 0.13593750000000004 0.2734375 0.18125000000000005 0.2734375
0 0.265625 0.253125 0.19218750000000004 0.253125 0.19218750000000004 0.275 0.265625 0.275
0 0.340625 0.25625 0.28125 0.25625 0.28125 0.2734375 0.340625 0.2734375
0 0.4203125 0.2515625 0.3515625 0.2515625 0.3515625 0.27187500000000003 0.4203125 0.2718750000000001
0 0.525 0.2500000000000001 0.434375 0.2500000000000001 0.434375 0.2812500000000001 0.525 0.2812500000000001
0 0.5703125 0.2578125000000001 0.5390625 0.2578125000000001 0.5390625 0.2718750000000001 0.5703125 0.2718750000000001
0 0.6265625 0.2484375000000001 0.58125 0.2484375000000001 0.58125 0.27031250000000007 0.6265625 0.27031250000000007
0 0.6828125 0.2468750000000001 0.63125 0.2468750000000001 0.63125 0.27812500000000007 0.6828125 0.27812500000000007
0 0.765625 0.2468750000000001 0.6921875 0.2468750000000001 0.6921875 0.2718750000000001 0.765625 0.2718750000000001
0 0.834375 0.2453125000000001 0.7765625 0.2453125000000001 0.7765625 0.2671875000000001 0.834375 0.2671875000000001
0 0.2625 0.3 0.13593750000000004 0.3 0.13593750000000004 0.3234375 0.2625 0.3234375
0 0.371875 0.30156250000000007 0.284375 0.3015625 0.284375 0.32500000000000007 0.371875 0.32500000000000007
0 0.428125 0.3000000000000001 0.3859375 0.3000000000000001 0.3859375 0.3234375000000001 0.428125 0.3234375000000001
0 0.5109375 0.2984375000000001 0.440625 0.2984375000000001 0.440625 0.32500000000000007 0.5109375 0.32500000000000007
0 0.575 0.30937500000000007 0.528125 0.30937500000000007 0.528125 0.32500000000000007 0.575 0.32500000000000007
0 0.696875 0.30156250000000007 0.5984375 0.30156250000000007 0.5984375 0.3234375000000001 0.696875 0.3234375000000001
0 0.7421875 0.3000000000000001 0.7078125 0.3000000000000001 0.7078125 0.3296875000000001 0.7421875 0.3296875000000001
0 0.825 0.3078125000000001 0.7578125 0.3078125000000001 0.7578125 0.3234375000000001 0.825 0.3234375000000001
0 0.20312500000000006 0.353125 0.13593750000000004 0.353125 0.13593750000000004 0.3734375 0.20312500000000008 0.3734375
0 0.2828125 0.3484375 0.215625 0.3484375 0.21562500000000004 0.3765625 0.2828125000000001 0.3765625
0 0.33906250000000004 0.3484375 0.2921875 0.3484375 0.29218750000000004 0.3734375 0.3390625000000001 0.3734375
0 0.4296875 0.34843750000000007 0.3515625 0.3484375 0.35156250000000006 0.37343750000000003 0.4296875 0.3734375000000001
0 0.5515625 0.34843750000000007 0.4484375 0.34843750000000007 0.4484375 0.38750000000000007 0.5515625 0.38750000000000007
0 0.6078125 0.34843750000000007 0.5625 0.34843750000000007 0.5625 0.37187500000000007 0.6078125 0.37187500000000007
0 0.709375 0.3468750000000001 0.6265625 0.3468750000000001 0.6265625 0.3734375000000001 0.709375 0.3734375000000001
0 0.7171875 0.3687500000000001 0.715625 0.3687500000000001 0.715625 0.3703125000000001 0.7171875 0.3703125000000001
0 0.80625 0.34843750000000007 0.7359375 0.34843750000000007 0.7359375 0.3703125000000001 0.80625 0.3703125000000001
0 0.8875 0.3546875000000001 0.821875 0.3546875000000001 0.821875 0.3750000000000001 0.8875 0.3750000000000001
0 0.16875000000000004 0.403125 0.14218750000000005 0.403125 0.14218750000000005 0.421875 0.16875000000000004 0.421875
0 0.2812500000000001 0.3984375 0.18750000000000006 0.3984375 0.18750000000000006 0.425 0.2812500000000001 0.425
0 0.3296875000000001 0.409375 0.2953125000000001 0.409375 0.2953125000000001 0.425 0.3296875000000001 0.425
0 0.434375 0.40625 0.3437500000000001 0.40625 0.3437500000000001 0.43125 0.434375 0.43125
0 0.51875 0.3984375000000001 0.4453125 0.3984375000000001 0.4453125 0.4265625 0.51875 0.4265625
0 0.5734375 0.409375 0.540625 0.409375 0.540625 0.425 0.5734375 0.425
0 0.64375 0.4015625 0.5921875 0.4015625 0.5921875 0.425 0.64375 0.425
0 0.684375 0.4015625 0.653125 0.4015625 0.653125 0.425 0.684375 0.425
0 0.7984375 0.4046875000000001 0.6984375 0.4046875 0.6984375 0.4234375000000001 0.7984375 0.4234375000000002
0 0.896875 0.39531250000000007 0.81875 0.39531250000000007 0.81875 0.42500000000000016 0.896875 0.42500000000000016
0 0.24218750000000008 0.446875 0.13281250000000006 0.446875 0.13281250000000006 0.4765625 0.24218750000000008 0.4765625
0 0.2515625000000001 0.46875 0.2468750000000001 0.46875 0.2468750000000001 0.4828125 0.2515625000000001 0.4828125
0 0.29375000000000007 0.4578125 0.26250000000000007 0.4578125 0.26250000000000007 0.475 0.29375000000000007 0.475
0 0.3890625000000001 0.459375 0.3078125000000001 0.459375 0.3078125000000001 0.484375 0.3890625000000001 0.484375
0 0.3968750000000001 0.4765625 0.3921875000000001 0.4765625 0.3921875000000001 0.4875 0.3968750000000001 0.4875
0 0.4578125 0.453125 0.403125 0.453125 0.403125 0.4796875 0.4578125 0.4796875
0 0.5 0.4640625 0.46875 0.4640625 0.46875 0.4765625 0.5 0.4765625
0 0.6265625 0.45 0.51875 0.45 0.51875 0.4828125 0.6265625 0.4828125
0 0.73125 0.4531250000000001 0.640625 0.453125 0.640625 0.4765625000000001 0.73125 0.47656250000000017
0 0.740625 0.4734375000000002 0.7390625 0.4734375000000002 0.7390625 0.4750000000000002 0.740625 0.4750000000000002
0 0.79375 0.4500000000000002 0.759375 0.4500000000000002 0.759375 0.4812500000000002 0.79375 0.4812500000000002
0 0.8671875 0.45312500000000017 0.80625 0.45312500000000017 0.80625 0.47656250000000017 0.8671875 0.47656250000000017
0 0.2328125000000001 0.5046875 0.14062500000000006 0.5046875 0.14062500000000006 0.5375 0.2328125000000001 0.5375
0 0.3187500000000001 0.509375 0.2515625000000001 0.509375 0.2515625000000001 0.5296875 0.3187500000000001 0.5296875
0 0.409375 0.5 0.3421875000000001 0.5 0.3421875000000001 0.5390625 0.409375 0.5390625
0 0.553125 0.5015625 0.425 0.5015625 0.425 0.54375 0.553125 0.54375
0 0.6546875 0.4984375 0.5703125 0.4984375 0.5703125 0.5296875 0.6546875 0.5296875
0 0.7015625 0.5046875 0.659375 0.5046875 0.659375 0.53125 0.7015625 0.53125
0 0.821875 0.5000000000000001 0.7140625 0.5 0.7140625 0.5281250000000001 0.821875 0.5281250000000002
0 0.9125 0.5093750000000001 0.840625 0.5093750000000001 0.840625 0.5265625000000002 0.9125 0.5265625000000002
0 0.1921875000000001 0.5515625 0.1359375000000001 0.5515625 0.1359375000000001 0.575 0.1921875000000001 0.575
0 0.3125000000000001 0.55625 0.21250000000000008 0.55625 0.21250000000000008 0.5796875 0.3125000000000001 0.5796875
0 0.3625000000000001 0.5546875 0.3265625000000001 0.5546875 0.3265625000000001 0.5828125 0.3625000000000001 0.5828125
0 0.45 0.553125 0.3890625000000001 0.553125 0.3890625000000001 0.5796875 0.45 0.5796875
0 0.4640625 0.575 0.4578125 0.575 0.4578125 0.590625 0.4640625 0.590625
0 0.5359375 0.553125 0.484375 0.553125 0.484375 0.578125 0.5359375 0.578125
0 0.5859375 0.559375 0.5515625 0.559375 0.5515625 0.5796875 0.5859375 0.5796875
0 0.7953125 0.5515625000000001 0.6078125 0.5515625 0.6078125 0.5796875000000001 0.7953125 0.5796875000000001
0 0.86875 0.5609375000000002 0.809375 0.5609375000000002 0.809375 0.5781250000000002 0.86875 0.5781250000000002
0 0.3187500000000001 0.596875 0.1375000000000001 0.596875 0.1375000000000001 0.6421875 0.3187500000000001 0.6421875
0 0.4453125 0.6015625 0.3375000000000001 0.6015625 0.3375000000000001 0.628125 0.4453125 0.628125
0 0.5171875 0.6109375 0.459375 0.6109375 0.459375 0.6328125 0.5171875 0.6328125
0 0.675 0.6078125 0.53125 0.6078125 0.53125 0.64375 0.675 0.64375
0 0.7578125 0.6031250000000001 0.690625 0.603125 0.690625 0.6296875000000001 0.7578125 0.6296875000000002
0 0.8078125 0.6125000000000002 0.76875 0.6125000000000002 0.76875 0.6296875000000002 0.8078125 0.6296875000000002
0 0.890625 0.6125000000000002 0.81875 0.6125000000000002 0.81875 0.6406250000000002 0.890625 0.6406250000000002
0 0.21093750000000008 0.646875 0.1390625000000001 0.646875 0.1390625000000001 0.678125 0.21093750000000008 0.678125
0 0.2218750000000001 0.6734375 0.2156250000000001 0.6734375 0.2156250000000001 0.690625 0.2218750000000001 0.690625
0 0.2890625000000001 0.659375 0.23593750000000008 0.659375 0.23593750000000008 0.678125 0.2890625000000001 0.678125
0 0.3609375000000001 0.6609375 0.3031250000000001 0.6609375 0.3031250000000001 0.684375 0.3609375000000001 0.684375
0 0.5578125 0.6578125 0.3687500000000001 0.6578125 0.3687500000000001 0.6921875 0.5578125 0.6921875
0 0.721875 0.653125 0.571875 0.653125 0.571875 0.690625 0.721875 0.690625
0 0.775 0.6593750000000002 0.7328125 0.6593750000000002 0.7328125 0.6765625000000002 0.775 0.6765625000000002
0 0.9140625 0.6531250000000002 0.796875 0.6531250000000002 0.796875 0.6828125000000002 0.9140625 0.6828125000000002
0 0.2171875000000001 0.7 0.1468750000000001 0.7 0.1468750000000001 0.728125 0.2171875000000001 0.728125
0 0.3312500000000001 0.7046875 0.23437500000000008 0.7046875 0.23437500000000008 0.746875 0.3312500000000001 0.746875
0 0.4703125000000001 0.703125 0.3609375000000001 0.703125 0.3609375000000001 0.7296875 0.4703125000000002 0.7296875
0 0.48125000000000007 0.725 0.478125 0.725 0.4781250000000001 0.7265625 0.4812500000000002 0.7265625