0 0.19531250000000006 0.240625 0.14062500000000006 0.240625 0.14062500000000006 0.2625 0.19531250000000006 0.2625
0 0.3203125 0.2453125 0.225 0.2453125 0.225 0.26875 0.3203125 0.26875
0 0.38125 0.24687500000000004 0.346875 0.246875 0.346875 0.26562500000000006 0.38125 0.2656250000000001
0 0.4421875 0.2453125000000001 0.4015625 0.2453125000000001 0.4015625 0.26250000000000007 0.4421875 0.26250000000000007
0 0.5625 0.2453125000000001 0.465625 0.2453125000000001 0.465625 0.2656250000000001 0.5625 0.2656250000000001
0 0.640625 0.2484375000000001 0.590625 0.2484375000000001 0.590625 0.2656250000000001 0.640625 0.2656250000000001
0 0.721875 0.2531250000000001 0.684375 0.2531250000000001 0.684375 0.27031250000000007 0.721875 0.27031250000000007
0 0.7984375 0.2484375000000001 0.746875 0.2484375000000001 0.746875 0.2687500000000001 0.7984375 0.2687500000000001
0 0.303125 0.296875 0.15156250000000004 0.296875 0.15156250000000004 0.3203125 0.303125 0.3203125
0 0.3171875 0.3109375 0.3109375 0.3109375 0.3109375 0.3203125 0.3171875 0.3203125
0 0.371875 0.29687500000000006 0.33125 0.296875 0.33125 0.31562500000000004 0.371875 0.3156250000000001
0 0.453125 0.2968750000000001 0.40625 0.2968750000000001 0.40625 0.31718750000000007 0.453125 0.31718750000000007
0 0.521875 0.3046875000000001 0.4734375 0.3046875000000001 0.4734375 0.31718750000000007 0.521875 0.31718750000000007
0 0.59375 0.3078125000000001 0.5484375 0.3078125000000001 0.5484375 0.3203125000000001 0.59375 0.3203125000000001
0 0.665625 0.3000000000000001 0.61875 0.3000000000000001 0.61875 0.3187500000000001 0.665625 0.3187500000000001
0 0.8578125 0.2984375000000001 0.703125 0.2984375000000001 0.703125 0.3203125000000001 0.8578125 0.3203125000000001
0 0.8625 0.3140625000000001 0.859375 0.3140625000000001 0.859375 0.3156250000000001 0.8625 0.3156250000000001
0 0.24218750000000006 0.3421875 0.14375000000000004 0.3421875 0.14375000000000004 0.36875 0.24218750000000008 0.36875
0 0.321875 0.346875 0.278125 0.346875 0.27812500000000007 0.3671875 0.3218750000000001 0.3671875
0 0.4171875 0.353125 0.3546875 0.353125 0.35468750000000004 0.36718750000000006 0.4171875 0.3671875000000001
0 0.484375 0.34843750000000007 0.453125 0.34843750000000007 0.453125 0.3703125000000001 0.484375 0.3703125000000001
0 0.584375 0.3500000000000001 0.51875 0.3500000000000001 0.51875 0.3656250000000001 0.584375 0.3656250000000001
0 0.6984375 0.34843750000000007 0.6078125 0.34843750000000007 0.6078125 0.3687500000000001 0.6984375 0.3687500000000001
0 0.7625 0.3531250000000001 0.725 0.3531250000000001 0.725 0.3781250000000001 0.7625 0.3781250000000001
0 0.875 0.3546875000000001 0.7921875 0.3546875000000001 0.7921875 0.3671875000000001 0.875 0.3671875000000001
0 0.8875 0.3656250000000001 0.88125 0.3656250000000001 0.88125 0.3750000000000001 0.8875 0.3750000000000001
0 0.18125000000000005 0.396875 0.13750000000000004 0.396875 0.13750000000000004 0.41875 0.18125000000000005 0.41875
0 0.2296875000000001 0.4046875 0.2156250000000001 0.4046875 0.2156250000000001 0.415625 0.2296875000000001 0.415625
0 0.32500000000000007 0.403125 0.2734375000000001 0.403125 0.2734375000000001 0.415625 0.32500000000000007 0.415625
0 0.3984375000000001 0.39687500000000003 0.3546875000000001 0.396875 0.3546875000000001 0.4171875 0.3984375000000001 0.4171875
0 0.5671875 0.3984375000000001 0.421875 0.3984375000000001 0.421875 0.4265625 0.5671875 0.4265625
0 0.70625 0.4015625 0.596875 0.4015625 0.596875 0.425 0.70625 0.425
0 0.871875 0.3984375000000001 0.7421875 0.3984375000000001 0.7421875 0.42500000000000016 0.871875 0.42500000000000016
0 0.16875000000000004 0.4421875 0.13593750000000004 0.4421875 0.13593750000000004 0.4625 0.16875000000000004 0.4625
0 0.4046875 0.4453125 0.2156250000000001 0.4453125 0.2156250000000001 0.46875 0.4046875 0.46875
0 0.6453125 0.4453125 0.4359375 0.4453125 0.4359375 0.478125 0.6453125 0.478125
0 0.665625 0.45625 0.653125 0.45625 0.653125 0.4703125 0.665625 0.4703125
0 0.7703125 0.4484375000000001 0.6734375 0.4484375 0.6734375 0.4781250000000001 0.7703125 0.4781250000000002
0 0.825 0.4500000000000002 0.7984375 0.4500000000000002 0.7984375 0.46875000000000017 0.825 0.46875000000000017
0 0.9015625 0.4500000000000002 0.8484375 0.4500000000000002 0.8484375 0.47187500000000016 0.9015625 0.47187500000000016
0 0.2796875000000001 0.4984375 0.13593750000000004 0.4984375 0.13593750000000004 0.5171875 0.2796875000000001 0.5171875
0 0.36406250000000007 0.4953125 0.3125000000000001 0.4953125 0.3125000000000001 0.5171875 0.36406250000000007 0.5171875
0 0.484375 0.5015625 0.39531250000000007 0.5015625 0.39531250000000007 0.5203125 0.484375 0.5203125
0 0.50625 0.5125 0.490625 0.5125 0.490625 0.5140625 0.50625 0.5140625
0 0.5765625 0.4984375 0.5296875 0.4984375 0.5296875 0.5203125 0.5765625 0.5203125
0 0.646875 0.5015625 0.6171875 0.5015625 0.6171875 0.521875 0.646875 0.521875
0 0.7203125 0.5078125 0.675 0.5078125 0.675 0.51875 0.7203125 0.51875
0 0.86875 0.5046875000000002 0.75 0.5046875000000002 0.75 0.5265625000000002 0.86875 0.5265625000000002
0 0.25468750000000007 0.5421875 0.13437500000000005 0.5421875 0.13437500000000008 0.5671875 0.25468750000000007 0.5671875
0 0.27031250000000007 0.5671875 0.26250000000000007 0.5671875 0.26250000000000007 0.575 0.27031250000000007 0.575
0 0.34062500000000007 0.55 0.2828125000000001 0.55 0.2828125000000001 0.5765625 0.34062500000000007 0.5765625
0 0.3750000000000001 0.5484375 0.3593750000000001 0.5484375 0.3593750000000001 0.56875 0.3750000000000001 0.56875
0 0.4640625 0.55 0.3781250000000001 0.55 0.3781250000000001 0.571875 0.4640625 0.571875
0 0.540625 0.5484375 0.5015625 0.5484375 0.5015625 0.571875 0.540625 0.571875
0 0.6359375 0.5484375 0.56875 0.5484375 0.56875 0.56875 0.6359375 0.56875
0 0.69375 0.55 0.6671875 0.55 0.6671875 0.5703125 0.69375 0.5703125
0 0.840625 0.5515625000000002 0.7265625 0.5515625000000002 0.7265625 0.5781250000000002 0.840625 0.5781250000000002
0 0.8578125 0.5718750000000001 0.8546875 0.5718750000000001 0.8546875 0.5812500000000002 0.8578125 0.5812500000000002
0 0.18125000000000008 0.5921875 0.13281250000000008 0.5921875 0.13281250000000008 0.615625 0.18125000000000008 0.615625
0 0.27812500000000007 0.596875 0.21875000000000008 0.596875 0.21875000000000008 0.615625 0.27812500000000007 0.615625
0 0.41875 0.603125 0.3140625000000001 0.603125 0.3140625000000001 0.6203125 0.41875 0.6203125
0 0.53125 0.6046875 0.4625 0.6046875 0.4625 0.6203125 0.53125 0.6203125
0 0.6125 0.6015625 0.5625 0.6015625 0.5625 0.6203125 0.6125 0.6203125
0 0.728125 0.5984375000000001 0.65625 0.5984375 0.65625 0.6203125 0.728125 0.6203125000000002
0 0.8 0.6046875000000002 0.7515625 0.6046875000000002 0.7515625 0.6234375000000002 0.8 0.6234375000000002
0 0.903125 0.6031250000000001 0.8203125 0.6031250000000001 0.8203125 0.6265625000000001 0.903125 0.6265625000000001
0 0.9078125 0.6203125000000002 0.9046875 0.6203125000000002 0.9046875 0.6218750000000002 0.9078125 0.6218750000000002