0 0.18750000000000006 0.2 0.14843750000000006 0.2 0.14843750000000006 0.2234375 0.18750000000000006 0.2234375
0 0.24375 0.2109375 0.221875 0.2109375 0.221875 0.2234375 0.24375 0.2234375
0 0.3046875 0.19843750000000004 0.2671875 0.19843750000000004 0.2671875 0.2234375 0.3046875 0.2234375
0 0.4171875 0.19843750000000004 0.3359375 0.19843750000000004 0.3359375 0.23125000000000004 0.4171875 0.2312500000000001
0 0.4296875 0.2234375000000001 0.4265625 0.2234375000000001 0.4265625 0.22812500000000008 0.4296875 0.22812500000000008
0 0.484375 0.19687500000000005 0.4375 0.19687500000000005 0.4375 0.22656250000000008 0.484375 0.22656250000000008
0 0.559375 0.2000000000000001 0.528125 0.2000000000000001 0.528125 0.2234375000000001 0.559375 0.2234375000000001
0 0.671875 0.2000000000000001 0.59375 0.2000000000000001 0.59375 0.2390625000000001 0.671875 0.2390625000000001
0 0.7125 0.2156250000000001 0.690625 0.2156250000000001 0.690625 0.2250000000000001 0.7125 0.2250000000000001
0 0.721875 0.22031250000000008 0.7171875 0.22031250000000008 0.7171875 0.22656250000000008 0.721875 0.22656250000000008
0 0.7671875 0.2000000000000001 0.728125 0.2000000000000001 0.728125 0.2250000000000001 0.7671875 0.2250000000000001
0 0.2859375 0.25 0.14218750000000005 0.25 0.14218750000000005 0.2796875 0.2859375 0.2796875
0 0.2984375 0.2734375 0.2921875 0.2734375 0.2921875 0.2796875 0.2984375 0.2796875
0 0.346875 0.2484375 0.3015625 0.2484375 0.3015625 0.271875 0.346875 0.271875
0 0.41875 0.2515625000000001 0.371875 0.2515625000000001 0.371875 0.2765625000000001 0.41875 0.2765625000000001
0 0.4484375 0.2531250000000001 0.4375 0.2531250000000001 0.4375 0.27031250000000007 0.4484375 0.27031250000000007
0 0.453125 0.2718750000000001 0.45 0.2718750000000001 0.45 0.2765625000000001 0.453125 0.2765625000000001
0 0.525 0.2500000000000001 0.465625 0.2500000000000001 0.465625 0.2843750000000001 0.525 0.2843750000000001
0 0.5734375 0.2500000000000001 0.546875 0.2500000000000001 0.546875 0.2750000000000001 0.5734375 0.2750000000000001
0 0.6171875 0.25468750000000007 0.6 0.25468750000000007 0.6 0.2734375000000001 0.6171875 0.2734375000000001
0 0.65625 0.25468750000000007 0.6390625 0.25468750000000007 0.6390625 0.2718750000000001 0.65625 0.2718750000000001
0 0.7453125 0.2484375000000001 0.678125 0.2484375000000001 0.678125 0.2734375000000001 0.7453125 0.2734375000000001
0 0.778125 0.25468750000000007 0.7625 0.25468750000000007 0.7625 0.2734375000000001 0.778125 0.2734375000000001
0 0.85625 0.2531250000000001 0.8 0.2531250000000001 0.8 0.2765625000000001 0.85625 0.2765625000000001
0 0.15000000000000005 0.315625 0.14062500000000006 0.315625 0.14062500000000006 0.325 0.15000000000000005 0.325
0 0.2578125 0.3 0.17968750000000006 0.3 0.17968750000000006 0.3265625 0.2578125 0.3265625
0 0.321875 0.3015625 0.2953125 0.3015625 0.2953125 0.325 0.321875 0.325
0 0.3515625 0.3078125 0.3375 0.3078125 0.3375 0.3171875 0.3515625 0.3171875
0 0.425 0.30000000000000004 0.3625 0.3 0.3625 0.32500000000000007 0.425 0.32500000000000007
0 0.5171875 0.3000000000000001 0.446875 0.3000000000000001 0.446875 0.32500000000000007 0.5171875 0.32500000000000007
0 0.6109375 0.2984375000000001 0.54375 0.2984375000000001 0.54375 0.33281250000000007 0.6109375 0.33281250000000007
0 0.68125 0.3140625000000001 0.6375 0.3140625000000001 0.6375 0.32500000000000007 0.68125 0.32500000000000007
0 0.7765625 0.3140625000000001 0.709375 0.3140625000000001 0.709375 0.3281250000000001 0.7765625 0.3281250000000001
0 0.8296875 0.3156250000000001 0.8046875 0.3156250000000001 0.8046875 0.32500000000000007 0.8296875 0.32500000000000007
0 0.22187500000000004 0.3625 0.14531250000000004 0.3625 0.14531250000000004 0.3828125 0.2218750000000001 0.3828125
0 0.35937500000000006 0.3515625 0.2546875 0.3515625 0.25468750000000007 0.3765625 0.3593750000000001 0.3765625
0 0.3687500000000001 0.3703125000000001 0.3656250000000001 0.3703125000000001 0.3656250000000001 0.3734375000000001 0.3687500000000001 0.3734375000000001
0 0.37968750000000007 0.3578125000000001 0.371875 0.3578125000000001 0.37187500000000007 0.36406250000000007 0.37968750000000007 0.36406250000000007
0 0.4265625 0.3515625000000001 0.3921875 0.3515625000000001 0.3921875 0.37187500000000007 0.4265625 0.37187500000000007
0 0.49375 0.3515625000000001 0.4515625 0.3515625000000001 0.4515625 0.3765625000000001 0.49375 0.3765625000000001
0 0.571875 0.3531250000000001 0.5203125 0.3531250000000001 0.5203125 0.3781250000000001 0.571875 0.3781250000000001
0 0.6453125 0.3531250000000001 0.59375 0.3531250000000001 0.59375 0.3765625000000001 0.6453125 0.3765625000000001
0 0.690625 0.35625000000000007 0.665625 0.35625000000000007 0.665625 0.3781250000000001 0.690625 0.3781250000000001
0 0.74375 0.3578125000000001 0.715625 0.3578125000000001 0.715625 0.3781250000000001 0.74375 0.3781250000000001
0 0.8609375 0.3578125000000001 0.7640625 0.3578125000000001 0.7640625 0.3828125000000001 0.8609375 0.3828125000000001
0 0.2156250000000001 0.3984375 0.14218750000000005 0.3984375 0.14218750000000005 0.4296875 0.2156250000000001 0.4296875
0 0.2734375000000001 0.4 0.24218750000000008 0.4 0.24218750000000008 0.425 0.2734375000000001 0.425
0 0.3500000000000001 0.4015625 0.3046875000000001 0.4015625 0.3046875000000001 0.425 0.3500000000000001 0.425
0 0.40625 0.403125 0.3812500000000001 0.403125 0.3812500000000001 0.428125 0.40625 0.428125
0 0.4578125 0.415625 0.4375 0.415625 0.4375 0.425 0.4578125 0.425
0 0.6140625 0.4046875 0.490625 0.4046875 0.490625 0.428125 0.6140625 0.428125
0 0.640625 0.4078125 0.628125 0.4078125 0.628125 0.4265625 0.640625 0.4265625
0 0.659375 0.409375 0.640625 0.409375 0.640625 0.428125 0.659375 0.428125
0 0.75 0.4062500000000001 0.6828125 0.40625 0.6828125 0.4281250000000001 0.75 0.4281250000000002
0 0.8296875 0.3968750000000001 0.775 0.3968750000000001 0.775 0.4281250000000002 0.8296875 0.4281250000000002
0 0.19062500000000004 0.45 0.14843750000000006 0.45 0.14843750000000006 0.4734375 0.19062500000000004 0.4734375
0 0.2640625000000001 0.45 0.22031250000000008 0.45 0.22031250000000008 0.475 0.2640625000000001 0.475
0 0.3421875000000001 0.465625 0.2984375000000001 0.465625 0.2984375000000001 0.4875 0.3421875000000001 0.4875
0 0.4796875 0.453125 0.3750000000000001 0.453125 0.3750000000000001 0.478125 0.4796875 0.478125
0 0.5515625 0.453125 0.5109375 0.453125 0.5109375 0.478125 0.5515625 0.478125
0 0.615625 0.45 0.58125 0.45 0.58125 0.4796875 0.615625 0.4796875
0 0.7265625 0.4593750000000001 0.6484375 0.459375 0.6484375 0.4781250000000001 0.7265625 0.4781250000000002
0 0.7875 0.45625000000000016 0.7578125 0.45625000000000016 0.7578125 0.47968750000000016 0.7875 0.47968750000000016
0 0.3156250000000001 0.496875 0.15156250000000004 0.496875 0.15156250000000004 0.5375 0.3156250000000001 0.5375
0 0.3890625000000001 0.5140625 0.3500000000000001 0.5140625 0.3500000000000001 0.5296875 0.3890625000000001 0.5296875
0 0.4703125 0.5046875 0.425 0.5046875 0.425 0.5390625 0.4703125 0.5390625
0 0.5328125 0.5125 0.5125 0.5125 0.5125 0.528125 0.5328125 0.528125
0 0.596875 0.5015625 0.56875 0.5015625 0.56875 0.528125 0.596875 0.528125
0 0.7484375 0.5046875000000001 0.628125 0.5046875 0.628125 0.5406250000000001 0.7484375 0.5406250000000001
0 0.753125 0.5234375000000002 0.7484375 0.5234375000000002 0.7484375 0.5265625000000002 0.753125 0.5265625000000002