0 0.18437500000000004 0.19687500000000002 0.13750000000000004 0.196875 0.13750000000000004 0.2265625 0.18437500000000004 0.2265625
0 0.225 0.19843750000000004 0.2078125 0.19843750000000004 0.2078125 0.225 0.225 0.225
0 0.31875 0.2015625 0.246875 0.2015625 0.246875 0.2265625 0.31875 0.2265625
0 0.3953125 0.19375000000000003 0.3421875 0.19375000000000003 0.3421875 0.22656250000000006 0.3953125 0.22656250000000008
0 0.4625 0.2078125000000001 0.41875 0.2078125000000001 0.41875 0.22812500000000008 0.4625 0.22812500000000008
0 0.55 0.21093750000000008 0.4859375 0.21093750000000008 0.4859375 0.2328125000000001 0.55 0.2328125000000001
0 0.603125 0.1937500000000001 0.575 0.1937500000000001 0.575 0.22656250000000008 0.603125 0.22656250000000008
0 0.7484375 0.2015625000000001 0.63125 0.2015625000000001 0.63125 0.22656250000000008 0.7484375 0.22656250000000008
0 0.8015625 0.2015625000000001 0.771875 0.2015625000000001 0.771875 0.2250000000000001 0.8015625 0.2250000000000001
0 0.2078125 0.2484375 0.13593750000000004 0.2484375 0.13593750000000004 0.2765625 0.2078125 0.2765625
0 0.31875 0.2484375 0.240625 0.2484375 0.240625 0.290625 0.31875 0.290625
0 0.44375 0.24843750000000003 0.353125 0.2484375 0.353125 0.27812500000000007 0.44375 0.27812500000000007
0 0.4484375 0.2750000000000001 0.4375 0.2750000000000001 0.4375 0.28593750000000007 0.4484375 0.28593750000000007
0 0.5390625 0.2500000000000001 0.4859375 0.2500000000000001 0.4859375 0.2765625000000001 0.5390625 0.2765625000000001
0 0.6125 0.2453125000000001 0.5609375 0.2453125000000001 0.5609375 0.28593750000000007 0.6125 0.28593750000000007
0 0.6578125 0.2453125000000001 0.63125 0.2453125000000001 0.63125 0.2750000000000001 0.6578125 0.2750000000000001
0 0.73125 0.2484375000000001 0.684375 0.2484375000000001 0.684375 0.2875000000000001 0.73125 0.2875000000000001
0 0.7921875 0.2468750000000001 0.7515625 0.2468750000000001 0.7515625 0.2765625000000001 0.7921875 0.2765625000000001
0 0.8609375 0.2500000000000001 0.803125 0.2500000000000001 0.803125 0.2765625000000001 0.8609375 0.2765625000000001
0 0.2015625 0.2953125 0.13437500000000005 0.2953125 0.13437500000000005 0.3265625 0.2015625 0.3265625
0 0.253125 0.3 0.2265625 0.3 0.2265625 0.3265625 0.253125 0.3265625
0 0.325 0.3 0.2921875 0.3 0.2921875 0.3265625 0.325 0.3265625
0 0.4546875 0.30000000000000004 0.34375 0.3 0.34375 0.32812500000000006 0.4546875 0.3281250000000001
0 0.6 0.2921875000000001 0.49375 0.2921875000000001 0.49375 0.3421875000000001 0.6 0.3421875000000001
0 0.653125 0.2953125000000001 0.628125 0.2953125000000001 0.628125 0.3265625000000001 0.653125 0.3265625000000001
0 0.728125 0.30156250000000007 0.678125 0.30156250000000007 0.678125 0.3281250000000001 0.728125 0.3281250000000001
0 0.7953125 0.2968750000000001 0.7609375 0.2968750000000001 0.7609375 0.3265625000000001 0.7953125 0.3265625000000001
0 0.30625 0.340625 0.13750000000000004 0.340625 0.13750000000000004 0.3921875 0.3062500000000001 0.3921875
0 0.39531250000000007 0.3453125 0.3421875 0.3453125 0.34218750000000003 0.38593750000000004 0.39531250000000007 0.3859375000000001
0 0.5265625 0.3437500000000001 0.421875 0.3437500000000001 0.421875 0.3890625000000001 0.5265625 0.3890625000000001
0 0.575 0.34843750000000007 0.55 0.34843750000000007 0.55 0.3750000000000001 0.575 0.3750000000000001
0 0.690625 0.3453125000000001 0.5984375 0.3453125000000001 0.5984375 0.3890625000000001 0.690625 0.3890625000000001
0 0.8328125 0.3375000000000001 0.7171875 0.3375000000000001 0.7171875 0.3968750000000001 0.8328125 0.3968750000000001
0 0.2000000000000001 0.4015625 0.13750000000000004 0.4015625 0.13750000000000004 0.4421875 0.2000000000000001 0.4421875
0 0.2171875000000001 0.425 0.2093750000000001 0.425 0.2093750000000001 0.4359375 0.2171875000000001 0.4359375
0 0.3140625000000001 0.4 0.25468750000000007 0.4 0.25468750000000007 0.4421875 0.3140625000000001 0.4421875
0 0.4859375 0.3921875 0.3421875000000001 0.3921875 0.3421875000000001 0.4390625 0.4859375 0.4390625
0 0.49375 0.428125 0.4859375 0.428125 0.4859375 0.4359375 0.49375 0.4359375
0 0.55625 0.3921875000000001 0.51875 0.3921875000000001 0.51875 0.428125 0.55625 0.428125
0 0.646875 0.403125 0.578125 0.403125 0.578125 0.440625 0.646875 0.440625
0 0.7015625 0.3984375000000001 0.6578125 0.3984375000000001 0.6578125 0.4296875 0.7015625 0.4296875
0 0.765625 0.4078125000000002 0.7296875 0.4078125000000002 0.7296875 0.43281250000000016 0.765625 0.43281250000000016
0 0.8140625 0.3968750000000001 0.7890625 0.3968750000000001 0.7890625 0.4265625000000002 0.8140625 0.4265625000000002
0 0.8703125 0.3937500000000001 0.8296875 0.3937500000000001 0.8296875 0.4281250000000002 0.8703125 0.4281250000000002
0 0.19062500000000004 0.45 0.13906250000000003 0.45 0.13906250000000003 0.478125 0.19062500000000004 0.478125
0 0.2656250000000001 0.4515625 0.2296875000000001 0.4515625 0.2296875000000001 0.4796875 0.2656250000000001 0.4796875
0 0.35625000000000007 0.446875 0.29375000000000007 0.446875 0.29375000000000007 0.48125 0.35625000000000007 0.48125
0 0.3734375000000001 0.475 0.3703125000000001 0.475 0.3703125000000001 0.4765625 0.3734375000000001 0.4765625
0 0.475 0.44375 0.4078125 0.44375 0.4078125 0.4796875 0.475 0.4796875
0 0.546875 0.4546875 0.5015625 0.4546875 0.5015625 0.48125 0.546875 0.48125
0 0.640625 0.4421875 0.575 0.4421875 0.575 0.478125 0.640625 0.478125
0 0.7328125 0.4453125000000001 0.65625 0.4453125 0.65625 0.48125000000000007 0.7328125 0.4812500000000002
0 0.7953125 0.44062500000000016 0.75 0.44062500000000016 0.75 0.49218750000000017 0.7953125 0.49218750000000017
0 0.846875 0.44531250000000017 0.8 0.44531250000000017 0.8 0.47968750000000016 0.846875 0.47968750000000016
0 0.17656250000000004 0.4859375 0.13750000000000004 0.4859375 0.13750000000000004 0.53125 0.17656250000000004 0.53125
0 0.2593750000000001 0.4921875 0.21250000000000008 0.4921875 0.21250000000000008 0.5296875 0.2593750000000001 0.5296875
0 0.3375000000000001 0.49375 0.2796875000000001 0.49375 0.2796875000000001 0.528125 0.3375000000000001 0.528125
0 0.3906250000000001 0.4921875 0.3531250000000001 0.4921875 0.3531250000000001 0.528125 0.3906250000000001 0.528125
0 0.48125 0.484375 0.415625 0.484375 0.415625 0.53125 0.48125 0.53125
0 0.503125 0.528125 0.4890625 0.528125 0.4890625 0.54375 0.503125 0.54375
0 0.5890625 0.496875 0.5296875 0.496875 0.5296875 0.5296875 0.5890625 0.5296875
0 0.65 0.5125 0.6 0.5125 0.6 0.5296875 0.65 0.5296875
0 0.725 0.5 0.675 0.5 0.675 0.5296875 0.725 0.5296875
0 0.8078125 0.49531250000000016 0.75 0.49531250000000016 0.75 0.5312500000000002 0.8078125 0.5312500000000002
0 0.8546875 0.49218750000000017 0.821875 0.49218750000000017 0.821875 0.5312500000000002 0.8546875 0.5312500000000002
0 0.1937500000000001 0.5484375 0.14062500000000008 0.5484375 0.14062500000000008 0.5796875 0.1937500000000001 0.5796875
0 0.2578125000000001 0.5453125 0.2078125000000001 0.5453125 0.2078125000000001 0.5796875 0.2578125000000001 0.5796875
0 0.4015625 0.553125 0.2984375000000001 0.553125 0.2984375000000001 0.58125 0.4015625 0.58125
0 0.4125 0.5765625 0.409375 0.5765625 0.409375 0.578125 0.4125 0.578125