0 0.19062500000000004 0.2015625 0.13593750000000004 0.2015625 0.13593750000000004 0.221875 0.19062500000000004 0.221875
0 0.2984375 0.2109375 0.2203125 0.2109375 0.2203125 0.2234375 0.2984375 0.2234375
0 0.4453125 0.20781250000000004 0.328125 0.2078125 0.328125 0.23281250000000003 0.4453125 0.2328125000000001
0 0.5125 0.2093750000000001 0.4796875 0.2093750000000001 0.4796875 0.22812500000000008 0.5125 0.22812500000000008
0 0.7359375 0.21093750000000008 0.534375 0.21093750000000008 0.534375 0.22812500000000008 0.7359375 0.22812500000000008
0 0.8453125 0.21093750000000008 0.7640625 0.21093750000000008 0.7640625 0.22656250000000008 0.8453125 0.22656250000000008
0 0.18906250000000005 0.2609375 0.13593750000000004 0.2609375 0.13593750000000004 0.2828125 0.18906250000000005 0.2828125
0 0.296875 0.2609375 0.215625 0.2609375 0.215625 0.275 0.296875 0.275
0 0.3375 0.265625 0.321875 0.265625 0.321875 0.275 0.3375 0.275
0 0.440625 0.26093750000000004 0.3578125 0.2609375 0.3578125 0.28750000000000003 0.440625 0.2875000000000001
0 0.4828125 0.2609375000000001 0.4578125 0.2609375000000001 0.4578125 0.2796875000000001 0.4828125 0.2796875000000001
0 0.578125 0.2578125000000001 0.5015625 0.2578125000000001 0.5015625 0.2843750000000001 0.578125 0.2843750000000001
0 0.58125 0.2718750000000001 0.575 0.2718750000000001 0.575 0.2734375000000001 0.58125 0.2734375000000001
0 0.60625 0.2562500000000001 0.5859375 0.2562500000000001 0.5859375 0.2765625000000001 0.60625 0.2765625000000001
0 0.728125 0.2578125000000001 0.625 0.2578125000000001 0.625 0.27812500000000007 0.728125 0.27812500000000007
0 0.85625 0.2562500000000001 0.75 0.2562500000000001 0.75 0.2812500000000001 0.85625 0.2812500000000001
0 0.19375000000000003 0.30625 0.12968750000000004 0.30625 0.12968750000000004 0.328125 0.19375000000000003 0.328125
0 0.2015625 0.3203125 0.19687500000000005 0.3203125 0.19687500000000005 0.3296875 0.2015625 0.3296875
0 0.234375 0.30625 0.2234375 0.30625 0.2234375 0.3140625 0.234375 0.3140625
0 0.284375 0.309375 0.2421875 0.309375 0.2421875 0.325 0.284375 0.325
0 0.43125 0.30781250000000004 0.3109375 0.3078125 0.3109375 0.33593750000000006 0.43125 0.3359375000000001
0 0.5109375 0.3078125000000001 0.4625 0.3078125000000001 0.4625 0.33281250000000007 0.5109375 0.33281250000000007
0 0.5640625 0.3125000000000001 0.5359375 0.3125000000000001 0.5359375 0.3312500000000001 0.5640625 0.3312500000000001
0 0.6828125 0.3078125000000001 0.5859375 0.3078125000000001 0.5859375 0.3296875000000001 0.6828125 0.3296875000000001
0 0.69375 0.3218750000000001 0.6890625 0.3218750000000001 0.6890625 0.3296875000000001 0.69375 0.3296875000000001
0 0.7484375 0.3125000000000001 0.70625 0.3125000000000001 0.70625 0.3265625000000001 0.7484375 0.3265625000000001
0 0.859375 0.3078125000000001 0.7671875 0.3078125000000001 0.7671875 0.3312500000000001 0.859375 0.3312500000000001
0 0.25625000000000003 0.359375 0.13437500000000005 0.359375 0.13437500000000005 0.3796875 0.2562500000000001 0.3796875
0 0.31562500000000004 0.3609375 0.29375 0.3609375 0.29375000000000007 0.3796875 0.3156250000000001 0.3796875
0 0.4078125 0.3609375 0.3375 0.3609375 0.3375 0.37968750000000007 0.4078125 0.37968750000000007
0 0.421875 0.37187500000000007 0.41875 0.37187500000000007 0.41875 0.37968750000000007 0.421875 0.37968750000000007
0 0.48125 0.3593750000000001 0.4375 0.3593750000000001 0.4375 0.3765625000000001 0.48125 0.3765625000000001
0 0.5421875 0.3625000000000001 0.4984375 0.3625000000000001 0.4984375 0.3750000000000001 0.5421875 0.3750000000000001
0 0.6390625 0.36406250000000007 0.5703125 0.36406250000000007 0.5703125 0.37968750000000007 0.6390625 0.37968750000000007
0 0.690625 0.3625000000000001 0.6625 0.3625000000000001 0.6625 0.3828125000000001 0.690625 0.3828125000000001
0 0.8703125 0.3593750000000001 0.7171875 0.3593750000000001 0.7171875 0.3765625000000001 0.8703125 0.3765625000000001
0 0.21093750000000008 0.40625 0.12812500000000004 0.40625 0.12812500000000004 0.428125 0.21093750000000008 0.428125
0 0.2640625000000001 0.4109375 0.2406250000000001 0.4109375 0.2406250000000001 0.428125 0.2640625000000001 0.428125
0 0.3000000000000001 0.4140625 0.28593750000000007 0.4140625 0.28593750000000007 0.4234375 0.3000000000000001 0.4234375
0 0.43125 0.40625 0.3265625000000001 0.40625 0.3265625000000001 0.4296875 0.43125 0.4296875
0 0.5125 0.4109375 0.4484375 0.4109375 0.4484375 0.4265625 0.5125 0.4265625
0 0.6296875 0.4125 0.5328125 0.4125 0.5328125 0.4296875 0.6296875 0.4296875
0 0.68125 0.415625 0.653125 0.415625 0.653125 0.428125 0.68125 0.428125
0 0.796875 0.4078125000000001 0.70625 0.4078125 0.70625 0.4312500000000001 0.796875 0.4312500000000002
0 0.8375 0.41718750000000016 0.821875 0.41718750000000016 0.821875 0.4281250000000002 0.8375 0.4281250000000002
0 0.2750000000000001 0.465625 0.13281250000000006 0.465625 0.13281250000000006 0.4859375 0.2750000000000001 0.4859375
0 0.4109375 0.459375 0.3078125000000001 0.459375 0.3078125000000001 0.4796875 0.4109375 0.4796875
0 0.4125 0.475 0.4078125 0.475 0.4078125 0.48125 0.4125 0.48125
0 0.465625 0.465625 0.43125 0.465625 0.43125 0.475 0.465625 0.475
0 0.5453125 0.459375 0.490625 0.459375 0.490625 0.478125 0.5453125 0.478125
0 0.6015625 0.4625 0.571875 0.4625 0.571875 0.4828125 0.6015625 0.4828125
0 0.7765625 0.4609375000000001 0.6234375 0.4609375 0.6234375 0.4843750000000001 0.7765625 0.48437500000000017
0 0.784375 0.4750000000000002 0.7796875 0.4750000000000002 0.7796875 0.4812500000000002 0.784375 0.4812500000000002
0 0.8078125 0.4671875000000002 0.790625 0.4671875000000002 0.790625 0.4781250000000002 0.8078125 0.4781250000000002
0 0.89375 0.46093750000000017 0.821875 0.46093750000000017 0.821875 0.4781250000000002 0.89375 0.4781250000000002
0 0.16562500000000005 0.509375 0.13281250000000006 0.509375 0.13281250000000006 0.5328125 0.16562500000000005 0.5328125
0 0.3500000000000001 0.5125 0.19531250000000006 0.5125 0.19531250000000006 0.5328125 0.3500000000000001 0.5328125
0 0.3625000000000001 0.5171875 0.3515625000000001 0.5171875 0.3515625000000001 0.525 0.3625000000000001 0.525
0 0.3937500000000001 0.509375 0.36406250000000007 0.509375 0.36406250000000007 0.53125 0.3937500000000001 0.53125
0 0.4265625 0.5109375 0.40625 0.5109375 0.40625 0.5265625 0.4265625 0.5265625
0 0.4953125 0.5171875 0.4484375 0.5171875 0.4484375 0.5328125 0.4953125 0.5328125
0 0.5734375 0.515625 0.51875 0.515625 0.51875 0.53125 0.5734375 0.53125
0 0.7296875 0.5093750000000001 0.596875 0.509375 0.596875 0.534375 0.7296875 0.5343750000000002
0 0.8265625 0.5156250000000002 0.753125 0.5156250000000002 0.753125 0.5281250000000002 0.8265625 0.5281250000000002
0 0.2593750000000001 0.5625 0.1312500000000001 0.5625 0.1312500000000001 0.5875 0.2593750000000001 0.5875
0 0.3375000000000001 0.5609375 0.2843750000000001 0.5609375 0.2843750000000001 0.578125 0.3375000000000001 0.578125
0 0.38750000000000007 0.5625 0.3656250000000001 0.5625 0.3656250000000001 0.5765625 0.38750000000000007 0.5765625
0 0.4953125 0.5546875 0.4125 0.5546875 0.4125 0.578125 0.4953125 0.578125
0 0.5671875 0.5546875 0.515625 0.5546875 0.515625 0.58125 0.5671875 0.58125
0 0.7078125 0.5578125 0.5828125 0.5578125 0.5828125 0.58125 0.7078125 0.58125
0 0.746875 0.5625000000000002 0.728125 0.5625000000000002 0.728125 0.5843750000000002 0.746875 0.5843750000000002
0 0.8359375 0.5640625000000001 0.7765625 0.5640625000000001 0.7765625 0.5796875000000001 0.8359375 0.5796875000000001
0 0.2593750000000001 0.60625 0.1359375000000001 0.60625 0.1359375000000001 0.63125 0.2593750000000001 0.63125
0 0.2656250000000001 0.621875 0.2593750000000001 0.621875 0.2593750000000001 0.6265625 0.2656250000000001 0.6265625