0 0.17656250000000004 0.2078125 0.14375000000000004 0.2078125 0.14375000000000004 0.2203125 0.17656250000000004 0.2203125
0 0.2359375 0.2109375 0.19218750000000004 0.2109375 0.19218750000000004 0.221875 0.2359375 0.221875
0 0.3296875 0.209375 0.253125 0.209375 0.253125 0.2234375 0.3296875 0.2234375
0 0.3359375 0.2203125 0.3328125 0.2203125 0.3328125 0.2234375 0.3359375 0.2234375
0 0.38125 0.20937500000000003 0.3421875 0.209375 0.3421875 0.22187500000000004 0.38125 0.2218750000000001
0 0.434375 0.2078125000000001 0.390625 0.2078125000000001 0.390625 0.2234375000000001 0.434375 0.2234375000000001
0 0.4671875 0.2140625000000001 0.44375 0.2140625000000001 0.44375 0.2218750000000001 0.4671875 0.2218750000000001
0 0.5078125 0.2140625000000001 0.4765625 0.2140625000000001 0.4765625 0.2218750000000001 0.5078125 0.2218750000000001
0 0.575 0.2093750000000001 0.5171875 0.2093750000000001 0.5171875 0.2234375000000001 0.575 0.2234375000000001
0 0.58125 0.2218750000000001 0.5796875 0.2218750000000001 0.5796875 0.2250000000000001 0.58125 0.2250000000000001
0 0.621875 0.2156250000000001 0.5875 0.2156250000000001 0.5875 0.2234375000000001 0.621875 0.2234375000000001
0 0.6671875 0.2140625000000001 0.6328125 0.2140625000000001 0.6328125 0.2234375000000001 0.6671875 0.2234375000000001
0 0.728125 0.2156250000000001 0.6796875 0.2156250000000001 0.6796875 0.2250000000000001 0.728125 0.2250000000000001
0 0.7671875 0.2156250000000001 0.7328125 0.2156250000000001 0.7328125 0.2250000000000001 0.7671875 0.2250000000000001
0 0.7953125 0.2171875000000001 0.778125 0.2171875000000001 0.778125 0.2234375000000001 0.7953125 0.2234375000000001
0 0.8375 0.2140625000000001 0.8 0.2140625000000001 0.8 0.2234375000000001 0.8375 0.2234375000000001
0 0.2171875 0.2609375 0.13750000000000004 0.2609375 0.13750000000000004 0.2734375 0.2171875 0.2734375
0 0.25625 0.2640625 0.23125 0.2640625 0.23125 0.2734375 0.25625 0.2734375
0 0.3328125 0.259375 0.2671875 0.259375 0.2671875 0.2734375 0.3328125 0.2734375
0 0.4078125 0.26406250000000003 0.3515625 0.2640625 0.3515625 0.27187500000000003 0.4078125 0.2718750000000001
0 0.5046875 0.2578125000000001 0.421875 0.2578125000000001 0.421875 0.2718750000000001 0.5046875 0.2718750000000001
0 0.5109375 0.27031250000000007 0.5078125 0.27031250000000007 0.5078125 0.2734375000000001 0.5109375 0.2734375000000001
0 0.5859375 0.2578125000000001 0.51875 0.2578125000000001 0.51875 0.2750000000000001 0.5859375 0.2750000000000001
0 0.6359375 0.2640625000000001 0.6015625 0.2640625000000001 0.6015625 0.2718750000000001 0.6359375 0.2718750000000001
0 0.765625 0.2609375000000001 0.6484375 0.2609375000000001 0.6484375 0.2734375000000001 0.765625 0.2734375000000001
0 0.771875 0.27031250000000007 0.7671875 0.27031250000000007 0.7671875 0.2750000000000001 0.771875 0.2750000000000001
0 0.8375 0.26250000000000007 0.778125 0.26250000000000007 0.778125 0.2750000000000001 0.8375 0.2750000000000001
0 0.19375000000000003 0.3109375 0.14218750000000005 0.3109375 0.14218750000000005 0.3234375 0.19375000000000003 0.3234375
0 0.203125 0.3203125 0.2 0.3203125 0.2 0.325 0.203125 0.325
0 0.2625 0.3109375 0.2109375 0.3109375 0.2109375 0.325 0.2625 0.325
0 0.3203125 0.3140625 0.2796875 0.3140625 0.2796875 0.3234375 0.3203125 0.3234375
0 0.3828125 0.3140625 0.3359375 0.3140625 0.3359375 0.32343750000000004 0.3828125 0.3234375000000001
0 0.4703125 0.30937500000000007 0.40625 0.30937500000000007 0.40625 0.32500000000000007 0.4703125 0.32500000000000007
0 0.5203125 0.3125000000000001 0.4875 0.3125000000000001 0.4875 0.3234375000000001 0.5203125 0.3234375000000001
0 0.55 0.3156250000000001 0.5328125 0.3156250000000001 0.5328125 0.3218750000000001 0.55 0.3218750000000001
0 0.615625 0.3078125000000001 0.5640625 0.3078125000000001 0.5640625 0.32500000000000007 0.615625 0.32500000000000007
0 0.6265625 0.3187500000000001 0.621875 0.3187500000000001 0.621875 0.3234375000000001 0.6265625 0.3234375000000001
0 0.6703125 0.30937500000000007 0.6328125 0.30937500000000007 0.6328125 0.32500000000000007 0.6703125 0.32500000000000007
0 0.75 0.3109375000000001 0.6828125 0.3109375000000001 0.6828125 0.32500000000000007 0.75 0.32500000000000007
0 0.809375 0.3140625000000001 0.76875 0.3140625000000001 0.76875 0.32500000000000007 0.809375 0.32500000000000007
0 0.846875 0.30937500000000007 0.8171875 0.30937500000000007 0.8171875 0.32500000000000007 0.846875 0.32500000000000007
0 0.19531250000000006 0.359375 0.14218750000000005 0.359375 0.14218750000000005 0.3734375 0.19531250000000006 0.3734375
0 0.24375000000000005 0.3609375 0.2109375 0.3609375 0.21093750000000006 0.3734375 0.24375000000000008 0.3734375
0 0.30468750000000006 0.3578125 0.25625 0.3578125 0.25625000000000003 0.3734375 0.3046875000000001 0.3734375
0 0.30937500000000007 0.36875 0.3062500000000001 0.36875 0.3062500000000001 0.371875 0.30937500000000007 0.371875
0 0.4390625 0.35781250000000003 0.321875 0.3578125 0.321875 0.37500000000000006 0.4390625 0.3750000000000001
0 0.4796875 0.3625000000000001 0.4515625 0.3625000000000001 0.4515625 0.3734375000000001 0.4796875 0.3734375000000001
0 0.5453125 0.3609375000000001 0.4953125 0.3609375000000001 0.4953125 0.3750000000000001 0.5453125 0.3750000000000001
0 0.6234375 0.3656250000000001 0.5640625 0.3656250000000001 0.5640625 0.3765625000000001 0.6234375 0.3765625000000001
0 0.634375 0.3703125000000001 0.6296875 0.3703125000000001 0.6296875 0.3750000000000001 0.634375 0.3750000000000001
0 0.6890625 0.36406250000000007 0.6453125 0.36406250000000007 0.6453125 0.3765625000000001 0.6890625 0.3765625000000001
0 0.746875 0.3625000000000001 0.703125 0.3625000000000001 0.703125 0.3765625000000001 0.746875 0.3765625000000001
0 0.8 0.3656250000000001 0.7640625 0.3656250000000001 0.7640625 0.3765625000000001 0.8 0.3765625000000001
0 0.859375 0.3578125000000001 0.8140625 0.3578125000000001 0.8140625 0.3750000000000001 0.859375 0.3750000000000001
0 0.2500000000000001 0.4140625 0.13906250000000003 0.4140625 0.13906250000000003 0.4265625 0.2500000000000001 0.4265625
0 0.28593750000000007 0.4171875 0.2656250000000001 0.4171875 0.2656250000000001 0.425 0.28593750000000007 0.425
0 0.3937500000000001 0.4109375 0.2953125000000001 0.4109375 0.2953125000000001 0.428125 0.3937500000000001 0.428125
0 0.40625 0.421875 0.4015625 0.421875 0.4015625 0.4265625 0.40625 0.4265625
0 0.453125 0.409375 0.4125 0.409375 0.4125 0.4265625 0.453125 0.4265625
0 0.5109375 0.415625 0.4703125 0.415625 0.4703125 0.425 0.5109375 0.425
0 0.6078125 0.4078125 0.525 0.4078125 0.525 0.425 0.6078125 0.425
0 0.6734375 0.415625 0.6265625 0.415625 0.6265625 0.4265625 0.6734375 0.4265625
0 0.73125 0.4125000000000001 0.6875 0.4125 0.6875 0.42656250000000007 0.73125 0.4265625000000002
0 0.784375 0.40937500000000016 0.74375 0.40937500000000016 0.74375 0.42500000000000016 0.784375 0.42500000000000016
0 0.8125 0.41718750000000016 0.7953125 0.41718750000000016 0.7953125 0.42500000000000016 0.8125 0.42500000000000016
0 0.86875 0.4109375000000002 0.81875 0.4109375000000002 0.81875 0.42500000000000016 0.86875 0.42500000000000016
0 0.2062500000000001 0.4625 0.13593750000000004 0.4625 0.13593750000000004 0.4734375 0.2062500000000001 0.4734375
0 0.21093750000000008 0.46875 0.2078125000000001 0.46875 0.2078125000000001 0.471875 0.21093750000000008 0.471875