0 0.19218750000000004 0.225 0.11562500000000005 0.225 0.11562500000000005 0.2421875 0.19218750000000004 0.2421875
0 0.2546875 0.2234375 0.2015625 0.2234375 0.2015625 0.240625 0.2546875 0.240625
0 0.303125 0.228125 0.2625 0.228125 0.2625 0.240625 0.303125 0.240625
0 0.3359375 0.228125 0.30625 0.228125 0.30625 0.2390625 0.3359375 0.2390625
0 0.4 0.22812500000000005 0.3484375 0.228125 0.3484375 0.24062500000000003 0.4 0.2406250000000001
0 0.4703125 0.2250000000000001 0.4125 0.2250000000000001 0.4125 0.2390625000000001 0.4703125 0.2390625000000001
0 0.515625 0.22656250000000008 0.4796875 0.22656250000000008 0.4796875 0.2390625000000001 0.515625 0.2390625000000001
0 0.5921875 0.2250000000000001 0.5296875 0.2250000000000001 0.5296875 0.2390625000000001 0.5921875 0.2390625000000001
0 0.66875 0.2234375000000001 0.609375 0.2234375000000001 0.609375 0.2375000000000001 0.66875 0.2375000000000001
0 0.7015625 0.22656250000000008 0.678125 0.22656250000000008 0.678125 0.2390625000000001 0.7015625 0.2390625000000001
0 0.7796875 0.22656250000000008 0.721875 0.22656250000000008 0.721875 0.23593750000000008 0.7796875 0.23593750000000008
0 0.7953125 0.22656250000000008 0.784375 0.22656250000000008 0.784375 0.2328125000000001 0.7953125 0.2328125000000001
0 0.85 0.2234375000000001 0.8015625 0.2234375000000001 0.8015625 0.2406250000000001 0.85 0.2406250000000001
0 0.15625000000000006 0.28125 0.12343750000000005 0.28125 0.12343750000000005 0.290625 0.15625000000000006 0.290625
0 0.2125 0.275 0.16406250000000006 0.275 0.16406250000000006 0.290625 0.2125 0.290625
0 0.3140625 0.2828125 0.2296875 0.2828125 0.2296875 0.29375 0.3140625 0.29375
0 0.3203125 0.2875 0.315625 0.2875 0.315625 0.29375 0.3203125 0.29375
0 0.3859375 0.27812500000000007 0.3265625 0.278125 0.3265625 0.28906250000000006 0.3859375 0.2890625000000001
0 0.5609375 0.2765625000000001 0.396875 0.2765625000000001 0.396875 0.2921875000000001 0.5609375 0.2921875000000001
0 0.56875 0.2843750000000001 0.5640625 0.2843750000000001 0.5640625 0.2921875000000001 0.56875 0.2921875000000001
0 0.6984375 0.2734375000000001 0.5796875 0.2734375000000001 0.5796875 0.29375000000000007 0.6984375 0.29375000000000007
0 0.7578125 0.27812500000000007 0.715625 0.27812500000000007 0.715625 0.2890625000000001 0.7578125 0.2890625000000001
0 0.828125 0.2750000000000001 0.7703125 0.2750000000000001 0.7703125 0.2875000000000001 0.828125 0.2875000000000001
0 0.853125 0.2765625000000001 0.8390625 0.2765625000000001 0.8390625 0.2843750000000001 0.853125 0.2843750000000001
0 0.18281250000000004 0.33125 0.12500000000000006 0.33125 0.12500000000000006 0.340625 0.18281250000000004 0.340625
0 0.25 0.3265625 0.19843750000000004 0.3265625 0.19843750000000004 0.3421875 0.25 0.3421875
0 0.3171875 0.3296875 0.265625 0.3296875 0.265625 0.3421875 0.3171875 0.3421875
0 0.3921875 0.32812500000000006 0.334375 0.328125 0.334375 0.34218750000000003 0.3921875 0.3421875000000001
0 0.5109375 0.3265625000000001 0.4125 0.3265625000000001 0.4125 0.3421875000000001 0.5109375 0.3421875000000001
0 0.584375 0.32500000000000007 0.5203125 0.32500000000000007 0.5203125 0.3390625000000001 0.584375 0.3390625000000001
0 0.71875 0.3218750000000001 0.5984375 0.3218750000000001 0.5984375 0.34062500000000007 0.71875 0.34062500000000007
0 0.821875 0.3265625000000001 0.7328125 0.3265625000000001 0.7328125 0.3375000000000001 0.821875 0.3375000000000001
0 0.8625 0.3281250000000001 0.8328125 0.3281250000000001 0.8328125 0.3375000000000001 0.8625 0.3375000000000001
0 0.15781250000000005 0.3828125 0.12500000000000006 0.3828125 0.12500000000000006 0.390625 0.15781250000000005 0.390625
0 0.2812500000000001 0.3796875 0.16562500000000005 0.3796875 0.16562500000000005 0.39375 0.2812500000000001 0.39375
0 0.3859375000000001 0.37968750000000007 0.2968750000000001 0.3796875 0.2968750000000001 0.3921875 0.3859375000000001 0.3921875000000001
0 0.3921875000000001 0.3890625000000001 0.38750000000000007 0.3890625000000001 0.38750000000000007 0.3921875000000001 0.3921875000000001 0.3921875000000001
0 0.4515625 0.37968750000000007 0.3984375000000001 0.37968750000000007 0.3984375000000001 0.3890625000000001 0.4515625 0.3890625000000001
0 0.5375 0.3703125000000001 0.4625 0.3703125000000001 0.4625 0.3906250000000001 0.5375 0.3906250000000001
0 0.6515625 0.3734375000000001 0.546875 0.3734375000000001 0.546875 0.3906250000000001 0.6515625 0.3906250000000001
0 0.7765625 0.3765625000000001 0.671875 0.3765625000000001 0.671875 0.3921875000000001 0.7765625 0.3921875000000001
0 0.8484375 0.3750000000000001 0.784375 0.3750000000000001 0.784375 0.3859375000000001 0.8484375 0.3859375000000001
0 0.17500000000000004 0.4296875 0.13281250000000006 0.4296875 0.13281250000000006 0.4421875 0.17500000000000004 0.4421875
0 0.2750000000000001 0.428125 0.19375000000000003 0.428125 0.19375000000000003 0.44375 0.2750000000000001 0.44375
0 0.2875000000000001 0.4375 0.2843750000000001 0.4375 0.2843750000000001 0.4390625 0.2875000000000001 0.4390625
0 0.3453125000000001 0.4296875 0.2890625000000001 0.4296875 0.2890625000000001 0.4421875 0.3453125000000001 0.4421875
0 0.4609375 0.4265625 0.3593750000000001 0.4265625 0.3593750000000001 0.4453125 0.4609375 0.4453125
0 0.5171875 0.4328125 0.4734375 0.4328125 0.4734375 0.440625 0.5171875 0.440625
0 0.6203125 0.43125 0.5265625 0.43125 0.5265625 0.44375 0.6203125 0.44375
0 0.66875 0.428125 0.634375 0.428125 0.634375 0.440625 0.66875 0.440625
0 0.7921875 0.42656250000000007 0.6828125 0.4265625 0.6828125 0.44218750000000007 0.7921875 0.4421875000000002
0 0.834375 0.4265625000000002 0.8046875 0.4265625000000002 0.8046875 0.4421875000000002 0.834375 0.4421875000000002
0 0.8515625 0.4265625000000002 0.840625 0.4265625000000002 0.840625 0.44062500000000016 0.8515625 0.44062500000000016
0 0.875 0.4281250000000002 0.853125 0.4281250000000002 0.853125 0.43750000000000017 0.875 0.43750000000000017
0 0.88125 0.4359375000000002 0.878125 0.4359375000000002 0.878125 0.44062500000000016 0.88125 0.44062500000000016
0 0.21875000000000008 0.4796875 0.12812500000000004 0.4796875 0.12812500000000004 0.496875 0.21875000000000008 0.496875
0 0.2796875000000001 0.4828125 0.2312500000000001 0.4828125 0.2312500000000001 0.4921875 0.2796875000000001 0.4921875
0 0.34843750000000007 0.475 0.2921875000000001 0.475 0.2921875000000001 0.4984375 0.34843750000000007 0.4984375
0 0.46875 0.478125 0.3687500000000001 0.478125 0.3687500000000001 0.4953125 0.46875 0.4953125
0 0.5 0.484375 0.484375 0.484375 0.484375 0.490625 0.5 0.490625
0 0.6 0.4765625 0.515625 0.4765625 0.515625 0.490625 0.6 0.490625
0 0.81875 0.4750000000000001 0.615625 0.475 0.615625 0.48906250000000007 0.81875 0.4890625000000002
0 0.8625 0.47656250000000017 0.8328125 0.47656250000000017 0.8328125 0.4890625000000002 0.8625 0.4890625000000002
0 0.18125000000000005 0.53125 0.13281250000000006 0.53125 0.13281250000000006 0.5421875 0.18125000000000005 0.5421875
0 0.2796875000000001 0.53125 0.19375000000000003 0.53125 0.19375000000000006 0.5453125 0.2796875000000001 0.5453125
0 0.3421875000000001 0.5328125 0.2984375000000001 0.5328125 0.2984375000000001 0.54375 0.3421875000000001 0.54375
0 0.5140625 0.528125 0.35625000000000007 0.528125 0.35625000000000007 0.5453125 0.5140625 0.5453125
0 0.55625 0.5296875 0.5265625 0.5296875 0.5265625 0.540625 0.55625 0.540625
0 0.690625 0.528125 0.5703125 0.528125 0.5703125 0.5421875 0.690625 0.5421875
0 0.746875 0.5296875000000001 0.703125 0.5296875 0.703125 0.5375000000000001 0.746875 0.5375000000000002
0 0.871875 0.5281250000000002 0.7609375 0.5281250000000002 0.7609375 0.5453125000000002 0.871875 0.5453125000000002
0 0.18125000000000008 0.578125 0.14843750000000008 0.578125 0.14843750000000008 0.59375 0.18125000000000008 0.59375
0 0.2968750000000001 0.5796875 0.2000000000000001 0.5796875 0.2000000000000001 0.59375 0.2968750000000001 0.59375
0 0.3656250000000001 0.5796875 0.3187500000000001 0.5796875 0.3187500000000001 0.590625 0.3656250000000001 0.590625
0 0.4328125 0.5765625 0.3812500000000001 0.5765625 0.3812500000000001 0.5921875 0.4328125 0.5921875
0 0.5203125 0.578125 0.45 0.578125 0.45 0.59375 0.5203125 0.59375
0 0.53125 0.5921875 0.5265625 0.5921875 0.5265625 0.5984375 0.53125 0.5984375
0 0.61875 0.5765625 0.5359375 0.5765625 0.5359375 0.5921875 0.61875 0.5921875
0 0.6828125 0.5796875 0.63125 0.5796875 0.63125 0.590625 0.6828125 0.590625
0 0.8234375 0.5765625000000001 0.703125 0.5765625 0.703125 0.5937500000000001 0.8234375 0.5937500000000002
0 0.8609375 0.5796875000000001 0.8328125 0.5796875000000001 0.8328125 0.5906250000000002 0.8609375 0.5906250000000002
0 0.2656250000000001 0.628125 0.15000000000000008 0.628125 0.15000000000000008 0.6453125 0.2656250000000001 0.6453125
0 0.32500000000000007 0.6328125 0.2828125000000001 0.6328125 0.2828125000000001 0.64375 0.32500000000000007 0.64375
0 0.4625 0.6328125 0.3453125000000001 0.6328125 0.3453125000000001 0.6484375 0.4625 0.6484375
0 0.4921875 0.63125 0.4703125 0.63125 0.4703125 0.6484375 0.4921875 0.6484375
0 0.55625 0.6328125 0.5015625 0.6328125 0.5015625 0.64375 0.55625 0.64375
0 0.625 0.63125 0.5734375 0.63125 0.5734375 0.6421875 0.625 0.6421875
0 0.728125 0.6250000000000001 0.640625 0.625 0.640625 0.6531250000000001 0.728125 0.6531250000000002
0 0.8 0.6281250000000002 0.7421875 0.6281250000000002 0.7421875 0.6406250000000002 0.8 0.6406250000000002
0 0.3515625000000001 0.6796875 0.1625000000000001 0.6796875 0.1625000000000001 0.7 0.3515625000000001 0.7
0 0.3578125000000001 0.690625 0.3546875000000001 0.690625 0.3546875000000001 0.69375 0.3578125000000001 0.69375