0 0.18593750000000003 0.2234375 0.14218750000000005 0.2234375 0.14218750000000005 0.2390625 0.18593750000000003 0.2390625
0 0.2828125 0.2203125 0.20625 0.2203125 0.20625 0.2515625 0.2828125 0.2515625
0 0.3765625 0.22500000000000003 0.3015625 0.225 0.3015625 0.25781250000000006 0.3765625 0.2578125000000001
0 0.41875 0.23593750000000008 0.4015625 0.23593750000000008 0.4015625 0.2453125000000001 0.41875 0.2453125000000001
0 0.5859375 0.2312500000000001 0.4453125 0.2312500000000001 0.4453125 0.2531250000000001 0.5859375 0.2531250000000001
0 0.6875 0.2296875000000001 0.6109375 0.2296875000000001 0.6109375 0.2484375000000001 0.6875 0.2484375000000001
0 0.7359375 0.2234375000000001 0.709375 0.2234375000000001 0.709375 0.2484375000000001 0.7359375 0.2484375000000001
0 0.7890625 0.2312500000000001 0.7515625 0.2312500000000001 0.7515625 0.2500000000000001 0.7890625 0.2500000000000001
0 0.86875 0.2296875000000001 0.8171875 0.2296875000000001 0.8171875 0.2515625000000001 0.86875 0.2515625000000001
0 0.884375 0.24375000000000008 0.875 0.24375000000000008 0.875 0.2468750000000001 0.884375 0.2468750000000001
0 0.16406250000000006 0.2828125 0.13750000000000004 0.2828125 0.13750000000000004 0.29375 0.16406250000000006 0.29375
0 0.240625 0.2796875 0.18750000000000006 0.2796875 0.18750000000000006 0.30625 0.240625 0.30625
0 0.30625 0.2828125 0.2546875 0.2828125 0.2546875 0.296875 0.30625 0.296875
0 0.3171875 0.296875 0.309375 0.296875 0.309375 0.3046875 0.3171875 0.3046875
0 0.365625 0.275 0.321875 0.275 0.321875 0.29531250000000003 0.365625 0.2953125000000001
0 0.4265625 0.2843750000000001 0.3828125 0.2843750000000001 0.3828125 0.2968750000000001 0.4265625 0.2968750000000001
0 0.4703125 0.2765625000000001 0.4453125 0.2765625000000001 0.4453125 0.2968750000000001 0.4703125 0.2968750000000001
0 0.5515625 0.2765625000000001 0.4859375 0.2765625000000001 0.4859375 0.2984375000000001 0.5515625 0.2984375000000001
0 0.675 0.2812500000000001 0.578125 0.2812500000000001 0.578125 0.30937500000000007 0.675 0.30937500000000007
0 0.7375 0.2765625000000001 0.690625 0.2765625000000001 0.690625 0.3000000000000001 0.7375 0.3000000000000001
0 0.8484375 0.27812500000000007 0.7578125 0.27812500000000007 0.7578125 0.3031250000000001 0.8484375 0.3031250000000001
0 0.18593750000000003 0.31875 0.13593750000000004 0.31875 0.13593750000000004 0.3515625 0.18593750000000003 0.3515625
0 0.25625 0.3234375 0.20625 0.3234375 0.20625 0.3453125 0.25625 0.3453125
0 0.2796875 0.3265625 0.26875 0.3265625 0.26875 0.34375 0.2796875 0.34375
0 0.3 0.334375 0.2875 0.334375 0.2875 0.3453125 0.3 0.3453125
0 0.3359375 0.3390625 0.31875 0.3390625 0.31875 0.3484375 0.3359375 0.3484375
0 0.4140625 0.33437500000000003 0.35625 0.334375 0.35625 0.35625000000000007 0.4140625 0.35625000000000007
0 0.4640625 0.3375000000000001 0.4328125 0.3375000000000001 0.4328125 0.3468750000000001 0.4640625 0.3468750000000001
0 0.5203125 0.3296875000000001 0.4828125 0.3296875000000001 0.4828125 0.34843750000000007 0.5203125 0.34843750000000007
0 0.7 0.33281250000000007 0.5421875 0.33281250000000007 0.5421875 0.3531250000000001 0.7 0.3531250000000001
0 0.81875 0.33281250000000007 0.721875 0.33281250000000007 0.721875 0.3531250000000001 0.81875 0.3531250000000001
0 0.2000000000000001 0.378125 0.11875000000000005 0.378125 0.11875000000000005 0.4046875 0.2000000000000001 0.4046875
0 0.27031250000000007 0.3765625 0.22031250000000008 0.3765625 0.22031250000000008 0.396875 0.27031250000000007 0.396875
0 0.440625 0.3765625 0.2828125000000001 0.3765625 0.2828125000000001 0.4 0.440625 0.4
0 0.521875 0.37968750000000007 0.4671875 0.37968750000000007 0.4671875 0.4078125 0.521875 0.4078125
0 0.6171875 0.37968750000000007 0.5390625 0.37968750000000007 0.5390625 0.403125 0.6171875 0.403125
0 0.6609375 0.3906250000000001 0.640625 0.3906250000000001 0.640625 0.403125 0.6609375 0.403125
0 0.85 0.37968750000000007 0.6796875 0.37968750000000007 0.6796875 0.4046875000000001 0.85 0.4046875000000002
0 0.2015625000000001 0.4265625 0.12031250000000004 0.4265625 0.12031250000000004 0.453125 0.2015625000000001 0.453125
0 0.2828125000000001 0.4296875 0.2312500000000001 0.4296875 0.2312500000000001 0.4484375 0.2828125000000001 0.4484375
0 0.3515625000000001 0.434375 0.31718750000000007 0.434375 0.31718750000000007 0.4484375 0.3515625000000001 0.4484375
0 0.4859375 0.43125 0.3734375000000001 0.43125 0.3734375000000001 0.45 0.4859375 0.45
0 0.54375 0.4375 0.50625 0.4375 0.50625 0.45 0.54375 0.45
0 0.559375 0.4515625 0.553125 0.4515625 0.553125 0.4578125 0.559375 0.4578125
0 0.6359375 0.4296875 0.5640625 0.4296875 0.5640625 0.4515625 0.6359375 0.4515625
0 0.715625 0.4390625 0.659375 0.4390625 0.659375 0.4515625 0.715625 0.4515625
0 0.8171875 0.4359375000000002 0.75 0.4359375000000002 0.75 0.45625000000000016 0.8171875 0.45625000000000016
0 0.2078125000000001 0.484375 0.10000000000000005 0.484375 0.10000000000000005 0.521875 0.2078125000000001 0.521875
0 0.2453125000000001 0.49375 0.21875000000000008 0.49375 0.21875000000000008 0.50625 0.2453125000000001 0.50625
0 0.2906250000000001 0.4859375 0.2656250000000001 0.4859375 0.2656250000000001 0.50625 0.2906250000000001 0.50625
0 0.3000000000000001 0.503125 0.2968750000000001 0.503125 0.2968750000000001 0.5046875 0.3000000000000001 0.5046875
0 0.34843750000000007 0.4859375 0.2984375000000001 0.4859375 0.2984375000000001 0.503125 0.34843750000000007 0.503125
0 0.465625 0.484375 0.3687500000000001 0.484375 0.3687500000000001 0.5046875 0.465625 0.5046875
0 0.5796875 0.4953125 0.4859375 0.4953125 0.4859375 0.51875 0.5796875 0.51875
0 0.59375 0.50625 0.584375 0.50625 0.584375 0.5140625 0.59375 0.5140625
0 0.6578125 0.4953125 0.5984375 0.4953125 0.5984375 0.50625 0.6578125 0.50625
0 0.725 0.4859375 0.6734375 0.4859375 0.6734375 0.50625 0.725 0.50625
0 0.821875 0.4828125000000002 0.746875 0.4828125000000002 0.746875 0.5171875000000001 0.821875 0.5171875000000001
0 0.8328125 0.5062500000000002 0.8265625 0.5062500000000002 0.8265625 0.5140625000000002 0.8328125 0.5140625000000002
0 0.14843750000000006 0.534375 0.09843750000000007 0.534375 0.09843750000000007 0.55625 0.14843750000000008 0.55625
0 0.2671875000000001 0.5359375 0.16718750000000004 0.5359375 0.16718750000000007 0.5671875 0.2671875000000001 0.5671875
0 0.4046875 0.534375 0.2953125000000001 0.534375 0.2953125000000001 0.55625 0.4046875 0.55625
0 0.51875 0.540625 0.4296875 0.540625 0.4296875 0.578125 0.51875 0.578125
0 0.565625 0.5453125 0.54375 0.5453125 0.54375 0.559375 0.565625 0.559375
0 0.64375 0.540625 0.58125 0.540625 0.58125 0.5578125 0.64375 0.5578125
0 0.7640625 0.5390625000000001 0.6578125 0.5390625 0.6578125 0.5781250000000001 0.7640625 0.5781250000000002
0 0.809375 0.5453125000000002 0.7890625 0.5453125000000002 0.7890625 0.5578125000000002 0.809375 0.5578125000000002
0 0.1687500000000001 0.5875 0.10156250000000008 0.5875 0.10156250000000008 0.6125 0.1687500000000001 0.6125
0 0.2156250000000001 0.5984375 0.18906250000000008 0.5984375 0.18906250000000008 0.6109375 0.2156250000000001 0.6109375
0 0.2890625000000001 0.59375 0.2312500000000001 0.59375 0.2312500000000001 0.6125 0.2890625000000001 0.6125
0 0.3312500000000001 0.5953125 0.3062500000000001 0.5953125 0.3062500000000001 0.6109375 0.3312500000000001 0.6109375
0 0.4328125 0.5890625 0.3437500000000001 0.5890625 0.3437500000000001 0.6125 0.4328125 0.6125
0 0.490625 0.5921875 0.4421875 0.5921875 0.4421875 0.6125 0.490625 0.6125
0 0.5015625 0.596875 0.49375 0.596875 0.49375 0.6109375 0.5015625 0.6109375