0 0.18906250000000005 0.215625 0.15312500000000004 0.215625 0.15312500000000004 0.2328125 0.18906250000000005 0.2328125
0 0.3375 0.2171875 0.2078125 0.2171875 0.2078125 0.2421875 0.3375 0.2421875
0 0.4765625 0.21562500000000004 0.359375 0.215625 0.359375 0.23593750000000005 0.4765625 0.23593750000000008
0 0.5125 0.22656250000000008 0.496875 0.22656250000000008 0.496875 0.2375000000000001 0.5125 0.2375000000000001
0 0.784375 0.2140625000000001 0.53125 0.2140625000000001 0.53125 0.2375000000000001 0.784375 0.2375000000000001
0 0.2046875 0.271875 0.14375000000000004 0.271875 0.14375000000000004 0.284375 0.2046875 0.284375
0 0.3015625 0.2625 0.228125 0.2625 0.228125 0.2859375 0.3015625 0.2859375
0 0.3453125 0.2640625 0.3140625 0.2640625 0.3140625 0.28125 0.3453125 0.28125
0 0.49375 0.26250000000000007 0.3671875 0.26250000000000007 0.3671875 0.29375000000000007 0.49375 0.29375000000000007
0 0.5265625 0.2734375000000001 0.509375 0.2734375000000001 0.509375 0.2843750000000001 0.5265625 0.2843750000000001
0 0.7125 0.2640625000000001 0.5515625 0.2640625000000001 0.5515625 0.2968750000000001 0.7125 0.2968750000000001
0 0.7640625 0.2656250000000001 0.7296875 0.2656250000000001 0.7296875 0.2875000000000001 0.7640625 0.2875000000000001
0 0.840625 0.2656250000000001 0.78125 0.2656250000000001 0.78125 0.2875000000000001 0.840625 0.2875000000000001
0 0.2078125 0.315625 0.14531250000000004 0.315625 0.14531250000000004 0.35 0.2078125 0.35
0 0.221875 0.3328125 0.215625 0.3328125 0.215625 0.3421875 0.221875 0.3421875
0 0.3046875 0.3171875 0.2375 0.3171875 0.2375 0.3359375 0.3046875 0.3359375
0 0.36875 0.31718750000000007 0.3234375 0.3171875 0.3234375 0.33437500000000003 0.36875 0.3343750000000001
0 0.4578125 0.3140625000000001 0.3890625 0.3140625000000001 0.3890625 0.3359375000000001 0.4578125 0.3359375000000001
0 0.515625 0.31718750000000007 0.4734375 0.31718750000000007 0.4734375 0.3359375000000001 0.515625 0.3359375000000001
0 0.584375 0.31718750000000007 0.528125 0.31718750000000007 0.528125 0.3343750000000001 0.584375 0.3343750000000001
0 0.6703125 0.31718750000000007 0.603125 0.31718750000000007 0.603125 0.3359375000000001 0.6703125 0.3359375000000001
0 0.7609375 0.3234375000000001 0.6828125 0.3234375000000001 0.6828125 0.3375000000000001 0.7609375 0.3375000000000001
0 0.8359375 0.3187500000000001 0.778125 0.3187500000000001 0.778125 0.3359375000000001 0.8359375 0.3359375000000001
0 0.19531250000000006 0.375 0.14843750000000006 0.375 0.14843750000000006 0.390625 0.19531250000000006 0.390625
0 0.3687500000000001 0.36562500000000003 0.2218750000000001 0.365625 0.2218750000000001 0.39531250000000007 0.3687500000000001 0.39531250000000007
0 0.446875 0.3734375000000001 0.4015625 0.3734375000000001 0.4015625 0.38750000000000007 0.446875 0.38750000000000007
0 0.609375 0.3671875000000001 0.471875 0.3671875000000001 0.471875 0.4 0.609375 0.4
0 0.6609375 0.3671875000000001 0.628125 0.3671875000000001 0.628125 0.3843750000000001 0.6609375 0.3843750000000001
0 0.775 0.3687500000000001 0.6796875 0.3687500000000001 0.6796875 0.3859375000000001 0.775 0.3859375000000001
0 0.16250000000000003 0.4265625 0.14687500000000003 0.4265625 0.14687500000000003 0.4375 0.16250000000000003 0.4375
0 0.2687500000000001 0.415625 0.17812500000000003 0.415625 0.17812500000000003 0.4375 0.2687500000000001 0.4375
0 0.34843750000000007 0.4171875 0.2953125000000001 0.4171875 0.2953125000000001 0.440625 0.34843750000000007 0.440625
0 0.4203125 0.415625 0.3671875000000001 0.415625 0.3671875000000001 0.4359375 0.4203125 0.4359375
0 0.5296875 0.4171875 0.440625 0.4171875 0.440625 0.440625 0.5296875 0.440625
0 0.603125 0.428125 0.5453125 0.428125 0.5453125 0.4390625 0.603125 0.4390625
0 0.65 0.415625 0.6234375 0.415625 0.6234375 0.4359375 0.65 0.4359375
0 0.8125 0.4140625000000001 0.6765625 0.4140625 0.6765625 0.4390625000000001 0.8125 0.4390625000000002
0 0.8265625 0.43750000000000017 0.821875 0.43750000000000017 0.821875 0.4390625000000002 0.8265625 0.4390625000000002
0 0.16718750000000004 0.4671875 0.14843750000000006 0.4671875 0.14843750000000006 0.4875 0.16718750000000004 0.4875
0 0.34062500000000007 0.475 0.19218750000000004 0.475 0.19218750000000004 0.4984375 0.34062500000000007 0.4984375
0 0.3968750000000001 0.465625 0.3546875000000001 0.465625 0.3546875000000001 0.4875 0.3968750000000001 0.4875
0 0.5296875 0.4625 0.4203125 0.4625 0.4203125 0.4859375 0.5296875 0.4859375
0 0.6265625 0.4671875 0.5453125 0.4671875 0.5453125 0.4921875 0.6265625 0.4921875
0 0.68125 0.471875 0.6453125 0.471875 0.6453125 0.4875 0.68125 0.4875
0 0.765625 0.4703125000000001 0.6984375 0.4703125 0.6984375 0.4875000000000001 0.765625 0.48750000000000016
0 0.859375 0.4781250000000002 0.7796875 0.4781250000000002 0.7796875 0.4906250000000002 0.859375 0.4906250000000002
0 0.16875000000000004 0.528125 0.15156250000000004 0.528125 0.15156250000000004 0.5390625 0.16875000000000004 0.5390625
0 0.2953125000000001 0.528125 0.19062500000000004 0.528125 0.19062500000000007 0.5515625 0.2953125000000001 0.5515625
0 0.40625 0.5203125 0.3312500000000001 0.5203125 0.3312500000000001 0.55 0.40625 0.55
0 0.4421875 0.5203125 0.434375 0.5203125 0.434375 0.5296875 0.4421875 0.5296875
0 0.48125 0.5296875 0.4484375 0.5296875 0.4484375 0.540625 0.48125 0.540625
0 0.5703125 0.528125 0.4953125 0.528125 0.4953125 0.5390625 0.5703125 0.5390625
0 0.621875 0.5265625 0.5859375 0.5265625 0.5859375 0.5375 0.621875 0.5375
0 0.7625 0.5203125000000001 0.6359375 0.5203125 0.6359375 0.5437500000000001 0.7625 0.5437500000000002
0 0.784375 0.5203125000000002 0.778125 0.5203125000000002 0.778125 0.5265625000000002 0.784375 0.5265625000000002
0 0.2234375000000001 0.5671875 0.1515625000000001 0.5671875 0.1515625000000001 0.5890625 0.2234375000000001 0.5890625
0 0.2921875000000001 0.5640625 0.2406250000000001 0.5640625 0.2406250000000001 0.5890625 0.2921875000000001 0.5890625
0 0.5 0.565625 0.30937500000000007 0.565625 0.30937500000000007 0.5984375 0.5 0.5984375
0 0.621875 0.5671875 0.5171875 0.5671875 0.5171875 0.5921875 0.621875 0.5921875
0 0.709375 0.571875 0.64375 0.571875 0.64375 0.5890625 0.709375 0.5890625
0 0.7359375 0.5890625000000002 0.728125 0.5890625000000002 0.728125 0.6015625000000002 0.7359375 0.6015625000000002
0 0.825 0.5671875000000002 0.7484375 0.5671875000000002 0.7484375 0.5921875000000002 0.825 0.5921875000000002
0 0.1687500000000001 0.628125 0.1531250000000001 0.628125 0.1531250000000001 0.640625 0.1687500000000001 0.640625
0 0.2640625000000001 0.6265625 0.1859375000000001 0.6265625 0.1859375000000001 0.6375 0.2640625000000001 0.6375
0 0.30156250000000007 0.6203125 0.2921875000000001 0.6203125 0.2921875000000001 0.6296875 0.30156250000000007 0.6296875
0 0.3812500000000001 0.625 0.3046875000000001 0.625 0.3046875000000001 0.65 0.3812500000000001 0.65
0 0.4671875 0.61875 0.3968750000000001 0.61875 0.3968750000000001 0.6390625 0.4671875 0.6390625
0 0.51875 0.625 0.4875 0.625 0.4875 0.6390625 0.51875 0.6390625
0 0.746875 0.6187500000000001 0.5421875 0.61875 0.5421875 0.6390625000000001 0.746875 0.6390625000000002
0 0.8328125 0.6250000000000002 0.7703125 0.6250000000000002 0.7703125 0.6406250000000002 0.8328125 0.6406250000000002
0 0.3031250000000001 0.6640625 0.1593750000000001 0.6640625 0.1593750000000001 0.7 0.3031250000000001 0.7
0 0.3765625000000001 0.678125 0.3156250000000001 0.678125 0.3156250000000001 0.6890625 0.3765625000000001 0.6890625
0 0.4375 0.665625 0.39531250000000007 0.665625 0.39531250000000007 0.6875 0.4375 0.6875
0 0.528125 0.6765625 0.4578125 0.6765625 0.4578125 0.6890625 0.528125 0.6890625
0 0.54375 0.6859375 0.5359375 0.6859375 0.5359375 0.690625 0.54375 0.690625
0 0.565625 0.665625 0.5578125 0.665625 0.5578125 0.675 0.565625 0.675