0 0.17656250000000004 0.196875 0.14062500000000006 0.196875 0.14062500000000006 0.221875 0.17656250000000004 0.221875
0 0.2953125 0.19531250000000006 0.19375000000000003 0.19531250000000006 0.19375000000000003 0.21875 0.2953125 0.21875
0 0.346875 0.2 0.31875 0.2 0.31875 0.2234375 0.346875 0.2234375
0 0.3625 0.2046875 0.346875 0.2046875 0.346875 0.2125 0.3625 0.2125
0 0.5078125 0.18906250000000005 0.3765625 0.18906250000000005 0.3765625 0.21093750000000008 0.5078125 0.21093750000000008
0 0.5171875 0.20468750000000008 0.5140625 0.20468750000000008 0.5140625 0.21250000000000008 0.5171875 0.21250000000000008
0 0.625 0.19062500000000007 0.5375 0.19062500000000004 0.5375 0.21093750000000008 0.625 0.21093750000000008
0 0.7171875 0.18906250000000008 0.65 0.18906250000000008 0.65 0.2078125000000001 0.7171875 0.2078125000000001
0 0.7796875 0.1984375000000001 0.7359375 0.1984375000000001 0.7359375 0.2093750000000001 0.7796875 0.2093750000000001
0 0.9265625 0.1890625000000001 0.79375 0.18906250000000008 0.79375 0.2093750000000001 0.9265625 0.2093750000000001
0 0.16406250000000006 0.2578125 0.14062500000000006 0.2578125 0.14062500000000006 0.265625 0.16406250000000006 0.265625
0 0.3453125 0.2453125 0.18750000000000006 0.2453125 0.18750000000000006 0.278125 0.3453125 0.278125
0 0.35625 0.259375 0.353125 0.259375 0.353125 0.2625 0.35625 0.2625
0 0.4421875 0.24375000000000008 0.36875 0.24375000000000008 0.36875 0.2671875000000001 0.4421875 0.2671875000000001
0 0.5703125 0.2406250000000001 0.4609375 0.2406250000000001 0.4609375 0.2640625000000001 0.5703125 0.2640625000000001
0 0.628125 0.24375000000000008 0.5953125 0.24375000000000008 0.5953125 0.2593750000000001 0.628125 0.2593750000000001
0 0.7359375 0.2375000000000001 0.6515625 0.2375000000000001 0.6515625 0.2593750000000001 0.7359375 0.2593750000000001
0 0.84375 0.23593750000000008 0.7578125 0.23593750000000008 0.7578125 0.2609375000000001 0.84375 0.2609375000000001
0 0.2125 0.3015625 0.11093750000000005 0.3015625 0.11093750000000005 0.3390625 0.2125 0.3390625
0 0.3484375 0.296875 0.228125 0.296875 0.228125 0.31875 0.3484375 0.31875
0 0.403125 0.29375000000000007 0.3515625 0.29375 0.3515625 0.3140625 0.403125 0.3140625000000001
0 0.4953125 0.2921875000000001 0.4203125 0.2921875000000001 0.4203125 0.30937500000000007 0.4953125 0.30937500000000007
0 0.5609375 0.2968750000000001 0.521875 0.2968750000000001 0.521875 0.3218750000000001 0.5609375 0.3218750000000001
0 0.6375 0.2906250000000001 0.5765625 0.2906250000000001 0.5765625 0.3109375000000001 0.6375 0.3109375000000001
0 0.7328125 0.2890625000000001 0.6515625 0.2890625000000001 0.6515625 0.30937500000000007 0.7328125 0.30937500000000007
0 0.8203125 0.2890625000000001 0.75625 0.2890625000000001 0.75625 0.3078125000000001 0.8203125 0.3078125000000001
0 0.909375 0.28593750000000007 0.834375 0.28593750000000007 0.834375 0.30937500000000007 0.909375 0.30937500000000007
0 0.14531250000000004 0.3546875 0.12343750000000005 0.3546875 0.12343750000000005 0.365625 0.14531250000000004 0.365625
0 0.29687500000000006 0.3453125 0.17656250000000004 0.3453125 0.17656250000000004 0.3640625 0.2968750000000001 0.3640625
0 0.4125 0.3375 0.3171875 0.3375 0.3171875 0.36250000000000004 0.4125 0.3625000000000001
0 0.50625 0.3375000000000001 0.4390625 0.3375000000000001 0.4390625 0.3593750000000001 0.50625 0.3593750000000001
0 0.5984375 0.3437500000000001 0.521875 0.3437500000000001 0.521875 0.3625000000000001 0.5984375 0.3625000000000001
0 0.7046875 0.34062500000000007 0.6140625 0.34062500000000007 0.6140625 0.3625000000000001 0.7046875 0.3625000000000001
0 0.7828125 0.3437500000000001 0.728125 0.3437500000000001 0.728125 0.3703125000000001 0.7828125 0.3703125000000001
0 0.825 0.3531250000000001 0.803125 0.3531250000000001 0.803125 0.3609375000000001 0.825 0.3609375000000001
0 0.9171875 0.3468750000000001 0.840625 0.3468750000000001 0.840625 0.3750000000000001 0.9171875 0.3750000000000001
0 0.925 0.3625000000000001 0.915625 0.3625000000000001 0.915625 0.3750000000000001 0.925 0.3750000000000001
0 0.12968750000000004 0.4 0.10937500000000004 0.4 0.10937500000000004 0.4234375 0.12968750000000004 0.4234375
0 0.27031250000000007 0.3953125 0.15312500000000004 0.3953125 0.15312500000000004 0.4171875 0.27031250000000007 0.4171875
0 0.3375000000000001 0.396875 0.3000000000000001 0.396875 0.3000000000000001 0.428125 0.3375000000000001 0.428125
0 0.55625 0.38750000000000007 0.3531250000000001 0.3875 0.3531250000000001 0.421875 0.55625 0.421875
0 0.671875 0.38750000000000007 0.5859375 0.38750000000000007 0.5859375 0.409375 0.671875 0.409375
0 0.790625 0.3921875000000001 0.7015625 0.3921875000000001 0.7015625 0.4093750000000001 0.790625 0.40937500000000016
0 0.9171875 0.3937500000000001 0.8140625 0.3937500000000001 0.8140625 0.41406250000000017 0.9171875 0.41406250000000017
0 0.18750000000000006 0.45 0.11406250000000004 0.45 0.11406250000000004 0.46875 0.18750000000000006 0.46875
0 0.19843750000000004 0.4640625 0.19375000000000003 0.4640625 0.19375000000000003 0.471875 0.19843750000000004 0.471875
0 0.3437500000000001 0.446875 0.2250000000000001 0.446875 0.2250000000000001 0.4828125 0.3437500000000001 0.4828125
0 0.4171875 0.44375 0.3750000000000001 0.44375 0.3750000000000001 0.4609375 0.4171875 0.4609375
0 0.578125 0.4421875 0.4328125 0.4421875 0.4328125 0.4640625 0.578125 0.4640625
0 0.6703125 0.446875 0.60625 0.446875 0.60625 0.465625 0.6703125 0.465625
0 0.8765625 0.4406250000000001 0.6890625 0.440625 0.6890625 0.4609375000000001 0.8765625 0.46093750000000017
0 0.18281250000000004 0.5015625 0.11093750000000005 0.5015625 0.11093750000000005 0.521875 0.18281250000000004 0.521875
0 0.2218750000000001 0.50625 0.19375000000000003 0.50625 0.19375000000000003 0.5140625 0.2218750000000001 0.5140625
0 0.3890625000000001 0.4953125 0.2562500000000001 0.4953125 0.2562500000000001 0.5234375 0.3890625000000001 0.5234375
0 0.5375 0.4890625 0.4265625 0.4890625 0.4265625 0.5203125 0.5375 0.5203125
0 0.5953125 0.490625 0.5609375 0.490625 0.5609375 0.509375 0.5953125 0.509375
0 0.79375 0.4906250000000001 0.6234375 0.490625 0.6234375 0.5093750000000001 0.79375 0.5093750000000001
0 0.8390625 0.5015625000000001 0.815625 0.5015625000000001 0.815625 0.5093750000000001 0.8390625 0.5093750000000001
0 0.1984375000000001 0.5453125 0.10781250000000009 0.5453125 0.10781250000000009 0.578125 0.1984375000000001 0.578125
0 0.2843750000000001 0.55 0.2453125000000001 0.55 0.2453125000000001 0.5796875 0.2843750000000001 0.5796875
0 0.503125 0.5421875 0.3140625000000001 0.5421875 0.3140625000000001 0.5640625 0.503125 0.5640625
0 0.5140625 0.5625 0.509375 0.5625 0.509375 0.5640625 0.5140625 0.5640625