0 0.203125 0.19375000000000003 0.13125000000000003 0.19375 0.13125000000000003 0.2109375 0.203125 0.2109375
0 0.35 0.19375000000000003 0.215625 0.19375000000000003 0.215625 0.209375 0.35 0.209375
0 0.46875 0.19218750000000004 0.3703125 0.19218750000000004 0.3703125 0.2078125000000001 0.46875 0.2078125000000001
0 0.53125 0.19843750000000004 0.4875 0.19843750000000004 0.4875 0.2093750000000001 0.53125 0.2093750000000001
0 0.6703125 0.1937500000000001 0.5609375 0.1937500000000001 0.5609375 0.21093750000000008 0.6703125 0.21093750000000008
0 0.9265625 0.19375000000000012 0.7046875 0.1937500000000001 0.7046875 0.2156250000000001 0.9265625 0.2156250000000001
0 0.17031250000000003 0.24375 0.13750000000000004 0.24375 0.13750000000000004 0.2625 0.17031250000000003 0.2625
0 0.296875 0.24375 0.209375 0.24375 0.209375 0.2640625 0.296875 0.2640625
0 0.4046875 0.24218750000000006 0.321875 0.2421875 0.321875 0.26406250000000003 0.4046875 0.2640625000000001
0 0.4953125 0.24218750000000008 0.434375 0.24218750000000008 0.434375 0.2593750000000001 0.4953125 0.2593750000000001
0 0.5859375 0.24218750000000008 0.5203125 0.24218750000000008 0.5203125 0.2578125000000001 0.5859375 0.2578125000000001
0 0.70625 0.2406250000000001 0.60625 0.2406250000000001 0.60625 0.26250000000000007 0.70625 0.26250000000000007
0 0.840625 0.2375000000000001 0.73125 0.2375000000000001 0.73125 0.25468750000000007 0.840625 0.25468750000000007
0 0.93125 0.2390625000000001 0.8546875 0.2390625000000001 0.8546875 0.2609375000000001 0.93125 0.2609375000000001
0 0.2546875 0.29375 0.12812500000000004 0.29375 0.12812500000000004 0.309375 0.2546875 0.309375
0 0.3703125 0.29375000000000007 0.2765625 0.29375 0.2765625 0.31875000000000003 0.3703125 0.3187500000000001
0 0.60625 0.2921875000000001 0.403125 0.2921875000000001 0.403125 0.31718750000000007 0.60625 0.31718750000000007
0 0.675 0.2953125000000001 0.6390625 0.2953125000000001 0.6390625 0.30937500000000007 0.675 0.30937500000000007
0 0.909375 0.2890625000000001 0.696875 0.2890625000000001 0.696875 0.3078125000000001 0.909375 0.3078125000000001
0 0.18906250000000005 0.3453125 0.12500000000000006 0.3453125 0.12500000000000006 0.3609375 0.18906250000000005 0.3609375
0 0.4140625 0.34218750000000003 0.225 0.3421875 0.225 0.35937500000000006 0.4140625 0.3593750000000001
0 0.5 0.3500000000000001 0.45 0.3500000000000001 0.45 0.3593750000000001 0.5 0.3593750000000001
0 0.5984375 0.3437500000000001 0.5234375 0.3437500000000001 0.5234375 0.3593750000000001 0.5984375 0.3593750000000001
0 0.678125 0.3500000000000001 0.63125 0.3500000000000001 0.63125 0.3593750000000001 0.678125 0.3593750000000001
0 0.8515625 0.3390625000000001 0.696875 0.3390625000000001 0.696875 0.36406250000000007 0.8515625 0.36406250000000007
0 0.8671875 0.3531250000000001 0.8609375 0.3531250000000001 0.8609375 0.35625000000000007 0.8671875 0.35625000000000007
0 0.2375000000000001 0.39375 0.12031250000000004 0.39375 0.12031250000000004 0.409375 0.2375000000000001 0.409375
0 0.3031250000000001 0.396875 0.2656250000000001 0.396875 0.2656250000000001 0.4125 0.3031250000000001 0.4125
0 0.3921875000000001 0.3921875 0.3265625000000001 0.3921875 0.3265625000000001 0.4109375 0.3921875000000001 0.4109375
0 0.525 0.3984375000000001 0.4171875 0.3984375000000001 0.4171875 0.409375 0.525 0.409375
0 0.68125 0.3906250000000001 0.5453125 0.3906250000000001 0.5453125 0.4171875 0.68125 0.4171875
0 0.8125 0.3921875000000001 0.7109375 0.3921875000000001 0.7109375 0.4078125000000001 0.8125 0.4078125000000002
0 0.9 0.3906250000000001 0.8171875 0.3906250000000001 0.8171875 0.40625000000000017 0.9 0.40625000000000017
0 0.2843750000000001 0.44375 0.13125000000000003 0.44375 0.13125000000000003 0.46875 0.2843750000000001 0.46875
0 0.3031250000000001 0.4546875 0.3000000000000001 0.4546875 0.3000000000000001 0.465625 0.3031250000000001 0.465625
0 0.3843750000000001 0.4421875 0.31718750000000007 0.4421875 0.31718750000000007 0.4609375 0.3843750000000001 0.4609375
0 0.5234375 0.4515625 0.415625 0.4515625 0.415625 0.4625 0.5234375 0.4625
0 0.675 0.446875 0.5515625 0.446875 0.5515625 0.4625 0.675 0.4625
0 0.8703125 0.4406250000000001 0.6984375 0.440625 0.6984375 0.46562500000000007 0.8703125 0.4656250000000002
0 0.9171875 0.44531250000000017 0.884375 0.44531250000000017 0.884375 0.4656250000000002 0.9171875 0.4656250000000002
0 0.2390625000000001 0.49375 0.13437500000000005 0.49375 0.13437500000000005 0.5125 0.2390625000000001 0.5125
0 0.2578125000000001 0.5078125 0.2531250000000001 0.5078125 0.2531250000000001 0.5203125 0.2578125000000001 0.5203125
0 0.33281250000000007 0.496875 0.2656250000000001 0.496875 0.2656250000000001 0.5140625 0.33281250000000007 0.5140625
0 0.475 0.5015625 0.3625000000000001 0.5015625 0.3625000000000001 0.5125 0.475 0.5125
0 0.659375 0.4953125 0.5046875 0.4953125 0.5046875 0.51875 0.659375 0.51875
0 0.8015625 0.5015625000000001 0.6828125 0.5015625 0.6828125 0.5109375 0.8015625 0.5109375000000002
0 0.878125 0.4968750000000002 0.8359375 0.4968750000000002 0.8359375 0.5218750000000002 0.878125 0.5218750000000002
0 0.3281250000000001 0.546875 0.13281250000000008 0.546875 0.13281250000000008 0.56875 0.3281250000000001 0.56875
0 0.4203125 0.553125 0.37187500000000007 0.553125 0.37187500000000007 0.5625 0.4203125 0.5625
0 0.571875 0.54375 0.4515625 0.54375 0.4515625 0.5609375 0.571875 0.5609375
0 0.740625 0.5515625000000001 0.6140625 0.5515625 0.6140625 0.5687500000000001 0.740625 0.5687500000000002
0 0.8296875 0.5437500000000002 0.7609375 0.5437500000000002 0.7609375 0.5625000000000002 0.8296875 0.5625000000000002
0 0.2843750000000001 0.6 0.1359375000000001 0.6 0.1359375000000001 0.615625 0.2843750000000001 0.615625
0 0.2968750000000001 0.6109375 0.2921875000000001 0.6109375 0.2921875000000001 0.6203125 0.2968750000000001 0.6203125
0 0.4484375 0.6015625 0.3218750000000001 0.6015625 0.3218750000000001 0.615625 0.4484375 0.615625
0 0.68125 0.6 0.4859375 0.6 0.4859375 0.6140625 0.68125 0.6140625
0 0.7859375 0.596875 0.7140625 0.596875 0.7140625 0.6109375000000001 0.7859375 0.6109375000000001
0 0.915625 0.5968750000000002 0.815625 0.5968750000000002 0.815625 0.6125000000000002 0.915625 0.6125000000000002
0 0.3531250000000001 0.6484375 0.1359375000000001 0.6484375 0.1359375000000001 0.66875 0.3531250000000001 0.66875
0 0.415625 0.65 0.37968750000000007 0.65 0.37968750000000007 0.6734375 0.415625 0.6734375
0 0.571875 0.646875 0.45 0.646875 0.45 0.6703125 0.571875 0.6703125
0 0.678125 0.646875 0.5984375 0.646875 0.5984375 0.665625 0.678125 0.665625
0 0.78125 0.6546875000000001 0.709375 0.6546875 0.709375 0.6640625000000001 0.78125 0.6640625000000002
0 0.3109375000000001 0.6953125 0.13437500000000008 0.6953125 0.13437500000000008 0.7234375 0.3109375000000001 0.7234375
0 0.4734375 0.7 0.3187500000000001 0.7 0.3187500000000001 0.715625 0.4734375 0.715625
0 0.4875 0.709375 0.4828125 0.709375 0.4828125 0.7140625 0.4875 0.7140625