0 0.17500000000000004 0.203125 0.13906250000000003 0.203125 0.13906250000000003 0.21875 0.17500000000000004 0.21875
0 0.2921875 0.2 0.18750000000000006 0.2 0.18750000000000006 0.2171875 0.2921875 0.2171875
0 0.45625 0.20312500000000006 0.309375 0.203125 0.309375 0.22031250000000005 0.45625 0.22031250000000008
0 0.4953125 0.2000000000000001 0.4703125 0.2000000000000001 0.4703125 0.2156250000000001 0.4953125 0.2156250000000001
0 0.590625 0.20312500000000008 0.5078125 0.20312500000000008 0.5078125 0.2156250000000001 0.590625 0.2156250000000001
0 0.65 0.2015625000000001 0.60625 0.2015625000000001 0.60625 0.2156250000000001 0.65 0.2156250000000001
0 0.8578125 0.2000000000000001 0.6609375 0.2000000000000001 0.6609375 0.21875000000000008 0.8578125 0.21875000000000008
0 0.275 0.24375 0.14843750000000006 0.24375 0.14843750000000006 0.2640625 0.275 0.2640625
0 0.2921875 0.24375 0.275 0.24375 0.275 0.2578125 0.2921875 0.2578125
0 0.35625 0.24375 0.2890625 0.24375 0.2890625 0.2578125 0.35625 0.2578125
0 0.4703125 0.2453125000000001 0.3765625 0.2453125000000001 0.3765625 0.2609375000000001 0.4703125 0.2609375000000001
0 0.646875 0.2453125000000001 0.4921875 0.2453125000000001 0.4921875 0.26250000000000007 0.646875 0.26250000000000007
0 0.753125 0.2484375000000001 0.659375 0.2484375000000001 0.659375 0.26250000000000007 0.753125 0.26250000000000007
0 0.8125 0.2468750000000001 0.7640625 0.2468750000000001 0.7640625 0.26250000000000007 0.8125 0.26250000000000007
0 0.2546875 0.2984375 0.15156250000000004 0.2984375 0.15156250000000004 0.3203125 0.2546875 0.3203125
0 0.3828125 0.2984375 0.26875 0.2984375 0.26875 0.31875000000000003 0.3828125 0.3187500000000001
0 0.4390625 0.3000000000000001 0.4 0.3000000000000001 0.4 0.3156250000000001 0.4390625 0.3156250000000001
0 0.528125 0.2968750000000001 0.453125 0.2968750000000001 0.453125 0.3140625000000001 0.528125 0.3140625000000001
0 0.5609375 0.3062500000000001 0.5421875 0.3062500000000001 0.5421875 0.3140625000000001 0.5609375 0.3140625000000001
0 0.6375 0.3062500000000001 0.5734375 0.3062500000000001 0.5734375 0.3156250000000001 0.6375 0.3156250000000001
0 0.7609375 0.30156250000000007 0.65 0.30156250000000007 0.65 0.3218750000000001 0.7609375 0.3218750000000001
0 0.8171875 0.3031250000000001 0.7734375 0.3031250000000001 0.7734375 0.3156250000000001 0.8171875 0.3156250000000001
0 0.26093750000000004 0.353125 0.15000000000000005 0.353125 0.15000000000000005 0.36875 0.2609375000000001 0.36875
0 0.4203125 0.35000000000000003 0.2828125 0.35 0.2828125 0.37343750000000003 0.4203125 0.3734375000000001
0 0.4625 0.3515625000000001 0.4359375 0.3515625000000001 0.4359375 0.3656250000000001 0.4625 0.3656250000000001
0 0.5171875 0.3500000000000001 0.4703125 0.3500000000000001 0.4703125 0.3656250000000001 0.5171875 0.3656250000000001
0 0.625 0.3578125000000001 0.534375 0.3578125000000001 0.534375 0.37187500000000007 0.625 0.37187500000000007
0 0.759375 0.3500000000000001 0.640625 0.3500000000000001 0.640625 0.3671875000000001 0.759375 0.3671875000000001
0 0.803125 0.3468750000000001 0.7765625 0.3468750000000001 0.7765625 0.36406250000000007 0.803125 0.36406250000000007
0 0.865625 0.3468750000000001 0.815625 0.3468750000000001 0.815625 0.3625000000000001 0.865625 0.3625000000000001
0 0.23437500000000008 0.4015625 0.15312500000000004 0.4015625 0.15312500000000004 0.41875 0.23437500000000008 0.41875
0 0.2640625000000001 0.4046875 0.2390625000000001 0.4046875 0.2390625000000001 0.4171875 0.2640625000000001 0.4171875
0 0.2984375000000001 0.4046875 0.2656250000000001 0.4046875 0.2656250000000001 0.4171875 0.2984375000000001 0.4171875
0 0.4734375 0.4 0.3125000000000001 0.4 0.3125000000000001 0.4234375 0.4734375 0.4234375
0 0.515625 0.4 0.4875 0.4 0.4875 0.415625 0.515625 0.415625
0 0.5765625 0.3984375000000001 0.53125 0.3984375000000001 0.53125 0.415625 0.5765625 0.415625
0 0.6578125 0.40625 0.59375 0.40625 0.59375 0.415625 0.6578125 0.415625
0 0.696875 0.4015625 0.6703125 0.4015625 0.6703125 0.415625 0.696875 0.415625
0 0.815625 0.4015625000000001 0.7125 0.4015625 0.7125 0.4234375000000001 0.815625 0.4234375000000002
0 0.2015625000000001 0.4578125 0.15468750000000003 0.4578125 0.15468750000000003 0.4671875 0.2015625000000001 0.4671875
0 0.23437500000000008 0.4609375 0.22031250000000008 0.4609375 0.22031250000000008 0.4671875 0.23437500000000008 0.4671875
0 0.3390625000000001 0.4515625 0.2531250000000001 0.4515625 0.2531250000000001 0.4703125 0.3390625000000001 0.4703125
0 0.37968750000000007 0.4515625 0.3546875000000001 0.4515625 0.3546875000000001 0.46875 0.37968750000000007 0.46875
0 0.425 0.459375 0.3984375000000001 0.459375 0.3984375000000001 0.4671875 0.425 0.4671875
0 0.5015625 0.4515625 0.4421875 0.4515625 0.4421875 0.4671875 0.5015625 0.4671875
0 0.6515625 0.4515625 0.5125 0.4515625 0.5125 0.471875 0.6515625 0.471875
0 0.690625 0.45 0.6640625 0.45 0.6640625 0.465625 0.690625 0.465625
0 0.7375 0.45000000000000007 0.7 0.45 0.7 0.4640625000000001 0.7375 0.46406250000000016
0 0.8421875 0.4500000000000002 0.746875 0.4500000000000002 0.746875 0.4656250000000002 0.8421875 0.4656250000000002
0 0.8515625 0.4625000000000002 0.85 0.4625000000000002 0.85 0.4656250000000002 0.8515625 0.4656250000000002
0 0.2156250000000001 0.503125 0.15312500000000004 0.503125 0.15312500000000004 0.5203125 0.2156250000000001 0.5203125
0 0.3656250000000001 0.503125 0.23437500000000008 0.503125 0.23437500000000008 0.5171875 0.3656250000000001 0.5171875
0 0.48125 0.496875 0.3828125000000001 0.496875 0.3828125000000001 0.5140625 0.48125 0.5140625
0 0.5265625 0.503125 0.4984375 0.503125 0.4984375 0.5125 0.5265625 0.5125
0 0.64375 0.496875 0.54375 0.496875 0.54375 0.51875 0.64375 0.51875
0 0.671875 0.5046875 0.6546875 0.5046875 0.6546875 0.5109375 0.671875 0.5109375
0 0.7421875 0.5015625000000001 0.6890625 0.5015625 0.6890625 0.5171875000000001 0.7421875 0.5171875000000001
0 0.8640625 0.4937500000000002 0.75625 0.4937500000000002 0.75625 0.5109375000000002 0.8640625 0.5109375000000002
0 0.25468750000000007 0.5484375 0.1609375000000001 0.5484375 0.1609375000000001 0.56875 0.25468750000000007 0.56875
0 0.2953125000000001 0.553125 0.2671875000000001 0.553125 0.2671875000000001 0.5703125 0.2953125000000001 0.5703125
0 0.37968750000000007 0.553125 0.3062500000000001 0.553125 0.3062500000000001 0.56875 0.37968750000000007 0.56875
0 0.475 0.5484375 0.3968750000000001 0.5484375 0.3968750000000001 0.56875 0.475 0.56875
0 0.6625 0.546875 0.4921875 0.546875 0.4921875 0.5703125 0.6625 0.5703125
0 0.6890625 0.5578125 0.671875 0.5578125 0.671875 0.565625 0.6890625 0.565625
0 0.7125 0.5515625 0.6859375 0.5515625 0.6859375 0.5671875 0.7125 0.5671875
0 0.746875 0.5515625000000001 0.725 0.5515625 0.725 0.5671875000000001 0.746875 0.5671875000000002
0 0.778125 0.5515625000000002 0.759375 0.5515625000000002 0.759375 0.5671875000000002 0.778125 0.5671875000000002
0 0.8359375 0.5500000000000002 0.7859375 0.5500000000000002 0.7859375 0.5656250000000002 0.8359375 0.5656250000000002
0 0.25468750000000007 0.5984375 0.1625000000000001 0.5984375 0.1625000000000001 0.61875 0.25468750000000007 0.61875
0 0.3046875000000001 0.6015625 0.27812500000000007 0.6015625 0.27812500000000007 0.61875 0.3046875000000001 0.61875
0 0.421875 0.6 0.3203125000000001 0.6 0.3203125000000001 0.61875 0.421875 0.61875
0 0.49375 0.6 0.44375 0.6 0.44375 0.6171875 0.49375 0.6171875
0 0.5390625 0.603125 0.5140625 0.603125 0.5140625 0.61875 0.5390625 0.61875
0 0.6109375 0.6015625 0.5515625 0.6015625 0.5515625 0.61875 0.6109375 0.61875
0 0.721875 0.6015625 0.625 0.6015625 0.625 0.6171875 0.721875 0.6171875
0 0.78125 0.5984375000000002 0.7359375 0.5984375000000002 0.7359375 0.6156250000000002 0.78125 0.6156250000000002
0 0.2609375000000001 0.6546875 0.1609375000000001 0.6546875 0.1609375000000001 0.6703125 0.2609375000000001 0.6703125
0 0.3000000000000001 0.6515625 0.2765625000000001 0.6515625 0.2765625000000001 0.66875 0.3000000000000001 0.66875
0 0.4078125 0.653125 0.3125000000000001 0.653125 0.3125000000000001 0.6703125 0.4078125 0.6703125
0 0.4671875 0.653125 0.4234375 0.653125 0.4234375 0.6671875 0.4671875 0.6671875
0 0.6234375 0.653125 0.490625 0.653125 0.490625 0.6703125 0.6234375 0.6703125
0 0.684375 0.653125 0.6390625 0.653125 0.6390625 0.671875 0.684375 0.671875
0 0.803125 0.6531250000000001 0.7015625 0.653125 0.7015625 0.6687500000000001 0.803125 0.6687500000000002
0 0.19531250000000008 0.7015625 0.1593750000000001 0.7015625 0.1593750000000001 0.71875 0.19531250000000008 0.71875
0 0.2968750000000001 0.7 0.2156250000000001 0.7 0.2156250000000001 0.7171875 0.2968750000000001 0.7171875
0 0.3031250000000001 0.71875 0.3000000000000001 0.71875 0.3000000000000001 0.7203125 0.3031250000000001 0.7203125