0 0.209375 0.184375 0.16562500000000005 0.184375 0.16562500000000005 0.225 0.209375 0.225
0 0.275 0.215625 0.2203125 0.215625 0.2203125 0.228125 0.275 0.228125
0 0.3421875 0.215625 0.290625 0.215625 0.290625 0.228125 0.3421875 0.228125
0 0.415625 0.19843750000000004 0.3609375 0.19843750000000004 0.3609375 0.22968750000000004 0.415625 0.2296875000000001
0 0.4484375 0.2015625000000001 0.4296875 0.2015625000000001 0.4296875 0.2296875000000001 0.4484375 0.2296875000000001
0 0.4875 0.2171875000000001 0.45625 0.2171875000000001 0.45625 0.2312500000000001 0.4875 0.2312500000000001
0 0.59375 0.19843750000000007 0.5109375 0.19843750000000004 0.5109375 0.2468750000000001 0.59375 0.2468750000000001
0 0.6 0.2328125000000001 0.5984375 0.2328125000000001 0.5984375 0.2375000000000001 0.6 0.2375000000000001
0 0.6578125 0.20468750000000008 0.609375 0.20468750000000008 0.609375 0.2312500000000001 0.6578125 0.2312500000000001
0 0.659375 0.2312500000000001 0.653125 0.2312500000000001 0.653125 0.2390625000000001 0.659375 0.2390625000000001
0 0.725 0.20312500000000008 0.678125 0.20312500000000008 0.678125 0.2468750000000001 0.725 0.2468750000000001
0 0.8484375 0.1984375000000001 0.7375 0.1984375000000001 0.7375 0.24218750000000008 0.8484375 0.24218750000000008
0 0.2140625 0.25 0.15781250000000005 0.25 0.15781250000000005 0.2859375 0.2140625 0.2859375
0 0.253125 0.253125 0.2265625 0.253125 0.2265625 0.278125 0.253125 0.278125
0 0.31875 0.25 0.2640625 0.25 0.2640625 0.28125 0.31875 0.28125
0 0.4109375 0.25625000000000003 0.34375 0.25625 0.34375 0.28125000000000006 0.4109375 0.2812500000000001
0 0.4890625 0.2484375000000001 0.4328125 0.2484375000000001 0.4328125 0.2843750000000001 0.4890625 0.2843750000000001
0 0.621875 0.2468750000000001 0.51875 0.2468750000000001 0.51875 0.2890625000000001 0.621875 0.2890625000000001
0 0.6921875 0.2515625000000001 0.6453125 0.2515625000000001 0.6453125 0.27812500000000007 0.6921875 0.27812500000000007
0 0.734375 0.2468750000000001 0.7046875 0.2468750000000001 0.7046875 0.27812500000000007 0.734375 0.27812500000000007
0 0.8015625 0.2656250000000001 0.7484375 0.2656250000000001 0.7484375 0.2890625000000001 0.8015625 0.2890625000000001
0 0.8328125 0.2687500000000001 0.815625 0.2687500000000001 0.815625 0.2765625000000001 0.8328125 0.2765625000000001
0 0.2 0.3203125 0.16250000000000003 0.3203125 0.16250000000000003 0.3453125 0.2 0.3453125
0 0.271875 0.3015625 0.215625 0.3015625 0.215625 0.3546875 0.271875 0.3546875
0 0.346875 0.3 0.290625 0.3 0.290625 0.3453125 0.346875 0.3453125
0 0.4203125 0.3000000000000001 0.3640625 0.3000000000000001 0.3640625 0.3312500000000001 0.4203125 0.3312500000000001
0 0.50625 0.3046875000000001 0.434375 0.3046875000000001 0.434375 0.3312500000000001 0.50625 0.3312500000000001
0 0.5953125 0.3000000000000001 0.528125 0.3000000000000001 0.528125 0.3421875000000001 0.5953125 0.3421875000000001
0 0.7203125 0.2968750000000001 0.6109375 0.2968750000000001 0.6109375 0.3500000000000001 0.7203125 0.3500000000000001
0 0.803125 0.2968750000000001 0.7328125 0.2968750000000001 0.7328125 0.3437500000000001 0.803125 0.3437500000000001
0 0.815625 0.31718750000000007 0.80625 0.31718750000000007 0.80625 0.33281250000000007 0.815625 0.33281250000000007
0 0.20000000000000004 0.3546875 0.15625000000000006 0.3546875 0.15625000000000006 0.3828125 0.2000000000000001 0.3828125
0 0.25781250000000006 0.353125 0.2203125 0.353125 0.22031250000000005 0.3828125 0.2578125000000001 0.3828125
0 0.30937500000000007 0.353125 0.2734375 0.353125 0.27343750000000006 0.3828125 0.30937500000000007 0.3828125
0 0.3921875 0.35000000000000003 0.3203125 0.35 0.32031250000000006 0.384375 0.3921875000000001 0.3843750000000001
0 0.5421875 0.3468750000000001 0.409375 0.3468750000000001 0.409375 0.3968750000000001 0.5421875 0.3968750000000001
0 0.6078125 0.3546875000000001 0.565625 0.3546875000000001 0.565625 0.3812500000000001 0.6078125 0.3812500000000001
0 0.6375 0.3687500000000001 0.6171875 0.3687500000000001 0.6171875 0.3828125000000001 0.6375 0.3828125000000001
0 0.7109375 0.3500000000000001 0.653125 0.3500000000000001 0.653125 0.3812500000000001 0.7109375 0.3812500000000001
0 0.775 0.3687500000000001 0.734375 0.3687500000000001 0.734375 0.37968750000000007 0.775 0.37968750000000007
0 0.8140625 0.3531250000000001 0.7890625 0.3531250000000001 0.7890625 0.3781250000000001 0.8140625 0.3781250000000001
0 0.2000000000000001 0.4015625 0.15781250000000005 0.4015625 0.15781250000000005 0.4359375 0.2000000000000001 0.4359375
0 0.2500000000000001 0.4078125 0.2218750000000001 0.4078125 0.2218750000000001 0.4421875 0.2500000000000001 0.4421875
0 0.3000000000000001 0.40625 0.2656250000000001 0.40625 0.2656250000000001 0.434375 0.3000000000000001 0.434375
0 0.3546875000000001 0.403125 0.3062500000000001 0.403125 0.3062500000000001 0.4453125 0.3546875000000001 0.4453125
0 0.4421875 0.40625 0.3781250000000001 0.40625 0.3781250000000001 0.434375 0.4421875 0.434375
0 0.5171875 0.403125 0.4703125 0.403125 0.4703125 0.4328125 0.5171875 0.4328125
0 0.54375 0.4265625 0.53125 0.4265625 0.53125 0.434375 0.54375 0.434375
0 0.5921875 0.4234375 0.559375 0.4234375 0.559375 0.4484375 0.5921875 0.4484375
0 0.621875 0.4078125 0.596875 0.4078125 0.596875 0.4421875 0.621875 0.4421875
0 0.6703125 0.4046875 0.628125 0.4046875 0.628125 0.4359375 0.6703125 0.4359375
0 0.6921875 0.409375 0.6796875 0.409375 0.6796875 0.4328125 0.6921875 0.4328125