0 0.221875 0.2 0.13906250000000003 0.2 0.13906250000000003 0.228125 0.221875 0.228125
0 0.3203125 0.2125 0.2375 0.2125 0.2375 0.246875 0.3203125 0.246875
0 0.4015625 0.21406250000000004 0.3453125 0.2140625 0.3453125 0.24375000000000005 0.4015625 0.24375000000000008
0 0.4375 0.2140625000000001 0.4234375 0.2140625000000001 0.4234375 0.22656250000000008 0.4375 0.22656250000000008
0 0.675 0.2062500000000001 0.4703125 0.2062500000000001 0.4703125 0.2375000000000001 0.675 0.2375000000000001
0 0.8796875 0.2015625000000001 0.6953125 0.2015625000000001 0.6953125 0.2375000000000001 0.8796875 0.2375000000000001
0 0.20625 0.253125 0.14375000000000004 0.253125 0.14375000000000004 0.2765625 0.20625 0.2765625
0 0.2453125 0.2671875 0.215625 0.2671875 0.215625 0.278125 0.2453125 0.278125
0 0.3359375 0.2546875 0.26875 0.2546875 0.26875 0.2796875 0.3359375 0.2796875
0 0.4203125 0.25468750000000007 0.35625 0.2546875 0.35625 0.27968750000000003 0.4203125 0.2796875000000001
0 0.496875 0.2640625000000001 0.44375 0.2640625000000001 0.44375 0.27812500000000007 0.496875 0.27812500000000007
0 0.6390625 0.25468750000000007 0.521875 0.25468750000000007 0.521875 0.2921875000000001 0.6390625 0.2921875000000001
0 0.6921875 0.2640625000000001 0.6578125 0.2640625000000001 0.6578125 0.27812500000000007 0.6921875 0.27812500000000007
0 0.871875 0.2500000000000001 0.71875 0.2500000000000001 0.71875 0.3000000000000001 0.871875 0.3000000000000001
0 0.2359375 0.309375 0.15156250000000004 0.309375 0.15156250000000004 0.3296875 0.2359375 0.3296875
0 0.30625 0.30625 0.2546875 0.30625 0.2546875 0.328125 0.30625 0.328125
0 0.35625 0.30625 0.3265625 0.30625 0.3265625 0.3296875 0.35625 0.3296875
0 0.3765625 0.3312500000000001 0.3640625 0.3312500000000001 0.3640625 0.3437500000000001 0.3765625 0.3437500000000001
0 0.5078125 0.3062500000000001 0.3953125 0.3062500000000001 0.3953125 0.3421875000000001 0.5078125 0.3421875000000001
0 0.5703125 0.3156250000000001 0.5296875 0.3156250000000001 0.5296875 0.3265625000000001 0.5703125 0.3265625000000001
0 0.734375 0.3031250000000001 0.59375 0.3031250000000001 0.59375 0.33281250000000007 0.734375 0.33281250000000007
0 0.8484375 0.30937500000000007 0.75625 0.30937500000000007 0.75625 0.3312500000000001 0.8484375 0.3312500000000001
0 0.9203125 0.30937500000000007 0.8625 0.30937500000000007 0.8625 0.3281250000000001 0.9203125 0.3281250000000001
0 0.19375000000000003 0.359375 0.14687500000000003 0.359375 0.14687500000000003 0.39375 0.19375000000000003 0.39375
0 0.2234375000000001 0.378125 0.21093750000000008 0.378125 0.21093750000000008 0.3875 0.2234375000000001 0.3875
0 0.34218750000000003 0.359375 0.234375 0.359375 0.23437500000000006 0.396875 0.3421875000000001 0.396875
0 0.4015625 0.3656250000000001 0.36406250000000007 0.3656250000000001 0.36406250000000007 0.37968750000000007 0.4015625 0.37968750000000007
0 0.5328125 0.3531250000000001 0.43125 0.3531250000000001 0.43125 0.37968750000000007 0.5328125 0.37968750000000007
0 0.6453125 0.3609375000000001 0.5578125 0.3609375000000001 0.5578125 0.3812500000000001 0.6453125 0.3812500000000001
0 0.7109375 0.35625000000000007 0.6546875 0.35625000000000007 0.6546875 0.37968750000000007 0.7109375 0.37968750000000007
0 0.7875 0.3625000000000001 0.7203125 0.3625000000000001 0.7203125 0.3906250000000001 0.7875 0.3906250000000001
0 0.803125 0.37187500000000007 0.7890625 0.37187500000000007 0.7890625 0.3906250000000001 0.803125 0.3906250000000001
0 0.85 0.3687500000000001 0.8140625 0.3687500000000001 0.8140625 0.37968750000000007 0.85 0.37968750000000007
0 0.2390625000000001 0.4140625 0.15156250000000004 0.4140625 0.15156250000000004 0.43125 0.2390625000000001 0.43125
0 0.2890625000000001 0.4046875 0.2578125000000001 0.4046875 0.2578125000000001 0.428125 0.2890625000000001 0.428125
0 0.39531250000000007 0.409375 0.30937500000000007 0.409375 0.30937500000000007 0.434375 0.39531250000000007 0.434375
0 0.459375 0.4046875 0.4203125 0.4046875 0.4203125 0.4296875 0.459375 0.4296875
0 0.646875 0.403125 0.4796875 0.403125 0.4796875 0.43125 0.646875 0.43125
0 0.7625 0.4078125000000001 0.6671875 0.4078125 0.6671875 0.4296875000000001 0.7625 0.42968750000000017
0 0.8265625 0.4078125000000002 0.7765625 0.4078125000000002 0.7765625 0.4281250000000002 0.8265625 0.4281250000000002
0 0.9265625 0.40625000000000017 0.8421875 0.40625000000000017 0.8421875 0.42968750000000017 0.9265625 0.42968750000000017
0 0.9546875 0.4125000000000002 0.9296875 0.4125000000000002 0.9296875 0.4343750000000002 0.9546875 0.4343750000000002
0 0.26250000000000007 0.45625 0.15156250000000004 0.45625 0.15156250000000004 0.496875 0.26250000000000007 0.496875
0 0.3296875000000001 0.4546875 0.29375000000000007 0.4546875 0.29375000000000007 0.4796875 0.3296875000000001 0.4796875
0 0.4671875 0.453125 0.3500000000000001 0.453125 0.3500000000000001 0.5015625 0.4671875 0.5015625
0 0.5859375 0.4609375 0.490625 0.4609375 0.490625 0.4859375 0.5859375 0.4859375
0 0.659375 0.4578125 0.60625 0.4578125 0.60625 0.4796875 0.659375 0.4796875
0 0.7609375 0.45781250000000007 0.6859375 0.4578125 0.6859375 0.4781250000000001 0.7609375 0.4781250000000002
0 0.7765625 0.46406250000000016 0.7609375 0.46406250000000016 0.7609375 0.4828125000000002 0.7765625 0.4828125000000002
0 0.865625 0.4625000000000002 0.79375 0.4625000000000002 0.79375 0.4828125000000002 0.865625 0.4828125000000002
0 0.2765625000000001 0.50625 0.15937500000000004 0.50625 0.15937500000000007 0.55 0.2765625000000001 0.55
0 0.3468750000000001 0.50625 0.3031250000000001 0.50625 0.3031250000000001 0.5296875 0.3468750000000001 0.5296875
0 0.484375 0.50625 0.37968750000000007 0.50625 0.37968750000000007 0.5328125 0.484375 0.5328125
0 0.6046875 0.5125 0.509375 0.5125 0.509375 0.5359375 0.6046875 0.5359375
0 0.6796875 0.5078125 0.6265625 0.5078125 0.6265625 0.5328125 0.6796875 0.5328125
0 0.759375 0.5078125000000001 0.7046875 0.5078125 0.7046875 0.5312500000000001 0.759375 0.5312500000000002
0 0.7640625 0.5265625000000002 0.7609375 0.5265625000000002 0.7609375 0.5296875000000002 0.7640625 0.5296875000000002