0 0.18437500000000004 0.2078125 0.15000000000000005 0.2078125 0.15000000000000005 0.2296875 0.18437500000000004 0.2296875
0 0.2890625 0.2109375 0.209375 0.2109375 0.209375 0.2296875 0.2890625 0.2296875
0 0.30625 0.2234375 0.303125 0.2234375 0.303125 0.23125 0.30625 0.23125
0 0.3703125 0.20468750000000005 0.328125 0.2046875 0.328125 0.23593750000000005 0.3703125 0.23593750000000008
0 0.5171875 0.21093750000000008 0.3875 0.21093750000000008 0.3875 0.22812500000000008 0.5171875 0.22812500000000008
0 0.534375 0.22656250000000008 0.53125 0.22656250000000008 0.53125 0.2328125000000001 0.534375 0.2328125000000001
0 0.634375 0.21093750000000008 0.5546875 0.21093750000000008 0.5546875 0.22812500000000008 0.634375 0.22812500000000008
0 0.715625 0.21250000000000008 0.65 0.21250000000000008 0.65 0.22812500000000008 0.715625 0.22812500000000008
0 0.7890625 0.2140625000000001 0.7328125 0.2140625000000001 0.7328125 0.22656250000000008 0.7890625 0.22656250000000008
0 0.303125 0.2609375 0.15781250000000005 0.2609375 0.15781250000000005 0.28125 0.303125 0.28125
0 0.346875 0.26875 0.325 0.26875 0.325 0.278125 0.346875 0.278125
0 0.5046875 0.2578125000000001 0.3640625 0.2578125000000001 0.3640625 0.2890625000000001 0.5046875 0.2890625000000001
0 0.51875 0.2734375000000001 0.5125 0.2734375000000001 0.5125 0.2750000000000001 0.51875 0.2750000000000001
0 0.5859375 0.2593750000000001 0.5328125 0.2593750000000001 0.5328125 0.2765625000000001 0.5859375 0.2765625000000001
0 0.703125 0.2609375000000001 0.60625 0.2609375000000001 0.60625 0.2765625000000001 0.703125 0.2765625000000001
0 0.753125 0.2578125000000001 0.7234375 0.2578125000000001 0.7234375 0.2718750000000001 0.753125 0.2718750000000001
0 0.8546875 0.2562500000000001 0.7796875 0.2562500000000001 0.7796875 0.2734375000000001 0.8546875 0.2734375000000001
0 0.2203125 0.309375 0.15312500000000004 0.309375 0.15312500000000004 0.328125 0.2203125 0.328125
0 0.30625 0.309375 0.2359375 0.309375 0.2359375 0.3359375 0.30625 0.3359375
0 0.446875 0.31250000000000006 0.334375 0.3125 0.334375 0.3296875 0.446875 0.3296875000000001
0 0.525 0.30937500000000007 0.4734375 0.30937500000000007 0.4734375 0.3265625000000001 0.525 0.3265625000000001
0 0.609375 0.30937500000000007 0.5453125 0.30937500000000007 0.5453125 0.3265625000000001 0.609375 0.3265625000000001
0 0.6734375 0.3078125000000001 0.634375 0.3078125000000001 0.634375 0.3343750000000001 0.6734375 0.3343750000000001
0 0.7515625 0.3062500000000001 0.7 0.3062500000000001 0.7 0.32500000000000007 0.7515625 0.32500000000000007
0 0.8484375 0.3062500000000001 0.7765625 0.3062500000000001 0.7765625 0.3234375000000001 0.8484375 0.3234375000000001
0 0.21250000000000005 0.3609375 0.14687500000000003 0.3609375 0.14687500000000003 0.378125 0.21250000000000008 0.378125
0 0.30468750000000006 0.3578125 0.2390625 0.3578125 0.23906250000000004 0.378125 0.3046875000000001 0.378125
0 0.3531250000000001 0.36875 0.3343750000000001 0.36875 0.3343750000000001 0.3796875 0.3531250000000001 0.3796875
0 0.490625 0.3625000000000001 0.38125 0.3625000000000001 0.38125000000000003 0.3781250000000001 0.490625 0.3781250000000001
0 0.615625 0.3609375000000001 0.5203125 0.3609375000000001 0.5203125 0.37968750000000007 0.615625 0.37968750000000007
0 0.703125 0.3593750000000001 0.65 0.3593750000000001 0.65 0.3765625000000001 0.703125 0.3765625000000001
0 0.7953125 0.3578125000000001 0.728125 0.3578125000000001 0.728125 0.3750000000000001 0.7953125 0.3750000000000001
0 0.903125 0.35625000000000007 0.8203125 0.35625000000000007 0.8203125 0.3734375000000001 0.903125 0.3734375000000001
0 0.19687500000000005 0.4109375 0.15000000000000005 0.4109375 0.15000000000000005 0.4328125 0.19687500000000005 0.4328125
0 0.2390625000000001 0.41875 0.22031250000000008 0.41875 0.22031250000000008 0.428125 0.2390625000000001 0.428125
0 0.3359375000000001 0.409375 0.2656250000000001 0.409375 0.2656250000000001 0.434375 0.3359375000000001 0.434375
0 0.3437500000000001 0.4265625 0.34062500000000007 0.4265625 0.34062500000000007 0.428125 0.3437500000000001 0.428125
0 0.4 0.4140625 0.3765625000000001 0.4140625 0.3765625000000001 0.43125 0.4 0.43125
0 0.546875 0.4140625 0.425 0.4140625 0.425 0.43125 0.546875 0.43125
0 0.60625 0.4078125 0.56875 0.4078125 0.56875 0.43125 0.60625 0.43125
0 0.8640625 0.4078125000000001 0.6328125 0.4078125 0.6328125 0.4359375000000001 0.8640625 0.4359375000000002
0 0.24375000000000008 0.459375 0.15468750000000003 0.459375 0.15468750000000003 0.4796875 0.24375000000000008 0.4796875
0 0.3578125000000001 0.465625 0.2734375000000001 0.465625 0.2734375000000001 0.478125 0.3578125000000001 0.478125
0 0.5046875 0.4609375 0.39531250000000007 0.4609375 0.39531250000000007 0.4796875 0.5046875 0.4796875
0 0.6203125 0.4609375 0.5359375 0.4609375 0.5359375 0.478125 0.6203125 0.478125
0 0.6328125 0.475 0.6296875 0.475 0.6296875 0.4796875 0.6328125 0.4796875
0 0.765625 0.4593750000000001 0.6578125 0.459375 0.6578125 0.4875000000000001 0.765625 0.48750000000000016
0 0.8203125 0.4593750000000002 0.790625 0.4593750000000002 0.790625 0.47656250000000017 0.8203125 0.47656250000000017
0 0.9640625 0.45625000000000016 0.85 0.45625000000000016 0.85 0.47656250000000017 0.9640625 0.47656250000000017
0 0.2140625000000001 0.5125 0.14843750000000006 0.5125 0.14843750000000006 0.5296875 0.2140625000000001 0.5296875
0 0.4265625 0.5109375 0.2484375000000001 0.5109375 0.2484375000000001 0.528125 0.4265625 0.528125
0 0.521875 0.509375 0.4625 0.509375 0.4625 0.5265625 0.521875 0.5265625
0 0.565625 0.5140625 0.54375 0.5140625 0.54375 0.525 0.565625 0.525
0 0.7171875 0.5109375 0.6046875 0.5109375 0.6046875 0.5375 0.7171875 0.5375
0 0.8359375 0.5109375000000002 0.7546875 0.5109375000000002 0.7546875 0.5390625000000002 0.8359375 0.5390625000000002
0 0.884375 0.5109375000000002 0.8625 0.5109375000000002 0.8625 0.5265625000000002 0.884375 0.5265625000000002
0 0.3187500000000001 0.5640625 0.1515625000000001 0.5640625 0.1515625000000001 0.5828125 0.3187500000000001 0.5828125
0 0.3656250000000001 0.571875 0.3421875000000001 0.571875 0.3421875000000001 0.58125 0.3656250000000001 0.58125
0 0.4640625 0.5625 0.3968750000000001 0.5625 0.3968750000000001 0.5890625 0.4640625 0.5890625
0 0.53125 0.5609375 0.49375 0.5609375 0.49375 0.590625 0.53125 0.590625
0 0.7328125 0.5625000000000001 0.5671875 0.5625 0.5671875 0.58125 0.7328125 0.5812500000000002
0 0.75 0.5765625000000002 0.746875 0.5765625000000002 0.746875 0.5796875000000001 0.75 0.5796875000000001