0 0.2546875 0.19843750000000002 0.15312500000000004 0.1984375 0.15312500000000004 0.2328125 0.2546875 0.2328125
0 0.334375 0.19843750000000004 0.290625 0.19843750000000004 0.290625 0.221875 0.334375 0.221875
0 0.4515625 0.20000000000000004 0.3609375 0.2 0.3609375 0.22343750000000004 0.4515625 0.2234375000000001
0 0.5078125 0.2015625000000001 0.475 0.2015625000000001 0.475 0.22812500000000008 0.5078125 0.22812500000000008
0 0.6296875 0.2015625000000001 0.525 0.2015625000000001 0.525 0.2218750000000001 0.6296875 0.2218750000000001
0 0.8015625 0.1984375000000001 0.6515625 0.1984375000000001 0.6515625 0.2218750000000001 0.8015625 0.2218750000000001
0 0.9046875 0.1937500000000001 0.8234375 0.1937500000000001 0.8234375 0.21875000000000008 0.9046875 0.21875000000000008
0 0.2546875 0.253125 0.15156250000000004 0.253125 0.15156250000000004 0.2765625 0.2546875 0.2765625
0 0.30625 0.2625 0.271875 0.2625 0.271875 0.271875 0.30625 0.271875
0 0.3671875 0.25312500000000004 0.328125 0.253125 0.328125 0.27187500000000003 0.3671875 0.2718750000000001
0 0.475 0.2515625000000001 0.390625 0.2515625000000001 0.390625 0.2796875000000001 0.475 0.2796875000000001
0 0.528125 0.2562500000000001 0.5 0.2562500000000001 0.5 0.2796875000000001 0.528125 0.2796875000000001
0 0.5625 0.26250000000000007 0.54375 0.26250000000000007 0.54375 0.27031250000000007 0.5625 0.27031250000000007
0 0.65625 0.2578125000000001 0.58125 0.2578125000000001 0.58125 0.2750000000000001 0.65625 0.2750000000000001
0 0.7234375 0.2593750000000001 0.678125 0.2593750000000001 0.678125 0.2687500000000001 0.7234375 0.2687500000000001
0 0.8703125 0.2500000000000001 0.7421875 0.2500000000000001 0.7421875 0.2750000000000001 0.8703125 0.2750000000000001
0 0.17031250000000003 0.315625 0.15000000000000005 0.315625 0.15000000000000005 0.325 0.17031250000000003 0.325
0 0.3171875 0.3078125 0.18750000000000006 0.3078125 0.18750000000000006 0.33125 0.3171875 0.33125
0 0.4140625 0.30468750000000006 0.346875 0.3046875 0.346875 0.32500000000000007 0.4140625 0.32500000000000007
0 0.640625 0.3031250000000001 0.4453125 0.3031250000000001 0.4453125 0.3234375000000001 0.640625 0.3234375000000001
0 0.7578125 0.3031250000000001 0.66875 0.3031250000000001 0.66875 0.3265625000000001 0.7578125 0.3265625000000001
0 0.834375 0.3062500000000001 0.778125 0.3062500000000001 0.778125 0.3203125000000001 0.834375 0.3203125000000001
0 0.8625 0.30937500000000007 0.84375 0.30937500000000007 0.84375 0.31718750000000007 0.8625 0.31718750000000007
0 0.20781250000000004 0.3578125 0.15000000000000005 0.3578125 0.15000000000000005 0.3859375 0.2078125000000001 0.3859375
0 0.33125000000000004 0.3625 0.234375 0.3625 0.23437500000000006 0.3859375 0.3312500000000001 0.3859375
0 0.39843750000000006 0.3578125000000001 0.36875 0.3578125000000001 0.36875 0.37968750000000007 0.3984375000000001 0.37968750000000007
0 0.4546875 0.35625000000000007 0.4125 0.35625000000000007 0.4125 0.3750000000000001 0.4546875 0.3750000000000001
0 0.5703125 0.3515625000000001 0.4734375 0.3515625000000001 0.4734375 0.3781250000000001 0.5703125 0.3781250000000001
0 0.6390625 0.3609375000000001 0.5984375 0.3609375000000001 0.5984375 0.3703125000000001 0.6390625 0.3703125000000001
0 0.6828125 0.36406250000000007 0.65625 0.36406250000000007 0.65625 0.37187500000000007 0.6828125 0.37187500000000007
0 0.7890625 0.3515625000000001 0.7015625 0.3515625000000001 0.7015625 0.37187500000000007 0.7890625 0.37187500000000007
0 0.840625 0.3531250000000001 0.8125 0.3531250000000001 0.8125 0.37968750000000007 0.840625 0.37968750000000007
0 0.9015625 0.3531250000000001 0.846875 0.3531250000000001 0.846875 0.3734375000000001 0.9015625 0.3734375000000001
0 0.9 0.37187500000000007 0.896875 0.37187500000000007 0.896875 0.3734375000000001 0.9 0.3734375000000001
0 0.18750000000000006 0.4046875 0.15468750000000003 0.4046875 0.15468750000000003 0.425 0.18750000000000006 0.425
0 0.27031250000000007 0.40625 0.21250000000000008 0.40625 0.21250000000000008 0.428125 0.27031250000000007 0.428125
0 0.34062500000000007 0.4046875 0.3078125000000001 0.4046875 0.3078125000000001 0.4265625 0.34062500000000007 0.4265625
0 0.4796875 0.4078125 0.3656250000000001 0.4078125 0.3656250000000001 0.4328125 0.4796875 0.4328125
0 0.5625 0.4078125 0.5046875 0.4078125 0.5046875 0.4234375 0.5625 0.4234375
0 0.615625 0.4046875 0.5765625 0.4046875 0.5765625 0.4203125 0.615625 0.4203125
0 0.7296875 0.40312500000000007 0.64375 0.403125 0.64375 0.4218750000000001 0.7296875 0.42187500000000017
0 0.740625 0.42187500000000017 0.7390625 0.42187500000000017 0.7390625 0.4234375000000002 0.740625 0.4234375000000002
0 0.8046875 0.3984375000000001 0.765625 0.3984375000000001 0.765625 0.42187500000000017 0.8046875 0.42187500000000017
0 0.3078125000000001 0.4515625 0.16250000000000003 0.4515625 0.16250000000000003 0.478125 0.3078125000000001 0.478125
0 0.3234375000000001 0.478125 0.3187500000000001 0.478125 0.3187500000000001 0.484375 0.3234375000000001 0.484375
0 0.434375 0.4578125 0.3546875000000001 0.4578125 0.3546875000000001 0.484375 0.434375 0.484375
0 0.528125 0.4578125 0.4671875 0.4578125 0.4671875 0.4828125 0.528125 0.4828125
0 0.6375 0.45625 0.5578125 0.45625 0.5578125 0.4890625 0.6375 0.4890625
0 0.6875 0.45625 0.659375 0.45625 0.659375 0.4765625 0.6875 0.4765625
0 0.775 0.4546875000000001 0.7109375 0.4546875 0.7109375 0.4828125000000001 0.775 0.4828125000000002
0 0.7859375 0.4750000000000002 0.78125 0.4750000000000002 0.78125 0.4812500000000002 0.7859375 0.4812500000000002
0 0.8828125 0.4593750000000002 0.8046875 0.4593750000000002 0.8046875 0.4781250000000002 0.8828125 0.4781250000000002
0 0.19062500000000004 0.50625 0.16718750000000004 0.50625 0.16718750000000004 0.528125 0.19062500000000004 0.528125
0 0.19843750000000004 0.5234375 0.19218750000000004 0.5234375 0.19218750000000004 0.5328125 0.19843750000000004 0.5328125
0 0.2796875000000001 0.51875 0.2250000000000001 0.51875 0.2250000000000001 0.534375 0.2796875000000001 0.534375
0 0.3312500000000001 0.50625 0.3031250000000001 0.50625 0.3031250000000001 0.5328125 0.3312500000000001 0.5328125
0 0.409375 0.5125 0.3515625000000001 0.5125 0.3515625000000001 0.5296875 0.409375 0.5296875
0 0.4875 0.5125 0.4328125 0.5125 0.4328125 0.5328125 0.4875 0.5328125
0 0.53125 0.50625 0.503125 0.50625 0.503125 0.528125 0.53125 0.528125
0 0.534375 0.525 0.5296875 0.525 0.5296875 0.53125 0.534375 0.53125
0 0.5890625 0.5109375 0.5671875 0.5109375 0.5671875 0.528125 0.5890625 0.528125
0 0.684375 0.503125 0.6171875 0.503125 0.6171875 0.5265625 0.684375 0.5265625
0 0.775 0.5078125000000001 0.7125 0.5078125 0.7125 0.5375000000000001 0.775 0.5375000000000002
0 0.7890625 0.5218750000000002 0.78125 0.5218750000000002 0.78125 0.5312500000000002 0.7890625 0.5312500000000002
0 0.89375 0.5046875000000002 0.8078125 0.5046875000000002 0.8078125 0.5265625000000002 0.89375 0.5265625000000002
0 0.21875000000000008 0.56875 0.16406250000000008 0.56875 0.16406250000000008 0.58125 0.21875000000000008 0.58125
0 0.3062500000000001 0.559375 0.24218750000000008 0.559375 0.24218750000000008 0.58125 0.3062500000000001 0.58125
0 0.4046875 0.559375 0.3234375000000001 0.559375 0.3234375000000001 0.5875 0.4046875 0.5875
0 0.41875 0.578125 0.4140625 0.578125 0.4140625 0.584375 0.41875 0.584375
0 0.5 0.56875 0.4484375 0.56875 0.4484375 0.5859375 0.5 0.5859375
0 0.5890625 0.5546875 0.5296875 0.5546875 0.5296875 0.5796875 0.5890625 0.5796875
0 0.6890625 0.55625 0.621875 0.55625 0.621875 0.58125 0.6890625 0.58125
0 0.7203125 0.5671875 0.709375 0.5671875 0.709375 0.5765625 0.7203125 0.5765625
0 0.803125 0.5562500000000001 0.7390625 0.5562500000000001 0.7390625 0.5781250000000002 0.803125 0.5781250000000002
0 0.85625 0.5593750000000002 0.8265625 0.5593750000000002 0.8265625 0.5796875000000001 0.85625 0.5796875000000001
0 0.884375 0.5593750000000002 0.8578125 0.5593750000000002 0.8578125 0.5765625000000002 0.884375 0.5765625000000002
0 0.18750000000000008 0.6140625 0.1625000000000001 0.6140625 0.1625000000000001 0.63125 0.18750000000000008 0.63125
0 0.3062500000000001 0.6078125 0.2093750000000001 0.6078125 0.2093750000000001 0.63125 0.3062500000000001 0.63125
0 0.39531250000000007 0.621875 0.3375000000000001 0.621875 0.3375000000000001 0.6390625 0.39531250000000007 0.6390625
0 0.5671875 0.609375 0.4265625 0.609375 0.4265625 0.6359375 0.5671875 0.6359375
0 0.6609375 0.609375 0.5890625 0.609375 0.5890625 0.6359375 0.6609375 0.6359375
0 0.66875 0.625 0.665625 0.625 0.665625 0.628125 0.66875 0.628125