0 0.284375 0.2546875 0.225 0.2546875 0.225 0.271875 0.284375 0.271875
0 0.346875 0.2515625 0.2953125 0.2515625 0.2953125 0.271875 0.346875 0.271875
0 0.4328125 0.2500000000000001 0.3703125 0.2500000000000001 0.3703125 0.2718750000000001 0.4328125 0.2718750000000001
0 0.5515625 0.2562500000000001 0.44375 0.2562500000000001 0.44375 0.2765625000000001 0.5515625 0.2765625000000001
0 0.609375 0.2531250000000001 0.5671875 0.2531250000000001 0.5671875 0.28593750000000007 0.609375 0.28593750000000007
0 0.721875 0.2531250000000001 0.60625 0.2531250000000001 0.60625 0.2812500000000001 0.721875 0.2812500000000001
0 0.83125 0.2578125000000001 0.7296875 0.2578125000000001 0.7296875 0.2734375000000001 0.83125 0.2734375000000001
0 0.8609375 0.2640625000000001 0.8453125 0.2640625000000001 0.8453125 0.2671875000000001 0.8609375 0.2671875000000001
0 0.2 0.303125 0.13750000000000004 0.303125 0.13750000000000004 0.3265625 0.2 0.3265625
0 0.2140625 0.3203125 0.2078125 0.3203125 0.2078125 0.3265625 0.2140625 0.3265625
0 0.2703125 0.30625 0.228125 0.30625 0.228125 0.3265625 0.2703125 0.3265625
0 0.4015625 0.30312500000000003 0.2921875 0.303125 0.2921875 0.3296875 0.4015625 0.3296875000000001
0 0.4015625 0.3203125000000001 0.3953125 0.3203125000000001 0.3953125 0.3312500000000001 0.4015625 0.3312500000000001
0 0.5140625 0.3031250000000001 0.425 0.3031250000000001 0.425 0.3265625000000001 0.5140625 0.3265625000000001
0 0.621875 0.3031250000000001 0.53125 0.3031250000000001 0.53125 0.3421875000000001 0.621875 0.3421875000000001
0 0.75625 0.3046875000000001 0.6375 0.3046875000000001 0.6375 0.33281250000000007 0.75625 0.33281250000000007
0 0.8 0.3062500000000001 0.759375 0.3062500000000001 0.759375 0.3265625000000001 0.8 0.3265625000000001
0 0.878125 0.3046875000000001 0.815625 0.3046875000000001 0.815625 0.32500000000000007 0.878125 0.32500000000000007
0 0.17031250000000003 0.3515625 0.13125000000000003 0.3515625 0.13125000000000003 0.3828125 0.17031250000000003 0.3828125
0 0.21562500000000004 0.35625 0.17812500000000003 0.35625 0.17812500000000003 0.375 0.2156250000000001 0.375
0 0.35625000000000007 0.353125 0.2359375 0.353125 0.23593750000000005 0.3765625 0.35625000000000007 0.3765625
0 0.4484375 0.3578125000000001 0.378125 0.3578125000000001 0.37812500000000004 0.3765625000000001 0.4484375 0.3765625000000001
0 0.5046875 0.3578125000000001 0.4703125 0.3578125000000001 0.4703125 0.3765625000000001 0.5046875 0.3765625000000001
0 0.55 0.3531250000000001 0.51875 0.3531250000000001 0.51875 0.3765625000000001 0.55 0.3765625000000001
0 0.6453125 0.3609375000000001 0.575 0.3609375000000001 0.575 0.3750000000000001 0.6453125 0.3750000000000001
0 0.846875 0.3531250000000001 0.6625 0.3531250000000001 0.6625 0.3781250000000001 0.846875 0.3781250000000001
0 0.2515625000000001 0.403125 0.12343750000000005 0.403125 0.12343750000000005 0.45 0.2515625000000001 0.45
0 0.4421875 0.4015625 0.2875000000000001 0.4015625 0.2875000000000001 0.4328125 0.4421875 0.4328125
0 0.65 0.4046875 0.4609375 0.4046875 0.4609375 0.428125 0.65 0.428125
0 0.6640625 0.421875 0.6546875 0.421875 0.6546875 0.4296875 0.6640625 0.4296875
0 0.79375 0.4125000000000001 0.675 0.4125 0.675 0.4296875000000001 0.79375 0.42968750000000017
0 0.8734375 0.4125000000000002 0.79375 0.4125000000000002 0.79375 0.4281250000000002 0.8734375 0.4281250000000002
0 0.8765625 0.4281250000000002 0.8671875 0.4281250000000002 0.8671875 0.4343750000000002 0.8765625 0.4343750000000002
0 0.17187500000000006 0.4546875 0.13906250000000003 0.4546875 0.13906250000000003 0.478125 0.17187500000000006 0.478125
0 0.2890625000000001 0.4515625 0.19687500000000005 0.4515625 0.19687500000000005 0.4859375 0.2890625000000001 0.4859375
0 0.465625 0.453125 0.31718750000000007 0.453125 0.31718750000000007 0.4796875 0.465625 0.4796875
0 0.478125 0.471875 0.471875 0.471875 0.471875 0.478125 0.478125 0.478125
0 0.5984375 0.4515625 0.5078125 0.4515625 0.5078125 0.4796875 0.5984375 0.4796875
0 0.71875 0.4546875 0.6203125 0.4546875 0.6203125 0.478125 0.71875 0.478125
0 0.771875 0.45625000000000016 0.73125 0.45625000000000016 0.73125 0.47656250000000017 0.771875 0.47656250000000017
0 0.86875 0.45625000000000016 0.7875 0.45625000000000016 0.7875 0.49531250000000016 0.86875 0.49531250000000016
0 0.2406250000000001 0.503125 0.13125000000000003 0.503125 0.13125000000000003 0.5359375 0.2406250000000001 0.5359375
0 0.3437500000000001 0.503125 0.28593750000000007 0.503125 0.28593750000000007 0.53125 0.3437500000000001 0.53125
0 0.4796875 0.50625 0.3609375000000001 0.50625 0.3609375000000001 0.5578125 0.4796875 0.5578125
0 0.5625 0.5078125 0.4921875 0.5078125 0.4921875 0.5296875 0.5625 0.5296875
0 0.69375 0.5046875 0.5859375 0.5046875 0.5859375 0.5390625 0.69375 0.5390625
0 0.8453125 0.5062500000000001 0.71875 0.50625 0.71875 0.55 0.8453125 0.5500000000000002
0 0.1750000000000001 0.55625 0.1375000000000001 0.55625 0.1375000000000001 0.5796875 0.1750000000000001 0.5796875
0 0.21250000000000008 0.5703125 0.2000000000000001 0.5703125 0.2000000000000001 0.58125 0.21250000000000008 0.58125
0 0.3765625000000001 0.553125 0.23437500000000008 0.553125 0.23437500000000008 0.5859375 0.3765625000000001 0.5859375
0 0.4265625 0.5546875 0.3859375000000001 0.5546875 0.3859375000000001 0.584375 0.4265625 0.584375
0 0.6046875 0.5546875 0.4265625 0.5546875 0.4265625 0.5796875 0.6046875 0.5796875
0 0.609375 0.5578125 0.6015625 0.5578125 0.6015625 0.565625 0.609375 0.565625
0 0.6125 0.575 0.603125 0.575 0.603125 0.5859375 0.6125 0.5859375
0 0.7171875 0.5625 0.63125 0.5625 0.63125 0.58125 0.7171875 0.58125
0 0.825 0.5593750000000002 0.7375 0.5593750000000002 0.7375 0.5796875000000001 0.825 0.5796875000000001
0 0.2609375000000001 0.6046875 0.1281250000000001 0.6046875 0.1281250000000001 0.6453125 0.2609375000000001 0.6453125
0 0.3500000000000001 0.6109375 0.2968750000000001 0.6109375 0.2968750000000001 0.628125 0.3500000000000001 0.628125
0 0.4203125 0.6140625 0.36406250000000007 0.6140625 0.36406250000000007 0.628125 0.4203125 0.628125
0 0.60625 0.60625 0.434375 0.60625 0.434375 0.6296875 0.60625 0.6296875
0 0.6453125 0.6140625 0.6046875 0.6140625 0.6046875 0.6453125 0.6453125 0.6453125
0 0.8734375 0.6093750000000001 0.671875 0.609375 0.671875 0.6468750000000001 0.8734375 0.6468750000000002
0 0.2593750000000001 0.653125 0.1281250000000001 0.653125 0.1281250000000001 0.6796875 0.2593750000000001 0.6796875
0 0.3234375000000001 0.653125 0.27812500000000007 0.653125 0.27812500000000007 0.6765625 0.3234375000000001 0.6765625
0 0.3531250000000001 0.6609375 0.3343750000000001 0.6609375 0.3343750000000001 0.675 0.3531250000000001 0.675
0 0.4234375 0.6546875 0.36406250000000007 0.6546875 0.36406250000000007 0.675 0.4234375 0.675
0 0.55625 0.659375 0.446875 0.659375 0.446875 0.6953125 0.55625 0.6953125
0 0.6578125 0.6578125 0.5859375 0.6578125 0.5859375 0.696875 0.6578125 0.696875
0 0.71875 0.665625 0.6703125 0.665625 0.6703125 0.6859375 0.71875 0.6859375
0 0.8015625 0.6578125000000001 0.7359375 0.6578125000000001 0.7359375 0.6812500000000001 0.8015625 0.6812500000000001
0 0.8421875 0.6625000000000002 0.796875 0.6625000000000002 0.796875 0.6828125000000002 0.8421875 0.6828125000000002
0 0.2156250000000001 0.7140625 0.13437500000000008 0.7140625 0.13437500000000008 0.7296875 0.2156250000000001 0.7296875
0 0.2750000000000001 0.70625 0.23437500000000008 0.70625 0.23437500000000008 0.734375 0.2750000000000001 0.734375
0 0.3312500000000001 0.7078125 0.2796875000000001 0.7078125 0.2796875000000001 0.728125 0.3312500000000001 0.728125
0 0.4125000000000001 0.70625 0.3578125000000001 0.70625 0.3578125000000001 0.728125 0.4125000000000002 0.728125
0 0.48906250000000007 0.7078125 0.428125 0.7078125 0.4281250000000001 0.7359375 0.4890625000000002 0.7359375
0 0.6156250000000001 0.7078125 0.515625 0.7078125 0.5156250000000001 0.728125 0.6156250000000002 0.728125
0 0.8109375 0.7093750000000001 0.6421875 0.709375 0.6421875000000001 0.7312500000000001 0.8109375 0.7312500000000002
0 0.821875 0.7312500000000002 0.81875 0.7312500000000002 0.81875 0.7343750000000002 0.821875 0.7343750000000002