0 0.2 0.2421875 0.13906250000000003 0.2421875 0.13906250000000003 0.265625 0.2 0.265625
0 0.2609375 0.240625 0.225 0.240625 0.225 0.2671875 0.2609375 0.2671875
0 0.365625 0.24843750000000003 0.2859375 0.2484375 0.2859375 0.26875000000000004 0.365625 0.2687500000000001
0 0.4171875 0.2468750000000001 0.390625 0.2468750000000001 0.390625 0.2671875000000001 0.4171875 0.2671875000000001
0 0.4640625 0.2468750000000001 0.43125 0.2468750000000001 0.43125 0.27031250000000007 0.4640625 0.27031250000000007
0 0.5671875 0.2468750000000001 0.4921875 0.2468750000000001 0.4921875 0.2890625000000001 0.5671875 0.2890625000000001
0 0.646875 0.24375000000000008 0.5890625 0.24375000000000008 0.5890625 0.2640625000000001 0.646875 0.2640625000000001
0 0.65625 0.26250000000000007 0.65 0.26250000000000007 0.65 0.27031250000000007 0.65625 0.27031250000000007
0 0.6765625 0.25468750000000007 0.6625 0.25468750000000007 0.6625 0.2687500000000001 0.6765625 0.2687500000000001
0 0.7828125 0.2453125000000001 0.7015625 0.2453125000000001 0.7015625 0.2687500000000001 0.7828125 0.2687500000000001
0 0.940625 0.2453125000000001 0.803125 0.2453125000000001 0.803125 0.2796875000000001 0.940625 0.2796875000000001
0 0.2390625 0.2984375 0.14531250000000004 0.2984375 0.14531250000000004 0.3203125 0.2390625 0.3203125
0 0.321875 0.2953125 0.26875 0.2953125 0.26875 0.3203125 0.321875 0.3203125
0 0.4203125 0.29531250000000003 0.34375 0.2953125 0.34375 0.3375 0.4203125 0.3375000000000001
0 0.478125 0.2953125000000001 0.4484375 0.2953125000000001 0.4484375 0.3343750000000001 0.478125 0.3343750000000001
0 0.509375 0.3046875000000001 0.4921875 0.3046875000000001 0.4921875 0.3187500000000001 0.509375 0.3187500000000001
0 0.6125 0.2953125000000001 0.546875 0.2953125000000001 0.546875 0.3187500000000001 0.6125 0.3187500000000001
0 0.634375 0.3062500000000001 0.6296875 0.3062500000000001 0.6296875 0.32500000000000007 0.634375 0.32500000000000007
0 0.6890625 0.2953125000000001 0.6484375 0.2953125000000001 0.6484375 0.3187500000000001 0.6890625 0.3187500000000001
0 0.7921875 0.2984375000000001 0.73125 0.2984375000000001 0.73125 0.31718750000000007 0.7921875 0.31718750000000007
0 0.940625 0.2953125000000001 0.821875 0.2953125000000001 0.821875 0.3312500000000001 0.940625 0.3312500000000001
0 0.20468750000000005 0.346875 0.14218750000000005 0.346875 0.14218750000000005 0.3859375 0.20468750000000008 0.3859375
0 0.28750000000000003 0.34375 0.2328125 0.34375 0.23281250000000003 0.3703125 0.2875000000000001 0.3703125
0 0.37187500000000007 0.34843750000000007 0.30625 0.3484375 0.30625 0.39062500000000006 0.37187500000000007 0.3906250000000001
0 0.3843750000000001 0.3656250000000001 0.37968750000000007 0.3656250000000001 0.37968750000000007 0.3671875000000001 0.3843750000000001 0.3671875000000001
0 0.4859375 0.3453125000000001 0.4140625 0.3453125000000001 0.4140625 0.3687500000000001 0.4859375 0.3687500000000001
0 0.571875 0.3515625000000001 0.5234375 0.3515625000000001 0.5234375 0.3687500000000001 0.571875 0.3687500000000001
0 0.7421875 0.3515625000000001 0.6015625 0.3515625000000001 0.6015625 0.3843750000000001 0.7421875 0.3843750000000001
0 0.8046875 0.3546875000000001 0.771875 0.3546875000000001 0.771875 0.3734375000000001 0.8046875 0.3734375000000001
0 0.90625 0.34843750000000007 0.8296875 0.34843750000000007 0.8296875 0.37187500000000007 0.90625 0.37187500000000007
0 0.19843750000000004 0.4 0.14375000000000004 0.4 0.14375000000000004 0.421875 0.19843750000000004 0.421875
0 0.3421875000000001 0.396875 0.23437500000000008 0.396875 0.23437500000000008 0.434375 0.3421875000000001 0.434375
0 0.4609375 0.3937500000000001 0.3734375000000001 0.3937500000000001 0.3734375000000001 0.428125 0.4609375 0.428125
0 0.5015625 0.39531250000000007 0.48125 0.39531250000000007 0.48125 0.415625 0.5015625 0.415625
0 0.5296875 0.3937500000000001 0.503125 0.3937500000000001 0.503125 0.415625 0.5296875 0.415625
0 0.5625 0.39531250000000007 0.559375 0.39531250000000007 0.559375 0.4046875 0.5625 0.4046875
0 0.6453125 0.3968750000000001 0.5625 0.3968750000000001 0.5625 0.4234375 0.6453125 0.4234375
0 0.65625 0.3968750000000001 0.6515625 0.3968750000000001 0.6515625 0.40625 0.65625 0.40625
0 0.8109375 0.3984375000000001 0.6703125 0.3984375000000001 0.6703125 0.4203125000000001 0.8109375 0.4203125000000002
0 0.815625 0.4156250000000002 0.8109375 0.4156250000000002 0.8109375 0.4234375000000002 0.815625 0.4234375000000002
0 0.8921875 0.3921875000000001 0.8359375 0.3921875000000001 0.8359375 0.41718750000000016 0.8921875 0.41718750000000016
0 0.2296875000000001 0.4453125 0.14843750000000006 0.4453125 0.14843750000000006 0.4953125 0.2296875000000001 0.4953125
0 0.2500000000000001 0.4640625 0.24375000000000008 0.4640625 0.24375000000000008 0.475 0.2500000000000001 0.475
0 0.3078125000000001 0.453125 0.25468750000000007 0.453125 0.25468750000000007 0.471875 0.3078125000000001 0.471875
0 0.4015625 0.4421875 0.3437500000000001 0.4421875 0.3437500000000001 0.4703125 0.4015625 0.4703125
0 0.5671875 0.45 0.4296875 0.45 0.4296875 0.4984375 0.5671875 0.4984375
0 0.665625 0.44375 0.6015625 0.44375 0.6015625 0.4703125 0.665625 0.4703125
0 0.9078125 0.4468750000000001 0.696875 0.446875 0.696875 0.48906250000000007 0.9078125 0.4890625000000002
0 0.2984375000000001 0.503125 0.14843750000000006 0.503125 0.14843750000000006 0.5421875 0.2984375000000001 0.5421875
0 0.3687500000000001 0.4953125 0.3312500000000001 0.4953125 0.3312500000000001 0.51875 0.3687500000000001 0.51875
0 0.509375 0.4921875 0.4078125 0.4921875 0.4078125 0.53125 0.509375 0.53125
0 0.56875 0.49375 0.5359375 0.49375 0.5359375 0.5375 0.56875 0.5375
0 0.609375 0.503125 0.59375 0.503125 0.59375 0.5203125 0.609375 0.5203125
0 0.79375 0.4984375000000001 0.6375 0.4984375 0.6375 0.5359375000000001 0.79375 0.5359375000000002
0 0.896875 0.4937500000000002 0.8328125 0.4937500000000002 0.8328125 0.5218750000000002 0.896875 0.5218750000000002
0 0.24375000000000008 0.5421875 0.14843750000000006 0.5421875 0.14843750000000006 0.59375 0.24375000000000008 0.59375
0 0.25468750000000007 0.565625 0.2515625000000001 0.565625 0.2515625000000001 0.56875 0.25468750000000007 0.56875