0 0.2046875 0.21875 0.14687500000000003 0.21875 0.14687500000000003 0.234375 0.2046875 0.234375
0 0.2390625 0.21875 0.234375 0.21875 0.234375 0.2234375 0.2390625 0.2234375
0 0.26875 0.21875 0.2359375 0.21875 0.2359375 0.2328125 0.26875 0.2328125
0 0.28125 0.21875 0.2765625 0.21875 0.2765625 0.2234375 0.28125 0.2234375
0 0.35625 0.2265625 0.309375 0.2265625 0.309375 0.234375 0.35625 0.234375
0 0.4328125 0.22031250000000008 0.384375 0.22031250000000008 0.384375 0.23593750000000008 0.4328125 0.23593750000000008
0 0.5 0.22031250000000008 0.45625 0.22031250000000008 0.45625 0.23437500000000008 0.5 0.23437500000000008
0 0.6046875 0.22031250000000008 0.540625 0.22031250000000008 0.540625 0.2406250000000001 0.6046875 0.2406250000000001
0 0.721875 0.21875000000000008 0.6375 0.21875000000000008 0.6375 0.2406250000000001 0.721875 0.2406250000000001
0 0.8078125 0.22031250000000008 0.7546875 0.22031250000000008 0.7546875 0.2328125000000001 0.8078125 0.2328125000000001
0 0.2125 0.26875 0.14531250000000004 0.26875 0.14531250000000004 0.2890625 0.2125 0.2890625
0 0.2296875 0.278125 0.221875 0.278125 0.221875 0.2875 0.2296875 0.2875
0 0.271875 0.275 0.2578125 0.275 0.2578125 0.2828125 0.271875 0.2828125
0 0.3546875 0.275 0.30625 0.275 0.30625 0.284375 0.3546875 0.284375
0 0.4640625 0.2750000000000001 0.3890625 0.2750000000000001 0.3890625 0.2921875000000001 0.4640625 0.2921875000000001
0 0.5265625 0.27031250000000007 0.5 0.27031250000000007 0.5 0.2843750000000001 0.5265625 0.2843750000000001
0 0.6265625 0.2687500000000001 0.55625 0.2687500000000001 0.55625 0.2843750000000001 0.6265625 0.2843750000000001
0 0.7296875 0.2687500000000001 0.6609375 0.2687500000000001 0.6609375 0.29375000000000007 0.7296875 0.29375000000000007
0 0.815625 0.27031250000000007 0.759375 0.27031250000000007 0.759375 0.2843750000000001 0.815625 0.2843750000000001
0 0.18593750000000003 0.3203125 0.14531250000000004 0.3203125 0.14531250000000004 0.334375 0.18593750000000003 0.334375
0 0.4 0.31875000000000003 0.221875 0.31875 0.221875 0.33593750000000006 0.4 0.3359375000000001
0 0.5328125 0.3203125000000001 0.4359375 0.3203125000000001 0.4359375 0.3343750000000001 0.5328125 0.3343750000000001
0 0.5546875 0.3312500000000001 0.5484375 0.3312500000000001 0.5484375 0.3390625000000001 0.5546875 0.3390625000000001
0 0.6203125 0.3203125000000001 0.5734375 0.3203125000000001 0.5734375 0.3343750000000001 0.6203125 0.3343750000000001
0 0.68125 0.3218750000000001 0.6421875 0.3218750000000001 0.6421875 0.3343750000000001 0.68125 0.3343750000000001
0 0.83125 0.3203125000000001 0.7109375 0.3203125000000001 0.7109375 0.3343750000000001 0.83125 0.3343750000000001
0 0.84375 0.3312500000000001 0.8328125 0.3312500000000001 0.8328125 0.34062500000000007 0.84375 0.34062500000000007
0 0.19375000000000003 0.3703125 0.14687500000000003 0.3703125 0.14687500000000003 0.384375 0.19375000000000003 0.384375
0 0.3359375000000001 0.3703125 0.2390625000000001 0.3703125 0.2390625000000001 0.390625 0.3359375000000001 0.390625
0 0.4921875 0.37187500000000007 0.3750000000000001 0.37187500000000007 0.3750000000000001 0.3906250000000001 0.4921875 0.3906250000000001
0 0.5765625 0.37187500000000007 0.5421875 0.37187500000000007 0.5421875 0.3843750000000001 0.5765625 0.3843750000000001
0 0.671875 0.37187500000000007 0.609375 0.37187500000000007 0.609375 0.3843750000000001 0.671875 0.3843750000000001
0 0.75 0.37187500000000007 0.696875 0.37187500000000007 0.696875 0.3843750000000001 0.75 0.3843750000000001
0 0.7609375 0.3812500000000001 0.7546875 0.3812500000000001 0.7546875 0.38750000000000007 0.7609375 0.38750000000000007
0 0.8625 0.37187500000000007 0.7875 0.37187500000000007 0.7875 0.3921875000000001 0.8625 0.3921875000000001
0 0.17031250000000003 0.421875 0.14375000000000004 0.421875 0.14375000000000004 0.434375 0.17031250000000003 0.434375
0 0.2656250000000001 0.421875 0.2093750000000001 0.421875 0.2093750000000001 0.4359375 0.2656250000000001 0.4359375
0 0.3890625000000001 0.4234375 0.3046875000000001 0.4234375 0.3046875000000001 0.44375 0.3890625000000001 0.44375
0 0.446875 0.4234375 0.421875 0.4234375 0.421875 0.4359375 0.446875 0.4359375
0 0.58125 0.4203125 0.4765625 0.4203125 0.4765625 0.4359375 0.58125 0.4359375
0 0.65625 0.4234375 0.61875 0.4234375 0.61875 0.4359375 0.65625 0.4359375
0 0.81875 0.4203125000000001 0.68125 0.4203125 0.68125 0.4406250000000001 0.81875 0.44062500000000016
0 0.875 0.4203125000000002 0.8453125 0.4203125000000002 0.8453125 0.4343750000000002 0.875 0.4343750000000002
0 0.2515625000000001 0.4734375 0.14375000000000004 0.4734375 0.14375000000000004 0.4859375 0.2515625000000001 0.4859375
0 0.2656250000000001 0.48125 0.2578125000000001 0.48125 0.2578125000000001 0.4921875 0.2656250000000001 0.4921875
0 0.3312500000000001 0.4734375 0.28593750000000007 0.4734375 0.28593750000000007 0.4859375 0.3312500000000001 0.4859375
0 0.4140625 0.478125 0.3578125000000001 0.478125 0.3578125000000001 0.4875 0.4140625 0.4875
0 0.4734375 0.471875 0.4484375 0.471875 0.4484375 0.4859375 0.4734375 0.4859375
0 0.5578125 0.4734375 0.490625 0.4734375 0.490625 0.4859375 0.5578125 0.4859375
0 0.628125 0.475 0.5859375 0.475 0.5859375 0.4875 0.628125 0.4875
0 0.834375 0.47343750000000007 0.6671875 0.4734375 0.6671875 0.4906250000000001 0.834375 0.4906250000000002
0 0.8765625 0.4734375000000002 0.8515625 0.4734375000000002 0.8515625 0.4859375000000002 0.8765625 0.4859375000000002
0 0.17500000000000004 0.5234375 0.14062500000000006 0.5234375 0.14062500000000006 0.5359375 0.17500000000000004 0.5359375
0 0.3765625000000001 0.5203125 0.2140625000000001 0.5203125 0.2140625000000001 0.5359375 0.3765625000000001 0.5359375
0 0.3921875000000001 0.5328125 0.38750000000000007 0.5328125 0.38750000000000007 0.5359375 0.3921875000000001 0.5359375
0 0.459375 0.5234375 0.41875 0.5234375 0.41875 0.5375 0.459375 0.5375
0 0.51875 0.525 0.4796875 0.525 0.4796875 0.5375 0.51875 0.5375
0 0.6671875 0.5234375 0.5484375 0.5234375 0.5484375 0.5359375 0.6671875 0.5359375
0 0.76875 0.5281250000000001 0.7109375 0.528125 0.7109375 0.5359375000000001 0.76875 0.5359375000000002
0 0.8390625 0.5234375000000002 0.8 0.5234375000000002 0.8 0.5359375000000002 0.8390625 0.5359375000000002
0 0.17187500000000008 0.571875 0.1359375000000001 0.571875 0.1359375000000001 0.5859375 0.17187500000000008 0.5859375
0 0.30156250000000007 0.5734375 0.2140625000000001 0.5734375 0.2140625000000001 0.590625 0.30156250000000007 0.590625
0 0.32500000000000007 0.5828125 0.3187500000000001 0.5828125 0.3187500000000001 0.590625 0.32500000000000007 0.590625
0 0.3937500000000001 0.571875 0.3421875000000001 0.571875 0.3421875000000001 0.5859375 0.3937500000000001 0.5859375
0 0.4796875 0.578125 0.421875 0.578125 0.421875 0.5875 0.4796875 0.5875
0 0.5375 0.578125 0.525 0.578125 0.525 0.584375 0.5375 0.584375
0 0.6 0.571875 0.55625 0.571875 0.55625 0.5875 0.6 0.5875
0 0.775 0.5718750000000001 0.6359375 0.571875 0.6359375 0.5859375000000001 0.775 0.5859375000000002
0 0.8484375 0.5796875000000001 0.803125 0.5796875000000001 0.803125 0.5875000000000001 0.8484375 0.5875000000000001
0 0.1765625000000001 0.6234375 0.14062500000000008 0.6234375 0.14062500000000008 0.6359375 0.1765625000000001 0.6359375
0 0.2453125000000001 0.625 0.2078125000000001 0.625 0.2078125000000001 0.6421875 0.2453125000000001 0.6421875
0 0.2812500000000001 0.6296875 0.2687500000000001 0.6296875 0.2687500000000001 0.6375 0.2812500000000001 0.6375
0 0.37187500000000007 0.625 0.3203125000000001 0.625 0.3203125000000001 0.6375 0.37187500000000007 0.6375
0 0.5015625 0.625 0.4203125 0.625 0.4203125 0.6375 0.5015625 0.6375
0 0.559375 0.6234375 0.5328125 0.6234375 0.5328125 0.6375 0.559375 0.6375
0 0.6078125 0.625 0.5734375 0.625 0.5734375 0.6375 0.6078125 0.6375
0 0.7203125 0.6234375 0.6484375 0.6234375 0.6484375 0.6375 0.7203125 0.6375
0 0.7359375 0.6343750000000001 0.7328125 0.6343750000000001 0.7328125 0.6375000000000002 0.7359375 0.6375000000000002