0 0.18281250000000004 0.25625 0.16093750000000004 0.25625 0.16093750000000004 0.278125 0.18281250000000004 0.278125
0 0.3125 0.2578125 0.209375 0.2578125 0.209375 0.278125 0.3125 0.278125
0 0.428125 0.259375 0.3484375 0.259375 0.3484375 0.28906250000000006 0.428125 0.2890625000000001
0 0.4671875 0.2734375000000001 0.45 0.2734375000000001 0.45 0.2750000000000001 0.4671875 0.2750000000000001
0 0.5328125 0.2593750000000001 0.5 0.2593750000000001 0.5 0.2812500000000001 0.5328125 0.2812500000000001
0 0.621875 0.2609375000000001 0.565625 0.2609375000000001 0.565625 0.28593750000000007 0.621875 0.28593750000000007
0 0.734375 0.26250000000000007 0.6515625 0.26250000000000007 0.6515625 0.2796875000000001 0.734375 0.2796875000000001
0 0.76875 0.2734375000000001 0.7546875 0.2734375000000001 0.7546875 0.2750000000000001 0.76875 0.2750000000000001
0 0.834375 0.2687500000000001 0.7890625 0.2687500000000001 0.7890625 0.2812500000000001 0.834375 0.2812500000000001
0 0.2703125 0.30625 0.15000000000000005 0.30625 0.15000000000000005 0.3421875 0.2703125 0.3421875
0 0.31875 0.3109375 0.3015625 0.3109375 0.3015625 0.328125 0.31875 0.328125
0 0.4265625 0.30312500000000003 0.3515625 0.303125 0.3515625 0.34062500000000007 0.4265625 0.34062500000000007
0 0.4421875 0.32500000000000007 0.4328125 0.32500000000000007 0.4328125 0.3359375000000001 0.4421875 0.3359375000000001
0 0.51875 0.3078125000000001 0.484375 0.3078125000000001 0.484375 0.3296875000000001 0.51875 0.3296875000000001
0 0.5890625 0.3156250000000001 0.5546875 0.3156250000000001 0.5546875 0.3296875000000001 0.5890625 0.3296875000000001
0 0.596875 0.3296875000000001 0.590625 0.3296875000000001 0.590625 0.3375000000000001 0.596875 0.3375000000000001
0 0.6359375 0.3156250000000001 0.6171875 0.3156250000000001 0.6171875 0.3312500000000001 0.6359375 0.3312500000000001
0 0.7421875 0.3203125000000001 0.659375 0.3203125000000001 0.659375 0.3375000000000001 0.7421875 0.3375000000000001
0 0.7515625 0.3296875000000001 0.746875 0.3296875000000001 0.746875 0.3343750000000001 0.7515625 0.3343750000000001
0 0.815625 0.3203125000000001 0.7734375 0.3203125000000001 0.7734375 0.3312500000000001 0.815625 0.3312500000000001
0 0.24531250000000004 0.3609375 0.15000000000000005 0.3609375 0.15000000000000005 0.3921875 0.2453125000000001 0.3921875
0 0.3453125 0.359375 0.28125 0.359375 0.28125000000000006 0.3875 0.3453125000000001 0.3875
0 0.4484375 0.3609375000000001 0.371875 0.3609375000000001 0.37187500000000007 0.3859375000000001 0.4484375 0.3859375000000001
0 0.5015625 0.3671875000000001 0.478125 0.3671875000000001 0.478125 0.3765625000000001 0.5015625 0.3765625000000001
0 0.565625 0.3546875000000001 0.525 0.3546875000000001 0.525 0.38750000000000007 0.565625 0.38750000000000007
0 0.6375 0.3687500000000001 0.5859375 0.3687500000000001 0.5859375 0.3921875000000001 0.6375 0.3921875000000001
0 0.6828125 0.3734375000000001 0.6609375 0.3734375000000001 0.6609375 0.3828125000000001 0.6828125 0.3828125000000001
0 0.83125 0.3578125000000001 0.715625 0.3578125000000001 0.715625 0.3890625000000001 0.83125 0.3890625000000001
0 0.8375 0.3828125000000001 0.83125 0.3828125000000001 0.83125 0.3921875000000001 0.8375 0.3921875000000001
0 0.18906250000000005 0.4109375 0.15625000000000006 0.4109375 0.15625000000000006 0.428125 0.18906250000000005 0.428125
0 0.2828125000000001 0.4078125 0.22812500000000008 0.4078125 0.22812500000000008 0.4359375 0.2828125000000001 0.4359375
0 0.3265625000000001 0.4109375 0.3046875000000001 0.4109375 0.3046875000000001 0.428125 0.3265625000000001 0.428125
0 0.3843750000000001 0.4125 0.3546875000000001 0.4125 0.3546875000000001 0.4296875 0.3843750000000001 0.4296875
0 0.4546875 0.41875 0.4078125 0.41875 0.4078125 0.4296875 0.4546875 0.4296875
0 0.5609375 0.415625 0.4828125 0.415625 0.4828125 0.44375 0.5609375 0.44375
0 0.575 0.4296875 0.571875 0.4296875 0.571875 0.4328125 0.575 0.4328125
0 0.6671875 0.4109375 0.615625 0.4109375 0.615625 0.4328125 0.6671875 0.4328125
0 0.7890625 0.4078125000000001 0.71875 0.4078125 0.71875 0.4375000000000001 0.7890625 0.43750000000000017
0 0.8109375 0.4265625000000002 0.80625 0.4265625000000002 0.80625 0.4359375000000002 0.8109375 0.4359375000000002
0 0.19218750000000004 0.465625 0.15468750000000003 0.465625 0.15468750000000003 0.4765625 0.19218750000000004 0.4765625
0 0.2406250000000001 0.4609375 0.2140625000000001 0.4609375 0.2140625000000001 0.484375 0.2406250000000001 0.484375
0 0.3109375000000001 0.459375 0.2593750000000001 0.459375 0.2593750000000001 0.478125 0.3109375000000001 0.478125
0 0.3812500000000001 0.465625 0.3390625000000001 0.465625 0.3390625000000001 0.4796875 0.3812500000000001 0.4796875
0 0.45625 0.459375 0.4109375 0.459375 0.4109375 0.48125 0.45625 0.48125
0 0.5203125 0.459375 0.4890625 0.459375 0.4890625 0.490625 0.5203125 0.490625
0 0.6546875 0.4625 0.5484375 0.4625 0.5484375 0.4828125 0.6546875 0.4828125
0 0.809375 0.4609375000000001 0.69375 0.4609375 0.69375 0.4906250000000001 0.809375 0.4906250000000002
0 0.2140625000000001 0.5078125 0.15312500000000004 0.5078125 0.15312500000000004 0.5296875 0.2140625000000001 0.5296875
0 0.27812500000000007 0.5078125 0.24218750000000008 0.5078125 0.24218750000000008 0.528125 0.27812500000000007 0.528125
0 0.3515625000000001 0.5109375 0.3109375000000001 0.5109375 0.3109375000000001 0.54375 0.3515625000000001 0.54375
0 0.403125 0.5140625 0.3765625000000001 0.5140625 0.3765625000000001 0.5375 0.403125 0.5375
0 0.5015625 0.509375 0.428125 0.509375 0.428125 0.53125 0.5015625 0.53125
0 0.571875 0.51875 0.53125 0.51875 0.53125 0.5296875 0.571875 0.5296875
0 0.6421875 0.51875 0.6046875 0.51875 0.6046875 0.53125 0.6421875 0.53125
0 0.7734375 0.5093750000000001 0.671875 0.509375 0.671875 0.5421875 0.7734375 0.5421875000000002
0 0.79375 0.5281250000000002 0.7890625 0.5281250000000002 0.7890625 0.5343750000000002 0.79375 0.5343750000000002
0 0.86875 0.5109375000000002 0.8140625 0.5109375000000002 0.8140625 0.5328125000000001 0.86875 0.5328125000000001
0 0.875 0.5328125000000001 0.86875 0.5328125000000001 0.86875 0.5390625000000002 0.875 0.5390625000000002
0 0.2453125000000001 0.5609375 0.14843750000000008 0.5609375 0.14843750000000008 0.5890625 0.2453125000000001 0.5890625
0 0.33281250000000007 0.5609375 0.2890625000000001 0.5609375 0.2890625000000001 0.5796875 0.33281250000000007 0.5796875
0 0.45 0.5609375 0.3656250000000001 0.5609375 0.3656250000000001 0.578125 0.45 0.578125
0 0.50625 0.56875 0.4921875 0.56875 0.4921875 0.578125 0.50625 0.578125
0 0.609375 0.559375 0.5453125 0.559375 0.5453125 0.590625 0.609375 0.590625
0 0.6953125 0.5640625 0.64375 0.5640625 0.64375 0.5875 0.6953125 0.5875
0 0.7640625 0.5671875000000002 0.7328125 0.5671875000000002 0.7328125 0.5828125000000002 0.7640625 0.5828125000000002
0 0.853125 0.5718750000000001 0.7953125 0.5718750000000001 0.7953125 0.5812500000000002 0.853125 0.5812500000000002
0 0.24218750000000008 0.61875 0.15000000000000008 0.61875 0.15000000000000008 0.63125 0.24218750000000008 0.63125
0 0.2593750000000001 0.6296875 0.2515625000000001 0.6296875 0.2515625000000001 0.6375 0.2593750000000001 0.6375
0 0.3343750000000001 0.6140625 0.2921875000000001 0.6140625 0.2921875000000001 0.63125 0.3343750000000001 0.63125
0 0.4703125 0.6140625 0.3750000000000001 0.6140625 0.3750000000000001 0.64375 0.4703125 0.64375
0 0.540625 0.6140625 0.5046875 0.6140625 0.5046875 0.63125 0.540625 0.63125
0 0.628125 0.61875 0.56875 0.61875 0.56875 0.6421875 0.628125 0.6421875
0 0.7421875 0.6156250000000001 0.665625 0.615625 0.665625 0.6343750000000001 0.7421875 0.6343750000000001
0 0.7890625 0.6171875000000002 0.7703125 0.6171875000000002 0.7703125 0.6328125000000002 0.7890625 0.6328125000000002
0 0.840625 0.6234375000000002 0.8203125 0.6234375000000002 0.8203125 0.6328125000000002 0.840625 0.6328125000000002
0 0.2515625000000001 0.6609375 0.14843750000000008 0.6609375 0.14843750000000008 0.6859375 0.2515625000000001 0.6859375
0 0.3937500000000001 0.6625 0.30156250000000007 0.6625 0.30156250000000007 0.684375 0.3937500000000001 0.684375
0 0.4921875 0.6625 0.428125 0.6625 0.428125 0.690625 0.4921875 0.690625
0 0.5015625 0.684375 0.496875 0.684375 0.496875 0.6875 0.5015625 0.6875