0 0.2578125 0.2625 0.14843750000000006 0.2625 0.14843750000000006 0.30625 0.2578125 0.30625
0 0.3328125 0.265625 0.2671875 0.265625 0.2671875 0.2859375 0.3328125 0.2859375
0 0.4046875 0.26250000000000007 0.3375 0.2625 0.3375 0.2828125 0.4046875 0.2828125000000001
0 0.459375 0.2734375000000001 0.4109375 0.2734375000000001 0.4109375 0.2875000000000001 0.459375 0.2875000000000001
0 0.5765625 0.2687500000000001 0.4671875 0.2687500000000001 0.4671875 0.28593750000000007 0.5765625 0.28593750000000007
0 0.625 0.2718750000000001 0.58125 0.2718750000000001 0.58125 0.28593750000000007 0.625 0.28593750000000007
0 0.6625 0.27031250000000007 0.6296875 0.27031250000000007 0.6296875 0.3062500000000001 0.6625 0.3062500000000001
0 0.6984375 0.2765625000000001 0.671875 0.2765625000000001 0.671875 0.28593750000000007 0.6984375 0.28593750000000007
0 0.815625 0.2687500000000001 0.7109375 0.2687500000000001 0.7109375 0.2968750000000001 0.815625 0.2968750000000001
0 0.26875 0.3140625 0.13437500000000005 0.3140625 0.13437500000000005 0.334375 0.26875 0.334375
0 0.3703125 0.31718750000000007 0.2796875 0.3171875 0.2796875 0.3375 0.3703125 0.3375000000000001
0 0.4890625 0.31718750000000007 0.378125 0.31718750000000007 0.378125 0.3515625000000001 0.4890625 0.3515625000000001
0 0.5703125 0.3203125000000001 0.49375 0.3203125000000001 0.49375 0.3359375000000001 0.5703125 0.3359375000000001
0 0.571875 0.33281250000000007 0.5625 0.33281250000000007 0.5625 0.3437500000000001 0.571875 0.3437500000000001
0 0.615625 0.3203125000000001 0.58125 0.3203125000000001 0.58125 0.3312500000000001 0.615625 0.3312500000000001
0 0.7046875 0.3187500000000001 0.628125 0.3187500000000001 0.628125 0.3390625000000001 0.7046875 0.3390625000000001
0 0.796875 0.3140625000000001 0.7125 0.3140625000000001 0.7125 0.34843750000000007 0.796875 0.34843750000000007
0 0.2953125000000001 0.365625 0.14531250000000004 0.365625 0.14531250000000004 0.3984375 0.2953125000000001 0.3984375
0 0.3781250000000001 0.36718750000000006 0.3046875000000001 0.3671875 0.3046875000000001 0.38750000000000007 0.3781250000000001 0.38750000000000007
0 0.53125 0.3671875000000001 0.3890625000000001 0.3671875000000001 0.3890625000000001 0.39531250000000007 0.53125 0.39531250000000007
0 0.6578125 0.3734375000000001 0.5421875 0.3734375000000001 0.5421875 0.3968750000000001 0.6578125 0.3968750000000001
0 0.6609375 0.3859375000000001 0.6484375 0.3859375000000001 0.6484375 0.39531250000000007 0.6609375 0.39531250000000007
0 0.703125 0.3765625000000001 0.6703125 0.3765625000000001 0.6703125 0.3843750000000001 0.703125 0.3843750000000001
0 0.76875 0.3687500000000001 0.709375 0.3687500000000001 0.709375 0.38750000000000007 0.76875 0.38750000000000007
0 0.80625 0.3671875000000001 0.7796875 0.3671875000000001 0.7796875 0.3984375000000001 0.80625 0.3984375000000001
0 0.2171875000000001 0.41875 0.13906250000000003 0.41875 0.13906250000000003 0.4390625 0.2171875000000001 0.4390625
0 0.3000000000000001 0.4109375 0.22031250000000008 0.4109375 0.22031250000000008 0.4390625 0.3000000000000001 0.4390625
0 0.3828125000000001 0.4171875 0.3140625000000001 0.4171875 0.3140625000000001 0.4375 0.3828125000000001 0.4375
0 0.4671875 0.4140625 0.38750000000000007 0.4140625 0.38750000000000007 0.4375 0.4671875 0.4375
0 0.5828125 0.415625 0.4734375 0.415625 0.4734375 0.434375 0.5828125 0.434375
0 0.715625 0.4140625 0.5875 0.4140625 0.5875 0.4453125 0.715625 0.4453125
0 0.8078125 0.41875000000000007 0.7203125 0.41875 0.7203125 0.44218750000000007 0.8078125 0.4421875000000002
0 0.815625 0.43281250000000016 0.8109375 0.43281250000000016 0.8109375 0.4359375000000002 0.815625 0.4359375000000002
0 0.2078125000000001 0.465625 0.13593750000000004 0.465625 0.13593750000000004 0.490625 0.2078125000000001 0.490625
0 0.2843750000000001 0.4703125 0.21875000000000008 0.4703125 0.21875000000000008 0.5015625 0.2843750000000001 0.5015625
0 0.4421875 0.465625 0.2953125000000001 0.465625 0.2953125000000001 0.4859375 0.4421875 0.4859375
0 0.546875 0.46875 0.45 0.46875 0.45 0.4875 0.546875 0.4875
0 0.609375 0.465625 0.553125 0.465625 0.553125 0.4875 0.609375 0.4875
0 0.690625 0.4671875 0.6171875 0.4671875 0.6171875 0.4859375 0.690625 0.4859375
0 0.7265625 0.4671875000000001 0.7 0.4671875 0.7 0.5015625000000001 0.7265625 0.5015625000000001
0 0.8140625 0.46875000000000017 0.74375 0.46875000000000017 0.74375 0.48750000000000016 0.8140625 0.48750000000000016
0 0.2875000000000001 0.51875 0.14843750000000006 0.51875 0.14843750000000006 0.55 0.2875000000000001 0.55
0 0.34062500000000007 0.515625 0.2953125000000001 0.515625 0.2953125000000001 0.534375 0.34062500000000007 0.534375
0 0.425 0.5203125 0.34843750000000007 0.5203125 0.34843750000000007 0.5390625 0.425 0.5390625
0 0.5171875 0.5171875 0.4328125 0.5171875 0.4328125 0.5484375 0.5171875 0.5484375
0 0.5953125 0.51875 0.5265625 0.51875 0.5265625 0.5390625 0.5953125 0.5390625
0 0.7671875 0.5203125000000001 0.603125 0.5203125 0.603125 0.5484375000000001 0.7671875 0.5484375000000001
0 0.825 0.5250000000000001 0.7765625 0.5250000000000001 0.7765625 0.5375000000000002 0.825 0.5375000000000002
0 0.2015625000000001 0.5703125 0.1390625000000001 0.5703125 0.1390625000000001 0.5875 0.2015625000000001 0.5875
0 0.3734375000000001 0.5671875 0.21093750000000008 0.5671875 0.21093750000000008 0.6015625 0.3734375000000001 0.6015625
0 0.46875 0.56875 0.37968750000000007 0.56875 0.37968750000000007 0.5890625 0.46875 0.5890625
0 0.559375 0.56875 0.48125 0.56875 0.48125 0.5890625 0.559375 0.5890625
0 0.653125 0.5671875 0.571875 0.5671875 0.571875 0.5875 0.653125 0.5875
0 0.7875 0.5671875000000001 0.6625 0.5671875 0.6625 0.5890625 0.7875 0.5890625000000002
0 0.840625 0.5703125000000002 0.7828125 0.5703125000000002 0.7828125 0.6015625000000002 0.840625 0.6015625000000002
0 0.21875000000000008 0.61875 0.1468750000000001 0.61875 0.1468750000000001 0.640625 0.21875000000000008 0.640625
0 0.3078125000000001 0.6234375 0.22656250000000008 0.6234375 0.22656250000000008 0.65 0.3078125000000001 0.65
0 0.33281250000000007 0.6296875 0.3140625000000001 0.6296875 0.3140625000000001 0.6328125 0.33281250000000007 0.6328125
0 0.4078125 0.61875 0.3421875000000001 0.61875 0.3421875000000001 0.640625 0.4078125 0.640625
0 0.48125 0.621875 0.41875 0.621875 0.41875 0.640625 0.48125 0.640625
0 0.553125 0.6265625 0.490625 0.6265625 0.490625 0.640625 0.553125 0.640625
0 0.63125 0.615625 0.5671875 0.615625 0.5671875 0.6671875 0.63125 0.6671875
0 0.675 0.6265625 0.6390625 0.6265625 0.6390625 0.634375 0.675 0.634375
0 0.753125 0.6156250000000001 0.6765625 0.615625 0.6765625 0.6515625 0.753125 0.6515625000000002
0 0.8328125 0.6156250000000002 0.759375 0.6156250000000002 0.759375 0.6484375000000002 0.8328125 0.6484375000000002
0 0.2734375000000001 0.671875 0.14062500000000008 0.671875 0.14062500000000008 0.690625 0.2734375000000001 0.690625
0 0.3296875000000001 0.675 0.2812500000000001 0.675 0.2812500000000001 0.6890625 0.3296875000000001 0.6890625
0 0.4921875 0.6671875 0.3359375000000001 0.6671875 0.3359375000000001 0.7140625 0.4921875 0.7140625
0 0.5515625 0.6765625 0.503125 0.6765625 0.503125 0.690625 0.5515625 0.690625
0 0.715625 0.66875 0.565625 0.66875 0.565625 0.703125 0.715625 0.703125
0 0.7921875 0.6671875000000002 0.73125 0.6671875000000002 0.73125 0.7031250000000002 0.7921875 0.7031250000000002
0 0.2484375000000001 0.715625 0.1390625000000001 0.715625 0.1390625000000001 0.765625 0.2484375000000001 0.765625
0 0.3031250000000001 0.7171875 0.2562500000000001 0.7171875 0.2562500000000001 0.740625 0.3031250000000001 0.740625
0 0.3812500000000001 0.715625 0.3156250000000001 0.715625 0.3156250000000001 0.7421875 0.3812500000000001 0.7421875
0 0.4875000000000001 0.71875 0.3906250000000001 0.71875 0.3906250000000001 0.7515625 0.48750000000000016 0.7515625
0 0.4937500000000002 0.7359375 0.4828125000000002 0.7359375 0.4828125000000002 0.7484375 0.4937500000000002 0.7484375
0 0.5734375 0.7171875 0.5 0.7171875 0.5000000000000001 0.734375 0.5734375000000002 0.734375
0 0.6218750000000001 0.725 0.5796875 0.725 0.5796875000000001 0.7359375 0.6218750000000002 0.7359375
0 0.7968750000000001 0.7187500000000001 0.63125 0.71875 0.6312500000000001 0.7453125 0.7968750000000002 0.7453125000000002