0 0.19218750000000004 0.2578125 0.13437500000000005 0.2578125 0.13437500000000005 0.275 0.19218750000000004 0.275
0 0.2515625 0.253125 0.2171875 0.253125 0.2171875 0.278125 0.2515625 0.278125
0 0.3203125 0.25625 0.2625 0.25625 0.2625 0.2765625 0.3203125 0.2765625
0 0.421875 0.25625000000000003 0.334375 0.25625 0.334375 0.27656250000000004 0.421875 0.2765625000000001
0 0.428125 0.27031250000000007 0.4203125 0.27031250000000007 0.4203125 0.27812500000000007 0.428125 0.27812500000000007
0 0.5421875 0.2593750000000001 0.45 0.2593750000000001 0.45 0.28593750000000007 0.5421875 0.28593750000000007
0 0.6015625 0.2578125000000001 0.5625 0.2578125000000001 0.5625 0.2765625000000001 0.6015625 0.2765625000000001
0 0.7171875 0.26250000000000007 0.625 0.26250000000000007 0.625 0.2906250000000001 0.7171875 0.2906250000000001
0 0.7234375 0.27031250000000007 0.715625 0.27031250000000007 0.715625 0.27812500000000007 0.7234375 0.27812500000000007
0 0.8046875 0.2578125000000001 0.7296875 0.2578125000000001 0.7296875 0.2812500000000001 0.8046875 0.2812500000000001
0 0.84375 0.2593750000000001 0.8125 0.2593750000000001 0.8125 0.27031250000000007 0.84375 0.27031250000000007
0 0.259375 0.3046875 0.13593750000000004 0.3046875 0.13593750000000004 0.3328125 0.259375 0.3328125
0 0.3234375 0.3078125 0.2859375 0.3078125 0.2859375 0.3265625 0.3234375 0.3265625
0 0.396875 0.3140625 0.3421875 0.3140625 0.3421875 0.34062500000000007 0.396875 0.34062500000000007
0 0.50625 0.3031250000000001 0.4171875 0.3031250000000001 0.4171875 0.32500000000000007 0.50625 0.32500000000000007
0 0.5890625 0.30937500000000007 0.5203125 0.30937500000000007 0.5203125 0.3265625000000001 0.5890625 0.3265625000000001
0 0.5953125 0.3234375000000001 0.5921875 0.3234375000000001 0.5921875 0.32500000000000007 0.5953125 0.32500000000000007
0 0.684375 0.3062500000000001 0.6109375 0.3062500000000001 0.6109375 0.3531250000000001 0.684375 0.3531250000000001
0 0.7453125 0.3046875000000001 0.7046875 0.3046875000000001 0.7046875 0.32500000000000007 0.7453125 0.32500000000000007
0 0.8546875 0.3046875000000001 0.7578125 0.3046875000000001 0.7578125 0.33281250000000007 0.8546875 0.33281250000000007
0 0.22500000000000003 0.3546875 0.13750000000000004 0.3546875 0.13750000000000004 0.375 0.2250000000000001 0.375
0 0.36562500000000003 0.35468750000000004 0.2546875 0.3546875 0.25468750000000007 0.39843750000000006 0.3656250000000001 0.3984375000000001
0 0.38750000000000007 0.3750000000000001 0.3812500000000001 0.3750000000000001 0.3812500000000001 0.3812500000000001 0.38750000000000007 0.3812500000000001
0 0.459375 0.3578125000000001 0.421875 0.3578125000000001 0.421875 0.3765625000000001 0.459375 0.3765625000000001
0 0.6515625 0.35625000000000007 0.4953125 0.35625000000000007 0.4953125 0.3765625000000001 0.6515625 0.3765625000000001
0 0.7859375 0.35625000000000007 0.6671875 0.35625000000000007 0.6671875 0.3765625000000001 0.7859375 0.3765625000000001
0 0.8484375 0.35625000000000007 0.8015625 0.35625000000000007 0.8015625 0.37968750000000007 0.8484375 0.37968750000000007
0 0.2640625000000001 0.4046875 0.14218750000000005 0.4046875 0.14218750000000005 0.45 0.2640625000000001 0.45
0 0.34062500000000007 0.4046875 0.3046875000000001 0.4046875 0.3046875000000001 0.4265625 0.34062500000000007 0.4265625
0 0.540625 0.403125 0.3828125000000001 0.403125 0.3828125000000001 0.4390625 0.540625 0.4390625
0 0.6109375 0.40625 0.55625 0.40625 0.55625 0.428125 0.6109375 0.428125
0 0.7328125 0.4093750000000001 0.63125 0.409375 0.63125 0.4296875000000001 0.7328125 0.42968750000000017
0 0.890625 0.4046875000000002 0.7484375 0.4046875000000002 0.7484375 0.4312500000000002 0.890625 0.4312500000000002
0 0.884375 0.4265625000000002 0.8796875 0.4265625000000002 0.8796875 0.4281250000000002 0.884375 0.4281250000000002
0 0.2140625000000001 0.4546875 0.14218750000000005 0.4546875 0.14218750000000005 0.478125 0.2140625000000001 0.478125
0 0.2828125000000001 0.45625 0.24218750000000008 0.45625 0.24218750000000008 0.4796875 0.2828125000000001 0.4796875
0 0.3515625000000001 0.4546875 0.3062500000000001 0.4546875 0.3062500000000001 0.5078125 0.3515625000000001 0.5078125
0 0.45 0.4609375 0.3703125000000001 0.4609375 0.3703125000000001 0.478125 0.45 0.478125
0 0.5078125 0.4546875 0.4609375 0.4546875 0.4609375 0.4796875 0.5078125 0.4796875
0 0.646875 0.4546875 0.534375 0.4546875 0.534375 0.478125 0.646875 0.478125
0 0.784375 0.45781250000000007 0.665625 0.4578125 0.665625 0.4875000000000001 0.784375 0.48750000000000016
0 0.9421875 0.4578125000000002 0.803125 0.4578125000000002 0.803125 0.47968750000000016 0.9421875 0.47968750000000016
0 0.19531250000000006 0.50625 0.13281250000000006 0.50625 0.13281250000000006 0.53125 0.19531250000000006 0.53125
0 0.3296875000000001 0.5046875 0.20468750000000008 0.5046875 0.20468750000000008 0.54375 0.3296875000000001 0.54375
0 0.3390625000000001 0.525 0.3312500000000001 0.525 0.3312500000000001 0.534375 0.3390625000000001 0.534375
0 0.44375 0.5046875 0.38750000000000007 0.5046875 0.38750000000000007 0.5484375 0.44375 0.5484375
0 0.5484375 0.5125 0.471875 0.5125 0.471875 0.528125 0.5484375 0.528125
0 0.696875 0.509375 0.559375 0.509375 0.559375 0.5484375 0.696875 0.5484375
0 0.85625 0.5062500000000001 0.6953125 0.50625 0.6953125 0.5484375000000001 0.85625 0.5484375000000001
0 0.91875 0.5156250000000002 0.8796875 0.5156250000000002 0.8796875 0.5296875000000002 0.91875 0.5296875000000002
0 0.2453125000000001 0.553125 0.14062500000000008 0.553125 0.14062500000000008 0.59375 0.2453125000000001 0.59375
0 0.3234375000000001 0.5609375 0.27031250000000007 0.5609375 0.27031250000000007 0.578125 0.3234375000000001 0.578125
0 0.3828125000000001 0.5640625 0.3390625000000001 0.5640625 0.3390625000000001 0.578125 0.3828125000000001 0.578125
0 0.465625 0.55625 0.4203125 0.55625 0.4203125 0.578125 0.465625 0.578125
0 0.575 0.55625 0.4984375 0.55625 0.4984375 0.578125 0.575 0.578125
0 0.6609375 0.5578125 0.58125 0.5578125 0.58125 0.5796875 0.6609375 0.5796875
0 0.66875 0.5734375 0.653125 0.5734375 0.653125 0.590625 0.66875 0.590625
0 0.8421875 0.5562500000000001 0.696875 0.55625 0.696875 0.58125 0.8421875 0.5812500000000002
0 0.8875 0.5609375000000002 0.8484375 0.5609375000000002 0.8484375 0.5953125000000001 0.8875 0.5953125000000001
0 0.22656250000000008 0.6140625 0.1375000000000001 0.6140625 0.1375000000000001 0.63125 0.22656250000000008 0.63125
0 0.28593750000000007 0.603125 0.2406250000000001 0.603125 0.2406250000000001 0.6359375 0.28593750000000007 0.6359375
0 0.35625000000000007 0.60625 0.2875000000000001 0.60625 0.2875000000000001 0.6296875 0.35625000000000007 0.6296875
0 0.37187500000000007 0.609375 0.3578125000000001 0.609375 0.3578125000000001 0.6203125 0.37187500000000007 0.6203125
0 0.45 0.60625 0.3593750000000001 0.60625 0.3593750000000001 0.6328125 0.45 0.6328125
0 0.4765625 0.6046875 0.465625 0.6046875 0.465625 0.6140625 0.4765625 0.6140625
0 0.615625 0.6046875 0.484375 0.6046875 0.484375 0.6515625 0.615625 0.6515625
0 0.7359375 0.6046875 0.63125 0.6046875 0.63125 0.6312500000000001 0.7359375 0.6312500000000002
0 0.875 0.6109375000000001 0.74375 0.6109375000000001 0.74375 0.6296875000000002 0.875 0.6296875000000002
0 0.95 0.6078125000000002 0.8875 0.6078125000000002 0.8875 0.6281250000000002 0.95 0.6281250000000002
0 0.2078125000000001 0.653125 0.13281250000000008 0.653125 0.13281250000000008 0.684375 0.2078125000000001 0.684375
0 0.2171875000000001 0.675 0.2093750000000001 0.675 0.2093750000000001 0.684375 0.2171875000000001 0.684375
0 0.3515625000000001 0.65625 0.2328125000000001 0.65625 0.2328125000000001 0.6984375 0.3515625000000001 0.6984375
0 0.4375 0.6640625 0.3687500000000001 0.6640625 0.3687500000000001 0.68125 0.4375 0.68125
0 0.5109375 0.6609375 0.4453125 0.6609375 0.4453125 0.68125 0.5109375 0.68125
0 0.6296875 0.65625 0.5296875 0.65625 0.5296875 0.68125 0.6296875 0.68125
0 0.678125 0.6546875 0.6421875 0.6546875 0.6421875 0.678125 0.678125 0.678125
0 0.846875 0.6531250000000001 0.696875 0.653125 0.696875 0.6984375 0.846875 0.6984375000000002
0 0.9125 0.6656250000000001 0.8625 0.6656250000000001 0.8625 0.6812500000000001 0.9125 0.6812500000000001
0 0.2843750000000001 0.7046875 0.1390625000000001 0.7046875 0.1390625000000001 0.740625 0.2843750000000001 0.740625
0 0.3937500000000001 0.7109375 0.3140625000000001 0.7109375 0.3140625000000001 0.73125 0.3937500000000001 0.73125
0 0.596875 0.703125 0.4171875 0.703125 0.4171875000000001 0.73125 0.5968750000000002 0.73125
0 0.6000000000000002 0.728125 0.5890625000000002 0.728125 0.5890625000000002 0.7421875 0.6000000000000002 0.7421875
0 0.7609375 0.7078125000000001 0.621875 0.7078125 0.6218750000000001 0.7437500000000001 0.7609375000000002 0.7437500000000001
0 0.853125 0.7062500000000002 0.7828125 0.7062500000000002 0.7828125000000001 0.7296875000000002 0.853125 0.7296875000000002
0 0.9078125 0.7140625000000002 0.875 0.7140625000000002 0.875 0.7296875000000002 0.9078125 0.7296875000000002