0 0.17187500000000006 0.2328125 0.15625000000000006 0.2328125 0.15625000000000006 0.253125 0.17187500000000006 0.253125
0 0.25625 0.234375 0.18750000000000006 0.234375 0.18750000000000006 0.2640625 0.25625 0.2640625
0 0.303125 0.2328125 0.265625 0.2328125 0.265625 0.25 0.303125 0.25
0 0.340625 0.234375 0.315625 0.234375 0.315625 0.2515625 0.340625 0.2515625
0 0.4234375 0.23593750000000005 0.35 0.2359375 0.35 0.27031250000000007 0.4234375 0.27031250000000007
0 0.4671875 0.23593750000000008 0.4359375 0.23593750000000008 0.4359375 0.2515625000000001 0.4671875 0.2515625000000001
0 0.540625 0.23593750000000008 0.4796875 0.23593750000000008 0.4796875 0.25468750000000007 0.540625 0.25468750000000007
0 0.5734375 0.2328125000000001 0.5515625 0.2328125000000001 0.5515625 0.2640625000000001 0.5734375 0.2640625000000001
0 0.6203125 0.23593750000000008 0.584375 0.23593750000000008 0.584375 0.2531250000000001 0.6203125 0.2531250000000001
0 0.70625 0.2328125000000001 0.6328125 0.2328125000000001 0.6328125 0.2531250000000001 0.70625 0.2531250000000001
0 0.8453125 0.23593750000000008 0.7234375 0.23593750000000008 0.7234375 0.2531250000000001 0.8453125 0.2531250000000001
0 0.19531250000000006 0.2796875 0.15312500000000004 0.2796875 0.15312500000000004 0.3125 0.19531250000000006 0.3125
0 0.2375 0.284375 0.20625 0.284375 0.20625 0.3015625 0.2375 0.3015625
0 0.3453125 0.2828125 0.2515625 0.2828125 0.2515625 0.303125 0.3453125 0.303125
0 0.3765625 0.2828125 0.3546875 0.2828125 0.3546875 0.31718750000000007 0.3765625 0.31718750000000007
0 0.440625 0.28593750000000007 0.3921875 0.28593750000000007 0.3921875 0.3234375000000001 0.440625 0.3234375000000001
0 0.5296875 0.2843750000000001 0.453125 0.2843750000000001 0.453125 0.3031250000000001 0.5296875 0.3031250000000001
0 0.5390625 0.3031250000000001 0.534375 0.3031250000000001 0.534375 0.3109375000000001 0.5390625 0.3109375000000001
0 0.6296875 0.2843750000000001 0.553125 0.2843750000000001 0.553125 0.3218750000000001 0.6296875 0.3218750000000001
0 0.6859375 0.2843750000000001 0.64375 0.2843750000000001 0.64375 0.3031250000000001 0.6859375 0.3031250000000001
0 0.7609375 0.2843750000000001 0.7 0.2843750000000001 0.7 0.3031250000000001 0.7609375 0.3031250000000001
0 0.85 0.2906250000000001 0.7765625 0.2906250000000001 0.7765625 0.3031250000000001 0.85 0.3031250000000001
0 0.2125 0.3328125 0.15625000000000006 0.3328125 0.15625000000000006 0.353125 0.2125 0.353125
0 0.31875 0.334375 0.228125 0.334375 0.228125 0.353125 0.31875 0.353125
0 0.3765625 0.33437500000000003 0.3359375 0.334375 0.3359375 0.35468750000000004 0.3765625 0.3546875000000001
0 0.4375 0.3343750000000001 0.3921875 0.3343750000000001 0.3921875 0.3546875000000001 0.4375 0.3546875000000001
0 0.4953125 0.33281250000000007 0.45625 0.33281250000000007 0.45625 0.3531250000000001 0.4953125 0.3531250000000001
0 0.540625 0.3390625000000001 0.5046875 0.3390625000000001 0.5046875 0.3531250000000001 0.540625 0.3531250000000001
0 0.6 0.34062500000000007 0.553125 0.34062500000000007 0.553125 0.3546875000000001 0.6 0.3546875000000001
0 0.6609375 0.33281250000000007 0.6140625 0.33281250000000007 0.6140625 0.3531250000000001 0.6609375 0.3531250000000001
0 0.690625 0.3343750000000001 0.671875 0.3343750000000001 0.671875 0.3531250000000001 0.690625 0.3531250000000001
0 0.7484375 0.33281250000000007 0.703125 0.33281250000000007 0.703125 0.3531250000000001 0.7484375 0.3531250000000001
0 0.84375 0.33281250000000007 0.7546875 0.33281250000000007 0.7546875 0.3531250000000001 0.84375 0.3531250000000001
0 0.18281250000000004 0.3890625 0.15625000000000006 0.3890625 0.15625000000000006 0.403125 0.18281250000000004 0.403125
0 0.2156250000000001 0.384375 0.19843750000000004 0.384375 0.19843750000000004 0.4015625 0.2156250000000001 0.4015625
0 0.3062500000000001 0.3828125 0.23437500000000008 0.3828125 0.23437500000000008 0.421875 0.3062500000000001 0.421875
0 0.3968750000000001 0.38906250000000003 0.3265625000000001 0.3890625 0.3265625000000001 0.4046875 0.3968750000000001 0.4046875
0 0.4671875 0.3906250000000001 0.4140625 0.3906250000000001 0.4140625 0.4046875 0.4671875 0.4046875
0 0.4734375 0.4 0.471875 0.4 0.471875 0.403125 0.4734375 0.403125
0 0.5234375 0.3828125000000001 0.4921875 0.3828125000000001 0.4921875 0.40625 0.5234375 0.40625
0 0.58125 0.3828125000000001 0.540625 0.3828125000000001 0.540625 0.403125 0.58125 0.403125
0 0.6390625 0.3828125000000001 0.5921875 0.3828125000000001 0.5921875 0.4015625 0.6390625 0.4015625
0 0.6765625 0.3828125000000001 0.65 0.3828125000000001 0.65 0.4171875 0.6765625 0.4171875
0 0.7078125 0.3828125000000001 0.6859375 0.3828125000000001 0.6859375 0.403125 0.7078125 0.403125
0 0.8375 0.3859375000000001 0.7234375 0.3859375000000001 0.7234375 0.40312500000000007 0.8375 0.4031250000000002
0 0.19843750000000004 0.434375 0.16093750000000004 0.434375 0.16093750000000004 0.4546875 0.19843750000000004 0.4546875
0 0.2718750000000001 0.434375 0.2171875000000001 0.434375 0.2171875000000001 0.453125 0.2718750000000001 0.453125
0 0.3750000000000001 0.4375 0.28593750000000007 0.4375 0.28593750000000007 0.4546875 0.3750000000000001 0.4546875
0 0.496875 0.4359375 0.39531250000000007 0.4359375 0.39531250000000007 0.4703125 0.496875 0.4703125
0 0.6359375 0.4328125 0.5140625 0.4328125 0.5140625 0.4546875 0.6359375 0.4546875
0 0.646875 0.453125 0.64375 0.453125 0.64375 0.459375 0.646875 0.459375
0 0.6875 0.434375 0.665625 0.434375 0.665625 0.453125 0.6875 0.453125
0 0.7578125 0.4328125000000001 0.7046875 0.4328125 0.7046875 0.4546875000000001 0.7578125 0.4546875000000002
0 0.853125 0.43281250000000016 0.7734375 0.43281250000000016 0.7734375 0.4546875000000002 0.853125 0.4546875000000002
0 0.8640625 0.4515625000000002 0.859375 0.4515625000000002 0.859375 0.4593750000000002 0.8640625 0.4593750000000002
0 0.18750000000000006 0.4828125 0.16406250000000006 0.4828125 0.16406250000000006 0.5046875 0.18750000000000006 0.5046875
0 0.3062500000000001 0.484375 0.2078125000000001 0.484375 0.2078125000000001 0.5046875 0.3062500000000001 0.5046875
0 0.4234375 0.484375 0.3265625000000001 0.484375 0.3265625000000001 0.5046875 0.4234375 0.5046875
0 0.4578125 0.4875 0.4390625 0.4875 0.4390625 0.5046875 0.4578125 0.5046875
0 0.559375 0.4859375 0.475 0.4859375 0.475 0.5046875 0.559375 0.5046875
0 0.6140625 0.484375 0.5734375 0.484375 0.5734375 0.503125 0.6140625 0.503125
0 0.6453125 0.4859375 0.6296875 0.4859375 0.6296875 0.5046875 0.6453125 0.5046875
0 0.725 0.4828125 0.65625 0.4828125 0.65625 0.5109375 0.725 0.5109375
0 0.7671875 0.48437500000000017 0.74375 0.48437500000000017 0.74375 0.5015625000000001 0.7671875 0.5015625000000001
0 0.2468750000000001 0.5359375 0.16250000000000003 0.5359375 0.16250000000000006 0.55625 0.2468750000000001 0.55625
0 0.2828125000000001 0.534375 0.2609375000000001 0.534375 0.2609375000000001 0.5671875 0.2828125000000001 0.5671875
0 0.3609375000000001 0.534375 0.3031250000000001 0.534375 0.3031250000000001 0.5546875 0.3609375000000001 0.5546875
0 0.3703125000000001 0.553125 0.3671875000000001 0.553125 0.3671875000000001 0.5625 0.3703125000000001 0.5625
0 0.4921875 0.5359375 0.38750000000000007 0.5359375 0.38750000000000007 0.5765625 0.4921875 0.5765625
0 0.5640625 0.5359375 0.5109375 0.5359375 0.5109375 0.5671875 0.5640625 0.5671875
0 0.6 0.5359375 0.58125 0.5359375 0.58125 0.553125 0.6 0.553125
0 0.640625 0.5390625 0.6140625 0.5390625 0.6140625 0.5546875 0.640625 0.5546875
0 0.709375 0.534375 0.653125 0.534375 0.653125 0.5765625 0.709375 0.5765625
0 0.740625 0.5375000000000001 0.7234375 0.5375 0.7234375 0.5531250000000001 0.740625 0.5531250000000002
0 0.84375 0.5343750000000002 0.7515625 0.5343750000000002 0.7515625 0.5546875000000002 0.84375 0.5546875000000002
0 0.2140625000000001 0.5875 0.1609375000000001 0.5875 0.1609375000000001 0.60625 0.2140625000000001 0.60625
0 0.2531250000000001 0.5921875 0.2296875000000001 0.5921875 0.2296875000000001 0.60625 0.2531250000000001 0.60625
0 0.36406250000000007 0.5859375 0.2687500000000001 0.5859375 0.2687500000000001 0.6171875 0.36406250000000007 0.6171875
0 0.3750000000000001 0.6046875 0.37187500000000007 0.6046875 0.37187500000000007 0.6125 0.3750000000000001 0.6125
0 0.4359375 0.5859375 0.3859375000000001 0.5859375 0.3859375000000001 0.621875 0.4359375 0.621875
0 0.45 0.603125 0.446875 0.603125 0.446875 0.6125 0.45 0.6125
0 0.5078125 0.5859375 0.465625 0.5859375 0.465625 0.6046875 0.5078125 0.6046875
0 0.565625 0.5859375 0.525 0.5859375 0.525 0.6046875 0.565625 0.6046875
0 0.6203125 0.5859375 0.578125 0.5859375 0.578125 0.6078125 0.6203125 0.6078125
0 0.6265625 0.6015625 0.6234375 0.6015625 0.6234375 0.6046875 0.6265625 0.6046875