0 0.2390625 0.2640625 0.14375000000000004 0.2640625 0.14375000000000004 0.284375 0.2390625 0.284375
0 0.3765625 0.26562500000000006 0.2671875 0.265625 0.2671875 0.29531250000000003 0.3765625 0.2953125000000001
0 0.540625 0.2656250000000001 0.4 0.2656250000000001 0.4 0.2953125000000001 0.540625 0.2953125000000001
0 0.6140625 0.2656250000000001 0.5578125 0.2656250000000001 0.5578125 0.2828125000000001 0.6140625 0.2828125000000001
0 0.759375 0.2656250000000001 0.63125 0.2656250000000001 0.63125 0.2843750000000001 0.759375 0.2843750000000001
0 0.8140625 0.2578125000000001 0.7828125 0.2578125000000001 0.7828125 0.2984375000000001 0.8140625 0.2984375000000001
0 0.2796875 0.3171875 0.13593750000000004 0.3171875 0.13593750000000004 0.334375 0.2796875 0.334375
0 0.45 0.31718750000000007 0.3 0.3171875 0.3 0.3375 0.45 0.3375000000000001
0 0.4609375 0.33281250000000007 0.459375 0.33281250000000007 0.459375 0.3359375000000001 0.4609375 0.3359375000000001
0 0.546875 0.3156250000000001 0.471875 0.3156250000000001 0.471875 0.3437500000000001 0.546875 0.3437500000000001
0 0.65 0.3156250000000001 0.5640625 0.3156250000000001 0.5640625 0.3453125000000001 0.65 0.3453125000000001
0 0.6875 0.3234375000000001 0.665625 0.3234375000000001 0.665625 0.3343750000000001 0.6875 0.3343750000000001
0 0.8234375 0.3156250000000001 0.709375 0.3156250000000001 0.709375 0.34062500000000007 0.8234375 0.34062500000000007
0 0.8640625 0.30937500000000007 0.834375 0.30937500000000007 0.834375 0.3468750000000001 0.8640625 0.3468750000000001
0 0.17968750000000006 0.365625 0.13281250000000006 0.365625 0.13281250000000006 0.3859375 0.17968750000000006 0.3859375
0 0.34062500000000007 0.36875 0.19687500000000005 0.36875 0.19687500000000005 0.3859375 0.34062500000000007 0.3859375
0 0.3578125000000001 0.384375 0.3531250000000001 0.384375 0.3531250000000001 0.3953125 0.3578125000000001 0.3953125
0 0.446875 0.3671875000000001 0.3656250000000001 0.3671875000000001 0.3656250000000001 0.38750000000000007 0.446875 0.38750000000000007
0 0.4890625 0.3671875000000001 0.4671875 0.3671875000000001 0.4671875 0.3843750000000001 0.4890625 0.3843750000000001
0 0.5765625 0.3609375000000001 0.503125 0.3609375000000001 0.503125 0.3937500000000001 0.5765625 0.3937500000000001
0 0.7140625 0.3609375000000001 0.6015625 0.3609375000000001 0.6015625 0.3937500000000001 0.7140625 0.3937500000000001
0 0.865625 0.3625000000000001 0.734375 0.3625000000000001 0.734375 0.3937500000000001 0.865625 0.3937500000000001
0 0.15937500000000004 0.4125 0.13281250000000006 0.4125 0.13281250000000006 0.446875 0.15937500000000004 0.446875
0 0.2671875000000001 0.4140625 0.18437500000000004 0.4140625 0.18437500000000004 0.4375 0.2671875000000001 0.4375
0 0.35625000000000007 0.415625 0.2953125000000001 0.415625 0.2953125000000001 0.45 0.35625000000000007 0.45
0 0.428125 0.4140625 0.3765625000000001 0.4140625 0.3765625000000001 0.434375 0.428125 0.434375
0 0.5140625 0.415625 0.4375 0.415625 0.4375 0.4359375 0.5140625 0.4359375
0 0.528125 0.4328125 0.525 0.4328125 0.525 0.434375 0.528125 0.434375
0 0.6703125 0.415625 0.5484375 0.415625 0.5484375 0.4359375 0.6703125 0.4359375
0 0.8109375 0.4140625000000001 0.6859375 0.4140625 0.6859375 0.4359375000000001 0.8109375 0.4359375000000002
0 0.846875 0.41406250000000017 0.8265625 0.41406250000000017 0.8265625 0.43281250000000016 0.846875 0.43281250000000016
0 0.20312500000000008 0.465625 0.13281250000000006 0.465625 0.13281250000000006 0.4875 0.20312500000000008 0.4875
0 0.415625 0.4703125 0.22656250000000008 0.4703125 0.22656250000000008 0.4953125 0.415625 0.4953125
0 0.4984375 0.46875 0.440625 0.46875 0.440625 0.4890625 0.4984375 0.4890625
0 0.6328125 0.4671875 0.521875 0.4671875 0.521875 0.4859375 0.6328125 0.4859375
0 0.7734375 0.46562500000000007 0.6578125 0.465625 0.6578125 0.49687500000000007 0.7734375 0.4968750000000002
0 0.828125 0.46406250000000016 0.7890625 0.46406250000000016 0.7890625 0.48437500000000017 0.828125 0.48437500000000017
0 0.84375 0.48437500000000017 0.8375 0.48437500000000017 0.8375 0.49218750000000017 0.84375 0.49218750000000017
0 0.21093750000000008 0.515625 0.13281250000000006 0.515625 0.13281250000000006 0.5390625 0.21093750000000008 0.5390625
0 0.3890625000000001 0.521875 0.2500000000000001 0.521875 0.2500000000000001 0.5390625 0.3890625000000001 0.5390625
0 0.4421875 0.5125 0.415625 0.5125 0.415625 0.546875 0.4421875 0.546875
0 0.5328125 0.515625 0.4625 0.515625 0.4625 0.5359375 0.5328125 0.5359375
0 0.6703125 0.5171875 0.553125 0.5171875 0.553125 0.5515625 0.6703125 0.5515625
0 0.8078125 0.5171875000000001 0.6859375 0.5171875 0.6859375 0.5375000000000001 0.8078125 0.5375000000000002
0 0.85 0.5156250000000002 0.821875 0.5156250000000002 0.821875 0.5390625000000002 0.85 0.5390625000000002
0 0.2750000000000001 0.565625 0.1359375000000001 0.565625 0.1359375000000001 0.5921875 0.2750000000000001 0.5921875
0 0.3281250000000001 0.56875 0.2953125000000001 0.56875 0.2953125000000001 0.5921875 0.3281250000000001 0.5921875
0 0.5359375 0.56875 0.3546875000000001 0.56875 0.3546875000000001 0.5953125 0.5359375 0.5953125
0 0.5484375 0.5890625 0.54375 0.5890625 0.54375 0.5984375 0.5484375 0.5984375
0 0.7 0.5625 0.55625 0.5625 0.55625 0.5953125 0.7 0.5953125
0 0.7515625 0.5718750000000001 0.721875 0.571875 0.721875 0.5843750000000001 0.7515625 0.5843750000000002
0 0.8703125 0.5640625000000001 0.78125 0.5640625000000001 0.78125 0.5875000000000001 0.8703125 0.5875000000000001
0 0.25468750000000007 0.621875 0.14062500000000008 0.621875 0.14062500000000008 0.646875 0.25468750000000007 0.646875
0 0.2687500000000001 0.64375 0.2656250000000001 0.64375 0.2656250000000001 0.65 0.2687500000000001 0.65
0 0.3375000000000001 0.621875 0.2828125000000001 0.621875 0.2828125000000001 0.6375 0.3375000000000001 0.6375
0 0.428125 0.625 0.3609375000000001 0.625 0.3609375000000001 0.6390625 0.428125 0.6390625
0 0.5375 0.61875 0.446875 0.61875 0.446875 0.6390625 0.5375 0.6390625
0 0.6921875 0.615625 0.56875 0.615625 0.56875 0.6390625 0.6921875 0.6390625
0 0.828125 0.6156250000000001 0.7234375 0.615625 0.7234375 0.6468750000000001 0.828125 0.6468750000000002
0 0.19687500000000008 0.6703125 0.14218750000000008 0.6703125 0.14218750000000008 0.690625 0.19687500000000008 0.690625
0 0.3421875000000001 0.6703125 0.2296875000000001 0.6703125 0.2296875000000001 0.690625 0.3421875000000001 0.690625
0 0.4390625 0.66875 0.36406250000000007 0.66875 0.36406250000000007 0.6875 0.4390625 0.6875
0 0.546875 0.6703125 0.478125 0.6703125 0.478125 0.7 0.546875 0.7
0 0.609375 0.6671875 0.575 0.6671875 0.575 0.6921875 0.609375 0.6921875
0 0.7453125 0.6656250000000001 0.6390625 0.665625 0.6390625 0.6984375 0.7453125 0.6984375000000002
0 0.8375 0.6656250000000001 0.75625 0.6656250000000001 0.75625 0.6859375000000002 0.8375 0.6859375000000002
0 0.20468750000000008 0.7171875 0.14062500000000008 0.7171875 0.14062500000000008 0.740625 0.20468750000000008 0.740625
0 0.2671875000000001 0.7203125 0.2171875000000001 0.7203125 0.2171875000000001 0.74375 0.2671875000000001 0.74375
0 0.4125000000000001 0.71875 0.2906250000000001 0.71875 0.2906250000000001 0.746875 0.4125000000000002 0.746875
0 0.4718750000000001 0.715625 0.4421875 0.715625 0.44218750000000007 0.7453125 0.47187500000000016 0.7453125
0 0.5406250000000001 0.7203125 0.490625 0.7203125 0.4906250000000001 0.7390625 0.5406250000000001 0.7390625
0 0.64375 0.71875 0.5640625 0.71875 0.5640625000000001 0.7390625 0.6437500000000002 0.7390625
0 0.7890625000000001 0.7171875000000001 0.659375 0.7171875 0.659375 0.7453125 0.7890625000000002 0.7453125000000002
0 0.8734375 0.7171875000000002 0.7984375 0.7171875000000002 0.7984375000000001 0.7359375000000001 0.8734375 0.7359375000000001
0 0.8890625 0.7406250000000002 0.884375 0.7406250000000002 0.884375 0.7453125000000002 0.8890625 0.7453125000000002