0 0.2125 0.2234375 0.13593750000000004 0.2234375 0.13593750000000004 0.253125 0.2125 0.253125
0 0.2984375 0.2328125 0.246875 0.2328125 0.246875 0.2546875 0.2984375 0.2546875
0 0.3765625 0.23281250000000003 0.3453125 0.2328125 0.3453125 0.25312500000000004 0.3765625 0.2531250000000001
0 0.5828125 0.22656250000000008 0.41875 0.22656250000000008 0.41875 0.2531250000000001 0.5828125 0.2531250000000001
0 0.646875 0.2296875000000001 0.61875 0.2296875000000001 0.61875 0.25468750000000007 0.646875 0.25468750000000007
0 0.80625 0.2250000000000001 0.6734375 0.2250000000000001 0.6734375 0.26250000000000007 0.80625 0.26250000000000007
0 0.2046875 0.2734375 0.13906250000000003 0.2734375 0.13906250000000003 0.3015625 0.2046875 0.3015625
0 0.221875 0.296875 0.21875 0.296875 0.21875 0.2984375 0.221875 0.2984375
0 0.30625 0.278125 0.25 0.278125 0.25 0.3 0.30625 0.3
0 0.45 0.27343750000000006 0.3515625 0.2734375 0.3515625 0.30000000000000004 0.45 0.3000000000000001
0 0.5921875 0.27812500000000007 0.4640625 0.27812500000000007 0.4640625 0.3031250000000001 0.5921875 0.3031250000000001
0 0.690625 0.2765625000000001 0.6125 0.2765625000000001 0.6125 0.31718750000000007 0.690625 0.31718750000000007
0 0.825 0.2765625000000001 0.7171875 0.2765625000000001 0.7171875 0.30156250000000007 0.825 0.30156250000000007
0 0.2359375 0.3296875 0.14218750000000005 0.3296875 0.14218750000000005 0.353125 0.2359375 0.353125
0 0.3046875 0.3296875 0.2671875 0.3296875 0.2671875 0.3515625 0.3046875 0.3515625
0 0.384375 0.32812500000000006 0.3484375 0.328125 0.34843750000000007 0.36562500000000003 0.3843750000000001 0.3656250000000001
0 0.475 0.3359375000000001 0.4109375 0.3359375000000001 0.4109375 0.3531250000000001 0.475 0.3531250000000001
0 0.5671875 0.33281250000000007 0.50625 0.33281250000000007 0.50625 0.3531250000000001 0.5671875 0.3531250000000001
0 0.646875 0.3281250000000001 0.56875 0.3281250000000001 0.56875 0.3546875000000001 0.646875 0.3546875000000001
0 0.7265625 0.3281250000000001 0.6703125 0.3281250000000001 0.6703125 0.3531250000000001 0.7265625 0.3531250000000001
0 0.784375 0.3296875000000001 0.753125 0.3296875000000001 0.753125 0.3531250000000001 0.784375 0.3531250000000001
0 0.8484375 0.3296875000000001 0.8046875 0.3296875000000001 0.8046875 0.3531250000000001 0.8484375 0.3531250000000001
0 0.2562500000000001 0.3765625 0.14062500000000006 0.3765625 0.14062500000000006 0.40625 0.2562500000000001 0.40625
0 0.2812500000000001 0.3953125 0.27812500000000007 0.3953125 0.27812500000000007 0.40625 0.2812500000000001 0.40625
0 0.3656250000000001 0.3765625 0.2984375000000001 0.3765625 0.2984375000000001 0.4046875 0.3656250000000001 0.4046875
0 0.4296875 0.37968750000000007 0.3937500000000001 0.37968750000000007 0.3937500000000001 0.403125 0.4296875 0.403125
0 0.653125 0.3750000000000001 0.45625 0.3750000000000001 0.45625 0.4046875 0.653125 0.4046875
0 0.6671875 0.3968750000000001 0.6625 0.3968750000000001 0.6625 0.40625 0.6671875 0.40625
0 0.76875 0.3765625000000001 0.6953125 0.3765625000000001 0.6953125 0.4171875000000001 0.76875 0.41718750000000016
0 0.8875 0.3734375000000001 0.8 0.3734375000000001 0.8 0.40156250000000016 0.8875 0.40156250000000016
0 0.2234375000000001 0.425 0.13593750000000004 0.425 0.13593750000000004 0.453125 0.2234375000000001 0.453125
0 0.3218750000000001 0.4296875 0.2640625000000001 0.4296875 0.2640625000000001 0.4546875 0.3218750000000001 0.4546875
0 0.4921875 0.4265625 0.3625000000000001 0.4265625 0.3625000000000001 0.4546875 0.4921875 0.4546875
0 0.5640625 0.428125 0.5421875 0.428125 0.5421875 0.4515625 0.5640625 0.4515625
0 0.653125 0.4265625 0.5828125 0.4265625 0.5828125 0.453125 0.653125 0.453125
0 0.7921875 0.42656250000000007 0.6828125 0.4265625 0.6828125 0.4546875000000001 0.7921875 0.4546875000000002
0 0.88125 0.42500000000000016 0.815625 0.42500000000000016 0.815625 0.4515625000000002 0.88125 0.4515625000000002
0 0.2015625000000001 0.475 0.13593750000000004 0.475 0.13593750000000004 0.503125 0.2015625000000001 0.503125
0 0.4046875 0.4765625 0.2375000000000001 0.4765625 0.2375000000000001 0.5046875 0.4046875 0.5046875
0 0.5328125 0.478125 0.453125 0.478125 0.453125 0.50625 0.5328125 0.50625
0 0.5984375 0.4859375 0.559375 0.4859375 0.559375 0.5140625 0.5984375 0.5140625
0 0.7390625 0.4750000000000001 0.625 0.475 0.625 0.5109375 0.7390625 0.5109375000000002
0 0.7890625 0.47656250000000017 0.7625 0.47656250000000017 0.7625 0.5031250000000002 0.7890625 0.5031250000000002
0 0.859375 0.47656250000000017 0.8046875 0.47656250000000017 0.8046875 0.5031250000000002 0.859375 0.5031250000000002
0 0.2609375000000001 0.525 0.14062500000000006 0.525 0.14062500000000006 0.55625 0.2609375000000001 0.55625
0 0.27031250000000007 0.55 0.2687500000000001 0.55 0.2687500000000001 0.5515625 0.27031250000000007 0.5515625
0 0.3265625000000001 0.525 0.30156250000000007 0.525 0.30156250000000007 0.553125 0.3265625000000001 0.553125
0 0.4 0.525 0.35625000000000007 0.525 0.35625000000000007 0.553125 0.4 0.553125
0 0.5734375 0.5234375 0.4453125 0.5234375 0.4453125 0.55625 0.5734375 0.55625
0 0.7046875 0.5296875 0.60625 0.5296875 0.60625 0.5578125 0.7046875 0.5578125
0 0.7890625 0.5312500000000001 0.725 0.53125 0.725 0.5562500000000001 0.7890625 0.5562500000000001
0 0.9140625 0.5234375000000002 0.8140625 0.5234375000000002 0.8140625 0.5546875000000002 0.9140625 0.5546875000000002
0 0.2609375000000001 0.5765625 0.1437500000000001 0.5765625 0.1437500000000001 0.6046875 0.2609375000000001 0.6046875
0 0.4046875 0.5765625 0.3031250000000001 0.5765625 0.3031250000000001 0.6203125 0.4046875 0.6203125
0 0.471875 0.5859375 0.440625 0.5859375 0.440625 0.60625 0.471875 0.60625
0 0.6078125 0.578125 0.5078125 0.578125 0.5078125 0.6046875 0.6078125 0.6046875
0 0.671875 0.578125 0.6421875 0.578125 0.6421875 0.6046875 0.671875 0.6046875
0 0.68125 0.6015625 0.678125 0.6015625 0.678125 0.60625 0.68125 0.60625
0 0.7578125 0.5781250000000001 0.6984375 0.578125 0.6984375 0.6046875 0.7578125 0.6046875000000002
0 0.7671875 0.5984375000000002 0.7640625 0.5984375000000002 0.7640625 0.6109375000000001 0.7671875 0.6109375000000001
0 0.88125 0.5796875000000001 0.7875 0.5796875000000001 0.7875 0.6171875000000002 0.88125 0.6171875000000002
0 0.20468750000000008 0.6234375 0.14843750000000008 0.6234375 0.14843750000000008 0.65625 0.20468750000000008 0.65625
0 0.3281250000000001 0.628125 0.2562500000000001 0.628125 0.2562500000000001 0.6546875 0.3281250000000001 0.6546875
0 0.3390625000000001 0.646875 0.3359375000000001 0.646875 0.3359375000000001 0.6625 0.3390625000000001 0.6625
0 0.39531250000000007 0.621875 0.38750000000000007 0.621875 0.38750000000000007 0.6296875 0.39531250000000007 0.6296875
0 0.440625 0.625 0.4 0.625 0.4 0.6546875 0.440625 0.6546875
0 0.559375 0.6265625 0.45625 0.6265625 0.45625 0.65625 0.559375 0.65625
0 0.6875 0.6296875 0.603125 0.6296875 0.603125 0.659375 0.6875 0.659375
0 0.7515625 0.6390625000000001 0.715625 0.6390625 0.715625 0.6734375000000001 0.7515625 0.6734375000000001
0 0.7953125 0.6312500000000002 0.7640625 0.6312500000000002 0.7640625 0.6562500000000002 0.7953125 0.6562500000000002
0 0.8515625 0.6296875000000002 0.80625 0.6296875000000002 0.80625 0.6546875000000002 0.8515625 0.6546875000000002
0 0.909375 0.6265625000000001 0.8609375 0.6265625000000001 0.8609375 0.6640625000000002 0.909375 0.6640625000000002
0 0.9171875 0.6500000000000001 0.9140625 0.6500000000000001 0.9140625 0.6531250000000002 0.9171875 0.6531250000000002
0 0.2015625000000001 0.6765625 0.1453125000000001 0.6765625 0.1453125000000001 0.70625 0.2015625000000001 0.70625
0 0.2578125000000001 0.684375 0.2250000000000001 0.684375 0.2250000000000001 0.7046875 0.2578125000000001 0.7046875
0 0.3296875000000001 0.6765625 0.2875000000000001 0.6765625 0.2875000000000001 0.7046875 0.3296875000000001 0.7046875
0 0.45625 0.675 0.36406250000000007 0.675 0.36406250000000007 0.7046875 0.45625 0.7046875
0 0.5703125 0.6734375 0.490625 0.6734375 0.490625 0.7171875 0.5703125 0.7171875
0 0.65625 0.6765625 0.603125 0.6765625 0.603125 0.7078125 0.65625 0.7078125
0 0.7734375 0.675 0.68125 0.675 0.68125 0.7234375000000001 0.7734375 0.7234375000000002
0 0.846875 0.6781250000000002 0.796875 0.6781250000000002 0.796875 0.7093750000000002 0.846875 0.7093750000000002
0 0.2562500000000001 0.7234375 0.15625000000000008 0.7234375 0.15625000000000008 0.7578125 0.2562500000000001 0.7578125
0 0.2843750000000001 0.74375 0.2812500000000001 0.74375 0.2812500000000001 0.75625 0.2843750000000001 0.75625
0 0.36406250000000007 0.7265625 0.3000000000000001 0.7265625 0.3000000000000001 0.7703125 0.36406250000000007 0.7703125
0 0.44062500000000016 0.73125 0.3906250000000001 0.73125 0.3906250000000001 0.7546875 0.44062500000000016 0.7546875
0 0.5390625000000001 0.7234375 0.4703125 0.7234375 0.4703125000000001 0.7765625 0.5390625000000002 0.7765625
0 0.6015625000000002 0.728125 0.5687500000000002 0.728125 0.5687500000000002 0.7546875 0.6015625000000002 0.7546875
0 0.6890625000000001 0.7234375 0.6234375 0.7234375 0.6234375000000001 0.775 0.6890625000000001 0.775
0 0.7515625000000001 0.7250000000000001 0.709375 0.725 0.7093750000000001 0.7562500000000001 0.7515625000000001 0.7562500000000002
0 0.8890625 0.7203125000000001 0.784375 0.7203125000000001 0.784375 0.7562500000000002 0.8890625 0.7562500000000002