0 0.17031250000000003 0.2203125 0.14218750000000005 0.2203125 0.14218750000000005 0.240625 0.17031250000000003 0.240625
0 0.2578125 0.215625 0.18906250000000005 0.215625 0.18906250000000005 0.253125 0.2578125 0.253125
0 0.38125 0.22031250000000005 0.28125 0.2203125 0.28125 0.24531250000000004 0.38125 0.2453125000000001
0 0.4890625 0.2218750000000001 0.403125 0.2218750000000001 0.403125 0.2453125000000001 0.4890625 0.2453125000000001
0 0.54375 0.2218750000000001 0.503125 0.2218750000000001 0.503125 0.2453125000000001 0.54375 0.2453125000000001
0 0.6234375 0.21875000000000008 0.55 0.21875000000000008 0.55 0.2468750000000001 0.6234375 0.2468750000000001
0 0.7046875 0.2250000000000001 0.6421875 0.2250000000000001 0.6421875 0.2484375000000001 0.7046875 0.2484375000000001
0 0.7578125 0.2250000000000001 0.725 0.2250000000000001 0.725 0.2500000000000001 0.7578125 0.2500000000000001
0 0.884375 0.2234375000000001 0.775 0.2234375000000001 0.775 0.2656250000000001 0.884375 0.2656250000000001
0 0.2046875 0.2734375 0.12656250000000005 0.2734375 0.12656250000000005 0.2921875 0.2046875 0.2921875
0 0.290625 0.271875 0.2296875 0.271875 0.2296875 0.29375 0.290625 0.29375
0 0.296875 0.29375 0.2921875 0.29375 0.2921875 0.3015625 0.296875 0.3015625
0 0.340625 0.275 0.30625 0.275 0.30625 0.2953125 0.340625 0.2953125
0 0.546875 0.2671875 0.3546875 0.2671875 0.3546875 0.31093750000000003 0.546875 0.3109375000000001
0 0.5984375 0.2828125000000001 0.5609375 0.2828125000000001 0.5609375 0.2984375000000001 0.5984375 0.2984375000000001
0 0.69375 0.2750000000000001 0.6109375 0.2750000000000001 0.6109375 0.30937500000000007 0.69375 0.30937500000000007
0 0.784375 0.2718750000000001 0.715625 0.2718750000000001 0.715625 0.30937500000000007 0.784375 0.30937500000000007
0 0.9046875 0.27812500000000007 0.7984375 0.27812500000000007 0.7984375 0.3234375000000001 0.9046875 0.3234375000000001
0 0.17812500000000003 0.31875 0.14375000000000004 0.31875 0.14375000000000004 0.340625 0.17812500000000003 0.340625
0 0.2375 0.31875 0.19375000000000003 0.31875 0.19375000000000003 0.3453125 0.2375 0.3453125
0 0.3390625 0.3171875 0.2484375 0.3171875 0.2484375 0.3453125 0.3390625 0.3453125
0 0.3453125 0.3421875 0.3359375 0.3421875 0.3359375 0.353125 0.3453125 0.353125
0 0.4046875 0.32812500000000006 0.353125 0.328125 0.353125 0.34687500000000004 0.4046875 0.3468750000000001
0 0.4828125 0.33281250000000007 0.415625 0.33281250000000007 0.415625 0.36406250000000007 0.4828125 0.36406250000000007
0 0.534375 0.3234375000000001 0.49375 0.3234375000000001 0.49375 0.35625000000000007 0.534375 0.35625000000000007
0 0.61875 0.32500000000000007 0.5390625 0.32500000000000007 0.5390625 0.3531250000000001 0.61875 0.3531250000000001
0 0.8234375 0.3218750000000001 0.625 0.3218750000000001 0.625 0.3671875000000001 0.8234375 0.3671875000000001
0 0.884375 0.3265625000000001 0.8296875 0.3265625000000001 0.8296875 0.35625000000000007 0.884375 0.35625000000000007
0 0.17812500000000003 0.3734375 0.14687500000000003 0.3734375 0.14687500000000003 0.390625 0.17812500000000003 0.390625
0 0.2468750000000001 0.365625 0.19218750000000004 0.365625 0.19218750000000004 0.39375 0.2468750000000001 0.39375
0 0.35625000000000007 0.365625 0.26250000000000007 0.365625 0.26250000000000007 0.396875 0.35625000000000007 0.396875
0 0.45625 0.37187500000000007 0.3734375000000001 0.37187500000000007 0.3734375000000001 0.3984375000000001 0.45625 0.3984375000000001
0 0.4625 0.3984375000000001 0.4578125 0.3984375000000001 0.4578125 0.40625 0.4625 0.40625
0 0.5171875 0.3765625000000001 0.4703125 0.3765625000000001 0.4703125 0.40625 0.5171875 0.40625
0 0.6078125 0.3734375000000001 0.525 0.3734375000000001 0.525 0.4 0.6078125 0.4
0 0.675 0.37187500000000007 0.6203125 0.37187500000000007 0.6203125 0.403125 0.675 0.403125
0 0.7609375 0.37968750000000007 0.6984375 0.37968750000000007 0.6984375 0.4046875000000001 0.7609375 0.4046875000000002
0 0.803125 0.3921875000000001 0.771875 0.3921875000000001 0.771875 0.40625000000000017 0.803125 0.40625000000000017
0 0.9109375 0.3765625000000001 0.8171875 0.3765625000000001 0.8171875 0.40625000000000017 0.9109375 0.40625000000000017
0 0.19843750000000004 0.41875 0.13750000000000004 0.41875 0.13750000000000004 0.4578125 0.19843750000000004 0.4578125
0 0.3578125000000001 0.4203125 0.22812500000000008 0.4203125 0.22812500000000008 0.4625 0.3578125000000001 0.4625
0 0.4171875 0.425 0.3765625000000001 0.425 0.3765625000000001 0.446875 0.4171875 0.446875
0 0.4796875 0.4203125 0.4328125 0.4203125 0.4328125 0.45 0.4796875 0.45
0 0.5890625 0.428125 0.4984375 0.428125 0.4984375 0.446875 0.5890625 0.446875
0 0.646875 0.4234375 0.609375 0.4234375 0.609375 0.45 0.646875 0.45
0 0.7359375 0.4250000000000001 0.6640625 0.425 0.6640625 0.4531250000000001 0.7359375 0.45312500000000017
0 0.7375 0.4500000000000002 0.7296875 0.4500000000000002 0.7296875 0.4593750000000002 0.7375 0.4593750000000002
0 0.7828125 0.4265625000000002 0.7453125 0.4265625000000002 0.7453125 0.4546875000000002 0.7828125 0.4546875000000002
0 0.878125 0.42500000000000016 0.79375 0.42500000000000016 0.79375 0.46875000000000017 0.878125 0.46875000000000017
0 0.19062500000000004 0.46875 0.14687500000000003 0.46875 0.14687500000000003 0.4953125 0.19062500000000004 0.4953125
0 0.3156250000000001 0.465625 0.20312500000000008 0.465625 0.20312500000000008 0.4953125 0.3156250000000001 0.4953125
0 0.32500000000000007 0.4921875 0.3187500000000001 0.4921875 0.3187500000000001 0.4953125 0.32500000000000007 0.4953125
0 0.3859375000000001 0.4671875 0.3359375000000001 0.4671875 0.3359375000000001 0.4953125 0.3859375000000001 0.4953125
0 0.478125 0.46875 0.4015625 0.46875 0.4015625 0.496875 0.478125 0.496875
0 0.546875 0.475 0.484375 0.475 0.484375 0.5015625 0.546875 0.5015625
0 0.6359375 0.471875 0.5484375 0.471875 0.5484375 0.5015625 0.6359375 0.5015625
0 0.7734375 0.4750000000000001 0.653125 0.475 0.653125 0.5109375 0.7734375 0.5109375000000002
0 0.8671875 0.4937500000000002 0.7875 0.4937500000000002 0.7875 0.5109375000000002 0.8671875 0.5109375000000002
0 0.20468750000000008 0.5265625 0.17031250000000003 0.5265625 0.17031250000000003 0.5421875 0.20468750000000008 0.5421875
0 0.2718750000000001 0.515625 0.21875000000000008 0.515625 0.21875000000000008 0.540625 0.2718750000000001 0.540625
0 0.3703125000000001 0.5140625 0.2890625000000001 0.5140625 0.2890625000000001 0.5453125 0.3703125000000001 0.5453125
0 0.3734375000000001 0.5421875 0.3687500000000001 0.5421875 0.3687500000000001 0.5515625 0.3734375000000001 0.5515625
0 0.4546875 0.5171875 0.3843750000000001 0.5171875 0.3843750000000001 0.55 0.4546875 0.55
0 0.4859375 0.5375 0.4671875 0.5375 0.4671875 0.5484375 0.4859375 0.5484375
0 0.6484375 0.5234375 0.5046875 0.5234375 0.5046875 0.565625 0.6484375 0.565625
0 0.8 0.5281250000000001 0.6796875 0.528125 0.6796875 0.5718750000000001 0.8 0.5718750000000001
0 0.30937500000000007 0.5671875 0.2000000000000001 0.5671875 0.2000000000000001 0.5953125 0.30937500000000007 0.5953125
0 0.3843750000000001 0.58125 0.3296875000000001 0.58125 0.3296875000000001 0.6 0.3843750000000001 0.6
0 0.4671875 0.5703125 0.3968750000000001 0.5703125 0.3968750000000001 0.6 0.4671875 0.6
0 0.4765625 0.5953125 0.4703125 0.5953125 0.4703125 0.6 0.4765625 0.6