0 0.17343750000000005 0.196875 0.12968750000000004 0.196875 0.12968750000000004 0.234375 0.17343750000000005 0.234375
0 0.2296875 0.2 0.17968750000000006 0.2 0.17968750000000006 0.2265625 0.2296875 0.2265625
0 0.2390625 0.20625 0.21875 0.20625 0.21875 0.2265625 0.2390625 0.2265625
0 0.3421875 0.19531250000000006 0.2515625 0.19531250000000006 0.2515625 0.23125 0.3421875 0.23125
0 0.3796875 0.20625000000000004 0.35625 0.20625 0.35625 0.22656250000000006 0.3796875 0.22656250000000008
0 0.39375 0.20468750000000008 0.3734375 0.20468750000000008 0.3734375 0.2250000000000001 0.39375 0.2250000000000001
0 0.5375 0.19687500000000005 0.403125 0.19687500000000005 0.403125 0.23437500000000008 0.5375 0.23437500000000008
0 0.590625 0.2015625000000001 0.5484375 0.2015625000000001 0.5484375 0.2250000000000001 0.590625 0.2250000000000001
0 0.64375 0.1984375000000001 0.5921875 0.1984375000000001 0.5921875 0.2250000000000001 0.64375 0.2250000000000001
0 0.8046875 0.1984375000000001 0.659375 0.1984375000000001 0.659375 0.23437500000000008 0.8046875 0.23437500000000008
0 0.2859375 0.246875 0.12500000000000006 0.246875 0.12500000000000006 0.278125 0.2859375 0.278125
0 0.3546875 0.2515625 0.3046875 0.2515625 0.3046875 0.2765625 0.3546875 0.2765625
0 0.4546875 0.24531250000000004 0.3625 0.2453125 0.3625 0.27656250000000004 0.4546875 0.2765625000000001
0 0.503125 0.2484375000000001 0.4625 0.2484375000000001 0.4625 0.2875000000000001 0.503125 0.2875000000000001
0 0.5796875 0.2453125000000001 0.503125 0.2453125000000001 0.503125 0.2765625000000001 0.5796875 0.2765625000000001
0 0.6484375 0.2562500000000001 0.5671875 0.2562500000000001 0.5671875 0.2984375000000001 0.6484375 0.2984375000000001
0 0.65 0.2687500000000001 0.6359375 0.2687500000000001 0.6359375 0.2828125000000001 0.65 0.2828125000000001
0 0.81875 0.2484375000000001 0.6546875 0.2484375000000001 0.6546875 0.27812500000000007 0.81875 0.27812500000000007
0 0.19062500000000004 0.303125 0.12812500000000004 0.303125 0.12812500000000004 0.3265625 0.19062500000000004 0.3265625
0 0.26875 0.3046875 0.19687500000000005 0.3046875 0.19687500000000005 0.325 0.26875 0.325
0 0.340625 0.3 0.2796875 0.3 0.2796875 0.3265625 0.340625 0.3265625
0 0.3703125 0.30781250000000004 0.340625 0.3078125 0.340625 0.32500000000000007 0.3703125 0.32500000000000007
0 0.5125 0.2968750000000001 0.36875 0.2968750000000001 0.36875 0.3437500000000001 0.5125 0.3437500000000001
0 0.515625 0.3156250000000001 0.5046875 0.3156250000000001 0.5046875 0.3265625000000001 0.515625 0.3265625000000001
0 0.7078125 0.2984375000000001 0.5296875 0.2984375000000001 0.5296875 0.33281250000000007 0.7078125 0.33281250000000007
0 0.78125 0.2968750000000001 0.7046875 0.2968750000000001 0.7046875 0.32500000000000007 0.78125 0.32500000000000007
0 0.86875 0.2984375000000001 0.7765625 0.2984375000000001 0.7765625 0.32500000000000007 0.86875 0.32500000000000007
0 0.865625 0.3187500000000001 0.8515625 0.3187500000000001 0.8515625 0.3296875000000001 0.865625 0.3296875000000001
0 0.21406250000000004 0.35 0.12968750000000004 0.35 0.12968750000000004 0.378125 0.2140625000000001 0.378125
0 0.29531250000000003 0.3484375 0.228125 0.3484375 0.22812500000000005 0.3984375 0.2953125000000001 0.3984375
0 0.3609375 0.35 0.315625 0.35 0.31562500000000004 0.375 0.3609375000000001 0.375
0 0.4234375 0.35781250000000003 0.3578125 0.3578125 0.35781250000000003 0.38750000000000007 0.4234375 0.38750000000000007
0 0.503125 0.3468750000000001 0.43125 0.3468750000000001 0.43125 0.3750000000000001 0.503125 0.3750000000000001
0 0.5546875 0.34843750000000007 0.50625 0.34843750000000007 0.50625 0.3828125000000001 0.5546875 0.3828125000000001
0 0.6296875 0.34843750000000007 0.55 0.34843750000000007 0.55 0.3765625000000001 0.6296875 0.3765625000000001
0 0.7421875 0.3468750000000001 0.6421875 0.3468750000000001 0.6421875 0.3765625000000001 0.7421875 0.3765625000000001
0 0.80625 0.3500000000000001 0.7640625 0.3500000000000001 0.7640625 0.3750000000000001 0.80625 0.3750000000000001
0 0.8984375 0.3531250000000001 0.79375 0.3531250000000001 0.79375 0.3968750000000001 0.8984375 0.3968750000000001
0 0.2890625000000001 0.4 0.13437500000000005 0.4 0.13437500000000005 0.45 0.2890625000000001 0.45
0 0.3906250000000001 0.4015625 0.30156250000000007 0.4015625 0.30156250000000007 0.440625 0.3906250000000001 0.440625
0 0.45 0.4015625 0.4 0.4015625 0.4 0.425 0.45 0.425
0 0.5453125 0.3984375000000001 0.4625 0.3984375000000001 0.4625 0.428125 0.5453125 0.428125
0 0.6328125 0.3984375000000001 0.5578125 0.3984375000000001 0.5578125 0.4265625 0.6328125 0.4265625
0 0.6875 0.4015625 0.6359375 0.4015625 0.6359375 0.4265625 0.6875 0.4265625
0 0.7796875 0.4000000000000001 0.703125 0.4 0.703125 0.42656250000000007 0.7796875 0.4265625000000002
0 0.8390625 0.3984375000000001 0.7890625 0.3984375000000001 0.7890625 0.4281250000000002 0.8390625 0.4281250000000002
0 0.8921875 0.4078125000000002 0.821875 0.4078125000000002 0.821875 0.43750000000000017 0.8921875 0.43750000000000017
0 0.20312500000000008 0.4484375 0.13437500000000005 0.4484375 0.13437500000000005 0.4765625 0.20312500000000008 0.4765625
0 0.3062500000000001 0.4484375 0.2156250000000001 0.4484375 0.2156250000000001 0.478125 0.3062500000000001 0.478125
0 0.4875 0.453125 0.33281250000000007 0.453125 0.33281250000000007 0.4875 0.4875 0.4875
0 0.5546875 0.4546875 0.49375 0.4546875 0.49375 0.4890625 0.5546875 0.4890625
0 0.64375 0.453125 0.5640625 0.453125 0.5640625 0.478125 0.64375 0.478125
0 0.75 0.4515625000000001 0.646875 0.4515625 0.646875 0.4875000000000001 0.75 0.48750000000000016
0 0.8296875 0.4593750000000002 0.7578125 0.4593750000000002 0.7578125 0.47656250000000017 0.8296875 0.47656250000000017
0 0.8484375 0.46093750000000017 0.8265625 0.46093750000000017 0.8265625 0.48437500000000017 0.8484375 0.48437500000000017
0 0.18593750000000003 0.503125 0.13125000000000003 0.503125 0.13125000000000003 0.5296875 0.18593750000000003 0.5296875
0 0.3750000000000001 0.5 0.2062500000000001 0.5 0.2062500000000001 0.528125 0.3750000000000001 0.528125
0 0.46875 0.5 0.3921875000000001 0.5 0.3921875000000001 0.5265625 0.46875 0.5265625
0 0.59375 0.5 0.48125 0.5 0.48125 0.528125 0.59375 0.528125
0 0.65 0.503125 0.6 0.503125 0.6 0.528125 0.65 0.528125
0 0.7890625 0.5000000000000001 0.6453125 0.5 0.6453125 0.5515625000000001 0.7890625 0.5515625000000002
0 0.8578125 0.5015625000000001 0.8046875 0.5015625000000001 0.8046875 0.5343750000000002 0.8578125 0.5343750000000002
0 0.8765625 0.5109375000000002 0.846875 0.5109375000000002 0.846875 0.5281250000000002 0.8765625 0.5281250000000002
0 0.2171875000000001 0.5546875 0.13437500000000008 0.5546875 0.13437500000000008 0.6 0.2171875000000001 0.6
0 0.3109375000000001 0.559375 0.2312500000000001 0.559375 0.2312500000000001 0.596875 0.3109375000000001 0.596875
0 0.3968750000000001 0.5515625 0.3281250000000001 0.5515625 0.3281250000000001 0.5796875 0.3968750000000001 0.5796875
0 0.5375 0.5515625 0.4078125 0.5515625 0.4078125 0.5796875 0.5375 0.5796875
0 0.596875 0.5546875 0.5484375 0.5546875 0.5484375 0.58125 0.596875 0.58125
0 0.7125 0.5515625 0.6203125 0.5515625 0.6203125 0.5765625 0.7125 0.5765625
0 0.7734375 0.5531250000000001 0.725 0.553125 0.725 0.5859375000000001 0.7734375 0.5859375000000002
0 0.828125 0.5546875000000002 0.775 0.5546875000000002 0.775 0.5781250000000002 0.828125 0.5781250000000002
0 0.21875000000000008 0.6078125 0.1296875000000001 0.6078125 0.1296875000000001 0.6296875 0.21875000000000008 0.6296875
0 0.2515625000000001 0.6078125 0.21250000000000008 0.6078125 0.21250000000000008 0.628125 0.2515625000000001 0.628125
0 0.3375000000000001 0.6078125 0.26250000000000007 0.6078125 0.26250000000000007 0.6296875 0.3375000000000001 0.6296875
0 0.3578125000000001 0.6 0.3281250000000001 0.6 0.3281250000000001 0.6421875 0.3578125000000001 0.6421875