0 0.20625 0.20625 0.14843750000000006 0.20625 0.14843750000000006 0.228125 0.20625 0.228125
0 0.2796875 0.2078125 0.2265625 0.2078125 0.2265625 0.221875 0.2796875 0.221875
0 0.3328125 0.2140625 0.3 0.2140625 0.3 0.2203125 0.3328125 0.2203125
0 0.446875 0.20156250000000003 0.35 0.2015625 0.35 0.22656250000000006 0.446875 0.22656250000000008
0 0.4796875 0.2062500000000001 0.4546875 0.2062500000000001 0.4546875 0.22031250000000008 0.4796875 0.22031250000000008
0 0.5421875 0.21093750000000008 0.4953125 0.21093750000000008 0.4953125 0.2296875000000001 0.5421875 0.2296875000000001
0 0.56875 0.21250000000000008 0.553125 0.21250000000000008 0.553125 0.21875000000000008 0.56875 0.21875000000000008
0 0.6203125 0.2078125000000001 0.5796875 0.2078125000000001 0.5796875 0.22031250000000008 0.6203125 0.22031250000000008
0 0.64375 0.2062500000000001 0.628125 0.2062500000000001 0.628125 0.21875000000000008 0.64375 0.21875000000000008
0 0.7359375 0.2062500000000001 0.6578125 0.2062500000000001 0.6578125 0.22812500000000008 0.7359375 0.22812500000000008
0 0.8125 0.20312500000000008 0.7484375 0.20312500000000008 0.7484375 0.2250000000000001 0.8125 0.2250000000000001
0 0.8921875 0.2078125000000001 0.8234375 0.2078125000000001 0.8234375 0.2218750000000001 0.8921875 0.2218750000000001
0 0.19062500000000004 0.2625 0.14218750000000005 0.2625 0.14218750000000005 0.2703125 0.19062500000000004 0.2703125
0 0.246875 0.2625 0.203125 0.2625 0.203125 0.278125 0.246875 0.278125
0 0.35625 0.2578125 0.2640625 0.2578125 0.2640625 0.271875 0.35625 0.271875
0 0.4125 0.2562500000000001 0.36875 0.2562500000000001 0.36875 0.27031250000000007 0.4125 0.27031250000000007
0 0.46875 0.2562500000000001 0.425 0.2562500000000001 0.425 0.27031250000000007 0.46875 0.27031250000000007
0 0.553125 0.25468750000000007 0.4796875 0.25468750000000007 0.4796875 0.27031250000000007 0.553125 0.27031250000000007
0 0.6828125 0.25468750000000007 0.5671875 0.25468750000000007 0.5671875 0.2796875000000001 0.6828125 0.2796875000000001
0 0.703125 0.2640625000000001 0.690625 0.2640625000000001 0.690625 0.2718750000000001 0.703125 0.2718750000000001
0 0.79375 0.2640625000000001 0.7125 0.2640625000000001 0.7125 0.2718750000000001 0.79375 0.2718750000000001
0 0.80625 0.27031250000000007 0.803125 0.27031250000000007 0.803125 0.2718750000000001 0.80625 0.2718750000000001
0 0.859375 0.2562500000000001 0.8109375 0.2562500000000001 0.8109375 0.27812500000000007 0.859375 0.27812500000000007
0 0.8984375 0.2640625000000001 0.865625 0.2640625000000001 0.865625 0.2765625000000001 0.8984375 0.2765625000000001
0 0.15625000000000006 0.3140625 0.13906250000000003 0.3140625 0.13906250000000003 0.31875 0.15625000000000006 0.31875
0 0.240625 0.30625 0.17812500000000003 0.30625 0.17812500000000003 0.3203125 0.240625 0.3203125
0 0.3234375 0.3109375 0.2640625 0.3109375 0.2640625 0.3296875 0.3234375 0.3296875
0 0.396875 0.3140625 0.3453125 0.3140625 0.3453125 0.321875 0.396875 0.3218750000000001
0 0.46875 0.30937500000000007 0.4125 0.30937500000000007 0.4125 0.3234375000000001 0.46875 0.3234375000000001
0 0.5453125 0.30937500000000007 0.490625 0.30937500000000007 0.490625 0.3296875000000001 0.5453125 0.3296875000000001
0 0.559375 0.3218750000000001 0.5578125 0.3218750000000001 0.5578125 0.3218750000000001 0.559375 0.3218750000000001
0 0.5984375 0.3125000000000001 0.5671875 0.3125000000000001 0.5671875 0.3234375000000001 0.5984375 0.3234375000000001
0 0.659375 0.31718750000000007 0.615625 0.31718750000000007 0.615625 0.3234375000000001 0.659375 0.3234375000000001
0 0.7125 0.3078125000000001 0.66875 0.3078125000000001 0.66875 0.3234375000000001 0.7125 0.3234375000000001
0 0.740625 0.3140625000000001 0.725 0.3140625000000001 0.725 0.3218750000000001 0.740625 0.3218750000000001
0 0.8359375 0.3125000000000001 0.7453125 0.3125000000000001 0.7453125 0.3296875000000001 0.8359375 0.3296875000000001
0 0.8890625 0.3156250000000001 0.8453125 0.3156250000000001 0.8453125 0.3234375000000001 0.8890625 0.3234375000000001
0 0.15312500000000004 0.365625 0.12968750000000004 0.365625 0.12968750000000004 0.375 0.15312500000000004 0.375
0 0.20625000000000004 0.359375 0.17343750000000005 0.359375 0.17343750000000005 0.371875 0.2062500000000001 0.371875
0 0.30625 0.35625 0.221875 0.35625 0.22187500000000004 0.3734375 0.3062500000000001 0.3734375
0 0.3140625000000001 0.371875 0.3109375000000001 0.371875 0.3109375000000001 0.3765625 0.3140625000000001 0.3765625
0 0.36250000000000004 0.3578125 0.321875 0.3578125 0.321875 0.371875 0.3625000000000001 0.371875
0 0.38281250000000006 0.3609375000000001 0.3796875 0.3609375000000001 0.37968750000000007 0.3703125000000001 0.3828125000000001 0.3703125000000001
0 0.4375 0.3656250000000001 0.39531250000000007 0.3656250000000001 0.39531250000000007 0.3734375000000001 0.4375 0.3734375000000001
0 0.5046875 0.3656250000000001 0.4515625 0.3656250000000001 0.4515625 0.3734375000000001 0.5046875 0.3734375000000001
0 0.634375 0.35625000000000007 0.5234375 0.35625000000000007 0.5234375 0.37968750000000007 0.634375 0.37968750000000007
0 0.6796875 0.3625000000000001 0.65625 0.3625000000000001 0.65625 0.3750000000000001 0.6796875 0.3750000000000001
0 0.7703125 0.3593750000000001 0.690625 0.3593750000000001 0.690625 0.3781250000000001 0.7703125 0.3781250000000001
0 0.8140625 0.35625000000000007 0.784375 0.35625000000000007 0.784375 0.3812500000000001 0.8140625 0.3812500000000001
0 0.88125 0.3593750000000001 0.821875 0.3593750000000001 0.821875 0.37968750000000007 0.88125 0.37968750000000007
0 0.2015625000000001 0.4140625 0.14062500000000006 0.4140625 0.14062500000000006 0.4328125 0.2015625000000001 0.4328125
0 0.2312500000000001 0.4171875 0.2171875000000001 0.4171875 0.2171875000000001 0.425 0.2312500000000001 0.425
0 0.3000000000000001 0.415625 0.2453125000000001 0.415625 0.2453125000000001 0.4234375 0.3000000000000001 0.4234375
0 0.3609375000000001 0.4078125 0.3125000000000001 0.4078125 0.3125000000000001 0.4234375 0.3609375000000001 0.4234375
0 0.421875 0.4078125 0.37187500000000007 0.4078125 0.37187500000000007 0.4234375 0.421875 0.4234375
0 0.5203125 0.40625 0.4375 0.40625 0.4375 0.4234375 0.5203125 0.4234375
0 0.684375 0.4078125 0.5375 0.4078125 0.5375 0.4296875 0.684375 0.4296875
0 0.7640625 0.41093750000000007 0.696875 0.4109375 0.696875 0.4250000000000001 0.7640625 0.42500000000000016
0 0.784375 0.4109375000000002 0.7796875 0.4109375000000002 0.7796875 0.4234375000000002 0.784375 0.4234375000000002
0 0.834375 0.40937500000000016 0.7953125 0.40937500000000016 0.7953125 0.4234375000000002 0.834375 0.4234375000000002
0 0.896875 0.4109375000000002 0.84375 0.4109375000000002 0.84375 0.42500000000000016 0.896875 0.42500000000000016
0 0.19375000000000003 0.4578125 0.13437500000000005 0.4578125 0.13437500000000005 0.471875 0.19375000000000003 0.471875
0 0.2218750000000001 0.4609375 0.2015625000000001 0.4609375 0.2015625000000001 0.471875 0.2218750000000001 0.471875
0 0.3734375000000001 0.4578125 0.2406250000000001 0.4578125 0.2406250000000001 0.4796875 0.3734375000000001 0.4796875
0 0.459375 0.4640625 0.39531250000000007 0.4640625 0.39531250000000007 0.475 0.459375 0.475
0 0.5296875 0.4609375 0.478125 0.4609375 0.478125 0.478125 0.5296875 0.478125
0 0.590625 0.4578125 0.5453125 0.4578125 0.5453125 0.475 0.590625 0.475
0 0.6265625 0.4671875 0.6078125 0.4671875 0.6078125 0.475 0.6265625 0.475
0 0.7078125 0.4609375 0.640625 0.4609375 0.640625 0.4765625 0.7078125 0.4765625
0 0.7703125 0.4671875000000001 0.7203125 0.4671875 0.7203125 0.4765625000000001 0.7703125 0.47656250000000017
0 0.80625 0.4671875000000002 0.778125 0.4671875000000002 0.778125 0.47656250000000017 0.80625 0.47656250000000017
0 0.875 0.4578125000000002 0.8203125 0.4578125000000002 0.8203125 0.47656250000000017 0.875 0.47656250000000017
0 0.19218750000000004 0.5078125 0.13593750000000004 0.5078125 0.13593750000000004 0.5234375 0.19218750000000004 0.5234375
0 0.2328125000000001 0.509375 0.19218750000000004 0.509375 0.19218750000000004 0.525 0.2328125000000001 0.525