0 0.21875 0.19531250000000003 0.15000000000000005 0.1953125 0.15000000000000005 0.2234375 0.21875 0.2234375
0 0.3125 0.19531250000000006 0.2390625 0.19531250000000006 0.2390625 0.221875 0.3125 0.221875
0 0.3453125 0.215625 0.334375 0.215625 0.334375 0.21875 0.3453125 0.21875
0 0.4015625 0.19687500000000005 0.359375 0.19687500000000005 0.359375 0.23437500000000006 0.4015625 0.23437500000000008
0 0.4875 0.2062500000000001 0.421875 0.2062500000000001 0.421875 0.2250000000000001 0.4875 0.2250000000000001
0 0.58125 0.2015625000000001 0.509375 0.2015625000000001 0.509375 0.2250000000000001 0.58125 0.2250000000000001
0 0.6703125 0.2093750000000001 0.603125 0.2093750000000001 0.603125 0.2390625000000001 0.6703125 0.2390625000000001
0 0.746875 0.2015625000000001 0.6890625 0.2015625000000001 0.6890625 0.2390625000000001 0.746875 0.2390625000000001
0 0.84375 0.19687500000000008 0.7765625 0.19687500000000008 0.7765625 0.2234375000000001 0.84375 0.2234375000000001
0 0.246875 0.2484375 0.17500000000000004 0.2484375 0.17500000000000004 0.275 0.246875 0.275
0 0.2953125 0.2609375 0.2703125 0.2609375 0.2703125 0.275 0.2953125 0.275
0 0.3421875 0.2578125 0.321875 0.2578125 0.321875 0.271875 0.3421875 0.271875
0 0.465625 0.2468750000000001 0.378125 0.2468750000000001 0.378125 0.2921875000000001 0.465625 0.2921875000000001
0 0.496875 0.2671875000000001 0.484375 0.2671875000000001 0.484375 0.27031250000000007 0.496875 0.27031250000000007
0 0.5859375 0.2484375000000001 0.521875 0.2484375000000001 0.521875 0.2734375000000001 0.5859375 0.2734375000000001
0 0.7265625 0.2500000000000001 0.621875 0.2500000000000001 0.621875 0.2953125000000001 0.7265625 0.2953125000000001
0 0.8140625 0.2531250000000001 0.753125 0.2531250000000001 0.753125 0.2765625000000001 0.8140625 0.2765625000000001
0 0.2734375 0.2984375 0.17187500000000006 0.2984375 0.17187500000000006 0.325 0.2734375 0.325
0 0.3296875 0.3015625 0.2984375 0.3015625 0.2984375 0.3359375 0.3296875 0.3359375
0 0.3984375 0.30156250000000007 0.3484375 0.3015625 0.3484375 0.32343750000000004 0.3984375 0.3234375000000001
0 0.409375 0.3234375000000001 0.4 0.3234375000000001 0.4 0.3343750000000001 0.409375 0.3343750000000001
0 0.4765625 0.3031250000000001 0.425 0.3031250000000001 0.425 0.3234375000000001 0.4765625 0.3234375000000001
0 0.54375 0.30156250000000007 0.5 0.30156250000000007 0.5 0.3234375000000001 0.54375 0.3234375000000001
0 0.6953125 0.2984375000000001 0.5828125 0.2984375000000001 0.5828125 0.3265625000000001 0.6953125 0.3265625000000001
0 0.76875 0.30156250000000007 0.7234375 0.30156250000000007 0.7234375 0.32500000000000007 0.76875 0.32500000000000007
0 0.8734375 0.3109375000000001 0.7953125 0.3109375000000001 0.7953125 0.32500000000000007 0.8734375 0.32500000000000007
0 0.24531250000000004 0.3421875 0.16093750000000004 0.3421875 0.16093750000000004 0.3890625 0.2453125000000001 0.3890625
0 0.27031250000000007 0.3703125 0.2671875000000001 0.3703125 0.2671875000000001 0.3734375 0.27031250000000007 0.3734375
0 0.36718750000000006 0.34843750000000007 0.29375 0.3484375 0.29375000000000007 0.37500000000000006 0.3671875000000001 0.3750000000000001
0 0.45625 0.3515625000000001 0.3859375 0.3515625000000001 0.38593750000000004 0.3781250000000001 0.45625 0.3781250000000001
0 0.5390625 0.3500000000000001 0.48125 0.3500000000000001 0.48125 0.3890625000000001 0.5390625 0.3890625000000001
0 0.5671875 0.3734375000000001 0.559375 0.3734375000000001 0.559375 0.38750000000000007 0.5671875 0.38750000000000007
0 0.6375 0.3625000000000001 0.5859375 0.3625000000000001 0.5859375 0.3765625000000001 0.6375 0.3765625000000001
0 0.8046875 0.3500000000000001 0.6625 0.3500000000000001 0.6625 0.38750000000000007 0.8046875 0.38750000000000007
0 0.878125 0.3656250000000001 0.8234375 0.3656250000000001 0.8234375 0.3781250000000001 0.878125 0.3781250000000001
0 0.89375 0.3750000000000001 0.88125 0.3750000000000001 0.88125 0.3906250000000001 0.89375 0.3906250000000001
0 0.2250000000000001 0.4109375 0.15625000000000006 0.4109375 0.15625000000000006 0.425 0.2250000000000001 0.425
0 0.2765625000000001 0.40625 0.2562500000000001 0.40625 0.2562500000000001 0.425 0.2765625000000001 0.425
0 0.34843750000000007 0.415625 0.30156250000000007 0.415625 0.30156250000000007 0.4265625 0.34843750000000007 0.4265625
0 0.528125 0.4 0.3859375000000001 0.4 0.3859375000000001 0.4265625 0.528125 0.4265625
0 0.6609375 0.4 0.559375 0.4 0.559375 0.4234375 0.6609375 0.4234375
0 0.7484375 0.4000000000000001 0.690625 0.4 0.690625 0.4468750000000001 0.7484375 0.4468750000000002
0 0.8390625 0.4046875000000002 0.7765625 0.4046875000000002 0.7765625 0.42500000000000016 0.8390625 0.42500000000000016
0 0.2640625000000001 0.4484375 0.17500000000000004 0.4484375 0.17500000000000004 0.475 0.2640625000000001 0.475
0 0.2687500000000001 0.4734375 0.2609375000000001 0.4734375 0.2609375000000001 0.48125 0.2687500000000001 0.48125
0 0.3421875000000001 0.4546875 0.2890625000000001 0.4546875 0.2890625000000001 0.475 0.3421875000000001 0.475
0 0.46875 0.4484375 0.38750000000000007 0.4484375 0.38750000000000007 0.4765625 0.46875 0.4765625
0 0.5328125 0.4609375 0.496875 0.4609375 0.496875 0.475 0.5328125 0.475
0 0.65 0.4484375 0.5671875 0.4484375 0.5671875 0.4765625 0.65 0.4765625
0 0.725 0.4609375 0.6796875 0.4609375 0.6796875 0.4765625 0.725 0.4765625
0 0.7984375 0.46406250000000016 0.7484375 0.46406250000000016 0.7484375 0.4781250000000002 0.7984375 0.4781250000000002
0 0.2828125000000001 0.5 0.17343750000000005 0.5 0.17343750000000005 0.5265625 0.2828125000000001 0.5265625
0 0.3593750000000001 0.5109375 0.3265625000000001 0.5109375 0.3265625000000001 0.5234375 0.3593750000000001 0.5234375
0 0.4203125 0.503125 0.3843750000000001 0.503125 0.3843750000000001 0.525 0.4203125 0.525
0 0.4890625 0.5015625 0.4453125 0.5015625 0.4453125 0.5265625 0.4890625 0.5265625
0 0.6109375 0.5 0.53125 0.5 0.53125 0.5484375 0.6109375 0.5484375
0 0.6203125 0.525 0.6171875 0.525 0.6171875 0.528125 0.6203125 0.528125