0 0.16406250000000006 0.25625 0.14062500000000006 0.25625 0.14062500000000006 0.275 0.16406250000000006 0.275
0 0.2546875 0.2640625 0.18906250000000005 0.2640625 0.18906250000000005 0.278125 0.2546875 0.278125
0 0.378125 0.26250000000000007 0.2921875 0.2625 0.2921875 0.27968750000000003 0.378125 0.2796875000000001
0 0.53125 0.2640625000000001 0.4109375 0.2640625000000001 0.4109375 0.2796875000000001 0.53125 0.2796875000000001
0 0.6 0.2656250000000001 0.5703125 0.2656250000000001 0.5703125 0.2765625000000001 0.6 0.2765625000000001
0 0.690625 0.2671875000000001 0.646875 0.2671875000000001 0.646875 0.27812500000000007 0.690625 0.27812500000000007
0 0.76875 0.26250000000000007 0.71875 0.26250000000000007 0.71875 0.2765625000000001 0.76875 0.2765625000000001
0 0.86875 0.2578125000000001 0.803125 0.2578125000000001 0.803125 0.2734375000000001 0.86875 0.2734375000000001
0 0.18125000000000005 0.3109375 0.13437500000000005 0.3109375 0.13437500000000005 0.3265625 0.18125000000000005 0.3265625
0 0.3328125 0.3109375 0.23125 0.3109375 0.23125 0.328125 0.3328125 0.328125
0 0.4828125 0.3140625000000001 0.3765625 0.3140625000000001 0.3765625 0.33281250000000007 0.4828125 0.33281250000000007
0 0.5609375 0.3109375000000001 0.5203125 0.3109375000000001 0.5203125 0.32500000000000007 0.5609375 0.32500000000000007
0 0.6796875 0.3125000000000001 0.590625 0.3125000000000001 0.590625 0.3265625000000001 0.6796875 0.3265625000000001
0 0.728125 0.3156250000000001 0.7125 0.3156250000000001 0.7125 0.3234375000000001 0.728125 0.3234375000000001
0 0.7625 0.3125000000000001 0.7296875 0.3125000000000001 0.7296875 0.3265625000000001 0.7625 0.3265625000000001
0 0.80625 0.30937500000000007 0.79375 0.30937500000000007 0.79375 0.3265625000000001 0.80625 0.3265625000000001
0 0.8828125 0.3109375000000001 0.828125 0.3109375000000001 0.828125 0.3265625000000001 0.8828125 0.3265625000000001
0 0.16562500000000005 0.3640625 0.13750000000000004 0.3640625 0.13750000000000004 0.3796875 0.16562500000000005 0.3796875
0 0.29375000000000007 0.3640625 0.20312500000000008 0.3640625 0.20312500000000008 0.3796875 0.29375000000000007 0.3796875
0 0.36406250000000007 0.36406250000000007 0.3390625000000001 0.3640625 0.3390625000000001 0.3765625 0.36406250000000007 0.3765625000000001
0 0.5203125 0.3609375000000001 0.4015625 0.3609375000000001 0.4015625 0.3765625000000001 0.5203125 0.3765625000000001
0 0.646875 0.36406250000000007 0.55625 0.36406250000000007 0.55625 0.3765625000000001 0.646875 0.3765625000000001
0 0.7953125 0.3625000000000001 0.6796875 0.3625000000000001 0.6796875 0.37968750000000007 0.7953125 0.37968750000000007
0 0.8734375 0.3656250000000001 0.825 0.3656250000000001 0.825 0.3781250000000001 0.8734375 0.3781250000000001
0 0.2468750000000001 0.4125 0.13906250000000003 0.4125 0.13906250000000003 0.4328125 0.2468750000000001 0.4328125
0 0.3609375000000001 0.4125 0.3031250000000001 0.4125 0.3031250000000001 0.428125 0.3609375000000001 0.428125
0 0.465625 0.409375 0.4015625 0.409375 0.4015625 0.428125 0.465625 0.428125
0 0.5671875 0.4140625 0.515625 0.4140625 0.515625 0.4296875 0.5671875 0.4296875
0 0.71875 0.409375 0.603125 0.409375 0.603125 0.43125 0.71875 0.43125
0 0.7875 0.41406250000000017 0.75625 0.41406250000000017 0.75625 0.4312500000000002 0.7875 0.4312500000000002
0 0.8265625 0.4203125000000002 0.809375 0.4203125000000002 0.809375 0.4281250000000002 0.8265625 0.4281250000000002
0 0.8625 0.41718750000000016 0.828125 0.41718750000000016 0.828125 0.42968750000000017 0.8625 0.42968750000000017
0 0.2515625000000001 0.4609375 0.15156250000000004 0.4609375 0.15156250000000004 0.4796875 0.2515625000000001 0.4796875
0 0.3265625000000001 0.4703125 0.2984375000000001 0.4703125 0.2984375000000001 0.4796875 0.3265625000000001 0.4796875
0 0.434375 0.46875 0.3687500000000001 0.46875 0.3687500000000001 0.4828125 0.434375 0.4828125
0 0.4984375 0.4671875 0.46875 0.4671875 0.46875 0.4796875 0.4984375 0.4796875
0 0.575 0.4640625 0.5296875 0.4640625 0.5296875 0.4796875 0.575 0.4796875
0 0.75 0.4625000000000001 0.6125 0.4625 0.6125 0.48125000000000007 0.75 0.4812500000000002
0 0.871875 0.4578125000000002 0.7890625 0.4578125000000002 0.7890625 0.47968750000000016 0.871875 0.47968750000000016
0 0.16562500000000005 0.51875 0.13750000000000004 0.51875 0.13750000000000004 0.5296875 0.16562500000000005 0.5296875
0 0.3109375000000001 0.515625 0.2234375000000001 0.515625 0.2234375000000001 0.534375 0.3109375000000001 0.534375
0 0.509375 0.515625 0.3687500000000001 0.515625 0.3687500000000001 0.5328125 0.509375 0.5328125
0 0.5546875 0.5078125 0.5390625 0.5078125 0.5390625 0.5296875 0.5546875 0.5296875
0 0.6375 0.5140625 0.5828125 0.5140625 0.5828125 0.5328125 0.6375 0.5328125
0 0.7015625 0.5203125 0.675 0.5203125 0.675 0.5328125 0.7015625 0.5328125
0 0.7796875 0.5109375000000002 0.7390625 0.5109375000000002 0.7390625 0.5281250000000002 0.7796875 0.5281250000000002
0 0.8796875 0.5125000000000002 0.8046875 0.5125000000000002 0.8046875 0.5296875000000002 0.8796875 0.5296875000000002
0 0.1859375000000001 0.5640625 0.1312500000000001 0.5640625 0.1312500000000001 0.58125 0.1859375000000001 0.58125
0 0.2812500000000001 0.565625 0.22031250000000008 0.565625 0.22031250000000008 0.58125 0.2812500000000001 0.58125
0 0.3890625000000001 0.565625 0.33281250000000007 0.565625 0.33281250000000007 0.58125 0.3890625000000001 0.58125
0 0.4625 0.5703125 0.4390625 0.5703125 0.4390625 0.578125 0.4625 0.578125
0 0.55625 0.565625 0.515625 0.565625 0.515625 0.58125 0.55625 0.58125
0 0.6453125 0.5671875 0.5890625 0.5671875 0.5890625 0.58125 0.6453125 0.58125
0 0.659375 0.5703125 0.6453125 0.5703125 0.6453125 0.58125 0.659375 0.58125
0 0.753125 0.5687500000000001 0.7078125 0.56875 0.7078125 0.5828125000000001 0.753125 0.5828125000000002
0 0.875 0.5703125000000002 0.7828125 0.5703125000000002 0.7828125 0.5859375000000002 0.875 0.5859375000000002
0 0.2000000000000001 0.6171875 0.14218750000000008 0.6171875 0.14218750000000008 0.6375 0.2000000000000001 0.6375
0 0.3281250000000001 0.61875 0.2593750000000001 0.61875 0.2593750000000001 0.6328125 0.3281250000000001 0.6328125
0 0.3812500000000001 0.621875 0.3671875000000001 0.621875 0.3671875000000001 0.63125 0.3812500000000001 0.63125
0 0.4796875 0.61875 0.4203125 0.61875 0.4203125 0.6328125 0.4796875 0.6328125
0 0.709375 0.6125 0.5453125 0.6125 0.5453125 0.6359375 0.709375 0.6359375
0 0.784375 0.6109375000000001 0.7453125 0.6109375000000001 0.7453125 0.6328125000000002 0.784375 0.6328125000000002
0 0.8265625 0.6203125000000002 0.815625 0.6203125000000002 0.815625 0.6296875000000002 0.8265625 0.6296875000000002
0 0.853125 0.6156250000000002 0.828125 0.6156250000000002 0.828125 0.6296875000000002 0.853125 0.6296875000000002
0 0.15781250000000008 0.66875 0.1375000000000001 0.66875 0.1375000000000001 0.6828125 0.15781250000000008 0.6828125
0 0.21875000000000008 0.671875 0.1984375000000001 0.671875 0.1984375000000001 0.68125 0.21875000000000008 0.68125
0 0.2750000000000001 0.6703125 0.2609375000000001 0.6703125 0.2609375000000001 0.68125 0.2750000000000001 0.68125
0 0.3828125000000001 0.66875 0.31718750000000007 0.66875 0.31718750000000007 0.684375 0.3828125000000001 0.684375
0 0.465625 0.6703125 0.41875 0.6703125 0.41875 0.6859375 0.465625 0.6859375
0 0.5328125 0.66875 0.509375 0.66875 0.509375 0.68125 0.5328125 0.68125
0 0.621875 0.66875 0.5640625 0.66875 0.5640625 0.68125 0.621875 0.68125
0 0.7296875 0.6671875 0.665625 0.6671875 0.665625 0.6828125 0.7296875 0.6828125000000002
0 0.80625 0.6718750000000002 0.7546875 0.6718750000000002 0.7546875 0.6828125000000002 0.80625 0.6828125000000002
0 0.21093750000000008 0.715625 0.1437500000000001 0.715625 0.1437500000000001 0.7328125 0.21093750000000008 0.7328125
0 0.3312500000000001 0.7171875 0.26250000000000007 0.7171875 0.26250000000000007 0.7359375 0.3312500000000001 0.7359375
0 0.5453125000000001 0.7171875 0.39531250000000007 0.7171875 0.39531250000000007 0.7359375 0.5453125000000002 0.7359375
0 0.6484375000000001 0.7140625 0.5890625 0.7140625 0.5890625 0.7328125 0.6484375000000002 0.7328125
0 0.70625 0.7203125 0.6796875 0.7203125 0.6796875000000001 0.73125 0.7062500000000002 0.73125
0 0.80625 0.7140625000000002 0.746875 0.7140625000000002 0.7468750000000001 0.7312500000000002 0.80625 0.7312500000000002
0 0.3453125000000001 0.7703125 0.1468750000000001 0.7703125 0.1468750000000001 0.7890625 0.3453125000000001 0.7890625
0 0.42500000000000016 0.7796875 0.38750000000000007 0.7796875 0.38750000000000007 0.7890625 0.42500000000000016 0.7890625
0 0.4312500000000002 0.7765625 0.42187500000000017 0.7765625 0.42187500000000017 0.7875 0.4312500000000002 0.7875
0 0.5781250000000002 0.7734375 0.4828125000000002 0.7734375 0.4828125000000002 0.7890625 0.5781250000000002 0.7890625
0 0.6453125000000002 0.7765625 0.5781250000000002 0.7765625 0.5781250000000002 0.7890625 0.6453125000000002 0.7890625