0 0.16093750000000004 0.246875 0.14218750000000005 0.246875 0.14218750000000005 0.278125 0.16093750000000004 0.278125
0 0.21875 0.265625 0.17968750000000006 0.265625 0.17968750000000006 0.2765625 0.21875 0.2765625
0 0.2890625 0.25 0.2359375 0.25 0.2359375 0.2765625 0.2890625 0.2765625
0 0.3171875 0.25 0.3078125 0.25 0.3078125 0.2765625 0.3171875 0.2765625
0 0.36875 0.2671875 0.3296875 0.2671875 0.3296875 0.27656250000000004 0.36875 0.2765625000000001
0 0.4015625 0.2562500000000001 0.38125 0.2562500000000001 0.38125 0.2750000000000001 0.4015625 0.2750000000000001
0 0.515625 0.2453125000000001 0.4265625 0.2453125000000001 0.4265625 0.28593750000000007 0.515625 0.28593750000000007
0 0.5796875 0.2531250000000001 0.540625 0.2531250000000001 0.540625 0.2765625000000001 0.5796875 0.2765625000000001
0 0.6125 0.2468750000000001 0.6 0.2468750000000001 0.6 0.2765625000000001 0.6125 0.2765625000000001
0 0.6625 0.2468750000000001 0.621875 0.2468750000000001 0.621875 0.2875000000000001 0.6625 0.2875000000000001
0 0.73125 0.25468750000000007 0.6703125 0.25468750000000007 0.6703125 0.2750000000000001 0.73125 0.2750000000000001
0 0.884375 0.2500000000000001 0.7453125 0.2500000000000001 0.7453125 0.2875000000000001 0.884375 0.2875000000000001
0 0.16250000000000003 0.315625 0.13906250000000003 0.315625 0.13906250000000003 0.325 0.16250000000000003 0.325
0 0.2703125 0.3 0.18750000000000006 0.3 0.18750000000000006 0.325 0.2703125 0.325
0 0.3109375 0.3015625 0.2890625 0.3015625 0.2890625 0.3265625 0.3109375 0.3265625
0 0.384375 0.30625 0.321875 0.30625 0.321875 0.32656250000000003 0.384375 0.3265625000000001
0 0.4203125 0.3031250000000001 0.3953125 0.3031250000000001 0.3953125 0.3281250000000001 0.4203125 0.3281250000000001
0 0.5046875 0.2968750000000001 0.4359375 0.2968750000000001 0.4359375 0.3234375000000001 0.5046875 0.3234375000000001
0 0.565625 0.2968750000000001 0.5203125 0.2968750000000001 0.5203125 0.3375000000000001 0.565625 0.3375000000000001
0 0.575 0.3234375000000001 0.571875 0.3234375000000001 0.571875 0.32500000000000007 0.575 0.32500000000000007
0 0.6203125 0.2984375000000001 0.590625 0.2984375000000001 0.590625 0.3265625000000001 0.6203125 0.3265625000000001
0 0.6765625 0.3046875000000001 0.634375 0.3046875000000001 0.634375 0.3343750000000001 0.6765625 0.3343750000000001
0 0.7203125 0.3062500000000001 0.6875 0.3062500000000001 0.6875 0.3265625000000001 0.7203125 0.3265625000000001
0 0.753125 0.3046875000000001 0.73125 0.3046875000000001 0.73125 0.3234375000000001 0.753125 0.3234375000000001
0 0.8140625 0.3062500000000001 0.765625 0.3062500000000001 0.765625 0.3359375000000001 0.8140625 0.3359375000000001
0 0.86875 0.31718750000000007 0.825 0.31718750000000007 0.825 0.3265625000000001 0.86875 0.3265625000000001
0 0.15156250000000004 0.35625 0.13125000000000003 0.35625 0.13125000000000003 0.375 0.15156250000000004 0.375
0 0.20312500000000006 0.3546875 0.16250000000000003 0.3546875 0.16250000000000003 0.3875 0.20312500000000008 0.3875
0 0.2390625000000001 0.3671875 0.2156250000000001 0.3671875 0.2156250000000001 0.375 0.2390625000000001 0.375
0 0.33593750000000006 0.35625 0.2546875 0.35625 0.25468750000000007 0.3828125 0.3359375000000001 0.3828125
0 0.38593750000000004 0.35781250000000003 0.346875 0.3578125 0.34687500000000004 0.384375 0.3859375000000001 0.3843750000000001
0 0.4171875 0.36406250000000007 0.3968750000000001 0.36406250000000007 0.3968750000000001 0.3750000000000001 0.4171875 0.3750000000000001
0 0.4609375 0.3671875000000001 0.43125 0.3671875000000001 0.43125 0.3890625000000001 0.4609375 0.3890625000000001
0 0.5046875 0.3500000000000001 0.475 0.3500000000000001 0.475 0.3859375000000001 0.5046875 0.3859375000000001
0 0.515625 0.37187500000000007 0.5140625 0.37187500000000007 0.5140625 0.3734375000000001 0.515625 0.3734375000000001
0 0.55625 0.3500000000000001 0.528125 0.3500000000000001 0.528125 0.3750000000000001 0.55625 0.3750000000000001
0 0.6015625 0.3515625000000001 0.56875 0.3515625000000001 0.56875 0.38750000000000007 0.6015625 0.38750000000000007
0 0.659375 0.3656250000000001 0.6140625 0.3656250000000001 0.6140625 0.3890625000000001 0.659375 0.3890625000000001
0 0.690625 0.3656250000000001 0.6703125 0.3656250000000001 0.6703125 0.3765625000000001 0.690625 0.3765625000000001
0 0.8 0.3671875000000001 0.70625 0.3671875000000001 0.70625 0.3781250000000001 0.8 0.3781250000000001
0 0.84375 0.3500000000000001 0.8125 0.3500000000000001 0.8125 0.3765625000000001 0.84375 0.3765625000000001
0 0.16875000000000004 0.41875 0.12812500000000004 0.41875 0.12812500000000004 0.4265625 0.16875000000000004 0.4265625
0 0.2375000000000001 0.4 0.18437500000000004 0.4 0.18437500000000004 0.428125 0.2375000000000001 0.428125
0 0.2796875000000001 0.409375 0.2484375000000001 0.409375 0.2484375000000001 0.4265625 0.2796875000000001 0.4265625
0 0.3140625000000001 0.4171875 0.29375000000000007 0.4171875 0.29375000000000007 0.4265625 0.3140625000000001 0.4265625
0 0.3687500000000001 0.40625 0.3218750000000001 0.40625 0.3218750000000001 0.428125 0.3687500000000001 0.428125
0 0.37968750000000007 0.4234375 0.3734375000000001 0.4234375 0.3734375000000001 0.4296875 0.37968750000000007 0.4296875
0 0.4046875 0.403125 0.39531250000000007 0.403125 0.39531250000000007 0.428125 0.4046875 0.428125
0 0.4578125 0.409375 0.4140625 0.409375 0.4140625 0.4359375 0.4578125 0.4359375
0 0.5015625 0.41875 0.475 0.41875 0.475 0.4375 0.5015625 0.4375
0 0.584375 0.4171875 0.5125 0.4171875 0.5125 0.425 0.584375 0.425
0 0.678125 0.4015625 0.5984375 0.4015625 0.5984375 0.4390625 0.678125 0.4390625
0 0.7375 0.4078125000000001 0.6921875 0.4078125 0.6921875 0.4281250000000001 0.7375 0.4281250000000002
0 0.7859375 0.40625000000000017 0.746875 0.40625000000000017 0.746875 0.4265625000000002 0.7859375 0.4265625000000002
0 0.865625 0.40156250000000016 0.8 0.40156250000000016 0.8 0.4312500000000002 0.865625 0.4312500000000002
0 0.17812500000000003 0.4671875 0.13125000000000003 0.4671875 0.13125000000000003 0.4875 0.17812500000000003 0.4875
0 0.2687500000000001 0.45625 0.19218750000000004 0.45625 0.19218750000000004 0.478125 0.2687500000000001 0.478125
0 0.3390625000000001 0.4546875 0.2906250000000001 0.4546875 0.2906250000000001 0.478125 0.3390625000000001 0.478125
0 0.3765625000000001 0.45625 0.35625000000000007 0.45625 0.35625000000000007 0.4765625 0.3765625000000001 0.4765625
0 0.4375 0.4578125 0.3890625000000001 0.4578125 0.3890625000000001 0.484375 0.4375 0.484375
0 0.4828125 0.4578125 0.4453125 0.4578125 0.4453125 0.4765625 0.4828125 0.4765625
0 0.5171875 0.4546875 0.49375 0.4546875 0.49375 0.475 0.5171875 0.475
0 0.6109375 0.4671875 0.5296875 0.4671875 0.5296875 0.4765625 0.6109375 0.4765625
0 0.625 0.4703125 0.6203125 0.4703125 0.6203125 0.4734375 0.625 0.4734375
0 0.696875 0.4546875 0.640625 0.4546875 0.640625 0.484375 0.696875 0.484375
0 0.7484375 0.4671875000000001 0.7078125 0.4671875 0.7078125 0.4859375000000001 0.7484375 0.4859375000000002
0 0.83125 0.4546875000000002 0.759375 0.4546875000000002 0.759375 0.47656250000000017 0.83125 0.47656250000000017
0 0.865625 0.4578125000000002 0.84375 0.4578125000000002 0.84375 0.47656250000000017 0.865625 0.47656250000000017
0 0.19062500000000004 0.5 0.12343750000000005 0.5 0.12343750000000005 0.525 0.19062500000000004 0.525
0 0.2640625000000001 0.5 0.20468750000000008 0.5 0.20468750000000008 0.534375 0.2640625000000001 0.534375
0 0.2796875000000001 0.5234375 0.2734375000000001 0.5234375 0.2734375000000001 0.5296875 0.2796875000000001 0.5296875
0 0.3156250000000001 0.5171875 0.2921875000000001 0.5171875 0.2921875000000001 0.525 0.3156250000000001 0.525
0 0.409375 0.5078125 0.3281250000000001 0.5078125 0.3281250000000001 0.5265625 0.409375 0.5265625
0 0.4421875 0.503125 0.4203125 0.503125 0.4203125 0.5390625 0.4421875 0.5390625
0 0.4828125 0.5046875 0.45625 0.5046875 0.45625 0.5265625 0.4828125 0.5265625
0 0.546875 0.5171875 0.496875 0.5171875 0.496875 0.5375 0.546875 0.5375
0 0.559375 0.525 0.5546875 0.525 0.5546875 0.534375 0.559375 0.534375
0 0.640625 0.509375 0.56875 0.509375 0.56875 0.5296875 0.640625 0.5296875
0 0.690625 0.503125 0.653125 0.503125 0.653125 0.5390625 0.690625 0.5390625
0 0.765625 0.5078125000000001 0.7015625 0.5078125 0.7015625 0.5296875000000001 0.765625 0.5296875000000002
0 0.7984375 0.5046875000000002 0.778125 0.5046875000000002 0.778125 0.5281250000000002 0.7984375 0.5281250000000002
0 0.22656250000000008 0.5546875 0.13281250000000008 0.5546875 0.13281250000000008 0.590625 0.22656250000000008 0.590625
0 0.2562500000000001 0.559375 0.2375000000000001 0.559375 0.2375000000000001 0.5765625 0.2562500000000001 0.5765625
0 0.2890625000000001 0.5546875 0.2687500000000001 0.5546875 0.2687500000000001 0.578125 0.2890625000000001 0.578125
0 0.3578125000000001 0.5578125 0.3031250000000001 0.5578125 0.3031250000000001 0.58125 0.3578125000000001 0.58125
0 0.4421875 0.55625 0.3765625000000001 0.55625 0.3765625000000001 0.578125 0.4421875 0.578125
0 0.4734375 0.5671875 0.45625 0.5671875 0.45625 0.578125 0.4734375 0.578125
0 0.509375 0.5546875 0.4859375 0.5546875 0.4859375 0.578125 0.509375 0.578125
0 0.5875 0.5546875 0.5234375 0.5546875 0.5234375 0.5875 0.5875 0.5875
0 0.5984375 0.5765625 0.5921875 0.5765625 0.5921875 0.5828125 0.5984375 0.5828125
0 0.6609375 0.55625 0.6109375 0.55625 0.6109375 0.578125 0.6609375 0.578125
0 0.7125 0.5703125 0.671875 0.5703125 0.671875 0.578125 0.7125 0.578125
0 0.775 0.5546875000000001 0.7234375 0.5546875 0.7234375 0.5796875000000001 0.775 0.5796875000000001
0 0.8578125 0.5593750000000002 0.7890625 0.5593750000000002 0.7890625 0.5796875000000001 0.8578125 0.5796875000000001
0 0.1546875000000001 0.603125 0.13437500000000008 0.603125 0.13437500000000008 0.628125 0.1546875000000001 0.628125
0 0.2734375000000001 0.609375 0.17343750000000008 0.609375 0.17343750000000008 0.63125 0.2734375000000001 0.63125
0 0.32500000000000007 0.6140625 0.2875000000000001 0.6140625 0.2875000000000001 0.6296875 0.32500000000000007 0.6296875
0 0.409375 0.609375 0.3421875000000001 0.609375 0.3421875000000001 0.6296875 0.409375 0.6296875
0 0.4203125 0.6234375 0.4171875 0.6234375 0.4171875 0.6265625 0.4203125 0.6265625