0 0.18906250000000005 0.2078125 0.15156250000000004 0.2078125 0.15156250000000004 0.221875 0.18906250000000005 0.221875
0 0.271875 0.20625 0.209375 0.20625 0.209375 0.2234375 0.271875 0.2234375
0 0.3421875 0.203125 0.2953125 0.203125 0.2953125 0.221875 0.3421875 0.221875
0 0.3859375 0.21250000000000008 0.3671875 0.21250000000000008 0.3671875 0.2218750000000001 0.3859375 0.2218750000000001
0 0.4828125 0.20312500000000008 0.4125 0.20312500000000008 0.4125 0.2250000000000001 0.4828125 0.2250000000000001
0 0.603125 0.2000000000000001 0.5078125 0.2000000000000001 0.5078125 0.2218750000000001 0.603125 0.2218750000000001
0 0.6953125 0.20468750000000008 0.61875 0.20468750000000008 0.61875 0.2234375000000001 0.6953125 0.2234375000000001
0 0.825 0.2015625000000001 0.7140625 0.2015625000000001 0.7140625 0.2390625000000001 0.825 0.2390625000000001
0 0.8828125 0.20468750000000008 0.8375 0.20468750000000008 0.8375 0.2250000000000001 0.8828125 0.2250000000000001
0 0.18593750000000003 0.2515625 0.13906250000000003 0.2515625 0.13906250000000003 0.26875 0.18593750000000003 0.26875
0 0.3171875 0.2484375 0.209375 0.2484375 0.209375 0.2875 0.3171875 0.2875
0 0.4109375 0.25000000000000006 0.33125 0.25 0.33125 0.27187500000000003 0.4109375 0.2718750000000001
0 0.425 0.2687500000000001 0.4203125 0.2687500000000001 0.4203125 0.2750000000000001 0.425 0.2750000000000001
0 0.4625 0.2562500000000001 0.434375 0.2562500000000001 0.434375 0.27031250000000007 0.4625 0.27031250000000007
0 0.4921875 0.2609375000000001 0.478125 0.2609375000000001 0.478125 0.2718750000000001 0.4921875 0.2718750000000001
0 0.5984375 0.25468750000000007 0.509375 0.25468750000000007 0.509375 0.2750000000000001 0.5984375 0.2750000000000001
0 0.6671875 0.2562500000000001 0.609375 0.2562500000000001 0.609375 0.2875000000000001 0.6671875 0.2875000000000001
0 0.7203125 0.2562500000000001 0.690625 0.2562500000000001 0.690625 0.2750000000000001 0.7203125 0.2750000000000001
0 0.815625 0.2562500000000001 0.7328125 0.2562500000000001 0.7328125 0.2750000000000001 0.815625 0.2750000000000001
0 0.90625 0.2500000000000001 0.8296875 0.2500000000000001 0.8296875 0.2718750000000001 0.90625 0.2718750000000001
0 0.9125 0.27031250000000007 0.9109375 0.27031250000000007 0.9109375 0.2718750000000001 0.9125 0.2718750000000001
0 0.2015625 0.3046875 0.13906250000000003 0.3046875 0.13906250000000003 0.321875 0.2015625 0.321875
0 0.275 0.309375 0.2265625 0.309375 0.2265625 0.321875 0.275 0.321875
0 0.378125 0.30312500000000003 0.2953125 0.303125 0.2953125 0.32500000000000007 0.378125 0.32500000000000007
0 0.475 0.3031250000000001 0.409375 0.3031250000000001 0.409375 0.3234375000000001 0.475 0.3234375000000001
0 0.5828125 0.3046875000000001 0.503125 0.3046875000000001 0.503125 0.32500000000000007 0.5828125 0.32500000000000007
0 0.665625 0.3078125000000001 0.6 0.3078125000000001 0.6 0.32500000000000007 0.665625 0.32500000000000007
0 0.703125 0.3125000000000001 0.6875 0.3125000000000001 0.6875 0.32500000000000007 0.703125 0.32500000000000007
0 0.78125 0.30937500000000007 0.7203125 0.30937500000000007 0.7203125 0.3265625000000001 0.78125 0.3265625000000001
0 0.8734375 0.3140625000000001 0.809375 0.3140625000000001 0.809375 0.3265625000000001 0.8734375 0.3265625000000001
0 0.21250000000000005 0.346875 0.12343750000000005 0.346875 0.12343750000000005 0.3703125 0.21250000000000008 0.3703125
0 0.2250000000000001 0.3703125 0.2234375000000001 0.3703125 0.2234375000000001 0.3765625 0.2250000000000001 0.3765625
0 0.30156250000000007 0.35 0.253125 0.35 0.25312500000000004 0.3734375 0.30156250000000007 0.3734375
0 0.37187500000000007 0.36250000000000004 0.3234375 0.3625 0.32343750000000004 0.37500000000000006 0.37187500000000007 0.3750000000000001
0 0.46875 0.3625000000000001 0.3984375 0.3625000000000001 0.39843750000000006 0.3750000000000001 0.46875 0.3750000000000001
0 0.615625 0.35625000000000007 0.5015625 0.35625000000000007 0.5015625 0.3859375000000001 0.615625 0.3859375000000001
0 0.7046875 0.3500000000000001 0.64375 0.3500000000000001 0.64375 0.3750000000000001 0.7046875 0.3750000000000001
0 0.771875 0.34843750000000007 0.725 0.34843750000000007 0.725 0.37187500000000007 0.771875 0.37187500000000007
0 0.878125 0.3531250000000001 0.7859375 0.3531250000000001 0.7859375 0.3734375000000001 0.878125 0.3734375000000001
0 0.27031250000000007 0.4 0.13125000000000003 0.4 0.13125000000000003 0.434375 0.27031250000000007 0.434375
0 0.3750000000000001 0.409375 0.2890625000000001 0.409375 0.2890625000000001 0.4234375 0.3750000000000001 0.4234375
0 0.44375 0.4046875 0.4125 0.4046875 0.4125 0.4234375 0.44375 0.4234375
0 0.634375 0.4 0.4703125 0.4 0.4703125 0.4234375 0.634375 0.4234375
0 0.734375 0.40312500000000007 0.6421875 0.403125 0.6421875 0.4296875000000001 0.734375 0.42968750000000017
0 0.7375 0.42500000000000016 0.7359375 0.42500000000000016 0.7359375 0.4265625000000002 0.7375 0.4265625000000002
0 0.8953125 0.4031250000000002 0.75 0.4031250000000002 0.75 0.4265625000000002 0.8953125 0.4265625000000002
0 0.2171875000000001 0.4609375 0.14687500000000003 0.4609375 0.14687500000000003 0.4734375 0.2171875000000001 0.4734375
0 0.3078125000000001 0.45 0.2484375000000001 0.45 0.2484375000000001 0.4734375 0.3078125000000001 0.4734375
0 0.3671875000000001 0.4546875 0.3359375000000001 0.4546875 0.3359375000000001 0.4703125 0.3671875000000001 0.4703125
0 0.50625 0.4515625 0.3937500000000001 0.4515625 0.3937500000000001 0.475 0.50625 0.475
0 0.60625 0.45625 0.5328125 0.45625 0.5328125 0.475 0.60625 0.475
0 0.6125 0.475 0.60625 0.475 0.60625 0.4828125 0.6125 0.4828125
0 0.6859375 0.4609375 0.634375 0.4609375 0.634375 0.4796875 0.6859375 0.4796875
0 0.75625 0.4671875000000001 0.7125 0.4671875 0.7125 0.4796875000000001 0.75625 0.47968750000000016
0 0.834375 0.4593750000000002 0.771875 0.4593750000000002 0.771875 0.47968750000000016 0.834375 0.47968750000000016
0 0.15625000000000006 0.5125 0.14062500000000006 0.5125 0.14062500000000006 0.525 0.15625000000000006 0.525
0 0.35625000000000007 0.5015625 0.19531250000000006 0.5015625 0.19531250000000006 0.54375 0.35625000000000007 0.54375
0 0.4953125 0.50625 0.37968750000000007 0.50625 0.37968750000000007 0.5390625 0.4953125 0.5390625
0 0.615625 0.5078125 0.5125 0.5078125 0.5125 0.528125 0.615625 0.528125
0 0.6890625 0.5046875 0.63125 0.5046875 0.63125 0.528125 0.6890625 0.528125
0 0.746875 0.5125000000000001 0.709375 0.5125 0.709375 0.5250000000000001 0.746875 0.5250000000000001
0 0.865625 0.5093750000000001 0.7609375 0.5093750000000001 0.7609375 0.5406250000000001 0.865625 0.5406250000000001
0 0.2234375000000001 0.559375 0.1453125000000001 0.559375 0.1453125000000001 0.575 0.2234375000000001 0.575
0 0.2453125000000001 0.5625 0.2250000000000001 0.5625 0.2250000000000001 0.5765625 0.2453125000000001 0.5765625
0 0.28593750000000007 0.5515625 0.2640625000000001 0.5515625 0.2640625000000001 0.571875 0.28593750000000007 0.571875
0 0.3812500000000001 0.55625 0.3156250000000001 0.55625 0.3156250000000001 0.571875 0.3812500000000001 0.571875
0 0.46875 0.5640625 0.4125 0.5640625 0.4125 0.575 0.46875 0.575
0 0.5625 0.5546875 0.49375 0.5546875 0.49375 0.5765625 0.5625 0.5765625
0 0.640625 0.5546875 0.5890625 0.5546875 0.5890625 0.578125 0.640625 0.578125
0 0.7734375 0.5593750000000001 0.675 0.559375 0.675 0.5796875000000001 0.7734375 0.5796875000000001
0 0.9125 0.5593750000000002 0.79375 0.5593750000000002 0.79375 0.5796875000000001 0.9125 0.5796875000000001
0 0.22656250000000008 0.615625 0.1437500000000001 0.615625 0.1437500000000001 0.6296875 0.22656250000000008 0.6296875
0 0.3312500000000001 0.603125 0.2656250000000001 0.603125 0.2656250000000001 0.6375 0.3312500000000001 0.6375
0 0.425 0.6015625 0.3609375000000001 0.6015625 0.3609375000000001 0.625 0.425 0.625
0 0.4828125 0.60625 0.4515625 0.60625 0.4515625 0.6265625 0.4828125 0.6265625
0 0.5515625 0.60625 0.5046875 0.60625 0.5046875 0.6265625 0.5515625 0.6265625
0 0.6703125 0.60625 0.58125 0.60625 0.58125 0.628125 0.6703125 0.628125
0 0.7484375 0.6078125000000001 0.690625 0.6078125 0.690625 0.628125 0.7484375 0.6281250000000002
0 0.8875 0.6031250000000001 0.7734375 0.6031250000000001 0.7734375 0.6312500000000002 0.8875 0.6312500000000002
0 0.2765625000000001 0.653125 0.1453125000000001 0.653125 0.1453125000000001 0.6796875 0.2765625000000001 0.6796875
0 0.2828125000000001 0.6765625 0.2796875000000001 0.6765625 0.2796875000000001 0.678125 0.2828125000000001 0.678125