0 0.17500000000000004 0.25 0.15156250000000004 0.25 0.15156250000000004 0.2671875 0.17500000000000004 0.2671875
0 0.259375 0.253125 0.19375000000000003 0.253125 0.19375000000000003 0.26875 0.259375 0.26875
0 0.365625 0.25468750000000007 0.29375 0.2546875 0.29375 0.2828125 0.365625 0.2828125000000001
0 0.45 0.26250000000000007 0.3953125 0.26250000000000007 0.3953125 0.28593750000000007 0.45 0.28593750000000007
0 0.5734375 0.2593750000000001 0.4859375 0.2593750000000001 0.4859375 0.2718750000000001 0.5734375 0.2718750000000001
0 0.5890625 0.2718750000000001 0.5859375 0.2718750000000001 0.5859375 0.2796875000000001 0.5890625 0.2796875000000001
0 0.6421875 0.25468750000000007 0.6015625 0.25468750000000007 0.6015625 0.27812500000000007 0.6421875 0.27812500000000007
0 0.6984375 0.2656250000000001 0.6609375 0.2656250000000001 0.6609375 0.2734375000000001 0.6984375 0.2734375000000001
0 0.7671875 0.2671875000000001 0.725 0.2671875000000001 0.725 0.2843750000000001 0.7671875 0.2843750000000001
0 0.8328125 0.2531250000000001 0.7875 0.2531250000000001 0.7875 0.2796875000000001 0.8328125 0.2796875000000001
0 0.19218750000000004 0.30625 0.14687500000000003 0.30625 0.14687500000000003 0.3234375 0.19218750000000004 0.3234375
0 0.246875 0.3109375 0.2125 0.3109375 0.2125 0.321875 0.246875 0.321875
0 0.2921875 0.3078125 0.259375 0.3078125 0.259375 0.321875 0.2921875 0.321875
0 0.371875 0.30781250000000004 0.3125 0.3078125 0.3125 0.33125000000000004 0.371875 0.3312500000000001
0 0.4296875 0.3109375000000001 0.3921875 0.3109375000000001 0.3921875 0.3234375000000001 0.4296875 0.3234375000000001
0 0.4703125 0.3140625000000001 0.4546875 0.3140625000000001 0.4546875 0.3218750000000001 0.4703125 0.3218750000000001
0 0.5171875 0.3062500000000001 0.48125 0.3062500000000001 0.48125 0.3218750000000001 0.5171875 0.3218750000000001
0 0.6046875 0.3125000000000001 0.540625 0.3125000000000001 0.540625 0.3234375000000001 0.6046875 0.3234375000000001
0 0.6828125 0.3156250000000001 0.6375 0.3156250000000001 0.6375 0.3234375000000001 0.6828125 0.3234375000000001
0 0.8015625 0.3078125000000001 0.7046875 0.3078125000000001 0.7046875 0.3234375000000001 0.8015625 0.3234375000000001
0 0.8171875 0.3218750000000001 0.8140625 0.3218750000000001 0.8140625 0.3234375000000001 0.8171875 0.3234375000000001
0 0.19531250000000006 0.35625 0.14375000000000004 0.35625 0.14375000000000004 0.371875 0.19531250000000006 0.371875
0 0.28750000000000003 0.3578125 0.2203125 0.3578125 0.22031250000000005 0.38125 0.2875000000000001 0.38125
0 0.3000000000000001 0.371875 0.2968750000000001 0.371875 0.2968750000000001 0.378125 0.3000000000000001 0.378125
0 0.4125 0.35937500000000006 0.3234375 0.359375 0.32343750000000004 0.38125000000000003 0.4125 0.3812500000000001
0 0.475 0.35625000000000007 0.425 0.35625000000000007 0.425 0.3734375000000001 0.475 0.3734375000000001
0 0.5 0.35625000000000007 0.49375 0.35625000000000007 0.49375 0.3734375000000001 0.5 0.3734375000000001
0 0.575 0.3593750000000001 0.5171875 0.3593750000000001 0.5171875 0.37968750000000007 0.575 0.37968750000000007
0 0.63125 0.3671875000000001 0.6 0.3671875000000001 0.6 0.3921875000000001 0.63125 0.3921875000000001
0 0.74375 0.35625000000000007 0.65625 0.35625000000000007 0.65625 0.3812500000000001 0.74375 0.3812500000000001
0 0.796875 0.3671875000000001 0.771875 0.3671875000000001 0.771875 0.3750000000000001 0.796875 0.3750000000000001
0 0.22656250000000008 0.4078125 0.14531250000000004 0.4078125 0.14531250000000004 0.4234375 0.22656250000000008 0.4234375
0 0.2390625000000001 0.421875 0.23593750000000008 0.421875 0.23593750000000008 0.428125 0.2390625000000001 0.428125
0 0.30937500000000007 0.4078125 0.2500000000000001 0.4078125 0.2500000000000001 0.4234375 0.30937500000000007 0.4234375
0 0.3609375000000001 0.415625 0.3296875000000001 0.415625 0.3296875000000001 0.421875 0.3609375000000001 0.421875
0 0.3984375000000001 0.4109375 0.3812500000000001 0.4109375 0.3812500000000001 0.43125 0.3984375000000001 0.43125
0 0.4328125 0.409375 0.4234375 0.409375 0.4234375 0.4265625 0.4328125 0.4265625
0 0.503125 0.4109375 0.4484375 0.4109375 0.4484375 0.425 0.503125 0.425
0 0.5484375 0.4109375 0.525 0.4109375 0.525 0.425 0.5484375 0.425
0 0.6796875 0.409375 0.5734375 0.409375 0.5734375 0.4359375 0.6796875 0.4359375
0 0.7328125 0.4093750000000001 0.70625 0.409375 0.70625 0.4312500000000001 0.7328125 0.4312500000000002
0 0.790625 0.40937500000000016 0.75625 0.40937500000000016 0.75625 0.4234375000000002 0.790625 0.4234375000000002
0 0.865625 0.4125000000000002 0.8078125 0.4125000000000002 0.8078125 0.4265625000000002 0.865625 0.4265625000000002
0 0.17187500000000006 0.459375 0.14843750000000006 0.459375 0.14843750000000006 0.475 0.17187500000000006 0.475
0 0.2234375000000001 0.459375 0.19218750000000004 0.459375 0.19218750000000004 0.4734375 0.2234375000000001 0.4734375
0 0.3046875000000001 0.459375 0.24375000000000008 0.459375 0.24375000000000008 0.48125 0.3046875000000001 0.48125
0 0.403125 0.459375 0.3296875000000001 0.459375 0.3296875000000001 0.4734375 0.403125 0.4734375
0 0.5265625 0.4578125 0.4265625 0.4578125 0.4265625 0.4796875 0.5265625 0.4796875
0 0.5359375 0.4703125 0.53125 0.4703125 0.53125 0.478125 0.5359375 0.478125
0 0.6046875 0.4578125 0.5625 0.4578125 0.5625 0.48125 0.6046875 0.48125
0 0.65 0.4609375 0.6265625 0.4609375 0.6265625 0.484375 0.65 0.484375
0 0.7109375 0.46875 0.66875 0.46875 0.66875 0.475 0.7109375 0.475
0 0.8265625 0.4671875000000002 0.734375 0.4671875000000002 0.734375 0.48437500000000017 0.8265625 0.48437500000000017
0 0.8375 0.4750000000000002 0.8359375 0.4750000000000002 0.8359375 0.47656250000000017 0.8375 0.47656250000000017
0 0.15937500000000004 0.50625 0.15156250000000004 0.50625 0.15156250000000004 0.5265625 0.15937500000000004 0.5265625
0 0.21093750000000008 0.5171875 0.17968750000000006 0.5171875 0.17968750000000006 0.5234375 0.21093750000000008 0.5234375
0 0.2843750000000001 0.51875 0.24375000000000008 0.51875 0.24375000000000008 0.5359375 0.2843750000000001 0.5359375
0 0.3515625000000001 0.5109375 0.3000000000000001 0.5109375 0.3000000000000001 0.5359375 0.3515625000000001 0.5359375
0 0.3984375000000001 0.5109375 0.3812500000000001 0.5109375 0.3812500000000001 0.528125 0.3984375000000001 0.528125
0 0.4671875 0.5125 0.4265625 0.5125 0.4265625 0.5328125 0.4671875 0.5328125
0 0.5171875 0.5171875 0.49375 0.5171875 0.49375 0.5265625 0.5171875 0.5265625
0 0.5609375 0.5109375 0.5234375 0.5109375 0.5234375 0.5265625 0.5609375 0.5265625
0 0.6421875 0.5203125 0.5875 0.5203125 0.5875 0.540625 0.6421875 0.540625
0 0.6609375 0.5265625 0.6578125 0.5265625 0.6578125 0.5328125 0.6609375 0.5328125
0 0.709375 0.509375 0.6703125 0.509375 0.6703125 0.5265625 0.709375 0.5265625
0 0.8046875 0.5093750000000001 0.728125 0.5093750000000001 0.728125 0.5250000000000001 0.8046875 0.5250000000000001
0 0.8765625 0.5093750000000001 0.825 0.5093750000000001 0.825 0.5265625000000002 0.8765625 0.5265625000000002
0 0.2609375000000001 0.55625 0.14843750000000008 0.55625 0.14843750000000008 0.5859375 0.2609375000000001 0.5859375
0 0.27812500000000007 0.571875 0.2750000000000001 0.571875 0.2750000000000001 0.578125 0.27812500000000007 0.578125
0 0.4234375 0.5578125 0.2906250000000001 0.5578125 0.2906250000000001 0.5828125 0.4234375 0.5828125
0 0.4640625 0.559375 0.434375 0.559375 0.434375 0.575 0.4640625 0.575
0 0.54375 0.56875 0.4859375 0.56875 0.4859375 0.575 0.54375 0.575
0 0.575 0.5703125 0.559375 0.5703125 0.559375 0.5765625 0.575 0.5765625
0 0.6875 0.5625 0.6 0.5625 0.6 0.5859375 0.6875 0.5859375
0 0.803125 0.5578125 0.7125 0.5578125 0.7125 0.5750000000000001 0.803125 0.5750000000000002
0 0.86875 0.5578125000000002 0.8171875 0.5578125000000002 0.8171875 0.5796875000000001 0.86875 0.5796875000000001
0 0.1859375000000001 0.609375 0.15000000000000008 0.609375 0.15000000000000008 0.625 0.1859375000000001 0.625
0 0.3062500000000001 0.6109375 0.2093750000000001 0.6109375 0.2093750000000001 0.625 0.3062500000000001 0.625
0 0.4359375 0.6125 0.3359375000000001 0.6125 0.3359375000000001 0.6265625 0.4359375 0.6265625
0 0.5 0.609375 0.459375 0.609375 0.459375 0.6265625 0.5 0.6265625
0 0.571875 0.61875 0.521875 0.61875 0.521875 0.625 0.571875 0.625
0 0.7015625 0.609375 0.5890625 0.609375 0.5890625 0.63125 0.7015625 0.63125
0 0.753125 0.6156250000000002 0.734375 0.6156250000000002 0.734375 0.6296875000000002 0.753125 0.6296875000000002
0 0.8140625 0.6125000000000002 0.775 0.6125000000000002 0.775 0.6328125000000002 0.8140625 0.6328125000000002
0 0.2453125000000001 0.66875 0.1468750000000001 0.66875 0.1468750000000001 0.678125 0.2453125000000001 0.678125
0 0.3046875000000001 0.6609375 0.2671875000000001 0.6609375 0.2671875000000001 0.6765625 0.3046875000000001 0.6765625
0 0.3812500000000001 0.6609375 0.3296875000000001 0.6609375 0.3296875000000001 0.675 0.3812500000000001 0.675
0 0.4609375 0.6625 0.4125 0.6625 0.4125 0.6765625 0.4609375 0.6765625
0 0.56875 0.6609375 0.49375 0.6609375 0.49375 0.678125 0.56875 0.678125
0 0.671875 0.6640625 0.5921875 0.6640625 0.5921875 0.684375 0.671875 0.684375
0 0.6828125 0.6765625 0.6796875 0.6765625 0.6796875 0.678125 0.6828125 0.678125