0 0.16093750000000004 0.2 0.15312500000000004 0.2 0.15312500000000004 0.221875 0.16093750000000004 0.221875
0 0.2453125 0.209375 0.18437500000000004 0.209375 0.18437500000000004 0.221875 0.2453125 0.221875
0 0.290625 0.209375 0.265625 0.209375 0.265625 0.2234375 0.290625 0.2234375
0 0.3671875 0.21718750000000003 0.3125 0.2171875 0.3125 0.22343750000000004 0.3671875 0.2234375000000001
0 0.459375 0.2062500000000001 0.3875 0.2062500000000001 0.3875 0.2218750000000001 0.459375 0.2218750000000001
0 0.5359375 0.2062500000000001 0.49375 0.2062500000000001 0.49375 0.2234375000000001 0.5359375 0.2234375000000001
0 0.6171875 0.2093750000000001 0.5546875 0.2093750000000001 0.5546875 0.2312500000000001 0.6171875 0.2312500000000001
0 0.78125 0.2093750000000001 0.6421875 0.2093750000000001 0.6421875 0.2296875000000001 0.78125 0.2296875000000001
0 0.2515625 0.25625 0.15468750000000003 0.25625 0.15468750000000003 0.271875 0.2515625 0.271875
0 0.3203125 0.2578125 0.2828125 0.2578125 0.2828125 0.2703125 0.3203125 0.2703125
0 0.4578125 0.26250000000000007 0.359375 0.2625 0.359375 0.27343750000000006 0.4578125 0.2734375000000001
0 0.525 0.2593750000000001 0.49375 0.2593750000000001 0.49375 0.2734375000000001 0.525 0.2734375000000001
0 0.5796875 0.2578125000000001 0.5484375 0.2578125000000001 0.5484375 0.2718750000000001 0.5796875 0.2718750000000001
0 0.703125 0.2593750000000001 0.60625 0.2593750000000001 0.60625 0.2734375000000001 0.703125 0.2734375000000001
0 0.784375 0.2593750000000001 0.746875 0.2593750000000001 0.746875 0.2734375000000001 0.784375 0.2734375000000001
0 0.8828125 0.2593750000000001 0.80625 0.2593750000000001 0.80625 0.2843750000000001 0.8828125 0.2843750000000001
0 0.2390625 0.3109375 0.15312500000000004 0.3109375 0.15312500000000004 0.3234375 0.2390625 0.3234375
0 0.325 0.3078125 0.2671875 0.3078125 0.2671875 0.3203125 0.325 0.3203125
0 0.4125 0.31718750000000007 0.359375 0.3171875 0.359375 0.32343750000000004 0.4125 0.3234375000000001
0 0.50625 0.3109375000000001 0.4375 0.3109375000000001 0.4375 0.3296875000000001 0.50625 0.3296875000000001
0 0.615625 0.30937500000000007 0.5375 0.30937500000000007 0.5375 0.3343750000000001 0.615625 0.3343750000000001
0 0.6859375 0.3078125000000001 0.6390625 0.3078125000000001 0.6390625 0.3281250000000001 0.6859375 0.3281250000000001
0 0.696875 0.3203125000000001 0.6953125 0.3203125000000001 0.6953125 0.3218750000000001 0.696875 0.3218750000000001