0 0.2375 0.20625 0.15468750000000003 0.20625 0.15468750000000003 0.225 0.2375 0.225
0 0.3484375 0.2046875 0.2265625 0.2046875 0.2265625 0.2234375 0.3484375 0.2234375
0 0.4546875 0.2062500000000001 0.3765625 0.2062500000000001 0.3765625 0.22812500000000008 0.4546875 0.22812500000000008
0 0.5234375 0.2078125000000001 0.4875 0.2078125000000001 0.4875 0.2250000000000001 0.5234375 0.2250000000000001
0 0.646875 0.2062500000000001 0.55625 0.2062500000000001 0.55625 0.22656250000000008 0.646875 0.22656250000000008
0 0.715625 0.2140625000000001 0.675 0.2140625000000001 0.675 0.2390625000000001 0.715625 0.2390625000000001
0 0.8125 0.20468750000000008 0.7546875 0.20468750000000008 0.7546875 0.2515625000000001 0.8125 0.2515625000000001
0 0.15625000000000006 0.2671875 0.14218750000000005 0.2671875 0.14218750000000005 0.2796875 0.15625000000000006 0.2796875
0 0.2640625 0.259375 0.18750000000000006 0.259375 0.18750000000000006 0.2796875 0.2640625 0.2796875
0 0.3484375 0.2640625 0.29375 0.2640625 0.29375 0.2765625 0.3484375 0.2765625
0 0.428125 0.2578125000000001 0.3703125 0.2578125000000001 0.3703125 0.2765625000000001 0.428125 0.2765625000000001
0 0.5515625 0.25468750000000007 0.4515625 0.25468750000000007 0.4515625 0.2968750000000001 0.5515625 0.2968750000000001
0 0.66875 0.25468750000000007 0.584375 0.25468750000000007 0.584375 0.27812500000000007 0.66875 0.27812500000000007
0 0.734375 0.2640625000000001 0.6953125 0.2640625000000001 0.6953125 0.2750000000000001 0.734375 0.2750000000000001
0 0.8734375 0.2531250000000001 0.7640625 0.2531250000000001 0.7640625 0.2750000000000001 0.8734375 0.2750000000000001
0 0.18593750000000003 0.3078125 0.14843750000000006 0.3078125 0.14843750000000006 0.33125 0.18593750000000003 0.33125
0 0.275 0.3203125 0.2234375 0.3203125 0.2234375 0.33125 0.275 0.33125
0 0.4421875 0.30781250000000004 0.30625 0.3078125 0.30625 0.33125000000000004 0.4421875 0.3312500000000001
0 0.4578125 0.3265625000000001 0.4546875 0.3265625000000001 0.4546875 0.3281250000000001 0.4578125 0.3281250000000001
0 0.521875 0.30156250000000007 0.484375 0.30156250000000007 0.484375 0.32500000000000007 0.521875 0.32500000000000007
0 0.5921875 0.3156250000000001 0.5515625 0.3156250000000001 0.5515625 0.3453125000000001 0.5921875 0.3453125000000001
0 0.7984375 0.3046875000000001 0.621875 0.3046875000000001 0.621875 0.3265625000000001 0.7984375 0.3265625000000001
0 0.8078125 0.3218750000000001 0.7984375 0.3218750000000001 0.7984375 0.3265625000000001 0.8078125 0.3265625000000001
0 0.23281250000000003 0.353125 0.15625000000000006 0.353125 0.15625000000000006 0.3765625 0.2328125000000001 0.3765625
0 0.3000000000000001 0.365625 0.2640625000000001 0.365625 0.2640625000000001 0.3765625 0.3000000000000001 0.3765625
0 0.39375000000000004 0.35781250000000003 0.3296875 0.3578125 0.3296875 0.37812500000000004 0.3937500000000001 0.3781250000000001
0 0.4640625 0.35625000000000007 0.425 0.35625000000000007 0.425 0.3781250000000001 0.4640625 0.3781250000000001
0 0.5453125 0.35625000000000007 0.49375 0.35625000000000007 0.49375 0.3750000000000001 0.5453125 0.3750000000000001
0 0.6109375 0.36406250000000007 0.5734375 0.36406250000000007 0.5734375 0.37968750000000007 0.6109375 0.37968750000000007
0 0.6953125 0.3625000000000001 0.6375 0.3625000000000001 0.6375 0.3812500000000001 0.6953125 0.3812500000000001
0 0.828125 0.36406250000000007 0.725 0.36406250000000007 0.725 0.39531250000000007 0.828125 0.39531250000000007
0 0.2328125000000001 0.40625 0.15937500000000004 0.40625 0.15937500000000004 0.453125 0.2328125000000001 0.453125
0 0.3046875000000001 0.40625 0.25468750000000007 0.40625 0.25468750000000007 0.4296875 0.3046875000000001 0.4296875
0 0.5078125 0.4078125 0.34062500000000007 0.4078125 0.34062500000000007 0.428125 0.5078125 0.428125
0 0.525 0.425 0.5203125 0.425 0.5203125 0.4296875 0.525 0.4296875
0 0.6140625 0.409375 0.5625 0.409375 0.5625 0.4265625 0.6140625 0.4265625
0 0.8171875 0.4078125000000001 0.6484375 0.4078125 0.6484375 0.4484375000000001 0.8171875 0.44843750000000016
0 0.2484375000000001 0.459375 0.16093750000000004 0.459375 0.16093750000000004 0.484375 0.2484375000000001 0.484375
0 0.3359375000000001 0.459375 0.2843750000000001 0.459375 0.2843750000000001 0.48125 0.3359375000000001 0.48125
0 0.440625 0.4609375 0.3765625000000001 0.4609375 0.3765625000000001 0.478125 0.440625 0.478125
0 0.5453125 0.4578125 0.4828125 0.4578125 0.4828125 0.478125 0.5453125 0.478125
0 0.696875 0.459375 0.5703125 0.459375 0.5703125 0.49375 0.696875 0.49375
0 0.775 0.4593750000000002 0.7359375 0.4593750000000002 0.7359375 0.49218750000000017 0.775 0.49218750000000017
0 0.18281250000000004 0.515625 0.16718750000000004 0.515625 0.16718750000000004 0.528125 0.18281250000000004 0.528125
0 0.3359375000000001 0.503125 0.21875000000000008 0.503125 0.21875000000000008 0.55 0.3359375000000001 0.55
0 0.3937500000000001 0.509375 0.3671875000000001 0.509375 0.3671875000000001 0.53125 0.3937500000000001 0.53125
0 0.45625 0.51875 0.4359375 0.51875 0.4359375 0.53125 0.45625 0.53125
0 0.590625 0.50625 0.4890625 0.50625 0.4890625 0.55 0.590625 0.55
0 0.6015625 0.525 0.5984375 0.525 0.5984375 0.5265625 0.6015625 0.5265625
0 0.684375 0.50625 0.6296875 0.50625 0.6296875 0.525 0.684375 0.525
0 0.821875 0.5078125000000001 0.703125 0.5078125 0.703125 0.5250000000000001 0.821875 0.5250000000000001
0 0.2656250000000001 0.5609375 0.1671875000000001 0.5609375 0.1671875000000001 0.5796875 0.2656250000000001 0.5796875
0 0.4546875 0.559375 0.2921875000000001 0.559375 0.2921875000000001 0.596875 0.4546875 0.596875
0 0.478125 0.5765625 0.46875 0.5765625 0.46875 0.5859375 0.478125 0.5859375
0 0.565625 0.5625 0.5125 0.5625 0.5125 0.5796875 0.565625 0.5796875
0 0.640625 0.5671875 0.5984375 0.5671875 0.5984375 0.578125 0.640625 0.578125
0 0.753125 0.5578125 0.6734375 0.5578125 0.6734375 0.5781250000000001 0.753125 0.5781250000000002
0 0.84375 0.5593750000000002 0.784375 0.5593750000000002 0.784375 0.5828125000000002 0.84375 0.5828125000000002
0 0.3062500000000001 0.60625 0.1781250000000001 0.60625 0.1781250000000001 0.646875 0.3062500000000001 0.646875
0 0.4703125 0.60625 0.3453125000000001 0.60625 0.3453125000000001 0.6296875 0.4703125 0.6296875
0 0.509375 0.6171875 0.49375 0.6171875 0.49375 0.628125 0.509375 0.628125
0 0.615625 0.6109375 0.5421875 0.6109375 0.5421875 0.63125 0.615625 0.63125
0 0.69375 0.609375 0.6453125 0.609375 0.6453125 0.63125 0.69375 0.63125
0 0.8578125 0.6062500000000001 0.725 0.60625 0.725 0.6453125000000001 0.8578125 0.6453125000000002
0 0.871875 0.6265625000000001 0.86875 0.6265625000000001 0.86875 0.6312500000000002 0.871875 0.6312500000000002