0 0.265625 0.2171875 0.13906250000000003 0.2171875 0.13906250000000003 0.234375 0.265625 0.234375
0 0.3 0.2203125 0.278125 0.2203125 0.278125 0.2359375 0.3 0.2359375
0 0.3890625 0.21562500000000004 0.3140625 0.215625 0.3140625 0.24062500000000003 0.3890625 0.2406250000000001
0 0.4625 0.2171875000000001 0.4 0.2171875000000001 0.4 0.23593750000000008 0.4625 0.23593750000000008
0 0.5203125 0.2234375000000001 0.475 0.2234375000000001 0.475 0.23593750000000008 0.5203125 0.23593750000000008
0 0.5859375 0.21875000000000008 0.5296875 0.21875000000000008 0.5296875 0.23437500000000008 0.5859375 0.23437500000000008
0 0.7046875 0.21875000000000008 0.603125 0.21875000000000008 0.603125 0.2390625000000001 0.7046875 0.2390625000000001
0 0.759375 0.21875000000000008 0.71875 0.21875000000000008 0.71875 0.23593750000000008 0.759375 0.23593750000000008
0 0.8328125 0.21875000000000008 0.775 0.21875000000000008 0.775 0.23593750000000008 0.8328125 0.23593750000000008
0 0.2828125 0.2703125 0.12968750000000004 0.2703125 0.12968750000000004 0.290625 0.2828125 0.290625
0 0.4109375 0.26875000000000004 0.296875 0.26875 0.296875 0.29531250000000003 0.4109375 0.2953125000000001
0 0.4796875 0.2671875000000001 0.425 0.2671875000000001 0.425 0.2843750000000001 0.4796875 0.2843750000000001
0 0.5296875 0.2656250000000001 0.4875 0.2656250000000001 0.4875 0.2843750000000001 0.5296875 0.2843750000000001
0 0.603125 0.2687500000000001 0.540625 0.2687500000000001 0.540625 0.2875000000000001 0.603125 0.2875000000000001
0 0.7375 0.2656250000000001 0.621875 0.2656250000000001 0.621875 0.2875000000000001 0.7375 0.2875000000000001
0 0.878125 0.2671875000000001 0.7546875 0.2671875000000001 0.7546875 0.2875000000000001 0.878125 0.2875000000000001
0 0.884375 0.2843750000000001 0.8796875 0.2843750000000001 0.8796875 0.2875000000000001 0.884375 0.2875000000000001
0 0.15468750000000003 0.3171875 0.12500000000000006 0.3171875 0.12500000000000006 0.3375 0.15468750000000003 0.3375
0 0.18281250000000004 0.3265625 0.16718750000000004 0.3265625 0.16718750000000004 0.3375 0.18281250000000004 0.3375
0 0.2546875 0.315625 0.19375000000000003 0.315625 0.19375000000000003 0.3453125 0.2546875 0.3453125
0 0.3375 0.31875 0.26875 0.31875 0.26875 0.3453125 0.3375 0.3453125
0 0.4421875 0.31718750000000007 0.3515625 0.3171875 0.3515625 0.3453125 0.4421875 0.3453125000000001
0 0.4875 0.3218750000000001 0.4546875 0.3218750000000001 0.4546875 0.3375000000000001 0.4875 0.3375000000000001
0 0.596875 0.3140625000000001 0.496875 0.3140625000000001 0.496875 0.3359375000000001 0.596875 0.3359375000000001
0 0.6453125 0.3156250000000001 0.6078125 0.3156250000000001 0.6078125 0.3359375000000001 0.6453125 0.3359375000000001
0 0.7375 0.31718750000000007 0.653125 0.31718750000000007 0.653125 0.34062500000000007 0.7375 0.34062500000000007
0 0.815625 0.3156250000000001 0.7484375 0.3156250000000001 0.7484375 0.3375000000000001 0.815625 0.3375000000000001
0 0.8515625 0.32500000000000007 0.828125 0.32500000000000007 0.828125 0.3359375000000001 0.8515625 0.3359375000000001
0 0.9 0.3156250000000001 0.8625 0.3156250000000001 0.8625 0.3375000000000001 0.9 0.3375000000000001
0 0.16093750000000004 0.3671875 0.12656250000000005 0.3671875 0.12656250000000005 0.390625 0.16093750000000004 0.390625
0 0.2328125000000001 0.36875 0.16406250000000006 0.36875 0.16406250000000006 0.3921875 0.2328125000000001 0.3921875
0 0.2843750000000001 0.371875 0.2468750000000001 0.371875 0.2468750000000001 0.390625 0.2843750000000001 0.390625
0 0.35625000000000007 0.3625 0.296875 0.3625 0.29687500000000006 0.39375 0.35625000000000007 0.39375
0 0.4671875 0.3609375000000001 0.3703125 0.3609375000000001 0.37031250000000004 0.3890625000000001 0.4671875 0.3890625000000001
0 0.5265625 0.3656250000000001 0.4765625 0.3656250000000001 0.4765625 0.3906250000000001 0.5265625 0.3906250000000001
0 0.5390625 0.3656250000000001 0.53125 0.3656250000000001 0.53125 0.3765625000000001 0.5390625 0.3765625000000001
0 0.565625 0.3734375000000001 0.5453125 0.3734375000000001 0.5453125 0.38750000000000007 0.565625 0.38750000000000007
0 0.640625 0.3703125000000001 0.5734375 0.3703125000000001 0.5734375 0.3906250000000001 0.640625 0.3906250000000001
0 0.734375 0.3656250000000001 0.6484375 0.3656250000000001 0.6484375 0.3906250000000001 0.734375 0.3906250000000001
0 0.7890625 0.3687500000000001 0.7484375 0.3687500000000001 0.7484375 0.38750000000000007 0.7890625 0.38750000000000007
0 0.928125 0.37187500000000007 0.7953125 0.37187500000000007 0.7953125 0.3906250000000001 0.928125 0.3906250000000001
0 0.14687500000000003 0.4140625 0.12031250000000004 0.4140625 0.12031250000000004 0.4375 0.14687500000000003 0.4375
0 0.21250000000000008 0.41875 0.15156250000000004 0.41875 0.15156250000000004 0.4390625 0.21250000000000008 0.4390625
0 0.2968750000000001 0.4171875 0.2218750000000001 0.4171875 0.2218750000000001 0.4453125 0.2968750000000001 0.4453125
0 0.3781250000000001 0.421875 0.3109375000000001 0.421875 0.3109375000000001 0.446875 0.3781250000000001 0.446875
0 0.50625 0.4140625 0.3890625000000001 0.4140625 0.3890625000000001 0.4390625 0.50625 0.4390625
0 0.53125 0.41875 0.5171875 0.41875 0.5171875 0.4375 0.53125 0.4375
0 0.5390625 0.4234375 0.53125 0.4234375 0.53125 0.4390625 0.5390625 0.4390625
0 0.5765625 0.425 0.5453125 0.425 0.5453125 0.4390625 0.5765625 0.4390625
0 0.58125 0.4390625 0.578125 0.4390625 0.578125 0.446875 0.58125 0.446875
0 0.6265625 0.41875 0.5859375 0.41875 0.5859375 0.4375 0.6265625 0.4375
0 0.6953125 0.425 0.634375 0.425 0.634375 0.4375 0.6953125 0.4375
0 0.765625 0.4234375000000001 0.7109375 0.4234375 0.7109375 0.4375000000000001 0.765625 0.43750000000000017
0 0.8171875 0.42500000000000016 0.778125 0.42500000000000016 0.778125 0.43750000000000017 0.8171875 0.43750000000000017
0 0.8578125 0.4234375000000002 0.8328125 0.4234375000000002 0.8328125 0.43750000000000017 0.8578125 0.43750000000000017
0 0.915625 0.41406250000000017 0.871875 0.41406250000000017 0.871875 0.4421875000000002 0.915625 0.4421875000000002
0 0.18906250000000005 0.471875 0.13593750000000004 0.471875 0.13593750000000004 0.4890625 0.18906250000000005 0.4890625
0 0.24218750000000008 0.471875 0.20468750000000008 0.471875 0.20468750000000008 0.4921875 0.24218750000000008 0.4921875
0 0.3609375000000001 0.465625 0.2656250000000001 0.465625 0.2656250000000001 0.4890625 0.3609375000000001 0.4890625
0 0.4015625 0.4703125 0.3765625000000001 0.4703125 0.3765625000000001 0.4890625 0.4015625 0.4890625
0 0.45625 0.46875 0.415625 0.46875 0.415625 0.4890625 0.45625 0.4890625
0 0.5546875 0.4703125 0.465625 0.4703125 0.465625 0.4890625 0.5546875 0.4890625
0 0.590625 0.4765625 0.5671875 0.4765625 0.5671875 0.4875 0.590625 0.4875
0 0.64375 0.4734375 0.603125 0.4734375 0.603125 0.5 0.64375 0.5
0 0.715625 0.465625 0.6609375 0.465625 0.6609375 0.4890625 0.715625 0.4890625
0 0.734375 0.4671875000000001 0.725 0.4671875 0.725 0.4750000000000001 0.734375 0.4750000000000002
0 0.8625 0.4671875000000002 0.73125 0.4671875000000002 0.73125 0.49531250000000016 0.8625 0.49531250000000016
0 0.86875 0.46875000000000017 0.8625 0.46875000000000017 0.8625 0.47968750000000016 0.86875 0.47968750000000016
0 0.2515625000000001 0.5203125 0.13750000000000004 0.5203125 0.13750000000000004 0.540625 0.2515625000000001 0.540625
0 0.2671875000000001 0.53125 0.2531250000000001 0.53125 0.2531250000000001 0.546875 0.2671875000000001 0.546875
0 0.3109375000000001 0.51875 0.2671875000000001 0.51875 0.2671875000000001 0.540625 0.3109375000000001 0.540625
0 0.3593750000000001 0.5296875 0.3156250000000001 0.5296875 0.3156250000000001 0.5421875 0.3593750000000001 0.5421875
0 0.3625000000000001 0.5390625 0.3546875000000001 0.5390625 0.3546875000000001 0.546875 0.3625000000000001 0.546875
0 0.4203125 0.51875 0.3687500000000001 0.51875 0.3687500000000001 0.540625 0.4203125 0.540625
0 0.44375 0.515625 0.4265625 0.515625 0.4265625 0.5453125 0.44375 0.5453125
0 0.4640625 0.53125 0.4484375 0.53125 0.4484375 0.540625 0.4640625 0.540625
0 0.4734375 0.5296875 0.465625 0.5296875 0.465625 0.540625 0.4734375 0.540625
0 0.603125 0.5203125 0.4890625 0.5203125 0.4890625 0.5421875 0.603125 0.5421875
0 0.6890625 0.5171875 0.615625 0.5171875 0.615625 0.5453125 0.6890625 0.5453125
0 0.7453125 0.5171875000000001 0.7015625 0.5171875 0.7015625 0.5390625000000001 0.7453125 0.5390625000000002
0 0.8796875 0.5156250000000002 0.7609375 0.5156250000000002 0.7609375 0.5390625000000002 0.8796875 0.5390625000000002
0 0.1609375000000001 0.571875 0.14062500000000008 0.571875 0.14062500000000008 0.590625 0.1609375000000001 0.590625
0 0.2171875000000001 0.56875 0.1750000000000001 0.56875 0.1750000000000001 0.5890625 0.2171875000000001 0.5890625
0 0.3078125000000001 0.5734375 0.2312500000000001 0.5734375 0.2312500000000001 0.590625 0.3078125000000001 0.590625
0 0.3500000000000001 0.5734375 0.3234375000000001 0.5734375 0.3234375000000001 0.590625 0.3500000000000001 0.590625
0 0.4203125 0.5734375 0.3671875000000001 0.5734375 0.3671875000000001 0.590625 0.4203125 0.590625
0 0.4796875 0.571875 0.440625 0.571875 0.440625 0.5890625 0.4796875 0.5890625
0 0.553125 0.571875 0.49375 0.571875 0.49375 0.5890625 0.553125 0.5890625
0 0.596875 0.5671875 0.5609375 0.5671875 0.5609375 0.5890625 0.596875 0.5890625
0 0.6875 0.5734375 0.609375 0.5734375 0.609375 0.5890625 0.6875 0.5890625
0 0.728125 0.5703125000000001 0.7 0.5703125 0.7 0.5890625 0.728125 0.5890625000000002
0 0.7921875 0.5687500000000002 0.7421875 0.5687500000000002 0.7421875 0.5890625000000002 0.7921875 0.5890625000000002
0 0.8921875 0.5593750000000002 0.8015625 0.5593750000000002 0.8015625 0.5890625000000002 0.8921875 0.5890625000000002
0 0.22812500000000008 0.61875 0.13437500000000008 0.61875 0.13437500000000008 0.640625 0.22812500000000008 0.640625
0 0.30156250000000007 0.6296875 0.24375000000000008 0.6296875 0.24375000000000008 0.6484375 0.30156250000000007 0.6484375
0 0.409375 0.6265625 0.3156250000000001 0.6265625 0.3156250000000001 0.65 0.409375 0.65
0 0.4296875 0.6296875 0.415625 0.6296875 0.415625 0.640625 0.4296875 0.640625
0 0.4578125 0.621875 0.43125 0.621875 0.43125 0.640625 0.4578125 0.640625
0 0.484375 0.6203125 0.48125 0.6203125 0.48125 0.640625 0.484375 0.640625
0 0.546875 0.63125 0.503125 0.63125 0.503125 0.64375 0.546875 0.64375
0 0.634375 0.61875 0.5703125 0.61875 0.5703125 0.6421875 0.634375 0.6421875
0 0.6796875 0.625 0.6515625 0.625 0.6515625 0.6390625 0.6796875 0.6390625
0 0.725 0.6203125 0.6953125 0.6203125 0.6953125 0.6390625 0.725 0.6390625
0 0.8640625 0.6109375000000001 0.7359375 0.6109375000000001 0.7359375 0.6390625000000002 0.8640625 0.6390625000000002
0 0.1765625000000001 0.675 0.1468750000000001 0.675 0.1468750000000001 0.6921875 0.1765625000000001 0.6921875
0 0.23593750000000008 0.6703125 0.19687500000000008 0.6703125 0.19687500000000008 0.690625 0.23593750000000008 0.690625
0 0.3687500000000001 0.66875 0.25468750000000007 0.66875 0.25468750000000007 0.69375 0.3687500000000001 0.69375
0 0.415625 0.675 0.3921875000000001 0.675 0.3921875000000001 0.690625 0.415625 0.690625
0 0.5359375 0.6640625 0.4390625 0.6640625 0.4390625 0.6921875 0.5359375 0.6921875
0 0.6015625 0.671875 0.5578125 0.671875 0.5578125 0.6921875 0.6015625 0.6921875
0 0.7046875 0.6625 0.634375 0.6625 0.634375 0.7 0.7046875 0.7
0 0.7078125 0.690625 0.703125 0.690625 0.703125 0.69375 0.7078125 0.69375