0 0.19062500000000004 0.2125 0.14531250000000004 0.2125 0.14531250000000004 0.2265625 0.19062500000000004 0.2265625
0 0.359375 0.2109375 0.2359375 0.2109375 0.2359375 0.228125 0.359375 0.228125
0 0.5265625 0.2093750000000001 0.40625 0.2093750000000001 0.40625 0.2296875000000001 0.5265625 0.2296875000000001
0 0.5921875 0.21250000000000008 0.5734375 0.21250000000000008 0.5734375 0.2234375000000001 0.5921875 0.2234375000000001
0 0.7296875 0.2062500000000001 0.625 0.2062500000000001 0.625 0.2234375000000001 0.7296875 0.2234375000000001
0 0.8796875 0.20468750000000008 0.7828125 0.20468750000000008 0.7828125 0.22656250000000008 0.8796875 0.22656250000000008
0 0.2828125 0.2609375 0.14687500000000003 0.2609375 0.14687500000000003 0.2765625 0.2828125 0.2765625
0 0.4359375 0.26250000000000007 0.34375 0.2625 0.34375 0.275 0.4359375 0.2750000000000001
0 0.509375 0.26250000000000007 0.4796875 0.26250000000000007 0.4796875 0.2734375000000001 0.509375 0.2734375000000001
0 0.5796875 0.2578125000000001 0.5328125 0.2578125000000001 0.5328125 0.27812500000000007 0.5796875 0.27812500000000007
0 0.6953125 0.2562500000000001 0.621875 0.2562500000000001 0.621875 0.2734375000000001 0.6953125 0.2734375000000001
0 0.7609375 0.2609375000000001 0.7359375 0.2609375000000001 0.7359375 0.2734375000000001 0.7609375 0.2734375000000001
0 0.784375 0.2578125000000001 0.7625 0.2578125000000001 0.7625 0.2734375000000001 0.784375 0.2734375000000001
0 0.8640625 0.2515625000000001 0.809375 0.2515625000000001 0.809375 0.2718750000000001 0.8640625 0.2718750000000001
0 0.2078125 0.3046875 0.13906250000000003 0.3046875 0.13906250000000003 0.3328125 0.2078125 0.3328125
0 0.3234375 0.315625 0.25 0.315625 0.25 0.33125 0.3234375 0.33125
0 0.38125 0.3156250000000001 0.371875 0.3156250000000001 0.371875 0.32500000000000007 0.38125 0.32500000000000007
0 0.4984375 0.3140625000000001 0.4078125 0.3140625000000001 0.4078125 0.3281250000000001 0.4984375 0.3281250000000001
0 0.5984375 0.3046875000000001 0.540625 0.3046875000000001 0.540625 0.32500000000000007 0.5984375 0.32500000000000007
0 0.653125 0.3125000000000001 0.64375 0.3125000000000001 0.64375 0.3234375000000001 0.653125 0.3234375000000001
0 0.6671875 0.3140625000000001 0.6578125 0.3140625000000001 0.6578125 0.32500000000000007 0.6671875 0.32500000000000007
0 0.7453125 0.30937500000000007 0.69375 0.30937500000000007 0.69375 0.3281250000000001 0.7453125 0.3281250000000001
0 0.83125 0.3125000000000001 0.775 0.3125000000000001 0.775 0.32500000000000007 0.83125 0.32500000000000007
0 0.8875 0.30937500000000007 0.8515625 0.30937500000000007 0.8515625 0.3218750000000001 0.8875 0.3218750000000001
0 0.22812500000000005 0.3625 0.14375000000000004 0.3625 0.14375000000000004 0.378125 0.22812500000000008 0.378125
0 0.321875 0.3609375 0.30625 0.3609375 0.30625 0.375 0.3218750000000001 0.375
0 0.36875 0.3609375 0.321875 0.3609375 0.321875 0.384375 0.3687500000000001 0.3843750000000001
0 0.5265625 0.3625000000000001 0.44375 0.3625000000000001 0.44375 0.37968750000000007 0.5265625 0.37968750000000007
0 0.6390625 0.36406250000000007 0.578125 0.36406250000000007 0.578125 0.3812500000000001 0.6390625 0.3812500000000001
0 0.7890625 0.3609375000000001 0.6875 0.3609375000000001 0.6875 0.3765625000000001 0.7890625 0.3765625000000001
0 0.8578125 0.36406250000000007 0.8296875 0.36406250000000007 0.8296875 0.3750000000000001 0.8578125 0.3750000000000001
0 0.19062500000000004 0.4140625 0.14687500000000003 0.4140625 0.14687500000000003 0.4296875 0.19062500000000004 0.4296875
0 0.4609375 0.4125 0.2468750000000001 0.4125 0.2468750000000001 0.428125 0.4609375 0.428125
0 0.553125 0.4125 0.5015625 0.4125 0.5015625 0.428125 0.553125 0.428125
0 0.65625 0.40625 0.58125 0.40625 0.58125 0.4265625 0.65625 0.4265625
0 0.7234375 0.4109375 0.6953125 0.4109375 0.6953125 0.4234375 0.7234375 0.4234375
0 0.8015625 0.40625000000000017 0.75625 0.40625000000000017 0.75625 0.42187500000000017 0.8015625 0.42187500000000017
0 0.90625 0.40937500000000016 0.8359375 0.40937500000000016 0.8359375 0.4281250000000002 0.90625 0.4281250000000002
0 0.2093750000000001 0.465625 0.14843750000000006 0.465625 0.14843750000000006 0.478125 0.2093750000000001 0.478125
0 0.2687500000000001 0.465625 0.2406250000000001 0.465625 0.2406250000000001 0.475 0.2687500000000001 0.475
0 0.3468750000000001 0.459375 0.30937500000000007 0.459375 0.30937500000000007 0.4765625 0.3468750000000001 0.4765625
0 0.4421875 0.465625 0.3890625000000001 0.465625 0.3890625000000001 0.475 0.4421875 0.475
0 0.5484375 0.4609375 0.4875 0.4609375 0.4875 0.478125 0.5484375 0.478125
0 0.5578125 0.4734375 0.5546875 0.4734375 0.5546875 0.475 0.5578125 0.475
0 0.6515625 0.459375 0.6015625 0.459375 0.6015625 0.475 0.6515625 0.475
0 0.7390625 0.4593750000000001 0.6828125 0.459375 0.6828125 0.4765625000000001 0.7390625 0.47656250000000017
0 0.80625 0.4593750000000002 0.7703125 0.4593750000000002 0.7703125 0.47656250000000017 0.80625 0.47656250000000017
0 0.853125 0.4625000000000002 0.8421875 0.4625000000000002 0.8421875 0.47187500000000016 0.853125 0.47187500000000016
0 0.2406250000000001 0.5125 0.15468750000000003 0.5125 0.15468750000000003 0.5296875 0.2406250000000001 0.5296875
0 0.3625000000000001 0.515625 0.29375000000000007 0.515625 0.29375000000000007 0.5296875 0.3625000000000001 0.5296875
0 0.471875 0.509375 0.4078125 0.509375 0.4078125 0.5265625 0.471875 0.5265625
0 0.546875 0.5140625 0.5078125 0.5140625 0.5078125 0.528125 0.546875 0.528125
0 0.6390625 0.5125 0.6015625 0.5125 0.6015625 0.528125 0.6390625 0.528125
0 0.753125 0.5125000000000001 0.66875 0.5125 0.66875 0.5296875000000001 0.753125 0.5296875000000002
0 0.8421875 0.5140625000000002 0.7953125 0.5140625000000002 0.7953125 0.5265625000000002 0.8421875 0.5265625000000002
0 0.27812500000000007 0.5609375 0.1609375000000001 0.5609375 0.1609375000000001 0.5828125 0.27812500000000007 0.5828125
0 0.39531250000000007 0.5625 0.3296875000000001 0.5625 0.3296875000000001 0.58125 0.39531250000000007 0.58125
0 0.475 0.5671875 0.4453125 0.5671875 0.4453125 0.578125 0.475 0.578125
0 0.55 0.5625 0.50625 0.5625 0.50625 0.578125 0.55 0.578125
0 0.55625 0.575 0.553125 0.575 0.553125 0.5765625 0.55625 0.5765625
0 0.63125 0.5546875 0.6 0.5546875 0.6 0.578125 0.63125 0.578125
0 0.7125 0.5671875 0.6640625 0.5671875 0.6640625 0.5796875 0.7125 0.5796875
0 0.7875 0.5671875000000002 0.7578125 0.5671875000000002 0.7578125 0.5781250000000002 0.7875 0.5781250000000002
0 0.8265625 0.5656250000000002 0.815625 0.5656250000000002 0.815625 0.5750000000000002 0.8265625 0.5750000000000002
0 0.2406250000000001 0.615625 0.1703125000000001 0.615625 0.1703125000000001 0.63125 0.2406250000000001 0.63125
0 0.3750000000000001 0.6109375 0.3062500000000001 0.6109375 0.3062500000000001 0.6296875 0.3750000000000001 0.6296875
0 0.5109375 0.6109375 0.4234375 0.6109375 0.4234375 0.6296875 0.5109375 0.6296875
0 0.615625 0.6109375 0.5765625 0.6109375 0.5765625 0.6328125 0.615625 0.6328125
0 0.746875 0.6156250000000001 0.66875 0.615625 0.66875 0.6328125000000001 0.746875 0.6328125000000002
0 0.83125 0.6156250000000002 0.803125 0.6156250000000002 0.803125 0.6281250000000002 0.83125 0.6281250000000002
0 0.2500000000000001 0.6640625 0.18750000000000008 0.6640625 0.18750000000000008 0.6828125 0.2500000000000001 0.6828125
0 0.3515625000000001 0.6625 0.2953125000000001 0.6625 0.2953125000000001 0.6796875 0.3515625000000001 0.6796875
0 0.421875 0.6671875 0.4078125 0.6671875 0.4078125 0.678125 0.421875 0.678125
0 0.45 0.665625 0.421875 0.665625 0.421875 0.678125 0.45 0.678125
0 0.565625 0.6640625 0.496875 0.6640625 0.496875 0.68125 0.565625 0.68125
0 0.665625 0.665625 0.6125 0.665625 0.6125 0.678125 0.665625 0.678125
0 0.784375 0.6609375000000001 0.7078125 0.6609375 0.7078125 0.6812500000000001 0.784375 0.6812500000000001
0 0.8359375 0.6656250000000001 0.8234375 0.6656250000000001 0.8234375 0.6781250000000002 0.8359375 0.6781250000000002
0 0.2953125000000001 0.7140625 0.20468750000000008 0.7140625 0.20468750000000008 0.73125 0.2953125000000001 0.73125
0 0.3906250000000001 0.715625 0.3546875000000001 0.715625 0.3546875000000001 0.73125 0.3906250000000001 0.73125
0 0.4953125000000001 0.7125 0.4328125 0.7125 0.4328125000000001 0.73125 0.49531250000000016 0.73125
0 0.64375 0.7171875 0.5625 0.7171875 0.5625000000000001 0.734375 0.6437500000000002 0.734375
0 0.7140625 0.7140625 0.69375 0.7140625 0.6937500000000001 0.7296875 0.7140625000000002 0.7296875
0 0.7593750000000001 0.7171875000000002 0.7421875 0.7171875000000002 0.7421875000000001 0.7281250000000001 0.7593750000000001 0.7281250000000001
0 0.8515625 0.7125000000000001 0.8 0.7125000000000001 0.8 0.7296875000000002 0.8515625 0.7296875000000002
0 0.3390625000000001 0.7734375 0.14218750000000008 0.7734375 0.14218750000000008 0.7890625 0.3390625000000001 0.7890625
0 0.48750000000000016 0.7734375 0.3828125000000001 0.7734375 0.3828125000000001 0.7890625 0.48750000000000016 0.7890625
0 0.5406250000000001 0.7734375 0.48750000000000016 0.7734375 0.48750000000000016 0.7890625 0.5406250000000001 0.7890625
0 0.5937500000000002 0.7765625 0.5828125000000002 0.7765625 0.5828125000000002 0.7890625 0.5937500000000002 0.7890625
0 0.6234375000000002 0.7734375 0.5937500000000002 0.7734375 0.5937500000000002 0.7890625 0.6234375000000002 0.7890625
0 0.6562500000000002 0.7734375 0.6250000000000002 0.7734375 0.6250000000000002 0.7890625 0.6562500000000002 0.7890625
0 0.7078125000000002 0.7734375 0.6968750000000001 0.7734375 0.6968750000000001 0.7890625 0.7078125000000002 0.7890625
0 0.7937500000000002 0.7765625 0.7109375000000002 0.7765625 0.7109375000000002 0.7890625000000001 0.7937500000000002 0.7890625000000002
0 0.8921875 0.7734375000000002 0.7921875000000002 0.7734375000000002 0.7921875000000002 0.7890625000000002 0.8921875 0.7890625000000002