0 0.17968750000000006 0.2578125 0.15312500000000004 0.2578125 0.15312500000000004 0.271875 0.17968750000000006 0.271875
0 0.225 0.2578125 0.18437500000000004 0.2578125 0.18437500000000004 0.2796875 0.225 0.2796875
0 0.2875 0.2578125 0.2421875 0.2578125 0.2421875 0.2734375 0.2875 0.2734375
0 0.334375 0.265625 0.296875 0.265625 0.296875 0.2734375 0.334375 0.2734375
0 0.4375 0.25781250000000006 0.3546875 0.2578125 0.3546875 0.28437500000000004 0.4375 0.2843750000000001
0 0.4984375 0.2593750000000001 0.4625 0.2593750000000001 0.4625 0.2734375000000001 0.4984375 0.2734375000000001
0 0.528125 0.2687500000000001 0.5046875 0.2687500000000001 0.5046875 0.2750000000000001 0.528125 0.2750000000000001
0 0.565625 0.26250000000000007 0.5484375 0.26250000000000007 0.5484375 0.2750000000000001 0.565625 0.2750000000000001
0 0.6140625 0.26250000000000007 0.58125 0.26250000000000007 0.58125 0.2765625000000001 0.6140625 0.2765625000000001
0 0.6984375 0.26250000000000007 0.6296875 0.26250000000000007 0.6296875 0.2765625000000001 0.6984375 0.2765625000000001
0 0.74375 0.2593750000000001 0.71875 0.2593750000000001 0.71875 0.2796875000000001 0.74375 0.2796875000000001
0 0.7765625 0.2609375000000001 0.7484375 0.2609375000000001 0.7484375 0.2734375000000001 0.7765625 0.2734375000000001
0 0.15000000000000005 0.309375 0.14375000000000004 0.309375 0.14375000000000004 0.3125 0.15000000000000005 0.3125
0 0.253125 0.3109375 0.15468750000000003 0.3109375 0.15468750000000003 0.328125 0.253125 0.328125
0 0.2703125 0.3109375 0.2640625 0.3109375 0.2640625 0.3140625 0.2703125 0.3140625
0 0.3296875 0.309375 0.2921875 0.309375 0.2921875 0.3234375 0.3296875 0.3234375
0 0.3609375 0.315625 0.3390625 0.315625 0.3390625 0.3234375 0.3609375 0.3234375
0 0.4234375 0.3109375000000001 0.38125 0.3109375000000001 0.38125 0.32500000000000007 0.4234375 0.32500000000000007
0 0.56875 0.3125000000000001 0.44375 0.3125000000000001 0.44375 0.3296875000000001 0.56875 0.3296875000000001
0 0.609375 0.3109375000000001 0.5875 0.3109375000000001 0.5875 0.3234375000000001 0.609375 0.3234375000000001
0 0.7046875 0.3109375000000001 0.6265625 0.3109375000000001 0.6265625 0.3343750000000001 0.7046875 0.3343750000000001
0 0.7484375 0.30937500000000007 0.7234375 0.30937500000000007 0.7234375 0.33281250000000007 0.7484375 0.33281250000000007
0 0.7921875 0.3187500000000001 0.7609375 0.3187500000000001 0.7609375 0.3359375000000001 0.7921875 0.3359375000000001
0 0.21562500000000004 0.359375 0.14687500000000003 0.359375 0.14687500000000003 0.3796875 0.2156250000000001 0.3796875
0 0.34375000000000006 0.3625 0.23125 0.3625 0.23125000000000004 0.38125 0.3437500000000001 0.38125
0 0.39375000000000004 0.3625000000000001 0.3734375 0.3625000000000001 0.37343750000000003 0.3750000000000001 0.3937500000000001 0.3750000000000001
0 0.4578125 0.36406250000000007 0.3968750000000001 0.36406250000000007 0.3968750000000001 0.3828125000000001 0.4578125 0.3828125000000001
0 0.4921875 0.3625000000000001 0.471875 0.3625000000000001 0.471875 0.3750000000000001 0.4921875 0.3750000000000001
0 0.5515625 0.3625000000000001 0.5109375 0.3625000000000001 0.5109375 0.3750000000000001 0.5515625 0.3750000000000001
0 0.60625 0.3593750000000001 0.58125 0.3593750000000001 0.58125 0.37968750000000007 0.60625 0.37968750000000007
0 0.6390625 0.3687500000000001 0.60625 0.3687500000000001 0.60625 0.3750000000000001 0.6390625 0.3750000000000001
0 0.721875 0.3671875000000001 0.653125 0.3671875000000001 0.653125 0.3765625000000001 0.721875 0.3765625000000001
0 0.73125 0.3734375000000001 0.728125 0.3734375000000001 0.728125 0.3765625000000001 0.73125 0.3765625000000001
0 0.8421875 0.3625000000000001 0.75625 0.3625000000000001 0.75625 0.3750000000000001 0.8421875 0.3750000000000001
0 0.2093750000000001 0.4109375 0.14531250000000004 0.4109375 0.14531250000000004 0.425 0.2093750000000001 0.425
0 0.21875000000000008 0.4234375 0.2140625000000001 0.4234375 0.2140625000000001 0.428125 0.21875000000000008 0.428125
0 0.2531250000000001 0.41875 0.2328125000000001 0.41875 0.2328125000000001 0.425 0.2531250000000001 0.425
0 0.3062500000000001 0.4125 0.2671875000000001 0.4125 0.2671875000000001 0.434375 0.3062500000000001 0.434375
0 0.3125000000000001 0.4234375 0.3078125000000001 0.4234375 0.3078125000000001 0.4265625 0.3125000000000001 0.4265625
0 0.3625000000000001 0.41875 0.33281250000000007 0.41875 0.33281250000000007 0.425 0.3625000000000001 0.425
0 0.4421875 0.4125 0.3828125000000001 0.4125 0.3828125000000001 0.4265625 0.4421875 0.4265625
0 0.475 0.4125 0.45625 0.4125 0.45625 0.425 0.475 0.425
0 0.5015625 0.4140625 0.484375 0.4140625 0.484375 0.4265625 0.5015625 0.4265625
0 0.5671875 0.415625 0.509375 0.415625 0.509375 0.428125 0.5671875 0.428125
0 0.6109375 0.4140625 0.584375 0.4140625 0.584375 0.428125 0.6109375 0.428125
0 0.6421875 0.4140625 0.6203125 0.4140625 0.6203125 0.4265625 0.6421875 0.4265625
0 0.796875 0.4140625000000001 0.6625 0.4140625 0.6625 0.4312500000000001 0.796875 0.4312500000000002
0 0.8421875 0.41406250000000017 0.8171875 0.41406250000000017 0.8171875 0.43281250000000016 0.8421875 0.43281250000000016
0 0.17968750000000006 0.4609375 0.14218750000000005 0.4609375 0.14218750000000005 0.475 0.17968750000000006 0.475
0 0.2406250000000001 0.4625 0.2062500000000001 0.4625 0.2062500000000001 0.475 0.2406250000000001 0.475
0 0.30156250000000007 0.4625 0.2609375000000001 0.4625 0.2609375000000001 0.475 0.30156250000000007 0.475
0 0.3140625000000001 0.471875 0.3078125000000001 0.471875 0.3078125000000001 0.4765625 0.3140625000000001 0.4765625
0 0.3578125000000001 0.46875 0.32500000000000007 0.46875 0.32500000000000007 0.475 0.3578125000000001 0.475
0 0.3921875000000001 0.4625 0.37187500000000007 0.4625 0.37187500000000007 0.475 0.3921875000000001 0.475
0 0.4546875 0.46875 0.40625 0.46875 0.40625 0.4828125 0.4546875 0.4828125
0 0.4703125 0.4734375 0.4640625 0.4734375 0.4640625 0.478125 0.4703125 0.478125
0 0.559375 0.4671875 0.496875 0.4671875 0.496875 0.4828125 0.559375 0.4828125
0 0.6171875 0.465625 0.571875 0.465625 0.571875 0.4765625 0.6171875 0.4765625
0 0.703125 0.4640625 0.6328125 0.4640625 0.6328125 0.4890625 0.703125 0.4890625
0 0.7734375 0.46562500000000007 0.725 0.465625 0.725 0.4796875000000001 0.7734375 0.47968750000000016
0 0.7875 0.4781250000000002 0.78125 0.4781250000000002 0.78125 0.4812500000000002 0.7875 0.4812500000000002
0 0.8953125 0.46406250000000016 0.80625 0.46406250000000016 0.80625 0.4781250000000002 0.8953125 0.4781250000000002
0 0.18593750000000003 0.5140625 0.14687500000000003 0.5140625 0.14687500000000003 0.5265625 0.18593750000000003 0.5265625
0 0.2687500000000001 0.5125 0.21250000000000008 0.5125 0.21250000000000008 0.5265625 0.2687500000000001 0.5265625
0 0.3343750000000001 0.51875 0.2984375000000001 0.51875 0.2984375000000001 0.5265625 0.3343750000000001 0.5265625
0 0.425 0.515625 0.3453125000000001 0.515625 0.3453125000000001 0.5421875 0.425 0.5421875
0 0.440625 0.525 0.434375 0.525 0.434375 0.5296875 0.440625 0.5296875
0 0.534375 0.51875 0.4640625 0.51875 0.4640625 0.5390625 0.534375 0.5390625
0 0.6015625 0.5140625 0.5578125 0.5140625 0.5578125 0.5265625 0.6015625 0.5265625
0 0.6890625 0.5140625 0.6125 0.5140625 0.6125 0.528125 0.6890625 0.528125
0 0.79375 0.5171875000000001 0.7140625 0.5171875 0.7140625 0.5375000000000001 0.79375 0.5375000000000002
0 0.871875 0.5218750000000002 0.8140625 0.5218750000000002 0.8140625 0.5406250000000001 0.871875 0.5406250000000001
0 0.1750000000000001 0.56875 0.1437500000000001 0.56875 0.1437500000000001 0.5765625 0.1750000000000001 0.5765625
0 0.1937500000000001 0.5734375 0.18750000000000008 0.5734375 0.18750000000000008 0.578125 0.1937500000000001 0.578125
0 0.2640625000000001 0.5703125 0.2078125000000001 0.5703125 0.2078125000000001 0.5765625 0.2640625000000001 0.5765625
0 0.3234375000000001 0.565625 0.2843750000000001 0.565625 0.2843750000000001 0.5765625 0.3234375000000001 0.5765625
0 0.415625 0.565625 0.3390625000000001 0.565625 0.3390625000000001 0.578125 0.415625 0.578125
0 0.4359375 0.5734375 0.43125 0.5734375 0.43125 0.5796875 0.4359375 0.5796875
0 0.4828125 0.565625 0.45 0.565625 0.45 0.5765625 0.4828125 0.5765625
0 0.5390625 0.565625 0.4984375 0.565625 0.4984375 0.578125 0.5390625 0.578125
0 0.59375 0.5703125 0.5421875 0.5703125 0.5421875 0.590625 0.59375 0.590625
0 0.6671875 0.565625 0.615625 0.565625 0.615625 0.578125 0.6671875 0.578125
0 0.6734375 0.5765625 0.671875 0.5765625 0.671875 0.578125 0.6734375 0.578125