0 0.17031250000000003 0.20625 0.12812500000000004 0.20625 0.12812500000000004 0.221875 0.17031250000000003 0.221875
0 0.2609375 0.2046875 0.19687500000000005 0.2046875 0.19687500000000005 0.221875 0.2609375 0.221875
0 0.3859375 0.20156250000000003 0.2859375 0.2015625 0.2859375 0.22187500000000004 0.3859375 0.2218750000000001
0 0.5 0.2078125000000001 0.40625 0.2078125000000001 0.40625 0.22656250000000008 0.5 0.22656250000000008
0 0.6078125 0.2078125000000001 0.5203125 0.2078125000000001 0.5203125 0.2234375000000001 0.6078125 0.2234375000000001
0 0.6640625 0.2078125000000001 0.6265625 0.2078125000000001 0.6265625 0.2218750000000001 0.6640625 0.2218750000000001
0 0.70625 0.2078125000000001 0.6828125 0.2078125000000001 0.6828125 0.2218750000000001 0.70625 0.2218750000000001
0 0.75 0.2093750000000001 0.71875 0.2093750000000001 0.71875 0.2218750000000001 0.75 0.2218750000000001
0 0.8703125 0.2062500000000001 0.7796875 0.2062500000000001 0.7796875 0.2328125000000001 0.8703125 0.2328125000000001
0 0.2 0.2625 0.13437500000000005 0.2625 0.13437500000000005 0.2734375 0.2 0.2734375
0 0.2921875 0.2578125 0.221875 0.2578125 0.221875 0.2734375 0.2921875 0.2734375
0 0.3421875 0.2640625 0.3234375 0.2640625 0.3234375 0.271875 0.3421875 0.271875
0 0.4875 0.2562500000000001 0.36875 0.2562500000000001 0.36875 0.2812500000000001 0.4875 0.2812500000000001
0 0.503125 0.2687500000000001 0.5015625 0.2687500000000001 0.5015625 0.2687500000000001 0.503125 0.2687500000000001
0 0.6390625 0.2562500000000001 0.53125 0.2562500000000001 0.53125 0.2734375000000001 0.6390625 0.2734375000000001
0 0.6890625 0.2578125000000001 0.659375 0.2578125000000001 0.659375 0.2734375000000001 0.6890625 0.2734375000000001
0 0.7609375 0.2562500000000001 0.7109375 0.2562500000000001 0.7109375 0.2718750000000001 0.7609375 0.2718750000000001
0 0.8421875 0.25468750000000007 0.78125 0.25468750000000007 0.78125 0.27812500000000007 0.8421875 0.27812500000000007
0 0.21875 0.309375 0.13125000000000003 0.309375 0.13125000000000003 0.321875 0.21875 0.321875
0 0.2734375 0.30625 0.246875 0.30625 0.246875 0.3265625 0.2734375 0.3265625
0 0.353125 0.30625 0.3 0.30625 0.3 0.3234375 0.353125 0.3234375
0 0.4546875 0.3062500000000001 0.38125 0.3062500000000001 0.38125 0.32500000000000007 0.4546875 0.32500000000000007
0 0.5484375 0.3062500000000001 0.48125 0.3062500000000001 0.48125 0.3234375000000001 0.5484375 0.3234375000000001
0 0.7109375 0.3078125000000001 0.5859375 0.3078125000000001 0.5859375 0.3218750000000001 0.7109375 0.3218750000000001
0 0.7265625 0.31718750000000007 0.7234375 0.31718750000000007 0.7234375 0.3265625000000001 0.7265625 0.3265625000000001
0 0.8046875 0.3046875000000001 0.7546875 0.3046875000000001 0.7546875 0.3218750000000001 0.8046875 0.3218750000000001
0 0.24218750000000006 0.353125 0.12500000000000006 0.353125 0.12500000000000006 0.384375 0.24218750000000008 0.384375
0 0.30781250000000004 0.35625 0.2796875 0.35625 0.27968750000000003 0.3765625 0.3078125000000001 0.3765625
0 0.40625 0.35625000000000007 0.34375 0.35625 0.34375000000000006 0.37343750000000003 0.40625 0.3734375000000001
0 0.5046875 0.3593750000000001 0.4453125 0.3593750000000001 0.4453125 0.3750000000000001 0.5046875 0.3750000000000001
0 0.596875 0.35625000000000007 0.5359375 0.35625000000000007 0.5359375 0.3734375000000001 0.596875 0.3734375000000001
0 0.690625 0.36406250000000007 0.634375 0.36406250000000007 0.634375 0.3750000000000001 0.690625 0.3750000000000001
0 0.81875 0.3546875000000001 0.709375 0.3546875000000001 0.709375 0.3734375000000001 0.81875 0.3734375000000001
0 0.875 0.3546875000000001 0.8484375 0.3546875000000001 0.8484375 0.3828125000000001 0.875 0.3828125000000001
0 0.16718750000000004 0.403125 0.12343750000000005 0.403125 0.12343750000000005 0.421875 0.16718750000000004 0.421875
0 0.2375000000000001 0.4140625 0.19531250000000006 0.4140625 0.19531250000000006 0.4234375 0.2375000000000001 0.4234375
0 0.3000000000000001 0.4078125 0.2718750000000001 0.4078125 0.2718750000000001 0.4265625 0.3000000000000001 0.4265625
0 0.3578125000000001 0.4140625 0.3265625000000001 0.4140625 0.3265625000000001 0.4234375 0.3578125000000001 0.4234375
0 0.4984375 0.4140625 0.38750000000000007 0.4140625 0.38750000000000007 0.4375 0.4984375 0.4375
0 0.6046875 0.4125 0.534375 0.4125 0.534375 0.4234375 0.6046875 0.4234375
0 0.7625 0.4078125000000001 0.63125 0.4078125 0.63125 0.4250000000000001 0.7625 0.42500000000000016
0 0.8609375 0.40625000000000017 0.7875 0.40625000000000017 0.7875 0.4234375000000002 0.8609375 0.4234375000000002
0 0.2093750000000001 0.45625 0.12500000000000006 0.45625 0.12500000000000006 0.4765625 0.2093750000000001 0.4765625
0 0.2250000000000001 0.4734375 0.22031250000000008 0.4734375 0.22031250000000008 0.4765625 0.2250000000000001 0.4765625
0 0.3187500000000001 0.45625 0.2640625000000001 0.45625 0.2640625000000001 0.4734375 0.3187500000000001 0.4734375
0 0.39531250000000007 0.45625 0.3468750000000001 0.45625 0.3468750000000001 0.4734375 0.39531250000000007 0.4734375
0 0.509375 0.453125 0.43125 0.453125 0.43125 0.4765625 0.509375 0.4765625
0 0.56875 0.4640625 0.5359375 0.4640625 0.5359375 0.4734375 0.56875 0.4734375
0 0.640625 0.459375 0.584375 0.459375 0.584375 0.475 0.640625 0.475
0 0.7859375 0.45781250000000007 0.6578125 0.4578125 0.6578125 0.47343750000000007 0.7859375 0.4734375000000002
0 0.8921875 0.4578125000000002 0.8125 0.4578125000000002 0.8125 0.4828125000000002 0.8921875 0.4828125000000002
0 0.16250000000000003 0.5078125 0.13437500000000005 0.5078125 0.13437500000000005 0.5265625 0.16250000000000003 0.5265625
0 0.2406250000000001 0.5078125 0.19375000000000003 0.5078125 0.19375000000000003 0.5234375 0.2406250000000001 0.5234375
0 0.3312500000000001 0.50625 0.27031250000000007 0.50625 0.27031250000000007 0.5265625 0.3312500000000001 0.5265625
0 0.415625 0.509375 0.3609375000000001 0.509375 0.3609375000000001 0.525 0.415625 0.525
0 0.528125 0.5125 0.4515625 0.5125 0.4515625 0.534375 0.528125 0.534375
0 0.5875 0.5078125 0.5609375 0.5078125 0.5609375 0.528125 0.5875 0.528125
0 0.6625 0.509375 0.6125 0.509375 0.6125 0.5265625 0.6625 0.5265625
0 0.834375 0.5062500000000001 0.6890625 0.50625 0.6890625 0.5312500000000001 0.834375 0.5312500000000002
0 0.2578125000000001 0.55625 0.11875000000000009 0.55625 0.11875000000000009 0.575 0.2578125000000001 0.575
0 0.3296875000000001 0.55625 0.3046875000000001 0.55625 0.3046875000000001 0.578125 0.3296875000000001 0.578125
0 0.446875 0.55625 0.3812500000000001 0.55625 0.3812500000000001 0.575 0.446875 0.575
0 0.546875 0.559375 0.490625 0.559375 0.490625 0.5765625 0.546875 0.5765625
0 0.5640625 0.5734375 0.5609375 0.5734375 0.5609375 0.584375 0.5640625 0.584375
0 0.6140625 0.5671875 0.5828125 0.5671875 0.5828125 0.5765625 0.6140625 0.5765625
0 0.6796875 0.5578125 0.6265625 0.5578125 0.6265625 0.5796875 0.6796875 0.5796875
0 0.784375 0.5593750000000001 0.7171875 0.559375 0.7171875 0.5796875000000001 0.784375 0.5796875000000001
0 0.915625 0.5578125000000002 0.809375 0.5578125000000002 0.809375 0.5875000000000001 0.915625 0.5875000000000001
0 0.14218750000000008 0.6140625 0.1218750000000001 0.6140625 0.1218750000000001 0.625 0.14218750000000008 0.625
0 0.2609375000000001 0.609375 0.1765625000000001 0.609375 0.1765625000000001 0.634375 0.2609375000000001 0.634375
0 0.3203125000000001 0.609375 0.2968750000000001 0.609375 0.2968750000000001 0.63125 0.3203125000000001 0.63125
0 0.4671875 0.609375 0.3593750000000001 0.609375 0.3593750000000001 0.6265625 0.4671875 0.6265625
0 0.5953125 0.609375 0.5 0.609375 0.5 0.6359375 0.5953125 0.6359375
0 0.615625 0.621875 0.6109375 0.621875 0.6109375 0.6328125 0.615625 0.6328125
0 0.69375 0.6109375 0.640625 0.6109375 0.640625 0.6265625 0.69375 0.6265625
0 0.8546875 0.6093750000000002 0.7265625 0.6093750000000002 0.7265625 0.6328125000000002 0.8546875 0.6328125000000002
0 0.2843750000000001 0.659375 0.12500000000000008 0.659375 0.12500000000000008 0.684375 0.2843750000000001 0.684375
0 0.3390625000000001 0.665625 0.3203125000000001 0.665625 0.3203125000000001 0.675 0.3390625000000001 0.675
0 0.44375 0.6578125 0.3687500000000001 0.6578125 0.3687500000000001 0.68125 0.44375 0.68125
0 0.64375 0.6578125 0.48125 0.6578125 0.48125 0.678125 0.64375 0.678125
0 0.7984375 0.659375 0.6953125 0.659375 0.6953125 0.6843750000000001 0.7984375 0.6843750000000002
0 0.8125 0.6750000000000002 0.809375 0.6750000000000002 0.809375 0.6765625000000002 0.8125 0.6765625000000002