0 0.19531250000000006 0.20625 0.13593750000000004 0.20625 0.13593750000000004 0.2296875 0.19531250000000006 0.2296875
0 0.25 0.2125 0.215625 0.2125 0.215625 0.23125 0.25 0.23125
0 0.334375 0.209375 0.265625 0.209375 0.265625 0.2328125 0.334375 0.2328125
0 0.390625 0.21250000000000005 0.3515625 0.2125 0.3515625 0.23281250000000003 0.390625 0.2328125000000001
0 0.453125 0.2093750000000001 0.4046875 0.2093750000000001 0.4046875 0.2328125000000001 0.453125 0.2328125000000001
0 0.65 0.2140625000000001 0.475 0.2140625000000001 0.475 0.23437500000000008 0.65 0.23437500000000008
0 0.7046875 0.2156250000000001 0.659375 0.2156250000000001 0.659375 0.23437500000000008 0.7046875 0.23437500000000008
0 0.715625 0.2328125000000001 0.7078125 0.2328125000000001 0.7078125 0.2406250000000001 0.715625 0.2406250000000001
0 0.796875 0.2156250000000001 0.7453125 0.2156250000000001 0.7453125 0.24218750000000008 0.796875 0.24218750000000008
0 0.8796875 0.2234375000000001 0.8109375 0.2234375000000001 0.8109375 0.23593750000000008 0.8796875 0.23593750000000008
0 0.225 0.2578125 0.12968750000000004 0.2578125 0.12968750000000004 0.2953125 0.225 0.2953125
0 0.25625 0.2734375 0.246875 0.2734375 0.246875 0.2859375 0.25625 0.2859375
0 0.303125 0.2625 0.26875 0.2625 0.26875 0.2765625 0.303125 0.2765625
0 0.378125 0.259375 0.315625 0.259375 0.315625 0.2828125 0.378125 0.2828125000000001
0 0.496875 0.2640625000000001 0.3984375 0.2640625000000001 0.3984375 0.2843750000000001 0.496875 0.2843750000000001
0 0.51875 0.2796875000000001 0.5109375 0.2796875000000001 0.5109375 0.2890625000000001 0.51875 0.2890625000000001
0 0.58125 0.2734375000000001 0.528125 0.2734375000000001 0.528125 0.2843750000000001 0.58125 0.2843750000000001
0 0.68125 0.2750000000000001 0.6 0.2750000000000001 0.6 0.2875000000000001 0.68125 0.2875000000000001
0 0.765625 0.2640625000000001 0.6984375 0.2640625000000001 0.6984375 0.2843750000000001 0.765625 0.2843750000000001
0 0.859375 0.2640625000000001 0.7828125 0.2640625000000001 0.7828125 0.28593750000000007 0.859375 0.28593750000000007
0 0.2421875 0.3046875 0.13281250000000006 0.3046875 0.13281250000000006 0.340625 0.2421875 0.340625
0 0.3140625 0.3125 0.2546875 0.3125 0.2546875 0.3453125 0.3140625 0.3453125
0 0.4125 0.3140625 0.3375 0.3140625 0.3375 0.33593750000000006 0.4125 0.3359375000000001
0 0.3984375 0.3140625000000001 0.39375 0.3140625000000001 0.39375 0.31718750000000007 0.3984375 0.31718750000000007
0 0.659375 0.3156250000000001 0.4296875 0.3156250000000001 0.4296875 0.3375000000000001 0.659375 0.3375000000000001
0 0.6671875 0.3343750000000001 0.6625 0.3343750000000001 0.6625 0.3375000000000001 0.6671875 0.3375000000000001
0 0.7234375 0.3156250000000001 0.68125 0.3156250000000001 0.68125 0.3375000000000001 0.7234375 0.3375000000000001
0 0.853125 0.31718750000000007 0.740625 0.31718750000000007 0.740625 0.3546875000000001 0.853125 0.3546875000000001
0 0.17812500000000003 0.36875 0.13281250000000006 0.36875 0.13281250000000006 0.384375 0.17812500000000003 0.384375
0 0.2921875000000001 0.3640625 0.2062500000000001 0.3640625 0.2062500000000001 0.384375 0.2921875000000001 0.384375
0 0.3000000000000001 0.378125 0.29375000000000007 0.378125 0.29375000000000007 0.3890625 0.3000000000000001 0.3890625
0 0.415625 0.35937500000000006 0.315625 0.359375 0.31562500000000004 0.38281250000000006 0.415625 0.3828125000000001
0 0.7734375 0.3625000000000001 0.4390625 0.3625000000000001 0.4390625 0.40312500000000007 0.7734375 0.4031250000000002
0 0.840625 0.3625000000000001 0.78125 0.3625000000000001 0.78125 0.3859375000000001 0.840625 0.3859375000000001
0 0.86875 0.37968750000000007 0.853125 0.37968750000000007 0.853125 0.3828125000000001 0.86875 0.3828125000000001
0 0.20468750000000008 0.409375 0.12656250000000005 0.409375 0.12656250000000005 0.446875 0.20468750000000008 0.446875
0 0.2828125000000001 0.4125 0.2328125000000001 0.4125 0.2328125000000001 0.4359375 0.2828125000000001 0.4359375
0 0.3500000000000001 0.4125 0.2968750000000001 0.4125 0.2968750000000001 0.4359375 0.3500000000000001 0.4359375
0 0.415625 0.4265625 0.37187500000000007 0.4265625 0.37187500000000007 0.4375 0.415625 0.4375
0 0.49375 0.415625 0.4390625 0.415625 0.4390625 0.4390625 0.49375 0.4390625
0 0.6234375 0.4171875 0.5140625 0.4171875 0.5140625 0.45 0.6234375 0.45
0 0.6859375 0.41875 0.6390625 0.41875 0.6390625 0.4421875 0.6859375 0.4421875
0 0.8171875 0.4140625000000001 0.6984375 0.4140625 0.6984375 0.4375000000000001 0.8171875 0.43750000000000017
0 0.83125 0.4343750000000002 0.821875 0.4343750000000002 0.821875 0.4437500000000002 0.83125 0.4437500000000002
0 0.19531250000000006 0.4578125 0.13281250000000006 0.4578125 0.13281250000000006 0.484375 0.19531250000000006 0.484375
0 0.3109375000000001 0.471875 0.22031250000000008 0.471875 0.22031250000000008 0.4875 0.3109375000000001 0.4875
0 0.4671875 0.4609375 0.3453125000000001 0.4609375 0.3453125000000001 0.509375 0.4671875 0.509375
0 0.6515625 0.4640625 0.4984375 0.4640625 0.4984375 0.4859375 0.6515625 0.4859375
0 0.834375 0.4640625000000001 0.68125 0.4640625 0.68125 0.4875000000000001 0.834375 0.48750000000000016
0 0.2468750000000001 0.50625 0.12812500000000004 0.50625 0.12812500000000004 0.5359375 0.2468750000000001 0.5359375
0 0.3156250000000001 0.521875 0.2750000000000001 0.521875 0.2750000000000001 0.5359375 0.3156250000000001 0.5359375
0 0.596875 0.5078125 0.34062500000000007 0.5078125 0.34062500000000007 0.5546875 0.596875 0.5546875
0 0.703125 0.5125 0.61875 0.5125 0.61875 0.5375 0.703125 0.5375
0 0.8125 0.5156250000000001 0.721875 0.515625 0.721875 0.5390625000000001 0.8125 0.5390625000000002
0 0.2828125000000001 0.5578125 0.1281250000000001 0.5578125 0.1281250000000001 0.6109375 0.2828125000000001 0.6109375
0 0.3531250000000001 0.5625 0.3125000000000001 0.5625 0.3125000000000001 0.584375 0.3531250000000001 0.584375
0 0.428125 0.5640625 0.3750000000000001 0.5640625 0.3750000000000001 0.590625 0.428125 0.590625
0 0.5734375 0.565625 0.446875 0.565625 0.446875 0.5875 0.5734375 0.5875
0 0.5921875 0.584375 0.5875 0.584375 0.5875 0.5875 0.5921875 0.5875