0 0.15937500000000004 0.1921875 0.14218750000000005 0.1921875 0.14218750000000005 0.21875 0.15937500000000004 0.21875
0 0.3203125 0.19531250000000006 0.19531250000000006 0.19531250000000006 0.19531250000000006 0.23125 0.3203125 0.23125
0 0.396875 0.19062500000000004 0.34375 0.19062500000000004 0.34375 0.22187500000000004 0.396875 0.2218750000000001
0 0.4859375 0.18593750000000003 0.4140625 0.18593750000000003 0.4140625 0.22656250000000008 0.4859375 0.22656250000000008
0 0.5015625 0.18437500000000004 0.49375 0.18437500000000004 0.49375 0.2171875000000001 0.5015625 0.2171875000000001
0 0.540625 0.2140625000000001 0.51875 0.2140625000000001 0.51875 0.2171875000000001 0.540625 0.2171875000000001
0 0.590625 0.18750000000000008 0.565625 0.18750000000000008 0.565625 0.22031250000000008 0.590625 0.22031250000000008
0 0.6484375 0.19687500000000008 0.615625 0.19687500000000008 0.615625 0.2140625000000001 0.6484375 0.2140625000000001
0 0.796875 0.1843750000000001 0.6703125 0.1843750000000001 0.6703125 0.2250000000000001 0.796875 0.2250000000000001
0 0.228125 0.2328125 0.13281250000000006 0.2328125 0.13281250000000006 0.2796875 0.228125 0.2796875
0 0.2640625 0.2328125 0.2578125 0.2328125 0.2578125 0.259375 0.2640625 0.259375
0 0.3625 0.2359375 0.2921875 0.2359375 0.2921875 0.2625 0.3625 0.2625
0 0.4359375 0.2468750000000001 0.4 0.2468750000000001 0.4 0.2593750000000001 0.4359375 0.2593750000000001
0 0.6046875 0.2328125000000001 0.4859375 0.2328125000000001 0.4859375 0.2609375000000001 0.6046875 0.2609375000000001
0 0.703125 0.2312500000000001 0.63125 0.2312500000000001 0.63125 0.2609375000000001 0.703125 0.2609375000000001
0 0.7625 0.2406250000000001 0.7359375 0.2406250000000001 0.7359375 0.26250000000000007 0.7625 0.26250000000000007
0 0.8921875 0.23593750000000008 0.784375 0.23593750000000008 0.784375 0.2796875000000001 0.8921875 0.2796875000000001
0 0.18437500000000004 0.2796875 0.12187500000000004 0.2796875 0.12187500000000004 0.3140625 0.18437500000000004 0.3140625
0 0.2875 0.28125 0.215625 0.28125 0.215625 0.315625 0.2875 0.315625
0 0.4203125 0.2828125 0.31875 0.2828125 0.31875 0.3140625 0.4203125 0.3140625000000001
0 0.484375 0.2843750000000001 0.4453125 0.2843750000000001 0.4453125 0.3140625000000001 0.484375 0.3140625000000001
0 0.678125 0.2812500000000001 0.51875 0.2812500000000001 0.51875 0.3125000000000001 0.678125 0.3125000000000001
0 0.790625 0.2812500000000001 0.7125 0.2812500000000001 0.7125 0.3125000000000001 0.790625 0.3125000000000001
0 0.20156250000000003 0.3453125 0.13750000000000004 0.3453125 0.13750000000000004 0.365625 0.2015625000000001 0.365625
0 0.29375000000000007 0.3453125 0.23125 0.3453125 0.23125000000000004 0.365625 0.29375000000000007 0.365625
0 0.30625 0.3578125 0.303125 0.3578125 0.303125 0.359375 0.30625 0.359375
0 0.41875 0.33437500000000003 0.3546875 0.334375 0.35468750000000004 0.36562500000000003 0.41875 0.3656250000000001
0 0.4921875 0.3312500000000001 0.45625 0.3312500000000001 0.45625 0.36406250000000007 0.4921875 0.36406250000000007
0 0.578125 0.3312500000000001 0.525 0.3312500000000001 0.525 0.3625000000000001 0.578125 0.3625000000000001
0 0.659375 0.33281250000000007 0.609375 0.33281250000000007 0.609375 0.36406250000000007 0.659375 0.36406250000000007
0 0.7359375 0.3453125000000001 0.6875 0.3453125000000001 0.6875 0.3609375000000001 0.7359375 0.3609375000000001
0 0.8421875 0.33281250000000007 0.765625 0.33281250000000007 0.765625 0.3625000000000001 0.8421875 0.3625000000000001
0 0.17187500000000006 0.3859375 0.14375000000000004 0.3859375 0.14375000000000004 0.421875 0.17187500000000006 0.421875
0 0.3109375000000001 0.3875 0.19843750000000004 0.3875 0.19843750000000004 0.4265625 0.3109375000000001 0.4265625
0 0.3234375000000001 0.40625 0.3203125000000001 0.40625 0.3203125000000001 0.409375 0.3234375000000001 0.409375
0 0.3437500000000001 0.3796875 0.3390625000000001 0.3796875 0.3390625000000001 0.3921875 0.3437500000000001 0.3921875
0 0.4765625 0.37968750000000007 0.3843750000000001 0.37968750000000007 0.3843750000000001 0.4109375 0.4765625 0.4109375
0 0.5421875 0.3812500000000001 0.509375 0.3812500000000001 0.509375 0.4078125 0.5421875 0.4078125
0 0.6296875 0.39531250000000007 0.571875 0.39531250000000007 0.571875 0.4109375 0.6296875 0.4109375
0 0.79375 0.3859375000000001 0.66875 0.3859375000000001 0.66875 0.4218750000000001 0.79375 0.42187500000000017
0 0.21093750000000008 0.4359375 0.13906250000000003 0.4359375 0.13906250000000003 0.4625 0.21093750000000008 0.4625
0 0.3218750000000001 0.4296875 0.24218750000000008 0.4296875 0.24218750000000008 0.45625 0.3218750000000001 0.45625
0 0.3843750000000001 0.4296875 0.3531250000000001 0.4296875 0.3531250000000001 0.4515625 0.3843750000000001 0.4515625
0 0.5171875 0.434375 0.4125 0.434375 0.4125 0.4640625 0.5171875 0.4640625
0 0.5890625 0.4375 0.5515625 0.4375 0.5515625 0.4671875 0.5890625 0.4671875
0 0.6765625 0.4359375 0.6171875 0.4359375 0.6171875 0.4640625 0.6765625 0.4640625
0 0.771875 0.43437500000000007 0.7078125 0.434375 0.7078125 0.4640625000000001 0.771875 0.46406250000000016
0 0.828125 0.4343750000000002 0.7890625 0.4343750000000002 0.7890625 0.4656250000000002 0.828125 0.4656250000000002
0 0.2000000000000001 0.4828125 0.13593750000000004 0.4828125 0.13593750000000004 0.5125 0.2000000000000001 0.5125
0 0.34062500000000007 0.48125 0.2406250000000001 0.48125 0.2406250000000001 0.5265625 0.34062500000000007 0.5265625
0 0.3578125000000001 0.5109375 0.3515625000000001 0.5109375 0.3515625000000001 0.5234375 0.3578125000000001 0.5234375
0 0.46875 0.4953125 0.3921875000000001 0.4953125 0.3921875000000001 0.5203125 0.46875 0.5203125
0 0.565625 0.490625 0.5109375 0.490625 0.5109375 0.5203125 0.565625 0.5203125
0 0.7796875 0.48906250000000007 0.5921875 0.4890625 0.5921875 0.5328125000000001 0.7796875 0.5328125000000001
0 0.3546875000000001 0.540625 0.14531250000000004 0.540625 0.14531250000000007 0.5765625 0.3546875000000001 0.5765625
0 0.43125 0.5375 0.3906250000000001 0.5375 0.3906250000000001 0.5703125 0.43125 0.5703125
0 0.521875 0.5390625 0.4625 0.5390625 0.4625 0.5671875 0.521875 0.5671875
0 0.740625 0.5421875 0.5546875 0.5421875 0.5546875 0.5781250000000001 0.740625 0.5781250000000002
0 0.815625 0.5375000000000002 0.775 0.5375000000000002 0.775 0.5765625000000002 0.815625 0.5765625000000002
0 0.21250000000000008 0.5875 0.1453125000000001 0.5875 0.1453125000000001 0.6171875 0.21250000000000008 0.6171875
0 0.3187500000000001 0.5859375 0.24375000000000008 0.5859375 0.24375000000000008 0.6171875 0.3187500000000001 0.6171875
0 0.3890625000000001 0.5859375 0.3531250000000001 0.5859375 0.3531250000000001 0.615625 0.3890625000000001 0.615625
0 0.6 0.5859375 0.425 0.5859375 0.425 0.6203125 0.6 0.6203125
0 0.6140625 0.609375 0.6109375 0.609375 0.6109375 0.6125 0.6140625 0.6125