0 0.18906250000000005 0.2046875 0.14531250000000004 0.2046875 0.14531250000000004 0.2375 0.18906250000000005 0.2375
0 0.24375 0.20625 0.2 0.20625 0.2 0.225 0.24375 0.225
0 0.31875 0.2078125 0.26875 0.2078125 0.26875 0.225 0.31875 0.225
0 0.365625 0.20781250000000004 0.334375 0.2078125 0.334375 0.22968750000000004 0.365625 0.2296875000000001
0 0.409375 0.2062500000000001 0.3734375 0.2062500000000001 0.3734375 0.22656250000000008 0.409375 0.22656250000000008
0 0.5109375 0.20312500000000008 0.43125 0.20312500000000008 0.43125 0.2250000000000001 0.5109375 0.2250000000000001
0 0.546875 0.20312500000000008 0.525 0.20312500000000008 0.525 0.2218750000000001 0.546875 0.2218750000000001
0 0.6265625 0.20312500000000008 0.5609375 0.20312500000000008 0.5609375 0.2250000000000001 0.6265625 0.2250000000000001
0 0.759375 0.20312500000000008 0.634375 0.20312500000000008 0.634375 0.23437500000000008 0.759375 0.23437500000000008
0 0.7796875 0.20468750000000008 0.7578125 0.20468750000000008 0.7578125 0.2234375000000001 0.7796875 0.2234375000000001
0 0.228125 0.25625 0.13906250000000003 0.25625 0.13906250000000003 0.284375 0.228125 0.284375
0 0.2359375 0.275 0.2328125 0.275 0.2328125 0.2765625 0.2359375 0.2765625
0 0.2796875 0.2546875 0.2515625 0.2546875 0.2515625 0.278125 0.2796875 0.278125
0 0.3515625 0.2546875 0.296875 0.2546875 0.296875 0.2765625 0.3515625 0.2765625
0 0.503125 0.2531250000000001 0.36875 0.2531250000000001 0.36875 0.2828125000000001 0.503125 0.2828125000000001
0 0.5734375 0.2562500000000001 0.5125 0.2562500000000001 0.5125 0.2765625000000001 0.5734375 0.2765625000000001
0 0.6046875 0.2562500000000001 0.5796875 0.2562500000000001 0.5796875 0.2750000000000001 0.6046875 0.2750000000000001
0 0.73125 0.2562500000000001 0.625 0.2562500000000001 0.625 0.2875000000000001 0.73125 0.2875000000000001
0 0.7671875 0.2578125000000001 0.740625 0.2578125000000001 0.740625 0.2750000000000001 0.7671875 0.2750000000000001
0 0.8 0.2671875000000001 0.7765625 0.2671875000000001 0.7765625 0.2750000000000001 0.8 0.2750000000000001
0 0.2140625 0.3046875 0.13906250000000003 0.3046875 0.13906250000000003 0.328125 0.2140625 0.328125
0 0.246875 0.315625 0.2296875 0.315625 0.2296875 0.325 0.246875 0.325
0 0.3046875 0.3046875 0.2640625 0.3046875 0.2640625 0.325 0.3046875 0.325
0 0.4109375 0.30468750000000006 0.3234375 0.3046875 0.3234375 0.32500000000000007 0.4109375 0.32500000000000007
0 0.5640625 0.3046875000000001 0.425 0.3046875000000001 0.425 0.3312500000000001 0.5640625 0.3312500000000001
0 0.625 0.3062500000000001 0.5765625 0.3062500000000001 0.5765625 0.32500000000000007 0.625 0.32500000000000007
0 0.66875 0.30937500000000007 0.6421875 0.30937500000000007 0.6421875 0.32500000000000007 0.66875 0.32500000000000007
0 0.7515625 0.3062500000000001 0.678125 0.3062500000000001 0.678125 0.3375000000000001 0.7515625 0.3375000000000001
0 0.8703125 0.3062500000000001 0.76875 0.3062500000000001 0.76875 0.3375000000000001 0.8703125 0.3375000000000001
0 0.878125 0.32500000000000007 0.875 0.32500000000000007 0.875 0.3281250000000001 0.878125 0.3281250000000001
0 0.15312500000000004 0.3546875 0.14843750000000006 0.3546875 0.14843750000000006 0.3640625 0.15312500000000004 0.3640625
0 0.19687500000000005 0.3578125 0.15468750000000003 0.3578125 0.15468750000000003 0.3765625 0.19687500000000005 0.3765625
0 0.29375000000000007 0.3578125 0.2171875 0.3578125 0.21718750000000003 0.378125 0.29375000000000007 0.378125
0 0.30000000000000004 0.3578125 0.2953125 0.3578125 0.29531250000000003 0.3640625 0.3000000000000001 0.3640625
0 0.30156250000000007 0.3765625 0.29375000000000007 0.3765625 0.29375000000000007 0.3875 0.30156250000000007 0.3875
0 0.3375 0.35625 0.3140625 0.35625 0.3140625 0.375 0.3375000000000001 0.375
0 0.4234375 0.35625000000000007 0.3578125 0.35625 0.35781250000000003 0.3765625 0.4234375 0.3765625000000001
0 0.43125 0.37187500000000007 0.4234375 0.37187500000000007 0.4234375 0.3781250000000001 0.43125 0.3781250000000001
0 0.44375 0.3531250000000001 0.440625 0.3531250000000001 0.440625 0.3593750000000001 0.44375 0.3593750000000001
0 0.465625 0.3531250000000001 0.446875 0.3531250000000001 0.446875 0.3750000000000001 0.465625 0.3750000000000001
0 0.5875 0.3578125000000001 0.48125 0.3578125000000001 0.48125 0.3765625000000001 0.5875 0.3765625000000001
0 0.5890625 0.37187500000000007 0.584375 0.37187500000000007 0.584375 0.37968750000000007 0.5890625 0.37968750000000007
0 0.6734375 0.3546875000000001 0.6015625 0.3546875000000001 0.6015625 0.3765625000000001 0.6734375 0.3765625000000001
0 0.7015625 0.3578125000000001 0.6828125 0.3578125000000001 0.6828125 0.37187500000000007 0.7015625 0.37187500000000007
0 0.728125 0.3671875000000001 0.7171875 0.3671875000000001 0.7171875 0.3750000000000001 0.728125 0.3750000000000001
0 0.8203125 0.35625000000000007 0.734375 0.35625000000000007 0.734375 0.3859375000000001 0.8203125 0.3859375000000001
0 0.2640625000000001 0.4140625 0.14843750000000006 0.4140625 0.14843750000000006 0.425 0.2640625000000001 0.425
0 0.2796875000000001 0.41875 0.2765625000000001 0.41875 0.2765625000000001 0.421875 0.2796875000000001 0.421875
0 0.409375 0.403125 0.2906250000000001 0.403125 0.2906250000000001 0.4265625 0.409375 0.4265625
0 0.5078125 0.4171875 0.43125 0.4171875 0.43125 0.4265625 0.5078125 0.4265625
0 0.5453125 0.4109375 0.521875 0.4109375 0.521875 0.425 0.5453125 0.425
0 0.578125 0.40625 0.553125 0.40625 0.553125 0.425 0.578125 0.425
0 0.6828125 0.4046875 0.6015625 0.4046875 0.6015625 0.4265625 0.6828125 0.4265625
0 0.690625 0.4171875 0.678125 0.4171875 0.678125 0.434375 0.690625 0.434375
0 0.73125 0.4062500000000001 0.7046875 0.40625 0.7046875 0.4250000000000001 0.73125 0.42500000000000016
0 0.7671875 0.4109375000000002 0.74375 0.4109375000000002 0.74375 0.4265625000000002 0.7671875 0.4265625000000002
0 0.853125 0.4031250000000002 0.7796875 0.4031250000000002 0.7796875 0.4359375000000002 0.853125 0.4359375000000002
0 0.19375000000000003 0.4578125 0.14843750000000006 0.4578125 0.14843750000000006 0.478125 0.19375000000000003 0.478125
0 0.2578125000000001 0.45625 0.2015625000000001 0.45625 0.2015625000000001 0.4796875 0.2578125000000001 0.4796875
0 0.2718750000000001 0.475 0.2609375000000001 0.475 0.2609375000000001 0.478125 0.2718750000000001 0.478125
0 0.3187500000000001 0.459375 0.2953125000000001 0.459375 0.2953125000000001 0.4765625 0.3187500000000001 0.4765625
0 0.36406250000000007 0.45625 0.3187500000000001 0.45625 0.3187500000000001 0.478125 0.36406250000000007 0.478125
0 0.37968750000000007 0.46875 0.3671875000000001 0.46875 0.3671875000000001 0.478125 0.37968750000000007 0.478125
0 0.4421875 0.46875 0.3906250000000001 0.46875 0.3906250000000001 0.4890625 0.4421875 0.4890625
0 0.453125 0.475 0.4453125 0.475 0.4453125 0.4859375 0.453125 0.4859375
0 0.5375 0.4578125 0.465625 0.4578125 0.465625 0.4890625 0.5375 0.4890625
0 0.6375 0.4609375 0.55 0.4609375 0.55 0.4859375 0.6375 0.4859375
0 0.6484375 0.4734375 0.6390625 0.4734375 0.6390625 0.484375 0.6484375 0.484375
0 0.7140625 0.459375 0.6609375 0.459375 0.6609375 0.4765625 0.7140625 0.4765625
0 0.790625 0.45781250000000007 0.7203125 0.4578125 0.7203125 0.4750000000000001 0.790625 0.4750000000000002
0 0.8046875 0.4671875000000002 0.7921875 0.4671875000000002 0.7921875 0.4750000000000002 0.8046875 0.4750000000000002
0 0.2093750000000001 0.50625 0.14062500000000006 0.50625 0.14062500000000006 0.540625 0.2093750000000001 0.540625
0 0.3046875000000001 0.5078125 0.22812500000000008 0.5078125 0.22812500000000008 0.528125 0.3046875000000001 0.528125
0 0.3187500000000001 0.5265625 0.3156250000000001 0.5265625 0.3156250000000001 0.528125 0.3187500000000001 0.528125
0 0.3734375000000001 0.5078125 0.3375000000000001 0.5078125 0.3375000000000001 0.528125 0.3734375000000001 0.528125
0 0.459375 0.509375 0.38750000000000007 0.509375 0.38750000000000007 0.5296875 0.459375 0.5296875
0 0.4671875 0.5234375 0.4578125 0.5234375 0.4578125 0.53125 0.4671875 0.53125
0 0.553125 0.5171875 0.4765625 0.5171875 0.4765625 0.5359375 0.553125 0.5359375
0 0.6359375 0.509375 0.571875 0.509375 0.571875 0.528125 0.6359375 0.528125
0 0.715625 0.5171875 0.659375 0.5171875 0.659375 0.5265625 0.715625 0.5265625
0 0.784375 0.5171875000000001 0.7390625 0.5171875000000001 0.7390625 0.5281250000000002 0.784375 0.5281250000000002
0 0.815625 0.5156250000000002 0.796875 0.5156250000000002 0.796875 0.5250000000000001 0.815625 0.5250000000000001
0 0.2234375000000001 0.5578125 0.14218750000000008 0.5578125 0.14218750000000008 0.5859375 0.2234375000000001 0.5859375
0 0.23593750000000008 0.56875 0.2328125000000001 0.56875 0.2328125000000001 0.5734375 0.23593750000000008 0.5734375
0 0.3109375000000001 0.5578125 0.25468750000000007 0.5578125 0.25468750000000007 0.578125 0.3109375000000001 0.578125
0 0.3687500000000001 0.559375 0.3296875000000001 0.559375 0.3296875000000001 0.578125 0.3687500000000001 0.578125
0 0.4671875 0.5578125 0.3859375000000001 0.5578125 0.3859375000000001 0.5828125 0.4671875 0.5828125
0 0.5109375 0.5625 0.49375 0.5625 0.49375 0.578125 0.5109375 0.578125
0 0.6765625 0.5578125 0.5328125 0.5578125 0.5328125 0.5875 0.6765625 0.5875
0 0.7140625 0.5609375 0.6796875 0.5609375 0.6796875 0.5875 0.7140625 0.5875
0 0.7640625 0.5593750000000001 0.721875 0.559375 0.721875 0.5750000000000001 0.7640625 0.5750000000000002
0 0.2406250000000001 0.609375 0.14062500000000008 0.609375 0.14062500000000008 0.6296875 0.2406250000000001 0.6296875
0 0.2640625000000001 0.6234375 0.2484375000000001 0.6234375 0.2484375000000001 0.6265625 0.2640625000000001 0.6265625
0 0.2843750000000001 0.621875 0.2734375000000001 0.621875 0.2734375000000001 0.63125 0.2843750000000001 0.63125
0 0.4484375 0.6109375 0.30156250000000007 0.6109375 0.30156250000000007 0.6328125 0.4484375 0.6328125
0 0.553125 0.60625 0.46875 0.60625 0.46875 0.6390625 0.553125 0.6390625
0 0.6015625 0.6125 0.5765625 0.6125 0.5765625 0.6296875 0.6015625 0.6296875
0 0.659375 0.6203125 0.61875 0.6203125 0.61875 0.6390625 0.659375 0.6390625
0 0.7203125 0.61875 0.675 0.61875 0.675 0.6390625 0.7203125 0.6390625
0 0.7328125 0.6250000000000002 0.7265625 0.6250000000000002 0.7265625 0.6312500000000002 0.7328125 0.6312500000000002
0 0.31718750000000007 0.659375 0.14218750000000008 0.659375 0.14218750000000008 0.690625 0.31718750000000007 0.690625
0 0.3609375000000001 0.6703125 0.33281250000000007 0.6703125 0.33281250000000007 0.6796875 0.3609375000000001 0.6796875
0 0.4109375 0.659375 0.3750000000000001 0.659375 0.3750000000000001 0.678125 0.4109375 0.678125
0 0.515625 0.659375 0.425 0.659375 0.425 0.68125 0.515625 0.68125
0 0.5859375 0.6703125 0.5484375 0.6703125 0.5484375 0.6796875 0.5859375 0.6796875
0 0.6734375 0.6703125 0.60625 0.6703125 0.60625 0.6859375 0.6734375 0.6859375
0 0.7515625 0.6609375000000001 0.69375 0.6609375 0.69375 0.6812500000000001 0.7515625 0.6812500000000001
0 0.7640625 0.6765625000000002 0.7609375 0.6765625000000002 0.7609375 0.6781250000000002 0.7640625 0.6781250000000002
0 0.778125 0.6593750000000002 0.771875 0.6593750000000002 0.771875 0.6703125000000002 0.778125 0.6703125000000002