0 0.19218750000000004 0.2078125 0.14218750000000005 0.2078125 0.14218750000000005 0.225 0.19218750000000004 0.225
0 0.3546875 0.20625 0.21875 0.20625 0.21875 0.225 0.3546875 0.225
0 0.4359375 0.2156250000000001 0.3859375 0.2156250000000001 0.3859375 0.2250000000000001 0.4359375 0.2250000000000001
0 0.49375 0.20468750000000008 0.4609375 0.20468750000000008 0.4609375 0.22812500000000008 0.49375 0.22812500000000008
0 0.628125 0.20468750000000008 0.5140625 0.20468750000000008 0.5140625 0.2234375000000001 0.628125 0.2234375000000001
0 0.646875 0.2218750000000001 0.6375 0.2218750000000001 0.6375 0.2296875000000001 0.646875 0.2296875000000001
0 0.7328125 0.20468750000000008 0.6640625 0.20468750000000008 0.6640625 0.2234375000000001 0.7328125 0.2234375000000001
0 0.796875 0.2078125000000001 0.765625 0.2078125000000001 0.765625 0.2250000000000001 0.796875 0.2250000000000001
0 0.9046875 0.2062500000000001 0.81875 0.2062500000000001 0.81875 0.22656250000000008 0.9046875 0.22656250000000008
0 0.2390625 0.25625 0.14531250000000004 0.25625 0.14531250000000004 0.2734375 0.2390625 0.2734375
0 0.3859375 0.25781250000000006 0.271875 0.2578125 0.271875 0.27656250000000004 0.3859375 0.2765625000000001
0 0.4265625 0.2609375000000001 0.40625 0.2609375000000001 0.40625 0.2765625000000001 0.4265625 0.2765625000000001
0 0.5640625 0.2578125000000001 0.4484375 0.2578125000000001 0.4484375 0.29375000000000007 0.5640625 0.29375000000000007
0 0.609375 0.2640625000000001 0.5953125 0.2640625000000001 0.5953125 0.2718750000000001 0.609375 0.2718750000000001
0 0.6890625 0.2640625000000001 0.61875 0.2640625000000001 0.61875 0.2906250000000001 0.6890625 0.2906250000000001
0 0.74375 0.2656250000000001 0.715625 0.2656250000000001 0.715625 0.2750000000000001 0.74375 0.2750000000000001
0 0.809375 0.2562500000000001 0.7640625 0.2562500000000001 0.7640625 0.2734375000000001 0.809375 0.2734375000000001
0 0.890625 0.2562500000000001 0.8296875 0.2562500000000001 0.8296875 0.2734375000000001 0.890625 0.2734375000000001
0 0.16250000000000003 0.3171875 0.13906250000000003 0.3171875 0.13906250000000003 0.3265625 0.16250000000000003 0.3265625
0 0.2046875 0.3078125 0.19687500000000005 0.3078125 0.19687500000000005 0.3140625 0.2046875 0.3140625
0 0.25625 0.3171875 0.203125 0.3171875 0.203125 0.3265625 0.25625 0.3265625
0 0.3296875 0.309375 0.2859375 0.309375 0.2859375 0.3265625 0.3296875 0.3265625
0 0.3671875 0.31718750000000007 0.3546875 0.3171875 0.3546875 0.32500000000000007 0.3671875 0.32500000000000007
0 0.4546875 0.30937500000000007 0.38125 0.30937500000000007 0.38125 0.3468750000000001 0.4546875 0.3468750000000001
0 0.5296875 0.31718750000000007 0.471875 0.31718750000000007 0.471875 0.3375000000000001 0.5296875 0.3375000000000001
0 0.63125 0.3078125000000001 0.5625 0.3078125000000001 0.5625 0.32500000000000007 0.63125 0.32500000000000007
0 0.715625 0.30937500000000007 0.6578125 0.30937500000000007 0.6578125 0.3265625000000001 0.715625 0.3265625000000001
0 0.75625 0.3156250000000001 0.74375 0.3156250000000001 0.74375 0.3234375000000001 0.75625 0.3234375000000001
0 0.875 0.3078125000000001 0.78125 0.3078125000000001 0.78125 0.32500000000000007 0.875 0.32500000000000007
0 0.20312500000000006 0.3609375 0.14375000000000004 0.3609375 0.14375000000000004 0.3953125 0.20312500000000008 0.3953125
0 0.22500000000000003 0.35625 0.2203125 0.35625 0.22031250000000005 0.3640625 0.2250000000000001 0.3640625
0 0.23593750000000008 0.3734375 0.22656250000000008 0.3734375 0.22656250000000008 0.3859375 0.23593750000000008 0.3859375
0 0.32031250000000006 0.3609375 0.2703125 0.3609375 0.27031250000000007 0.3765625 0.3203125000000001 0.3765625
0 0.3671875000000001 0.36718750000000006 0.3375000000000001 0.3671875 0.3375000000000001 0.3765625 0.3671875000000001 0.3765625000000001
0 0.5234375 0.3609375000000001 0.39375 0.3609375000000001 0.39375000000000004 0.3937500000000001 0.5234375 0.3937500000000001
0 0.665625 0.3593750000000001 0.559375 0.3593750000000001 0.559375 0.3765625000000001 0.665625 0.3765625000000001
0 0.715625 0.3609375000000001 0.6828125 0.3609375000000001 0.6828125 0.37968750000000007 0.715625 0.37968750000000007
0 0.85625 0.3578125000000001 0.7375 0.3578125000000001 0.7375 0.3828125000000001 0.85625 0.3828125000000001
0 0.21875000000000008 0.41875 0.14062500000000006 0.41875 0.14062500000000006 0.446875 0.21875000000000008 0.446875
0 0.4109375 0.409375 0.2593750000000001 0.409375 0.2593750000000001 0.4296875 0.4109375 0.4296875
0 0.559375 0.4078125 0.4453125 0.4078125 0.4453125 0.4296875 0.559375 0.4296875
0 0.634375 0.4171875 0.5796875 0.4171875 0.5796875 0.4265625 0.634375 0.4265625
0 0.68125 0.409375 0.6546875 0.409375 0.6546875 0.425 0.68125 0.425
0 0.746875 0.4078125000000001 0.70625 0.4078125 0.70625 0.42656250000000007 0.746875 0.4265625000000002
0 0.846875 0.40937500000000016 0.7765625 0.40937500000000016 0.7765625 0.4265625000000002 0.846875 0.4265625000000002
0 0.17656250000000004 0.459375 0.14531250000000004 0.459375 0.14531250000000004 0.4859375 0.17656250000000004 0.4859375
0 0.3046875000000001 0.459375 0.2140625000000001 0.459375 0.2140625000000001 0.4890625 0.3046875000000001 0.4890625
0 0.3125000000000001 0.475 0.30937500000000007 0.475 0.30937500000000007 0.4765625 0.3125000000000001 0.4765625
0 0.3921875000000001 0.4625 0.3500000000000001 0.4625 0.3500000000000001 0.4765625 0.3921875000000001 0.4765625
0 0.453125 0.4609375 0.421875 0.4609375 0.421875 0.4828125 0.453125 0.4828125
0 0.5359375 0.4609375 0.46875 0.4609375 0.46875 0.478125 0.5359375 0.478125
0 0.6140625 0.46875 0.565625 0.46875 0.565625 0.478125 0.6140625 0.478125
0 0.6859375 0.4609375 0.65 0.4609375 0.65 0.4765625 0.6859375 0.4765625
0 0.8515625 0.4593750000000001 0.7140625 0.459375 0.7140625 0.4859375000000001 0.8515625 0.4859375000000002
0 0.8734375 0.4750000000000002 0.8625 0.4750000000000002 0.8625 0.48437500000000017 0.8734375 0.48437500000000017
0 0.17812500000000003 0.5109375 0.14531250000000004 0.5109375 0.14531250000000004 0.528125 0.17812500000000003 0.528125
0 0.32500000000000007 0.5125 0.19687500000000005 0.5125 0.19687500000000008 0.5453125 0.32500000000000007 0.5453125
0 0.434375 0.509375 0.3546875000000001 0.509375 0.3546875000000001 0.5296875 0.434375 0.5296875
0 0.4484375 0.525 0.4375 0.525 0.4375 0.5359375 0.4484375 0.5359375
0 0.54375 0.509375 0.4765625 0.509375 0.4765625 0.5296875 0.54375 0.5296875
0 0.6953125 0.5109375 0.58125 0.5109375 0.58125 0.5453125 0.6953125 0.5453125
0 0.8484375 0.5093750000000001 0.7203125 0.509375 0.7203125 0.5296875000000001 0.8484375 0.5296875000000002
0 0.1671875000000001 0.5625 0.1468750000000001 0.5625 0.1468750000000001 0.578125 0.1671875000000001 0.578125
0 0.2453125000000001 0.5609375 0.19687500000000008 0.5609375 0.19687500000000008 0.5859375 0.2453125000000001 0.5859375
0 0.32500000000000007 0.5625 0.2734375000000001 0.5625 0.2734375000000001 0.6015625 0.32500000000000007 0.6015625
0 0.4296875 0.5640625 0.3703125000000001 0.5640625 0.3703125000000001 0.5828125 0.4296875 0.5828125
0 0.4359375 0.5765625 0.4328125 0.5765625 0.4328125 0.5796875 0.4359375 0.5796875