0 0.19687500000000005 0.21875 0.13593750000000004 0.21875 0.13593750000000004 0.2328125 0.19687500000000005 0.2328125
0 0.253125 0.21875 0.2125 0.21875 0.2125 0.234375 0.253125 0.234375
0 0.3546875 0.21875 0.2671875 0.21875 0.2671875 0.246875 0.3546875 0.246875
0 0.45 0.2218750000000001 0.3671875 0.2218750000000001 0.3671875 0.2312500000000001 0.45 0.2312500000000001
0 0.5125 0.2234375000000001 0.46875 0.2234375000000001 0.46875 0.2312500000000001 0.5125 0.2312500000000001
0 0.5765625 0.21875000000000008 0.525 0.21875000000000008 0.525 0.2406250000000001 0.5765625 0.2406250000000001
0 0.5921875 0.2312500000000001 0.5890625 0.2312500000000001 0.5890625 0.2390625000000001 0.5921875 0.2390625000000001
0 0.640625 0.21875000000000008 0.6109375 0.21875000000000008 0.6109375 0.2312500000000001 0.640625 0.2312500000000001
0 0.7046875 0.2171875000000001 0.653125 0.2171875000000001 0.653125 0.2312500000000001 0.7046875 0.2312500000000001
0 0.7984375 0.2171875000000001 0.7234375 0.2171875000000001 0.7234375 0.2328125000000001 0.7984375 0.2328125000000001
0 0.8859375 0.21875000000000008 0.8234375 0.21875000000000008 0.8234375 0.2328125000000001 0.8859375 0.2328125000000001
0 0.16093750000000004 0.271875 0.13437500000000005 0.271875 0.13437500000000005 0.2859375 0.16093750000000004 0.2859375
0 0.2703125 0.26875 0.17500000000000004 0.26875 0.17500000000000004 0.2984375 0.2703125 0.2984375
0 0.2828125 0.2828125 0.278125 0.2828125 0.278125 0.2875 0.2828125 0.2875
0 0.34375 0.2703125 0.3 0.2703125 0.3 0.284375 0.34375 0.284375
0 0.459375 0.27031250000000007 0.3609375 0.2703125 0.3609375 0.28593750000000007 0.459375 0.28593750000000007
0 0.5015625 0.2687500000000001 0.4734375 0.2687500000000001 0.4734375 0.2828125000000001 0.5015625 0.2828125000000001
0 0.5875 0.2687500000000001 0.515625 0.2687500000000001 0.515625 0.28593750000000007 0.5875 0.28593750000000007
0 0.64375 0.27031250000000007 0.6046875 0.27031250000000007 0.6046875 0.2890625000000001 0.64375 0.2890625000000001
0 0.696875 0.27031250000000007 0.653125 0.27031250000000007 0.653125 0.2828125000000001 0.696875 0.2828125000000001
0 0.7890625 0.2687500000000001 0.715625 0.2687500000000001 0.715625 0.2828125000000001 0.7890625 0.2828125000000001
0 0.7953125 0.2796875000000001 0.7921875 0.2796875000000001 0.7921875 0.2812500000000001 0.7953125 0.2812500000000001
0 0.8421875 0.2687500000000001 0.81875 0.2687500000000001 0.81875 0.2812500000000001 0.8421875 0.2812500000000001
0 0.8953125 0.2687500000000001 0.853125 0.2687500000000001 0.853125 0.2843750000000001 0.8953125 0.2843750000000001
0 0.24375 0.3234375 0.13125000000000003 0.3234375 0.13125000000000003 0.3359375 0.24375 0.3359375
0 0.2609375 0.3328125 0.25625 0.3328125 0.25625 0.3390625 0.2609375 0.3390625
0 0.3078125 0.3203125 0.2765625 0.3203125 0.2765625 0.334375 0.3078125 0.334375
0 0.3703125 0.32500000000000007 0.3234375 0.325 0.3234375 0.33437500000000003 0.3703125 0.3343750000000001
0 0.3953125 0.31718750000000007 0.3921875 0.31718750000000007 0.3921875 0.3265625000000001 0.3953125 0.3265625000000001
0 0.503125 0.3187500000000001 0.4 0.3187500000000001 0.4 0.3453125000000001 0.503125 0.3453125000000001
0 0.5453125 0.3234375000000001 0.51875 0.3234375000000001 0.51875 0.33281250000000007 0.5453125 0.33281250000000007
0 0.646875 0.3187500000000001 0.5640625 0.3187500000000001 0.5640625 0.3375000000000001 0.646875 0.3375000000000001
0 0.64375 0.31718750000000007 0.640625 0.31718750000000007 0.640625 0.3234375000000001 0.64375 0.3234375000000001
0 0.68125 0.3187500000000001 0.6609375 0.3187500000000001 0.6609375 0.33281250000000007 0.68125 0.33281250000000007
0 0.70625 0.3187500000000001 0.6828125 0.3187500000000001 0.6828125 0.33281250000000007 0.70625 0.33281250000000007
0 0.7953125 0.3187500000000001 0.7203125 0.3187500000000001 0.7203125 0.34062500000000007 0.7953125 0.34062500000000007
0 0.8078125 0.3296875000000001 0.8015625 0.3296875000000001 0.8015625 0.3390625000000001 0.8078125 0.3390625000000001
0 0.85 0.3187500000000001 0.8203125 0.3187500000000001 0.8203125 0.33281250000000007 0.85 0.33281250000000007
0 0.909375 0.31718750000000007 0.8609375 0.31718750000000007 0.8609375 0.33281250000000007 0.909375 0.33281250000000007
0 0.21250000000000008 0.371875 0.13125000000000003 0.371875 0.13125000000000003 0.3875 0.21250000000000008 0.3875
0 0.2250000000000001 0.3828125 0.2218750000000001 0.3828125 0.2218750000000001 0.3890625 0.2250000000000001 0.3890625
0 0.2390625000000001 0.3671875 0.23593750000000008 0.3671875 0.23593750000000008 0.375 0.2390625000000001 0.375
0 0.2718750000000001 0.371875 0.2468750000000001 0.371875 0.2468750000000001 0.3859375 0.2718750000000001 0.3859375
0 0.33281250000000007 0.3703125 0.28593750000000007 0.3703125 0.28593750000000007 0.390625 0.33281250000000007 0.390625
0 0.39531250000000007 0.37187500000000007 0.34843750000000007 0.371875 0.34843750000000007 0.38750000000000007 0.39531250000000007 0.38750000000000007
0 0.4796875 0.3703125000000001 0.409375 0.3703125000000001 0.409375 0.3937500000000001 0.4796875 0.3937500000000001
0 0.565625 0.3750000000000001 0.49375 0.3750000000000001 0.49375 0.39531250000000007 0.565625 0.39531250000000007
0 0.63125 0.3703125000000001 0.5828125 0.3703125000000001 0.5828125 0.3843750000000001 0.63125 0.3843750000000001
0 0.678125 0.3750000000000001 0.64375 0.3750000000000001 0.64375 0.3843750000000001 0.678125 0.3843750000000001
0 0.7609375 0.3703125000000001 0.696875 0.3703125000000001 0.696875 0.3843750000000001 0.7609375 0.3843750000000001
0 0.89375 0.3671875000000001 0.778125 0.3671875000000001 0.778125 0.3843750000000001 0.89375 0.3843750000000001
0 0.2078125000000001 0.421875 0.12968750000000004 0.421875 0.12968750000000004 0.4421875 0.2078125000000001 0.4421875
0 0.2140625000000001 0.4328125 0.21093750000000008 0.4328125 0.21093750000000008 0.434375 0.2140625000000001 0.434375
0 0.2812500000000001 0.421875 0.23437500000000008 0.421875 0.23437500000000008 0.434375 0.2812500000000001 0.434375
0 0.3937500000000001 0.4234375 0.2968750000000001 0.4234375 0.2968750000000001 0.4453125 0.3937500000000001 0.4453125
0 0.4546875 0.421875 0.4109375 0.421875 0.4109375 0.4359375 0.4546875 0.4359375
0 0.5375 0.4234375 0.48125 0.4234375 0.48125 0.434375 0.5375 0.434375
0 0.65 0.421875 0.559375 0.421875 0.559375 0.446875 0.65 0.446875
0 0.703125 0.425 0.665625 0.425 0.665625 0.434375 0.703125 0.434375
0 0.7109375 0.4328125 0.7078125 0.4328125 0.7078125 0.440625 0.7109375 0.440625
0 0.7546875 0.42656250000000007 0.725 0.4265625 0.725 0.4359375000000001 0.7546875 0.4359375000000002
0 0.8328125 0.42187500000000017 0.765625 0.42187500000000017 0.765625 0.4343750000000002 0.8328125 0.4343750000000002
0 0.8875 0.4203125000000002 0.8453125 0.4203125000000002 0.8453125 0.4359375000000002 0.8875 0.4359375000000002
0 0.18750000000000006 0.471875 0.13281250000000006 0.471875 0.13281250000000006 0.4859375 0.18750000000000006 0.4859375
0 0.2687500000000001 0.471875 0.2078125000000001 0.471875 0.2078125000000001 0.4859375 0.2687500000000001 0.4859375
0 0.3343750000000001 0.475 0.2828125000000001 0.475 0.2828125000000001 0.4890625 0.3343750000000001 0.4890625
0 0.3968750000000001 0.4734375 0.34843750000000007 0.4734375 0.34843750000000007 0.4875 0.3968750000000001 0.4875
0 0.484375 0.471875 0.41875 0.471875 0.41875 0.4953125 0.484375 0.4953125
0 0.5 0.48125 0.4953125 0.48125 0.4953125 0.4875 0.5 0.4875
0 0.553125 0.471875 0.5140625 0.471875 0.5140625 0.4875 0.553125 0.4875
0 0.609375 0.471875 0.5671875 0.471875 0.5671875 0.4859375 0.609375 0.4859375
0 0.76875 0.4718750000000001 0.615625 0.471875 0.615625 0.4953125000000001 0.76875 0.49531250000000016
0 0.8046875 0.4734375000000002 0.7828125 0.4734375000000002 0.7828125 0.48750000000000016 0.8046875 0.48750000000000016
0 0.8640625 0.4703125000000002 0.8171875 0.4703125000000002 0.8171875 0.4984375000000002 0.8640625 0.4984375000000002
0 0.8984375 0.4671875000000002 0.8828125 0.4671875000000002 0.8828125 0.48437500000000017 0.8984375 0.48437500000000017
0 0.14218750000000005 0.5234375 0.12812500000000004 0.5234375 0.12812500000000004 0.5390625 0.14218750000000005 0.5390625
0 0.2171875000000001 0.525 0.16406250000000006 0.525 0.16406250000000006 0.5390625 0.2171875000000001 0.5390625
0 0.2718750000000001 0.525 0.2312500000000001 0.525 0.2312500000000001 0.5390625 0.2718750000000001 0.5390625
0 0.3234375000000001 0.5234375 0.28593750000000007 0.5234375 0.28593750000000007 0.5453125 0.3234375000000001 0.5453125
0 0.4328125 0.521875 0.3437500000000001 0.521875 0.3437500000000001 0.5515625 0.4328125 0.5515625
0 0.48125 0.5234375 0.4546875 0.5234375 0.4546875 0.5453125 0.48125 0.5453125
0 0.509375 0.528125 0.4953125 0.528125 0.4953125 0.5375 0.509375 0.5375
0 0.5734375 0.5234375 0.5203125 0.5234375 0.5203125 0.54375 0.5734375 0.54375
0 0.603125 0.5359375 0.5859375 0.5359375 0.5859375 0.5390625 0.603125 0.5390625
0 0.6140625 0.5359375 0.6109375 0.5359375 0.6109375 0.5375 0.6140625 0.5375