0 0.221875 0.21875 0.16093750000000004 0.21875 0.16093750000000004 0.234375 0.221875 0.234375
0 0.265625 0.221875 0.2484375 0.221875 0.2484375 0.234375 0.265625 0.234375
0 0.3296875 0.2203125 0.29375 0.2203125 0.29375 0.234375 0.3296875 0.234375
0 0.40625 0.22812500000000005 0.3546875 0.228125 0.3546875 0.24218750000000006 0.40625 0.24218750000000008
0 0.41875 0.2312500000000001 0.409375 0.2312500000000001 0.409375 0.24218750000000008 0.41875 0.24218750000000008
0 0.4859375 0.22031250000000008 0.446875 0.22031250000000008 0.446875 0.23593750000000008 0.4859375 0.23593750000000008
0 0.5640625 0.21875000000000008 0.515625 0.21875000000000008 0.515625 0.23593750000000008 0.5640625 0.23593750000000008
0 0.621875 0.2234375000000001 0.5921875 0.2234375000000001 0.5921875 0.2406250000000001 0.621875 0.2406250000000001
0 0.7078125 0.22812500000000008 0.6546875 0.22812500000000008 0.6546875 0.23593750000000008 0.7078125 0.23593750000000008
0 0.775 0.22031250000000008 0.7359375 0.22031250000000008 0.7359375 0.23437500000000008 0.775 0.23437500000000008
0 0.8296875 0.2218750000000001 0.7984375 0.2218750000000001 0.7984375 0.2375000000000001 0.8296875 0.2375000000000001
0 0.2375 0.2703125 0.16406250000000006 0.2703125 0.16406250000000006 0.290625 0.2375 0.290625
0 0.4203125 0.27187500000000003 0.2734375 0.271875 0.2734375 0.29218750000000004 0.4203125 0.2921875000000001
0 0.49375 0.27812500000000007 0.4515625 0.27812500000000007 0.4515625 0.28593750000000007 0.49375 0.28593750000000007
0 0.5921875 0.2718750000000001 0.528125 0.2718750000000001 0.528125 0.2890625000000001 0.5921875 0.2890625000000001
0 0.6421875 0.2718750000000001 0.625 0.2718750000000001 0.625 0.2843750000000001 0.6421875 0.2843750000000001
0 0.69375 0.27031250000000007 0.6609375 0.27031250000000007 0.6609375 0.28593750000000007 0.69375 0.28593750000000007
0 0.74375 0.2718750000000001 0.7140625 0.2718750000000001 0.7140625 0.28593750000000007 0.74375 0.28593750000000007
0 0.7515625 0.2843750000000001 0.7484375 0.2843750000000001 0.7484375 0.28593750000000007 0.7515625 0.28593750000000007
0 0.8375 0.2718750000000001 0.7796875 0.2718750000000001 0.7796875 0.2921875000000001 0.8375 0.2921875000000001
0 0.259375 0.321875 0.16562500000000005 0.321875 0.16562500000000005 0.3421875 0.259375 0.3421875
0 0.2703125 0.33125 0.265625 0.33125 0.265625 0.3390625 0.2703125 0.3390625
0 0.334375 0.321875 0.2984375 0.321875 0.2984375 0.340625 0.334375 0.340625
0 0.453125 0.3218750000000001 0.3640625 0.3218750000000001 0.3640625 0.3375000000000001 0.453125 0.3375000000000001
0 0.46875 0.3343750000000001 0.4625 0.3343750000000001 0.4625 0.3421875000000001 0.46875 0.3421875000000001
0 0.5359375 0.3203125000000001 0.490625 0.3203125000000001 0.490625 0.3343750000000001 0.5359375 0.3343750000000001
0 0.6625 0.3218750000000001 0.5765625 0.3218750000000001 0.5765625 0.3375000000000001 0.6625 0.3375000000000001
0 0.7765625 0.3218750000000001 0.6984375 0.3218750000000001 0.6984375 0.3375000000000001 0.7765625 0.3375000000000001
0 0.83125 0.3312500000000001 0.8 0.3312500000000001 0.8 0.3375000000000001 0.83125 0.3375000000000001
0 0.3031250000000001 0.3703125 0.17656250000000004 0.3703125 0.17656250000000004 0.390625 0.3031250000000001 0.390625
0 0.41875 0.37187500000000007 0.3515625000000001 0.371875 0.3515625000000001 0.38593750000000004 0.41875 0.3859375000000001
0 0.5109375 0.3703125000000001 0.4578125 0.3703125000000001 0.4578125 0.3859375000000001 0.5109375 0.3859375000000001
0 0.659375 0.3734375000000001 0.553125 0.3734375000000001 0.553125 0.3921875000000001 0.659375 0.3921875000000001
0 0.71875 0.3781250000000001 0.68125 0.3781250000000001 0.68125 0.3859375000000001 0.71875 0.3859375000000001
0 0.8015625 0.37968750000000007 0.7453125 0.37968750000000007 0.7453125 0.3937500000000001 0.8015625 0.3937500000000001
0 0.86875 0.3703125000000001 0.8171875 0.3703125000000001 0.8171875 0.38750000000000007 0.86875 0.38750000000000007
0 0.2718750000000001 0.421875 0.17656250000000004 0.421875 0.17656250000000004 0.4421875 0.2718750000000001 0.4421875
0 0.3390625000000001 0.421875 0.3125000000000001 0.421875 0.3125000000000001 0.4359375 0.3390625000000001 0.4359375
0 0.409375 0.421875 0.3703125000000001 0.421875 0.3703125000000001 0.4359375 0.409375 0.4359375
0 0.5640625 0.4203125 0.45625 0.4203125 0.45625 0.44375 0.5640625 0.44375
0 0.63125 0.4234375 0.59375 0.4234375 0.59375 0.4390625 0.63125 0.4390625
0 0.7640625 0.4218750000000001 0.6609375 0.421875 0.6609375 0.4468750000000001 0.7640625 0.4468750000000002
0 0.8046875 0.42500000000000016 0.7875 0.42500000000000016 0.7875 0.43750000000000017 0.8046875 0.43750000000000017
0 0.875 0.4265625000000002 0.8234375 0.4265625000000002 0.8234375 0.44531250000000017 0.875 0.44531250000000017
0 0.19687500000000005 0.471875 0.16562500000000005 0.471875 0.16562500000000005 0.4890625 0.19687500000000005 0.4890625
0 0.27031250000000007 0.471875 0.22031250000000008 0.471875 0.22031250000000008 0.4875 0.27031250000000007 0.4875
0 0.41875 0.4734375 0.3031250000000001 0.4734375 0.3031250000000001 0.49375 0.41875 0.49375
0 0.4578125 0.48125 0.4359375 0.48125 0.4359375 0.4875 0.4578125 0.4875
0 0.484375 0.475 0.4578125 0.475 0.4578125 0.4890625 0.484375 0.4890625
0 0.5609375 0.471875 0.5140625 0.471875 0.5140625 0.4859375 0.5609375 0.4859375
0 0.6359375 0.4796875 0.584375 0.4796875 0.584375 0.490625 0.6359375 0.490625
0 0.684375 0.471875 0.6640625 0.471875 0.6640625 0.4875 0.684375 0.4875
0 0.796875 0.48125000000000007 0.715625 0.48125 0.715625 0.4921875000000001 0.796875 0.49218750000000017
0 0.8734375 0.47187500000000016 0.8203125 0.47187500000000016 0.8203125 0.48750000000000016 0.8734375 0.48750000000000016
0 0.8796875 0.48437500000000017 0.8765625 0.48437500000000017 0.8765625 0.48750000000000016 0.8796875 0.48750000000000016
0 0.19531250000000006 0.5203125 0.17343750000000005 0.5203125 0.17343750000000005 0.5375 0.19531250000000006 0.5375
0 0.2828125000000001 0.5203125 0.2218750000000001 0.5203125 0.2218750000000001 0.5359375 0.2828125000000001 0.5359375
0 0.3515625000000001 0.5296875 0.3109375000000001 0.5296875 0.3109375000000001 0.5375 0.3515625000000001 0.5375
0 0.45 0.528125 0.403125 0.528125 0.403125 0.54375 0.45 0.54375
0 0.525 0.5203125 0.4765625 0.5203125 0.4765625 0.5359375 0.525 0.5359375
0 0.5796875 0.5234375 0.5640625 0.5234375 0.5640625 0.5375 0.5796875 0.5375
0 0.634375 0.5234375 0.6 0.5234375 0.6 0.5375 0.634375 0.5375
0 0.646875 0.5359375 0.640625 0.5359375 0.640625 0.54375 0.646875 0.54375
0 0.721875 0.5234375 0.6703125 0.5234375 0.6703125 0.5375 0.721875 0.5375
0 0.8875 0.5218750000000002 0.7609375 0.5218750000000002 0.7609375 0.5375000000000002 0.8875 0.5375000000000002
0 0.22656250000000008 0.571875 0.16406250000000008 0.571875 0.16406250000000008 0.5859375 0.22656250000000008 0.5859375
0 0.2843750000000001 0.5734375 0.2531250000000001 0.5734375 0.2531250000000001 0.590625 0.2843750000000001 0.590625
0 0.3578125000000001 0.571875 0.31718750000000007 0.571875 0.31718750000000007 0.5859375 0.3578125000000001 0.5859375
0 0.4859375 0.5734375 0.3921875000000001 0.5734375 0.3921875000000001 0.5953125 0.4859375 0.5953125
0 0.55625 0.575 0.5140625 0.575 0.5140625 0.5921875 0.55625 0.5921875
0 0.5890625 0.58125 0.5734375 0.58125 0.5734375 0.5875 0.5890625 0.5875
0 0.653125 0.5734375 0.5921875 0.5734375 0.5921875 0.5953125 0.653125 0.5953125
0 0.7890625 0.5750000000000001 0.6859375 0.575 0.6859375 0.5953125000000001 0.7890625 0.5953125000000001
0 0.853125 0.5734375000000002 0.8109375 0.5734375000000002 0.8109375 0.5875000000000001 0.853125 0.5875000000000001
0 0.30937500000000007 0.621875 0.1703125000000001 0.621875 0.1703125000000001 0.6375 0.30937500000000007 0.6375
0 0.3750000000000001 0.6234375 0.3468750000000001 0.6234375 0.3468750000000001 0.640625 0.3750000000000001 0.640625
0 0.5140625 0.6234375 0.415625 0.6234375 0.415625 0.6375 0.5140625 0.6375
0 0.528125 0.6359375 0.521875 0.6359375 0.521875 0.6421875 0.528125 0.6421875
0 0.5984375 0.63125 0.5515625 0.63125 0.5515625 0.64375 0.5984375 0.64375
0 0.6859375 0.628125 0.628125 0.628125 0.628125 0.6390625 0.6859375 0.6390625
0 0.76875 0.6250000000000001 0.7140625 0.625 0.7140625 0.6390625000000001 0.76875 0.6390625000000002
0 0.8234375 0.6328125000000002 0.8078125 0.6328125000000002 0.8078125 0.6390625000000002 0.8234375 0.6390625000000002
0 0.21093750000000008 0.68125 0.1750000000000001 0.68125 0.1750000000000001 0.69375 0.21093750000000008 0.69375
0 0.21875000000000008 0.6859375 0.2156250000000001 0.6859375 0.2156250000000001 0.6875 0.21875000000000008 0.6875