0 0.16250000000000003 0.20625 0.14531250000000004 0.20625 0.14531250000000004 0.2203125 0.16250000000000003 0.2203125
0 0.246875 0.2078125 0.2015625 0.2078125 0.2015625 0.228125 0.246875 0.228125
0 0.30625 0.2046875 0.2859375 0.2046875 0.2859375 0.2296875 0.30625 0.2296875
0 0.3828125 0.20625000000000004 0.3390625 0.20625 0.3390625 0.22187500000000004 0.3828125 0.2218750000000001
0 0.4609375 0.21250000000000008 0.4171875 0.21250000000000008 0.4171875 0.23437500000000008 0.4609375 0.23437500000000008
0 0.5234375 0.20468750000000008 0.4953125 0.20468750000000008 0.4953125 0.2234375000000001 0.5234375 0.2234375000000001
0 0.6 0.20312500000000008 0.55 0.20312500000000008 0.55 0.22812500000000008 0.6 0.22812500000000008
0 0.6796875 0.20312500000000008 0.6296875 0.20312500000000008 0.6296875 0.22656250000000008 0.6796875 0.22656250000000008
0 0.8828125 0.20468750000000008 0.71875 0.20468750000000008 0.71875 0.2218750000000001 0.8828125 0.2218750000000001
0 0.8859375 0.21875000000000008 0.8828125 0.21875000000000008 0.8828125 0.2234375000000001 0.8859375 0.2234375000000001
0 0.17812500000000003 0.2546875 0.14218750000000005 0.2546875 0.14218750000000005 0.2703125 0.17812500000000003 0.2703125
0 0.3171875 0.25625 0.203125 0.25625 0.203125 0.2796875 0.3171875 0.2796875
0 0.3953125 0.25625000000000003 0.3546875 0.25625 0.3546875 0.27343750000000006 0.3953125 0.2734375000000001
0 0.534375 0.2562500000000001 0.4328125 0.2562500000000001 0.4328125 0.28593750000000007 0.534375 0.28593750000000007
0 0.5453125 0.2718750000000001 0.5421875 0.2718750000000001 0.5421875 0.2765625000000001 0.5453125 0.2765625000000001
0 0.60625 0.2562500000000001 0.5734375 0.2562500000000001 0.5734375 0.2718750000000001 0.60625 0.2718750000000001
0 0.690625 0.2562500000000001 0.6296875 0.2562500000000001 0.6296875 0.27031250000000007 0.690625 0.27031250000000007
0 0.740625 0.2562500000000001 0.7171875 0.2562500000000001 0.7171875 0.27031250000000007 0.740625 0.27031250000000007
0 0.8234375 0.2578125000000001 0.7578125 0.2578125000000001 0.7578125 0.2718750000000001 0.8234375 0.2718750000000001
0 0.2375 0.3078125 0.14062500000000006 0.3078125 0.14062500000000006 0.3359375 0.2375 0.3359375
0 0.2921875 0.3078125 0.2703125 0.3078125 0.2703125 0.3234375 0.2921875 0.3234375
0 0.3703125 0.30625 0.325 0.30625 0.325 0.33281250000000007 0.3703125 0.33281250000000007
0 0.4421875 0.3062500000000001 0.4015625 0.3062500000000001 0.4015625 0.3234375000000001 0.4421875 0.3234375000000001
0 0.5390625 0.3078125000000001 0.4671875 0.3078125000000001 0.4671875 0.3359375000000001 0.5390625 0.3359375000000001
0 0.5859375 0.3156250000000001 0.571875 0.3156250000000001 0.571875 0.3234375000000001 0.5859375 0.3234375000000001
0 0.659375 0.3062500000000001 0.6140625 0.3062500000000001 0.6140625 0.3218750000000001 0.659375 0.3218750000000001
0 0.678125 0.3218750000000001 0.6734375 0.3218750000000001 0.6734375 0.3265625000000001 0.678125 0.3265625000000001
0 0.765625 0.30937500000000007 0.6953125 0.30937500000000007 0.6953125 0.3359375000000001 0.765625 0.3359375000000001
0 0.834375 0.3078125000000001 0.7875 0.3078125000000001 0.7875 0.3218750000000001 0.834375 0.3218750000000001
0 0.16406250000000006 0.3578125 0.14843750000000006 0.3578125 0.14843750000000006 0.371875 0.16406250000000006 0.371875
0 0.22656250000000008 0.365625 0.18437500000000004 0.365625 0.18437500000000004 0.375 0.22656250000000008 0.375
0 0.31562500000000004 0.3578125 0.2625 0.3578125 0.26250000000000007 0.3875 0.3156250000000001 0.3875
0 0.4515625 0.35625000000000007 0.3546875 0.35625 0.35468750000000004 0.37500000000000006 0.4515625 0.3750000000000001
0 0.5390625 0.35625000000000007 0.490625 0.35625000000000007 0.490625 0.3734375000000001 0.5390625 0.3734375000000001
0 0.715625 0.3578125000000001 0.5640625 0.3578125000000001 0.5640625 0.38750000000000007 0.715625 0.38750000000000007
0 0.8140625 0.36406250000000007 0.75 0.36406250000000007 0.75 0.3734375000000001 0.8140625 0.3734375000000001
0 0.8625 0.3578125000000001 0.8421875 0.3578125000000001 0.8421875 0.3734375000000001 0.8625 0.3734375000000001
0 0.2156250000000001 0.4078125 0.13593750000000004 0.4078125 0.13593750000000004 0.4234375 0.2156250000000001 0.4234375
0 0.2906250000000001 0.4109375 0.2515625000000001 0.4109375 0.2515625000000001 0.4265625 0.2906250000000001 0.4265625
0 0.38750000000000007 0.409375 0.3375000000000001 0.409375 0.3375000000000001 0.4359375 0.38750000000000007 0.4359375
0 0.4171875 0.421875 0.4140625 0.421875 0.4140625 0.428125 0.4171875 0.428125
0 0.4796875 0.409375 0.440625 0.409375 0.440625 0.425 0.4796875 0.425
0 0.5515625 0.4109375 0.5046875 0.4109375 0.5046875 0.4234375 0.5515625 0.4234375
0 0.6125 0.409375 0.5859375 0.409375 0.5859375 0.425 0.6125 0.425
0 0.715625 0.4078125 0.634375 0.4078125 0.634375 0.4296875 0.715625 0.4296875
0 0.7796875 0.4156250000000002 0.7375 0.4156250000000002 0.7375 0.42500000000000016 0.7796875 0.42500000000000016
0 0.8640625 0.40937500000000016 0.8109375 0.40937500000000016 0.8109375 0.43750000000000017 0.8640625 0.43750000000000017
0 0.2234375000000001 0.459375 0.14531250000000004 0.459375 0.14531250000000004 0.4765625 0.2234375000000001 0.4765625
0 0.3203125000000001 0.4640625 0.26250000000000007 0.4640625 0.26250000000000007 0.475 0.3203125000000001 0.475
0 0.3703125000000001 0.4671875 0.3578125000000001 0.4671875 0.3578125000000001 0.4734375 0.3703125000000001 0.4734375
0 0.4703125 0.4609375 0.4046875 0.4609375 0.4046875 0.475 0.4703125 0.475
0 0.55 0.4578125 0.503125 0.4578125 0.503125 0.4765625 0.55 0.4765625
0 0.621875 0.4578125 0.5859375 0.4578125 0.5859375 0.4734375 0.621875 0.4734375
0 0.7203125 0.4578125 0.6546875 0.4578125 0.6546875 0.475 0.7203125 0.475
0 0.8140625 0.46406250000000016 0.7578125 0.46406250000000016 0.7578125 0.4750000000000002 0.8140625 0.4750000000000002
0 0.16718750000000004 0.5078125 0.14531250000000004 0.5078125 0.14531250000000004 0.5234375 0.16718750000000004 0.5234375
0 0.27812500000000007 0.5046875 0.20468750000000008 0.5046875 0.20468750000000008 0.5296875 0.27812500000000007 0.5296875
0 0.2921875000000001 0.5265625 0.2906250000000001 0.5265625 0.2906250000000001 0.5296875 0.2921875000000001 0.5296875
0 0.3515625000000001 0.5109375 0.30937500000000007 0.5109375 0.30937500000000007 0.525 0.3515625000000001 0.525
0 0.428125 0.5125 0.37968750000000007 0.5125 0.37968750000000007 0.5375 0.428125 0.5375
0 0.5 0.509375 0.4703125 0.509375 0.4703125 0.5265625 0.5 0.5265625
0 0.596875 0.509375 0.528125 0.509375 0.528125 0.5265625 0.596875 0.5265625
0 0.7390625 0.5109375 0.628125 0.5109375 0.628125 0.5265625 0.7390625 0.5265625000000002
0 0.7484375 0.5250000000000001 0.746875 0.5250000000000001 0.746875 0.5250000000000001 0.7484375 0.5250000000000001