0 0.15312500000000004 0.2140625 0.13593750000000004 0.2140625 0.13593750000000004 0.23125 0.15312500000000004 0.23125
0 0.2640625 0.2171875 0.17968750000000006 0.2171875 0.17968750000000006 0.2375 0.2640625 0.2375
0 0.328125 0.215625 0.2921875 0.215625 0.2921875 0.23125 0.328125 0.23125
0 0.4046875 0.21562500000000004 0.359375 0.215625 0.359375 0.23750000000000004 0.4046875 0.2375000000000001
0 0.428125 0.2140625000000001 0.4203125 0.2140625000000001 0.4203125 0.2296875000000001 0.428125 0.2296875000000001
0 0.45 0.2296875000000001 0.4296875 0.2296875000000001 0.4296875 0.2312500000000001 0.45 0.2312500000000001
0 0.4921875 0.2156250000000001 0.478125 0.2156250000000001 0.478125 0.2312500000000001 0.4921875 0.2312500000000001
0 0.5375 0.2218750000000001 0.5140625 0.2218750000000001 0.5140625 0.2312500000000001 0.5375 0.2312500000000001
0 0.653125 0.2140625000000001 0.5640625 0.2140625000000001 0.5640625 0.2390625000000001 0.653125 0.2390625000000001
0 0.725 0.2140625000000001 0.6828125 0.2140625000000001 0.6828125 0.2312500000000001 0.725 0.2312500000000001
0 0.7609375 0.2156250000000001 0.7546875 0.2156250000000001 0.7546875 0.2312500000000001 0.7609375 0.2312500000000001
0 0.828125 0.2156250000000001 0.7828125 0.2156250000000001 0.7828125 0.2328125000000001 0.828125 0.2328125000000001
0 0.15468750000000003 0.2703125 0.13437500000000005 0.2703125 0.13437500000000005 0.2796875 0.15468750000000003 0.2796875
0 0.2515625 0.265625 0.19062500000000004 0.265625 0.19062500000000004 0.2828125 0.2515625 0.2828125
0 0.3171875 0.2671875 0.2796875 0.2671875 0.2796875 0.2828125 0.3171875 0.2828125
0 0.365625 0.26875000000000004 0.3484375 0.26875 0.3484375 0.28125000000000006 0.365625 0.2812500000000001
0 0.475 0.2687500000000001 0.3890625 0.2687500000000001 0.3890625 0.2890625000000001 0.475 0.2890625000000001
0 0.5375 0.2671875000000001 0.503125 0.2671875000000001 0.503125 0.2812500000000001 0.5375 0.2812500000000001
0 0.6046875 0.2671875000000001 0.5609375 0.2671875000000001 0.5609375 0.2828125000000001 0.6046875 0.2828125000000001
0 0.68125 0.2656250000000001 0.634375 0.2656250000000001 0.634375 0.2812500000000001 0.68125 0.2812500000000001
0 0.73125 0.2656250000000001 0.703125 0.2656250000000001 0.703125 0.2828125000000001 0.73125 0.2828125000000001
0 0.84375 0.2687500000000001 0.759375 0.2687500000000001 0.759375 0.2828125000000001 0.84375 0.2828125000000001
0 0.17812500000000003 0.31875 0.13593750000000004 0.31875 0.13593750000000004 0.334375 0.17812500000000003 0.334375
0 0.2359375 0.3234375 0.19843750000000004 0.3234375 0.19843750000000004 0.334375 0.2359375 0.334375
0 0.3 0.325 0.259375 0.325 0.259375 0.334375 0.3 0.334375
0 0.2984375 0.3296875 0.2953125 0.3296875 0.2953125 0.3328125 0.2984375 0.3328125
0 0.3578125 0.315625 0.31875 0.315625 0.31875 0.3328125 0.3578125 0.3328125
0 0.4 0.3156250000000001 0.378125 0.3156250000000001 0.378125 0.3296875000000001 0.4 0.3296875000000001
0 0.4640625 0.31718750000000007 0.425 0.31718750000000007 0.425 0.33281250000000007 0.4640625 0.33281250000000007
0 0.5171875 0.3187500000000001 0.4859375 0.3187500000000001 0.4859375 0.33281250000000007 0.5171875 0.33281250000000007
0 0.571875 0.32500000000000007 0.5390625 0.32500000000000007 0.5390625 0.3343750000000001 0.571875 0.3343750000000001
0 0.653125 0.3187500000000001 0.5984375 0.3187500000000001 0.5984375 0.33281250000000007 0.653125 0.33281250000000007
0 0.6890625 0.31718750000000007 0.6671875 0.31718750000000007 0.6671875 0.33281250000000007 0.6890625 0.33281250000000007
0 0.7859375 0.3187500000000001 0.7140625 0.3187500000000001 0.7140625 0.3437500000000001 0.7859375 0.3437500000000001
0 0.7921875 0.3296875000000001 0.7875 0.3296875000000001 0.7875 0.33281250000000007 0.7921875 0.33281250000000007
0 0.8078125 0.3156250000000001 0.803125 0.3156250000000001 0.803125 0.3265625000000001 0.8078125 0.3265625000000001
0 0.19218750000000004 0.3671875 0.13281250000000006 0.3671875 0.13281250000000006 0.384375 0.19218750000000004 0.384375
0 0.2375000000000001 0.36875 0.2171875000000001 0.36875 0.2171875000000001 0.3828125 0.2375000000000001 0.3828125
0 0.3031250000000001 0.3703125 0.26250000000000007 0.3703125 0.26250000000000007 0.3796875 0.3031250000000001 0.3796875
0 0.4078125 0.36718750000000006 0.3265625000000001 0.3671875 0.3265625000000001 0.39531250000000007 0.4078125 0.39531250000000007
0 0.4734375 0.3671875000000001 0.434375 0.3671875000000001 0.434375 0.3843750000000001 0.4734375 0.3843750000000001
0 0.55 0.3656250000000001 0.4984375 0.3656250000000001 0.4984375 0.3828125000000001 0.55 0.3828125000000001
0 0.5984375 0.3687500000000001 0.575 0.3687500000000001 0.575 0.3828125000000001 0.5984375 0.3828125000000001
0 0.6828125 0.3671875000000001 0.621875 0.3671875000000001 0.621875 0.3843750000000001 0.6828125 0.3843750000000001
0 0.721875 0.3703125000000001 0.7015625 0.3703125000000001 0.7015625 0.3843750000000001 0.721875 0.3843750000000001
0 0.7828125 0.3703125000000001 0.753125 0.3703125000000001 0.753125 0.3843750000000001 0.7828125 0.3843750000000001
0 0.8484375 0.3671875000000001 0.81875 0.3671875000000001 0.81875 0.3843750000000001 0.8484375 0.3843750000000001
0 0.16093750000000004 0.41875 0.13906250000000003 0.41875 0.13906250000000003 0.434375 0.16093750000000004 0.434375
0 0.21875000000000008 0.41875 0.18593750000000003 0.41875 0.18593750000000003 0.4359375 0.21875000000000008 0.4359375
0 0.3046875000000001 0.4203125 0.2500000000000001 0.4203125 0.2500000000000001 0.44375 0.3046875000000001 0.44375
0 0.3125000000000001 0.434375 0.3078125000000001 0.434375 0.3078125000000001 0.4390625 0.3125000000000001 0.4390625
0 0.3687500000000001 0.4234375 0.33281250000000007 0.4234375 0.33281250000000007 0.434375 0.3687500000000001 0.434375
0 0.4265625 0.4203125 0.3937500000000001 0.4203125 0.3937500000000001 0.434375 0.4265625 0.434375
0 0.553125 0.41875 0.446875 0.41875 0.446875 0.44375 0.553125 0.44375
0 0.703125 0.41875 0.5765625 0.41875 0.5765625 0.440625 0.703125 0.440625
0 0.746875 0.4203125000000002 0.728125 0.4203125000000002 0.728125 0.4343750000000002 0.746875 0.4343750000000002
0 0.8109375 0.4187500000000002 0.778125 0.4187500000000002 0.778125 0.43281250000000016 0.8109375 0.43281250000000016
0 0.25468750000000007 0.471875 0.13906250000000003 0.471875 0.13906250000000003 0.4953125 0.25468750000000007 0.4953125
0 0.3078125000000001 0.4703125 0.28593750000000007 0.4703125 0.28593750000000007 0.49375 0.3078125000000001 0.49375
0 0.3578125000000001 0.4703125 0.3265625000000001 0.4703125 0.3265625000000001 0.484375 0.3578125000000001 0.484375
0 0.43125 0.46875 0.3765625000000001 0.46875 0.3765625000000001 0.484375 0.43125 0.484375
0 0.4765625 0.46875 0.4546875 0.46875 0.4546875 0.4828125 0.4765625 0.4828125
0 0.6078125 0.4671875 0.503125 0.4671875 0.503125 0.49375 0.6078125 0.49375
0 0.6140625 0.4828125 0.6109375 0.4828125 0.6109375 0.484375 0.6140625 0.484375