0 0.15937500000000004 0.2171875 0.13437500000000005 0.2171875 0.13437500000000005 0.2390625 0.15937500000000004 0.2390625
0 0.271875 0.2203125 0.17500000000000004 0.2203125 0.17500000000000004 0.24375 0.271875 0.24375
0 0.3421875 0.215625 0.3046875 0.215625 0.3046875 0.2421875 0.3421875 0.2421875
0 0.428125 0.2156250000000001 0.371875 0.2156250000000001 0.371875 0.2468750000000001 0.428125 0.2468750000000001
0 0.440625 0.2171875000000001 0.4359375 0.2171875000000001 0.4359375 0.23593750000000008 0.440625 0.23593750000000008
0 0.4765625 0.2328125000000001 0.4546875 0.2328125000000001 0.4546875 0.23593750000000008 0.4765625 0.23593750000000008
0 0.521875 0.2140625000000001 0.503125 0.2140625000000001 0.503125 0.23437500000000008 0.521875 0.23437500000000008
0 0.5578125 0.2218750000000001 0.53125 0.2218750000000001 0.53125 0.23437500000000008 0.5578125 0.23437500000000008
0 0.6828125 0.2218750000000001 0.58125 0.2218750000000001 0.58125 0.24218750000000008 0.6828125 0.24218750000000008
0 0.771875 0.22031250000000008 0.703125 0.22031250000000008 0.703125 0.2375000000000001 0.771875 0.2375000000000001
0 0.7875 0.21875000000000008 0.784375 0.21875000000000008 0.784375 0.23593750000000008 0.7875 0.23593750000000008
0 0.8609375 0.22031250000000008 0.8078125 0.22031250000000008 0.8078125 0.23437500000000008 0.8609375 0.23437500000000008
0 0.16406250000000006 0.2734375 0.12812500000000004 0.2734375 0.12812500000000004 0.284375 0.16406250000000006 0.284375
0 0.2671875 0.265625 0.18593750000000003 0.265625 0.18593750000000003 0.2859375 0.2671875 0.2859375
0 0.3296875 0.2703125 0.2859375 0.2703125 0.2859375 0.284375 0.3296875 0.284375
0 0.359375 0.2703125 0.3453125 0.2703125 0.3453125 0.2875 0.359375 0.2875
0 0.4828125 0.2718750000000001 0.3859375 0.2718750000000001 0.3859375 0.2921875000000001 0.4828125 0.2921875000000001
0 0.546875 0.2718750000000001 0.5 0.2718750000000001 0.5 0.2875000000000001 0.546875 0.2875000000000001
0 0.615625 0.2687500000000001 0.56875 0.2687500000000001 0.56875 0.28593750000000007 0.615625 0.28593750000000007
0 0.7015625 0.2671875000000001 0.6359375 0.2671875000000001 0.6359375 0.28593750000000007 0.7015625 0.28593750000000007
0 0.7359375 0.27031250000000007 0.7046875 0.27031250000000007 0.7046875 0.2843750000000001 0.7359375 0.2843750000000001
0 0.865625 0.27031250000000007 0.759375 0.27031250000000007 0.759375 0.28593750000000007 0.865625 0.28593750000000007
0 0.18906250000000005 0.3203125 0.12968750000000004 0.3203125 0.12968750000000004 0.3390625 0.18906250000000005 0.3390625
0 0.25625 0.328125 0.20625 0.328125 0.20625 0.3390625 0.25625 0.3390625
0 0.3234375 0.328125 0.278125 0.328125 0.278125 0.3375 0.3234375 0.3375
0 0.334375 0.334375 0.33125 0.334375 0.33125 0.3359375 0.334375 0.3359375
0 0.396875 0.31718750000000007 0.35625 0.3171875 0.35625 0.33437500000000003 0.396875 0.3343750000000001
0 0.440625 0.3187500000000001 0.409375 0.3187500000000001 0.409375 0.3359375000000001 0.440625 0.3359375000000001
0 0.503125 0.3234375000000001 0.459375 0.3234375000000001 0.459375 0.3375000000000001 0.503125 0.3375000000000001
0 0.5609375 0.3234375000000001 0.521875 0.3234375000000001 0.521875 0.3359375000000001 0.5609375 0.3359375000000001
0 0.6078125 0.3281250000000001 0.571875 0.3281250000000001 0.571875 0.3375000000000001 0.6078125 0.3375000000000001
0 0.675 0.3218750000000001 0.61875 0.3218750000000001 0.61875 0.3359375000000001 0.675 0.3359375000000001
0 0.7171875 0.3187500000000001 0.690625 0.3187500000000001 0.690625 0.34062500000000007 0.7171875 0.34062500000000007
0 0.8296875 0.3203125000000001 0.73125 0.3203125000000001 0.73125 0.3468750000000001 0.8296875 0.3468750000000001
0 0.8421875 0.3343750000000001 0.8375 0.3343750000000001 0.8375 0.3390625000000001 0.8421875 0.3390625000000001
0 0.85 0.31718750000000007 0.8453125 0.31718750000000007 0.8453125 0.32500000000000007 0.85 0.32500000000000007
0 0.19375000000000003 0.365625 0.12812500000000004 0.365625 0.12812500000000004 0.3875 0.19375000000000003 0.3875
0 0.2562500000000001 0.3734375 0.21250000000000008 0.3734375 0.21250000000000008 0.3875 0.2562500000000001 0.3875
0 0.3343750000000001 0.3796875 0.28593750000000007 0.3796875 0.28593750000000007 0.3890625 0.3343750000000001 0.3890625
0 0.434375 0.37343750000000003 0.3531250000000001 0.3734375 0.3531250000000001 0.4 0.434375 0.4
0 0.50625 0.3703125000000001 0.4609375 0.3703125000000001 0.4609375 0.3890625000000001 0.50625 0.3890625000000001
0 0.58125 0.3734375000000001 0.5265625 0.3734375000000001 0.5265625 0.38750000000000007 0.58125 0.38750000000000007
0 0.6328125 0.3765625000000001 0.603125 0.3765625000000001 0.603125 0.3890625000000001 0.6328125 0.3890625000000001
0 0.7125 0.37187500000000007 0.6546875 0.37187500000000007 0.6546875 0.38750000000000007 0.7125 0.38750000000000007
0 0.759375 0.3734375000000001 0.73125 0.3734375000000001 0.73125 0.3937500000000001 0.759375 0.3937500000000001
0 0.815625 0.3734375000000001 0.7734375 0.3734375000000001 0.7734375 0.3859375000000001 0.815625 0.3859375000000001
0 0.8671875 0.3703125000000001 0.8375 0.3703125000000001 0.8375 0.3906250000000001 0.8671875 0.3906250000000001
0 0.15781250000000005 0.4203125 0.12656250000000005 0.4203125 0.12656250000000005 0.4421875 0.15781250000000005 0.4421875
0 0.21875000000000008 0.41875 0.17187500000000006 0.41875 0.17187500000000006 0.4359375 0.21875000000000008 0.4359375
0 0.3046875000000001 0.421875 0.2375000000000001 0.421875 0.2375000000000001 0.446875 0.3046875000000001 0.446875
0 0.3218750000000001 0.4328125 0.3156250000000001 0.4328125 0.3156250000000001 0.4421875 0.3218750000000001 0.4421875
0 0.3984375000000001 0.4265625 0.34062500000000007 0.4265625 0.34062500000000007 0.4375 0.3984375000000001 0.4375
0 0.4703125 0.421875 0.4234375 0.421875 0.4234375 0.4375 0.4703125 0.4375
0 0.6078125 0.421875 0.49375 0.421875 0.49375 0.4453125 0.6078125 0.4453125
0 0.7625 0.4218750000000001 0.628125 0.421875 0.628125 0.4453125000000001 0.7625 0.44531250000000017
0 0.8109375 0.42187500000000017 0.7796875 0.42187500000000017 0.7796875 0.4437500000000002 0.8109375 0.4437500000000002
0 0.17968750000000006 0.4703125 0.13281250000000006 0.4703125 0.13281250000000006 0.4875 0.17968750000000006 0.4875
0 0.3421875000000001 0.4734375 0.2062500000000001 0.4734375 0.2062500000000001 0.4921875 0.3421875000000001 0.4921875
0 0.35625000000000007 0.471875 0.3453125000000001 0.471875 0.3453125000000001 0.4890625 0.35625000000000007 0.4890625
0 0.4140625 0.4703125 0.3843750000000001 0.4703125 0.3843750000000001 0.4953125 0.4140625 0.4953125
0 0.5046875 0.46875 0.446875 0.46875 0.446875 0.4859375 0.5046875 0.4859375
0 0.5546875 0.4703125 0.5234375 0.4703125 0.5234375 0.49375 0.5546875 0.49375
0 0.70625 0.4703125 0.584375 0.4703125 0.584375 0.5015625 0.70625 0.5015625
0 0.721875 0.4859375 0.71875 0.4859375 0.71875 0.4875 0.721875 0.4875