0 0.19218750000000004 0.2203125 0.14062500000000006 0.2203125 0.14062500000000006 0.234375 0.19218750000000004 0.234375
0 0.34375 0.2203125 0.2078125 0.2203125 0.2078125 0.234375 0.34375 0.234375
0 0.4140625 0.22500000000000003 0.3625 0.225 0.3625 0.23437500000000006 0.4140625 0.23437500000000008
0 0.453125 0.22031250000000008 0.4265625 0.22031250000000008 0.4265625 0.2406250000000001 0.453125 0.2406250000000001
0 0.5890625 0.22031250000000008 0.471875 0.22031250000000008 0.471875 0.23437500000000008 0.5890625 0.23437500000000008
0 0.6 0.2328125000000001 0.5953125 0.2328125000000001 0.5953125 0.2390625000000001 0.6 0.2390625000000001
0 0.684375 0.2218750000000001 0.615625 0.2218750000000001 0.615625 0.23437500000000008 0.684375 0.23437500000000008
0 0.7390625 0.2218750000000001 0.7 0.2218750000000001 0.7 0.23437500000000008 0.7390625 0.23437500000000008
0 0.8484375 0.2218750000000001 0.753125 0.2218750000000001 0.753125 0.23593750000000008 0.8484375 0.23593750000000008
0 0.2234375 0.2703125 0.13906250000000003 0.2703125 0.13906250000000003 0.284375 0.2234375 0.284375
0 0.3609375 0.2703125 0.246875 0.2703125 0.246875 0.2859375 0.3609375 0.2859375
0 0.3984375 0.2718750000000001 0.371875 0.2718750000000001 0.371875 0.28593750000000007 0.3984375 0.28593750000000007
0 0.5171875 0.27031250000000007 0.415625 0.27031250000000007 0.415625 0.29375000000000007 0.5171875 0.29375000000000007
0 0.5546875 0.2750000000000001 0.5390625 0.2750000000000001 0.5390625 0.2843750000000001 0.5546875 0.2843750000000001
0 0.61875 0.2765625000000001 0.5640625 0.2765625000000001 0.5640625 0.29375000000000007 0.61875 0.29375000000000007
0 0.6625 0.2750000000000001 0.6359375 0.2750000000000001 0.6359375 0.2843750000000001 0.6625 0.2843750000000001
0 0.7234375 0.2718750000000001 0.6734375 0.2718750000000001 0.6734375 0.2843750000000001 0.7234375 0.2843750000000001
0 0.7984375 0.2718750000000001 0.7421875 0.2718750000000001 0.7421875 0.28593750000000007 0.7984375 0.28593750000000007
0 0.8515625 0.2765625000000001 0.821875 0.2765625000000001 0.821875 0.28593750000000007 0.8515625 0.28593750000000007
0 0.14218750000000005 0.3171875 0.14062500000000006 0.3171875 0.14062500000000006 0.3234375 0.14218750000000005 0.3234375
0 0.209375 0.3265625 0.15000000000000005 0.3265625 0.15000000000000005 0.3359375 0.209375 0.3359375
0 0.275 0.321875 0.2265625 0.321875 0.2265625 0.3359375 0.275 0.3359375
0 0.303125 0.328125 0.284375 0.328125 0.284375 0.3359375 0.303125 0.3359375
0 0.3671875 0.321875 0.3140625 0.321875 0.3140625 0.33593750000000006 0.3671875 0.3359375000000001
0 0.44375 0.3265625000000001 0.3859375 0.3265625000000001 0.3859375 0.3421875000000001 0.44375 0.3421875000000001
0 0.5296875 0.3218750000000001 0.4609375 0.3218750000000001 0.4609375 0.3375000000000001 0.5296875 0.3375000000000001
0 0.6015625 0.3218750000000001 0.5453125 0.3218750000000001 0.5453125 0.3343750000000001 0.6015625 0.3343750000000001
0 0.6375 0.3265625000000001 0.6171875 0.3265625000000001 0.6171875 0.3359375000000001 0.6375 0.3359375000000001
0 0.73125 0.3218750000000001 0.6515625 0.3218750000000001 0.6515625 0.3359375000000001 0.73125 0.3359375000000001
0 0.8125 0.3218750000000001 0.7421875 0.3218750000000001 0.7421875 0.34843750000000007 0.8125 0.34843750000000007
0 0.8234375 0.31718750000000007 0.81875 0.31718750000000007 0.81875 0.3281250000000001 0.8234375 0.3281250000000001
0 0.8359375 0.3312500000000001 0.8296875 0.3312500000000001 0.8296875 0.34062500000000007 0.8359375 0.34062500000000007
0 0.17812500000000003 0.3703125 0.13750000000000004 0.3703125 0.13750000000000004 0.3859375 0.17812500000000003 0.3859375
0 0.2328125000000001 0.378125 0.2015625000000001 0.378125 0.2015625000000001 0.3875 0.2328125000000001 0.3875
0 0.3765625000000001 0.37500000000000006 0.2500000000000001 0.375 0.2500000000000001 0.4 0.3765625000000001 0.4
0 0.478125 0.3734375000000001 0.3937500000000001 0.3734375000000001 0.3937500000000001 0.3859375000000001 0.478125 0.3859375000000001
0 0.528125 0.3703125000000001 0.5 0.3703125000000001 0.5 0.3906250000000001 0.528125 0.3906250000000001
0 0.6578125 0.3703125000000001 0.55 0.3703125000000001 0.55 0.3921875000000001 0.6578125 0.3921875000000001
0 0.7640625 0.3750000000000001 0.68125 0.3750000000000001 0.68125 0.3968750000000001 0.7640625 0.3968750000000001
0 0.2765625000000001 0.4234375 0.13750000000000004 0.4234375 0.13750000000000004 0.4375 0.2765625000000001 0.4375
0 0.3937500000000001 0.421875 0.2984375000000001 0.421875 0.2984375000000001 0.4375 0.3937500000000001 0.4375
0 0.4625 0.4265625 0.4125 0.4265625 0.4125 0.4375 0.4625 0.4375
0 0.50625 0.421875 0.4859375 0.421875 0.4859375 0.4359375 0.50625 0.4359375
0 0.56875 0.421875 0.5234375 0.421875 0.5234375 0.434375 0.56875 0.434375
0 0.6484375 0.41875 0.58125 0.41875 0.58125 0.434375 0.6484375 0.434375
0 0.6921875 0.4203125 0.6640625 0.4203125 0.6640625 0.440625 0.6921875 0.440625
0 0.7984375 0.41875000000000007 0.70625 0.41875 0.70625 0.4375000000000001 0.7984375 0.43750000000000017
0 0.8109375 0.42968750000000017 0.80625 0.42968750000000017 0.80625 0.4312500000000002 0.8109375 0.4312500000000002
0 0.8703125 0.4187500000000002 0.825 0.4187500000000002 0.825 0.4312500000000002 0.8703125 0.4312500000000002
0 0.16093750000000004 0.4734375 0.13750000000000004 0.4734375 0.13750000000000004 0.4953125 0.16093750000000004 0.4953125
0 0.2515625000000001 0.4734375 0.17968750000000006 0.4734375 0.17968750000000006 0.4890625 0.2515625000000001 0.4890625
0 0.32500000000000007 0.4765625 0.2765625000000001 0.4765625 0.2765625000000001 0.4875 0.32500000000000007 0.4875
0 0.3750000000000001 0.4734375 0.3312500000000001 0.4734375 0.3312500000000001 0.4890625 0.3750000000000001 0.4890625
0 0.534375 0.471875 0.39531250000000007 0.471875 0.39531250000000007 0.49375 0.534375 0.49375
0 0.5484375 0.484375 0.54375 0.484375 0.54375 0.490625 0.5484375 0.490625
0 0.6 0.471875 0.5625 0.471875 0.5625 0.4875 0.6 0.4875
0 0.73125 0.4718750000000001 0.6203125 0.471875 0.6203125 0.4953125000000001 0.73125 0.49531250000000016
0 0.834375 0.4703125000000002 0.753125 0.4703125000000002 0.753125 0.48437500000000017 0.834375 0.48437500000000017
0 0.85 0.4812500000000002 0.8453125 0.4812500000000002 0.8453125 0.4890625000000002 0.85 0.4890625000000002
0 0.20468750000000008 0.5234375 0.13906250000000003 0.5234375 0.13906250000000003 0.5375 0.20468750000000008 0.5375
0 0.3281250000000001 0.521875 0.2328125000000001 0.521875 0.2328125000000001 0.55 0.3281250000000001 0.55
0 0.465625 0.5234375 0.3453125000000001 0.5234375 0.3453125000000001 0.5375 0.465625 0.5375
0 0.5078125 0.5234375 0.484375 0.5234375 0.484375 0.5359375 0.5078125 0.5359375
0 0.5765625 0.5234375 0.5265625 0.5234375 0.5265625 0.54375 0.5765625 0.54375
0 0.65625 0.521875 0.5984375 0.521875 0.5984375 0.5359375 0.65625 0.5359375
0 0.66875 0.5328125 0.665625 0.5328125 0.665625 0.5359375 0.66875 0.5359375