0 0.17812500000000003 0.196875 0.13437500000000005 0.196875 0.13437500000000005 0.2171875 0.17812500000000003 0.2171875
0 0.309375 0.19843750000000004 0.19062500000000004 0.19843750000000004 0.19062500000000004 0.2171875 0.309375 0.2171875
0 0.365625 0.20468750000000005 0.31875 0.2046875 0.31875 0.21875000000000006 0.365625 0.21875000000000008
0 0.3984375 0.19843750000000004 0.375 0.19843750000000004 0.375 0.2218750000000001 0.3984375 0.2218750000000001
0 0.509375 0.19375000000000003 0.4078125 0.19375000000000003 0.4078125 0.2171875000000001 0.509375 0.2171875000000001
0 0.525 0.2140625000000001 0.521875 0.2140625000000001 0.521875 0.2218750000000001 0.525 0.2218750000000001
0 0.6125 0.19687500000000008 0.5375 0.19687500000000005 0.5375 0.2171875000000001 0.6125 0.2171875000000001
0 0.678125 0.19531250000000008 0.6375 0.19531250000000008 0.6375 0.2171875000000001 0.678125 0.2171875000000001
0 0.790625 0.1984375000000001 0.69375 0.1984375000000001 0.69375 0.2171875000000001 0.790625 0.2171875000000001
0 0.21875 0.2484375 0.13750000000000004 0.2484375 0.13750000000000004 0.2671875 0.21875 0.2671875
0 0.3359375 0.2484375 0.234375 0.2484375 0.234375 0.26875 0.3359375 0.26875
0 0.3796875 0.24843750000000003 0.35 0.2484375 0.35 0.26562500000000006 0.3796875 0.2656250000000001
0 0.4765625 0.2515625000000001 0.3859375 0.2515625000000001 0.3859375 0.2750000000000001 0.4765625 0.2750000000000001
0 0.5046875 0.2562500000000001 0.4890625 0.2562500000000001 0.4890625 0.2656250000000001 0.5046875 0.2656250000000001
0 0.571875 0.2562500000000001 0.515625 0.2562500000000001 0.515625 0.2750000000000001 0.571875 0.2750000000000001
0 0.6109375 0.2562500000000001 0.5796875 0.2562500000000001 0.5796875 0.2671875000000001 0.6109375 0.2671875000000001
0 0.665625 0.2515625000000001 0.6171875 0.2515625000000001 0.6171875 0.2671875000000001 0.665625 0.2671875000000001
0 0.734375 0.2500000000000001 0.678125 0.2500000000000001 0.678125 0.2671875000000001 0.734375 0.2671875000000001
0 0.7921875 0.2578125000000001 0.759375 0.2578125000000001 0.759375 0.2671875000000001 0.7921875 0.2671875000000001
0 0.13906250000000003 0.2984375 0.13750000000000004 0.2984375 0.13750000000000004 0.3046875 0.13906250000000003 0.3046875
0 0.19687500000000005 0.3078125 0.14062500000000006 0.3078125 0.14062500000000006 0.31875 0.19687500000000005 0.31875
0 0.246875 0.29375 0.2109375 0.29375 0.2109375 0.3171875 0.246875 0.3171875
0 0.2734375 0.3078125 0.25625 0.3078125 0.25625 0.31875 0.2734375 0.31875
0 0.328125 0.303125 0.2890625 0.303125 0.2890625 0.3234375 0.328125 0.3234375
0 0.3984375 0.30781250000000004 0.3421875 0.3078125 0.3421875 0.32500000000000007 0.3984375 0.32500000000000007
0 0.4625 0.2984375000000001 0.409375 0.2984375000000001 0.409375 0.31718750000000007 0.4625 0.31718750000000007
0 0.5234375 0.3000000000000001 0.475 0.3000000000000001 0.475 0.31718750000000007 0.5234375 0.31718750000000007
0 0.553125 0.3078125000000001 0.5359375 0.3078125000000001 0.5359375 0.3156250000000001 0.553125 0.3156250000000001
0 0.6453125 0.3000000000000001 0.565625 0.3000000000000001 0.565625 0.31718750000000007 0.6453125 0.31718750000000007
0 0.7171875 0.30156250000000007 0.6640625 0.30156250000000007 0.6640625 0.3281250000000001 0.7171875 0.3281250000000001
0 0.728125 0.3031250000000001 0.725 0.3031250000000001 0.725 0.3078125000000001 0.728125 0.3078125000000001
0 0.73125 0.3156250000000001 0.7265625 0.3156250000000001 0.7265625 0.32500000000000007 0.73125 0.32500000000000007
0 0.7984375 0.30156250000000007 0.7515625 0.30156250000000007 0.7515625 0.3187500000000001 0.7984375 0.3187500000000001
0 0.8375 0.3109375000000001 0.80625 0.3109375000000001 0.80625 0.3187500000000001 0.8375 0.3187500000000001
0 0.23281250000000003 0.3453125 0.13437500000000005 0.3453125 0.13437500000000005 0.375 0.2328125000000001 0.375
0 0.33281250000000007 0.3515625 0.2484375 0.3515625 0.24843750000000003 0.36875 0.33281250000000007 0.36875
0 0.36562500000000003 0.35000000000000003 0.3421875 0.35 0.34218750000000003 0.37500000000000006 0.3656250000000001 0.3750000000000001
0 0.478125 0.3500000000000001 0.3796875 0.3500000000000001 0.37968750000000007 0.3750000000000001 0.478125 0.3750000000000001
0 0.5703125 0.3578125000000001 0.4875 0.3578125000000001 0.4875 0.3765625000000001 0.5703125 0.3765625000000001
0 0.715625 0.3546875000000001 0.5828125 0.3546875000000001 0.5828125 0.37187500000000007 0.715625 0.37187500000000007
0 0.8203125 0.3437500000000001 0.7234375 0.3437500000000001 0.7234375 0.3703125000000001 0.8203125 0.3703125000000001
0 0.17812500000000003 0.4078125 0.13437500000000005 0.4078125 0.13437500000000005 0.4203125 0.17812500000000003 0.4203125
0 0.21093750000000008 0.3984375 0.18906250000000005 0.3984375 0.18906250000000005 0.41875 0.21093750000000008 0.41875
0 0.2656250000000001 0.4 0.2250000000000001 0.4 0.2250000000000001 0.4203125 0.2656250000000001 0.4203125
0 0.3312500000000001 0.4 0.2812500000000001 0.4 0.2812500000000001 0.41875 0.3312500000000001 0.41875
0 0.36406250000000007 0.4015625 0.3421875000000001 0.4015625 0.3421875000000001 0.4234375 0.36406250000000007 0.4234375
0 0.4515625 0.4046875 0.3734375000000001 0.4046875 0.3734375000000001 0.4234375 0.4515625 0.4234375
0 0.45625 0.4140625 0.453125 0.4140625 0.453125 0.4171875 0.45625 0.4171875
0 0.50625 0.40625 0.465625 0.40625 0.465625 0.4203125 0.50625 0.4203125
0 0.5359375 0.4046875 0.5125 0.4046875 0.5125 0.421875 0.5359375 0.421875
0 0.5984375 0.4046875 0.546875 0.4046875 0.546875 0.4203125 0.5984375 0.4203125
0 0.65625 0.4078125 0.6125 0.4078125 0.6125 0.4203125 0.65625 0.4203125
0 0.7015625 0.4015625 0.6671875 0.4015625 0.6671875 0.41875 0.7015625 0.41875
0 0.8359375 0.3906250000000001 0.71875 0.3906250000000001 0.71875 0.4234375000000001 0.8359375 0.4234375000000002
0 0.84375 0.41718750000000016 0.834375 0.41718750000000016 0.834375 0.4265625000000002 0.84375 0.4265625000000002
0 0.17031250000000003 0.45625 0.13437500000000005 0.45625 0.13437500000000005 0.471875 0.17031250000000003 0.471875
0 0.27812500000000007 0.4546875 0.18125000000000005 0.4546875 0.18125000000000005 0.475 0.27812500000000007 0.475
0 0.3687500000000001 0.4546875 0.29375000000000007 0.4546875 0.29375000000000007 0.4703125 0.3687500000000001 0.4703125
0 0.3734375000000001 0.465625 0.3687500000000001 0.465625 0.3687500000000001 0.4734375 0.3734375000000001 0.4734375
0 0.45625 0.45 0.3890625000000001 0.45 0.3890625000000001 0.46875 0.45625 0.46875
0 0.5484375 0.453125 0.4671875 0.453125 0.4671875 0.4765625 0.5484375 0.4765625
0 0.6578125 0.4546875 0.5578125 0.4546875 0.5578125 0.471875 0.6578125 0.471875
0 0.6953125 0.446875 0.6671875 0.446875 0.6671875 0.4671875 0.6953125 0.4671875
0 0.7546875 0.4531250000000001 0.7046875 0.453125 0.7046875 0.4765625000000001 0.7546875 0.47656250000000017
0 0.8265625 0.4546875000000002 0.7734375 0.4546875000000002 0.7734375 0.46875000000000017 0.8265625 0.46875000000000017
0 0.83125 0.4671875000000002 0.828125 0.4671875000000002 0.828125 0.4703125000000002 0.83125 0.4703125000000002