0 0.19218750000000004 0.203125 0.14687500000000003 0.203125 0.14687500000000003 0.225 0.19218750000000004 0.225
0 0.225 0.2125 0.2078125 0.2125 0.2078125 0.2265625 0.225 0.2265625
0 0.2859375 0.209375 0.2421875 0.209375 0.2421875 0.228125 0.2859375 0.228125
0 0.3203125 0.209375 0.3015625 0.209375 0.3015625 0.2265625 0.3203125 0.2265625
0 0.359375 0.2078125 0.3359375 0.2078125 0.3359375 0.225 0.359375 0.225
0 0.478125 0.2093750000000001 0.371875 0.2093750000000001 0.371875 0.22656250000000008 0.478125 0.22656250000000008
0 0.51875 0.21093750000000008 0.4921875 0.21093750000000008 0.4921875 0.22656250000000008 0.51875 0.22656250000000008
0 0.5265625 0.22656250000000008 0.5234375 0.22656250000000008 0.5234375 0.2296875000000001 0.5265625 0.2296875000000001
0 0.56875 0.21093750000000008 0.5390625 0.21093750000000008 0.5390625 0.23593750000000008 0.56875 0.23593750000000008
0 0.634375 0.21875000000000008 0.5796875 0.21875000000000008 0.5796875 0.22812500000000008 0.634375 0.22812500000000008
0 0.7234375 0.2093750000000001 0.6515625 0.2093750000000001 0.6515625 0.2375000000000001 0.7234375 0.2375000000000001
0 0.728125 0.22656250000000008 0.7265625 0.22656250000000008 0.7265625 0.2312500000000001 0.728125 0.2312500000000001
0 0.7578125 0.2140625000000001 0.740625 0.2140625000000001 0.740625 0.22812500000000008 0.7578125 0.22812500000000008
0 0.80625 0.21093750000000008 0.7703125 0.21093750000000008 0.7703125 0.22656250000000008 0.80625 0.22656250000000008
0 0.228125 0.259375 0.14843750000000006 0.259375 0.14843750000000006 0.2765625 0.228125 0.2765625
0 0.2421875 0.2765625 0.2390625 0.2765625 0.2390625 0.28125 0.2421875 0.28125
0 0.28125 0.265625 0.25625 0.265625 0.25625 0.275 0.28125 0.275
0 0.3484375 0.2671875 0.3 0.2671875 0.3 0.2765625 0.3484375 0.2765625
0 0.3984375 0.259375 0.359375 0.259375 0.359375 0.27656250000000004 0.3984375 0.2765625000000001
0 0.4609375 0.2593750000000001 0.409375 0.2593750000000001 0.409375 0.2796875000000001 0.4609375 0.2796875000000001
0 0.5453125 0.2609375000000001 0.475 0.2609375000000001 0.475 0.28593750000000007 0.5453125 0.28593750000000007
0 0.59375 0.2609375000000001 0.559375 0.2609375000000001 0.559375 0.2875000000000001 0.59375 0.2875000000000001
0 0.640625 0.2593750000000001 0.60625 0.2593750000000001 0.60625 0.2765625000000001 0.640625 0.2765625000000001
0 0.7109375 0.2593750000000001 0.6625 0.2593750000000001 0.6625 0.2765625000000001 0.7109375 0.2765625000000001
0 0.2921875 0.309375 0.15000000000000005 0.309375 0.15000000000000005 0.328125 0.2921875 0.328125
0 0.30625 0.325 0.303125 0.325 0.303125 0.3265625 0.30625 0.3265625
0 0.35625 0.30625 0.3203125 0.30625 0.3203125 0.3265625 0.35625 0.3265625
0 0.4390625 0.3140625000000001 0.3703125 0.3140625000000001 0.3703125 0.3375000000000001 0.4390625 0.3375000000000001
0 0.475 0.3187500000000001 0.446875 0.3187500000000001 0.446875 0.3281250000000001 0.475 0.3281250000000001
0 0.54375 0.3109375000000001 0.49375 0.3109375000000001 0.49375 0.3296875000000001 0.54375 0.3296875000000001
0 0.5515625 0.3281250000000001 0.5484375 0.3281250000000001 0.5484375 0.33281250000000007 0.5515625 0.33281250000000007
0 0.6203125 0.3125000000000001 0.5609375 0.3125000000000001 0.5609375 0.3281250000000001 0.6203125 0.3281250000000001
0 0.740625 0.30937500000000007 0.63125 0.30937500000000007 0.63125 0.3421875000000001 0.740625 0.3421875000000001
0 0.8421875 0.3125000000000001 0.75 0.3125000000000001 0.75 0.3296875000000001 0.8421875 0.3296875000000001
0 0.24843750000000003 0.35625 0.15312500000000004 0.35625 0.15312500000000004 0.384375 0.2484375000000001 0.384375
0 0.28125000000000006 0.3609375 0.2625 0.3609375 0.26250000000000007 0.378125 0.2812500000000001 0.378125
0 0.31250000000000006 0.3625 0.290625 0.3625 0.290625 0.378125 0.3125000000000001 0.378125
0 0.3531250000000001 0.3703125 0.3218750000000001 0.3703125 0.3218750000000001 0.378125 0.3531250000000001 0.378125
0 0.39843750000000006 0.3609375000000001 0.3640625 0.3609375000000001 0.36406250000000007 0.3781250000000001 0.3984375000000001 0.3781250000000001
0 0.4703125 0.3593750000000001 0.4078125 0.3593750000000001 0.4078125 0.3859375000000001 0.4703125 0.3859375000000001
0 0.50625 0.3656250000000001 0.4828125 0.3656250000000001 0.4828125 0.38750000000000007 0.50625 0.38750000000000007
0 0.5875 0.3625000000000001 0.5171875 0.3625000000000001 0.5171875 0.37968750000000007 0.5875 0.37968750000000007
0 0.596875 0.3765625000000001 0.59375 0.3765625000000001 0.59375 0.3828125000000001 0.596875 0.3828125000000001
0 0.6453125 0.36406250000000007 0.609375 0.36406250000000007 0.609375 0.37968750000000007 0.6453125 0.37968750000000007
0 0.7 0.3687500000000001 0.6578125 0.3687500000000001 0.6578125 0.37968750000000007 0.7 0.37968750000000007
0 0.8078125 0.36406250000000007 0.7125 0.36406250000000007 0.7125 0.3921875000000001 0.8078125 0.3921875000000001
0 0.2500000000000001 0.4109375 0.15781250000000005 0.4109375 0.15781250000000005 0.4296875 0.2500000000000001 0.4296875
0 0.3515625000000001 0.4125 0.26250000000000007 0.4125 0.26250000000000007 0.4296875 0.3515625000000001 0.4296875
0 0.44375 0.4125 0.3703125000000001 0.4125 0.3703125000000001 0.4296875 0.44375 0.4296875
0 0.484375 0.421875 0.459375 0.421875 0.459375 0.43125 0.484375 0.43125
0 0.678125 0.4109375 0.5109375 0.4109375 0.5109375 0.4375 0.678125 0.4375
0 0.7328125 0.41093750000000007 0.6859375 0.4109375 0.6859375 0.4296875000000001 0.7328125 0.42968750000000017
0 0.803125 0.4125000000000002 0.75 0.4125000000000002 0.75 0.4312500000000002 0.803125 0.4312500000000002
0 0.2515625000000001 0.4578125 0.16093750000000004 0.4578125 0.16093750000000004 0.4890625 0.2515625000000001 0.4890625
0 0.2875000000000001 0.4640625 0.2671875000000001 0.4640625 0.2671875000000001 0.4796875 0.2875000000000001 0.4796875
0 0.34062500000000007 0.4625 0.3062500000000001 0.4625 0.3062500000000001 0.4796875 0.34062500000000007 0.4796875
0 0.41875 0.4640625 0.3546875000000001 0.4640625 0.3546875000000001 0.4796875 0.41875 0.4796875
0 0.4328125 0.4765625 0.428125 0.4765625 0.428125 0.478125 0.4328125 0.478125