0 0.16718750000000004 0.2046875 0.12968750000000004 0.2046875 0.12968750000000004 0.2359375 0.16718750000000004 0.2359375
0 0.246875 0.2 0.19375000000000003 0.2 0.19375000000000003 0.2234375 0.246875 0.2234375
0 0.328125 0.19843750000000004 0.2734375 0.19843750000000004 0.2734375 0.2203125 0.328125 0.2203125
0 0.3921875 0.20000000000000004 0.359375 0.2 0.359375 0.22812500000000005 0.3921875 0.22812500000000008
0 0.4625 0.2000000000000001 0.4140625 0.2000000000000001 0.4140625 0.2234375000000001 0.4625 0.2234375000000001
0 0.584375 0.19843750000000007 0.4828125 0.19843750000000004 0.4828125 0.2218750000000001 0.584375 0.2218750000000001
0 0.64375 0.19687500000000008 0.609375 0.19687500000000008 0.609375 0.21875000000000008 0.64375 0.21875000000000008
0 0.7140625 0.2000000000000001 0.659375 0.2000000000000001 0.659375 0.2218750000000001 0.7140625 0.2218750000000001
0 0.8796875 0.19687500000000008 0.7390625 0.19687500000000008 0.7390625 0.22812500000000008 0.8796875 0.22812500000000008
0 0.16250000000000003 0.2578125 0.13437500000000005 0.2578125 0.13437500000000005 0.2765625 0.16250000000000003 0.2765625
0 0.2875 0.246875 0.19375000000000003 0.246875 0.19375000000000003 0.2734375 0.2875 0.2734375
0 0.3 0.2640625 0.296875 0.2640625 0.296875 0.2671875 0.3 0.2671875
0 0.375 0.25312500000000004 0.328125 0.253125 0.328125 0.27343750000000006 0.375 0.2734375000000001
0 0.4546875 0.2500000000000001 0.3953125 0.2500000000000001 0.3953125 0.2734375000000001 0.4546875 0.2734375000000001
0 0.6484375 0.2515625000000001 0.490625 0.2515625000000001 0.490625 0.27812500000000007 0.6484375 0.27812500000000007
0 0.7515625 0.2484375000000001 0.671875 0.2484375000000001 0.671875 0.2718750000000001 0.7515625 0.2718750000000001
0 0.821875 0.2484375000000001 0.7734375 0.2484375000000001 0.7734375 0.2671875000000001 0.821875 0.2671875000000001
0 0.2609375 0.3015625 0.14062500000000006 0.3015625 0.14062500000000006 0.3390625 0.2609375 0.3390625
0 0.315625 0.2984375 0.2859375 0.2984375 0.2859375 0.321875 0.315625 0.321875
0 0.375 0.31093750000000003 0.34375 0.3109375 0.34375 0.32500000000000007 0.375 0.32500000000000007
0 0.5015625 0.3000000000000001 0.4046875 0.3000000000000001 0.4046875 0.3234375000000001 0.5015625 0.3234375000000001
0 0.5578125 0.3078125000000001 0.5265625 0.3078125000000001 0.5265625 0.3203125000000001 0.5578125 0.3203125000000001
0 0.634375 0.2968750000000001 0.590625 0.2968750000000001 0.590625 0.31718750000000007 0.634375 0.31718750000000007
0 0.759375 0.2968750000000001 0.6578125 0.2968750000000001 0.6578125 0.3156250000000001 0.759375 0.3156250000000001
0 0.2828125 0.353125 0.14062500000000006 0.353125 0.14062500000000006 0.3921875 0.2828125000000001 0.3921875
0 0.36406250000000007 0.35156250000000006 0.309375 0.3515625 0.30937500000000007 0.37343750000000003 0.36406250000000007 0.3734375000000001
0 0.425 0.3515625000000001 0.396875 0.3515625000000001 0.39687500000000003 0.3765625000000001 0.425 0.3765625000000001
0 0.5359375 0.3515625000000001 0.453125 0.3515625000000001 0.453125 0.3828125000000001 0.5359375 0.3828125000000001
0 0.703125 0.3531250000000001 0.565625 0.3531250000000001 0.565625 0.3843750000000001 0.703125 0.3843750000000001
0 0.7140625 0.3671875000000001 0.7109375 0.3671875000000001 0.7109375 0.3703125000000001 0.7140625 0.3703125000000001
0 0.7484375 0.3421875000000001 0.7453125 0.3421875000000001 0.7453125 0.3515625000000001 0.7484375 0.3515625000000001
0 0.8140625 0.3437500000000001 0.75625 0.3437500000000001 0.75625 0.36406250000000007 0.8140625 0.36406250000000007
0 0.8953125 0.3375000000000001 0.8328125 0.3375000000000001 0.8328125 0.3656250000000001 0.8953125 0.3656250000000001
0 0.90625 0.3343750000000001 0.903125 0.3343750000000001 0.903125 0.3437500000000001 0.90625 0.3437500000000001
0 0.921875 0.3625000000000001 0.915625 0.3625000000000001 0.915625 0.3734375000000001 0.921875 0.3734375000000001
0 0.18593750000000003 0.4 0.14843750000000006 0.4 0.14843750000000006 0.425 0.18593750000000003 0.425
0 0.30156250000000007 0.3984375 0.2171875000000001 0.3984375 0.2171875000000001 0.4234375 0.30156250000000007 0.4234375
0 0.3218750000000001 0.415625 0.3156250000000001 0.415625 0.3156250000000001 0.425 0.3218750000000001 0.425
0 0.34843750000000007 0.396875 0.3453125000000001 0.396875 0.3453125000000001 0.40625 0.34843750000000007 0.40625
0 0.3906250000000001 0.3968750000000001 0.3671875000000001 0.3968750000000001 0.3671875000000001 0.4234375 0.3906250000000001 0.4234375
0 0.5359375 0.4015625 0.4234375 0.4015625 0.4234375 0.425 0.5359375 0.425
0 0.5640625 0.4203125 0.559375 0.4203125 0.559375 0.4328125 0.5640625 0.4328125
0 0.690625 0.3968750000000001 0.584375 0.3968750000000001 0.584375 0.4203125 0.690625 0.4203125
0 0.7328125 0.3968750000000001 0.7109375 0.3968750000000001 0.7109375 0.4171875000000001 0.7328125 0.41718750000000016
0 0.778125 0.4046875000000002 0.759375 0.4046875000000002 0.759375 0.4156250000000002 0.778125 0.4156250000000002
0 0.8921875 0.3984375000000001 0.803125 0.3984375000000001 0.803125 0.4281250000000002 0.8921875 0.4281250000000002
0 0.2890625000000001 0.45625 0.15937500000000004 0.45625 0.15937500000000004 0.475 0.2890625000000001 0.475
0 0.30156250000000007 0.4640625 0.2968750000000001 0.4640625 0.2968750000000001 0.465625 0.30156250000000007 0.465625
0 0.478125 0.4484375 0.3343750000000001 0.4484375 0.3343750000000001 0.478125 0.478125 0.478125
0 0.609375 0.4546875 0.5140625 0.4546875 0.5140625 0.4734375 0.609375 0.4734375
0 0.6609375 0.45 0.63125 0.45 0.63125 0.475 0.6609375 0.475
0 0.71875 0.4484375 0.6859375 0.4484375 0.6859375 0.471875 0.71875 0.471875
0 0.815625 0.44531250000000017 0.734375 0.44531250000000017 0.734375 0.4703125000000002 0.815625 0.4703125000000002
0 0.8328125 0.4578125000000002 0.821875 0.4578125000000002 0.821875 0.4781250000000002 0.8328125 0.4781250000000002
0 0.89375 0.4421875000000002 0.853125 0.4421875000000002 0.853125 0.4656250000000002 0.89375 0.4656250000000002
0 0.17656250000000004 0.503125 0.15312500000000004 0.503125 0.15312500000000004 0.525 0.17656250000000004 0.525
0 0.2984375000000001 0.50625 0.2296875000000001 0.50625 0.2296875000000001 0.5390625 0.2984375000000001 0.5390625
0 0.3750000000000001 0.5046875 0.32500000000000007 0.5046875 0.32500000000000007 0.5265625 0.3750000000000001 0.5265625
0 0.4640625 0.5015625 0.3984375000000001 0.5015625 0.3984375000000001 0.53125 0.4640625 0.53125
0 0.4921875 0.51875 0.46875 0.51875 0.46875 0.521875 0.4921875 0.521875
0 0.50625 0.51875 0.5015625 0.51875 0.5015625 0.5203125 0.50625 0.5203125
0 0.615625 0.5015625 0.528125 0.5015625 0.528125 0.525 0.615625 0.525
0 0.65625 0.5078125 0.6375 0.5078125 0.6375 0.51875 0.65625 0.51875
0 0.7578125 0.5093750000000001 0.690625 0.509375 0.690625 0.5359375000000001 0.7578125 0.5359375000000002
0 0.7734375 0.5125000000000002 0.7671875 0.5125000000000002 0.7671875 0.5234375000000002 0.7734375 0.5234375000000002
0 0.8828125 0.49531250000000016 0.7890625 0.49531250000000016 0.7890625 0.5250000000000001 0.8828125 0.5250000000000001
0 0.25468750000000007 0.553125 0.15781250000000008 0.553125 0.15781250000000008 0.5890625 0.25468750000000007 0.5890625
0 0.2656250000000001 0.565625 0.2593750000000001 0.565625 0.2593750000000001 0.578125 0.2656250000000001 0.578125
0 0.3500000000000001 0.5546875 0.2906250000000001 0.5546875 0.2906250000000001 0.5765625 0.3500000000000001 0.5765625
0 0.459375 0.5484375 0.3781250000000001 0.5484375 0.3781250000000001 0.571875 0.459375 0.571875
0 0.4953125 0.5578125 0.478125 0.5578125 0.478125 0.5703125 0.4953125 0.5703125
0 0.5859375 0.5484375 0.50625 0.5484375 0.50625 0.58125 0.5859375 0.58125
0 0.678125 0.5453125 0.603125 0.5453125 0.603125 0.5734375 0.678125 0.5734375
0 0.6953125 0.5640625 0.6921875 0.5640625 0.6921875 0.56875 0.6953125 0.56875
0 0.771875 0.5453125000000002 0.7265625 0.5453125000000002 0.7265625 0.5703125000000002 0.771875 0.5703125000000002
0 0.875 0.5453125000000002 0.7890625 0.5453125000000002 0.7890625 0.5718750000000001 0.875 0.5718750000000001
0 0.896875 0.5656250000000002 0.890625 0.5656250000000002 0.890625 0.5765625000000002 0.896875 0.5765625000000002
0 0.2218750000000001 0.6140625 0.1531250000000001 0.6140625 0.1531250000000001 0.6375 0.2218750000000001 0.6375
0 0.3546875000000001 0.596875 0.2656250000000001 0.596875 0.2656250000000001 0.6265625 0.3546875000000001 0.6265625
0 0.45 0.60625 0.3812500000000001 0.60625 0.3812500000000001 0.6234375 0.45 0.6234375
0 0.5296875 0.6078125 0.46875 0.6078125 0.46875 0.625 0.5296875 0.625
0 0.5828125 0.6078125 0.5625 0.6078125 0.5625 0.61875 0.5828125 0.61875
0 0.7046875 0.6015625 0.6078125 0.6015625 0.6078125 0.6359375 0.7046875 0.6359375
0 0.71875 0.609375 0.7140625 0.609375 0.7140625 0.6171875 0.71875 0.6171875
0 0.815625 0.5953125000000001 0.7421875 0.5953125000000001 0.7421875 0.6203125000000002 0.815625 0.6203125000000002
0 0.89375 0.5937500000000002 0.840625 0.5937500000000002 0.840625 0.6171875000000002 0.89375 0.6171875000000002
0 0.2390625000000001 0.65625 0.1515625000000001 0.65625 0.1515625000000001 0.6953125 0.2390625000000001 0.6953125
0 0.2906250000000001 0.6578125 0.2687500000000001 0.6578125 0.2687500000000001 0.6796875 0.2906250000000001 0.6796875
0 0.534375 0.6515625 0.3359375000000001 0.6515625 0.3359375000000001 0.690625 0.534375 0.690625
0 0.590625 0.6484375 0.5609375 0.6484375 0.5609375 0.6828125 0.590625 0.6828125
0 0.6609375 0.6546875 0.6125 0.6546875 0.6125 0.6765625 0.6609375 0.6765625
0 0.7921875 0.6531250000000001 0.68125 0.653125 0.68125 0.6734375000000001 0.7921875 0.6734375000000001
0 0.8296875 0.6593750000000002 0.8125 0.6593750000000002 0.8125 0.6609375000000002 0.8296875 0.6609375000000002
0 0.1687500000000001 0.7125 0.1531250000000001 0.7125 0.1531250000000001 0.728125 0.1687500000000001 0.728125
0 0.3781250000000001 0.6953125 0.2218750000000001 0.6953125 0.2218750000000001 0.734375 0.3781250000000001 0.734375
0 0.5234375000000001 0.7 0.409375 0.7 0.4093750000000001 0.7328125 0.5234375000000002 0.7328125
0 0.578125 0.703125 0.55 0.703125 0.55 0.721875 0.578125 0.721875
0 0.6578125000000001 0.7109375 0.6109375 0.7109375 0.6109375000000001 0.734375 0.6578125000000001 0.734375
0 0.7468750000000001 0.70625 0.6890625 0.70625 0.6890625000000001 0.7328125000000001 0.7468750000000002 0.7328125000000002
0 0.7796875 0.7109375000000002 0.7734375 0.7109375000000002 0.7734375 0.7234375000000002 0.7796875 0.7234375000000002