0 0.17500000000000004 0.20625 0.14375000000000004 0.20625 0.14375000000000004 0.240625 0.17500000000000004 0.240625
0 0.2375 0.20625 0.2 0.20625 0.2 0.221875 0.2375 0.221875
0 0.315625 0.203125 0.2609375 0.203125 0.2609375 0.221875 0.315625 0.221875
0 0.3609375 0.2046875 0.3296875 0.2046875 0.3296875 0.225 0.3609375 0.225
0 0.41875 0.2062500000000001 0.3828125 0.2062500000000001 0.3828125 0.2218750000000001 0.41875 0.2218750000000001
0 0.5234375 0.20468750000000008 0.44375 0.20468750000000008 0.44375 0.2218750000000001 0.5234375 0.2218750000000001
0 0.575 0.20468750000000008 0.553125 0.20468750000000008 0.553125 0.21875000000000008 0.575 0.21875000000000008
0 0.6453125 0.20468750000000008 0.5953125 0.20468750000000008 0.5953125 0.2218750000000001 0.6453125 0.2218750000000001
0 0.79375 0.20312500000000008 0.6640625 0.20312500000000008 0.6640625 0.2312500000000001 0.79375 0.2312500000000001
0 0.8359375 0.2062500000000001 0.809375 0.2062500000000001 0.809375 0.2218750000000001 0.8359375 0.2218750000000001
0 0.2171875 0.2578125 0.13906250000000003 0.2578125 0.13906250000000003 0.28125 0.2171875 0.28125
0 0.2234375 0.2703125 0.2203125 0.2703125 0.2203125 0.2734375 0.2234375 0.2734375
0 0.284375 0.25625 0.2578125 0.25625 0.2578125 0.271875 0.284375 0.271875
0 0.3625 0.253125 0.30625 0.253125 0.30625 0.271875 0.3625 0.271875
0 0.5109375 0.25468750000000007 0.3921875 0.25468750000000007 0.3921875 0.2875000000000001 0.5109375 0.2875000000000001
0 0.5875 0.2531250000000001 0.5265625 0.2531250000000001 0.5265625 0.2718750000000001 0.5875 0.2718750000000001
0 0.628125 0.2531250000000001 0.6 0.2531250000000001 0.6 0.2718750000000001 0.628125 0.2718750000000001
0 0.7625 0.2531250000000001 0.6546875 0.2531250000000001 0.6546875 0.28593750000000007 0.7625 0.28593750000000007
0 0.8015625 0.25468750000000007 0.775 0.25468750000000007 0.775 0.2687500000000001 0.8015625 0.2687500000000001
0 0.8390625 0.2609375000000001 0.8140625 0.2609375000000001 0.8140625 0.27031250000000007 0.8390625 0.27031250000000007
0 0.2171875 0.3046875 0.14218750000000005 0.3046875 0.14218750000000005 0.325 0.2171875 0.325
0 0.2640625 0.3125 0.2421875 0.3125 0.2421875 0.3234375 0.2640625 0.3234375
0 0.321875 0.30625 0.2859375 0.30625 0.2859375 0.3234375 0.321875 0.3234375
0 0.4265625 0.30468750000000006 0.3515625 0.3046875 0.3515625 0.32343750000000004 0.4265625 0.3234375000000001
0 0.5875 0.3046875000000001 0.446875 0.3046875000000001 0.446875 0.33281250000000007 0.5875 0.33281250000000007
0 0.65625 0.3062500000000001 0.6046875 0.3062500000000001 0.6046875 0.3218750000000001 0.65625 0.3218750000000001
0 0.6984375 0.3062500000000001 0.675 0.3062500000000001 0.675 0.3218750000000001 0.6984375 0.3218750000000001
0 0.7984375 0.3046875000000001 0.7203125 0.3046875000000001 0.7203125 0.3390625000000001 0.7984375 0.3390625000000001
0 0.8921875 0.3109375000000001 0.821875 0.3109375000000001 0.821875 0.3359375000000001 0.8921875 0.3359375000000001
0 0.20312500000000006 0.3546875 0.13750000000000004 0.3546875 0.13750000000000004 0.3890625 0.20312500000000008 0.3890625
0 0.2140625000000001 0.371875 0.21093750000000008 0.371875 0.21093750000000008 0.3734375 0.2140625000000001 0.3734375
0 0.246875 0.3546875 0.240625 0.3546875 0.240625 0.3625 0.246875 0.3625
0 0.29687500000000006 0.35625 0.253125 0.35625 0.25312500000000004 0.3734375 0.2968750000000001 0.3734375
0 0.38125000000000003 0.35625000000000007 0.315625 0.35625 0.31562500000000004 0.37500000000000006 0.3812500000000001 0.3750000000000001
0 0.39375 0.35625000000000007 0.3859375 0.35625000000000007 0.3859375 0.3625000000000001 0.39375 0.3625000000000001
0 0.3984375000000001 0.37187500000000007 0.38750000000000007 0.37187500000000007 0.38750000000000007 0.3812500000000001 0.3984375000000001 0.3812500000000001
0 0.453125 0.35625000000000007 0.4296875 0.35625000000000007 0.4296875 0.37187500000000007 0.453125 0.37187500000000007
0 0.55 0.3515625000000001 0.4765625 0.3515625000000001 0.4765625 0.3734375000000001 0.55 0.3734375000000001
0 0.5609375 0.3703125000000001 0.5515625 0.3703125000000001 0.5515625 0.37968750000000007 0.5609375 0.37968750000000007
0 0.596875 0.3546875000000001 0.590625 0.3546875000000001 0.590625 0.3609375000000001 0.596875 0.3609375000000001
0 0.61875 0.3593750000000001 0.5984375 0.3593750000000001 0.5984375 0.3734375000000001 0.61875 0.3734375000000001
0 0.7453125 0.3546875000000001 0.6421875 0.3546875000000001 0.6421875 0.3750000000000001 0.7453125 0.3750000000000001
0 0.746875 0.37187500000000007 0.7375 0.37187500000000007 0.7375 0.37968750000000007 0.746875 0.37968750000000007
0 0.846875 0.3546875000000001 0.7671875 0.3546875000000001 0.7671875 0.37187500000000007 0.846875 0.37187500000000007
0 0.15468750000000003 0.4078125 0.13593750000000004 0.4078125 0.13593750000000004 0.4234375 0.15468750000000003 0.4234375
0 0.19375000000000003 0.4140625 0.17812500000000003 0.4140625 0.17812500000000003 0.4234375 0.19375000000000003 0.4234375
0 0.2890625000000001 0.4078125 0.20312500000000008 0.4078125 0.20312500000000008 0.44375 0.2890625000000001 0.44375
0 0.409375 0.4125 0.3078125000000001 0.4125 0.3078125000000001 0.425 0.409375 0.425
0 0.4203125 0.4203125 0.4171875 0.4203125 0.4171875 0.4234375 0.4203125 0.4234375
0 0.5640625 0.4046875 0.4515625 0.4046875 0.4515625 0.4234375 0.5640625 0.4234375
0 0.6671875 0.4109375 0.5953125 0.4109375 0.5953125 0.4234375 0.6671875 0.4234375
0 0.7140625 0.4046875 0.690625 0.4046875 0.690625 0.421875 0.7140625 0.421875
0 0.7625 0.4046875000000002 0.7328125 0.4046875000000002 0.7328125 0.42187500000000017 0.7625 0.42187500000000017
0 0.865625 0.4046875000000002 0.7875 0.4046875000000002 0.7875 0.42187500000000017 0.865625 0.42187500000000017
0 0.8734375 0.4125000000000002 0.8578125 0.4125000000000002 0.8578125 0.4281250000000002 0.8734375 0.4281250000000002
0 0.17656250000000004 0.459375 0.14218750000000005 0.459375 0.14218750000000005 0.475 0.17656250000000004 0.475
0 0.2156250000000001 0.459375 0.19218750000000004 0.459375 0.19218750000000004 0.475 0.2156250000000001 0.475
0 0.2515625000000001 0.459375 0.2312500000000001 0.459375 0.2312500000000001 0.475 0.2515625000000001 0.475
0 0.3437500000000001 0.4578125 0.2656250000000001 0.4578125 0.2656250000000001 0.49375 0.3437500000000001 0.49375
0 0.409375 0.4578125 0.3625000000000001 0.4578125 0.3625000000000001 0.4734375 0.409375 0.4734375
0 0.478125 0.45625 0.4140625 0.45625 0.4140625 0.4796875 0.478125 0.4796875
0 0.503125 0.4703125 0.48125 0.4703125 0.48125 0.4734375 0.503125 0.4734375
0 0.5078125 0.4703125 0.5046875 0.4703125 0.5046875 0.4734375 0.5078125 0.4734375
0 0.6171875 0.45625 0.540625 0.45625 0.540625 0.4734375 0.6171875 0.4734375
0 0.6515625 0.4640625 0.6375 0.4640625 0.6375 0.4734375 0.6515625 0.4734375
0 0.7234375 0.4640625 0.659375 0.4640625 0.659375 0.490625 0.7234375 0.490625
0 0.74375 0.47187500000000016 0.734375 0.47187500000000016 0.734375 0.47968750000000016 0.74375 0.47968750000000016
0 0.834375 0.45625000000000016 0.7671875 0.45625000000000016 0.7671875 0.4890625000000002 0.834375 0.4890625000000002
0 0.2156250000000001 0.5078125 0.12812500000000004 0.5078125 0.12812500000000004 0.534375 0.2156250000000001 0.534375
0 0.2234375000000001 0.5234375 0.2156250000000001 0.5234375 0.2156250000000001 0.5296875 0.2234375000000001 0.5296875
0 0.2984375000000001 0.5078125 0.2375000000000001 0.5078125 0.2375000000000001 0.5265625 0.2984375000000001 0.5265625
0 0.3828125000000001 0.5078125 0.3156250000000001 0.5078125 0.3156250000000001 0.5265625 0.3828125000000001 0.5265625
0 0.4171875 0.5140625 0.403125 0.5140625 0.403125 0.5234375 0.4171875 0.5234375
0 0.5078125 0.5078125 0.4484375 0.5078125 0.4484375 0.5453125 0.5078125 0.5453125
0 0.590625 0.5078125 0.5265625 0.5078125 0.5265625 0.5265625 0.590625 0.5265625
0 0.6046875 0.5203125 0.6015625 0.5203125 0.6015625 0.5234375 0.6046875 0.5234375
0 0.6640625 0.509375 0.6296875 0.509375 0.6296875 0.525 0.6640625 0.525
0 0.7578125 0.5093750000000001 0.678125 0.509375 0.678125 0.5250000000000001 0.7578125 0.5250000000000001
0 0.76875 0.5203125000000002 0.7578125 0.5203125000000002 0.7578125 0.5296875000000002 0.76875 0.5296875000000002
0 0.8671875 0.5125000000000002 0.7875 0.5125000000000002 0.7875 0.5437500000000002 0.8671875 0.5437500000000002
0 0.2062500000000001 0.5578125 0.1375000000000001 0.5578125 0.1375000000000001 0.5765625 0.2062500000000001 0.5765625
0 0.2812500000000001 0.565625 0.2312500000000001 0.565625 0.2312500000000001 0.5765625 0.2812500000000001 0.5765625
0 0.35625000000000007 0.565625 0.3125000000000001 0.565625 0.3125000000000001 0.575 0.35625000000000007 0.575
0 0.3906250000000001 0.5640625 0.3750000000000001 0.5640625 0.3750000000000001 0.575 0.3906250000000001 0.575
0 0.4921875 0.5578125 0.4046875 0.5578125 0.4046875 0.584375 0.4921875 0.584375
0 0.5046875 0.5640625 0.4984375 0.5640625 0.4984375 0.5703125 0.5046875 0.5703125
0 0.5796875 0.5578125 0.528125 0.5578125 0.528125 0.575 0.5796875 0.575
0 0.64375 0.559375 0.6046875 0.559375 0.6046875 0.575 0.64375 0.575
0 0.7515625 0.5578125 0.6609375 0.5578125 0.6609375 0.5828125000000001 0.7515625 0.5828125000000002
0 0.790625 0.5593750000000002 0.7703125 0.5593750000000002 0.7703125 0.5750000000000002 0.790625 0.5750000000000002
0 0.3062500000000001 0.60625 0.14062500000000008 0.60625 0.14062500000000008 0.634375 0.3062500000000001 0.634375
0 0.3625000000000001 0.609375 0.33281250000000007 0.609375 0.33281250000000007 0.6421875 0.3625000000000001 0.6421875
0 0.41875 0.6109375 0.37968750000000007 0.6109375 0.37968750000000007 0.6265625 0.41875 0.6265625
0 0.5390625 0.6078125 0.44375 0.6078125 0.44375 0.6265625 0.5390625 0.6265625
0 0.5703125 0.6171875 0.559375 0.6171875 0.559375 0.61875 0.5703125 0.61875
0 0.6046875 0.615625 0.5890625 0.615625 0.5890625 0.625 0.6046875 0.625
0 0.7859375 0.6078125000000001 0.6296875 0.6078125 0.6296875 0.6296875000000001 0.7859375 0.6296875000000002
0 0.90625 0.6093750000000002 0.8046875 0.6093750000000002 0.8046875 0.6437500000000002 0.90625 0.6437500000000002
0 0.1593750000000001 0.6625 0.1390625000000001 0.6625 0.1390625000000001 0.675 0.1593750000000001 0.675
0 0.22812500000000008 0.6671875 0.18750000000000008 0.6671875 0.18750000000000008 0.69375 0.22812500000000008 0.69375
0 0.3078125000000001 0.6671875 0.2609375000000001 0.6671875 0.2609375000000001 0.69375 0.3078125000000001 0.69375
0 0.3187500000000001 0.6765625 0.30937500000000007 0.6765625 0.30937500000000007 0.6859375 0.3187500000000001 0.6859375
0 0.5203125 0.6609375 0.34843750000000007 0.6609375 0.34843750000000007 0.69375 0.5203125 0.69375
0 0.571875 0.665625 0.5453125 0.665625 0.5453125 0.675 0.571875 0.675
0 0.6328125 0.659375 0.5921875 0.659375 0.5921875 0.675 0.6328125 0.675
0 0.734375 0.659375 0.65 0.659375 0.65 0.6890625000000001 0.734375 0.6890625000000001
0 0.803125 0.6687500000000002 0.759375 0.6687500000000002 0.759375 0.6781250000000002 0.803125 0.6781250000000002
0 0.8875 0.6671875000000002 0.825 0.6671875000000002 0.825 0.7031250000000002 0.8875 0.7031250000000002
0 0.20468750000000008 0.7109375 0.14843750000000008 0.7109375 0.14843750000000008 0.7328125 0.20468750000000008 0.7328125
0 0.21875000000000008 0.725 0.2140625000000001 0.725 0.2140625000000001 0.7265625 0.21875000000000008 0.7265625
0 0.2453125000000001 0.7109375 0.23593750000000008 0.7109375 0.23593750000000008 0.7203125 0.2453125000000001 0.7203125