0 0.17187500000000006 0.2203125 0.13750000000000004 0.2203125 0.13750000000000004 0.2453125 0.17187500000000006 0.2453125
0 0.23125 0.2203125 0.18906250000000005 0.2203125 0.18906250000000005 0.2375 0.23125 0.2375
0 0.2921875 0.225 0.246875 0.225 0.246875 0.2375 0.2921875 0.2375
0 0.3375 0.2203125 0.309375 0.2203125 0.309375 0.24375 0.3375 0.24375
0 0.39375 0.22187500000000004 0.35 0.221875 0.35 0.23750000000000004 0.39375 0.2375000000000001
0 0.5 0.2218750000000001 0.4171875 0.2218750000000001 0.4171875 0.23593750000000008 0.5 0.23593750000000008
0 0.5421875 0.2234375000000001 0.51875 0.2234375000000001 0.51875 0.23593750000000008 0.5421875 0.23593750000000008
0 0.6078125 0.21875000000000008 0.5671875 0.21875000000000008 0.5671875 0.2406250000000001 0.6078125 0.2406250000000001
0 0.725 0.21875000000000008 0.6234375 0.21875000000000008 0.6234375 0.2468750000000001 0.725 0.2468750000000001
0 0.76875 0.22031250000000008 0.7484375 0.22031250000000008 0.7484375 0.23593750000000008 0.76875 0.23593750000000008
0 0.8578125 0.2171875000000001 0.7921875 0.2171875000000001 0.7921875 0.2406250000000001 0.8578125 0.2406250000000001
0 0.865625 0.23437500000000008 0.8609375 0.23437500000000008 0.8609375 0.2390625000000001 0.865625 0.2390625000000001
0 0.17031250000000003 0.2671875 0.13437500000000005 0.2671875 0.13437500000000005 0.290625 0.17031250000000003 0.290625
0 0.240625 0.2703125 0.18750000000000006 0.2703125 0.18750000000000006 0.2875 0.240625 0.2875
0 0.3890625 0.2671875 0.2734375 0.2671875 0.2734375 0.29687500000000006 0.3890625 0.2968750000000001
0 0.4640625 0.2687500000000001 0.41875 0.2687500000000001 0.41875 0.2875000000000001 0.4640625 0.2875000000000001
0 0.5109375 0.2734375000000001 0.48125 0.2734375000000001 0.48125 0.28593750000000007 0.5109375 0.28593750000000007
0 0.61875 0.27031250000000007 0.5265625 0.27031250000000007 0.5265625 0.30156250000000007 0.61875 0.30156250000000007
0 0.65625 0.2750000000000001 0.6375 0.2750000000000001 0.6375 0.2906250000000001 0.65625 0.2906250000000001
0 0.6921875 0.27812500000000007 0.671875 0.27812500000000007 0.671875 0.2906250000000001 0.6921875 0.2906250000000001
0 0.7859375 0.2734375000000001 0.7109375 0.2734375000000001 0.7109375 0.2890625000000001 0.7859375 0.2890625000000001
0 0.8296875 0.27812500000000007 0.803125 0.27812500000000007 0.803125 0.2890625000000001 0.8296875 0.2890625000000001
0 0.16250000000000003 0.3234375 0.13125000000000003 0.3234375 0.13125000000000003 0.3390625 0.16250000000000003 0.3390625
0 0.2703125 0.321875 0.19218750000000004 0.321875 0.19218750000000004 0.340625 0.2703125 0.340625
0 0.3984375 0.321875 0.3015625 0.321875 0.3015625 0.3453125 0.3984375 0.3453125000000001
0 0.475 0.3234375000000001 0.4203125 0.3234375000000001 0.4203125 0.3375000000000001 0.475 0.3375000000000001
0 0.5171875 0.32500000000000007 0.4953125 0.32500000000000007 0.4953125 0.3390625000000001 0.5171875 0.3390625000000001
0 0.6125 0.3218750000000001 0.5421875 0.3218750000000001 0.5421875 0.34843750000000007 0.6125 0.34843750000000007
0 0.7421875 0.3234375000000001 0.63125 0.3234375000000001 0.63125 0.35625000000000007 0.7421875 0.35625000000000007
0 0.7515625 0.3375000000000001 0.7484375 0.3375000000000001 0.7484375 0.3390625000000001 0.7515625 0.3390625000000001
0 0.778125 0.3218750000000001 0.7734375 0.3218750000000001 0.7734375 0.3281250000000001 0.778125 0.3281250000000001
0 0.825 0.3187500000000001 0.7828125 0.3187500000000001 0.7828125 0.3375000000000001 0.825 0.3375000000000001
0 0.18281250000000004 0.36875 0.11562500000000005 0.36875 0.11562500000000005 0.3921875 0.18281250000000004 0.3921875
0 0.19843750000000004 0.36875 0.19218750000000004 0.36875 0.19218750000000004 0.38125 0.19843750000000004 0.38125
0 0.2171875000000001 0.38125 0.21093750000000008 0.38125 0.21093750000000008 0.3984375 0.2171875000000001 0.3984375
0 0.2796875000000001 0.371875 0.24218750000000008 0.371875 0.24218750000000008 0.3875 0.2796875000000001 0.3875
0 0.37187500000000007 0.37343750000000003 0.3062500000000001 0.3734375 0.3062500000000001 0.39062500000000006 0.37187500000000007 0.3906250000000001
0 0.3812500000000001 0.3906250000000001 0.3765625000000001 0.3906250000000001 0.3765625000000001 0.4 0.3812500000000001 0.4
0 0.415625 0.3703125000000001 0.4109375 0.3703125000000001 0.4109375 0.3812500000000001 0.415625 0.3812500000000001
0 0.4328125 0.3734375000000001 0.4171875 0.3734375000000001 0.4171875 0.3890625000000001 0.4328125 0.3890625000000001
0 0.5484375 0.3703125000000001 0.4578125 0.3703125000000001 0.4578125 0.3890625000000001 0.5484375 0.3890625000000001
0 0.5625 0.3843750000000001 0.553125 0.3843750000000001 0.553125 0.39531250000000007 0.5625 0.39531250000000007
0 0.6515625 0.3734375000000001 0.578125 0.3734375000000001 0.578125 0.3890625000000001 0.6515625 0.3890625000000001
0 0.69375 0.3750000000000001 0.675 0.3750000000000001 0.675 0.3906250000000001 0.69375 0.3906250000000001
0 0.73125 0.3781250000000001 0.71875 0.3781250000000001 0.71875 0.3906250000000001 0.73125 0.3906250000000001
0 0.80625 0.37187500000000007 0.74375 0.37187500000000007 0.74375 0.3984375000000001 0.80625 0.3984375000000001
0 0.2328125000000001 0.4265625 0.12968750000000004 0.4265625 0.12968750000000004 0.440625 0.2328125000000001 0.440625
0 0.2500000000000001 0.4359375 0.2484375000000001 0.4359375 0.2484375000000001 0.4375 0.2500000000000001 0.4375
0 0.3984375000000001 0.421875 0.2890625000000001 0.421875 0.2890625000000001 0.4421875 0.3984375000000001 0.4421875
0 0.509375 0.4296875 0.4359375 0.4296875 0.4359375 0.4421875 0.509375 0.4421875
0 0.5546875 0.421875 0.534375 0.421875 0.534375 0.434375 0.5546875 0.434375
0 0.609375 0.428125 0.578125 0.428125 0.578125 0.4390625 0.609375 0.4390625
0 0.6859375 0.421875 0.634375 0.421875 0.634375 0.440625 0.6859375 0.440625
0 0.6953125 0.43125 0.6875 0.43125 0.6875 0.4515625 0.6953125 0.4515625
0 0.7484375 0.4250000000000001 0.7203125 0.425 0.7203125 0.4406250000000001 0.7484375 0.44062500000000016
0 0.784375 0.42187500000000017 0.7703125 0.42187500000000017 0.7703125 0.43750000000000017 0.784375 0.43750000000000017
0 0.18281250000000004 0.475 0.12656250000000005 0.475 0.12656250000000005 0.5015625 0.18281250000000004 0.5015625
0 0.2468750000000001 0.4734375 0.20312500000000008 0.4734375 0.20312500000000008 0.490625 0.2468750000000001 0.490625
0 0.3078125000000001 0.4734375 0.2656250000000001 0.4734375 0.2656250000000001 0.496875 0.3078125000000001 0.496875
0 0.3421875000000001 0.4859375 0.3187500000000001 0.4859375 0.3187500000000001 0.4890625 0.3421875000000001 0.4890625
0 0.38750000000000007 0.471875 0.3671875000000001 0.471875 0.3671875000000001 0.4890625 0.38750000000000007 0.4890625
0 0.4375 0.4703125 0.3750000000000001 0.4703125 0.3750000000000001 0.4875 0.4375 0.4875
0 0.4796875 0.478125 0.465625 0.478125 0.465625 0.4890625 0.4796875 0.4890625
0 0.55 0.4796875 0.5078125 0.4796875 0.5078125 0.5 0.55 0.5
0 0.5578125 0.4875 0.5546875 0.4875 0.5546875 0.4984375 0.5578125 0.4984375
0 0.6390625 0.475 0.58125 0.475 0.58125 0.4953125 0.6390625 0.4953125
0 0.7296875 0.4765625000000001 0.6609375 0.4765625 0.6609375 0.49687500000000007 0.7296875 0.4968750000000002
0 0.74375 0.4859375000000002 0.734375 0.4859375000000002 0.734375 0.4968750000000002 0.74375 0.4968750000000002
0 0.8109375 0.4750000000000002 0.7609375 0.4750000000000002 0.7609375 0.49218750000000017 0.8109375 0.49218750000000017
0 0.18593750000000003 0.5234375 0.12500000000000006 0.5234375 0.12500000000000006 0.540625 0.18593750000000003 0.540625
0 0.22656250000000008 0.53125 0.21250000000000008 0.53125 0.21250000000000008 0.540625 0.22656250000000008 0.540625
0 0.3218750000000001 0.525 0.2640625000000001 0.525 0.2640625000000001 0.5453125 0.3218750000000001 0.5453125
0 0.4046875 0.5234375 0.3437500000000001 0.5234375 0.3437500000000001 0.5390625 0.4046875 0.5390625
0 0.4203125 0.5375 0.415625 0.5375 0.415625 0.5390625 0.4203125 0.5390625
0 0.46875 0.5203125 0.44375 0.5203125 0.44375 0.5390625 0.46875 0.5390625
0 0.5578125 0.5203125 0.49375 0.5203125 0.49375 0.540625 0.5578125 0.540625
0 0.5703125 0.5375 0.5640625 0.5375 0.5640625 0.546875 0.5703125 0.546875
0 0.640625 0.528125 0.59375 0.528125 0.59375 0.5484375 0.640625 0.5484375
0 0.7125 0.5234375 0.6578125 0.5234375 0.6578125 0.5421875 0.7125 0.5421875
0 0.8078125 0.5296875000000002 0.7390625 0.5296875000000002 0.7390625 0.5421875000000002 0.8078125 0.5421875000000002
0 0.16406250000000008 0.5796875 0.1218750000000001 0.5796875 0.1218750000000001 0.5921875 0.16406250000000008 0.5921875
0 0.2015625000000001 0.58125 0.1843750000000001 0.58125 0.1843750000000001 0.59375 0.2015625000000001 0.59375
0 0.31718750000000007 0.575 0.2328125000000001 0.575 0.2328125000000001 0.6109375 0.31718750000000007 0.6109375
0 0.3187500000000001 0.58125 0.3156250000000001 0.58125 0.3156250000000001 0.584375 0.3187500000000001 0.584375
0 0.409375 0.5734375 0.3609375000000001 0.5734375 0.3609375000000001 0.590625 0.409375 0.590625
0 0.484375 0.575 0.434375 0.575 0.434375 0.5921875 0.484375 0.5921875
0 0.571875 0.5734375 0.5078125 0.5734375 0.5078125 0.6 0.571875 0.6
0 0.6125 0.575 0.5953125 0.575 0.5953125 0.5890625 0.6125 0.5890625
0 0.7796875 0.5750000000000001 0.6328125 0.575 0.6328125 0.5953125000000001 0.7796875 0.5953125000000001
0 0.834375 0.5781250000000002 0.8046875 0.5781250000000002 0.8046875 0.6000000000000002 0.834375 0.6000000000000002
0 0.17343750000000008 0.625 0.12656250000000008 0.625 0.12656250000000008 0.6421875 0.17343750000000008 0.6421875
0 0.2921875000000001 0.621875 0.2093750000000001 0.621875 0.2093750000000001 0.6421875 0.2921875000000001 0.6421875
0 0.3500000000000001 0.6359375 0.33281250000000007 0.6359375 0.33281250000000007 0.6390625 0.3500000000000001 0.6390625
0 0.3906250000000001 0.6296875 0.3750000000000001 0.6296875 0.3750000000000001 0.6421875 0.3906250000000001 0.6421875
0 0.553125 0.61875 0.4265625 0.61875 0.4265625 0.6484375 0.553125 0.6484375
0 0.671875 0.628125 0.5796875 0.628125 0.5796875 0.6578125 0.671875 0.6578125
0 0.721875 0.6265625 0.696875 0.6265625 0.696875 0.64375 0.721875 0.64375
0 0.7796875 0.6328125000000002 0.740625 0.6328125000000002 0.740625 0.6562500000000002 0.7796875 0.6562500000000002
0 0.85 0.6296875000000002 0.80625 0.6296875000000002 0.80625 0.6515625000000002 0.85 0.6515625000000002
0 0.8609375 0.6359375000000002 0.8546875 0.6359375000000002 0.8546875 0.6515625000000002 0.8609375 0.6515625000000002
0 0.2562500000000001 0.6734375 0.1281250000000001 0.6734375 0.1281250000000001 0.6984375 0.2562500000000001 0.6984375
0 0.30937500000000007 0.6796875 0.2828125000000001 0.6796875 0.2828125000000001 0.6921875 0.30937500000000007 0.6921875
0 0.3765625000000001 0.675 0.3281250000000001 0.675 0.3281250000000001 0.690625 0.3765625000000001 0.690625
0 0.4703125 0.675 0.4046875 0.675 0.4046875 0.696875 0.4703125 0.696875
0 0.5515625 0.678125 0.5078125 0.678125 0.5078125 0.6921875 0.5515625 0.6921875
0 0.6328125 0.6828125 0.5875 0.6828125 0.5875 0.703125 0.6328125 0.703125
0 0.709375 0.6703125 0.665625 0.6703125 0.665625 0.7 0.709375 0.7
0 0.721875 0.6875 0.7171875 0.6875 0.7171875 0.690625 0.721875 0.690625
0 0.7359375 0.6656250000000001 0.73125 0.6656250000000001 0.73125 0.6781250000000002 0.7359375 0.6781250000000002