0 0.3625 0.2125 0.290625 0.2125 0.290625 0.2390625 0.3625 0.2390625
0 0.475 0.2156250000000001 0.38125 0.2156250000000001 0.38125 0.2328125000000001 0.475 0.2328125000000001
0 0.5640625 0.2234375000000001 0.49375 0.2234375000000001 0.49375 0.2328125000000001 0.5640625 0.2328125000000001
0 0.621875 0.21250000000000008 0.5859375 0.21250000000000008 0.5859375 0.2312500000000001 0.621875 0.2312500000000001
0 0.73125 0.2140625000000001 0.646875 0.2140625000000001 0.646875 0.2328125000000001 0.73125 0.2328125000000001
0 0.7953125 0.21093750000000008 0.74375 0.21093750000000008 0.74375 0.2312500000000001 0.7953125 0.2312500000000001
0 0.8515625 0.22031250000000008 0.81875 0.22031250000000008 0.81875 0.2328125000000001 0.8515625 0.2328125000000001
0 0.8703125 0.22656250000000008 0.859375 0.22656250000000008 0.859375 0.22812500000000008 0.8703125 0.22812500000000008
0 0.2203125 0.2609375 0.13437500000000005 0.2609375 0.13437500000000005 0.28125 0.2203125 0.28125
0 0.365625 0.26406250000000003 0.246875 0.2640625 0.246875 0.28125000000000006 0.365625 0.2812500000000001
0 0.4375 0.2656250000000001 0.3953125 0.2656250000000001 0.3953125 0.2828125000000001 0.4375 0.2828125000000001
0 0.603125 0.26250000000000007 0.4796875 0.26250000000000007 0.4796875 0.2828125000000001 0.603125 0.2828125000000001
0 0.61875 0.2812500000000001 0.6125 0.2812500000000001 0.6125 0.2875000000000001 0.61875 0.2875000000000001
0 0.7078125 0.2718750000000001 0.6265625 0.2718750000000001 0.6265625 0.2828125000000001 0.7078125 0.2828125000000001
0 0.846875 0.26250000000000007 0.7375 0.26250000000000007 0.7375 0.2968750000000001 0.846875 0.2968750000000001
0 0.8546875 0.2812500000000001 0.8484375 0.2812500000000001 0.8484375 0.2890625000000001 0.8546875 0.2890625000000001
0 0.2328125 0.3109375 0.13125000000000003 0.3109375 0.13125000000000003 0.3484375 0.2328125 0.3484375
0 0.3015625 0.3125 0.25 0.3125 0.25 0.34375 0.3015625 0.34375
0 0.4328125 0.31562500000000004 0.321875 0.315625 0.321875 0.33437500000000003 0.4328125 0.3343750000000001
0 0.4453125 0.3296875000000001 0.440625 0.3296875000000001 0.440625 0.3312500000000001 0.4453125 0.3312500000000001
0 0.5 0.3140625000000001 0.4625 0.3140625000000001 0.4625 0.3312500000000001 0.5 0.3312500000000001
0 0.6078125 0.3140625000000001 0.5171875 0.3140625000000001 0.5171875 0.34843750000000007 0.6078125 0.34843750000000007
0 0.671875 0.3234375000000001 0.6328125 0.3234375000000001 0.6328125 0.3343750000000001 0.671875 0.3343750000000001
0 0.73125 0.3140625000000001 0.6859375 0.3140625000000001 0.6859375 0.33281250000000007 0.73125 0.33281250000000007
0 0.8671875 0.3140625000000001 0.75 0.3140625000000001 0.75 0.3343750000000001 0.8671875 0.3343750000000001
0 0.18906250000000005 0.359375 0.13125000000000003 0.359375 0.13125000000000003 0.3828125 0.18906250000000005 0.3828125
0 0.26093750000000004 0.3609375 0.2078125 0.3609375 0.20781250000000004 0.3828125 0.2609375000000001 0.3828125
0 0.50625 0.3609375 0.2890625 0.3609375 0.28906250000000006 0.39843750000000006 0.50625 0.3984375000000001
0 0.6515625 0.36406250000000007 0.521875 0.36406250000000007 0.521875 0.39531250000000007 0.6515625 0.39531250000000007
0 0.7484375 0.3656250000000001 0.6703125 0.3656250000000001 0.6703125 0.3859375000000001 0.7484375 0.3859375000000001
0 0.8265625 0.36406250000000007 0.7671875 0.36406250000000007 0.7671875 0.3859375000000001 0.8265625 0.3859375000000001
0 0.2906250000000001 0.415625 0.13750000000000004 0.415625 0.13750000000000004 0.446875 0.2906250000000001 0.446875
0 0.30156250000000007 0.43125 0.2984375000000001 0.43125 0.2984375000000001 0.434375 0.30156250000000007 0.434375
0 0.36406250000000007 0.4109375 0.3203125000000001 0.4109375 0.3203125000000001 0.4328125 0.36406250000000007 0.4328125
0 0.4515625 0.4125 0.3812500000000001 0.4125 0.3812500000000001 0.4328125 0.4515625 0.4328125
0 0.653125 0.4109375 0.4640625 0.4109375 0.4640625 0.4375 0.653125 0.4375
0 0.7515625 0.4140625000000001 0.6734375 0.4140625 0.6734375 0.43437500000000007 0.7515625 0.4343750000000002
0 0.8 0.41406250000000017 0.765625 0.41406250000000017 0.765625 0.43281250000000016 0.8 0.43281250000000016
0 0.9015625 0.4125000000000002 0.821875 0.4125000000000002 0.821875 0.4421875000000002 0.9015625 0.4421875000000002
0 0.27031250000000007 0.465625 0.13281250000000006 0.465625 0.13281250000000006 0.5015625 0.27031250000000007 0.5015625
0 0.3125000000000001 0.4734375 0.29375000000000007 0.4734375 0.29375000000000007 0.484375 0.3125000000000001 0.484375
0 0.4359375 0.4640625 0.34062500000000007 0.4640625 0.34062500000000007 0.5 0.4359375 0.5
0 0.4546875 0.4796875 0.446875 0.4796875 0.446875 0.490625 0.4546875 0.490625
0 0.6140625 0.4640625 0.4671875 0.4640625 0.4671875 0.5015625 0.6140625 0.5015625
0 0.7109375 0.4734375 0.6390625 0.4734375 0.6390625 0.484375 0.7109375 0.484375
0 0.8171875 0.46406250000000016 0.73125 0.46406250000000016 0.73125 0.48437500000000017 0.8171875 0.48437500000000017
0 0.8640625 0.47187500000000016 0.834375 0.47187500000000016 0.834375 0.48437500000000017 0.8640625 0.48437500000000017
0 0.2406250000000001 0.5140625 0.13906250000000003 0.5140625 0.13906250000000006 0.55 0.2406250000000001 0.55
0 0.3468750000000001 0.5140625 0.2687500000000001 0.5140625 0.2687500000000001 0.5375 0.3468750000000001 0.5375
0 0.5171875 0.5109375 0.3750000000000001 0.5109375 0.3750000000000001 0.5546875 0.5171875 0.5546875
0 0.7 0.5140625 0.5421875 0.5140625 0.5421875 0.5375 0.7 0.5375
0 0.9046875 0.5156250000000001 0.7046875 0.515625 0.7046875 0.5421875 0.9046875 0.5421875000000002
0 0.2234375000000001 0.5671875 0.1312500000000001 0.5671875 0.1312500000000001 0.6015625 0.2234375000000001 0.6015625
0 0.3234375000000001 0.565625 0.2453125000000001 0.565625 0.2453125000000001 0.5875 0.3234375000000001 0.5875
0 0.465625 0.5640625 0.3671875000000001 0.5640625 0.3671875000000001 0.584375 0.465625 0.584375
0 0.4828125 0.5796875 0.475 0.5796875 0.475 0.590625 0.4828125 0.590625
0 0.571875 0.565625 0.4953125 0.565625 0.4953125 0.5859375 0.571875 0.5859375
0 0.696875 0.5671875 0.5984375 0.5671875 0.5984375 0.60625 0.696875 0.60625
0 0.8859375 0.5640625000000001 0.725 0.5640625 0.725 0.5875000000000001 0.8859375 0.5875000000000001
0 0.8984375 0.5843750000000002 0.8875 0.5843750000000002 0.8875 0.5937500000000002 0.8984375 0.5937500000000002
0 0.2578125000000001 0.615625 0.13281250000000008 0.615625 0.13281250000000008 0.6453125 0.2578125000000001 0.6453125
0 0.3531250000000001 0.615625 0.2750000000000001 0.615625 0.2750000000000001 0.640625 0.3531250000000001 0.640625
0 0.5484375 0.61875 0.37187500000000007 0.61875 0.37187500000000007 0.659375 0.5484375 0.659375
0 0.565625 0.634375 0.559375 0.634375 0.559375 0.64375 0.565625 0.64375
0 0.5875 0.6203125 0.5828125 0.6203125 0.5828125 0.625 0.5875 0.625
0 0.6734375 0.615625 0.5921875 0.615625 0.5921875 0.6359375 0.6734375 0.6359375
0 0.740625 0.6156250000000001 0.690625 0.615625 0.690625 0.6390625000000001 0.740625 0.6390625000000002
0 0.8859375 0.6250000000000002 0.7640625 0.6250000000000002 0.7640625 0.6500000000000001 0.8859375 0.6500000000000001
0 0.1703125000000001 0.6625 0.1359375000000001 0.6625 0.1359375000000001 0.684375 0.1703125000000001 0.684375
0 0.3203125000000001 0.6625 0.1859375000000001 0.6625 0.1859375000000001 0.696875 0.3203125000000001 0.696875
0 0.3984375000000001 0.6625 0.3500000000000001 0.6625 0.3500000000000001 0.6953125 0.3984375000000001 0.6953125
0 0.5 0.6765625 0.41875 0.6765625 0.41875 0.690625 0.5 0.690625
0 0.6171875 0.6640625 0.521875 0.6640625 0.521875 0.703125 0.6171875 0.703125
0 0.7578125 0.6703125000000001 0.646875 0.6703125 0.646875 0.690625 0.7578125 0.6906250000000002
0 0.771875 0.6671875000000002 0.7640625 0.6671875000000002 0.7640625 0.6781250000000002 0.771875 0.6781250000000002