0 0.17187500000000006 0.2015625 0.15156250000000004 0.2015625 0.15156250000000004 0.2203125 0.17187500000000006 0.2203125
0 0.240625 0.2015625 0.19531250000000006 0.2015625 0.19531250000000006 0.225 0.240625 0.225
0 0.28125 0.2046875 0.2625 0.2046875 0.2625 0.225 0.28125 0.225
0 0.346875 0.203125 0.30625 0.203125 0.30625 0.221875 0.346875 0.221875
0 0.4046875 0.21250000000000008 0.3734375 0.21250000000000008 0.3734375 0.2296875000000001 0.4046875 0.2296875000000001
0 0.4609375 0.2015625000000001 0.428125 0.2015625000000001 0.428125 0.2218750000000001 0.4609375 0.2218750000000001
0 0.509375 0.2015625000000001 0.4703125 0.2015625000000001 0.4703125 0.2234375000000001 0.509375 0.2234375000000001
0 0.5828125 0.20312500000000008 0.534375 0.20312500000000008 0.534375 0.2234375000000001 0.5828125 0.2234375000000001
0 0.7515625 0.20468750000000008 0.6078125 0.20468750000000008 0.6078125 0.2234375000000001 0.7515625 0.2234375000000001
0 0.7625 0.22031250000000008 0.759375 0.22031250000000008 0.759375 0.22656250000000008 0.7625 0.22656250000000008
0 0.803125 0.20468750000000008 0.7734375 0.20468750000000008 0.7734375 0.2234375000000001 0.803125 0.2234375000000001
0 0.253125 0.2515625 0.15937500000000004 0.2515625 0.15937500000000004 0.275 0.253125 0.275
0 0.3171875 0.25 0.2765625 0.25 0.2765625 0.2703125 0.3171875 0.2703125
0 0.4171875 0.2515625 0.3296875 0.2515625 0.3296875 0.27812500000000007 0.4171875 0.27812500000000007
0 0.4296875 0.2687500000000001 0.428125 0.2687500000000001 0.428125 0.2734375000000001 0.4296875 0.2734375000000001
0 0.475 0.2515625000000001 0.4390625 0.2515625000000001 0.4390625 0.27031250000000007 0.475 0.27031250000000007
0 0.5484375 0.25468750000000007 0.496875 0.25468750000000007 0.496875 0.2718750000000001 0.5484375 0.2718750000000001
0 0.5859375 0.2562500000000001 0.5671875 0.2562500000000001 0.5671875 0.2734375000000001 0.5859375 0.2734375000000001
0 0.6453125 0.2593750000000001 0.5984375 0.2593750000000001 0.5984375 0.2734375000000001 0.6453125 0.2734375000000001
0 0.7359375 0.25468750000000007 0.6625 0.25468750000000007 0.6625 0.27812500000000007 0.7359375 0.27812500000000007
0 0.775 0.2562500000000001 0.7546875 0.2562500000000001 0.7546875 0.2718750000000001 0.775 0.2718750000000001
0 0.8140625 0.2593750000000001 0.784375 0.2593750000000001 0.784375 0.27812500000000007 0.8140625 0.27812500000000007
0 0.85625 0.2562500000000001 0.8296875 0.2562500000000001 0.8296875 0.2734375000000001 0.85625 0.2734375000000001
0 0.20625 0.30625 0.15468750000000003 0.30625 0.15468750000000003 0.3296875 0.20625 0.3296875
0 0.240625 0.3140625 0.2296875 0.3140625 0.2296875 0.321875 0.240625 0.321875
0 0.296875 0.3015625 0.2578125 0.3015625 0.2578125 0.321875 0.296875 0.321875
0 0.3046875 0.31875 0.3015625 0.31875 0.3015625 0.3234375 0.3046875 0.3234375
0 0.3734375 0.30625 0.315625 0.30625 0.315625 0.32812500000000006 0.3734375 0.3281250000000001
0 0.428125 0.3031250000000001 0.3921875 0.3031250000000001 0.3921875 0.3218750000000001 0.428125 0.3218750000000001
0 0.465625 0.3046875000000001 0.4484375 0.3046875000000001 0.4484375 0.3234375000000001 0.465625 0.3234375000000001
0 0.5140625 0.3140625000000001 0.4828125 0.3140625000000001 0.4828125 0.3234375000000001 0.5140625 0.3234375000000001
0 0.578125 0.3046875000000001 0.53125 0.3046875000000001 0.53125 0.3296875000000001 0.578125 0.3296875000000001
0 0.6796875 0.3062500000000001 0.6015625 0.3062500000000001 0.6015625 0.3234375000000001 0.6796875 0.3234375000000001
0 0.7390625 0.3078125000000001 0.7015625 0.3078125000000001 0.7015625 0.32500000000000007 0.7390625 0.32500000000000007
0 0.8609375 0.30937500000000007 0.7578125 0.30937500000000007 0.7578125 0.33281250000000007 0.8609375 0.33281250000000007
0 0.21250000000000008 0.3640625 0.15625000000000006 0.3640625 0.15625000000000006 0.3734375 0.21250000000000008 0.3734375
0 0.24843750000000003 0.3546875 0.228125 0.3546875 0.22812500000000005 0.371875 0.2484375000000001 0.371875
0 0.321875 0.3546875 0.2625 0.3546875 0.26250000000000007 0.371875 0.3218750000000001 0.371875
0 0.3765625 0.35625000000000007 0.34375 0.35625 0.34375000000000006 0.37343750000000003 0.3765625000000001 0.3734375000000001
0 0.4125 0.35625000000000007 0.4 0.35625000000000007 0.4 0.37187500000000007 0.4125 0.37187500000000007
0 0.4484375 0.35625000000000007 0.40625 0.35625000000000007 0.40625 0.37968750000000007 0.4484375 0.37968750000000007
0 0.503125 0.3578125000000001 0.475 0.3578125000000001 0.475 0.37187500000000007 0.503125 0.37187500000000007
0 0.5703125 0.3546875000000001 0.53125 0.3546875000000001 0.53125 0.37187500000000007 0.5703125 0.37187500000000007
0 0.6359375 0.35625000000000007 0.5890625 0.35625000000000007 0.5890625 0.3734375000000001 0.6359375 0.3734375000000001
0 0.6953125 0.35625000000000007 0.628125 0.35625000000000007 0.628125 0.3765625000000001 0.6953125 0.3765625000000001
0 0.740625 0.3656250000000001 0.7078125 0.3656250000000001 0.7078125 0.3750000000000001 0.740625 0.3750000000000001
0 0.803125 0.3546875000000001 0.753125 0.3546875000000001 0.753125 0.3812500000000001 0.803125 0.3812500000000001
0 0.8734375 0.3546875000000001 0.81875 0.3546875000000001 0.81875 0.3734375000000001 0.8734375 0.3734375000000001
0 0.2000000000000001 0.4046875 0.15468750000000003 0.4046875 0.15468750000000003 0.421875 0.2000000000000001 0.421875
0 0.2312500000000001 0.4140625 0.21875000000000008 0.4140625 0.21875000000000008 0.4234375 0.2312500000000001 0.4234375
0 0.2875000000000001 0.4046875 0.2406250000000001 0.4046875 0.2406250000000001 0.4234375 0.2875000000000001 0.4234375
0 0.3515625000000001 0.40625 0.3156250000000001 0.40625 0.3156250000000001 0.425 0.3515625000000001 0.425
0 0.409375 0.4046875 0.3703125000000001 0.4046875 0.3703125000000001 0.425 0.409375 0.425
0 0.49375 0.4078125 0.4296875 0.4078125 0.4296875 0.425 0.49375 0.425
0 0.5640625 0.4078125 0.521875 0.4078125 0.521875 0.4234375 0.5640625 0.4234375
0 0.621875 0.40625 0.59375 0.40625 0.59375 0.4234375 0.621875 0.4234375
0 0.7046875 0.4046875 0.6390625 0.4046875 0.6390625 0.425 0.7046875 0.425
0 0.725 0.421875 0.721875 0.421875 0.721875 0.428125 0.725 0.428125
0 0.7578125 0.4046875000000002 0.7296875 0.4046875000000002 0.7296875 0.4234375000000002 0.7578125 0.4234375000000002
0 0.8125 0.40937500000000016 0.7765625 0.40937500000000016 0.7765625 0.4312500000000002 0.8125 0.4312500000000002
0 0.8578125 0.40625000000000017 0.8265625 0.40625000000000017 0.8265625 0.42500000000000016 0.8578125 0.42500000000000016
0 0.2171875000000001 0.45625 0.15625000000000006 0.45625 0.15625000000000006 0.475 0.2171875000000001 0.475
0 0.3453125000000001 0.4546875 0.24218750000000008 0.4546875 0.24218750000000008 0.4734375 0.3453125000000001 0.4734375
0 0.3500000000000001 0.471875 0.3468750000000001 0.471875 0.3468750000000001 0.4734375 0.3500000000000001 0.4734375