0 0.18437500000000004 0.184375 0.14062500000000006 0.184375 0.14062500000000006 0.2015625 0.18437500000000004 0.2015625
0 0.2328125 0.18593750000000003 0.2109375 0.18593750000000003 0.2109375 0.2015625 0.2328125 0.2015625
0 0.3078125 0.18281250000000004 0.25625 0.18281250000000004 0.25625 0.2015625 0.3078125 0.2015625
0 0.35625 0.18437500000000004 0.3359375 0.18437500000000004 0.3359375 0.2015625 0.35625 0.2015625
0 0.3953125 0.18437500000000004 0.36875 0.18437500000000004 0.36875 0.2000000000000001 0.3953125 0.2000000000000001
0 0.5375 0.18437500000000004 0.4109375 0.18437500000000004 0.4109375 0.2015625000000001 0.5375 0.2015625000000001
0 0.5828125 0.1828125000000001 0.553125 0.1828125000000001 0.553125 0.2015625000000001 0.5828125 0.2015625000000001
0 0.5828125 0.1984375000000001 0.575 0.1984375000000001 0.575 0.2062500000000001 0.5828125 0.2062500000000001
0 0.6390625 0.1843750000000001 0.6 0.1843750000000001 0.6 0.2062500000000001 0.6390625 0.2062500000000001
0 0.7203125 0.1937500000000001 0.6578125 0.1937500000000001 0.6578125 0.2015625000000001 0.7203125 0.2015625000000001
0 0.815625 0.1828125000000001 0.7421875 0.1828125000000001 0.7421875 0.2093750000000001 0.815625 0.2093750000000001
0 0.8234375 0.2000000000000001 0.815625 0.2000000000000001 0.815625 0.2062500000000001 0.8234375 0.2062500000000001
0 0.17031250000000003 0.2359375 0.13906250000000003 0.2359375 0.13906250000000003 0.253125 0.17031250000000003 0.253125
0 0.228125 0.2328125 0.19062500000000004 0.2328125 0.19062500000000004 0.253125 0.228125 0.253125
0 0.346875 0.2359375 0.2578125 0.2359375 0.2578125 0.253125 0.346875 0.253125
0 0.3578125 0.2484375 0.35 0.2484375 0.35 0.2546875 0.3578125 0.2546875
0 0.4 0.24218750000000008 0.3734375 0.24218750000000008 0.3734375 0.2500000000000001 0.4 0.2500000000000001
0 0.46875 0.24375000000000008 0.4203125 0.24375000000000008 0.4203125 0.2531250000000001 0.46875 0.2531250000000001
0 0.5359375 0.23437500000000008 0.4890625 0.23437500000000008 0.4890625 0.2515625000000001 0.5359375 0.2515625000000001
0 0.61875 0.23593750000000008 0.55625 0.23593750000000008 0.55625 0.2531250000000001 0.61875 0.2531250000000001
0 0.728125 0.2328125000000001 0.640625 0.2328125000000001 0.640625 0.2562500000000001 0.728125 0.2562500000000001
0 0.78125 0.23593750000000008 0.73125 0.23593750000000008 0.73125 0.25468750000000007 0.78125 0.25468750000000007
0 0.8390625 0.23437500000000008 0.8015625 0.23437500000000008 0.8015625 0.2515625000000001 0.8390625 0.2515625000000001
0 0.20625 0.2796875 0.14218750000000005 0.2796875 0.14218750000000005 0.303125 0.20625 0.303125
0 0.396875 0.28437500000000004 0.2296875 0.284375 0.2296875 0.30156250000000007 0.396875 0.30156250000000007
0 0.4109375 0.30156250000000007 0.4078125 0.30156250000000007 0.4078125 0.3031250000000001 0.4109375 0.3031250000000001
0 0.453125 0.2828125000000001 0.4234375 0.2828125000000001 0.4234375 0.30156250000000007 0.453125 0.30156250000000007
0 0.5421875 0.2843750000000001 0.4734375 0.2843750000000001 0.4734375 0.30937500000000007 0.5421875 0.30937500000000007
0 0.5921875 0.2921875000000001 0.5640625 0.2921875000000001 0.5640625 0.30156250000000007 0.5921875 0.30156250000000007
0 0.68125 0.2843750000000001 0.6140625 0.2843750000000001 0.6140625 0.30156250000000007 0.68125 0.30156250000000007
0 0.6953125 0.30156250000000007 0.6890625 0.30156250000000007 0.6890625 0.3078125000000001 0.6953125 0.3078125000000001
0 0.775 0.2828125000000001 0.703125 0.2828125000000001 0.703125 0.30156250000000007 0.775 0.30156250000000007
0 0.25625000000000003 0.3328125 0.13750000000000004 0.3328125 0.13750000000000004 0.3640625 0.2562500000000001 0.3640625
0 0.4015625 0.33281250000000007 0.2828125 0.3328125 0.2828125 0.35468750000000004 0.4015625 0.3546875000000001
0 0.5328125 0.3312500000000001 0.415625 0.3312500000000001 0.415625 0.35625000000000007 0.5328125 0.35625000000000007
0 0.5796875 0.3359375000000001 0.55 0.3359375000000001 0.55 0.3515625000000001 0.5796875 0.3515625000000001
0 0.6390625 0.3359375000000001 0.603125 0.3359375000000001 0.603125 0.3531250000000001 0.6390625 0.3531250000000001
0 0.7015625 0.3453125000000001 0.665625 0.3453125000000001 0.665625 0.35625000000000007 0.7015625 0.35625000000000007
0 0.771875 0.3312500000000001 0.721875 0.3312500000000001 0.721875 0.3515625000000001 0.771875 0.3515625000000001
0 0.2234375000000001 0.3828125 0.13906250000000003 0.3828125 0.13906250000000003 0.4109375 0.2234375000000001 0.4109375
0 0.2734375000000001 0.3828125 0.2406250000000001 0.3828125 0.2406250000000001 0.4078125 0.2734375000000001 0.4078125
0 0.3750000000000001 0.38125000000000003 0.2875000000000001 0.38125 0.2875000000000001 0.403125 0.3750000000000001 0.403125
0 0.37968750000000007 0.403125 0.3750000000000001 0.403125 0.3750000000000001 0.409375 0.37968750000000007 0.409375
0 0.434375 0.37968750000000007 0.3921875000000001 0.37968750000000007 0.3921875000000001 0.4046875 0.434375 0.4046875
0 0.5234375 0.3937500000000001 0.45625 0.3937500000000001 0.45625 0.403125 0.5234375 0.403125
0 0.6625 0.3859375000000001 0.5453125 0.3859375000000001 0.5453125 0.4140625 0.6625 0.4140625
0 0.809375 0.3859375000000001 0.6890625 0.3859375000000001 0.6890625 0.4062500000000001 0.809375 0.40625000000000017
0 0.2562500000000001 0.4328125 0.13750000000000004 0.4328125 0.13750000000000004 0.45625 0.2562500000000001 0.45625
0 0.4015625 0.4328125 0.2828125000000001 0.4328125 0.2828125000000001 0.4546875 0.4015625 0.4546875
0 0.45 0.4453125 0.4234375 0.4453125 0.4234375 0.4546875 0.45 0.4546875
0 0.690625 0.434375 0.48125 0.434375 0.48125 0.465625 0.690625 0.465625
0 0.784375 0.43437500000000007 0.7140625 0.434375 0.7140625 0.4562500000000001 0.784375 0.45625000000000016
0 0.2171875000000001 0.484375 0.14218750000000005 0.484375 0.14218750000000005 0.5046875 0.2171875000000001 0.5046875
0 0.3843750000000001 0.4875 0.24375000000000008 0.4875 0.24375000000000008 0.5171875 0.3843750000000001 0.5171875
0 0.4375 0.4875 0.403125 0.4875 0.403125 0.5046875 0.4375 0.5046875
0 0.496875 0.484375 0.453125 0.484375 0.453125 0.5046875 0.496875 0.5046875
0 0.6296875 0.4859375 0.525 0.4859375 0.525 0.5046875 0.6296875 0.5046875
0 0.640625 0.503125 0.6375 0.503125 0.6375 0.50625 0.640625 0.50625