0 0.2234375 0.2015625 0.15156250000000004 0.2015625 0.15156250000000004 0.221875 0.2234375 0.221875
0 0.284375 0.203125 0.2453125 0.203125 0.2453125 0.225 0.284375 0.225
0 0.35 0.2046875 0.3 0.2046875 0.3 0.221875 0.35 0.221875
0 0.409375 0.2140625000000001 0.3734375 0.2140625000000001 0.3734375 0.2218750000000001 0.409375 0.2218750000000001
0 0.45 0.20468750000000008 0.428125 0.20468750000000008 0.428125 0.2218750000000001 0.45 0.2218750000000001
0 0.5140625 0.2062500000000001 0.471875 0.2062500000000001 0.471875 0.2234375000000001 0.5140625 0.2234375000000001
0 0.5515625 0.2062500000000001 0.5328125 0.2062500000000001 0.5328125 0.2234375000000001 0.5515625 0.2234375000000001
0 0.6015625 0.2062500000000001 0.571875 0.2062500000000001 0.571875 0.2218750000000001 0.6015625 0.2218750000000001
0 0.68125 0.2062500000000001 0.621875 0.2062500000000001 0.621875 0.2234375000000001 0.68125 0.2234375000000001
0 0.753125 0.2062500000000001 0.7 0.2062500000000001 0.7 0.2234375000000001 0.753125 0.2234375000000001
0 0.7890625 0.2078125000000001 0.771875 0.2078125000000001 0.771875 0.2250000000000001 0.7890625 0.2250000000000001
0 0.8734375 0.20468750000000008 0.8046875 0.20468750000000008 0.8046875 0.2234375000000001 0.8734375 0.2234375000000001
0 0.878125 0.21875000000000008 0.875 0.21875000000000008 0.875 0.22656250000000008 0.878125 0.22656250000000008
0 0.18125000000000005 0.2625 0.15156250000000004 0.2625 0.15156250000000004 0.271875 0.18125000000000005 0.271875
0 0.265625 0.2515625 0.19843750000000004 0.2515625 0.19843750000000004 0.278125 0.265625 0.278125
0 0.271875 0.2703125 0.26875 0.2703125 0.26875 0.275 0.271875 0.275
0 0.3421875 0.25625 0.2875 0.25625 0.2875 0.2796875 0.3421875 0.2796875
0 0.38125 0.25468750000000007 0.3546875 0.2546875 0.3546875 0.275 0.38125 0.2750000000000001
0 0.453125 0.2562500000000001 0.4 0.2562500000000001 0.4 0.2718750000000001 0.453125 0.2718750000000001
0 0.4578125 0.27031250000000007 0.4546875 0.27031250000000007 0.4546875 0.2718750000000001 0.4578125 0.2718750000000001
0 0.4921875 0.2531250000000001 0.4765625 0.2531250000000001 0.4765625 0.2718750000000001 0.4921875 0.2718750000000001
0 0.5609375 0.2562500000000001 0.5109375 0.2562500000000001 0.5109375 0.2796875000000001 0.5609375 0.2796875000000001
0 0.5890625 0.2656250000000001 0.5734375 0.2656250000000001 0.5734375 0.2734375000000001 0.5890625 0.2734375000000001
0 0.6390625 0.25468750000000007 0.6125 0.25468750000000007 0.6125 0.2734375000000001 0.6390625 0.2734375000000001
0 0.740625 0.2578125000000001 0.6625 0.2578125000000001 0.6625 0.2734375000000001 0.740625 0.2734375000000001
0 0.7890625 0.25468750000000007 0.7578125 0.25468750000000007 0.7578125 0.2734375000000001 0.7890625 0.2734375000000001
0 0.2625 0.30625 0.15625000000000006 0.30625 0.15625000000000006 0.328125 0.2625 0.328125
0 0.3359375 0.3078125 0.278125 0.3078125 0.278125 0.3296875 0.3359375 0.3296875
0 0.3921875 0.30781250000000004 0.3609375 0.3078125 0.3609375 0.32343750000000004 0.3921875 0.3234375000000001
0 0.453125 0.3046875000000001 0.41875 0.3046875000000001 0.41875 0.3234375000000001 0.453125 0.3234375000000001
0 0.5578125 0.3031250000000001 0.471875 0.3031250000000001 0.471875 0.3296875000000001 0.5578125 0.3296875000000001
0 0.565625 0.3218750000000001 0.5625 0.3218750000000001 0.5625 0.3234375000000001 0.565625 0.3234375000000001
0 0.6046875 0.3046875000000001 0.5796875 0.3046875000000001 0.5796875 0.3234375000000001 0.6046875 0.3234375000000001
0 0.6609375 0.3062500000000001 0.621875 0.3062500000000001 0.621875 0.3234375000000001 0.6609375 0.3234375000000001
0 0.775 0.3046875000000001 0.6765625 0.3046875000000001 0.6765625 0.32500000000000007 0.775 0.32500000000000007
0 0.8328125 0.3046875000000001 0.790625 0.3046875000000001 0.790625 0.32500000000000007 0.8328125 0.32500000000000007
0 0.86875 0.3062500000000001 0.84375 0.3062500000000001 0.84375 0.32500000000000007 0.86875 0.32500000000000007
0 0.20468750000000005 0.353125 0.15625000000000006 0.353125 0.15625000000000006 0.3765625 0.20468750000000008 0.3765625
0 0.30781250000000004 0.35625 0.228125 0.35625 0.22812500000000005 0.38125 0.3078125000000001 0.38125
0 0.3296875000000001 0.365625 0.3187500000000001 0.365625 0.3187500000000001 0.371875 0.3296875000000001 0.371875
0 0.403125 0.353125 0.3515625 0.353125 0.35156250000000006 0.37812500000000004 0.403125 0.3781250000000001
0 0.4109375 0.37187500000000007 0.409375 0.37187500000000007 0.409375 0.3765625000000001 0.4109375 0.3765625000000001
0 0.4921875 0.3546875000000001 0.421875 0.3546875000000001 0.421875 0.3812500000000001 0.4921875 0.3812500000000001
0 0.5390625 0.3656250000000001 0.5046875 0.3656250000000001 0.5046875 0.3734375000000001 0.5390625 0.3734375000000001
0 0.6015625 0.35625000000000007 0.5625 0.35625000000000007 0.5625 0.3734375000000001 0.6015625 0.3734375000000001
0 0.6296875 0.3671875000000001 0.61875 0.3671875000000001 0.61875 0.3750000000000001 0.6296875 0.3750000000000001
0 0.690625 0.35625000000000007 0.6421875 0.35625000000000007 0.6421875 0.3843750000000001 0.690625 0.3843750000000001
0 0.7421875 0.3578125000000001 0.709375 0.3578125000000001 0.709375 0.3750000000000001 0.7421875 0.3750000000000001
0 0.8453125 0.35625000000000007 0.7625 0.35625000000000007 0.7625 0.3812500000000001 0.8453125 0.3812500000000001
0 0.2375000000000001 0.4046875 0.15937500000000004 0.4046875 0.15937500000000004 0.4234375 0.2375000000000001 0.4234375
0 0.2468750000000001 0.421875 0.24375000000000008 0.421875 0.24375000000000008 0.4265625 0.2468750000000001 0.4265625
0 0.3921875000000001 0.40625 0.2640625000000001 0.40625 0.2640625000000001 0.428125 0.3921875000000001 0.428125
0 0.45 0.4078125 0.415625 0.4078125 0.415625 0.425 0.45 0.425
0 0.528125 0.4078125 0.4765625 0.4078125 0.4765625 0.425 0.528125 0.425
0 0.540625 0.4234375 0.5375 0.4234375 0.5375 0.4265625 0.540625 0.4265625
0 0.58125 0.40625 0.553125 0.40625 0.553125 0.425 0.58125 0.425
0 0.6609375 0.4078125 0.6078125 0.4078125 0.6078125 0.43125 0.6609375 0.43125
0 0.7515625 0.4078125000000001 0.6796875 0.4078125 0.6796875 0.4250000000000001 0.7515625 0.42500000000000016
0 0.759375 0.42187500000000017 0.7578125 0.42187500000000017 0.7578125 0.42500000000000016 0.759375 0.42500000000000016
0 0.828125 0.4078125000000002 0.7703125 0.4078125000000002 0.7703125 0.4312500000000002 0.828125 0.4312500000000002
0 0.871875 0.40937500000000016 0.840625 0.40937500000000016 0.840625 0.4265625000000002 0.871875 0.4265625000000002
0 0.2484375000000001 0.45625 0.15625000000000006 0.45625 0.15625000000000006 0.4796875 0.2484375000000001 0.4796875
0 0.26250000000000007 0.471875 0.2609375000000001 0.471875 0.2609375000000001 0.4765625 0.26250000000000007 0.4765625
0 0.2750000000000001 0.45625 0.2718750000000001 0.45625 0.2718750000000001 0.4625 0.2750000000000001 0.4625
0 0.3187500000000001 0.45625 0.28593750000000007 0.45625 0.28593750000000007 0.4734375 0.3187500000000001 0.4734375
0 0.3671875000000001 0.45625 0.3421875000000001 0.45625 0.3421875000000001 0.4734375 0.3671875000000001 0.4734375
0 0.446875 0.4671875 0.3859375000000001 0.4671875 0.3859375000000001 0.4796875 0.446875 0.4796875
0 0.48125 0.4546875 0.4578125 0.4546875 0.4578125 0.475 0.48125 0.475
0 0.55625 0.459375 0.5 0.459375 0.5 0.4796875 0.55625 0.4796875
0 0.5921875 0.459375 0.575 0.459375 0.575 0.478125 0.5921875 0.478125
0 0.6421875 0.465625 0.6109375 0.465625 0.6109375 0.4765625 0.6421875 0.4765625
0 0.7078125 0.45625 0.6546875 0.45625 0.6546875 0.4828125 0.7078125 0.4828125
0 0.7671875 0.4593750000000001 0.721875 0.459375 0.721875 0.4750000000000001 0.7671875 0.4750000000000002
0 0.7734375 0.4734375000000002 0.7703125 0.4734375000000002 0.7703125 0.4750000000000002 0.7734375 0.4750000000000002
0 0.7765625 0.4578125000000002 0.771875 0.4578125000000002 0.771875 0.4625000000000002 0.7765625 0.4625000000000002