0 0.18906250000000005 0.209375 0.13906250000000003 0.209375 0.13906250000000003 0.240625 0.18906250000000005 0.240625
0 0.2359375 0.209375 0.19375000000000003 0.209375 0.19375000000000003 0.228125 0.2359375 0.228125
0 0.2953125 0.209375 0.246875 0.209375 0.246875 0.2265625 0.2953125 0.2265625
0 0.3375 0.209375 0.3109375 0.209375 0.3109375 0.234375 0.3375 0.234375
0 0.390625 0.20937500000000003 0.3484375 0.209375 0.3484375 0.22812500000000005 0.390625 0.22812500000000008
0 0.4890625 0.2093750000000001 0.40625 0.2093750000000001 0.40625 0.22656250000000008 0.4890625 0.22656250000000008
0 0.5328125 0.2093750000000001 0.5 0.2093750000000001 0.5 0.22656250000000008 0.5328125 0.22656250000000008
0 0.5890625 0.2093750000000001 0.540625 0.2093750000000001 0.540625 0.2296875000000001 0.5890625 0.2296875000000001
0 0.7265625 0.21093750000000008 0.603125 0.21093750000000008 0.603125 0.2406250000000001 0.7265625 0.2406250000000001
0 0.759375 0.21250000000000008 0.7421875 0.21250000000000008 0.7421875 0.2250000000000001 0.759375 0.2250000000000001
0 0.859375 0.2093750000000001 0.775 0.2093750000000001 0.775 0.23593750000000008 0.859375 0.23593750000000008
0 0.8703125 0.2234375000000001 0.8671875 0.2234375000000001 0.8671875 0.2250000000000001 0.8703125 0.2250000000000001
0 0.17500000000000004 0.25625 0.14687500000000003 0.25625 0.14687500000000003 0.2765625 0.17500000000000004 0.2765625
0 0.234375 0.25625 0.19218750000000004 0.25625 0.19218750000000004 0.2765625 0.234375 0.2765625
0 0.371875 0.25781250000000006 0.253125 0.2578125 0.253125 0.28593750000000007 0.371875 0.28593750000000007
0 0.4328125 0.2562500000000001 0.3828125 0.2562500000000001 0.3828125 0.27812500000000007 0.4328125 0.27812500000000007
0 0.4734375 0.2578125000000001 0.4515625 0.2578125000000001 0.4515625 0.2734375000000001 0.4734375 0.2734375000000001
0 0.5921875 0.2593750000000001 0.4875 0.2593750000000001 0.4875 0.2875000000000001 0.5921875 0.2875000000000001
0 0.621875 0.26250000000000007 0.6046875 0.26250000000000007 0.6046875 0.2765625000000001 0.621875 0.2765625000000001
0 0.659375 0.2671875000000001 0.6328125 0.2671875000000001 0.6328125 0.27812500000000007 0.659375 0.27812500000000007
0 0.7390625 0.2609375000000001 0.675 0.2609375000000001 0.675 0.2765625000000001 0.7390625 0.2765625000000001
0 0.7796875 0.2656250000000001 0.7515625 0.2656250000000001 0.7515625 0.2765625000000001 0.7796875 0.2765625000000001
0 0.8265625 0.2578125000000001 0.7921875 0.2578125000000001 0.7921875 0.2750000000000001 0.8265625 0.2750000000000001
0 0.225 0.30625 0.15156250000000004 0.30625 0.15156250000000004 0.3265625 0.225 0.3265625
0 0.3484375 0.3109375 0.240625 0.3109375 0.240625 0.3359375 0.3484375 0.3359375
0 0.4109375 0.30937500000000007 0.3640625 0.30937500000000007 0.3640625 0.3281250000000001 0.4109375 0.3281250000000001
0 0.45 0.3078125000000001 0.428125 0.3078125000000001 0.428125 0.3281250000000001 0.45 0.3281250000000001
0 0.53125 0.3156250000000001 0.459375 0.3156250000000001 0.459375 0.3421875000000001 0.53125 0.3421875000000001
0 0.6625 0.3078125000000001 0.5421875 0.3078125000000001 0.5421875 0.3390625000000001 0.6625 0.3390625000000001
0 0.6671875 0.3234375000000001 0.665625 0.3234375000000001 0.665625 0.32500000000000007 0.6671875 0.32500000000000007
0 0.6859375 0.3062500000000001 0.6828125 0.3062500000000001 0.6828125 0.3125000000000001 0.6859375 0.3125000000000001
0 0.7390625 0.30937500000000007 0.6921875 0.30937500000000007 0.6921875 0.3265625000000001 0.7390625 0.3265625000000001
0 0.8046875 0.3078125000000001 0.746875 0.3078125000000001 0.746875 0.3281250000000001 0.8046875 0.3281250000000001
0 0.815625 0.3062500000000001 0.8140625 0.3062500000000001 0.8140625 0.3140625000000001 0.815625 0.3140625000000001
0 0.821875 0.32500000000000007 0.81875 0.32500000000000007 0.81875 0.3312500000000001 0.821875 0.3312500000000001
0 0.859375 0.3109375000000001 0.83125 0.3109375000000001 0.83125 0.3281250000000001 0.859375 0.3281250000000001
0 0.21718750000000003 0.359375 0.15156250000000004 0.359375 0.15156250000000004 0.3765625 0.2171875000000001 0.3765625
0 0.2312500000000001 0.3765625 0.22812500000000008 0.3765625 0.22812500000000008 0.38125 0.2312500000000001 0.38125
0 0.24531250000000004 0.3578125 0.24375 0.3578125 0.24375000000000005 0.365625 0.2453125000000001 0.365625
0 0.27343750000000006 0.3609375 0.2546875 0.3609375 0.25468750000000007 0.378125 0.2734375000000001 0.378125
0 0.36875 0.35937500000000006 0.2859375 0.359375 0.28593750000000007 0.37812500000000004 0.3687500000000001 0.3781250000000001
0 0.37968750000000007 0.3765625000000001 0.3765625000000001 0.3765625000000001 0.3765625000000001 0.3828125000000001 0.37968750000000007 0.3828125000000001
0 0.465625 0.3609375000000001 0.3890625 0.3609375000000001 0.38906250000000003 0.3781250000000001 0.465625 0.3781250000000001
0 0.4953125 0.3625000000000001 0.478125 0.3625000000000001 0.478125 0.3781250000000001 0.4953125 0.3781250000000001
0 0.5234375 0.3687500000000001 0.5078125 0.3687500000000001 0.5078125 0.3781250000000001 0.5234375 0.3781250000000001
0 0.5984375 0.3593750000000001 0.5359375 0.3593750000000001 0.5359375 0.3890625000000001 0.5984375 0.3890625000000001
0 0.709375 0.3671875000000001 0.6140625 0.3671875000000001 0.6140625 0.3781250000000001 0.709375 0.3781250000000001
0 0.7171875 0.3750000000000001 0.7140625 0.3750000000000001 0.7140625 0.3765625000000001 0.7171875 0.3765625000000001
0 0.834375 0.3593750000000001 0.725 0.3593750000000001 0.725 0.37968750000000007 0.834375 0.37968750000000007
0 0.22656250000000008 0.415625 0.15468750000000003 0.415625 0.15468750000000003 0.428125 0.22656250000000008 0.428125
0 0.2609375000000001 0.4109375 0.24218750000000008 0.4109375 0.24218750000000008 0.4265625 0.2609375000000001 0.4265625
0 0.3000000000000001 0.4125 0.2734375000000001 0.4125 0.2734375000000001 0.428125 0.3000000000000001 0.428125
0 0.3687500000000001 0.409375 0.3140625000000001 0.409375 0.3140625000000001 0.4296875 0.3687500000000001 0.4296875
0 0.3781250000000001 0.41875 0.3750000000000001 0.41875 0.3750000000000001 0.434375 0.3781250000000001 0.434375
0 0.4171875 0.409375 0.3937500000000001 0.409375 0.3937500000000001 0.428125 0.4171875 0.428125
0 0.4453125 0.4109375 0.43125 0.4109375 0.43125 0.4265625 0.4453125 0.4265625
0 0.5203125 0.4125 0.459375 0.4125 0.459375 0.4421875 0.5203125 0.4421875
0 0.5671875 0.4140625 0.525 0.4140625 0.525 0.428125 0.5671875 0.428125
0 0.6328125 0.4109375 0.5828125 0.4109375 0.5828125 0.4375 0.6328125 0.4375
0 0.6609375 0.4265625 0.6375 0.4265625 0.6375 0.428125 0.6609375 0.428125
0 0.671875 0.4265625 0.66875 0.4265625 0.66875 0.428125 0.671875 0.428125
0 0.7625 0.4093750000000001 0.6921875 0.409375 0.6921875 0.4296875000000001 0.7625 0.42968750000000017
0 0.7875 0.4203125000000002 0.7734375 0.4203125000000002 0.7734375 0.42968750000000017 0.7875 0.42968750000000017
0 0.85625 0.4203125000000002 0.8046875 0.4203125000000002 0.8046875 0.4437500000000002 0.85625 0.4437500000000002
0 0.865625 0.4265625000000002 0.8625 0.4265625000000002 0.8625 0.4343750000000002 0.865625 0.4343750000000002
0 0.22812500000000008 0.4578125 0.15781250000000005 0.4578125 0.15781250000000005 0.4953125 0.22812500000000008 0.4953125
0 0.3203125000000001 0.4671875 0.24375000000000008 0.4671875 0.24375000000000008 0.4890625 0.3203125000000001 0.4890625
0 0.3296875000000001 0.4796875 0.3265625000000001 0.4796875 0.3265625000000001 0.484375 0.3296875000000001 0.484375
0 0.3890625000000001 0.4625 0.34062500000000007 0.4625 0.34062500000000007 0.48125 0.3890625000000001 0.48125
0 0.4625 0.4640625 0.4015625 0.4640625 0.4015625 0.48125 0.4625 0.48125
0 0.4859375 0.4703125 0.4734375 0.4703125 0.4734375 0.4796875 0.4859375 0.4796875
0 0.5625 0.4640625 0.5015625 0.4640625 0.5015625 0.49375 0.5625 0.49375
0 0.625 0.4609375 0.575 0.4609375 0.575 0.48125 0.625 0.48125
0 0.634375 0.4765625 0.63125 0.4765625 0.63125 0.478125 0.634375 0.478125
0 0.68125 0.4578125 0.6484375 0.4578125 0.6484375 0.4796875 0.68125 0.4796875
0 0.7515625 0.4562500000000001 0.6875 0.45625 0.6875 0.4796875000000001 0.7515625 0.47968750000000016
0 0.7640625 0.47656250000000017 0.759375 0.47656250000000017 0.759375 0.48437500000000017 0.7640625 0.48437500000000017
0 0.8375 0.46875000000000017 0.76875 0.46875000000000017 0.76875 0.4890625000000002 0.8375 0.4890625000000002
0 0.21093750000000008 0.5140625 0.15312500000000004 0.5140625 0.15312500000000004 0.5296875 0.21093750000000008 0.5296875
0 0.2765625000000001 0.5203125 0.2218750000000001 0.5203125 0.2218750000000001 0.528125 0.2765625000000001 0.528125
0 0.3359375000000001 0.51875 0.29375000000000007 0.51875 0.29375000000000007 0.528125 0.3359375000000001 0.528125
0 0.3625000000000001 0.51875 0.3500000000000001 0.51875 0.3500000000000001 0.528125 0.3625000000000001 0.528125
0 0.4421875 0.515625 0.3750000000000001 0.515625 0.3750000000000001 0.5359375 0.4421875 0.5359375
0 0.453125 0.5234375 0.45 0.5234375 0.45 0.528125 0.453125 0.528125
0 0.5125 0.5125 0.46875 0.5125 0.46875 0.5296875 0.5125 0.5296875
0 0.5609375 0.5125 0.5265625 0.5125 0.5265625 0.5296875 0.5609375 0.5296875
0 0.640625 0.515625 0.571875 0.515625 0.571875 0.5375 0.640625 0.5375
0 0.6671875 0.51875 0.653125 0.51875 0.653125 0.5296875 0.6671875 0.5296875
0 0.8296875 0.5109375 0.684375 0.5109375 0.684375 0.5390625000000001 0.8296875 0.5390625000000002
0 0.8765625 0.5140625000000002 0.85 0.5140625000000002 0.85 0.5406250000000001 0.8765625 0.5406250000000001
0 0.19687500000000008 0.559375 0.15781250000000008 0.559375 0.15781250000000008 0.5796875 0.19687500000000008 0.5796875
0 0.3125000000000001 0.5640625 0.2140625000000001 0.5640625 0.2140625000000001 0.58125 0.3125000000000001 0.58125
0 0.3312500000000001 0.5734375 0.3187500000000001 0.5734375 0.3187500000000001 0.575 0.3312500000000001 0.575
0 0.3593750000000001 0.5703125 0.3453125000000001 0.5703125 0.3453125000000001 0.5796875 0.3593750000000001 0.5796875
0 0.5015625 0.5609375 0.3781250000000001 0.5609375 0.3781250000000001 0.5890625 0.5015625 0.5890625
0 0.596875 0.5640625 0.5125 0.5640625 0.5125 0.5921875 0.596875 0.5921875
0 0.621875 0.5671875 0.60625 0.5671875 0.60625 0.58125 0.621875 0.58125
0 0.678125 0.5703125 0.634375 0.5703125 0.634375 0.5921875 0.678125 0.5921875
0 0.73125 0.5703125000000001 0.6859375 0.5703125 0.6859375 0.5921875000000001 0.73125 0.5921875000000002
0 0.7375 0.5765625000000002 0.7359375 0.5765625000000002 0.7359375 0.5843750000000002 0.7375 0.5843750000000002
0 0.884375 0.5609375000000002 0.746875 0.5609375000000002 0.746875 0.5906250000000002 0.884375 0.5906250000000002
0 0.1843750000000001 0.61875 0.15625000000000008 0.61875 0.15625000000000008 0.63125 0.1843750000000001 0.63125
0 0.2312500000000001 0.6125 0.19687500000000008 0.6125 0.19687500000000008 0.6328125 0.2312500000000001 0.6328125
0 0.3125000000000001 0.6140625 0.2453125000000001 0.6140625 0.2453125000000001 0.6390625 0.3125000000000001 0.6390625
0 0.3609375000000001 0.6203125 0.3265625000000001 0.6203125 0.3265625000000001 0.6296875 0.3609375000000001 0.6296875
0 0.41875 0.6203125 0.37187500000000007 0.6203125 0.37187500000000007 0.64375 0.41875 0.64375
0 0.4765625 0.6140625 0.4328125 0.6140625 0.4328125 0.640625 0.4765625 0.640625
0 0.4859375 0.628125 0.4828125 0.628125 0.4828125 0.63125 0.4859375 0.63125
0 0.49375 0.6125 0.490625 0.6125 0.490625 0.6171875 0.49375 0.6171875