0 0.23125 0.2171875 0.13906250000000003 0.2171875 0.13906250000000003 0.234375 0.23125 0.234375
0 0.3 0.21875 0.2546875 0.21875 0.2546875 0.2390625 0.3 0.2390625
0 0.39375 0.22031250000000005 0.3203125 0.2203125 0.3203125 0.23437500000000006 0.39375 0.23437500000000008
0 0.453125 0.2218750000000001 0.4078125 0.2218750000000001 0.4078125 0.2328125000000001 0.453125 0.2328125000000001
0 0.4921875 0.22031250000000008 0.4671875 0.22031250000000008 0.4671875 0.2328125000000001 0.4921875 0.2328125000000001
0 0.575 0.22031250000000008 0.5078125 0.22031250000000008 0.5078125 0.2328125000000001 0.575 0.2328125000000001
0 0.6234375 0.22031250000000008 0.596875 0.22031250000000008 0.596875 0.2328125000000001 0.6234375 0.2328125000000001
0 0.6765625 0.21875000000000008 0.6390625 0.21875000000000008 0.6390625 0.2312500000000001 0.6765625 0.2312500000000001
0 0.784375 0.22031250000000008 0.7 0.22031250000000008 0.7 0.2328125000000001 0.784375 0.2328125000000001
0 0.871875 0.2218750000000001 0.8 0.2218750000000001 0.8 0.23437500000000008 0.871875 0.23437500000000008
0 0.15781250000000005 0.2703125 0.13437500000000005 0.2703125 0.13437500000000005 0.284375 0.15781250000000005 0.284375
0 0.2796875 0.2703125 0.17812500000000003 0.2703125 0.17812500000000003 0.284375 0.2796875 0.284375
0 0.296875 0.28125 0.2921875 0.28125 0.2921875 0.2875 0.296875 0.2875
0 0.3640625 0.275 0.3109375 0.275 0.3109375 0.28437500000000004 0.3640625 0.2843750000000001
0 0.475 0.27031250000000007 0.38125 0.27031250000000007 0.38125 0.2921875000000001 0.475 0.2921875000000001
0 0.4875 0.2812500000000001 0.4828125 0.2812500000000001 0.4828125 0.2875000000000001 0.4875 0.2875000000000001
0 0.584375 0.2718750000000001 0.5078125 0.2718750000000001 0.5078125 0.2953125000000001 0.584375 0.2953125000000001
0 0.634375 0.27031250000000007 0.6 0.27031250000000007 0.6 0.2875000000000001 0.634375 0.2875000000000001
0 0.734375 0.2718750000000001 0.65 0.2718750000000001 0.65 0.28593750000000007 0.734375 0.28593750000000007
0 0.740625 0.2828125000000001 0.7375 0.2828125000000001 0.7375 0.2843750000000001 0.740625 0.2843750000000001
0 0.78125 0.2718750000000001 0.7625 0.2718750000000001 0.7625 0.28593750000000007 0.78125 0.28593750000000007
0 0.8609375 0.2718750000000001 0.7921875 0.2718750000000001 0.7921875 0.2984375000000001 0.8609375 0.2984375000000001
0 0.15937500000000004 0.3234375 0.13281250000000006 0.3234375 0.13281250000000006 0.3328125 0.15937500000000004 0.3328125
0 0.2140625 0.3203125 0.18281250000000004 0.3203125 0.18281250000000004 0.334375 0.2140625 0.334375
0 0.346875 0.3203125 0.234375 0.3203125 0.234375 0.3328125 0.346875 0.3328125
0 0.4078125 0.3187500000000001 0.36875 0.3187500000000001 0.36875 0.33281250000000007 0.4078125 0.33281250000000007
0 0.5890625 0.3203125000000001 0.4265625 0.3203125000000001 0.4265625 0.3515625000000001 0.5890625 0.3515625000000001
0 0.696875 0.3187500000000001 0.609375 0.3187500000000001 0.609375 0.3421875000000001 0.696875 0.3421875000000001
0 0.7578125 0.3203125000000001 0.7140625 0.3203125000000001 0.7140625 0.3343750000000001 0.7578125 0.3343750000000001
0 0.809375 0.3203125000000001 0.7734375 0.3203125000000001 0.7734375 0.3343750000000001 0.809375 0.3343750000000001
0 0.2484375000000001 0.3703125 0.12968750000000004 0.3703125 0.12968750000000004 0.3921875 0.2484375000000001 0.3921875
0 0.2578125000000001 0.38125 0.25468750000000007 0.38125 0.25468750000000007 0.384375 0.2578125000000001 0.384375
0 0.30937500000000007 0.371875 0.2765625000000001 0.371875 0.2765625000000001 0.384375 0.30937500000000007 0.384375
0 0.3765625000000001 0.37031250000000004 0.32500000000000007 0.3703125 0.32500000000000007 0.384375 0.3765625000000001 0.3843750000000001
0 0.5359375 0.3703125000000001 0.39531250000000007 0.3703125000000001 0.39531250000000007 0.3859375000000001 0.5359375 0.3859375000000001
0 0.6078125 0.3703125000000001 0.55625 0.3703125000000001 0.55625 0.3843750000000001 0.6078125 0.3843750000000001
0 0.659375 0.37187500000000007 0.625 0.37187500000000007 0.625 0.3859375000000001 0.659375 0.3859375000000001
0 0.74375 0.3703125000000001 0.66875 0.3703125000000001 0.66875 0.38750000000000007 0.74375 0.38750000000000007
0 0.875 0.3687500000000001 0.7671875 0.3687500000000001 0.7671875 0.3937500000000001 0.875 0.3937500000000001
0 0.14687500000000003 0.4234375 0.13125000000000003 0.4234375 0.13125000000000003 0.434375 0.14687500000000003 0.434375
0 0.2375000000000001 0.421875 0.16093750000000004 0.421875 0.16093750000000004 0.4453125 0.2375000000000001 0.4453125
0 0.2562500000000001 0.43125 0.2531250000000001 0.43125 0.2531250000000001 0.4375 0.2562500000000001 0.4375
0 0.3812500000000001 0.4203125 0.2687500000000001 0.4203125 0.2687500000000001 0.446875 0.3812500000000001 0.446875
0 0.453125 0.4265625 0.4 0.4265625 0.4 0.4359375 0.453125 0.4359375
0 0.5234375 0.421875 0.471875 0.421875 0.471875 0.4359375 0.5234375 0.4359375
0 0.55625 0.4265625 0.5390625 0.4265625 0.5390625 0.4359375 0.55625 0.4359375
0 0.646875 0.421875 0.571875 0.421875 0.571875 0.446875 0.646875 0.446875
0 0.721875 0.421875 0.6734375 0.421875 0.6734375 0.4359375 0.721875 0.4359375
0 0.8609375 0.4234375000000002 0.740625 0.4234375000000002 0.740625 0.4500000000000002 0.8609375 0.4500000000000002
0 0.2390625000000001 0.4703125 0.12812500000000004 0.4703125 0.12812500000000004 0.4859375 0.2390625000000001 0.4859375
0 0.2578125000000001 0.4828125 0.25468750000000007 0.4828125 0.25468750000000007 0.4890625 0.2578125000000001 0.4890625
0 0.459375 0.4703125 0.2718750000000001 0.4703125 0.2718750000000001 0.49375 0.459375 0.49375
0 0.53125 0.471875 0.4859375 0.471875 0.4859375 0.4859375 0.53125 0.4859375
0 0.6390625 0.4734375 0.5546875 0.4734375 0.5546875 0.4875 0.6390625 0.4875
0 0.6515625 0.4859375 0.6484375 0.4859375 0.6484375 0.4921875 0.6515625 0.4921875
0 0.7015625 0.4734375 0.6640625 0.4734375 0.6640625 0.4875 0.7015625 0.4875
0 0.8 0.47343750000000007 0.721875 0.4734375 0.721875 0.49687500000000007 0.8 0.4968750000000002
0 0.2375000000000001 0.5203125 0.13437500000000005 0.5203125 0.13437500000000005 0.5359375 0.2375000000000001 0.5359375
0 0.2484375000000001 0.534375 0.24218750000000008 0.534375 0.24218750000000008 0.5421875 0.2484375000000001 0.5421875
0 0.3312500000000001 0.5203125 0.2593750000000001 0.5203125 0.2593750000000001 0.5453125 0.3312500000000001 0.5453125
0 0.3937500000000001 0.5203125 0.34843750000000007 0.5203125 0.34843750000000007 0.5375 0.3937500000000001 0.5375
0 0.5390625 0.5234375 0.409375 0.5234375 0.409375 0.5484375 0.5390625 0.5484375
0 0.5546875 0.534375 0.5484375 0.534375 0.5484375 0.54375 0.5546875 0.54375
0 0.5640625 0.521875 0.5625 0.521875 0.5625 0.528125 0.5640625 0.528125
0 0.615625 0.5234375 0.5765625 0.5234375 0.5765625 0.5375 0.615625 0.5375
0 0.6703125 0.5234375 0.6375 0.5234375 0.6375 0.5359375 0.6703125 0.5359375
0 0.7890625 0.5265625 0.6859375 0.5265625 0.6859375 0.5437500000000001 0.7890625 0.5437500000000002
0 0.83125 0.5234375000000002 0.8046875 0.5234375000000002 0.8046875 0.5359375000000002 0.83125 0.5359375000000002
0 0.2171875000000001 0.5734375 0.1312500000000001 0.5734375 0.1312500000000001 0.59375 0.2171875000000001 0.59375
0 0.2671875000000001 0.5734375 0.2390625000000001 0.5734375 0.2390625000000001 0.5921875 0.2671875000000001 0.5921875
0 0.3359375000000001 0.5796875 0.28593750000000007 0.5796875 0.28593750000000007 0.590625 0.3359375000000001 0.590625
0 0.4296875 0.5734375 0.36406250000000007 0.5734375 0.36406250000000007 0.603125 0.4296875 0.603125
0 0.5203125 0.5734375 0.4453125 0.5734375 0.4453125 0.5890625 0.5203125 0.5890625
0 0.528125 0.5875 0.525 0.5875 0.525 0.590625 0.528125 0.590625
0 0.5359375 0.5703125 0.5296875 0.5703125 0.5296875 0.5796875 0.5359375 0.5796875