0 0.234375 0.2125 0.15156250000000004 0.2125 0.15156250000000004 0.234375 0.234375 0.234375
0 0.31875 0.2140625 0.2640625 0.2140625 0.2640625 0.2375 0.31875 0.2375
0 0.4140625 0.21562500000000004 0.34375 0.215625 0.34375 0.23281250000000003 0.4140625 0.2328125000000001
0 0.4765625 0.2234375000000001 0.4390625 0.2234375000000001 0.4390625 0.23437500000000008 0.4765625 0.23437500000000008
0 0.525 0.2156250000000001 0.5015625 0.2156250000000001 0.5015625 0.23437500000000008 0.525 0.23437500000000008
0 0.6078125 0.2156250000000001 0.55 0.2156250000000001 0.55 0.2328125000000001 0.6078125 0.2328125000000001
0 0.6546875 0.2156250000000001 0.628125 0.2156250000000001 0.628125 0.2328125000000001 0.6546875 0.2328125000000001
0 0.7015625 0.21875000000000008 0.675 0.21875000000000008 0.675 0.23593750000000008 0.7015625 0.23593750000000008
0 0.8046875 0.2156250000000001 0.725 0.2156250000000001 0.725 0.23437500000000008 0.8046875 0.23437500000000008
0 0.2203125 0.2640625 0.14375000000000004 0.2640625 0.14375000000000004 0.2828125 0.2203125 0.2828125
0 0.271875 0.2671875 0.24375 0.2671875 0.24375 0.284375 0.271875 0.284375
0 0.396875 0.26406250000000003 0.30625 0.2640625 0.30625 0.28437500000000004 0.396875 0.2843750000000001
0 0.4078125 0.2812500000000001 0.4 0.2812500000000001 0.4 0.2906250000000001 0.4078125 0.2906250000000001
0 0.48125 0.2765625000000001 0.428125 0.2765625000000001 0.428125 0.28593750000000007 0.48125 0.28593750000000007
0 0.5828125 0.2687500000000001 0.496875 0.2687500000000001 0.496875 0.2953125000000001 0.5828125 0.2953125000000001
0 0.5984375 0.2843750000000001 0.5921875 0.2843750000000001 0.5921875 0.2921875000000001 0.5984375 0.2921875000000001
0 0.6875 0.2687500000000001 0.61875 0.2687500000000001 0.61875 0.2953125000000001 0.6875 0.2953125000000001
0 0.740625 0.2640625000000001 0.7140625 0.2640625000000001 0.7140625 0.28593750000000007 0.740625 0.28593750000000007
0 0.8390625 0.27031250000000007 0.7671875 0.27031250000000007 0.7671875 0.2843750000000001 0.8390625 0.2843750000000001
0 0.8515625 0.2812500000000001 0.8484375 0.2812500000000001 0.8484375 0.2843750000000001 0.8515625 0.2843750000000001
0 0.15937500000000004 0.315625 0.14218750000000005 0.315625 0.14218750000000005 0.33125 0.15937500000000004 0.33125
0 0.2390625 0.3171875 0.18125000000000005 0.3171875 0.18125000000000005 0.346875 0.2390625 0.346875
0 0.2796875 0.325 0.2609375 0.325 0.2609375 0.334375 0.2796875 0.334375
0 0.3265625 0.3171875 0.2984375 0.3171875 0.2984375 0.3328125 0.3265625 0.3328125
0 0.4609375 0.31718750000000007 0.3453125 0.3171875 0.3453125 0.33437500000000003 0.4609375 0.3343750000000001
0 0.5078125 0.3187500000000001 0.4796875 0.3187500000000001 0.4796875 0.3343750000000001 0.5078125 0.3343750000000001
0 0.6875 0.3203125000000001 0.53125 0.3203125000000001 0.53125 0.3500000000000001 0.6875 0.3500000000000001
0 0.803125 0.3187500000000001 0.7109375 0.3187500000000001 0.7109375 0.3421875000000001 0.803125 0.3421875000000001
0 0.865625 0.3203125000000001 0.8171875 0.3203125000000001 0.8171875 0.3359375000000001 0.865625 0.3359375000000001
0 0.17187500000000006 0.36875 0.14062500000000006 0.36875 0.14062500000000006 0.384375 0.17187500000000006 0.384375
0 0.3218750000000001 0.3671875 0.2078125000000001 0.3671875 0.2078125000000001 0.3953125 0.3218750000000001 0.3953125
0 0.3312500000000001 0.3828125 0.3281250000000001 0.3828125 0.3281250000000001 0.3828125 0.3312500000000001 0.3828125
0 0.3812500000000001 0.37031250000000004 0.34843750000000007 0.3703125 0.34843750000000007 0.384375 0.3812500000000001 0.3843750000000001
0 0.44375 0.3656250000000001 0.4015625 0.3656250000000001 0.4015625 0.3843750000000001 0.44375 0.3843750000000001
0 0.6 0.36406250000000007 0.4703125 0.36406250000000007 0.4703125 0.3843750000000001 0.6 0.3843750000000001
0 0.66875 0.3703125000000001 0.6234375 0.3703125000000001 0.6234375 0.3859375000000001 0.66875 0.3859375000000001
0 0.7109375 0.37187500000000007 0.684375 0.37187500000000007 0.684375 0.3843750000000001 0.7109375 0.3843750000000001
0 0.7953125 0.3687500000000001 0.7359375 0.3687500000000001 0.7359375 0.3921875000000001 0.7953125 0.3921875000000001
0 0.2562500000000001 0.415625 0.13593750000000004 0.415625 0.13593750000000004 0.446875 0.2562500000000001 0.446875
0 0.29375000000000007 0.428125 0.2843750000000001 0.428125 0.2843750000000001 0.4375 0.29375000000000007 0.4375
0 0.3921875000000001 0.4171875 0.3234375000000001 0.4171875 0.3234375000000001 0.45625 0.3921875000000001 0.45625
0 0.4125 0.434375 0.4046875 0.434375 0.4046875 0.44375 0.4125 0.44375
0 0.5375 0.41875 0.425 0.41875 0.425 0.4453125 0.5375 0.4453125
0 0.603125 0.4265625 0.5671875 0.4265625 0.5671875 0.4375 0.603125 0.4375
0 0.68125 0.41875 0.640625 0.41875 0.640625 0.434375 0.68125 0.434375
0 0.709375 0.428125 0.7 0.428125 0.7 0.4359375 0.709375 0.4359375
0 0.7890625 0.4218750000000001 0.71875 0.421875 0.71875 0.4484375000000001 0.7890625 0.44843750000000016
0 0.85625 0.42187500000000017 0.809375 0.42187500000000017 0.809375 0.4390625000000002 0.85625 0.4390625000000002
0 0.2531250000000001 0.46875 0.14531250000000004 0.46875 0.14531250000000004 0.4984375 0.2531250000000001 0.4984375
0 0.421875 0.46875 0.2953125000000001 0.46875 0.2953125000000001 0.4859375 0.421875 0.4859375
0 0.4375 0.4828125 0.4296875 0.4828125 0.4296875 0.49375 0.4375 0.49375
0 0.6453125 0.4703125 0.459375 0.4703125 0.459375 0.49375 0.6453125 0.49375
0 0.70625 0.46875 0.665625 0.46875 0.665625 0.484375 0.70625 0.484375
0 0.8140625 0.46875000000000017 0.73125 0.46875000000000017 0.73125 0.48437500000000017 0.8140625 0.48437500000000017
0 0.8296875 0.4828125000000002 0.81875 0.4828125000000002 0.81875 0.49218750000000017 0.8296875 0.49218750000000017
0 0.18281250000000004 0.5171875 0.14687500000000003 0.5171875 0.14687500000000003 0.534375 0.18281250000000004 0.534375
0 0.2734375000000001 0.5203125 0.21250000000000008 0.5203125 0.21250000000000008 0.55 0.2734375000000001 0.55
0 0.43125 0.515625 0.3203125000000001 0.515625 0.3203125000000001 0.5359375 0.43125 0.5359375
0 0.4515625 0.5359375 0.4453125 0.5359375 0.4453125 0.546875 0.4515625 0.546875
0 0.5578125 0.515625 0.46875 0.515625 0.46875 0.54375 0.5578125 0.54375
0 0.625 0.51875 0.58125 0.51875 0.58125 0.5375 0.625 0.5375
0 0.7890625 0.5250000000000001 0.6484375 0.525 0.6484375 0.5515625000000001 0.7890625 0.5515625000000002
0 0.80625 0.5343750000000002 0.803125 0.5343750000000002 0.803125 0.5421875000000002 0.80625 0.5421875000000002
0 0.1609375000000001 0.5640625 0.15625000000000008 0.5640625 0.15625000000000008 0.56875 0.1609375000000001 0.56875
0 0.19687500000000008 0.5703125 0.16406250000000008 0.5703125 0.16406250000000008 0.5875 0.19687500000000008 0.5875
0 0.2375000000000001 0.5765625 0.2171875000000001 0.5765625 0.2171875000000001 0.5890625 0.2375000000000001 0.5890625
0 0.3531250000000001 0.58125 0.2687500000000001 0.58125 0.2687500000000001 0.5984375 0.3531250000000001 0.5984375
0 0.4015625 0.571875 0.37968750000000007 0.571875 0.37968750000000007 0.590625 0.4015625 0.590625
0 0.5046875 0.575 0.4203125 0.575 0.4203125 0.6 0.5046875 0.6
0 0.559375 0.5734375 0.528125 0.5734375 0.528125 0.5953125 0.559375 0.5953125
0 0.6421875 0.58125 0.5875 0.58125 0.5875 0.5921875 0.6421875 0.5921875
0 0.7171875 0.571875 0.6640625 0.571875 0.6640625 0.6046875 0.7171875 0.6046875
0 0.8078125 0.5750000000000002 0.74375 0.5750000000000002 0.74375 0.5906250000000002 0.8078125 0.5906250000000002
0 0.8109375 0.5890625000000002 0.8078125 0.5890625000000002 0.8078125 0.5906250000000002 0.8109375 0.5906250000000002
0 0.821875 0.5734375000000002 0.815625 0.5734375000000002 0.815625 0.5812500000000002 0.821875 0.5812500000000002