0 0.13906250000000003 0.19375 0.13750000000000004 0.19375 0.13750000000000004 0.203125 0.13906250000000003 0.203125
0 0.221875 0.1921875 0.15000000000000005 0.1921875 0.15000000000000005 0.2171875 0.221875 0.2171875
0 0.259375 0.2078125 0.2421875 0.2078125 0.2421875 0.2203125 0.259375 0.2203125
0 0.4046875 0.19062500000000004 0.284375 0.19062500000000004 0.284375 0.23437500000000006 0.4046875 0.23437500000000008
0 0.5 0.19375000000000003 0.428125 0.19375000000000003 0.428125 0.21875000000000008 0.5 0.21875000000000008
0 0.5109375 0.19062500000000004 0.50625 0.19062500000000004 0.50625 0.2171875000000001 0.5109375 0.2171875000000001
0 0.525 0.18906250000000005 0.521875 0.18906250000000005 0.521875 0.19843750000000004 0.525 0.19843750000000004
0 0.5734375 0.19218750000000007 0.540625 0.19218750000000004 0.540625 0.22031250000000008 0.5734375 0.22031250000000008
0 0.665625 0.1921875000000001 0.590625 0.1921875000000001 0.590625 0.22031250000000008 0.665625 0.22031250000000008
0 0.6765625 0.21093750000000008 0.675 0.21093750000000008 0.675 0.2140625000000001 0.6765625 0.2140625000000001
0 0.70625 0.1906250000000001 0.703125 0.1906250000000001 0.703125 0.20468750000000008 0.70625 0.20468750000000008
0 0.7203125 0.1906250000000001 0.715625 0.1906250000000001 0.715625 0.2171875000000001 0.7203125 0.2171875000000001
0 0.846875 0.1921875000000001 0.7390625 0.1921875000000001 0.7390625 0.21875000000000008 0.846875 0.21875000000000008
0 0.865625 0.1859375000000001 0.859375 0.1859375000000001 0.859375 0.21250000000000008 0.865625 0.21250000000000008
0 0.2265625 0.240625 0.13750000000000004 0.240625 0.13750000000000004 0.26875 0.2265625 0.26875
0 0.4640625 0.24218750000000006 0.259375 0.2421875 0.259375 0.27343750000000006 0.4640625 0.2734375000000001
0 0.4828125 0.2390625000000001 0.478125 0.2390625000000001 0.478125 0.2671875000000001 0.4828125 0.2671875000000001
0 0.65 0.2453125000000001 0.5125 0.2453125000000001 0.5125 0.2750000000000001 0.65 0.2750000000000001
0 0.6859375 0.2453125000000001 0.6828125 0.2453125000000001 0.6828125 0.2640625000000001 0.6859375 0.2640625000000001
0 0.753125 0.25468750000000007 0.7140625 0.25468750000000007 0.7140625 0.27031250000000007 0.753125 0.27031250000000007
0 0.315625 0.296875 0.13437500000000005 0.296875 0.13437500000000005 0.325 0.315625 0.325
0 0.3328125 0.3125 0.3296875 0.3125 0.3296875 0.3234375 0.3328125 0.3234375
0 0.40625 0.29687500000000006 0.35 0.296875 0.35 0.32031250000000006 0.40625 0.3203125000000001
0 0.434375 0.2968750000000001 0.4296875 0.2968750000000001 0.4296875 0.3203125000000001 0.434375 0.3203125000000001
0 0.5515625 0.2968750000000001 0.4640625 0.2968750000000001 0.4640625 0.3281250000000001 0.5515625 0.3281250000000001
0 0.684375 0.2953125000000001 0.5765625 0.2953125000000001 0.5765625 0.3218750000000001 0.684375 0.3218750000000001
0 0.7546875 0.2968750000000001 0.7125 0.2968750000000001 0.7125 0.3234375000000001 0.7546875 0.3234375000000001
0 0.8203125 0.3031250000000001 0.78125 0.3031250000000001 0.78125 0.32500000000000007 0.8203125 0.32500000000000007
0 0.2515625 0.35 0.13593750000000004 0.35 0.13593750000000004 0.378125 0.2515625000000001 0.378125
0 0.26875000000000004 0.3453125 0.2640625 0.3453125 0.26406250000000003 0.3703125 0.2687500000000001 0.3703125
0 0.31093750000000003 0.3453125 0.3078125 0.3453125 0.30781250000000004 0.371875 0.3109375000000001 0.371875
0 0.4 0.35468750000000004 0.3359375 0.3546875 0.33593750000000006 0.37968750000000007 0.4 0.37968750000000007
0 0.4671875 0.3437500000000001 0.43125 0.3437500000000001 0.43125 0.3703125000000001 0.4671875 0.3703125000000001
0 0.6390625 0.3437500000000001 0.4921875 0.3437500000000001 0.4921875 0.3687500000000001 0.6390625 0.3687500000000001
0 0.6578125 0.3625000000000001 0.65 0.3625000000000001 0.65 0.3734375000000001 0.6578125 0.3734375000000001
0 0.75625 0.3453125000000001 0.665625 0.3453125000000001 0.665625 0.37187500000000007 0.75625 0.37187500000000007
0 0.7859375 0.3500000000000001 0.78125 0.3500000000000001 0.78125 0.3703125000000001 0.7859375 0.3703125000000001
0 0.9140625 0.3515625000000001 0.821875 0.3515625000000001 0.821875 0.37187500000000007 0.9140625 0.37187500000000007
0 0.20312500000000008 0.3921875 0.14375000000000004 0.3921875 0.14375000000000004 0.421875 0.20312500000000008 0.421875
0 0.3140625000000001 0.3953125 0.2312500000000001 0.3953125 0.2312500000000001 0.425 0.3140625000000001 0.425
0 0.4203125 0.39375000000000004 0.3421875000000001 0.39375 0.3421875000000001 0.4203125 0.4203125 0.4203125
0 0.5140625 0.3921875000000001 0.45 0.3921875000000001 0.45 0.41875 0.5140625 0.41875
0 0.775 0.4000000000000001 0.540625 0.4 0.540625 0.4296875000000001 0.775 0.42968750000000017
0 0.8375 0.4000000000000002 0.7984375 0.4000000000000002 0.7984375 0.4281250000000002 0.8375 0.4281250000000002
0 0.18906250000000005 0.446875 0.13593750000000004 0.446875 0.13593750000000004 0.4703125 0.18906250000000005 0.4703125
0 0.31718750000000007 0.4484375 0.21250000000000008 0.4484375 0.21250000000000008 0.478125 0.31718750000000007 0.478125
0 0.4 0.45 0.34062500000000007 0.45 0.34062500000000007 0.4703125 0.4 0.4703125
0 0.471875 0.45 0.43125 0.45 0.43125 0.471875 0.471875 0.471875
0 0.5359375 0.4609375 0.5078125 0.4609375 0.5078125 0.4765625 0.5359375 0.4765625
0 0.659375 0.4546875 0.5671875 0.4546875 0.5671875 0.48125 0.659375 0.48125
0 0.7359375 0.45000000000000007 0.6921875 0.45 0.6921875 0.4703125000000001 0.7359375 0.4703125000000002
0 0.8296875 0.4468750000000002 0.771875 0.4468750000000002 0.771875 0.4703125000000002 0.8296875 0.4703125000000002
0 0.24375000000000008 0.496875 0.14062500000000006 0.496875 0.14062500000000006 0.521875 0.24375000000000008 0.521875
0 0.3156250000000001 0.5 0.27812500000000007 0.5 0.27812500000000007 0.5265625 0.3156250000000001 0.5265625
0 0.55 0.496875 0.3515625000000001 0.496875 0.3515625000000001 0.53125 0.55 0.53125
0 0.5734375 0.525 0.565625 0.525 0.565625 0.5359375 0.5734375 0.5359375
0 0.68125 0.5015625 0.60625 0.5015625 0.60625 0.5265625 0.68125 0.5265625
0 0.775 0.5015625000000001 0.715625 0.5015625 0.715625 0.5234375000000001 0.775 0.5234375000000002
0 0.3140625000000001 0.55625 0.1546875000000001 0.55625 0.1546875000000001 0.58125 0.3140625000000001 0.58125
0 0.459375 0.559375 0.3421875000000001 0.559375 0.3421875000000001 0.5796875 0.459375 0.5796875
0 0.571875 0.5671875 0.4921875 0.5671875 0.4921875 0.5921875 0.571875 0.5921875
0 0.6296875 0.5671875 0.6078125 0.5671875 0.6078125 0.578125 0.6296875 0.578125
0 0.8578125 0.5578125 0.65625 0.5578125 0.65625 0.5781250000000001 0.8578125 0.5781250000000002
0 0.8703125 0.5718750000000001 0.8625 0.5718750000000001 0.8625 0.5812500000000002 0.8703125 0.5812500000000002
0 0.2765625000000001 0.6046875 0.1625000000000001 0.6046875 0.1625000000000001 0.63125 0.2765625000000001 0.63125
0 0.3984375000000001 0.603125 0.3109375000000001 0.603125 0.3109375000000001 0.628125 0.3984375000000001 0.628125
0 0.465625 0.6078125 0.425 0.6078125 0.425 0.6296875 0.465625 0.6296875
0 0.55 0.6046875 0.49375 0.6046875 0.49375 0.63125 0.55 0.63125
0 0.5671875 0.6234375 0.5625 0.6234375 0.5625 0.634375 0.5671875 0.634375
0 0.65625 0.60625 0.59375 0.60625 0.59375 0.6296875 0.65625 0.6296875
0 0.734375 0.6078125000000001 0.68125 0.6078125 0.68125 0.628125 0.734375 0.6281250000000002
0 0.771875 0.6109375000000001 0.75 0.6109375000000001 0.75 0.6250000000000002 0.771875 0.6250000000000002
0 0.8703125 0.6093750000000002 0.79375 0.6093750000000002 0.79375 0.6281250000000002 0.8703125 0.6281250000000002
0 0.1843750000000001 0.6578125 0.1546875000000001 0.6578125 0.1546875000000001 0.6890625 0.1843750000000001 0.6890625
0 0.4234375 0.653125 0.22031250000000008 0.653125 0.22031250000000008 0.68125 0.4234375 0.68125
0 0.446875 0.671875 0.44375 0.671875 0.44375 0.68125 0.446875 0.68125
0 0.490625 0.6578125 0.4640625 0.6578125 0.4640625 0.678125 0.490625 0.678125
0 0.5921875 0.6578125 0.515625 0.6578125 0.515625 0.68125 0.5921875 0.68125
0 0.6859375 0.6546875 0.621875 0.6546875 0.621875 0.678125 0.6859375 0.678125
0 0.7953125 0.6531250000000001 0.703125 0.653125 0.703125 0.6765625000000001 0.7953125 0.6765625000000002
0 0.909375 0.6453125000000002 0.8203125 0.6453125000000002 0.8203125 0.6734375000000001 0.909375 0.6734375000000001
0 0.2328125000000001 0.71875 0.15781250000000008 0.71875 0.15781250000000008 0.7390625 0.2328125000000001 0.7390625
0 0.33281250000000007 0.7046875 0.2656250000000001 0.7046875 0.2656250000000001 0.74375 0.33281250000000007 0.74375
0 0.3968750000000001 0.7140625 0.3343750000000001 0.7140625 0.3343750000000001 0.7296875 0.3968750000000001 0.7296875
0 0.4125 0.721875 0.409375 0.721875 0.409375 0.725 0.4125 0.725