0 0.15937500000000004 0.2203125 0.13906250000000003 0.2203125 0.13906250000000003 0.2328125 0.15937500000000004 0.2328125
0 0.240625 0.2203125 0.17968750000000006 0.2203125 0.17968750000000006 0.240625 0.240625 0.240625
0 0.2828125 0.21875 0.259375 0.21875 0.259375 0.2390625 0.2828125 0.2390625
0 0.3421875 0.21875 0.29375 0.21875 0.29375 0.2328125 0.3421875 0.2328125
0 0.40625 0.22343750000000004 0.3546875 0.2234375 0.3546875 0.23906250000000004 0.40625 0.2390625000000001
0 0.4546875 0.21875000000000008 0.4234375 0.21875000000000008 0.4234375 0.2328125000000001 0.4546875 0.2328125000000001
0 0.51875 0.21875000000000008 0.471875 0.21875000000000008 0.471875 0.2375000000000001 0.51875 0.2375000000000001
0 0.6421875 0.21875000000000008 0.5359375 0.21875000000000008 0.5359375 0.2375000000000001 0.6421875 0.2375000000000001
0 0.825 0.22031250000000008 0.64375 0.22031250000000008 0.64375 0.23593750000000008 0.825 0.23593750000000008
0 0.8421875 0.2328125000000001 0.8390625 0.2328125000000001 0.8390625 0.2406250000000001 0.8421875 0.2406250000000001
0 0.17812500000000003 0.2703125 0.13437500000000005 0.2703125 0.13437500000000005 0.2859375 0.17812500000000003 0.2859375
0 0.325 0.2703125 0.2 0.2703125 0.2 0.2890625 0.325 0.2890625
0 0.40625 0.27031250000000007 0.353125 0.2703125 0.353125 0.28437500000000004 0.40625 0.2843750000000001
0 0.5421875 0.27031250000000007 0.4328125 0.27031250000000007 0.4328125 0.2921875000000001 0.5421875 0.2921875000000001
0 0.559375 0.2828125000000001 0.553125 0.2828125000000001 0.553125 0.2906250000000001 0.559375 0.2906250000000001
0 0.6234375 0.27031250000000007 0.5734375 0.27031250000000007 0.5734375 0.2843750000000001 0.6234375 0.2843750000000001
0 0.71875 0.27031250000000007 0.640625 0.27031250000000007 0.640625 0.2843750000000001 0.71875 0.2843750000000001
0 0.7625 0.27031250000000007 0.7375 0.27031250000000007 0.7375 0.28593750000000007 0.7625 0.28593750000000007
0 0.85625 0.27031250000000007 0.775 0.27031250000000007 0.775 0.2843750000000001 0.85625 0.2843750000000001
0 0.234375 0.3203125 0.13750000000000004 0.3203125 0.13750000000000004 0.3453125 0.234375 0.3453125
0 0.2734375 0.321875 0.2484375 0.321875 0.2484375 0.334375 0.2734375 0.334375
0 0.334375 0.3234375 0.28125 0.3234375 0.28125 0.3484375 0.334375 0.3484375
0 0.39375 0.32031250000000006 0.3484375 0.3203125 0.3484375 0.33437500000000003 0.39375 0.3343750000000001
0 0.484375 0.3218750000000001 0.4046875 0.3218750000000001 0.4046875 0.3421875000000001 0.484375 0.3421875000000001
0 0.51875 0.3281250000000001 0.5015625 0.3281250000000001 0.5015625 0.3343750000000001 0.51875 0.3343750000000001
0 0.5890625 0.3218750000000001 0.5296875 0.3218750000000001 0.5296875 0.3343750000000001 0.5890625 0.3343750000000001
0 0.603125 0.3312500000000001 0.5984375 0.3312500000000001 0.5984375 0.34062500000000007 0.603125 0.34062500000000007
0 0.696875 0.3203125000000001 0.6171875 0.3203125000000001 0.6171875 0.34843750000000007 0.696875 0.34843750000000007
0 0.75625 0.3218750000000001 0.7078125 0.3218750000000001 0.7078125 0.3359375000000001 0.75625 0.3359375000000001
0 0.7875 0.3218750000000001 0.7703125 0.3218750000000001 0.7703125 0.3343750000000001 0.7875 0.3343750000000001
0 0.8390625 0.32500000000000007 0.796875 0.32500000000000007 0.796875 0.3343750000000001 0.8390625 0.3343750000000001
0 0.19843750000000004 0.3734375 0.13437500000000005 0.3734375 0.13437500000000005 0.4 0.19843750000000004 0.4
0 0.34062500000000007 0.371875 0.2171875000000001 0.371875 0.2171875000000001 0.3859375 0.34062500000000007 0.3859375
0 0.4171875 0.37187500000000007 0.36406250000000007 0.37187500000000007 0.36406250000000007 0.3859375000000001 0.4171875 0.3859375000000001
0 0.5984375 0.37187500000000007 0.4328125 0.37187500000000007 0.4328125 0.3921875000000001 0.5984375 0.3921875000000001
0 0.7125 0.3765625000000001 0.61875 0.3765625000000001 0.61875 0.3859375000000001 0.7125 0.3859375000000001
0 0.7515625 0.37187500000000007 0.728125 0.37187500000000007 0.728125 0.3859375000000001 0.7515625 0.3859375000000001
0 0.84375 0.37187500000000007 0.759375 0.37187500000000007 0.759375 0.38750000000000007 0.84375 0.38750000000000007
0 0.17031250000000003 0.4234375 0.12968750000000004 0.4234375 0.12968750000000004 0.4375 0.17031250000000003 0.4375
0 0.2500000000000001 0.421875 0.19375000000000003 0.421875 0.19375000000000003 0.44375 0.2500000000000001 0.44375
0 0.2656250000000001 0.4359375 0.2609375000000001 0.4359375 0.2609375000000001 0.44375 0.2656250000000001 0.44375
0 0.3312500000000001 0.4234375 0.2875000000000001 0.4234375 0.2875000000000001 0.4375 0.3312500000000001 0.4375
0 0.3968750000000001 0.4234375 0.34843750000000007 0.4234375 0.34843750000000007 0.4375 0.3968750000000001 0.4375
0 0.446875 0.4234375 0.415625 0.4234375 0.415625 0.4375 0.446875 0.4375
0 0.546875 0.4234375 0.459375 0.4234375 0.459375 0.440625 0.546875 0.440625
0 0.6171875 0.4296875 0.571875 0.4296875 0.571875 0.4390625 0.6171875 0.4390625
0 0.7046875 0.4265625 0.6375 0.4265625 0.6375 0.45 0.7046875 0.45
0 0.803125 0.4234375000000001 0.7171875 0.4234375 0.7171875 0.4406250000000001 0.803125 0.44062500000000016
0 0.8859375 0.4265625000000002 0.8265625 0.4265625000000002 0.8265625 0.44062500000000016 0.8859375 0.44062500000000016
0 0.14375000000000004 0.478125 0.12812500000000004 0.478125 0.12812500000000004 0.4875 0.14375000000000004 0.4875
0 0.2406250000000001 0.4734375 0.16250000000000003 0.4734375 0.16250000000000003 0.4875 0.2406250000000001 0.4875
0 0.3125000000000001 0.475 0.2656250000000001 0.475 0.2656250000000001 0.4890625 0.3125000000000001 0.4890625
0 0.3765625000000001 0.4734375 0.3281250000000001 0.4734375 0.3281250000000001 0.4875 0.3765625000000001 0.4875
0 0.4875 0.4734375 0.3984375000000001 0.4734375 0.3984375000000001 0.4890625 0.4875 0.4890625
0 0.5765625 0.475 0.5109375 0.475 0.5109375 0.490625 0.5765625 0.490625
0 0.628125 0.4765625 0.596875 0.4765625 0.596875 0.4890625 0.628125 0.4890625
0 0.74375 0.4765625000000001 0.6484375 0.4765625 0.6484375 0.4953125000000001 0.74375 0.49531250000000016
0 0.7578125 0.4890625000000002 0.7515625 0.4890625000000002 0.7515625 0.49531250000000016 0.7578125 0.49531250000000016
0 0.8109375 0.4750000000000002 0.765625 0.4750000000000002 0.765625 0.4906250000000002 0.8109375 0.4906250000000002
0 0.8765625 0.4781250000000002 0.8203125 0.4781250000000002 0.8203125 0.5031250000000002 0.8765625 0.5031250000000002
0 0.15781250000000005 0.525 0.12500000000000006 0.525 0.12500000000000006 0.5375 0.15781250000000005 0.5375
0 0.2656250000000001 0.525 0.17656250000000004 0.525 0.17656250000000004 0.5390625 0.2656250000000001 0.5390625
0 0.428125 0.525 0.2890625000000001 0.525 0.2890625000000001 0.5390625 0.428125 0.5390625
0 0.4390625 0.5359375 0.434375 0.5359375 0.434375 0.5375 0.4390625 0.5375