0 0.15625000000000006 0.203125 0.14531250000000004 0.203125 0.14531250000000004 0.2203125 0.15625000000000006 0.2203125
0 0.2296875 0.2046875 0.17656250000000004 0.2046875 0.17656250000000004 0.225 0.2296875 0.225
0 0.26875 0.203125 0.2421875 0.203125 0.2421875 0.2203125 0.26875 0.2203125
0 0.3265625 0.2046875 0.2859375 0.2046875 0.2859375 0.2203125 0.3265625 0.2203125
0 0.390625 0.21250000000000005 0.346875 0.2125 0.346875 0.22968750000000004 0.390625 0.2296875000000001
0 0.4453125 0.2062500000000001 0.4109375 0.2062500000000001 0.4109375 0.22031250000000008 0.4453125 0.22031250000000008
0 0.5125 0.20312500000000008 0.4625 0.20312500000000008 0.4625 0.21875000000000008 0.5125 0.21875000000000008
0 0.603125 0.20468750000000008 0.540625 0.20468750000000008 0.540625 0.22031250000000008 0.603125 0.22031250000000008
0 0.79375 0.20312500000000008 0.63125 0.20312500000000008 0.63125 0.22031250000000008 0.79375 0.22031250000000008
0 0.8 0.21875000000000008 0.79375 0.21875000000000008 0.79375 0.2234375000000001 0.8 0.2234375000000001
0 0.17500000000000004 0.2546875 0.14375000000000004 0.2546875 0.14375000000000004 0.2703125 0.17500000000000004 0.2703125
0 0.3203125 0.2546875 0.19687500000000005 0.2546875 0.19687500000000005 0.2765625 0.3203125 0.2765625
0 0.3984375 0.25625000000000003 0.3484375 0.25625 0.3484375 0.27031250000000007 0.3984375 0.27031250000000007
0 0.5171875 0.25468750000000007 0.4171875 0.25468750000000007 0.4171875 0.27812500000000007 0.5171875 0.27812500000000007
0 0.5234375 0.27031250000000007 0.5203125 0.27031250000000007 0.5203125 0.2750000000000001 0.5234375 0.2750000000000001
0 0.5859375 0.2562500000000001 0.5484375 0.2562500000000001 0.5484375 0.27031250000000007 0.5859375 0.27031250000000007
0 0.6765625 0.25468750000000007 0.603125 0.25468750000000007 0.603125 0.2718750000000001 0.6765625 0.2718750000000001
0 0.71875 0.2578125000000001 0.696875 0.2578125000000001 0.696875 0.2718750000000001 0.71875 0.2718750000000001
0 0.8109375 0.2562500000000001 0.740625 0.2562500000000001 0.740625 0.27031250000000007 0.8109375 0.27031250000000007
0 0.23125 0.30625 0.14531250000000004 0.30625 0.14531250000000004 0.3296875 0.23125 0.3296875
0 0.2796875 0.3046875 0.2578125 0.3046875 0.2578125 0.3203125 0.2796875 0.3203125
0 0.334375 0.3078125 0.2953125 0.3078125 0.2953125 0.328125 0.334375 0.328125
0 0.384375 0.30625 0.3515625 0.30625 0.3515625 0.321875 0.384375 0.3218750000000001
0 0.471875 0.3062500000000001 0.403125 0.3062500000000001 0.403125 0.3296875000000001 0.471875 0.3296875000000001
0 0.4984375 0.3125000000000001 0.4875 0.3125000000000001 0.4875 0.3203125000000001 0.4984375 0.3203125000000001
0 0.5578125 0.3062500000000001 0.5125 0.3062500000000001 0.5125 0.3218750000000001 0.5578125 0.3218750000000001
0 0.565625 0.3203125000000001 0.5609375 0.3203125000000001 0.5609375 0.3265625000000001 0.565625 0.3265625000000001
0 0.6453125 0.3078125000000001 0.5765625 0.3078125000000001 0.5765625 0.3296875000000001 0.6453125 0.3296875000000001
0 0.7109375 0.3062500000000001 0.665625 0.3062500000000001 0.665625 0.3203125000000001 0.7109375 0.3203125000000001
0 0.746875 0.3062500000000001 0.728125 0.3062500000000001 0.728125 0.3203125000000001 0.746875 0.3203125000000001
0 0.809375 0.3109375000000001 0.7640625 0.3109375000000001 0.7640625 0.3203125000000001 0.809375 0.3203125000000001
0 0.20156250000000003 0.35625 0.14843750000000006 0.35625 0.14843750000000006 0.38125 0.2015625000000001 0.38125
0 0.33593750000000006 0.35625 0.228125 0.35625 0.22812500000000005 0.371875 0.3359375000000001 0.371875
0 0.409375 0.35625000000000007 0.35625 0.35625 0.35625000000000007 0.37187500000000007 0.409375 0.37187500000000007
0 0.571875 0.3578125000000001 0.4328125 0.3578125000000001 0.4328125 0.3812500000000001 0.571875 0.3812500000000001
0 0.6734375 0.3625000000000001 0.596875 0.3625000000000001 0.596875 0.3734375000000001 0.6734375 0.3734375000000001
0 0.71875 0.35625000000000007 0.6984375 0.35625000000000007 0.6984375 0.3703125000000001 0.71875 0.3703125000000001
0 0.803125 0.3578125000000001 0.7328125 0.3578125000000001 0.7328125 0.37187500000000007 0.803125 0.37187500000000007
0 0.871875 0.3593750000000001 0.8265625 0.3593750000000001 0.8265625 0.37187500000000007 0.871875 0.37187500000000007
0 0.18437500000000004 0.40625 0.14218750000000005 0.40625 0.14218750000000005 0.428125 0.18437500000000004 0.428125
0 0.19218750000000004 0.4234375 0.18593750000000003 0.4234375 0.18593750000000003 0.4296875 0.19218750000000004 0.4296875
0 0.25468750000000007 0.4078125 0.21250000000000008 0.4078125 0.21250000000000008 0.421875 0.25468750000000007 0.421875
0 0.3140625000000001 0.4078125 0.2750000000000001 0.4078125 0.2750000000000001 0.421875 0.3140625000000001 0.421875
0 0.3578125000000001 0.4078125 0.3343750000000001 0.4078125 0.3343750000000001 0.4234375 0.3578125000000001 0.4234375
0 0.453125 0.4078125 0.37968750000000007 0.4078125 0.37968750000000007 0.421875 0.453125 0.421875
0 0.5171875 0.4140625 0.4765625 0.4140625 0.4765625 0.421875 0.5171875 0.421875
0 0.590625 0.40625 0.54375 0.40625 0.54375 0.4296875 0.590625 0.4296875
0 0.6859375 0.4078125 0.6125 0.4078125 0.6125 0.421875 0.6859375 0.421875
0 0.7671875 0.4078125000000001 0.70625 0.4078125 0.70625 0.4218750000000001 0.7671875 0.42187500000000017
0 0.796875 0.41406250000000017 0.784375 0.41406250000000017 0.784375 0.42187500000000017 0.796875 0.42187500000000017
0 0.22656250000000008 0.4578125 0.14531250000000004 0.4578125 0.14531250000000004 0.475 0.22656250000000008 0.475
0 0.2843750000000001 0.45625 0.2500000000000001 0.45625 0.2500000000000001 0.471875 0.2843750000000001 0.471875
0 0.3515625000000001 0.45625 0.3109375000000001 0.45625 0.3109375000000001 0.471875 0.3515625000000001 0.471875
0 0.459375 0.459375 0.3781250000000001 0.459375 0.3781250000000001 0.4734375 0.459375 0.4734375
0 0.5421875 0.459375 0.4890625 0.459375 0.4890625 0.471875 0.5421875 0.471875
0 0.596875 0.459375 0.5640625 0.459375 0.5640625 0.4734375 0.596875 0.4734375
0 0.709375 0.45625 0.6265625 0.45625 0.6265625 0.475 0.709375 0.475
0 0.7125 0.471875 0.7078125 0.471875 0.7078125 0.4796875 0.7125 0.4796875
0 0.76875 0.4593750000000002 0.7359375 0.4593750000000002 0.7359375 0.4734375000000002 0.76875 0.4734375000000002
0 0.840625 0.46093750000000017 0.790625 0.46093750000000017 0.790625 0.4812500000000002 0.840625 0.4812500000000002
0 0.17812500000000003 0.5078125 0.13750000000000004 0.5078125 0.13750000000000004 0.521875 0.17812500000000003 0.521875
0 0.27812500000000007 0.509375 0.20468750000000008 0.509375 0.20468750000000008 0.525 0.27812500000000007 0.525
0 0.4046875 0.509375 0.30937500000000007 0.509375 0.30937500000000007 0.525 0.4046875 0.525
0 0.4234375 0.5140625 0.40625 0.5140625 0.40625 0.525 0.4234375 0.525