0 0.2078125 0.2140625 0.14531250000000004 0.2140625 0.14531250000000004 0.2328125 0.2078125 0.2328125
0 0.2578125 0.215625 0.225 0.215625 0.225 0.2328125 0.2578125 0.2328125
0 0.3703125 0.21093750000000006 0.2796875 0.2109375 0.2796875 0.24687500000000004 0.3703125 0.2468750000000001
0 0.4546875 0.2218750000000001 0.3890625 0.2218750000000001 0.3890625 0.2312500000000001 0.4546875 0.2312500000000001
0 0.509375 0.2234375000000001 0.4765625 0.2234375000000001 0.4765625 0.2328125000000001 0.509375 0.2328125000000001
0 0.575 0.21875000000000008 0.53125 0.21875000000000008 0.53125 0.24218750000000008 0.575 0.24218750000000008
0 0.5859375 0.2296875000000001 0.5796875 0.2296875000000001 0.5796875 0.2390625000000001 0.5859375 0.2390625000000001
0 0.6125 0.2156250000000001 0.59375 0.2156250000000001 0.59375 0.2296875000000001 0.6125 0.2296875000000001
0 0.6734375 0.22031250000000008 0.6328125 0.22031250000000008 0.6328125 0.2328125000000001 0.6734375 0.2328125000000001
0 0.7421875 0.2156250000000001 0.6921875 0.2156250000000001 0.6921875 0.2328125000000001 0.7421875 0.2328125000000001
0 0.803125 0.2171875000000001 0.759375 0.2171875000000001 0.759375 0.2328125000000001 0.803125 0.2328125000000001
0 0.8328125 0.21875000000000008 0.815625 0.21875000000000008 0.815625 0.2312500000000001 0.8328125 0.2312500000000001
0 0.2328125 0.265625 0.14687500000000003 0.265625 0.14687500000000003 0.290625 0.2328125 0.290625
0 0.2515625 0.278125 0.24375 0.278125 0.24375 0.2890625 0.2515625 0.2890625
0 0.30625 0.26875 0.2640625 0.26875 0.2640625 0.2828125 0.30625 0.2828125
0 0.4203125 0.26875000000000004 0.33125 0.26875 0.33125 0.28437500000000004 0.4203125 0.2843750000000001
0 0.453125 0.2671875000000001 0.4328125 0.2671875000000001 0.4328125 0.2812500000000001 0.453125 0.2812500000000001
0 0.5265625 0.2656250000000001 0.4796875 0.2656250000000001 0.4796875 0.2812500000000001 0.5265625 0.2812500000000001
0 0.5734375 0.2656250000000001 0.5515625 0.2656250000000001 0.5515625 0.2828125000000001 0.5734375 0.2828125000000001
0 0.6109375 0.2687500000000001 0.5859375 0.2687500000000001 0.5859375 0.2828125000000001 0.6109375 0.2828125000000001
0 0.6921875 0.2687500000000001 0.628125 0.2687500000000001 0.628125 0.2828125000000001 0.6921875 0.2828125000000001
0 0.709375 0.2796875000000001 0.7078125 0.2796875000000001 0.7078125 0.2812500000000001 0.709375 0.2812500000000001
0 0.740625 0.2656250000000001 0.7265625 0.2656250000000001 0.7265625 0.2812500000000001 0.740625 0.2812500000000001
0 0.7984375 0.2656250000000001 0.759375 0.2656250000000001 0.759375 0.2828125000000001 0.7984375 0.2828125000000001
0 0.2390625 0.315625 0.14687500000000003 0.315625 0.14687500000000003 0.334375 0.2390625 0.334375
0 0.2609375 0.3296875 0.2546875 0.3296875 0.2546875 0.340625 0.2609375 0.340625
0 0.2984375 0.3171875 0.275 0.3171875 0.275 0.334375 0.2984375 0.334375
0 0.3671875 0.321875 0.325 0.321875 0.325 0.33125000000000004 0.3671875 0.3312500000000001
0 0.39375 0.3109375000000001 0.390625 0.3109375000000001 0.390625 0.3187500000000001 0.39375 0.3187500000000001
0 0.4734375 0.3140625000000001 0.396875 0.3140625000000001 0.396875 0.3453125000000001 0.4734375 0.3453125000000001
0 0.509375 0.32500000000000007 0.490625 0.32500000000000007 0.490625 0.33281250000000007 0.509375 0.33281250000000007
0 0.590625 0.31718750000000007 0.528125 0.31718750000000007 0.528125 0.33281250000000007 0.590625 0.33281250000000007
0 0.6046875 0.3125000000000001 0.6 0.3125000000000001 0.6 0.3203125000000001 0.6046875 0.3203125000000001
0 0.6078125 0.33281250000000007 0.603125 0.33281250000000007 0.603125 0.34062500000000007 0.6078125 0.34062500000000007
0 0.653125 0.3156250000000001 0.6234375 0.3156250000000001 0.6234375 0.3343750000000001 0.653125 0.3343750000000001
0 0.7296875 0.31718750000000007 0.665625 0.31718750000000007 0.665625 0.3421875000000001 0.7296875 0.3421875000000001
0 0.7328125 0.3296875000000001 0.728125 0.3296875000000001 0.728125 0.3390625000000001 0.7328125 0.3390625000000001
0 0.775 0.3156250000000001 0.753125 0.3156250000000001 0.753125 0.33281250000000007 0.775 0.33281250000000007
0 0.8375 0.3156250000000001 0.796875 0.3156250000000001 0.796875 0.3312500000000001 0.8375 0.3312500000000001
0 0.2140625000000001 0.365625 0.15156250000000004 0.365625 0.15156250000000004 0.3828125 0.2140625000000001 0.3828125
0 0.2328125000000001 0.378125 0.22812500000000008 0.378125 0.22812500000000008 0.3875 0.2328125000000001 0.3875
0 0.25625000000000003 0.3625 0.253125 0.3625 0.25312500000000004 0.36875 0.2562500000000001 0.36875
0 0.2765625000000001 0.3640625 0.2593750000000001 0.3640625 0.2593750000000001 0.3828125 0.2765625000000001 0.3828125
0 0.3421875000000001 0.365625 0.30156250000000007 0.365625 0.30156250000000007 0.3859375 0.3421875000000001 0.3859375
0 0.3906250000000001 0.36562500000000003 0.3609375000000001 0.365625 0.3609375000000001 0.38281250000000006 0.3906250000000001 0.3828125000000001
0 0.4578125 0.3671875000000001 0.409375 0.3671875000000001 0.409375 0.38750000000000007 0.4578125 0.38750000000000007
0 0.5421875 0.37187500000000007 0.48125 0.37187500000000007 0.48125 0.3968750000000001 0.5421875 0.3968750000000001
0 0.5921875 0.3656250000000001 0.5546875 0.3656250000000001 0.5546875 0.3812500000000001 0.5921875 0.3812500000000001
0 0.6359375 0.3750000000000001 0.60625 0.3750000000000001 0.60625 0.3828125000000001 0.6359375 0.3828125000000001
0 0.696875 0.3671875000000001 0.646875 0.3671875000000001 0.646875 0.3843750000000001 0.696875 0.3843750000000001
0 0.75 0.3687500000000001 0.7140625 0.3687500000000001 0.7140625 0.3843750000000001 0.75 0.3843750000000001
0 0.8234375 0.3687500000000001 0.7640625 0.3687500000000001 0.7640625 0.3906250000000001 0.8234375 0.3906250000000001
0 0.8375 0.3812500000000001 0.834375 0.3812500000000001 0.834375 0.3828125000000001 0.8375 0.3828125000000001
0 0.17812500000000003 0.4140625 0.14531250000000004 0.4140625 0.14531250000000004 0.4296875 0.17812500000000003 0.4296875
0 0.2671875000000001 0.4171875 0.19375000000000003 0.4171875 0.19375000000000003 0.4421875 0.2671875000000001 0.4421875
0 0.3265625000000001 0.415625 0.2921875000000001 0.415625 0.2921875000000001 0.4328125 0.3265625000000001 0.4328125
0 0.38750000000000007 0.4171875 0.3453125000000001 0.4171875 0.3453125000000001 0.434375 0.38750000000000007 0.434375
0 0.4828125 0.41875 0.409375 0.41875 0.409375 0.4453125 0.4828125 0.4453125
0 0.525 0.4265625 0.49375 0.4265625 0.49375 0.434375 0.525 0.434375
0 0.534375 0.4296875 0.528125 0.4296875 0.528125 0.440625 0.534375 0.440625
0 0.56875 0.4265625 0.5515625 0.4265625 0.5515625 0.4359375 0.56875 0.4359375
0 0.6328125 0.41875 0.590625 0.41875 0.590625 0.4359375 0.6328125 0.4359375
0 0.66875 0.415625 0.6453125 0.415625 0.6453125 0.434375 0.66875 0.434375
0 0.721875 0.4171875 0.6796875 0.4171875 0.6796875 0.434375 0.721875 0.434375
0 0.79375 0.41718750000000016 0.74375 0.41718750000000016 0.74375 0.4343750000000002 0.79375 0.4343750000000002
0 0.8421875 0.4203125000000002 0.80625 0.4203125000000002 0.80625 0.43281250000000016 0.8421875 0.43281250000000016
0 0.19062500000000004 0.4671875 0.15625000000000006 0.4671875 0.15625000000000006 0.4828125 0.19062500000000004 0.4828125
0 0.2828125000000001 0.4671875 0.2312500000000001 0.4671875 0.2312500000000001 0.4953125 0.2828125000000001 0.4953125
0 0.2906250000000001 0.4796875 0.28593750000000007 0.4796875 0.28593750000000007 0.4890625 0.2906250000000001 0.4890625
0 0.3468750000000001 0.4671875 0.3156250000000001 0.4671875 0.3156250000000001 0.4828125 0.3468750000000001 0.4828125
0 0.38750000000000007 0.46875 0.36406250000000007 0.46875 0.36406250000000007 0.4828125 0.38750000000000007 0.4828125
0 0.5296875 0.4703125 0.4109375 0.4703125 0.4109375 0.49375 0.5296875 0.49375
0 0.5625 0.475 0.5484375 0.475 0.5484375 0.4859375 0.5625 0.4859375
0 0.6265625 0.46875 0.5859375 0.46875 0.5859375 0.49375 0.6265625 0.49375
0 0.6890625 0.46875 0.65 0.46875 0.65 0.4828125 0.6890625 0.4828125
0 0.7203125 0.46875 0.70625 0.46875 0.70625 0.4828125 0.7203125 0.4828125
0 0.790625 0.47187500000000016 0.7359375 0.47187500000000016 0.7359375 0.4859375000000002 0.790625 0.4859375000000002
0 0.840625 0.4703125000000002 0.809375 0.4703125000000002 0.809375 0.48437500000000017 0.840625 0.48437500000000017
0 0.878125 0.4734375000000002 0.846875 0.4734375000000002 0.846875 0.4937500000000002 0.878125 0.4937500000000002
0 0.2218750000000001 0.5140625 0.15781250000000005 0.5140625 0.15781250000000005 0.5421875 0.2218750000000001 0.5421875
0 0.2687500000000001 0.5171875 0.2468750000000001 0.5171875 0.2468750000000001 0.5375 0.2687500000000001 0.5375
0 0.3031250000000001 0.5265625 0.29375000000000007 0.5265625 0.29375000000000007 0.534375 0.3031250000000001 0.534375
0 0.3703125000000001 0.5171875 0.3375000000000001 0.5171875 0.3375000000000001 0.5375 0.3703125000000001 0.5375
0 0.3921875000000001 0.5328125 0.3828125000000001 0.5328125 0.3828125000000001 0.534375 0.3921875000000001 0.534375