0 0.16875000000000004 0.2015625 0.14062500000000006 0.2015625 0.14062500000000006 0.228125 0.16875000000000004 0.228125
0 0.2203125 0.2015625 0.18125000000000005 0.2015625 0.18125000000000005 0.221875 0.2203125 0.221875
0 0.26875 0.2015625 0.228125 0.2015625 0.228125 0.21875 0.26875 0.21875
0 0.3078125 0.2 0.2875 0.2 0.2875 0.225 0.3078125 0.225
0 0.35625 0.2015625 0.3234375 0.2015625 0.3234375 0.21875 0.35625 0.21875
0 0.446875 0.2015625000000001 0.36875 0.2015625000000001 0.36875 0.22031250000000008 0.446875 0.22031250000000008
0 0.4875 0.20312500000000008 0.4609375 0.20312500000000008 0.4609375 0.21875000000000008 0.4875 0.21875000000000008
0 0.5359375 0.2000000000000001 0.496875 0.2000000000000001 0.496875 0.22031250000000008 0.5359375 0.22031250000000008
0 0.6609375 0.2000000000000001 0.553125 0.2000000000000001 0.553125 0.2296875000000001 0.6609375 0.2296875000000001
0 0.6984375 0.20312500000000008 0.6734375 0.20312500000000008 0.6734375 0.22031250000000008 0.6984375 0.22031250000000008
0 0.7953125 0.20312500000000008 0.7125 0.20312500000000008 0.7125 0.22812500000000008 0.7953125 0.22812500000000008
0 0.8015625 0.2156250000000001 0.7984375 0.2156250000000001 0.7984375 0.2171875000000001 0.8015625 0.2171875000000001
0 0.8453125 0.2000000000000001 0.815625 0.2000000000000001 0.815625 0.21875000000000008 0.8453125 0.21875000000000008
0 0.18437500000000004 0.2484375 0.14218750000000005 0.2484375 0.14218750000000005 0.271875 0.18437500000000004 0.271875
0 0.315625 0.25 0.2015625 0.25 0.2015625 0.275 0.315625 0.275
0 0.3828125 0.2515625 0.3359375 0.2515625 0.3359375 0.27187500000000003 0.3828125 0.2718750000000001
0 0.4234375 0.2515625000000001 0.396875 0.2515625000000001 0.396875 0.2687500000000001 0.4234375 0.2687500000000001
0 0.51875 0.2531250000000001 0.4375 0.2531250000000001 0.4375 0.2812500000000001 0.51875 0.2812500000000001
0 0.5484375 0.25468750000000007 0.53125 0.25468750000000007 0.53125 0.2734375000000001 0.5484375 0.2734375000000001
0 0.5890625 0.2562500000000001 0.5609375 0.2562500000000001 0.5609375 0.27031250000000007 0.5890625 0.27031250000000007
0 0.6625 0.2531250000000001 0.5984375 0.2531250000000001 0.5984375 0.27031250000000007 0.6625 0.27031250000000007
0 0.703125 0.2578125000000001 0.671875 0.2578125000000001 0.671875 0.27031250000000007 0.703125 0.27031250000000007
0 0.75 0.2515625000000001 0.7140625 0.2515625000000001 0.7140625 0.27031250000000007 0.75 0.27031250000000007
0 0.840625 0.2515625000000001 0.7625 0.2515625000000001 0.7625 0.2687500000000001 0.840625 0.2687500000000001
0 0.24375 0.3 0.14531250000000004 0.3 0.14531250000000004 0.3328125 0.24375 0.3328125
0 0.3078125 0.3 0.2640625 0.3 0.2640625 0.31875 0.3078125 0.31875
0 0.3359375 0.3015625 0.3171875 0.3015625 0.3171875 0.3203125 0.3359375 0.3203125
0 0.4125 0.30468750000000006 0.35 0.3046875 0.35 0.33125000000000004 0.4125 0.3312500000000001
0 0.5390625 0.30156250000000007 0.4296875 0.30156250000000007 0.4296875 0.33281250000000007 0.5390625 0.33281250000000007
0 0.5453125 0.31718750000000007 0.5421875 0.31718750000000007 0.5421875 0.3203125000000001 0.5453125 0.3203125000000001
0 0.56875 0.3000000000000001 0.565625 0.3000000000000001 0.565625 0.3078125000000001 0.56875 0.3078125000000001
0 0.6171875 0.30156250000000007 0.5765625 0.30156250000000007 0.5765625 0.3203125000000001 0.6171875 0.3203125000000001
0 0.6921875 0.30156250000000007 0.634375 0.30156250000000007 0.634375 0.3203125000000001 0.6921875 0.3203125000000001
0 0.7046875 0.3000000000000001 0.7015625 0.3000000000000001 0.7015625 0.30937500000000007 0.7046875 0.30937500000000007
0 0.7171875 0.3156250000000001 0.7140625 0.3156250000000001 0.7140625 0.3265625000000001 0.7171875 0.3265625000000001
0 0.7609375 0.3031250000000001 0.7359375 0.3031250000000001 0.7359375 0.3218750000000001 0.7609375 0.3218750000000001
0 0.8421875 0.3031250000000001 0.7765625 0.3031250000000001 0.7765625 0.3234375000000001 0.8421875 0.3234375000000001
0 0.8546875 0.31718750000000007 0.8484375 0.31718750000000007 0.8484375 0.3265625000000001 0.8546875 0.3265625000000001
0 0.14531250000000004 0.35 0.14218750000000005 0.35 0.14218750000000005 0.3578125 0.14531250000000004 0.3578125
0 0.17968750000000006 0.3546875 0.15625000000000006 0.3546875 0.15625000000000006 0.371875 0.17968750000000006 0.371875
0 0.27968750000000003 0.353125 0.19375000000000003 0.353125 0.19375000000000003 0.3734375 0.2796875000000001 0.3734375
0 0.2906250000000001 0.365625 0.28593750000000007 0.365625 0.28593750000000007 0.3796875 0.2906250000000001 0.3796875
0 0.38125000000000003 0.35156250000000006 0.309375 0.3515625 0.30937500000000007 0.37031250000000004 0.3812500000000001 0.3703125000000001
0 0.41875 0.3546875000000001 0.3984375 0.3546875000000001 0.39843750000000006 0.3703125000000001 0.41875 0.3703125000000001
0 0.44375 0.3578125000000001 0.43125 0.3578125000000001 0.43125 0.3703125000000001 0.44375 0.3703125000000001
0 0.5203125 0.3515625000000001 0.453125 0.3515625000000001 0.453125 0.3812500000000001 0.5203125 0.3812500000000001
0 0.6375 0.35625000000000007 0.5359375 0.35625000000000007 0.5359375 0.37187500000000007 0.6375 0.37187500000000007
0 0.646875 0.3687500000000001 0.64375 0.3687500000000001 0.64375 0.37187500000000007 0.646875 0.37187500000000007
0 0.7703125 0.3515625000000001 0.665625 0.3515625000000001 0.665625 0.37187500000000007 0.7703125 0.37187500000000007
0 0.8671875 0.3593750000000001 0.7828125 0.3593750000000001 0.7828125 0.37187500000000007 0.8671875 0.37187500000000007
0 0.16406250000000006 0.403125 0.14218750000000005 0.403125 0.14218750000000005 0.4234375 0.16406250000000006 0.4234375
0 0.20312500000000008 0.403125 0.17656250000000004 0.403125 0.17656250000000004 0.4203125 0.20312500000000008 0.4203125
0 0.2687500000000001 0.4015625 0.2171875000000001 0.4015625 0.2171875000000001 0.421875 0.2687500000000001 0.421875
0 0.2953125000000001 0.4109375 0.2875000000000001 0.4109375 0.2875000000000001 0.43125 0.2953125000000001 0.43125
0 0.3421875000000001 0.4046875 0.31718750000000007 0.4046875 0.31718750000000007 0.421875 0.3421875000000001 0.421875
0 0.3812500000000001 0.4046875 0.3593750000000001 0.4046875 0.3593750000000001 0.421875 0.3812500000000001 0.421875
0 0.4625 0.403125 0.3921875000000001 0.403125 0.3921875000000001 0.434375 0.4625 0.434375
0 0.521875 0.403125 0.4828125 0.403125 0.4828125 0.4234375 0.521875 0.4234375
0 0.5796875 0.4015625 0.5359375 0.4015625 0.5359375 0.428125 0.5796875 0.428125
0 0.6140625 0.41875 0.59375 0.41875 0.59375 0.421875 0.6140625 0.421875
0 0.646875 0.403125 0.63125 0.403125 0.63125 0.4234375 0.646875 0.4234375
0 0.6921875 0.403125 0.65 0.403125 0.65 0.4234375 0.6921875 0.4234375
0 0.715625 0.409375 0.7046875 0.409375 0.7046875 0.421875 0.715625 0.421875
0 0.76875 0.4093750000000001 0.721875 0.409375 0.721875 0.4359375000000001 0.76875 0.4359375000000002
0 0.7796875 0.41718750000000016 0.7734375 0.41718750000000016 0.7734375 0.4312500000000002 0.7796875 0.4312500000000002
0 0.853125 0.4046875000000002 0.796875 0.4046875000000002 0.796875 0.43281250000000016 0.853125 0.43281250000000016
0 0.21875000000000008 0.4546875 0.14375000000000004 0.4546875 0.14375000000000004 0.484375 0.21875000000000008 0.484375
0 0.2296875000000001 0.465625 0.2250000000000001 0.465625 0.2250000000000001 0.48125 0.2296875000000001 0.48125
0 0.2921875000000001 0.4546875 0.2453125000000001 0.4546875 0.2453125000000001 0.475 0.2921875000000001 0.475
0 0.3734375000000001 0.4515625 0.30937500000000007 0.4515625 0.30937500000000007 0.4734375 0.3734375000000001 0.4734375
0 0.3984375000000001 0.4578125 0.3859375000000001 0.4578125 0.3859375000000001 0.4734375 0.3984375000000001 0.4734375
0 0.46875 0.453125 0.415625 0.453125 0.415625 0.4875 0.46875 0.4875
0 0.5421875 0.453125 0.4859375 0.453125 0.4859375 0.4734375 0.5421875 0.4734375
0 0.5546875 0.4703125 0.5515625 0.4703125 0.5515625 0.4734375 0.5546875 0.4734375
0 0.6046875 0.4515625 0.5734375 0.4515625 0.5734375 0.471875 0.6046875 0.471875
0 0.68125 0.453125 0.6171875 0.453125 0.6171875 0.475 0.68125 0.475
0 0.6890625 0.4671875 0.6859375 0.4671875 0.6859375 0.4796875 0.6890625 0.4796875
0 0.7578125 0.45781250000000007 0.7046875 0.4578125 0.7046875 0.48125000000000007 0.7578125 0.4812500000000002
0 0.8375 0.45312500000000017 0.7703125 0.45312500000000017 0.7703125 0.4734375000000002 0.8375 0.4734375000000002
0 0.19843750000000004 0.5078125 0.14531250000000004 0.5078125 0.14531250000000004 0.525 0.19843750000000004 0.525
0 0.2656250000000001 0.5078125 0.21875000000000008 0.5078125 0.21875000000000008 0.5234375 0.2656250000000001 0.5234375
0 0.29375000000000007 0.50625 0.27812500000000007 0.50625 0.27812500000000007 0.5234375 0.29375000000000007 0.5234375
0 0.38750000000000007 0.5015625 0.3125000000000001 0.5015625 0.3125000000000001 0.534375 0.38750000000000007 0.534375
0 0.4046875 0.5109375 0.4015625 0.5109375 0.4015625 0.5171875 0.4046875 0.5171875
0 0.4734375 0.503125 0.4265625 0.503125 0.4265625 0.521875 0.4734375 0.521875
0 0.528125 0.5046875 0.490625 0.5046875 0.490625 0.5234375 0.528125 0.5234375
0 0.6140625 0.5015625 0.54375 0.5015625 0.54375 0.5328125 0.6140625 0.5328125
0 0.6546875 0.50625 0.63125 0.50625 0.63125 0.521875 0.6546875 0.521875
0 0.825 0.503125 0.675 0.503125 0.675 0.5359375000000001 0.825 0.5359375000000002
0 0.86875 0.5062500000000002 0.8390625 0.5062500000000002 0.8390625 0.5312500000000002 0.86875 0.5312500000000002
0 0.1843750000000001 0.5515625 0.1453125000000001 0.5515625 0.1453125000000001 0.5734375 0.1843750000000001 0.5734375
0 0.2906250000000001 0.5515625 0.20468750000000008 0.5515625 0.20468750000000008 0.5734375 0.2906250000000001 0.5734375
0 0.3234375000000001 0.5625 0.3109375000000001 0.5625 0.3109375000000001 0.5640625 0.3234375000000001 0.5640625
0 0.3546875000000001 0.5609375 0.34062500000000007 0.5609375 0.34062500000000007 0.575 0.3546875000000001 0.575
0 0.5125 0.553125 0.3781250000000001 0.553125 0.3781250000000001 0.58125 0.5125 0.58125
0 0.63125 0.5515625 0.5296875 0.5515625 0.5296875 0.5859375 0.63125 0.5859375
0 0.6671875 0.5578125 0.646875 0.5578125 0.646875 0.575 0.6671875 0.575
0 0.715625 0.559375 0.6828125 0.559375 0.6828125 0.5875 0.715625 0.5875
0 0.7671875 0.5593750000000002 0.73125 0.5593750000000002 0.73125 0.5843750000000002 0.7671875 0.5843750000000002
0 0.7796875 0.5671875000000002 0.775 0.5671875000000002 0.775 0.5828125000000002 0.7796875 0.5828125000000002
0 0.2734375000000001 0.6046875 0.1453125000000001 0.6046875 0.1453125000000001 0.6375 0.2734375000000001 0.6375
0 0.32500000000000007 0.609375 0.2953125000000001 0.609375 0.2953125000000001 0.625 0.32500000000000007 0.625
0 0.3812500000000001 0.6046875 0.34062500000000007 0.6046875 0.34062500000000007 0.6234375 0.3812500000000001 0.6234375
0 0.475 0.6046875 0.3984375000000001 0.6046875 0.3984375000000001 0.6328125 0.475 0.6328125
0 0.53125 0.6109375 0.4921875 0.6109375 0.4921875 0.625 0.53125 0.625
0 0.590625 0.6109375 0.546875 0.6109375 0.546875 0.6328125 0.590625 0.6328125
0 0.6515625 0.6046875 0.60625 0.6046875 0.60625 0.6296875 0.6515625 0.6296875
0 0.6640625 0.6203125 0.6609375 0.6203125 0.6609375 0.621875 0.6640625 0.621875
0 0.6765625 0.6046875 0.6734375 0.6046875 0.6734375 0.6109375 0.6765625 0.6109375