0 0.228125 0.20625 0.14843750000000006 0.20625 0.14843750000000006 0.2265625 0.228125 0.2265625
0 0.2984375 0.20625 0.246875 0.20625 0.246875 0.2421875 0.2984375 0.2421875
0 0.384375 0.20625000000000004 0.3171875 0.20625 0.3171875 0.22656250000000006 0.384375 0.22656250000000008
0 0.45 0.2171875000000001 0.40625 0.2171875000000001 0.40625 0.22812500000000008 0.45 0.22812500000000008
0 0.496875 0.2078125000000001 0.4765625 0.2078125000000001 0.4765625 0.2250000000000001 0.496875 0.2250000000000001
0 0.5765625 0.2093750000000001 0.5171875 0.2093750000000001 0.5171875 0.22812500000000008 0.5765625 0.22812500000000008
0 0.6203125 0.2093750000000001 0.6 0.2093750000000001 0.6 0.22656250000000008 0.6203125 0.22656250000000008
0 0.671875 0.21093750000000008 0.6453125 0.21093750000000008 0.6453125 0.22812500000000008 0.671875 0.22812500000000008
0 0.7921875 0.2093750000000001 0.7015625 0.2093750000000001 0.7015625 0.22656250000000008 0.7921875 0.22656250000000008
0 0.209375 0.2578125 0.15156250000000004 0.2578125 0.15156250000000004 0.278125 0.209375 0.278125
0 0.2515625 0.2609375 0.228125 0.2609375 0.228125 0.278125 0.2515625 0.278125
0 0.3734375 0.26093750000000004 0.28125 0.2609375 0.28125 0.28125000000000006 0.3734375 0.2812500000000001
0 0.39375 0.27812500000000007 0.3921875 0.27812500000000007 0.3921875 0.2843750000000001 0.39375 0.2843750000000001
0 0.4609375 0.27031250000000007 0.4140625 0.27031250000000007 0.4140625 0.27812500000000007 0.4609375 0.27812500000000007
0 0.5671875 0.2609375000000001 0.4875 0.2609375000000001 0.4875 0.2890625000000001 0.5671875 0.2890625000000001
0 0.5828125 0.27812500000000007 0.578125 0.27812500000000007 0.578125 0.2828125000000001 0.5828125 0.2828125000000001
0 0.68125 0.2562500000000001 0.6125 0.2562500000000001 0.6125 0.28593750000000007 0.68125 0.28593750000000007
0 0.740625 0.2562500000000001 0.7015625 0.2562500000000001 0.7015625 0.28593750000000007 0.740625 0.28593750000000007
0 0.8390625 0.2593750000000001 0.7640625 0.2593750000000001 0.7640625 0.2765625000000001 0.8390625 0.2765625000000001
0 0.853125 0.2750000000000001 0.85 0.2750000000000001 0.85 0.27812500000000007 0.853125 0.27812500000000007
0 0.17656250000000004 0.30625 0.16093750000000004 0.30625 0.16093750000000004 0.3234375 0.17656250000000004 0.3234375
0 0.2609375 0.30625 0.2046875 0.30625 0.2046875 0.340625 0.2609375 0.340625
0 0.309375 0.31875 0.284375 0.31875 0.284375 0.3296875 0.309375 0.3296875
0 0.35625 0.30625 0.3296875 0.30625 0.3296875 0.3296875 0.35625 0.3296875
0 0.4875 0.30937500000000007 0.3796875 0.30937500000000007 0.3796875 0.3296875000000001 0.4875 0.3296875000000001
0 0.540625 0.30937500000000007 0.5109375 0.30937500000000007 0.5109375 0.3265625000000001 0.540625 0.3265625000000001
0 0.7328125 0.3046875000000001 0.5703125 0.3046875000000001 0.5703125 0.3359375000000001 0.7328125 0.3359375000000001
0 0.8234375 0.3046875000000001 0.7453125 0.3046875000000001 0.7453125 0.3390625000000001 0.8234375 0.3390625000000001
0 0.20312500000000006 0.3578125 0.16093750000000004 0.3578125 0.16093750000000004 0.3765625 0.20312500000000008 0.3765625
0 0.25625000000000003 0.359375 0.2265625 0.359375 0.22656250000000006 0.378125 0.2562500000000001 0.378125
0 0.38906250000000003 0.35781250000000003 0.284375 0.3578125 0.28437500000000004 0.38593750000000004 0.3890625000000001 0.3859375000000001
0 0.4015625 0.3750000000000001 0.3984375000000001 0.3750000000000001 0.3984375000000001 0.3781250000000001 0.4015625 0.3781250000000001
0 0.4515625 0.3546875000000001 0.43125 0.3546875000000001 0.43125 0.3765625000000001 0.4515625 0.3765625000000001
0 0.515625 0.3578125000000001 0.4765625 0.3578125000000001 0.4765625 0.3765625000000001 0.515625 0.3765625000000001
0 0.653125 0.3593750000000001 0.5375 0.3593750000000001 0.5375 0.3781250000000001 0.653125 0.3781250000000001
0 0.7171875 0.3578125000000001 0.671875 0.3578125000000001 0.671875 0.3781250000000001 0.7171875 0.3781250000000001
0 0.75625 0.3593750000000001 0.7359375 0.3593750000000001 0.7359375 0.3765625000000001 0.75625 0.3765625000000001
0 0.8390625 0.3578125000000001 0.771875 0.3578125000000001 0.771875 0.38750000000000007 0.8390625 0.38750000000000007
0 0.2500000000000001 0.4046875 0.15937500000000004 0.4046875 0.15937500000000004 0.4390625 0.2500000000000001 0.4390625
0 0.2765625000000001 0.4203125 0.26250000000000007 0.4203125 0.26250000000000007 0.4296875 0.2765625000000001 0.4296875
0 0.3625000000000001 0.4046875 0.29375000000000007 0.4046875 0.29375000000000007 0.4390625 0.3625000000000001 0.4390625
0 0.3812500000000001 0.4296875 0.3765625000000001 0.4296875 0.3765625000000001 0.4359375 0.3812500000000001 0.4359375
0 0.5015625 0.4078125 0.4015625 0.4078125 0.4015625 0.440625 0.5015625 0.440625
0 0.56875 0.41875 0.5234375 0.41875 0.5234375 0.4265625 0.56875 0.4265625
0 0.6453125 0.4078125 0.5921875 0.4078125 0.5921875 0.428125 0.6453125 0.428125
0 0.6828125 0.41875 0.66875 0.41875 0.66875 0.428125 0.6828125 0.428125
0 0.76875 0.4093750000000001 0.703125 0.409375 0.703125 0.4453125000000001 0.76875 0.44531250000000017
0 0.8359375 0.4078125000000002 0.796875 0.4078125000000002 0.796875 0.42500000000000016 0.8359375 0.42500000000000016
0 0.27031250000000007 0.453125 0.16406250000000006 0.453125 0.16406250000000006 0.490625 0.27031250000000007 0.490625
0 0.415625 0.4578125 0.3078125000000001 0.4578125 0.3078125000000001 0.478125 0.415625 0.478125
0 0.4328125 0.478125 0.428125 0.478125 0.428125 0.484375 0.4328125 0.484375
0 0.628125 0.4609375 0.45 0.4609375 0.45 0.4859375 0.628125 0.4859375
0 0.6953125 0.4640625 0.6484375 0.4640625 0.6484375 0.4796875 0.6953125 0.4796875
0 0.7859375 0.4625000000000001 0.71875 0.4625 0.71875 0.4781250000000001 0.7859375 0.4781250000000002
0 0.80625 0.4781250000000002 0.803125 0.4781250000000002 0.803125 0.48437500000000017 0.80625 0.48437500000000017
0 0.859375 0.4625000000000002 0.8203125 0.4625000000000002 0.8203125 0.47968750000000016 0.859375 0.47968750000000016
0 0.2328125000000001 0.5109375 0.15937500000000004 0.5109375 0.15937500000000004 0.5375 0.2328125000000001 0.5375
0 0.3500000000000001 0.509375 0.2500000000000001 0.509375 0.2500000000000001 0.5296875 0.3500000000000001 0.5296875
0 0.3609375000000001 0.53125 0.3578125000000001 0.53125 0.3578125000000001 0.5359375 0.3609375000000001 0.5359375
0 0.4671875 0.509375 0.3843750000000001 0.509375 0.3843750000000001 0.5359375 0.4671875 0.5359375
0 0.53125 0.5125 0.4859375 0.5125 0.4859375 0.5296875 0.53125 0.5296875
0 0.7953125 0.5156250000000001 0.5453125 0.515625 0.5453125 0.5421875 0.7953125 0.5421875000000002
0 0.8109375 0.5281250000000002 0.80625 0.5281250000000002 0.80625 0.5359375000000002 0.8109375 0.5359375000000002
0 0.1671875000000001 0.559375 0.16562500000000008 0.559375 0.16562500000000008 0.565625 0.1671875000000001 0.565625
0 0.20468750000000008 0.5609375 0.16562500000000008 0.5609375 0.16562500000000008 0.5796875 0.20468750000000008 0.5796875
0 0.2484375000000001 0.5640625 0.2250000000000001 0.5640625 0.2250000000000001 0.58125 0.2484375000000001 0.58125
0 0.3453125000000001 0.56875 0.2687500000000001 0.56875 0.2687500000000001 0.5953125 0.3453125000000001 0.5953125
0 0.38750000000000007 0.559375 0.3703125000000001 0.559375 0.3703125000000001 0.5796875 0.38750000000000007 0.5796875
0 0.4890625 0.5640625 0.409375 0.5640625 0.409375 0.5859375 0.4890625 0.5859375
0 0.5328125 0.5625 0.509375 0.5625 0.509375 0.590625 0.5328125 0.590625
0 0.60625 0.571875 0.559375 0.571875 0.559375 0.5828125 0.60625 0.5828125
0 0.684375 0.5609375 0.628125 0.5609375 0.628125 0.5921875 0.684375 0.5921875
0 0.775 0.5640625000000001 0.7109375 0.5640625 0.7109375 0.5828125000000001 0.775 0.5828125000000002
0 0.784375 0.5781250000000002 0.78125 0.5781250000000002 0.78125 0.5796875000000001 0.784375 0.5796875000000001
0 0.796875 0.5609375000000002 0.79375 0.5609375000000002 0.79375 0.5687500000000002 0.796875 0.5687500000000002