0 0.18125000000000005 0.2015625 0.14375000000000004 0.2015625 0.14375000000000004 0.2328125 0.18125000000000005 0.2328125
0 0.2421875 0.2015625 0.19843750000000004 0.2015625 0.19843750000000004 0.225 0.2421875 0.225
0 0.3171875 0.203125 0.26875 0.203125 0.26875 0.2203125 0.3171875 0.2203125
0 0.365625 0.20312500000000006 0.3296875 0.203125 0.3296875 0.22031250000000005 0.365625 0.22031250000000008
0 0.428125 0.2015625000000001 0.378125 0.2015625000000001 0.378125 0.22031250000000008 0.428125 0.22031250000000008
0 0.5328125 0.2015625000000001 0.45 0.2015625000000001 0.45 0.2218750000000001 0.5328125 0.2218750000000001
0 0.5765625 0.2015625000000001 0.559375 0.2015625000000001 0.559375 0.2234375000000001 0.5765625 0.2234375000000001
0 0.6640625 0.2000000000000001 0.571875 0.2000000000000001 0.571875 0.2234375000000001 0.6640625 0.2234375000000001
0 0.8265625 0.1984375000000001 0.6828125 0.1984375000000001 0.6828125 0.2375000000000001 0.8265625 0.2375000000000001
0 0.8609375 0.19687500000000008 0.8328125 0.19687500000000008 0.8328125 0.2234375000000001 0.8609375 0.2234375000000001
0 0.246875 0.246875 0.15000000000000005 0.246875 0.15000000000000005 0.2921875 0.246875 0.2921875
0 0.2609375 0.2703125 0.25625 0.2703125 0.25625 0.271875 0.2609375 0.271875
0 0.3296875 0.2484375 0.28125 0.2484375 0.28125 0.2796875 0.3296875 0.2796875
0 0.409375 0.24843750000000003 0.3390625 0.2484375 0.3390625 0.27343750000000006 0.409375 0.2734375000000001
0 0.6046875 0.2468750000000001 0.44375 0.2468750000000001 0.44375 0.2765625000000001 0.6046875 0.2765625000000001
0 0.6703125 0.2468750000000001 0.6203125 0.2468750000000001 0.6203125 0.2718750000000001 0.6703125 0.2718750000000001
0 0.7296875 0.2500000000000001 0.6875 0.2500000000000001 0.6875 0.2718750000000001 0.7296875 0.2718750000000001
0 0.878125 0.2484375000000001 0.7578125 0.2484375000000001 0.7578125 0.2921875000000001 0.878125 0.2921875000000001
0 0.16562500000000005 0.2984375 0.14218750000000005 0.2984375 0.14218750000000005 0.321875 0.16562500000000005 0.321875
0 0.2125 0.309375 0.18281250000000004 0.309375 0.18281250000000004 0.3234375 0.2125 0.3234375
0 0.3265625 0.2984375 0.2328125 0.2984375 0.2328125 0.325 0.3265625 0.325
0 0.378125 0.30625 0.3453125 0.30625 0.3453125 0.32500000000000007 0.378125 0.32500000000000007
0 0.4390625 0.30156250000000007 0.396875 0.30156250000000007 0.396875 0.3265625000000001 0.4390625 0.3265625000000001
0 0.559375 0.3000000000000001 0.459375 0.3000000000000001 0.459375 0.3265625000000001 0.559375 0.3265625000000001
0 0.7109375 0.3046875000000001 0.5546875 0.3046875000000001 0.5546875 0.3421875000000001 0.7109375 0.3421875000000001
0 0.775 0.3000000000000001 0.7171875 0.3000000000000001 0.7171875 0.32500000000000007 0.775 0.32500000000000007
0 0.83125 0.3031250000000001 0.7984375 0.3031250000000001 0.7984375 0.3234375000000001 0.83125 0.3234375000000001
0 0.22812500000000005 0.3546875 0.14843750000000006 0.3546875 0.14843750000000006 0.396875 0.22812500000000008 0.396875
0 0.35468750000000004 0.35 0.259375 0.35 0.259375 0.396875 0.3546875000000001 0.396875
0 0.37187500000000007 0.3687500000000001 0.3671875000000001 0.3687500000000001 0.3671875000000001 0.37187500000000007 0.37187500000000007 0.37187500000000007
0 0.4078125 0.34062500000000007 0.39375 0.34062500000000007 0.39375 0.3531250000000001 0.4078125 0.3531250000000001
0 0.45 0.3468750000000001 0.4046875 0.3468750000000001 0.4046875 0.3734375000000001 0.45 0.3734375000000001
0 0.5484375 0.3468750000000001 0.4734375 0.3468750000000001 0.4734375 0.3734375000000001 0.5484375 0.3734375000000001
0 0.565625 0.3468750000000001 0.5578125 0.3468750000000001 0.5578125 0.35625000000000007 0.565625 0.35625000000000007
0 0.5703125 0.3703125000000001 0.553125 0.3703125000000001 0.553125 0.3828125000000001 0.5703125 0.3828125000000001
0 0.615625 0.3500000000000001 0.5859375 0.3500000000000001 0.5859375 0.3734375000000001 0.615625 0.3734375000000001
0 0.7296875 0.3500000000000001 0.653125 0.3500000000000001 0.653125 0.3750000000000001 0.7296875 0.3750000000000001
0 0.7484375 0.3687500000000001 0.73125 0.3687500000000001 0.73125 0.38750000000000007 0.7484375 0.38750000000000007
0 0.775 0.3468750000000001 0.7640625 0.3468750000000001 0.7640625 0.35625000000000007 0.775 0.35625000000000007
0 0.8 0.34843750000000007 0.7703125 0.34843750000000007 0.7703125 0.3750000000000001 0.8 0.3750000000000001
0 0.9125 0.3500000000000001 0.825 0.3500000000000001 0.825 0.3734375000000001 0.9125 0.3734375000000001
0 0.91875 0.37187500000000007 0.9109375 0.37187500000000007 0.9109375 0.3781250000000001 0.91875 0.3781250000000001
0 0.24375000000000008 0.3953125 0.16093750000000004 0.3953125 0.16093750000000004 0.425 0.24375000000000008 0.425
0 0.2968750000000001 0.4015625 0.2687500000000001 0.4015625 0.2687500000000001 0.421875 0.2968750000000001 0.421875
0 0.3390625000000001 0.409375 0.3218750000000001 0.409375 0.3218750000000001 0.425 0.3390625000000001 0.425
0 0.4546875 0.4015625 0.3656250000000001 0.4015625 0.3656250000000001 0.440625 0.4546875 0.440625
0 0.603125 0.40625 0.484375 0.40625 0.484375 0.421875 0.603125 0.421875
0 0.621875 0.421875 0.61875 0.421875 0.61875 0.4234375 0.621875 0.4234375
0 0.7703125 0.39531250000000007 0.659375 0.39531250000000007 0.659375 0.42656250000000007 0.7703125 0.4265625000000002
0 0.878125 0.40625000000000017 0.7875 0.40625000000000017 0.7875 0.4281250000000002 0.878125 0.4281250000000002
0 0.17968750000000006 0.4515625 0.15312500000000004 0.4515625 0.15312500000000004 0.471875 0.17968750000000006 0.471875
0 0.2484375000000001 0.4546875 0.2093750000000001 0.4546875 0.2093750000000001 0.4703125 0.2484375000000001 0.4703125
0 0.37187500000000007 0.446875 0.2906250000000001 0.446875 0.2906250000000001 0.471875 0.37187500000000007 0.471875
0 0.4 0.4609375 0.3781250000000001 0.4609375 0.3781250000000001 0.4828125 0.4 0.4828125
0 0.4640625 0.45 0.428125 0.45 0.428125 0.4703125 0.4640625 0.4703125
0 0.503125 0.4515625 0.4765625 0.4515625 0.4765625 0.471875 0.503125 0.471875
0 0.609375 0.4515625 0.5171875 0.4515625 0.5171875 0.4921875 0.609375 0.4921875
0 0.6890625 0.4578125 0.6359375 0.4578125 0.6359375 0.4703125 0.6890625 0.4703125
0 0.7671875 0.4546875000000001 0.7109375 0.4546875 0.7109375 0.4765625000000001 0.7671875 0.47656250000000017
0 0.803125 0.4703125000000002 0.775 0.4703125000000002 0.775 0.4750000000000002 0.803125 0.4750000000000002
0 0.85625 0.4515625000000002 0.834375 0.4515625000000002 0.834375 0.4703125000000002 0.85625 0.4703125000000002
0 0.896875 0.4500000000000002 0.853125 0.4500000000000002 0.853125 0.47656250000000017 0.896875 0.47656250000000017
0 0.16093750000000004 0.509375 0.14843750000000006 0.509375 0.14843750000000006 0.5265625 0.16093750000000004 0.5265625
0 0.22656250000000008 0.509375 0.17187500000000006 0.509375 0.17187500000000006 0.54375 0.22656250000000008 0.54375
0 0.24375000000000008 0.521875 0.2328125000000001 0.521875 0.2328125000000001 0.5359375 0.24375000000000008 0.5359375
0 0.3296875000000001 0.4984375 0.2640625000000001 0.4984375 0.2640625000000001 0.53125 0.3296875000000001 0.53125
0 0.4515625 0.5015625 0.34843750000000007 0.5015625 0.34843750000000007 0.540625 0.4515625 0.540625
0 0.475 0.521875 0.465625 0.521875 0.465625 0.528125 0.475 0.528125
0 0.5515625 0.5046875 0.49375 0.5046875 0.49375 0.53125 0.5515625 0.53125
0 0.6359375 0.5 0.571875 0.5 0.571875 0.521875 0.6359375 0.521875
0 0.678125 0.50625 0.6640625 0.50625 0.6640625 0.5234375 0.678125 0.5234375
0 0.7640625 0.5000000000000001 0.6953125 0.5 0.6953125 0.5375000000000001 0.7640625 0.5375000000000002
0 0.8640625 0.4984375000000002 0.790625 0.4984375000000002 0.790625 0.5265625000000002 0.8640625 0.5265625000000002
0 0.871875 0.5218750000000002 0.86875 0.5218750000000002 0.86875 0.5234375000000002 0.871875 0.5234375000000002
0 0.1906250000000001 0.55 0.1515625000000001 0.55 0.1515625000000001 0.5734375 0.1906250000000001 0.5734375
0 0.3000000000000001 0.5515625 0.2140625000000001 0.5515625 0.2140625000000001 0.5796875 0.3000000000000001 0.5796875
0 0.3203125000000001 0.56875 0.3062500000000001 0.56875 0.3062500000000001 0.58125 0.3203125000000001 0.58125
0 0.4234375 0.55625 0.34062500000000007 0.55625 0.34062500000000007 0.5859375 0.4234375 0.5859375
0 0.528125 0.55 0.4546875 0.55 0.4546875 0.5734375 0.528125 0.5734375
0 0.6265625 0.55625 0.5578125 0.55625 0.5578125 0.5796875 0.6265625 0.5796875
0 0.7125 0.55625 0.659375 0.55625 0.659375 0.571875 0.7125 0.571875
0 0.7578125 0.5593750000000002 0.74375 0.5593750000000002 0.74375 0.5765625000000002 0.7578125 0.5765625000000002
0 0.8765625 0.5546875000000002 0.7671875 0.5546875000000002 0.7671875 0.5953125000000001 0.8765625 0.5953125000000001
0 0.89375 0.5671875000000002 0.8796875 0.5671875000000002 0.8796875 0.5796875000000001 0.89375 0.5796875000000001
0 0.2234375000000001 0.6046875 0.15625000000000008 0.6046875 0.15625000000000008 0.63125 0.2234375000000001 0.63125
0 0.2921875000000001 0.603125 0.2484375000000001 0.603125 0.2484375000000001 0.625 0.2921875000000001 0.625
0 0.4109375 0.60625 0.3062500000000001 0.60625 0.3062500000000001 0.6375 0.4109375 0.6375
0 0.46875 0.6015625 0.440625 0.6015625 0.440625 0.625 0.46875 0.625
0 0.7125 0.6015625 0.5 0.6015625 0.5 0.640625 0.7125 0.640625
0 0.7921875 0.6031250000000001 0.7484375 0.6031250000000001 0.7484375 0.6390625000000002 0.7921875 0.6390625000000002
0 0.875 0.6031250000000001 0.815625 0.6031250000000001 0.815625 0.6234375000000002 0.875 0.6234375000000002
0 0.24218750000000008 0.6515625 0.14218750000000008 0.6515625 0.14218750000000008 0.6796875 0.24218750000000008 0.6796875
0 0.2750000000000001 0.671875 0.2578125000000001 0.671875 0.2578125000000001 0.675 0.2750000000000001 0.675
0 0.3203125000000001 0.6640625 0.3031250000000001 0.6640625 0.3031250000000001 0.6796875 0.3203125000000001 0.6796875
0 0.5125 0.6515625 0.3375000000000001 0.6515625 0.3375000000000001 0.6796875 0.5125 0.6796875
0 0.625 0.659375 0.5296875 0.659375 0.5296875 0.6984375 0.625 0.6984375
0 0.684375 0.65 0.6515625 0.65 0.6515625 0.678125 0.684375 0.678125
0 0.7578125 0.6609375000000001 0.709375 0.6609375 0.709375 0.6890625000000001 0.7578125 0.6890625000000001
0 0.8453125 0.6546875000000002 0.7828125 0.6546875000000002 0.7828125 0.6906250000000002 0.8453125 0.6906250000000002
0 0.859375 0.6703125000000002 0.846875 0.6703125000000002 0.846875 0.6812500000000001 0.859375 0.6812500000000001
0 0.3625000000000001 0.70625 0.15625000000000008 0.70625 0.15625000000000008 0.7421875 0.3625000000000001 0.7421875
0 0.4453125000000001 0.7109375 0.4015625 0.7109375 0.4015625000000001 0.728125 0.44531250000000017 0.728125
0 0.5234375000000001 0.7046875 0.4703125 0.7046875 0.4703125000000001 0.7265625 0.5234375000000002 0.7265625
0 0.6500000000000001 0.709375 0.5578125 0.709375 0.5578125 0.7421875 0.6500000000000001 0.7421875
0 0.7500000000000001 0.7109375000000001 0.6921875 0.7109375 0.6921875000000001 0.7296875 0.7500000000000002 0.7296875000000002
0 0.828125 0.7125000000000001 0.7703125 0.7125000000000001 0.7703125000000001 0.7375000000000002 0.828125 0.7375000000000002
0 0.9078125 0.7046875000000001 0.846875 0.7046875000000001 0.846875 0.7296875000000002 0.9078125 0.7296875000000002
0 0.9171875 0.7296875000000002 0.9140625 0.7296875000000002 0.9140625 0.7328125000000002 0.9171875 0.7328125000000002
0 0.94375 0.7046875000000001 0.934375 0.7046875000000001 0.934375 0.7140625000000002 0.94375 0.7140625000000002