0 0.2765625 0.19531250000000003 0.15000000000000005 0.1953125 0.15000000000000005 0.2171875 0.2765625 0.2171875
0 0.3671875 0.19687500000000005 0.3015625 0.19687500000000005 0.3015625 0.22343750000000004 0.3671875 0.2234375000000001
0 0.45625 0.19687500000000005 0.3875 0.19687500000000005 0.3875 0.2171875000000001 0.45625 0.2171875000000001
0 0.5390625 0.2078125000000001 0.484375 0.2078125000000001 0.484375 0.2171875000000001 0.5390625 0.2171875000000001
0 0.5828125 0.2015625000000001 0.5578125 0.2015625000000001 0.5578125 0.2171875000000001 0.5828125 0.2171875000000001
0 0.6765625 0.2015625000000001 0.6 0.2015625000000001 0.6 0.2171875000000001 0.6765625 0.2171875000000001
0 0.71875 0.2015625000000001 0.7 0.2015625000000001 0.7 0.2156250000000001 0.71875 0.2156250000000001
0 0.784375 0.19687500000000008 0.7421875 0.19687500000000008 0.7421875 0.2156250000000001 0.784375 0.2156250000000001
0 0.240625 0.24375 0.14218750000000005 0.24375 0.14218750000000005 0.2640625 0.240625 0.2640625
0 0.3375 0.2515625 0.25625 0.2515625 0.25625 0.265625 0.3375 0.265625
0 0.396875 0.2500000000000001 0.3671875 0.2500000000000001 0.3671875 0.2656250000000001 0.396875 0.2656250000000001
0 0.5328125 0.24375000000000008 0.4265625 0.24375000000000008 0.4265625 0.2656250000000001 0.5328125 0.2656250000000001
0 0.54375 0.2656250000000001 0.5390625 0.2656250000000001 0.5390625 0.2734375000000001 0.54375 0.2734375000000001
0 0.6203125 0.2578125000000001 0.5578125 0.2578125000000001 0.5578125 0.2656250000000001 0.6203125 0.2656250000000001
0 0.746875 0.2453125000000001 0.6515625 0.2453125000000001 0.6515625 0.2765625000000001 0.746875 0.2765625000000001
0 0.7625 0.2671875000000001 0.7546875 0.2671875000000001 0.7546875 0.2734375000000001 0.7625 0.2734375000000001
0 0.8625 0.2453125000000001 0.775 0.2453125000000001 0.775 0.27812500000000007 0.8625 0.27812500000000007
0 0.18125000000000005 0.296875 0.14375000000000004 0.296875 0.14375000000000004 0.321875 0.18125000000000005 0.321875
0 0.3015625 0.2984375 0.2125 0.2984375 0.2125 0.3171875 0.3015625 0.3171875
0 0.3171875 0.315625 0.315625 0.315625 0.315625 0.3171875 0.3171875 0.3171875
0 0.38125 0.2984375 0.3390625 0.2984375 0.3390625 0.31562500000000004 0.38125 0.3156250000000001
0 0.4859375 0.2968750000000001 0.409375 0.2968750000000001 0.409375 0.3296875000000001 0.4859375 0.3296875000000001
0 0.540625 0.3078125000000001 0.5109375 0.3078125000000001 0.5109375 0.3156250000000001 0.540625 0.3156250000000001
0 0.5890625 0.2984375000000001 0.5625 0.2984375000000001 0.5625 0.3187500000000001 0.5890625 0.3187500000000001
0 0.759375 0.3000000000000001 0.6171875 0.3000000000000001 0.6171875 0.3187500000000001 0.759375 0.3187500000000001
0 0.81875 0.2968750000000001 0.7703125 0.2968750000000001 0.7703125 0.3187500000000001 0.81875 0.3187500000000001
0 0.33593750000000006 0.346875 0.14375000000000004 0.346875 0.14375000000000004 0.3796875 0.3359375000000001 0.3796875
0 0.4765625 0.35000000000000003 0.3578125 0.35 0.35781250000000003 0.37500000000000006 0.4765625 0.3750000000000001
0 0.559375 0.34843750000000007 0.4984375 0.34843750000000007 0.4984375 0.3671875000000001 0.559375 0.3671875000000001
0 0.6265625 0.3468750000000001 0.5828125 0.3468750000000001 0.5828125 0.3671875000000001 0.6265625 0.3671875000000001
0 0.7921875 0.3500000000000001 0.65 0.3500000000000001 0.65 0.3765625000000001 0.7921875 0.3765625000000001
0 0.85 0.34843750000000007 0.8125 0.34843750000000007 0.8125 0.3687500000000001 0.85 0.3687500000000001
0 0.2000000000000001 0.396875 0.13906250000000003 0.396875 0.13906250000000003 0.41875 0.2000000000000001 0.41875
0 0.38750000000000007 0.39531250000000007 0.2171875000000001 0.3953125 0.2171875000000001 0.41875 0.38750000000000007 0.41875
0 0.48125 0.3984375000000001 0.4125 0.3984375000000001 0.4125 0.41875 0.48125 0.41875
0 0.53125 0.4 0.5 0.4 0.5 0.41875 0.53125 0.41875
0 0.6546875 0.3984375000000001 0.553125 0.3984375000000001 0.553125 0.4203125 0.6546875 0.4203125
0 0.8 0.4015625000000001 0.6796875 0.4015625 0.6796875 0.4312500000000001 0.8 0.4312500000000002
0 0.8375 0.40937500000000016 0.81875 0.40937500000000016 0.81875 0.4203125000000002 0.8375 0.4203125000000002
0 0.2390625000000001 0.4484375 0.14375000000000004 0.4484375 0.14375000000000004 0.4796875 0.2390625000000001 0.4796875
0 0.2468750000000001 0.4671875 0.2375000000000001 0.4671875 0.2375000000000001 0.4765625 0.2468750000000001 0.4765625
0 0.3937500000000001 0.45 0.26250000000000007 0.45 0.26250000000000007 0.478125 0.3937500000000001 0.478125
0 0.496875 0.459375 0.421875 0.459375 0.421875 0.46875 0.496875 0.46875
0 0.609375 0.4484375 0.5234375 0.4484375 0.5234375 0.4671875 0.609375 0.4671875
0 0.646875 0.4609375 0.6359375 0.4609375 0.6359375 0.471875 0.646875 0.471875
0 0.76875 0.4515625000000001 0.6671875 0.4515625 0.6671875 0.4828125000000001 0.76875 0.4828125000000002
0 0.8640625 0.4515625000000002 0.7984375 0.4515625000000002 0.7984375 0.46875000000000017 0.8640625 0.46875000000000017
0 0.2921875000000001 0.4953125 0.14218750000000005 0.4953125 0.14218750000000005 0.53125 0.2921875000000001 0.53125
0 0.4734375 0.4953125 0.3296875000000001 0.4953125 0.3296875000000001 0.51875 0.4734375 0.51875
0 0.490625 0.5171875 0.4828125 0.5171875 0.4828125 0.5265625 0.490625 0.5265625
0 0.7515625 0.5015625000000001 0.50625 0.5015625 0.50625 0.5265625 0.7515625 0.5265625000000002
0 0.834375 0.5046875000000002 0.771875 0.5046875000000002 0.771875 0.5203125000000002 0.834375 0.5203125000000002
0 0.2406250000000001 0.5515625 0.1390625000000001 0.5515625 0.1390625000000001 0.571875 0.2406250000000001 0.571875
0 0.2468750000000001 0.5640625 0.2406250000000001 0.5640625 0.2406250000000001 0.571875 0.2468750000000001 0.571875
0 0.3265625000000001 0.5484375 0.26250000000000007 0.5484375 0.26250000000000007 0.5703125 0.3265625000000001 0.5703125
0 0.4546875 0.55 0.34843750000000007 0.55 0.34843750000000007 0.58125 0.4546875 0.58125
0 0.6265625 0.5484375 0.4859375 0.5484375 0.4859375 0.5703125 0.6265625 0.5703125
0 0.6390625 0.56875 0.6265625 0.56875 0.6265625 0.578125 0.6390625 0.578125
0 0.778125 0.5515625000000001 0.6546875 0.5515625 0.6546875 0.5750000000000001 0.778125 0.5750000000000002
0 0.8640625 0.5515625000000002 0.8 0.5515625000000002 0.8 0.5703125000000002 0.8640625 0.5703125000000002
0 0.32500000000000007 0.603125 0.14062500000000008 0.603125 0.14062500000000008 0.6328125 0.32500000000000007 0.6328125
0 0.3343750000000001 0.61875 0.3296875000000001 0.61875 0.3296875000000001 0.625 0.3343750000000001 0.625
0 0.3531250000000001 0.6 0.34843750000000007 0.6 0.34843750000000007 0.609375 0.3531250000000001 0.609375
0 0.421875 0.6 0.3578125000000001 0.6 0.3578125000000001 0.6171875 0.421875 0.6171875
0 0.465625 0.6 0.434375 0.6 0.434375 0.61875 0.465625 0.61875
0 0.6234375 0.6109375 0.4984375 0.6109375 0.4984375 0.63125 0.6234375 0.63125
0 0.675 0.6046875 0.65 0.6046875 0.65 0.6203125 0.675 0.6203125
0 0.8328125 0.6015625000000001 0.69375 0.6015625 0.69375 0.6296875000000001 0.8328125 0.6296875000000002
0 0.1765625000000001 0.6484375 0.1453125000000001 0.6484375 0.1453125000000001 0.675 0.1765625000000001 0.675
0 0.27031250000000007 0.659375 0.2000000000000001 0.659375 0.2000000000000001 0.671875 0.27031250000000007 0.671875
0 0.38750000000000007 0.653125 0.2968750000000001 0.653125 0.2968750000000001 0.684375 0.38750000000000007 0.684375
0 0.50625 0.6515625 0.415625 0.6515625 0.415625 0.6703125 0.50625 0.6703125
0 0.5125 0.66875 0.509375 0.66875 0.509375 0.6703125 0.5125 0.6703125
0 0.53125 0.6484375 0.525 0.6484375 0.525 0.65625 0.53125 0.65625