0 0.18281250000000004 0.2125 0.14375000000000004 0.2125 0.14375000000000004 0.2328125 0.18281250000000004 0.2328125
0 0.21875 0.2140625 0.203125 0.2140625 0.203125 0.2296875 0.21875 0.2296875
0 0.2828125 0.2140625 0.246875 0.2140625 0.246875 0.23125 0.2828125 0.23125
0 0.328125 0.2125 0.3078125 0.2125 0.3078125 0.23125 0.328125 0.23125
0 0.3671875 0.21250000000000005 0.346875 0.2125 0.346875 0.23125000000000004 0.3671875 0.2312500000000001
0 0.49375 0.2140625000000001 0.3890625 0.2140625000000001 0.3890625 0.2312500000000001 0.49375 0.2312500000000001
0 0.5421875 0.2171875000000001 0.5125 0.2171875000000001 0.5125 0.23437500000000008 0.5421875 0.23437500000000008
0 0.55 0.2328125000000001 0.5421875 0.2328125000000001 0.5421875 0.24218750000000008 0.55 0.24218750000000008
0 0.6015625 0.2156250000000001 0.575 0.2156250000000001 0.575 0.23593750000000008 0.6015625 0.23593750000000008
0 0.6640625 0.2234375000000001 0.615625 0.2234375000000001 0.615625 0.2328125000000001 0.6640625 0.2328125000000001
0 0.7375 0.2171875000000001 0.6828125 0.2171875000000001 0.6828125 0.24375000000000008 0.7375 0.24375000000000008
0 0.746875 0.2296875000000001 0.740625 0.2296875000000001 0.740625 0.2390625000000001 0.746875 0.2390625000000001
0 0.7828125 0.22031250000000008 0.7671875 0.22031250000000008 0.7671875 0.23437500000000008 0.7828125 0.23437500000000008
0 0.83125 0.2171875000000001 0.8 0.2171875000000001 0.8 0.2312500000000001 0.83125 0.2312500000000001
0 0.19843750000000004 0.2625 0.13750000000000004 0.2625 0.13750000000000004 0.2796875 0.19843750000000004 0.2796875
0 0.2140625 0.278125 0.2078125 0.278125 0.2078125 0.2875 0.2140625 0.2875
0 0.2546875 0.2765625 0.23125 0.2765625 0.23125 0.2828125 0.2546875 0.2828125
0 0.321875 0.2734375 0.275 0.2734375 0.275 0.28125 0.321875 0.28125
0 0.3703125 0.26562500000000006 0.3421875 0.265625 0.3421875 0.2828125 0.3703125 0.2828125000000001
0 0.43125 0.2656250000000001 0.384375 0.2656250000000001 0.384375 0.2828125000000001 0.43125 0.2828125000000001
0 0.5140625 0.2656250000000001 0.4546875 0.2656250000000001 0.4546875 0.28593750000000007 0.5140625 0.28593750000000007
0 0.56875 0.2671875000000001 0.5421875 0.2671875000000001 0.5421875 0.2890625000000001 0.56875 0.2890625000000001
0 0.6265625 0.2656250000000001 0.5859375 0.2656250000000001 0.5859375 0.2812500000000001 0.6265625 0.2812500000000001
0 0.696875 0.2671875000000001 0.6484375 0.2671875000000001 0.6484375 0.2828125000000001 0.696875 0.2828125000000001
0 0.85625 0.2687500000000001 0.721875 0.2687500000000001 0.721875 0.28593750000000007 0.85625 0.28593750000000007
0 0.8625 0.2828125000000001 0.859375 0.2828125000000001 0.859375 0.28593750000000007 0.8625 0.28593750000000007
0 0.16562500000000005 0.315625 0.14375000000000004 0.315625 0.14375000000000004 0.33125 0.16562500000000005 0.33125
0 0.2265625 0.315625 0.18125000000000005 0.315625 0.18125000000000005 0.3421875 0.2265625 0.3421875
0 0.278125 0.325 0.259375 0.325 0.259375 0.334375 0.278125 0.334375
0 0.3640625 0.31718750000000007 0.3078125 0.3171875 0.3078125 0.33281250000000007 0.3640625 0.33281250000000007
0 0.371875 0.33281250000000007 0.365625 0.33281250000000007 0.365625 0.34062500000000007 0.371875 0.34062500000000007
0 0.44375 0.3187500000000001 0.3921875 0.3187500000000001 0.3921875 0.3343750000000001 0.44375 0.3343750000000001
0 0.546875 0.3156250000000001 0.4609375 0.3156250000000001 0.4609375 0.3453125000000001 0.546875 0.3453125000000001
0 0.6578125 0.3140625000000001 0.5734375 0.3140625000000001 0.5734375 0.3343750000000001 0.6578125 0.3343750000000001
0 0.7515625 0.3187500000000001 0.675 0.3187500000000001 0.675 0.3375000000000001 0.7515625 0.3375000000000001
0 0.7859375 0.3187500000000001 0.771875 0.3187500000000001 0.771875 0.3343750000000001 0.7859375 0.3343750000000001
0 0.8203125 0.3203125000000001 0.8 0.3203125000000001 0.8 0.3359375000000001 0.8203125 0.3359375000000001
0 0.16093750000000004 0.3703125 0.14218750000000005 0.3703125 0.14218750000000005 0.3796875 0.16093750000000004 0.3796875
0 0.2250000000000001 0.3640625 0.19375000000000003 0.3640625 0.19375000000000003 0.3796875 0.2250000000000001 0.3796875
0 0.31718750000000007 0.36875 0.2640625000000001 0.36875 0.2640625000000001 0.3890625 0.31718750000000007 0.3890625
0 0.3609375000000001 0.365625 0.3343750000000001 0.365625 0.3343750000000001 0.3859375 0.3609375000000001 0.3859375
0 0.4359375 0.3671875000000001 0.3843750000000001 0.3671875000000001 0.3843750000000001 0.3843750000000001 0.4359375 0.3843750000000001
0 0.4484375 0.3843750000000001 0.44375 0.3843750000000001 0.44375 0.3906250000000001 0.4484375 0.3906250000000001
0 0.5046875 0.3671875000000001 0.46875 0.3671875000000001 0.46875 0.3843750000000001 0.5046875 0.3843750000000001
0 0.565625 0.3765625000000001 0.5234375 0.3765625000000001 0.5234375 0.3859375000000001 0.565625 0.3859375000000001
0 0.6625 0.3671875000000001 0.5875 0.3671875000000001 0.5875 0.3828125000000001 0.6625 0.3828125000000001
0 0.7609375 0.3671875000000001 0.684375 0.3671875000000001 0.684375 0.3828125000000001 0.7609375 0.3828125000000001
0 0.85625 0.3703125000000001 0.78125 0.3703125000000001 0.78125 0.3859375000000001 0.85625 0.3859375000000001
0 0.21875000000000008 0.4125 0.14687500000000003 0.4125 0.14687500000000003 0.4328125 0.21875000000000008 0.4328125
0 0.2765625000000001 0.4234375 0.2531250000000001 0.4234375 0.2531250000000001 0.4328125 0.2765625000000001 0.4328125
0 0.4625 0.4171875 0.30937500000000007 0.4171875 0.30937500000000007 0.446875 0.4625 0.446875
0 0.521875 0.415625 0.4828125 0.415625 0.4828125 0.434375 0.521875 0.434375
0 0.58125 0.4171875 0.540625 0.4171875 0.540625 0.4375 0.58125 0.4375
0 0.6703125 0.415625 0.596875 0.415625 0.596875 0.45 0.6703125 0.45
0 0.7046875 0.421875 0.6875 0.421875 0.6875 0.4359375 0.7046875 0.4359375
0 0.746875 0.4234375000000001 0.725 0.4234375 0.725 0.4359375000000001 0.746875 0.4359375000000002
0 0.8203125 0.4203125000000002 0.759375 0.4203125000000002 0.759375 0.4359375000000002 0.8203125 0.4359375000000002
0 0.828125 0.4359375000000002 0.825 0.4359375000000002 0.825 0.43750000000000017 0.828125 0.43750000000000017