0 0.18593750000000003 0.19062500000000002 0.13750000000000004 0.190625 0.13750000000000004 0.2171875 0.18593750000000003 0.2171875
0 0.2328125 0.19375000000000003 0.2125 0.19375000000000003 0.2125 0.2140625 0.2328125 0.2140625
0 0.328125 0.19375000000000003 0.2671875 0.19375000000000003 0.2671875 0.2171875 0.328125 0.2171875
0 0.3875 0.19218750000000004 0.359375 0.19218750000000004 0.359375 0.21875000000000006 0.3875 0.21875000000000008
0 0.4453125 0.19062500000000004 0.4125 0.19062500000000004 0.4125 0.2156250000000001 0.4453125 0.2156250000000001
0 0.6140625 0.19062500000000007 0.475 0.19062500000000004 0.475 0.22031250000000008 0.6140625 0.22031250000000008
0 0.6703125 0.1906250000000001 0.634375 0.1906250000000001 0.634375 0.2156250000000001 0.6703125 0.2156250000000001
0 0.6875 0.21093750000000008 0.6859375 0.21093750000000008 0.6859375 0.2234375000000001 0.6875 0.2234375000000001
0 0.7578125 0.1906250000000001 0.7171875 0.1906250000000001 0.7171875 0.2250000000000001 0.7578125 0.2250000000000001
0 0.8453125 0.2000000000000001 0.784375 0.2000000000000001 0.784375 0.22031250000000008 0.8453125 0.22031250000000008
0 0.240625 0.240625 0.14062500000000006 0.240625 0.14062500000000006 0.278125 0.240625 0.278125
0 0.2640625 0.2640625 0.2609375 0.2640625 0.2609375 0.275 0.2640625 0.275
0 0.3171875 0.2484375 0.290625 0.2484375 0.290625 0.26875 0.3171875 0.26875
0 0.3984375 0.24687500000000004 0.353125 0.246875 0.353125 0.27187500000000003 0.3984375 0.2718750000000001
0 0.5078125 0.2515625000000001 0.428125 0.2515625000000001 0.428125 0.2734375000000001 0.5078125 0.2734375000000001
0 0.521875 0.2656250000000001 0.51875 0.2656250000000001 0.51875 0.2765625000000001 0.521875 0.2765625000000001
0 0.575 0.25468750000000007 0.5421875 0.25468750000000007 0.5421875 0.2687500000000001 0.575 0.2687500000000001
0 0.6703125 0.2531250000000001 0.6 0.2531250000000001 0.6 0.2656250000000001 0.6703125 0.2656250000000001
0 0.7421875 0.2406250000000001 0.6921875 0.2406250000000001 0.6921875 0.2640625000000001 0.7421875 0.2640625000000001
0 0.828125 0.2453125000000001 0.7640625 0.2453125000000001 0.7640625 0.2671875000000001 0.828125 0.2671875000000001
0 0.2296875 0.290625 0.14375000000000004 0.290625 0.14375000000000004 0.321875 0.2296875 0.321875
0 0.3171875 0.29375 0.26875 0.29375 0.26875 0.325 0.3171875 0.325
0 0.396875 0.290625 0.340625 0.290625 0.340625 0.321875 0.396875 0.3218750000000001
0 0.4890625 0.2953125000000001 0.425 0.2953125000000001 0.425 0.3187500000000001 0.4890625 0.3187500000000001
0 0.703125 0.2921875000000001 0.521875 0.2921875000000001 0.521875 0.3203125000000001 0.703125 0.3203125000000001
0 0.7203125 0.3140625000000001 0.7171875 0.3140625000000001 0.7171875 0.31718750000000007 0.7203125 0.31718750000000007
0 0.771875 0.29375000000000007 0.734375 0.29375000000000007 0.734375 0.3218750000000001 0.771875 0.3218750000000001
0 0.8671875 0.2984375000000001 0.7859375 0.2984375000000001 0.7859375 0.32500000000000007 0.8671875 0.32500000000000007
0 0.17343750000000005 0.35 0.14687500000000003 0.35 0.14687500000000003 0.365625 0.17343750000000005 0.365625
0 0.28125000000000006 0.3484375 0.2125 0.3484375 0.21250000000000005 0.36875 0.2812500000000001 0.36875
0 0.29687500000000006 0.3625 0.2890625 0.3625 0.28906250000000006 0.3734375 0.2968750000000001 0.3734375
0 0.3921875 0.34375000000000006 0.3140625 0.34375 0.3140625 0.36718750000000006 0.3921875000000001 0.3671875000000001
0 0.5546875 0.3468750000000001 0.4265625 0.3468750000000001 0.4265625 0.3781250000000001 0.5546875 0.3781250000000001
0 0.703125 0.3421875000000001 0.58125 0.3421875000000001 0.58125 0.3687500000000001 0.703125 0.3687500000000001
0 0.840625 0.3421875000000001 0.7265625 0.3421875000000001 0.7265625 0.3734375000000001 0.840625 0.3734375000000001
0 0.16406250000000006 0.3890625 0.14062500000000006 0.3890625 0.14062500000000006 0.415625 0.16406250000000006 0.415625
0 0.2250000000000001 0.3890625 0.19531250000000006 0.3890625 0.19531250000000006 0.4140625 0.2250000000000001 0.4140625
0 0.2796875000000001 0.4046875 0.2515625000000001 0.4046875 0.2515625000000001 0.4171875 0.2796875000000001 0.4171875
0 0.3656250000000001 0.39375000000000004 0.3031250000000001 0.39375 0.3031250000000001 0.4171875 0.3656250000000001 0.4171875
0 0.4796875 0.4 0.4 0.4 0.4 0.4328125 0.4796875 0.4328125
0 0.5375 0.3984375000000001 0.5046875 0.3984375000000001 0.5046875 0.425 0.5375 0.425
0 0.671875 0.4 0.56875 0.4 0.56875 0.421875 0.671875 0.421875
0 0.6859375 0.41875 0.678125 0.41875 0.678125 0.4296875 0.6859375 0.4296875
0 0.765625 0.39531250000000007 0.7109375 0.39531250000000007 0.7109375 0.4218750000000001 0.765625 0.42187500000000017
0 0.8609375 0.4078125000000002 0.79375 0.4078125000000002 0.79375 0.4203125000000002 0.8609375 0.4203125000000002
0 0.2812500000000001 0.4484375 0.14531250000000004 0.4484375 0.14531250000000004 0.471875 0.2812500000000001 0.471875
0 0.45625 0.4515625 0.31718750000000007 0.4515625 0.31718750000000007 0.471875 0.45625 0.471875
0 0.6203125 0.4484375 0.4859375 0.4484375 0.4859375 0.4703125 0.6203125 0.4703125
0 0.7515625 0.4453125000000001 0.653125 0.4453125 0.653125 0.4687500000000001 0.7515625 0.46875000000000017
0 0.821875 0.45625000000000016 0.790625 0.45625000000000016 0.790625 0.46875000000000017 0.821875 0.46875000000000017
0 0.36406250000000007 0.496875 0.14531250000000004 0.496875 0.14531250000000004 0.5328125 0.36406250000000007 0.5328125
0 0.4390625 0.49375 0.37968750000000007 0.49375 0.37968750000000007 0.521875 0.4390625 0.521875
0 0.5390625 0.49375 0.46875 0.49375 0.46875 0.51875 0.5390625 0.51875
0 0.7046875 0.4953125 0.5734375 0.4953125 0.5734375 0.5296875 0.7046875 0.5296875
0 0.765625 0.5000000000000002 0.734375 0.5000000000000002 0.734375 0.5218750000000002 0.765625 0.5218750000000002
0 0.1921875000000001 0.5453125 0.1437500000000001 0.5453125 0.1437500000000001 0.571875 0.1921875000000001 0.571875
0 0.3203125000000001 0.5484375 0.2312500000000001 0.5484375 0.2312500000000001 0.571875 0.3203125000000001 0.571875
0 0.3421875000000001 0.565625 0.34062500000000007 0.565625 0.34062500000000007 0.5671875 0.3421875000000001 0.5671875