0 0.2140625 0.19843750000000002 0.17968750000000006 0.1984375 0.17968750000000006 0.23125 0.2140625 0.23125
0 0.284375 0.19687500000000005 0.2390625 0.19687500000000005 0.2390625 0.2203125 0.284375 0.2203125
0 0.3765625 0.19843750000000004 0.3046875 0.19843750000000004 0.3046875 0.21875000000000006 0.3765625 0.21875000000000008
0 0.43125 0.19687500000000005 0.3875 0.19687500000000005 0.3875 0.22812500000000008 0.43125 0.22812500000000008
0 0.496875 0.19843750000000004 0.44375 0.19843750000000004 0.44375 0.2218750000000001 0.496875 0.2218750000000001
0 0.6390625 0.19531250000000006 0.5109375 0.19531250000000006 0.5109375 0.22031250000000008 0.6390625 0.22031250000000008
0 0.6921875 0.19687500000000008 0.6515625 0.19687500000000008 0.6515625 0.21875000000000008 0.6921875 0.21875000000000008
0 0.796875 0.19531250000000008 0.7078125 0.19531250000000008 0.7078125 0.21875000000000008 0.796875 0.21875000000000008
0 0.359375 0.2453125 0.18125000000000005 0.2453125 0.18125000000000005 0.284375 0.359375 0.284375
0 0.4203125 0.25468750000000007 0.371875 0.25468750000000007 0.371875 0.2687500000000001 0.4203125 0.2687500000000001
0 0.5515625 0.24375000000000008 0.4375 0.24375000000000008 0.4375 0.27812500000000007 0.5515625 0.27812500000000007
0 0.5625 0.2656250000000001 0.5578125 0.2656250000000001 0.5578125 0.2687500000000001 0.5625 0.2687500000000001
0 0.628125 0.2453125000000001 0.5875 0.2453125000000001 0.5875 0.2671875000000001 0.628125 0.2671875000000001
0 0.73125 0.24375000000000008 0.64375 0.24375000000000008 0.64375 0.2671875000000001 0.73125 0.2671875000000001
0 0.884375 0.2468750000000001 0.7390625 0.2468750000000001 0.7390625 0.2828125000000001 0.884375 0.2828125000000001
0 0.2625 0.296875 0.17343750000000005 0.296875 0.17343750000000005 0.3203125 0.2625 0.3203125
0 0.31875 0.296875 0.278125 0.296875 0.278125 0.3203125 0.31875 0.3203125
0 0.5109375 0.2984375 0.353125 0.2984375 0.353125 0.33906250000000004 0.5109375 0.3390625000000001
0 0.5609375 0.2984375000000001 0.50625 0.2984375000000001 0.50625 0.3203125000000001 0.5609375 0.3203125000000001
0 0.6 0.3062500000000001 0.55625 0.3062500000000001 0.55625 0.3187500000000001 0.6 0.3187500000000001
0 0.71875 0.3000000000000001 0.6046875 0.3000000000000001 0.6046875 0.3203125000000001 0.71875 0.3203125000000001
0 0.7671875 0.3078125000000001 0.725 0.3078125000000001 0.725 0.3203125000000001 0.7671875 0.3203125000000001
0 0.84375 0.3000000000000001 0.7875 0.3000000000000001 0.7875 0.3203125000000001 0.84375 0.3203125000000001
0 0.29531250000000003 0.346875 0.17500000000000004 0.346875 0.17500000000000004 0.371875 0.2953125000000001 0.371875
0 0.5140625 0.34687500000000004 0.315625 0.346875 0.31562500000000004 0.38281250000000006 0.5140625 0.3828125000000001
0 0.6046875 0.34843750000000007 0.5296875 0.34843750000000007 0.5296875 0.37187500000000007 0.6046875 0.37187500000000007
0 0.68125 0.3500000000000001 0.6296875 0.3500000000000001 0.6296875 0.37187500000000007 0.68125 0.37187500000000007
0 0.8078125 0.3546875000000001 0.690625 0.3546875000000001 0.690625 0.3906250000000001 0.8078125 0.3906250000000001
0 0.33281250000000007 0.396875 0.17187500000000006 0.396875 0.17187500000000006 0.4375 0.33281250000000007 0.4375
0 0.3593750000000001 0.4203125 0.35625000000000007 0.4203125 0.35625000000000007 0.4234375 0.3593750000000001 0.4234375
0 0.409375 0.39531250000000007 0.4 0.39531250000000007 0.4 0.403125 0.409375 0.403125
0 0.4453125 0.39531250000000007 0.3968750000000001 0.39531250000000007 0.3968750000000001 0.41875 0.4453125 0.41875
0 0.559375 0.3984375000000001 0.4609375 0.3984375000000001 0.4609375 0.421875 0.559375 0.421875
0 0.5765625 0.3968750000000001 0.5640625 0.3968750000000001 0.5640625 0.4046875 0.5765625 0.4046875
0 0.5875 0.4171875 0.5734375 0.4171875 0.5734375 0.4265625 0.5875 0.4265625
0 0.6453125 0.4 0.6015625 0.4 0.6015625 0.4234375 0.6453125 0.4234375
0 0.8046875 0.39531250000000007 0.6671875 0.39531250000000007 0.6671875 0.4218750000000001 0.8046875 0.42187500000000017
0 0.775 0.41718750000000016 0.7609375 0.41718750000000016 0.7609375 0.4281250000000002 0.775 0.4281250000000002
0 0.8359375 0.40625000000000017 0.7953125 0.40625000000000017 0.7953125 0.4187500000000002 0.8359375 0.4187500000000002
0 0.8359375 0.3984375000000001 0.8328125 0.3984375000000001 0.8328125 0.40156250000000016 0.8359375 0.40156250000000016
0 0.3156250000000001 0.4453125 0.16406250000000006 0.4453125 0.16406250000000006 0.4734375 0.3156250000000001 0.4734375
0 0.3343750000000001 0.4671875 0.3234375000000001 0.4671875 0.3234375000000001 0.478125 0.3343750000000001 0.478125
0 0.484375 0.4484375 0.35625000000000007 0.4484375 0.35625000000000007 0.471875 0.484375 0.471875
0 0.5359375 0.45 0.49375 0.45 0.49375 0.4734375 0.5359375 0.4734375
0 0.5859375 0.4578125 0.553125 0.4578125 0.553125 0.4734375 0.5859375 0.4734375
0 0.709375 0.446875 0.5703125 0.446875 0.5703125 0.4890625 0.709375 0.4890625
0 0.86875 0.4531250000000001 0.715625 0.453125 0.715625 0.4765625000000001 0.86875 0.47656250000000017
0 0.86875 0.4703125000000002 0.865625 0.4703125000000002 0.865625 0.47187500000000016 0.86875 0.47187500000000016
0 0.34843750000000007 0.496875 0.16562500000000005 0.496875 0.16562500000000005 0.525 0.34843750000000007 0.525
0 0.509375 0.50625 0.3921875000000001 0.50625 0.3921875000000001 0.5234375 0.509375 0.5234375
0 0.5734375 0.496875 0.5265625 0.496875 0.5265625 0.5203125 0.5734375 0.5203125
0 0.6171875 0.496875 0.58125 0.496875 0.58125 0.5203125 0.6171875 0.5203125
0 0.7515625 0.49687500000000007 0.640625 0.496875 0.640625 0.5234375000000001 0.7515625 0.5234375000000002
0 0.7640625 0.5125000000000002 0.73125 0.5125000000000002 0.73125 0.5296875000000002 0.7640625 0.5296875000000002
0 0.8296875 0.4984375000000002 0.778125 0.4984375000000002 0.778125 0.5218750000000002 0.8296875 0.5218750000000002
0 0.2140625000000001 0.553125 0.16562500000000008 0.553125 0.16562500000000008 0.5734375 0.2140625000000001 0.5734375
0 0.3453125000000001 0.55 0.2234375000000001 0.55 0.2234375000000001 0.590625 0.3453125000000001 0.590625
0 0.4484375 0.55 0.3750000000000001 0.55 0.3750000000000001 0.571875 0.4484375 0.571875
0 0.5546875 0.5484375 0.4546875 0.5484375 0.4546875 0.5828125 0.5546875 0.5828125
0 0.575 0.56875 0.546875 0.56875 0.546875 0.571875 0.575 0.571875
0 0.665625 0.55 0.6171875 0.55 0.6171875 0.5734375 0.665625 0.5734375
0 0.734375 0.55 0.6453125 0.55 0.6453125 0.5718750000000001 0.734375 0.5718750000000001
0 0.7703125 0.5562500000000001 0.740625 0.5562500000000001 0.740625 0.5718750000000001 0.7703125 0.5718750000000001
0 0.8640625 0.5562500000000001 0.76875 0.5562500000000001 0.76875 0.5875000000000001 0.8640625 0.5875000000000001
0 0.8625 0.5703125000000002 0.85 0.5703125000000002 0.85 0.5781250000000002 0.8625 0.5781250000000002
0 0.2718750000000001 0.596875 0.1593750000000001 0.596875 0.1593750000000001 0.6390625 0.2718750000000001 0.6390625
0 0.415625 0.5984375 0.2953125000000001 0.5984375 0.2953125000000001 0.634375 0.415625 0.634375
0 0.440625 0.61875 0.4265625 0.61875 0.4265625 0.6296875 0.440625 0.6296875
0 0.559375 0.603125 0.453125 0.603125 0.453125 0.621875 0.559375 0.621875
0 0.71875 0.596875 0.5859375 0.596875 0.5859375 0.6234375 0.71875 0.6234375
0 0.7515625 0.6062500000000001 0.721875 0.60625 0.721875 0.6218750000000001 0.7515625 0.6218750000000002
0 0.8640625 0.5953125000000001 0.759375 0.5953125000000001 0.759375 0.6390625000000002 0.8640625 0.6390625000000002
0 0.2484375000000001 0.6453125 0.1625000000000001 0.6453125 0.1625000000000001 0.6734375 0.2484375000000001 0.6734375
0 0.2468750000000001 0.671875 0.2453125000000001 0.671875 0.2453125000000001 0.671875 0.2468750000000001 0.671875
0 0.3500000000000001 0.653125 0.2906250000000001 0.653125 0.2906250000000001 0.675 0.3500000000000001 0.675
0 0.4609375 0.6515625 0.3656250000000001 0.6515625 0.3656250000000001 0.675 0.4609375 0.675
0 0.4671875 0.671875 0.4546875 0.671875 0.4546875 0.678125 0.4671875 0.678125
0 0.6171875 0.659375 0.515625 0.659375 0.515625 0.6890625 0.6171875 0.6890625
0 0.821875 0.6500000000000001 0.6375 0.65 0.6375 0.675 0.821875 0.6750000000000002
0 0.2484375000000001 0.7109375 0.15781250000000008 0.7109375 0.15781250000000008 0.7265625 0.2484375000000001 0.7265625
0 0.36406250000000007 0.7109375 0.2812500000000001 0.7109375 0.2812500000000001 0.725 0.36406250000000007 0.725
0 0.41875 0.709375 0.3890625000000001 0.709375 0.3890625000000001 0.721875 0.41875 0.721875
0 0.55 0.6953125 0.4171875 0.6953125 0.4171875000000001 0.734375 0.5500000000000002 0.734375
0 0.5578125 0.7125 0.5484375 0.7125 0.5484375 0.7234375 0.5578125 0.7234375
0 0.66875 0.6984375 0.5828125 0.6984375 0.5828125 0.7234375 0.66875 0.7234375
0 0.7578125 0.6984375 0.69375 0.6984375 0.69375 0.7250000000000001 0.7578125 0.7250000000000002
0 0.896875 0.6953125000000002 0.759375 0.6953125000000002 0.7593750000000001 0.7359375000000001 0.896875 0.7359375000000001