0 0.15937500000000004 0.2046875 0.14062500000000006 0.2046875 0.14062500000000006 0.228125 0.15937500000000004 0.228125
0 0.278125 0.209375 0.18125000000000005 0.209375 0.18125000000000005 0.234375 0.278125 0.234375
0 0.328125 0.2078125 0.2921875 0.2078125 0.2921875 0.234375 0.328125 0.234375
0 0.3984375 0.20937500000000003 0.3390625 0.209375 0.3390625 0.23750000000000004 0.3984375 0.2375000000000001
0 0.4078125 0.21093750000000008 0.4015625 0.21093750000000008 0.4015625 0.22656250000000008 0.4078125 0.22656250000000008
0 0.428125 0.2250000000000001 0.4125 0.2250000000000001 0.4125 0.22656250000000008 0.428125 0.22656250000000008
0 0.4578125 0.2093750000000001 0.4421875 0.2093750000000001 0.4421875 0.22656250000000008 0.4578125 0.22656250000000008
0 0.4890625 0.2171875000000001 0.46875 0.2171875000000001 0.46875 0.22656250000000008 0.4890625 0.22656250000000008
0 0.590625 0.2093750000000001 0.5015625 0.2093750000000001 0.5015625 0.2312500000000001 0.590625 0.2312500000000001
0 0.6546875 0.2093750000000001 0.603125 0.2093750000000001 0.603125 0.22656250000000008 0.6546875 0.22656250000000008
0 0.671875 0.21250000000000008 0.665625 0.21250000000000008 0.665625 0.22812500000000008 0.671875 0.22812500000000008
0 0.7328125 0.21093750000000008 0.6828125 0.21093750000000008 0.6828125 0.2250000000000001 0.7328125 0.2250000000000001
0 0.771875 0.2171875000000001 0.74375 0.2171875000000001 0.74375 0.22656250000000008 0.771875 0.22656250000000008
0 0.86875 0.2078125000000001 0.7875 0.2078125000000001 0.7875 0.22656250000000008 0.86875 0.22656250000000008
0 0.18906250000000005 0.259375 0.14375000000000004 0.259375 0.14375000000000004 0.275 0.18906250000000005 0.275
0 0.2203125 0.2625 0.2046875 0.2625 0.2046875 0.2765625 0.2203125 0.2765625
0 0.3203125 0.2625 0.234375 0.2625 0.234375 0.284375 0.3203125 0.284375
0 0.3671875 0.259375 0.334375 0.259375 0.334375 0.27656250000000004 0.3671875 0.2765625000000001
0 0.41875 0.2593750000000001 0.378125 0.2593750000000001 0.378125 0.2765625000000001 0.41875 0.2765625000000001
0 0.4890625 0.2593750000000001 0.43125 0.2593750000000001 0.43125 0.2765625000000001 0.4890625 0.2765625000000001
0 0.5265625 0.26250000000000007 0.4984375 0.26250000000000007 0.4984375 0.27812500000000007 0.5265625 0.27812500000000007
0 0.64375 0.2609375000000001 0.5375 0.2609375000000001 0.5375 0.27812500000000007 0.64375 0.27812500000000007
0 0.70625 0.2593750000000001 0.6546875 0.2593750000000001 0.6546875 0.2796875000000001 0.70625 0.2796875000000001
0 0.7609375 0.2671875000000001 0.7140625 0.2671875000000001 0.7140625 0.27812500000000007 0.7609375 0.27812500000000007
0 0.8140625 0.2656250000000001 0.7703125 0.2656250000000001 0.7703125 0.2750000000000001 0.8140625 0.2750000000000001
0 0.825 0.2734375000000001 0.821875 0.2734375000000001 0.821875 0.2750000000000001 0.825 0.2750000000000001
0 0.19218750000000004 0.309375 0.13750000000000004 0.309375 0.13750000000000004 0.3296875 0.19218750000000004 0.3296875
0 0.2328125 0.3109375 0.2078125 0.3109375 0.2078125 0.3265625 0.2328125 0.3265625
0 0.284375 0.309375 0.2453125 0.309375 0.2453125 0.328125 0.284375 0.328125
0 0.3328125 0.315625 0.2984375 0.315625 0.2984375 0.3296875 0.3328125 0.3296875
0 0.378125 0.31875000000000003 0.340625 0.31875 0.340625 0.32812500000000006 0.378125 0.3281250000000001
0 0.4375 0.3109375000000001 0.3875 0.3109375000000001 0.3875 0.3265625000000001 0.4375 0.3265625000000001
0 0.4765625 0.3125000000000001 0.45 0.3125000000000001 0.45 0.3343750000000001 0.4765625 0.3343750000000001
0 0.584375 0.3140625000000001 0.4859375 0.3140625000000001 0.4859375 0.3390625000000001 0.584375 0.3390625000000001
0 0.59375 0.3265625000000001 0.590625 0.3265625000000001 0.590625 0.3281250000000001 0.59375 0.3281250000000001
0 0.6 0.3125000000000001 0.596875 0.3125000000000001 0.596875 0.3187500000000001 0.6 0.3187500000000001
0 0.6796875 0.3109375000000001 0.615625 0.3109375000000001 0.615625 0.3265625000000001 0.6796875 0.3265625000000001
0 0.7109375 0.30937500000000007 0.6890625 0.30937500000000007 0.6890625 0.3265625000000001 0.7109375 0.3265625000000001
0 0.7609375 0.31718750000000007 0.721875 0.31718750000000007 0.721875 0.3265625000000001 0.7609375 0.3265625000000001
0 0.23281250000000003 0.3625 0.14218750000000005 0.3625 0.14218750000000005 0.3859375 0.2328125000000001 0.3859375
0 0.28593750000000007 0.3609375 0.2421875 0.3609375 0.24218750000000006 0.3796875 0.28593750000000007 0.3796875
0 0.35468750000000004 0.3625 0.296875 0.3625 0.29687500000000006 0.3796875 0.3546875000000001 0.3796875
0 0.3921875 0.3625000000000001 0.3640625 0.3625000000000001 0.36406250000000007 0.3781250000000001 0.3921875000000001 0.3781250000000001
0 0.4671875 0.3609375000000001 0.403125 0.3609375000000001 0.403125 0.3781250000000001 0.4671875 0.3781250000000001
0 0.5046875 0.3625000000000001 0.478125 0.3625000000000001 0.478125 0.3843750000000001 0.5046875 0.3843750000000001
0 0.5515625 0.36406250000000007 0.5140625 0.36406250000000007 0.5140625 0.37968750000000007 0.5515625 0.37968750000000007
0 0.6015625 0.3625000000000001 0.5625 0.3625000000000001 0.5625 0.3890625000000001 0.6015625 0.3890625000000001
0 0.6375 0.36406250000000007 0.6125 0.36406250000000007 0.6125 0.38750000000000007 0.6375 0.38750000000000007
0 0.6859375 0.36406250000000007 0.6484375 0.36406250000000007 0.6484375 0.37968750000000007 0.6859375 0.37968750000000007
0 0.765625 0.3625000000000001 0.696875 0.3625000000000001 0.696875 0.38750000000000007 0.765625 0.38750000000000007
0 0.775 0.3750000000000001 0.771875 0.3750000000000001 0.771875 0.3812500000000001 0.775 0.3812500000000001
0 0.8359375 0.3625000000000001 0.784375 0.3625000000000001 0.784375 0.37968750000000007 0.8359375 0.37968750000000007
0 0.18281250000000004 0.4109375 0.14531250000000004 0.4109375 0.14531250000000004 0.428125 0.18281250000000004 0.428125
0 0.31718750000000007 0.4140625 0.19843750000000004 0.4140625 0.19843750000000004 0.4375 0.31718750000000007 0.4375
0 0.465625 0.4140625 0.3281250000000001 0.4140625 0.3281250000000001 0.434375 0.465625 0.434375
0 0.5046875 0.4140625 0.4765625 0.4140625 0.4765625 0.440625 0.5046875 0.440625
0 0.5515625 0.4140625 0.515625 0.4140625 0.515625 0.43125 0.5515625 0.43125
0 0.703125 0.4140625 0.5640625 0.4140625 0.5640625 0.4375 0.703125 0.4375
0 0.7515625 0.4125000000000001 0.715625 0.4125 0.715625 0.4359375000000001 0.7515625 0.4359375000000002
0 0.7984375 0.41406250000000017 0.7625 0.41406250000000017 0.7625 0.4281250000000002 0.7984375 0.4281250000000002
0 0.20468750000000008 0.4609375 0.13906250000000003 0.4609375 0.13906250000000003 0.478125 0.20468750000000008 0.478125
0 0.2468750000000001 0.4640625 0.21875000000000008 0.4640625 0.21875000000000008 0.4890625 0.2468750000000001 0.4890625
0 0.4 0.4640625 0.2640625000000001 0.4640625 0.2640625000000001 0.490625 0.4 0.490625
0 0.409375 0.4765625 0.40625 0.4765625 0.40625 0.478125 0.409375 0.478125