0 0.14687500000000003 0.1859375 0.13125000000000003 0.1859375 0.13125000000000003 0.2015625 0.14687500000000003 0.2015625
0 0.2546875 0.18750000000000003 0.16250000000000003 0.1875 0.16250000000000003 0.209375 0.2546875 0.209375
0 0.303125 0.18593750000000003 0.265625 0.18593750000000003 0.265625 0.2078125 0.303125 0.2078125
0 0.3703125 0.18593750000000003 0.3140625 0.18593750000000003 0.3140625 0.21093750000000006 0.3703125 0.21093750000000008
0 0.3796875 0.18750000000000006 0.375 0.18750000000000006 0.375 0.20468750000000008 0.3796875 0.20468750000000008
0 0.4046875 0.2015625000000001 0.3875 0.2015625000000001 0.3875 0.2062500000000001 0.4046875 0.2062500000000001
0 0.440625 0.18593750000000003 0.4140625 0.18593750000000003 0.4140625 0.20468750000000008 0.440625 0.20468750000000008
0 0.471875 0.19687500000000005 0.446875 0.19687500000000005 0.446875 0.2062500000000001 0.471875 0.2062500000000001
0 0.5734375 0.18750000000000006 0.484375 0.18750000000000006 0.484375 0.21250000000000008 0.5734375 0.21250000000000008
0 0.634375 0.18906250000000008 0.5875 0.18906250000000008 0.5875 0.2062500000000001 0.634375 0.2062500000000001
0 0.6640625 0.1937500000000001 0.65 0.1937500000000001 0.65 0.2062500000000001 0.6640625 0.2062500000000001
0 0.71875 0.18906250000000008 0.6734375 0.18906250000000008 0.6734375 0.2078125000000001 0.71875 0.2078125000000001
0 0.7640625 0.19687500000000008 0.734375 0.19687500000000008 0.734375 0.2078125000000001 0.7640625 0.2078125000000001
0 0.8484375 0.18750000000000008 0.7828125 0.18750000000000008 0.7828125 0.2078125000000001 0.8484375 0.2078125000000001
0 0.18281250000000004 0.234375 0.13125000000000003 0.234375 0.13125000000000003 0.2546875 0.18281250000000004 0.2546875
0 0.2078125 0.2359375 0.18750000000000006 0.2359375 0.18750000000000006 0.253125 0.2078125 0.253125
0 0.296875 0.2359375 0.2203125 0.2359375 0.2203125 0.2609375 0.296875 0.2609375
0 0.3390625 0.2375 0.3125 0.2375 0.3125 0.2546875 0.3390625 0.2546875
0 0.3921875 0.23593750000000005 0.3515625 0.2359375 0.3515625 0.25468750000000007 0.3921875 0.25468750000000007
0 0.4578125 0.2375000000000001 0.403125 0.2375000000000001 0.403125 0.2562500000000001 0.4578125 0.2562500000000001
0 0.4890625 0.2390625000000001 0.46875 0.2390625000000001 0.46875 0.2562500000000001 0.4890625 0.2562500000000001
0 0.596875 0.2406250000000001 0.5015625 0.2406250000000001 0.5015625 0.2578125000000001 0.596875 0.2578125000000001
0 0.6671875 0.2390625000000001 0.6171875 0.2390625000000001 0.6171875 0.2593750000000001 0.6671875 0.2593750000000001
0 0.725 0.2484375000000001 0.675 0.2484375000000001 0.675 0.2593750000000001 0.725 0.2593750000000001
0 0.775 0.2468750000000001 0.7359375 0.2468750000000001 0.7359375 0.2562500000000001 0.775 0.2562500000000001
0 0.7796875 0.2562500000000001 0.7765625 0.2562500000000001 0.7765625 0.2578125000000001 0.7796875 0.2578125000000001
0 0.8390625 0.2406250000000001 0.7953125 0.2406250000000001 0.7953125 0.2578125000000001 0.8390625 0.2578125000000001
0 0.15625000000000006 0.2859375 0.13437500000000005 0.2859375 0.13437500000000005 0.303125 0.15625000000000006 0.303125
0 0.2046875 0.2875 0.17031250000000003 0.2875 0.17031250000000003 0.30625 0.2046875 0.30625
0 0.25625 0.2875 0.2171875 0.2875 0.2171875 0.3046875 0.25625 0.3046875
0 0.2953125 0.2953125 0.259375 0.2953125 0.259375 0.30625 0.2953125 0.30625
0 0.365625 0.290625 0.309375 0.290625 0.309375 0.30625 0.365625 0.3062500000000001
0 0.3984375 0.2890625000000001 0.371875 0.2890625000000001 0.371875 0.3078125000000001 0.3984375 0.3078125000000001
0 0.4796875 0.2890625000000001 0.4078125 0.2890625000000001 0.4078125 0.3109375000000001 0.4796875 0.3109375000000001
0 0.4859375 0.30156250000000007 0.48125 0.30156250000000007 0.48125 0.3046875000000001 0.4859375 0.3046875000000001
0 0.4953125 0.2890625000000001 0.4921875 0.2890625000000001 0.4921875 0.2953125000000001 0.4953125 0.2953125000000001
0 0.56875 0.28593750000000007 0.50625 0.28593750000000007 0.50625 0.3062500000000001 0.56875 0.3062500000000001
0 0.609375 0.2906250000000001 0.584375 0.2906250000000001 0.584375 0.3062500000000001 0.609375 0.3062500000000001
0 0.6640625 0.2968750000000001 0.625 0.2968750000000001 0.625 0.3078125000000001 0.6640625 0.3078125000000001
0 0.7609375 0.2890625000000001 0.6765625 0.2890625000000001 0.6765625 0.3156250000000001 0.7609375 0.3156250000000001
0 0.8328125 0.2906250000000001 0.7828125 0.2906250000000001 0.7828125 0.30937500000000007 0.8328125 0.30937500000000007
0 0.18750000000000006 0.3390625 0.12968750000000004 0.3390625 0.12968750000000004 0.3546875 0.18750000000000006 0.3546875
0 0.2203125 0.340625 0.2015625 0.340625 0.2015625 0.3546875 0.2203125 0.3546875
0 0.290625 0.3390625 0.23125 0.3390625 0.23125 0.3546875 0.290625 0.3546875
0 0.325 0.3390625 0.303125 0.3390625 0.303125 0.359375 0.325 0.359375
0 0.36875 0.34062500000000007 0.3359375 0.340625 0.3359375 0.35625000000000007 0.36875 0.35625000000000007
0 0.4203125 0.3390625000000001 0.38125 0.3390625000000001 0.38125 0.3593750000000001 0.4203125 0.3593750000000001
0 0.453125 0.34062500000000007 0.428125 0.34062500000000007 0.428125 0.3609375000000001 0.453125 0.3609375000000001
0 0.490625 0.3390625000000001 0.4578125 0.3390625000000001 0.4578125 0.35625000000000007 0.490625 0.35625000000000007
0 0.571875 0.34062500000000007 0.5109375 0.34062500000000007 0.5109375 0.36406250000000007 0.571875 0.36406250000000007
0 0.584375 0.35625000000000007 0.5796875 0.35625000000000007 0.5796875 0.3625000000000001 0.584375 0.3625000000000001
0 0.6390625 0.3453125000000001 0.5921875 0.3453125000000001 0.5921875 0.3593750000000001 0.6390625 0.3593750000000001
0 0.6796875 0.34062500000000007 0.65 0.34062500000000007 0.65 0.3578125000000001 0.6796875 0.3578125000000001
0 0.8046875 0.3421875000000001 0.6953125 0.3421875000000001 0.6953125 0.3656250000000001 0.8046875 0.3656250000000001
0 0.2484375000000001 0.3875 0.13125000000000003 0.3875 0.13125000000000003 0.4125 0.2484375000000001 0.4125
0 0.2812500000000001 0.390625 0.2578125000000001 0.390625 0.2578125000000001 0.409375 0.2812500000000001 0.409375
0 0.3234375000000001 0.3890625 0.2906250000000001 0.3890625 0.2906250000000001 0.40625 0.3234375000000001 0.40625
0 0.4578125 0.39375000000000004 0.3359375000000001 0.39375 0.3359375000000001 0.4125 0.4578125 0.4125
0 0.5046875 0.3921875000000001 0.475 0.3921875000000001 0.475 0.415625 0.5046875 0.415625
0 0.55 0.3921875000000001 0.515625 0.3921875000000001 0.515625 0.4078125 0.55 0.4078125
0 0.60625 0.3906250000000001 0.55625 0.3906250000000001 0.55625 0.409375 0.60625 0.409375
0 0.646875 0.3921875000000001 0.61875 0.3921875000000001 0.61875 0.4109375 0.646875 0.4109375
0 0.7703125 0.3921875000000001 0.6578125 0.3921875000000001 0.6578125 0.4156250000000001 0.7703125 0.4156250000000002
0 0.7734375 0.4078125000000002 0.7703125 0.4078125000000002 0.7703125 0.4109375000000002 0.7734375 0.4109375000000002