0 0.16562500000000005 0.20625 0.14687500000000003 0.20625 0.14687500000000003 0.225 0.16562500000000005 0.225
0 0.2375 0.2046875 0.17968750000000006 0.2046875 0.17968750000000006 0.234375 0.2375 0.234375
0 0.278125 0.2109375 0.2546875 0.2109375 0.2546875 0.2359375 0.278125 0.2359375
0 0.3375 0.2109375 0.290625 0.2109375 0.290625 0.2265625 0.3375 0.2265625
0 0.4 0.21718750000000003 0.3515625 0.2171875 0.3515625 0.23750000000000004 0.4 0.2375000000000001
0 0.44375 0.2093750000000001 0.4109375 0.2093750000000001 0.4109375 0.2250000000000001 0.44375 0.2250000000000001
0 0.5015625 0.2093750000000001 0.45625 0.2093750000000001 0.45625 0.23593750000000008 0.5015625 0.23593750000000008
0 0.6171875 0.2093750000000001 0.5140625 0.2093750000000001 0.5140625 0.2375000000000001 0.6171875 0.2375000000000001
0 0.7546875 0.21093750000000008 0.61875 0.21093750000000008 0.61875 0.22656250000000008 0.7546875 0.22656250000000008
0 0.7640625 0.2250000000000001 0.7609375 0.2250000000000001 0.7609375 0.2328125000000001 0.7640625 0.2328125000000001
0 0.80625 0.21093750000000008 0.771875 0.21093750000000008 0.771875 0.22656250000000008 0.80625 0.22656250000000008
0 0.2859375 0.259375 0.14687500000000003 0.259375 0.14687500000000003 0.2828125 0.2859375 0.2828125
0 0.346875 0.2578125 0.3 0.2578125 0.3 0.278125 0.346875 0.278125
0 0.471875 0.259375 0.359375 0.259375 0.359375 0.28437500000000004 0.471875 0.2843750000000001
0 0.4984375 0.2593750000000001 0.4875 0.2593750000000001 0.4875 0.2765625000000001 0.4984375 0.2765625000000001
0 0.5296875 0.2578125000000001 0.5015625 0.2578125000000001 0.5015625 0.27812500000000007 0.5296875 0.27812500000000007
0 0.6234375 0.2593750000000001 0.5453125 0.2593750000000001 0.5453125 0.2765625000000001 0.6234375 0.2765625000000001
0 0.6578125 0.2578125000000001 0.640625 0.2578125000000001 0.640625 0.27812500000000007 0.6578125 0.27812500000000007
0 0.7390625 0.2578125000000001 0.6703125 0.2578125000000001 0.6703125 0.27812500000000007 0.7390625 0.27812500000000007
0 0.8453125 0.25468750000000007 0.7515625 0.25468750000000007 0.7515625 0.28593750000000007 0.8453125 0.28593750000000007
0 0.17500000000000004 0.309375 0.15625000000000006 0.309375 0.15625000000000006 0.325 0.17500000000000004 0.325
0 0.23125 0.3140625 0.18750000000000006 0.3140625 0.18750000000000006 0.3390625 0.23125 0.3390625
0 0.275 0.3109375 0.24375 0.3109375 0.24375 0.328125 0.275 0.328125
0 0.3734375 0.31093750000000003 0.2890625 0.3109375 0.2890625 0.3375 0.3734375 0.3375000000000001
0 0.4 0.3187500000000001 0.3859375 0.3187500000000001 0.3859375 0.3281250000000001 0.4 0.3281250000000001
0 0.46875 0.30937500000000007 0.4171875 0.30937500000000007 0.4171875 0.3265625000000001 0.46875 0.3265625000000001
0 0.4796875 0.3265625000000001 0.4765625 0.3265625000000001 0.4765625 0.3312500000000001 0.4796875 0.3312500000000001
0 0.575 0.3125000000000001 0.4875 0.3125000000000001 0.4875 0.3359375000000001 0.575 0.3359375000000001
0 0.6328125 0.3109375000000001 0.584375 0.3109375000000001 0.584375 0.3281250000000001 0.6328125 0.3281250000000001
0 0.6640625 0.3109375000000001 0.6484375 0.3109375000000001 0.6484375 0.3265625000000001 0.6640625 0.3265625000000001
0 0.715625 0.3187500000000001 0.675 0.3187500000000001 0.675 0.3281250000000001 0.715625 0.3281250000000001
0 0.79375 0.30937500000000007 0.7296875 0.30937500000000007 0.7296875 0.33281250000000007 0.79375 0.33281250000000007
0 0.26875000000000004 0.359375 0.15156250000000004 0.359375 0.15156250000000004 0.3796875 0.2687500000000001 0.3796875
0 0.32812500000000006 0.3609375 0.2828125 0.3609375 0.2828125 0.378125 0.3281250000000001 0.378125
0 0.5 0.3609375 0.340625 0.3609375 0.34062500000000007 0.38750000000000007 0.5 0.38750000000000007
0 0.59375 0.3671875000000001 0.515625 0.3671875000000001 0.515625 0.37968750000000007 0.59375 0.37968750000000007
0 0.6296875 0.3609375000000001 0.609375 0.3609375000000001 0.609375 0.3781250000000001 0.6296875 0.3781250000000001
0 0.7375 0.3593750000000001 0.6453125 0.3593750000000001 0.6453125 0.37968750000000007 0.7375 0.37968750000000007
0 0.7984375 0.3625000000000001 0.75 0.3625000000000001 0.75 0.3781250000000001 0.7984375 0.3781250000000001
0 0.8703125 0.3609375000000001 0.8140625 0.3609375000000001 0.8140625 0.3890625000000001 0.8703125 0.3890625000000001
0 0.8828125 0.3765625000000001 0.8796875 0.3765625000000001 0.8796875 0.3843750000000001 0.8828125 0.3843750000000001
0 0.19531250000000006 0.4109375 0.15000000000000005 0.4109375 0.15000000000000005 0.428125 0.19531250000000006 0.428125
0 0.2671875000000001 0.4109375 0.21250000000000008 0.4109375 0.21250000000000008 0.428125 0.2671875000000001 0.428125
0 0.3046875000000001 0.4109375 0.2812500000000001 0.4109375 0.2812500000000001 0.428125 0.3046875000000001 0.428125
0 0.4078125 0.409375 0.31718750000000007 0.409375 0.31718750000000007 0.434375 0.4078125 0.434375
0 0.4640625 0.41875 0.41875 0.41875 0.41875 0.4296875 0.4640625 0.4296875
0 0.5296875 0.4109375 0.471875 0.4109375 0.471875 0.4359375 0.5296875 0.4359375
0 0.6234375 0.409375 0.540625 0.409375 0.540625 0.4296875 0.6234375 0.4296875
0 0.6984375 0.4140625 0.634375 0.4140625 0.634375 0.4296875 0.6984375 0.4296875
0 0.7234375 0.4203125 0.709375 0.4203125 0.709375 0.428125 0.7234375 0.428125
0 0.8140625 0.4125000000000002 0.734375 0.4125000000000002 0.734375 0.42968750000000017 0.8140625 0.42968750000000017
0 0.19375000000000003 0.4640625 0.15156250000000004 0.4640625 0.15156250000000004 0.4796875 0.19375000000000003 0.4796875
0 0.2500000000000001 0.4625 0.21250000000000008 0.4625 0.21250000000000008 0.4796875 0.2500000000000001 0.4796875
0 0.3609375000000001 0.4625 0.2718750000000001 0.4625 0.2718750000000001 0.48125 0.3609375000000001 0.48125
0 0.4421875 0.4625 0.3765625000000001 0.4625 0.3765625000000001 0.48125 0.4421875 0.48125
0 0.4828125 0.4640625 0.459375 0.4640625 0.459375 0.4796875 0.4828125 0.4796875
0 0.59375 0.4640625 0.4953125 0.4640625 0.4953125 0.4890625 0.59375 0.4890625
0 0.603125 0.4796875 0.6 0.4796875 0.6 0.4828125 0.603125 0.4828125
0 0.65 0.4640625 0.6140625 0.4640625 0.6140625 0.48125 0.65 0.48125
0 0.7140625 0.4625 0.6625 0.4625 0.6625 0.490625 0.7140625 0.490625
0 0.7640625 0.4625000000000001 0.7234375 0.4625 0.7234375 0.48125000000000007 0.7640625 0.4812500000000002
0 0.86875 0.4625000000000002 0.78125 0.4625000000000002 0.78125 0.4812500000000002 0.86875 0.4812500000000002
0 0.3000000000000001 0.50625 0.15312500000000004 0.50625 0.15312500000000004 0.5296875 0.3000000000000001 0.5296875
0 0.3125000000000001 0.5265625 0.30937500000000007 0.5265625 0.30937500000000007 0.528125 0.3125000000000001 0.528125