0 0.15468750000000003 0.215625 0.13281250000000006 0.215625 0.13281250000000006 0.2359375 0.15468750000000003 0.2359375
0 0.2390625 0.2125 0.18281250000000004 0.2125 0.18281250000000004 0.240625 0.2390625 0.240625
0 0.29375 0.2171875 0.265625 0.2171875 0.265625 0.240625 0.29375 0.240625
0 0.359375 0.2140625 0.3140625 0.2140625 0.3140625 0.23125 0.359375 0.23125
0 0.4375 0.2218750000000001 0.3890625 0.2218750000000001 0.3890625 0.2453125000000001 0.4375 0.2453125000000001
0 0.4859375 0.2156250000000001 0.453125 0.2156250000000001 0.453125 0.2312500000000001 0.4859375 0.2312500000000001
0 0.5296875 0.21250000000000008 0.5109375 0.21250000000000008 0.5109375 0.2406250000000001 0.5296875 0.2406250000000001
0 0.6015625 0.2156250000000001 0.53125 0.2156250000000001 0.53125 0.23437500000000008 0.6015625 0.23437500000000008
0 0.8421875 0.2140625000000001 0.6015625 0.2140625000000001 0.6015625 0.2406250000000001 0.8421875 0.2406250000000001
0 0.8515625 0.2328125000000001 0.8453125 0.2328125000000001 0.8453125 0.24375000000000008 0.8515625 0.24375000000000008
0 0.17500000000000004 0.26875 0.12500000000000006 0.26875 0.12500000000000006 0.2859375 0.17500000000000004 0.2859375
0 0.3453125 0.26875 0.203125 0.26875 0.203125 0.29375 0.3453125 0.29375
0 0.4328125 0.2656250000000001 0.3765625 0.2656250000000001 0.3765625 0.2843750000000001 0.4328125 0.2843750000000001
0 0.5625 0.2640625000000001 0.4515625 0.2640625000000001 0.4515625 0.2921875000000001 0.5625 0.2921875000000001
0 0.56875 0.2828125000000001 0.5625 0.2828125000000001 0.5625 0.2984375000000001 0.56875 0.2984375000000001
0 0.634375 0.2687500000000001 0.58125 0.2687500000000001 0.58125 0.2875000000000001 0.634375 0.2875000000000001
0 0.7484375 0.2656250000000001 0.6640625 0.2656250000000001 0.6640625 0.2890625000000001 0.7484375 0.2890625000000001
0 0.803125 0.2718750000000001 0.7765625 0.2718750000000001 0.7765625 0.2890625000000001 0.803125 0.2890625000000001
0 0.228125 0.3234375 0.13750000000000004 0.3234375 0.13750000000000004 0.3390625 0.228125 0.3390625
0 0.371875 0.31718750000000007 0.2546875 0.3171875 0.2546875 0.35156250000000006 0.371875 0.3515625000000001
0 0.4296875 0.3203125000000001 0.4 0.3203125000000001 0.4 0.3343750000000001 0.4296875 0.3343750000000001
0 0.5078125 0.3187500000000001 0.459375 0.3187500000000001 0.459375 0.3453125000000001 0.5078125 0.3453125000000001
0 0.578125 0.3203125000000001 0.5328125 0.3203125000000001 0.5328125 0.3375000000000001 0.578125 0.3375000000000001
0 0.671875 0.3234375000000001 0.5890625 0.3234375000000001 0.5890625 0.34843750000000007 0.671875 0.34843750000000007
0 0.7171875 0.3281250000000001 0.6984375 0.3281250000000001 0.6984375 0.3390625000000001 0.7171875 0.3390625000000001
0 0.7796875 0.3218750000000001 0.7390625 0.3218750000000001 0.7390625 0.34062500000000007 0.7796875 0.34062500000000007
0 0.7984375 0.32500000000000007 0.784375 0.32500000000000007 0.784375 0.3515625000000001 0.7984375 0.3515625000000001
0 0.890625 0.32500000000000007 0.815625 0.32500000000000007 0.815625 0.3578125000000001 0.890625 0.3578125000000001
0 0.18906250000000005 0.3703125 0.13281250000000006 0.3703125 0.13281250000000006 0.3890625 0.18906250000000005 0.3890625
0 0.23437500000000008 0.371875 0.2171875000000001 0.371875 0.2171875000000001 0.3890625 0.23437500000000008 0.3890625
0 0.30937500000000007 0.378125 0.2656250000000001 0.378125 0.2656250000000001 0.3890625 0.30937500000000007 0.3890625
0 0.4046875 0.37187500000000007 0.3375000000000001 0.371875 0.3375000000000001 0.4015625 0.4046875 0.4015625
0 0.565625 0.3703125000000001 0.4328125 0.3703125000000001 0.4328125 0.3921875000000001 0.565625 0.3921875000000001
0 0.65 0.37187500000000007 0.5859375 0.37187500000000007 0.5859375 0.3921875000000001 0.65 0.3921875000000001
0 0.846875 0.37187500000000007 0.6703125 0.37187500000000007 0.6703125 0.4000000000000001 0.846875 0.4000000000000002
0 0.22656250000000008 0.421875 0.13125000000000003 0.421875 0.13125000000000003 0.4390625 0.22656250000000008 0.4390625
0 0.2796875000000001 0.4234375 0.2562500000000001 0.4234375 0.2562500000000001 0.4421875 0.2796875000000001 0.4421875
0 0.4125 0.4203125 0.30937500000000007 0.4203125 0.30937500000000007 0.440625 0.4125 0.440625
0 0.509375 0.4265625 0.440625 0.4265625 0.440625 0.440625 0.509375 0.440625
0 0.6140625 0.4203125 0.54375 0.4203125 0.54375 0.4484375 0.6140625 0.4484375
0 0.653125 0.4265625 0.6375 0.4265625 0.6375 0.4390625 0.653125 0.4390625
0 0.6953125 0.4234375 0.646875 0.4234375 0.646875 0.4390625 0.6953125 0.4390625
0 0.78125 0.4218750000000001 0.7234375 0.421875 0.7234375 0.44218750000000007 0.78125 0.4421875000000002
0 0.825 0.4265625000000002 0.7953125 0.4265625000000002 0.7953125 0.4421875000000002 0.825 0.4421875000000002
0 0.2312500000000001 0.471875 0.12812500000000004 0.471875 0.12812500000000004 0.4984375 0.2312500000000001 0.4984375
0 0.30937500000000007 0.4796875 0.26250000000000007 0.4796875 0.26250000000000007 0.4890625 0.30937500000000007 0.4890625
0 0.4125 0.471875 0.3421875000000001 0.471875 0.3421875000000001 0.5015625 0.4125 0.5015625
0 0.5203125 0.475 0.4421875 0.475 0.4421875 0.490625 0.5203125 0.490625
0 0.6265625 0.4765625 0.546875 0.4765625 0.546875 0.490625 0.6265625 0.490625
0 0.6609375 0.48125 0.6453125 0.48125 0.6453125 0.490625 0.6609375 0.490625
0 0.765625 0.4750000000000001 0.684375 0.475 0.684375 0.4921875000000001 0.765625 0.49218750000000017
0 0.83125 0.4734375000000002 0.78125 0.4734375000000002 0.78125 0.49218750000000017 0.83125 0.49218750000000017
0 0.17187500000000006 0.5234375 0.12656250000000005 0.5234375 0.12656250000000005 0.540625 0.17187500000000006 0.540625
0 0.31718750000000007 0.5234375 0.2078125000000001 0.5234375 0.2078125000000001 0.5421875 0.31718750000000007 0.5421875
0 0.4359375 0.5265625 0.35625000000000007 0.5265625 0.35625000000000007 0.5421875 0.4359375 0.5421875
0 0.4875 0.525 0.465625 0.525 0.465625 0.5421875 0.4875 0.5421875
0 0.6171875 0.5234375 0.525 0.5234375 0.525 0.546875 0.6171875 0.546875
0 0.6359375 0.5359375 0.6296875 0.5359375 0.6296875 0.5484375 0.6359375 0.5484375
0 0.69375 0.525 0.65 0.525 0.65 0.540625 0.69375 0.540625
0 0.7671875 0.5281250000000001 0.7046875 0.528125 0.7046875 0.5531250000000001 0.7671875 0.5531250000000002
0 0.1687500000000001 0.571875 0.12343750000000009 0.571875 0.12343750000000009 0.5921875 0.1687500000000001 0.5921875
0 0.3046875000000001 0.5703125 0.1937500000000001 0.5703125 0.1937500000000001 0.590625 0.3046875000000001 0.590625
0 0.509375 0.5734375 0.3468750000000001 0.5734375 0.3468750000000001 0.5921875 0.509375 0.5921875
0 0.5203125 0.590625 0.51875 0.590625 0.51875 0.5921875 0.5203125 0.5921875