0 0.18906250000000005 0.2078125 0.14531250000000004 0.2078125 0.14531250000000004 0.2265625 0.18906250000000005 0.2265625
0 0.271875 0.2125 0.2109375 0.2125 0.2109375 0.2375 0.271875 0.2375
0 0.2828125 0.225 0.275 0.225 0.275 0.2359375 0.2828125 0.2359375
0 0.3875 0.21875000000000006 0.2984375 0.21875 0.2984375 0.23125000000000004 0.3875 0.2312500000000001
0 0.3984375 0.22812500000000008 0.3921875 0.22812500000000008 0.3921875 0.23593750000000008 0.3984375 0.23593750000000008
0 0.45625 0.2140625000000001 0.4140625 0.2140625000000001 0.4140625 0.2296875000000001 0.45625 0.2296875000000001
0 0.4953125 0.21250000000000008 0.484375 0.21250000000000008 0.484375 0.2296875000000001 0.4953125 0.2296875000000001
0 0.5375 0.2218750000000001 0.5015625 0.2218750000000001 0.5015625 0.2406250000000001 0.5375 0.2406250000000001
0 0.584375 0.21250000000000008 0.5625 0.21250000000000008 0.5625 0.2296875000000001 0.584375 0.2296875000000001
0 0.6140625 0.2218750000000001 0.6046875 0.2218750000000001 0.6046875 0.22812500000000008 0.6140625 0.22812500000000008
0 0.6796875 0.2140625000000001 0.634375 0.2140625000000001 0.634375 0.23437500000000008 0.6796875 0.23437500000000008
0 0.778125 0.2156250000000001 0.6984375 0.2156250000000001 0.6984375 0.2375000000000001 0.778125 0.2375000000000001
0 0.7984375 0.2171875000000001 0.7890625 0.2171875000000001 0.7890625 0.22812500000000008 0.7984375 0.22812500000000008
0 0.8515625 0.2156250000000001 0.8125 0.2156250000000001 0.8125 0.2328125000000001 0.8515625 0.2328125000000001
0 0.16718750000000004 0.2625 0.14375000000000004 0.2625 0.14375000000000004 0.2796875 0.16718750000000004 0.2796875
0 0.234375 0.2734375 0.19843750000000004 0.2734375 0.19843750000000004 0.290625 0.234375 0.290625
0 0.290625 0.271875 0.2625 0.271875 0.2625 0.2921875 0.290625 0.2921875
0 0.3453125 0.2640625 0.309375 0.2640625 0.309375 0.28125 0.3453125 0.28125
0 0.3640625 0.27812500000000007 0.3609375 0.278125 0.3609375 0.27968750000000003 0.3640625 0.2796875000000001
0 0.4234375 0.2640625000000001 0.3921875 0.2640625000000001 0.3921875 0.27812500000000007 0.4234375 0.27812500000000007
0 0.4625 0.2640625000000001 0.4484375 0.2640625000000001 0.4484375 0.2796875000000001 0.4625 0.2796875000000001
0 0.534375 0.26250000000000007 0.4875 0.26250000000000007 0.4875 0.27812500000000007 0.534375 0.27812500000000007
0 0.5953125 0.27031250000000007 0.5625 0.27031250000000007 0.5625 0.2796875000000001 0.5953125 0.2796875000000001
0 0.6609375 0.2640625000000001 0.6140625 0.2640625000000001 0.6140625 0.2812500000000001 0.6609375 0.2812500000000001
0 0.665625 0.2796875000000001 0.6625 0.2796875000000001 0.6625 0.2890625000000001 0.665625 0.2890625000000001
0 0.69375 0.2640625000000001 0.6859375 0.2640625000000001 0.6859375 0.2812500000000001 0.69375 0.2812500000000001
0 0.8171875 0.2656250000000001 0.70625 0.2656250000000001 0.70625 0.2828125000000001 0.8171875 0.2828125000000001
0 0.8296875 0.2812500000000001 0.8234375 0.2812500000000001 0.8234375 0.2875000000000001 0.8296875 0.2875000000000001
0 0.16718750000000004 0.3109375 0.13906250000000003 0.3109375 0.13906250000000003 0.3265625 0.16718750000000004 0.3265625
0 0.20625 0.3203125 0.19062500000000004 0.3203125 0.19062500000000004 0.328125 0.20625 0.328125
0 0.3 0.321875 0.2328125 0.321875 0.2328125 0.3359375 0.3 0.3359375
0 0.371875 0.31250000000000006 0.3296875 0.3125 0.3296875 0.33125000000000004 0.371875 0.3312500000000001
0 0.4203125 0.3140625000000001 0.3875 0.3140625000000001 0.3875 0.3296875000000001 0.4203125 0.3296875000000001
0 0.48125 0.3125000000000001 0.4515625 0.3125000000000001 0.4515625 0.3343750000000001 0.48125 0.3343750000000001
0 0.5890625 0.3140625000000001 0.4921875 0.3140625000000001 0.4921875 0.3421875000000001 0.5890625 0.3421875000000001
0 0.6 0.3296875000000001 0.596875 0.3296875000000001 0.596875 0.3312500000000001 0.6 0.3312500000000001
0 0.621875 0.3140625000000001 0.6171875 0.3140625000000001 0.6171875 0.3203125000000001 0.621875 0.3203125000000001
0 0.19218750000000004 0.359375 0.14062500000000006 0.359375 0.14062500000000006 0.378125 0.19218750000000004 0.378125
0 0.23437500000000006 0.3625 0.2109375 0.3625 0.21093750000000006 0.378125 0.23437500000000008 0.378125
0 0.2953125000000001 0.3703125 0.26250000000000007 0.3703125 0.26250000000000007 0.38125 0.2953125000000001 0.38125
0 0.3390625000000001 0.36875 0.3234375000000001 0.36875 0.3234375000000001 0.3796875 0.3390625000000001 0.3796875
0 0.440625 0.36406250000000007 0.3734375000000001 0.36406250000000007 0.3734375000000001 0.38750000000000007 0.440625 0.38750000000000007
0 0.515625 0.36406250000000007 0.4625 0.36406250000000007 0.4625 0.3812500000000001 0.515625 0.3812500000000001
0 0.5671875 0.36406250000000007 0.528125 0.36406250000000007 0.528125 0.3812500000000001 0.5671875 0.3812500000000001
0 0.6703125 0.3671875000000001 0.5859375 0.3671875000000001 0.5859375 0.3890625000000001 0.6703125 0.3890625000000001
0 0.6984375 0.3734375000000001 0.6890625 0.3734375000000001 0.6890625 0.3812500000000001 0.6984375 0.3812500000000001
0 0.7625 0.3734375000000001 0.71875 0.3734375000000001 0.71875 0.3828125000000001 0.7625 0.3828125000000001
0 0.859375 0.3656250000000001 0.7875 0.3656250000000001 0.7875 0.3890625000000001 0.859375 0.3890625000000001
0 0.15937500000000004 0.421875 0.14375000000000004 0.421875 0.14375000000000004 0.428125 0.15937500000000004 0.428125
0 0.22031250000000008 0.4140625 0.18906250000000005 0.4140625 0.18906250000000005 0.43125 0.22031250000000008 0.43125
0 0.3031250000000001 0.4125 0.2453125000000001 0.4125 0.2453125000000001 0.4421875 0.3031250000000001 0.4421875
0 0.3500000000000001 0.415625 0.3265625000000001 0.415625 0.3265625000000001 0.4328125 0.3500000000000001 0.4328125
0 0.5375 0.415625 0.3812500000000001 0.415625 0.3812500000000001 0.440625 0.5375 0.440625
0 0.615625 0.4203125 0.540625 0.4203125 0.540625 0.4453125 0.615625 0.4453125
0 0.778125 0.4203125000000001 0.6390625 0.4203125 0.6390625 0.4406250000000001 0.778125 0.44062500000000016
0 0.83125 0.41406250000000017 0.8 0.41406250000000017 0.8 0.4343750000000002 0.83125 0.4343750000000002
0 0.15781250000000005 0.4703125 0.13906250000000003 0.4703125 0.13906250000000003 0.48125 0.15781250000000005 0.48125
0 0.2843750000000001 0.4625 0.19062500000000004 0.4625 0.19062500000000004 0.484375 0.2843750000000001 0.484375
0 0.4171875 0.4625 0.3218750000000001 0.4625 0.3218750000000001 0.48125 0.4171875 0.48125
0 0.478125 0.4640625 0.453125 0.4640625 0.453125 0.484375 0.478125 0.484375
0 0.53125 0.4640625 0.5046875 0.4640625 0.5046875 0.478125 0.53125 0.478125
0 0.634375 0.4640625 0.55625 0.4640625 0.55625 0.4875 0.634375 0.4875
0 0.721875 0.465625 0.6578125 0.465625 0.6578125 0.49375 0.721875 0.49375
0 0.7421875 0.4828125000000002 0.7390625 0.4828125000000002 0.7390625 0.4859375000000002 0.7421875 0.4859375000000002
0 0.8125 0.4656250000000002 0.7609375 0.4656250000000002 0.7609375 0.4812500000000002 0.8125 0.4812500000000002
0 0.17656250000000004 0.5203125 0.15625000000000006 0.5203125 0.15625000000000006 0.5421875 0.17656250000000004 0.5421875
0 0.22031250000000008 0.521875 0.19218750000000004 0.521875 0.19218750000000004 0.5359375 0.22031250000000008 0.5359375
0 0.3375000000000001 0.528125 0.2390625000000001 0.528125 0.2390625000000001 0.5375 0.3375000000000001 0.5375
0 0.5 0.5171875 0.3734375000000001 0.5171875 0.3734375000000001 0.534375 0.5 0.534375
0 0.6265625 0.5203125 0.5296875 0.5203125 0.5296875 0.5328125 0.6265625 0.5328125
0 0.665625 0.5140625 0.6515625 0.5140625 0.6515625 0.53125 0.665625 0.53125
0 0.7421875 0.5171875000000001 0.6859375 0.5171875 0.6859375 0.5312500000000001 0.7421875 0.5312500000000002
0 0.7828125 0.5187500000000002 0.75625 0.5187500000000002 0.75625 0.5312500000000002 0.7828125 0.5312500000000002
0 0.840625 0.5140625000000002 0.8 0.5140625000000002 0.8 0.5312500000000002 0.840625 0.5312500000000002
0 0.2062500000000001 0.56875 0.16406250000000008 0.56875 0.16406250000000008 0.5875 0.2062500000000001 0.5875
0 0.3468750000000001 0.5703125 0.24218750000000008 0.5703125 0.24218750000000008 0.5953125 0.3468750000000001 0.5953125
0 0.4171875 0.5765625 0.3750000000000001 0.5765625 0.3750000000000001 0.584375 0.4171875 0.584375
0 0.4984375 0.575 0.4421875 0.575 0.4421875 0.584375 0.4984375 0.584375
0 0.5625 0.5671875 0.528125 0.5671875 0.528125 0.58125 0.5625 0.58125
0 0.6890625 0.5671875 0.5875 0.5671875 0.5875 0.59375 0.6890625 0.59375
0 0.753125 0.5640625000000001 0.7109375 0.5640625 0.7109375 0.58125 0.753125 0.5812500000000002
0 0.821875 0.5656250000000002 0.7796875 0.5656250000000002 0.7796875 0.5843750000000002 0.821875 0.5843750000000002
0 0.22656250000000008 0.6171875 0.1687500000000001 0.6171875 0.1687500000000001 0.6359375 0.22656250000000008 0.6359375
0 0.3515625000000001 0.6171875 0.26250000000000007 0.6171875 0.26250000000000007 0.6375 0.3515625000000001 0.6375
0 0.4890625 0.61875 0.3906250000000001 0.61875 0.3906250000000001 0.6359375 0.4890625 0.6359375
0 0.5625 0.625 0.509375 0.625 0.509375 0.6453125 0.5625 0.6453125
0 0.6421875 0.61875 0.584375 0.61875 0.584375 0.6375 0.6421875 0.6375
0 0.703125 0.6171875 0.665625 0.6171875 0.665625 0.634375 0.703125 0.634375
0 0.7609375 0.6156250000000002 0.7265625 0.6156250000000002 0.7265625 0.6312500000000002 0.7609375 0.6312500000000002
0 0.8109375 0.6156250000000002 0.7828125 0.6156250000000002 0.7828125 0.6328125000000002 0.8109375 0.6328125000000002
0 0.2453125000000001 0.6703125 0.17187500000000008 0.6703125 0.17187500000000008 0.6984375 0.2453125000000001 0.6984375
0 0.3265625000000001 0.66875 0.2718750000000001 0.66875 0.2718750000000001 0.6953125 0.3265625000000001 0.6953125
0 0.3296875000000001 0.684375 0.3281250000000001 0.684375 0.3281250000000001 0.6875 0.3296875000000001 0.6875