0 0.17500000000000004 0.2140625 0.12500000000000006 0.2140625 0.12500000000000006 0.2328125 0.17500000000000004 0.2328125
0 0.3125 0.215625 0.18906250000000005 0.215625 0.18906250000000005 0.2328125 0.3125 0.2328125
0 0.3890625 0.22343750000000004 0.3328125 0.2234375 0.3328125 0.23593750000000005 0.3890625 0.23593750000000008
0 0.4328125 0.2171875000000001 0.4109375 0.2171875000000001 0.4109375 0.2375000000000001 0.4328125 0.2375000000000001
0 0.5609375 0.2171875000000001 0.45 0.2171875000000001 0.45 0.23593750000000008 0.5609375 0.23593750000000008
0 0.56875 0.2312500000000001 0.5625 0.2312500000000001 0.5625 0.24375000000000008 0.56875 0.24375000000000008
0 0.6640625 0.21875000000000008 0.58125 0.21875000000000008 0.58125 0.2375000000000001 0.6640625 0.2375000000000001
0 0.7140625 0.2171875000000001 0.6828125 0.2171875000000001 0.6828125 0.23437500000000008 0.7140625 0.23437500000000008
0 0.8125 0.2171875000000001 0.728125 0.2171875000000001 0.728125 0.23593750000000008 0.8125 0.23593750000000008
0 0.2328125 0.265625 0.12968750000000004 0.265625 0.12968750000000004 0.284375 0.2328125 0.284375
0 0.3703125 0.26562500000000006 0.2484375 0.265625 0.2484375 0.28437500000000004 0.3703125 0.2843750000000001
0 0.4171875 0.27031250000000007 0.3875 0.27031250000000007 0.3875 0.28593750000000007 0.4171875 0.28593750000000007
0 0.5359375 0.2656250000000001 0.4359375 0.2656250000000001 0.4359375 0.2968750000000001 0.5359375 0.2968750000000001
0 0.575 0.2750000000000001 0.5546875 0.2750000000000001 0.5546875 0.28593750000000007 0.575 0.28593750000000007
0 0.6484375 0.2765625000000001 0.596875 0.2765625000000001 0.596875 0.2953125000000001 0.6484375 0.2953125000000001
0 0.6921875 0.2765625000000001 0.6625 0.2765625000000001 0.6625 0.28593750000000007 0.6921875 0.28593750000000007
0 0.75 0.2734375000000001 0.7109375 0.2734375000000001 0.7109375 0.2875000000000001 0.75 0.2875000000000001
0 0.8140625 0.27031250000000007 0.7640625 0.27031250000000007 0.7640625 0.2875000000000001 0.8140625 0.2875000000000001
0 0.8578125 0.2765625000000001 0.834375 0.2765625000000001 0.834375 0.2875000000000001 0.8578125 0.2875000000000001
0 0.13750000000000004 0.3140625 0.13281250000000006 0.3140625 0.13281250000000006 0.3265625 0.13750000000000004 0.3265625
0 0.203125 0.3234375 0.13750000000000004 0.3234375 0.13750000000000004 0.334375 0.203125 0.334375
0 0.275 0.3203125 0.234375 0.3203125 0.234375 0.3375 0.275 0.3375
0 0.30625 0.328125 0.29375 0.328125 0.29375 0.3359375 0.30625 0.3359375
0 0.3734375 0.31875000000000003 0.3296875 0.31875 0.3296875 0.33437500000000003 0.3734375 0.3343750000000001
0 0.4546875 0.32500000000000007 0.3984375 0.32500000000000007 0.3984375 0.34062500000000007 0.4546875 0.34062500000000007
0 0.5453125 0.3187500000000001 0.4828125 0.3187500000000001 0.4828125 0.3390625000000001 0.5453125 0.3390625000000001
0 0.6296875 0.3203125000000001 0.5671875 0.3203125000000001 0.5671875 0.3375000000000001 0.6296875 0.3375000000000001
0 0.665625 0.3265625000000001 0.6515625 0.3265625000000001 0.6515625 0.3375000000000001 0.665625 0.3375000000000001
0 0.78125 0.3218750000000001 0.6859375 0.3218750000000001 0.6859375 0.3390625000000001 0.78125 0.3390625000000001
0 0.8578125 0.3203125000000001 0.7984375 0.3203125000000001 0.7984375 0.3531250000000001 0.8578125 0.3531250000000001
0 0.8671875 0.3187500000000001 0.8625 0.3187500000000001 0.8625 0.33281250000000007 0.8671875 0.33281250000000007
0 0.8734375 0.33281250000000007 0.8703125 0.33281250000000007 0.8703125 0.3453125000000001 0.8734375 0.3453125000000001
0 0.17812500000000003 0.36875 0.13437500000000005 0.36875 0.13437500000000005 0.3875 0.17812500000000003 0.3875
0 0.2453125000000001 0.378125 0.19843750000000004 0.378125 0.19843750000000004 0.3875 0.2453125000000001 0.3875
0 0.3906250000000001 0.37031250000000004 0.2734375000000001 0.3703125 0.2734375000000001 0.39687500000000003 0.3906250000000001 0.3968750000000001
0 0.5125 0.37187500000000007 0.409375 0.37187500000000007 0.409375 0.38750000000000007 0.5125 0.38750000000000007
0 0.5609375 0.3687500000000001 0.5375 0.3687500000000001 0.5375 0.3921875000000001 0.5609375 0.3921875000000001
0 0.6734375 0.3703125000000001 0.578125 0.3703125000000001 0.578125 0.3921875000000001 0.6734375 0.3921875000000001
0 0.7796875 0.3734375000000001 0.696875 0.3734375000000001 0.696875 0.4000000000000001 0.7796875 0.4000000000000002
0 0.26250000000000007 0.4203125 0.13125000000000003 0.4203125 0.13125000000000003 0.4375 0.26250000000000007 0.4375
0 0.38750000000000007 0.4203125 0.28593750000000007 0.4203125 0.28593750000000007 0.4375 0.38750000000000007 0.4375
0 0.46875 0.428125 0.40625 0.428125 0.40625 0.440625 0.46875 0.440625
0 0.5140625 0.4203125 0.49375 0.4203125 0.49375 0.4375 0.5140625 0.4375
0 0.5796875 0.421875 0.534375 0.421875 0.534375 0.4375 0.5796875 0.4375
0 0.64375 0.4203125 0.596875 0.4203125 0.596875 0.4390625 0.64375 0.4390625
0 0.684375 0.4203125 0.6609375 0.4203125 0.6609375 0.446875 0.684375 0.446875
0 0.790625 0.4218750000000001 0.7109375 0.421875 0.7109375 0.44218750000000007 0.790625 0.4421875000000002
0 0.8 0.43750000000000017 0.796875 0.43750000000000017 0.796875 0.4390625000000002 0.8 0.4390625000000002
0 0.16718750000000004 0.46875 0.12500000000000006 0.46875 0.12500000000000006 0.4859375 0.16718750000000004 0.4859375
0 0.21250000000000008 0.4703125 0.18593750000000003 0.4703125 0.18593750000000003 0.4953125 0.21250000000000008 0.4953125
0 0.2812500000000001 0.471875 0.2218750000000001 0.471875 0.2218750000000001 0.4875 0.2812500000000001 0.4875
0 0.3578125000000001 0.4765625 0.3109375000000001 0.4765625 0.3109375000000001 0.4859375 0.3578125000000001 0.4859375
0 0.425 0.4703125 0.3812500000000001 0.4703125 0.3812500000000001 0.4875 0.425 0.4875
0 0.5765625 0.4671875 0.446875 0.4671875 0.446875 0.4984375 0.5765625 0.4984375
0 0.596875 0.4703125 0.5953125 0.4703125 0.5953125 0.471875 0.596875 0.471875
0 0.63125 0.46875 0.596875 0.46875 0.596875 0.4890625 0.63125 0.4890625
0 0.7625 0.4687500000000001 0.6546875 0.46875 0.6546875 0.4953125000000001 0.7625 0.49531250000000016
0 0.8609375 0.4656250000000002 0.7953125 0.4656250000000002 0.7953125 0.4906250000000002 0.8609375 0.4906250000000002
0 0.86875 0.48750000000000016 0.8609375 0.48750000000000016 0.8609375 0.5000000000000002 0.86875 0.5000000000000002
0 0.20468750000000008 0.51875 0.12500000000000006 0.51875 0.12500000000000006 0.5359375 0.20468750000000008 0.5359375
0 0.34843750000000007 0.5171875 0.23437500000000008 0.5171875 0.23437500000000008 0.553125 0.34843750000000007 0.553125
0 0.4859375 0.5203125 0.3734375000000001 0.5203125 0.3734375000000001 0.540625 0.4859375 0.540625
0 0.5359375 0.521875 0.50625 0.521875 0.50625 0.540625 0.5359375 0.540625
0 0.6046875 0.5171875 0.5578125 0.5171875 0.5578125 0.546875 0.6046875 0.546875
0 0.68125 0.51875 0.6171875 0.51875 0.6171875 0.5421875 0.68125 0.5421875
0 0.6875 0.5390625 0.684375 0.5390625 0.684375 0.540625 0.6875 0.540625