0 0.18593750000000003 0.19843750000000002 0.13281250000000006 0.1984375 0.13281250000000006 0.215625 0.18593750000000003 0.215625
0 0.228125 0.19843750000000004 0.19687500000000005 0.19843750000000004 0.19687500000000005 0.215625 0.228125 0.215625
0 0.3140625 0.19687500000000005 0.2390625 0.19687500000000005 0.2390625 0.2265625 0.3140625 0.2265625
0 0.3953125 0.20625000000000004 0.325 0.20625 0.325 0.22031250000000005 0.3953125 0.22031250000000008
0 0.45625 0.20468750000000008 0.4125 0.20468750000000008 0.4125 0.2171875000000001 0.45625 0.2171875000000001
0 0.509375 0.2015625000000001 0.4671875 0.2015625000000001 0.4671875 0.2250000000000001 0.509375 0.2250000000000001
0 0.515625 0.21250000000000008 0.5125 0.21250000000000008 0.5125 0.22031250000000008 0.515625 0.22031250000000008
0 0.5578125 0.2015625000000001 0.528125 0.2015625000000001 0.528125 0.2156250000000001 0.5578125 0.2156250000000001
0 0.6140625 0.2015625000000001 0.565625 0.2015625000000001 0.565625 0.2171875000000001 0.6140625 0.2171875000000001
0 0.6921875 0.1984375000000001 0.634375 0.1984375000000001 0.634375 0.2171875000000001 0.6921875 0.2171875000000001
0 0.759375 0.2015625000000001 0.7046875 0.2015625000000001 0.7046875 0.21875000000000008 0.759375 0.21875000000000008
0 0.815625 0.2000000000000001 0.7796875 0.2000000000000001 0.7796875 0.2171875000000001 0.815625 0.2171875000000001
0 0.2203125 0.246875 0.13593750000000004 0.246875 0.13593750000000004 0.275 0.2203125 0.275
0 0.2328125 0.2609375 0.228125 0.2609375 0.228125 0.271875 0.2328125 0.271875
0 0.2890625 0.253125 0.2421875 0.253125 0.2421875 0.26875 0.2890625 0.26875
0 0.396875 0.24843750000000003 0.3015625 0.2484375 0.3015625 0.2671875 0.396875 0.2671875000000001
0 0.440625 0.2500000000000001 0.4171875 0.2500000000000001 0.4171875 0.2656250000000001 0.440625 0.2656250000000001
0 0.5109375 0.2500000000000001 0.4546875 0.2500000000000001 0.4546875 0.2671875000000001 0.5109375 0.2671875000000001
0 0.5609375 0.2531250000000001 0.5296875 0.2531250000000001 0.5296875 0.2734375000000001 0.5609375 0.2734375000000001
0 0.6046875 0.2468750000000001 0.571875 0.2468750000000001 0.571875 0.2656250000000001 0.6046875 0.2656250000000001
0 0.6796875 0.2453125000000001 0.6078125 0.2453125000000001 0.6078125 0.2687500000000001 0.6796875 0.2687500000000001
0 0.6890625 0.2671875000000001 0.684375 0.2671875000000001 0.684375 0.27031250000000007 0.6890625 0.27031250000000007
0 0.721875 0.2531250000000001 0.6984375 0.2531250000000001 0.6984375 0.2671875000000001 0.721875 0.2671875000000001
0 0.7875 0.2515625000000001 0.7375 0.2515625000000001 0.7375 0.2671875000000001 0.7875 0.2671875000000001
0 0.225 0.2984375 0.13281250000000006 0.2984375 0.13281250000000006 0.31875 0.225 0.31875
0 0.2296875 0.3140625 0.225 0.3140625 0.225 0.321875 0.2296875 0.321875
0 0.2671875 0.2984375 0.2453125 0.2984375 0.2453125 0.3171875 0.2671875 0.3171875
0 0.3203125 0.3078125 0.2765625 0.3078125 0.2765625 0.31875 0.3203125 0.31875
0 0.346875 0.3 0.3421875 0.3 0.3421875 0.3046875 0.346875 0.3046875
0 0.44375 0.2984375 0.3453125 0.2984375 0.3453125 0.32500000000000007 0.44375 0.32500000000000007
0 0.4734375 0.3078125000000001 0.45 0.3078125000000001 0.45 0.31718750000000007 0.4734375 0.31718750000000007
0 0.5515625 0.3031250000000001 0.4828125 0.3031250000000001 0.4828125 0.3187500000000001 0.5515625 0.3187500000000001
0 0.55625 0.3156250000000001 0.5484375 0.3156250000000001 0.5484375 0.3234375000000001 0.55625 0.3234375000000001
0 0.559375 0.2984375000000001 0.55625 0.2984375000000001 0.55625 0.3046875000000001 0.559375 0.3046875000000001
0 0.6078125 0.3031250000000001 0.575 0.3031250000000001 0.575 0.31718750000000007 0.6078125 0.31718750000000007
0 0.68125 0.30156250000000007 0.621875 0.30156250000000007 0.621875 0.3218750000000001 0.68125 0.3218750000000001
0 0.6875 0.3156250000000001 0.6828125 0.3156250000000001 0.6828125 0.3234375000000001 0.6875 0.3234375000000001
0 0.7265625 0.30156250000000007 0.703125 0.30156250000000007 0.703125 0.3187500000000001 0.7265625 0.3187500000000001
0 0.8 0.3031250000000001 0.7515625 0.3031250000000001 0.7515625 0.3187500000000001 0.8 0.3187500000000001
0 0.21250000000000005 0.35 0.13437500000000005 0.35 0.13437500000000005 0.36875 0.21250000000000008 0.36875
0 0.21875000000000008 0.365625 0.2156250000000001 0.365625 0.2156250000000001 0.371875 0.21875000000000008 0.371875
0 0.2375 0.3546875 0.234375 0.3546875 0.234375 0.3609375 0.2375 0.3609375
0 0.26875000000000004 0.3515625 0.240625 0.3515625 0.24062500000000003 0.3671875 0.2687500000000001 0.3671875
0 0.321875 0.346875 0.278125 0.346875 0.27812500000000007 0.3734375 0.3218750000000001 0.3734375
0 0.37187500000000007 0.34843750000000007 0.334375 0.3484375 0.33437500000000003 0.36718750000000006 0.37187500000000007 0.3671875000000001
0 0.44375 0.3515625000000001 0.3859375 0.3515625000000001 0.38593750000000004 0.3734375000000001 0.44375 0.3734375000000001
0 0.509375 0.3578125000000001 0.4546875 0.3578125000000001 0.4546875 0.3765625000000001 0.509375 0.3765625000000001
0 0.56875 0.3500000000000001 0.521875 0.3500000000000001 0.521875 0.3687500000000001 0.56875 0.3687500000000001
0 0.6125 0.3578125000000001 0.5828125 0.3578125000000001 0.5828125 0.3687500000000001 0.6125 0.3687500000000001
0 0.68125 0.3500000000000001 0.628125 0.3500000000000001 0.628125 0.3671875000000001 0.68125 0.3671875000000001
0 0.7390625 0.3500000000000001 0.6921875 0.3500000000000001 0.6921875 0.3687500000000001 0.7390625 0.3687500000000001
0 0.828125 0.3500000000000001 0.7625 0.3500000000000001 0.7625 0.3750000000000001 0.828125 0.3750000000000001
0 0.8390625 0.36406250000000007 0.8359375 0.36406250000000007 0.8359375 0.3687500000000001 0.8390625 0.3687500000000001
0 0.17343750000000005 0.4015625 0.13906250000000003 0.4015625 0.13906250000000003 0.41875 0.17343750000000005 0.41875
0 0.2750000000000001 0.4046875 0.19062500000000004 0.4046875 0.19062500000000004 0.4265625 0.2750000000000001 0.4265625
0 0.3265625000000001 0.4015625 0.2921875000000001 0.4015625 0.2921875000000001 0.41875 0.3265625000000001 0.41875
0 0.3828125000000001 0.4015625 0.3359375000000001 0.4015625 0.3359375000000001 0.41875 0.3828125000000001 0.41875
0 0.4765625 0.4 0.3921875000000001 0.4 0.3921875000000001 0.4265625 0.4765625 0.4265625
0 0.515625 0.4109375 0.4890625 0.4109375 0.4890625 0.4203125 0.515625 0.4203125
0 0.525 0.415625 0.51875 0.415625 0.51875 0.425 0.525 0.425
0 0.5625 0.4078125 0.5390625 0.4078125 0.5390625 0.41875 0.5625 0.41875
0 0.621875 0.4015625 0.571875 0.4015625 0.571875 0.41875 0.621875 0.41875
0 0.6703125 0.4 0.6359375 0.4 0.6359375 0.41875 0.6703125 0.41875
0 0.7296875 0.4015625000000001 0.6828125 0.4015625 0.6828125 0.41875000000000007 0.7296875 0.4187500000000002
0 0.8125 0.4031250000000002 0.7453125 0.4031250000000002 0.7453125 0.4203125000000002 0.8125 0.4203125000000002
0 0.19062500000000004 0.45 0.14218750000000005 0.45 0.14218750000000005 0.46875 0.19062500000000004 0.46875
0 0.2578125000000001 0.4515625 0.2140625000000001 0.4515625 0.2140625000000001 0.46875 0.2578125000000001 0.46875
0 0.33281250000000007 0.4515625 0.2640625000000001 0.4515625 0.2640625000000001 0.4734375 0.33281250000000007 0.4734375
0 0.3437500000000001 0.465625 0.3390625000000001 0.465625 0.3390625000000001 0.471875 0.3437500000000001 0.471875
0 0.3937500000000001 0.4515625 0.3546875000000001 0.4515625 0.3546875000000001 0.4703125 0.3937500000000001 0.4703125
0 0.4296875 0.45 0.403125 0.45 0.403125 0.46875 0.4296875 0.46875
0 0.5703125 0.45 0.44375 0.45 0.44375 0.475 0.5703125 0.475
0 0.6046875 0.453125 0.584375 0.453125 0.584375 0.46875 0.6046875 0.46875
0 0.6578125 0.453125 0.615625 0.453125 0.615625 0.4796875 0.6578125 0.4796875
0 0.684375 0.4546875 0.6734375 0.4546875 0.6734375 0.4703125 0.684375 0.4703125
0 0.7203125 0.45625 0.7046875 0.45625 0.7046875 0.46875 0.7203125 0.46875
0 0.778125 0.4531250000000001 0.725 0.453125 0.725 0.4703125000000001 0.778125 0.4703125000000002
0 0.8453125 0.4546875000000002 0.7984375 0.4546875000000002 0.7984375 0.4703125000000002 0.8453125 0.4703125000000002
0 0.18125000000000005 0.503125 0.14218750000000005 0.503125 0.14218750000000005 0.528125 0.18125000000000005 0.528125
0 0.27812500000000007 0.5015625 0.2000000000000001 0.5015625 0.2000000000000001 0.528125 0.27812500000000007 0.528125
0 0.3109375000000001 0.5015625 0.28593750000000007 0.5015625 0.28593750000000007 0.5234375 0.3109375000000001 0.5234375
0 0.3343750000000001 0.5109375 0.3203125000000001 0.5109375 0.3203125000000001 0.5203125 0.3343750000000001 0.5203125
0 0.3921875000000001 0.496875 0.3546875000000001 0.496875 0.3546875000000001 0.525 0.3921875000000001 0.525
0 0.415625 0.5140625 0.39531250000000007 0.5140625 0.39531250000000007 0.51875 0.415625 0.51875
0 0.4234375 0.515625 0.4203125 0.515625 0.4203125 0.51875 0.4234375 0.51875