0 0.2203125 0.19843750000000002 0.14531250000000004 0.1984375 0.14531250000000004 0.2171875 0.2203125 0.2171875
0 0.29375 0.2 0.2421875 0.2 0.2421875 0.2171875 0.29375 0.2171875
0 0.3765625 0.20000000000000004 0.3125 0.2 0.3125 0.21718750000000003 0.3765625 0.2171875000000001
0 0.4390625 0.2062500000000001 0.3984375 0.2062500000000001 0.3984375 0.2171875000000001 0.4390625 0.2171875000000001
0 0.478125 0.20312500000000008 0.4578125 0.20312500000000008 0.4578125 0.2171875000000001 0.478125 0.2171875000000001
0 0.5578125 0.2015625000000001 0.503125 0.2015625000000001 0.503125 0.2171875000000001 0.5578125 0.2171875000000001
0 0.6015625 0.2015625000000001 0.58125 0.2015625000000001 0.58125 0.2171875000000001 0.6015625 0.2171875000000001
0 0.653125 0.2015625000000001 0.6234375 0.2015625000000001 0.6234375 0.2156250000000001 0.653125 0.2156250000000001
0 0.7609375 0.2015625000000001 0.684375 0.2015625000000001 0.684375 0.2171875000000001 0.7609375 0.2171875000000001
0 0.85 0.2000000000000001 0.7796875 0.2000000000000001 0.7796875 0.2156250000000001 0.85 0.2156250000000001
0 0.16718750000000004 0.25 0.14375000000000004 0.25 0.14375000000000004 0.2671875 0.16718750000000004 0.2671875
0 0.275 0.25 0.19531250000000006 0.25 0.19531250000000006 0.26875 0.275 0.26875
0 0.2859375 0.2671875 0.28125 0.2671875 0.28125 0.275 0.2859375 0.275
0 0.3484375 0.259375 0.3 0.259375 0.3 0.2671875 0.3484375 0.2671875
0 0.4484375 0.2515625000000001 0.36875 0.2515625000000001 0.36875 0.2765625000000001 0.4484375 0.2765625000000001
0 0.45625 0.27031250000000007 0.453125 0.27031250000000007 0.453125 0.2750000000000001 0.45625 0.2750000000000001
0 0.546875 0.2531250000000001 0.4765625 0.2531250000000001 0.4765625 0.27812500000000007 0.546875 0.27812500000000007
0 0.6015625 0.2515625000000001 0.5703125 0.2515625000000001 0.5703125 0.2687500000000001 0.6015625 0.2687500000000001
0 0.684375 0.2531250000000001 0.61875 0.2531250000000001 0.61875 0.2687500000000001 0.684375 0.2687500000000001
0 0.6921875 0.2671875000000001 0.6890625 0.2671875000000001 0.6890625 0.2687500000000001 0.6921875 0.2687500000000001
0 0.7296875 0.2500000000000001 0.715625 0.2500000000000001 0.715625 0.2656250000000001 0.7296875 0.2656250000000001
0 0.7953125 0.2515625000000001 0.7421875 0.2515625000000001 0.7421875 0.2765625000000001 0.7953125 0.2765625000000001
0 0.8421875 0.2578125000000001 0.81875 0.2578125000000001 0.81875 0.2671875000000001 0.8421875 0.2671875000000001
0 0.16250000000000003 0.3046875 0.14062500000000006 0.3046875 0.14062500000000006 0.31875 0.16250000000000003 0.31875
0 0.2953125 0.3046875 0.18750000000000006 0.3046875 0.18750000000000006 0.321875 0.2953125 0.321875
0 0.340625 0.3046875 0.3109375 0.3046875 0.3109375 0.31875 0.340625 0.31875
0 0.4953125 0.30468750000000006 0.359375 0.3046875 0.359375 0.32812500000000006 0.4953125 0.3281250000000001
0 0.5859375 0.3046875000000001 0.51875 0.3046875000000001 0.51875 0.32500000000000007 0.5859375 0.32500000000000007
0 0.6453125 0.3046875000000001 0.6078125 0.3046875000000001 0.6078125 0.3187500000000001 0.6453125 0.3187500000000001
0 0.69375 0.3046875000000001 0.665625 0.3046875000000001 0.665625 0.3187500000000001 0.69375 0.3187500000000001
0 0.81875 0.3046875000000001 0.715625 0.3046875000000001 0.715625 0.3265625000000001 0.81875 0.3265625000000001
0 0.8203125 0.31718750000000007 0.8171875 0.31718750000000007 0.8171875 0.3187500000000001 0.8203125 0.3187500000000001
0 0.16562500000000005 0.35625 0.14218750000000005 0.35625 0.14218750000000005 0.371875 0.16562500000000005 0.371875
0 0.22343750000000004 0.35625 0.18593750000000003 0.35625 0.18593750000000003 0.3703125 0.2234375000000001 0.3703125
0 0.353125 0.35625 0.25 0.35625 0.25000000000000006 0.371875 0.3531250000000001 0.371875
0 0.41875 0.3546875000000001 0.3796875 0.3546875000000001 0.37968750000000007 0.3703125000000001 0.41875 0.3703125000000001
0 0.45625 0.35625000000000007 0.4375 0.35625000000000007 0.4375 0.3703125000000001 0.45625 0.3703125000000001
0 0.534375 0.3546875000000001 0.478125 0.3546875000000001 0.478125 0.37187500000000007 0.534375 0.37187500000000007
0 0.646875 0.35625000000000007 0.559375 0.35625000000000007 0.559375 0.3812500000000001 0.646875 0.3812500000000001
0 0.678125 0.3625000000000001 0.6671875 0.3625000000000001 0.6671875 0.3703125000000001 0.678125 0.3703125000000001
0 0.7765625 0.3546875000000001 0.70625 0.3546875000000001 0.70625 0.37968750000000007 0.7765625 0.37968750000000007
0 0.7859375 0.3703125000000001 0.7828125 0.3703125000000001 0.7828125 0.3765625000000001 0.7859375 0.3765625000000001
0 0.23593750000000008 0.40625 0.14531250000000004 0.40625 0.14531250000000004 0.4296875 0.23593750000000008 0.4296875
0 0.30156250000000007 0.4140625 0.2609375000000001 0.4140625 0.2609375000000001 0.421875 0.30156250000000007 0.421875
0 0.37187500000000007 0.4078125 0.3296875000000001 0.4078125 0.3296875000000001 0.421875 0.37187500000000007 0.421875
0 0.403125 0.4125 0.3921875000000001 0.4125 0.3921875000000001 0.4203125 0.403125 0.4203125
0 0.4703125 0.4078125 0.41875 0.4078125 0.41875 0.428125 0.4703125 0.428125
0 0.5328125 0.40625 0.4953125 0.40625 0.4953125 0.4203125 0.5328125 0.4203125
0 0.6484375 0.40625 0.5546875 0.40625 0.5546875 0.43125 0.6484375 0.43125
0 0.78125 0.4046875000000001 0.671875 0.4046875 0.671875 0.4218750000000001 0.78125 0.42187500000000017
0 0.7875 0.42187500000000017 0.784375 0.42187500000000017 0.784375 0.4281250000000002 0.7875 0.4281250000000002
0 0.3062500000000001 0.4578125 0.14218750000000005 0.4578125 0.14218750000000005 0.478125 0.3062500000000001 0.478125
0 0.3656250000000001 0.459375 0.3234375000000001 0.459375 0.3234375000000001 0.4734375 0.3656250000000001 0.4734375
0 0.4484375 0.459375 0.3906250000000001 0.459375 0.3906250000000001 0.4734375 0.4484375 0.4734375
0 0.4671875 0.4640625 0.453125 0.4640625 0.453125 0.478125 0.4671875 0.478125
0 0.521875 0.459375 0.490625 0.459375 0.490625 0.471875 0.521875 0.471875
0 0.609375 0.4578125 0.55 0.4578125 0.55 0.478125 0.609375 0.478125
0 0.7359375 0.4562500000000001 0.6390625 0.45625 0.6390625 0.4718750000000001 0.7359375 0.47187500000000016
0 0.7375 0.47187500000000016 0.7328125 0.47187500000000016 0.7328125 0.47968750000000016 0.7375 0.47968750000000016
0 0.8421875 0.45625000000000016 0.7578125 0.45625000000000016 0.7578125 0.4781250000000002 0.8421875 0.4781250000000002
0 0.18437500000000004 0.5078125 0.14375000000000004 0.5078125 0.14375000000000004 0.5234375 0.18437500000000004 0.5234375
0 0.3140625000000001 0.509375 0.2062500000000001 0.509375 0.2062500000000001 0.53125 0.3140625000000001 0.53125
0 0.3281250000000001 0.5234375 0.32500000000000007 0.5234375 0.32500000000000007 0.528125 0.3281250000000001 0.528125
0 0.35625000000000007 0.50625 0.3515625000000001 0.50625 0.3515625000000001 0.5140625 0.35625000000000007 0.5140625
0 0.3890625000000001 0.509375 0.36406250000000007 0.509375 0.36406250000000007 0.521875 0.3890625000000001 0.521875
0 0.4421875 0.509375 0.4140625 0.509375 0.4140625 0.5234375 0.4421875 0.5234375
0 0.5390625 0.5140625 0.4546875 0.5140625 0.4546875 0.5296875 0.5390625 0.5296875
0 0.58125 0.5078125 0.559375 0.5078125 0.559375 0.521875 0.58125 0.521875
0 0.6796875 0.5078125 0.5984375 0.5078125 0.5984375 0.528125 0.6796875 0.528125
0 0.73125 0.5078125000000001 0.70625 0.5078125 0.70625 0.5234375000000001 0.73125 0.5234375000000002
0 0.7953125 0.5125000000000002 0.75625 0.5125000000000002 0.75625 0.5218750000000002 0.7953125 0.5218750000000002
0 0.8703125 0.5062500000000002 0.8234375 0.5062500000000002 0.8234375 0.5281250000000002 0.8703125 0.5281250000000002
0 0.21093750000000008 0.559375 0.1468750000000001 0.559375 0.1468750000000001 0.571875 0.21093750000000008 0.571875
0 0.2140625000000001 0.571875 0.21093750000000008 0.571875 0.21093750000000008 0.5734375 0.2140625000000001 0.5734375
0 0.22031250000000008 0.55625 0.2171875000000001 0.55625 0.2171875000000001 0.5609375 0.22031250000000008 0.5609375