0 0.2109375 0.2171875 0.16250000000000003 0.2171875 0.16250000000000003 0.2328125 0.2109375 0.2328125
0 0.2984375 0.2203125 0.2359375 0.2203125 0.2359375 0.240625 0.2984375 0.240625
0 0.3625 0.2265625 0.325 0.2265625 0.325 0.2328125 0.3625 0.2328125
0 0.4265625 0.22031250000000008 0.3859375 0.22031250000000008 0.3859375 0.23437500000000008 0.4265625 0.23437500000000008
0 0.5421875 0.2171875000000001 0.465625 0.2171875000000001 0.465625 0.2375000000000001 0.5421875 0.2375000000000001
0 0.6 0.22031250000000008 0.5703125 0.22031250000000008 0.5703125 0.2375000000000001 0.6 0.2375000000000001
0 0.73125 0.21875000000000008 0.6359375 0.21875000000000008 0.6359375 0.2406250000000001 0.73125 0.2406250000000001
0 0.7546875 0.2250000000000001 0.7515625 0.2250000000000001 0.7515625 0.2312500000000001 0.7546875 0.2312500000000001
0 0.778125 0.2171875000000001 0.7765625 0.2171875000000001 0.7765625 0.2218750000000001 0.778125 0.2218750000000001
0 0.890625 0.22031250000000008 0.784375 0.22031250000000008 0.784375 0.23437500000000008 0.890625 0.23437500000000008
0 0.90625 0.22031250000000008 0.89375 0.22031250000000008 0.89375 0.2375000000000001 0.90625 0.2375000000000001
0 0.2328125 0.2671875 0.16718750000000004 0.2671875 0.16718750000000004 0.2890625 0.2328125 0.2890625
0 0.2890625 0.2703125 0.25625 0.2703125 0.25625 0.2828125 0.2890625 0.2828125
0 0.296875 0.2828125 0.2921875 0.2828125 0.2921875 0.2890625 0.296875 0.2890625
0 0.3875 0.26875000000000004 0.3296875 0.26875 0.3296875 0.28125000000000006 0.3875 0.2812500000000001
0 0.425 0.2671875000000001 0.421875 0.2671875000000001 0.421875 0.2734375000000001 0.425 0.2734375000000001
0 0.5078125 0.27031250000000007 0.4453125 0.27031250000000007 0.4453125 0.2828125000000001 0.5078125 0.2828125000000001
0 0.6734375 0.27031250000000007 0.5453125 0.27031250000000007 0.5453125 0.2843750000000001 0.6734375 0.2843750000000001
0 0.6796875 0.2828125000000001 0.675 0.2828125000000001 0.675 0.2890625000000001 0.6796875 0.2890625000000001
0 0.7078125 0.2687500000000001 0.7046875 0.2687500000000001 0.7046875 0.2734375000000001 0.7078125 0.2734375000000001
0 0.721875 0.27031250000000007 0.7171875 0.27031250000000007 0.7171875 0.2812500000000001 0.721875 0.2812500000000001
0 0.784375 0.27031250000000007 0.7359375 0.27031250000000007 0.7359375 0.2828125000000001 0.784375 0.2828125000000001
0 0.9 0.27031250000000007 0.8125 0.27031250000000007 0.8125 0.2843750000000001 0.9 0.2843750000000001
0 0.2125 0.328125 0.15781250000000005 0.328125 0.15781250000000005 0.3390625 0.2125 0.3390625
0 0.2984375 0.3203125 0.240625 0.3203125 0.240625 0.334375 0.2984375 0.334375
0 0.353125 0.3203125 0.3234375 0.3203125 0.3234375 0.3375 0.353125 0.3375
0 0.490625 0.3203125000000001 0.3796875 0.3203125000000001 0.3796875 0.3390625000000001 0.490625 0.3390625000000001
0 0.5046875 0.3281250000000001 0.503125 0.3281250000000001 0.503125 0.3296875000000001 0.5046875 0.3296875000000001
0 0.5265625 0.3187500000000001 0.5234375 0.3187500000000001 0.5234375 0.3234375000000001 0.5265625 0.3234375000000001
0 0.5484375 0.3218750000000001 0.54375 0.3218750000000001 0.54375 0.33281250000000007 0.5484375 0.33281250000000007
0 0.596875 0.3265625000000001 0.565625 0.3265625000000001 0.565625 0.33281250000000007 0.596875 0.33281250000000007
0 0.640625 0.3203125000000001 0.6078125 0.3203125000000001 0.6078125 0.3343750000000001 0.640625 0.3343750000000001
0 0.7578125 0.3203125000000001 0.6671875 0.3203125000000001 0.6671875 0.34062500000000007 0.7578125 0.34062500000000007
0 0.8 0.3218750000000001 0.778125 0.3218750000000001 0.778125 0.33281250000000007 0.8 0.33281250000000007
0 0.878125 0.3203125000000001 0.8203125 0.3203125000000001 0.8203125 0.34062500000000007 0.878125 0.34062500000000007
0 0.2015625000000001 0.371875 0.16093750000000004 0.371875 0.16093750000000004 0.384375 0.2015625000000001 0.384375
0 0.3375000000000001 0.371875 0.22656250000000008 0.371875 0.22656250000000008 0.384375 0.3375000000000001 0.384375
0 0.3921875000000001 0.37187500000000007 0.36406250000000007 0.37187500000000007 0.36406250000000007 0.3890625000000001 0.3921875000000001 0.3890625000000001
0 0.4484375 0.3781250000000001 0.415625 0.3781250000000001 0.415625 0.3890625000000001 0.4484375 0.3890625000000001
0 0.5203125 0.37187500000000007 0.4828125 0.37187500000000007 0.4828125 0.3890625000000001 0.5203125 0.3890625000000001
0 0.571875 0.37187500000000007 0.546875 0.37187500000000007 0.546875 0.3828125000000001 0.571875 0.3828125000000001
0 0.7078125 0.37187500000000007 0.60625 0.37187500000000007 0.60625 0.3843750000000001 0.7078125 0.3843750000000001
0 0.725 0.3828125000000001 0.721875 0.3828125000000001 0.721875 0.3906250000000001 0.725 0.3906250000000001
0 0.7546875 0.37187500000000007 0.740625 0.37187500000000007 0.740625 0.3843750000000001 0.7546875 0.3843750000000001
0 0.8921875 0.3781250000000001 0.78125 0.3781250000000001 0.78125 0.3843750000000001 0.8921875 0.3843750000000001
0 0.17187500000000006 0.4203125 0.15937500000000004 0.4203125 0.15937500000000004 0.4375 0.17187500000000006 0.4375
0 0.2000000000000001 0.421875 0.17968750000000006 0.421875 0.17968750000000006 0.4390625 0.2000000000000001 0.4390625
0 0.2687500000000001 0.428125 0.22031250000000008 0.428125 0.22031250000000008 0.434375 0.2687500000000001 0.434375
0 0.39531250000000007 0.421875 0.3000000000000001 0.421875 0.3000000000000001 0.4359375 0.39531250000000007 0.4359375
0 0.475 0.4296875 0.41875 0.4296875 0.41875 0.4359375 0.475 0.4359375
0 0.5296875 0.4234375 0.4984375 0.4234375 0.4984375 0.4359375 0.5296875 0.4359375
0 0.596875 0.421875 0.5609375 0.421875 0.5609375 0.434375 0.596875 0.434375
0 0.7234375 0.421875 0.621875 0.421875 0.621875 0.4375 0.7234375 0.4375
0 0.7375 0.4343750000000002 0.7328125 0.4343750000000002 0.7328125 0.4421875000000002 0.7375 0.4421875000000002
0 0.7734375 0.4234375000000002 0.7625 0.4234375000000002 0.7625 0.43281250000000016 0.7734375 0.43281250000000016
0 0.8296875 0.42187500000000017 0.778125 0.42187500000000017 0.778125 0.4437500000000002 0.8296875 0.4437500000000002
0 0.18281250000000004 0.478125 0.15781250000000005 0.478125 0.15781250000000005 0.4859375 0.18281250000000004 0.4859375
0 0.2640625000000001 0.471875 0.21093750000000008 0.471875 0.21093750000000008 0.4859375 0.2640625000000001 0.4859375
0 0.3281250000000001 0.4734375 0.2968750000000001 0.4734375 0.2968750000000001 0.4859375 0.3281250000000001 0.4859375
0 0.37187500000000007 0.478125 0.35625000000000007 0.478125 0.35625000000000007 0.484375 0.37187500000000007 0.484375
0 0.4984375 0.471875 0.4015625 0.471875 0.4015625 0.484375 0.4984375 0.484375
0 0.521875 0.484375 0.5171875 0.484375 0.5171875 0.490625 0.521875 0.490625
0 0.553125 0.4734375 0.55 0.4734375 0.55 0.484375 0.553125 0.484375
0 0.6203125 0.475 0.571875 0.475 0.571875 0.4859375 0.6203125 0.4859375
0 0.690625 0.4734375 0.64375 0.4734375 0.64375 0.4890625 0.690625 0.4890625
0 0.7375 0.4718750000000001 0.7171875 0.471875 0.7171875 0.4859375000000001 0.7375 0.4859375000000002
0 0.8265625 0.47187500000000016 0.765625 0.47187500000000016 0.765625 0.4859375000000002 0.8265625 0.4859375000000002
0 0.20312500000000008 0.53125 0.16093750000000004 0.53125 0.16093750000000004 0.5421875 0.20312500000000008 0.5421875
0 0.2843750000000001 0.5265625 0.24375000000000008 0.5265625 0.24375000000000008 0.5421875 0.2843750000000001 0.5421875
0 0.3593750000000001 0.521875 0.3218750000000001 0.521875 0.3218750000000001 0.5359375 0.3593750000000001 0.5359375
0 0.44375 0.5234375 0.3890625000000001 0.5234375 0.3890625000000001 0.540625 0.44375 0.540625
0 0.484375 0.5203125 0.46875 0.5203125 0.46875 0.534375 0.484375 0.534375
0 0.5359375 0.521875 0.5171875 0.521875 0.5171875 0.5375 0.5359375 0.5375
0 0.6390625 0.5234375 0.5625 0.5234375 0.5625 0.5375 0.6390625 0.5375
0 0.675 0.5234375 0.6609375 0.5234375 0.6609375 0.5375 0.675 0.5375
0 0.6828125 0.534375 0.6796875 0.534375 0.6796875 0.5359375 0.6828125 0.5359375