0 0.19062500000000004 0.203125 0.13750000000000004 0.203125 0.13750000000000004 0.221875 0.19062500000000004 0.221875
0 0.33125 0.203125 0.2140625 0.203125 0.2140625 0.2234375 0.33125 0.2234375
0 0.396875 0.21406250000000004 0.3546875 0.2140625 0.3546875 0.22343750000000004 0.396875 0.2234375000000001
0 0.4421875 0.20468750000000008 0.4234375 0.20468750000000008 0.4234375 0.2296875000000001 0.4421875 0.2296875000000001
0 0.5546875 0.2062500000000001 0.4609375 0.2062500000000001 0.4609375 0.2234375000000001 0.5546875 0.2234375000000001
0 0.5671875 0.2250000000000001 0.5640625 0.2250000000000001 0.5640625 0.2312500000000001 0.5671875 0.2312500000000001
0 0.6578125 0.20312500000000008 0.584375 0.20312500000000008 0.584375 0.2250000000000001 0.6578125 0.2250000000000001
0 0.7171875 0.20312500000000008 0.684375 0.20312500000000008 0.684375 0.2234375000000001 0.7171875 0.2234375000000001
0 0.8109375 0.20312500000000008 0.7328125 0.20312500000000008 0.7328125 0.2234375000000001 0.8109375 0.2234375000000001
0 0.228125 0.25 0.14218750000000005 0.25 0.14218750000000005 0.271875 0.228125 0.271875
0 0.3671875 0.25000000000000006 0.2546875 0.25 0.2546875 0.27187500000000003 0.3671875 0.2718750000000001
0 0.4046875 0.2515625000000001 0.3859375 0.2515625000000001 0.3859375 0.2718750000000001 0.4046875 0.2718750000000001
0 0.534375 0.2500000000000001 0.428125 0.2500000000000001 0.428125 0.2843750000000001 0.534375 0.2843750000000001
0 0.5734375 0.26250000000000007 0.5609375 0.26250000000000007 0.5609375 0.2718750000000001 0.5734375 0.2718750000000001
0 0.6421875 0.26250000000000007 0.5921875 0.26250000000000007 0.5921875 0.2812500000000001 0.6421875 0.2812500000000001
0 0.6890625 0.2640625000000001 0.665625 0.2640625000000001 0.665625 0.2718750000000001 0.6890625 0.2718750000000001
0 0.7421875 0.2531250000000001 0.7046875 0.2531250000000001 0.7046875 0.2734375000000001 0.7421875 0.2734375000000001
0 0.80625 0.2500000000000001 0.765625 0.2500000000000001 0.765625 0.2734375000000001 0.80625 0.2734375000000001
0 0.85625 0.2640625000000001 0.83125 0.2640625000000001 0.83125 0.2734375000000001 0.85625 0.2734375000000001
0 0.15156250000000004 0.303125 0.14687500000000003 0.303125 0.14687500000000003 0.3109375 0.15156250000000004 0.3109375
0 0.2109375 0.3109375 0.15781250000000005 0.3109375 0.15781250000000005 0.3203125 0.2109375 0.3203125
0 0.2765625 0.3046875 0.2328125 0.3046875 0.2328125 0.321875 0.2765625 0.321875
0 0.3140625 0.3125 0.296875 0.3125 0.296875 0.3234375 0.3140625 0.3234375
0 0.390625 0.30156250000000007 0.34375 0.3015625 0.34375 0.32343750000000004 0.390625 0.3234375000000001
0 0.4625 0.3125000000000001 0.4125 0.3125000000000001 0.4125 0.3296875000000001 0.4625 0.3296875000000001
0 0.540625 0.3031250000000001 0.4828125 0.3031250000000001 0.4828125 0.3218750000000001 0.540625 0.3218750000000001
0 0.603125 0.3046875000000001 0.565625 0.3046875000000001 0.565625 0.3234375000000001 0.603125 0.3234375000000001
0 0.640625 0.3140625000000001 0.6296875 0.3140625000000001 0.6296875 0.3218750000000001 0.640625 0.3218750000000001
0 0.7359375 0.3046875000000001 0.665625 0.3046875000000001 0.665625 0.3234375000000001 0.7359375 0.3234375000000001
0 0.815625 0.3062500000000001 0.7625 0.3062500000000001 0.7625 0.3359375000000001 0.815625 0.3359375000000001
0 0.828125 0.3046875000000001 0.8234375 0.3046875000000001 0.8234375 0.3109375000000001 0.828125 0.3109375000000001
0 0.85 0.3234375000000001 0.8421875 0.3234375000000001 0.8421875 0.3312500000000001 0.85 0.3312500000000001
0 0.19375000000000003 0.35 0.15468750000000003 0.35 0.15468750000000003 0.3703125 0.19375000000000003 0.3703125
0 0.22968750000000004 0.3625 0.2078125 0.3625 0.20781250000000004 0.3703125 0.2296875000000001 0.3703125
0 0.36875 0.35781250000000003 0.259375 0.3578125 0.259375 0.38593750000000004 0.3687500000000001 0.3859375000000001
0 0.4640625 0.35625000000000007 0.390625 0.35625000000000007 0.39062500000000006 0.3734375000000001 0.4640625 0.3734375000000001
0 0.503125 0.3546875000000001 0.4828125 0.3546875000000001 0.4828125 0.3843750000000001 0.503125 0.3843750000000001
0 0.61875 0.3531250000000001 0.525 0.3531250000000001 0.525 0.37968750000000007 0.61875 0.37968750000000007
0 0.7171875 0.3625000000000001 0.64375 0.3625000000000001 0.64375 0.3843750000000001 0.7171875 0.3843750000000001
0 0.8609375 0.3546875000000001 0.740625 0.3546875000000001 0.740625 0.3734375000000001 0.8609375 0.3734375000000001
0 0.2484375000000001 0.4046875 0.15625000000000006 0.4046875 0.15625000000000006 0.421875 0.2484375000000001 0.421875
0 0.30937500000000007 0.415625 0.2671875000000001 0.415625 0.2671875000000001 0.425 0.30937500000000007 0.425
0 0.3515625000000001 0.409375 0.33281250000000007 0.409375 0.33281250000000007 0.4234375 0.3515625000000001 0.4234375
0 0.4046875 0.403125 0.3734375000000001 0.403125 0.3734375000000001 0.4234375 0.4046875 0.4234375
0 0.4890625 0.403125 0.4296875 0.403125 0.4296875 0.4234375 0.4890625 0.4234375
0 0.5421875 0.403125 0.515625 0.403125 0.515625 0.4359375 0.5421875 0.4359375
0 0.6359375 0.40625 0.55625 0.40625 0.55625 0.43125 0.6359375 0.43125
0 0.65 0.4203125 0.646875 0.4203125 0.646875 0.4234375 0.65 0.4234375
0 0.71875 0.403125 0.671875 0.403125 0.671875 0.4234375 0.71875 0.4234375
0 0.7671875 0.40625000000000017 0.74375 0.40625000000000017 0.74375 0.43750000000000017 0.7671875 0.43750000000000017
0 0.84375 0.4031250000000002 0.78125 0.4031250000000002 0.78125 0.42500000000000016 0.84375 0.42500000000000016
0 0.2078125000000001 0.4609375 0.16093750000000004 0.4609375 0.16093750000000004 0.4734375 0.2078125000000001 0.4734375
0 0.2531250000000001 0.4515625 0.2234375000000001 0.4515625 0.2234375000000001 0.471875 0.2531250000000001 0.471875
0 0.3968750000000001 0.453125 0.27031250000000007 0.453125 0.27031250000000007 0.4828125 0.3968750000000001 0.4828125
0 0.4125 0.4703125 0.4078125 0.4703125 0.4078125 0.4796875 0.4125 0.4796875
0 0.4671875 0.4515625 0.4359375 0.4515625 0.4359375 0.4734375 0.4671875 0.4734375
0 0.578125 0.453125 0.4921875 0.453125 0.4921875 0.4875 0.578125 0.4875
0 0.6671875 0.4546875 0.6015625 0.4546875 0.6015625 0.4765625 0.6671875 0.4765625
0 0.678125 0.4765625 0.6734375 0.4765625 0.6734375 0.4828125 0.678125 0.4828125
0 0.7578125 0.4531250000000001 0.696875 0.453125 0.696875 0.4765625000000001 0.7578125 0.47656250000000017
0 0.8703125 0.4515625000000002 0.778125 0.4515625000000002 0.778125 0.48750000000000016 0.8703125 0.48750000000000016
0 0.2640625000000001 0.5046875 0.15781250000000005 0.5046875 0.15781250000000005 0.525 0.2640625000000001 0.525
0 0.3031250000000001 0.509375 0.2843750000000001 0.509375 0.2843750000000001 0.5234375 0.3031250000000001 0.5234375
0 0.3734375000000001 0.5046875 0.3296875000000001 0.5046875 0.3296875000000001 0.53125 0.3734375000000001 0.53125
0 0.4546875 0.5046875 0.3828125000000001 0.5046875 0.3828125000000001 0.525 0.4546875 0.525
0 0.471875 0.5203125 0.4671875 0.5203125 0.4671875 0.5234375 0.471875 0.5234375