0 0.18750000000000006 0.203125 0.15000000000000005 0.203125 0.15000000000000005 0.228125 0.18750000000000006 0.228125
0 0.25 0.20625 0.2046875 0.20625 0.2046875 0.2296875 0.25 0.2296875
0 0.259375 0.21875 0.2578125 0.21875 0.2578125 0.221875 0.259375 0.221875
0 0.353125 0.203125 0.28125 0.203125 0.28125 0.2234375 0.353125 0.2234375
0 0.3625 0.2203125 0.3609375 0.2203125 0.3609375 0.225 0.3625 0.225
0 0.4296875 0.20312500000000008 0.3890625 0.20312500000000008 0.3890625 0.2218750000000001 0.4296875 0.2218750000000001
0 0.4578125 0.20468750000000008 0.4484375 0.20468750000000008 0.4484375 0.2218750000000001 0.4578125 0.2218750000000001
0 0.515625 0.2140625000000001 0.4796875 0.2140625000000001 0.4796875 0.2296875000000001 0.515625 0.2296875000000001
0 0.553125 0.2062500000000001 0.53125 0.2062500000000001 0.53125 0.2218750000000001 0.553125 0.2218750000000001
0 0.5828125 0.2140625000000001 0.571875 0.2140625000000001 0.571875 0.22031250000000008 0.5828125 0.22031250000000008
0 0.6421875 0.20312500000000008 0.5984375 0.20312500000000008 0.5984375 0.22812500000000008 0.6421875 0.22812500000000008
0 0.7296875 0.20468750000000008 0.6609375 0.20468750000000008 0.6609375 0.22812500000000008 0.7296875 0.22812500000000008
0 0.75625 0.20468750000000008 0.74375 0.20468750000000008 0.74375 0.22031250000000008 0.75625 0.22031250000000008
0 0.8109375 0.20468750000000008 0.7734375 0.20468750000000008 0.7734375 0.2218750000000001 0.8109375 0.2218750000000001
0 0.8515625 0.20468750000000008 0.828125 0.20468750000000008 0.828125 0.2234375000000001 0.8515625 0.2234375000000001
0 0.19062500000000004 0.2578125 0.14843750000000006 0.2578125 0.14843750000000006 0.278125 0.19062500000000004 0.278125
0 0.2296875 0.2625 0.209375 0.2625 0.209375 0.278125 0.2296875 0.278125
0 0.284375 0.253125 0.25 0.253125 0.25 0.271875 0.284375 0.271875
0 0.2890625 0.2703125 0.2875 0.2703125 0.2875 0.271875 0.2890625 0.271875
0 0.3421875 0.2546875 0.309375 0.2546875 0.309375 0.2734375 0.3421875 0.2734375
0 0.3890625 0.25468750000000007 0.359375 0.2546875 0.359375 0.27343750000000006 0.3890625 0.2734375000000001
0 0.4390625 0.2531250000000001 0.3984375 0.2531250000000001 0.3984375 0.2718750000000001 0.4390625 0.2718750000000001
0 0.496875 0.2640625000000001 0.4625 0.2640625000000001 0.4625 0.2734375000000001 0.496875 0.2734375000000001
0 0.540625 0.25468750000000007 0.5046875 0.25468750000000007 0.5046875 0.2718750000000001 0.540625 0.2718750000000001
0 0.55 0.2687500000000001 0.5484375 0.2687500000000001 0.5484375 0.2734375000000001 0.55 0.2734375000000001
0 0.56875 0.2531250000000001 0.559375 0.2531250000000001 0.559375 0.2718750000000001 0.56875 0.2718750000000001
0 0.684375 0.25468750000000007 0.584375 0.25468750000000007 0.584375 0.2734375000000001 0.684375 0.2734375000000001
0 0.69375 0.27031250000000007 0.6921875 0.27031250000000007 0.6921875 0.2765625000000001 0.69375 0.2765625000000001
0 0.7453125 0.25468750000000007 0.7078125 0.25468750000000007 0.7078125 0.2718750000000001 0.7453125 0.2718750000000001
0 0.778125 0.26250000000000007 0.7578125 0.26250000000000007 0.7578125 0.2718750000000001 0.778125 0.2718750000000001
0 0.8515625 0.26250000000000007 0.796875 0.26250000000000007 0.796875 0.2765625000000001 0.8515625 0.2765625000000001
0 0.19843750000000004 0.3 0.15625000000000006 0.3 0.15625000000000006 0.321875 0.19843750000000004 0.321875
0 0.2640625 0.3015625 0.2234375 0.3015625 0.2234375 0.3234375 0.2640625 0.3234375
0 0.30625 0.303125 0.2796875 0.303125 0.2796875 0.3234375 0.30625 0.3234375
0 0.40625 0.30468750000000006 0.325 0.3046875 0.325 0.3296875 0.40625 0.3296875000000001
0 0.4140625 0.3218750000000001 0.4125 0.3218750000000001 0.4125 0.3234375000000001 0.4140625 0.3234375000000001
0 0.4203125 0.3031250000000001 0.4171875 0.3031250000000001 0.4171875 0.30937500000000007 0.4203125 0.30937500000000007
0 0.20000000000000004 0.353125 0.15156250000000004 0.353125 0.15156250000000004 0.3734375 0.2000000000000001 0.3734375
0 0.24375000000000005 0.3546875 0.2203125 0.3546875 0.22031250000000005 0.3734375 0.24375000000000008 0.3734375
0 0.29375000000000007 0.3640625 0.2640625000000001 0.3640625 0.2640625000000001 0.3734375 0.29375000000000007 0.3734375
0 0.3296875 0.3578125 0.3078125 0.3578125 0.30781250000000004 0.3734375 0.3296875000000001 0.3734375
0 0.40625 0.35781250000000003 0.3453125 0.3578125 0.3453125 0.37812500000000004 0.40625 0.3781250000000001
0 0.471875 0.35625000000000007 0.428125 0.35625000000000007 0.428125 0.3734375000000001 0.471875 0.3734375000000001
0 0.5296875 0.3531250000000001 0.490625 0.3531250000000001 0.490625 0.3734375000000001 0.5296875 0.3734375000000001
0 0.6078125 0.3593750000000001 0.5484375 0.3593750000000001 0.5484375 0.3781250000000001 0.6078125 0.3781250000000001
0 0.64375 0.3656250000000001 0.6296875 0.3656250000000001 0.6296875 0.3750000000000001 0.64375 0.3750000000000001
0 0.696875 0.3656250000000001 0.6640625 0.3656250000000001 0.6640625 0.3750000000000001 0.696875 0.3750000000000001
0 0.784375 0.35625000000000007 0.725 0.35625000000000007 0.725 0.3781250000000001 0.784375 0.3781250000000001
0 0.821875 0.3609375000000001 0.80625 0.3609375000000001 0.80625 0.3750000000000001 0.821875 0.3750000000000001
0 0.865625 0.3531250000000001 0.8390625 0.3531250000000001 0.8390625 0.3734375000000001 0.865625 0.3734375000000001
0 0.2156250000000001 0.4046875 0.15625000000000006 0.4046875 0.15625000000000006 0.4328125 0.2156250000000001 0.4328125
0 0.2640625000000001 0.40625 0.24375000000000008 0.40625 0.24375000000000008 0.428125 0.2640625000000001 0.428125
0 0.3781250000000001 0.4046875 0.2875000000000001 0.4046875 0.2875000000000001 0.43125 0.3781250000000001 0.43125
0 0.4859375 0.409375 0.3984375000000001 0.409375 0.3984375000000001 0.43125 0.4859375 0.43125
0 0.5546875 0.4078125 0.5046875 0.4078125 0.5046875 0.4234375 0.5546875 0.4234375
0 0.603125 0.4046875 0.575 0.4046875 0.575 0.428125 0.603125 0.428125
0 0.6453125 0.415625 0.6234375 0.415625 0.6234375 0.425 0.6453125 0.425
0 0.7328125 0.4062500000000001 0.665625 0.40625 0.665625 0.4281250000000001 0.7328125 0.4281250000000002
0 0.8359375 0.40625000000000017 0.753125 0.40625000000000017 0.753125 0.4265625000000002 0.8359375 0.4265625000000002
0 0.8703125 0.4078125000000002 0.853125 0.4078125000000002 0.853125 0.42968750000000017 0.8703125 0.42968750000000017
0 0.18281250000000004 0.4515625 0.15468750000000003 0.4515625 0.15468750000000003 0.475 0.18281250000000004 0.475
0 0.2734375000000001 0.4578125 0.2078125000000001 0.4578125 0.2078125000000001 0.4796875 0.2734375000000001 0.4796875
0 0.3546875000000001 0.4609375 0.2921875000000001 0.4609375 0.2921875000000001 0.48125 0.3546875000000001 0.48125
0 0.3656250000000001 0.4734375 0.3625000000000001 0.4734375 0.3625000000000001 0.475 0.3656250000000001 0.475
0 0.421875 0.4546875 0.3765625000000001 0.4546875 0.3765625000000001 0.4734375 0.421875 0.4734375
0 0.4609375 0.45625 0.4421875 0.45625 0.4421875 0.4765625 0.4609375 0.4765625
0 0.5109375 0.4546875 0.4796875 0.4546875 0.4796875 0.4734375 0.5109375 0.4734375
0 0.6078125 0.4671875 0.5328125 0.4671875 0.5328125 0.4765625 0.6078125 0.4765625
0 0.7359375 0.4562500000000001 0.6296875 0.45625 0.6296875 0.4750000000000001 0.7359375 0.4750000000000002
0 0.8296875 0.45625000000000016 0.75625 0.45625000000000016 0.75625 0.4750000000000002 0.8296875 0.4750000000000002
0 0.8671875 0.45625000000000016 0.846875 0.45625000000000016 0.846875 0.4750000000000002 0.8671875 0.4750000000000002
0 0.2062500000000001 0.5078125 0.15625000000000006 0.5078125 0.15625000000000006 0.525 0.2062500000000001 0.525
0 0.2687500000000001 0.50625 0.24218750000000008 0.50625 0.24218750000000008 0.5265625 0.2687500000000001 0.5265625
0 0.3218750000000001 0.5078125 0.2843750000000001 0.5078125 0.2843750000000001 0.5265625 0.3218750000000001 0.5265625
0 0.38750000000000007 0.5046875 0.34843750000000007 0.5046875 0.34843750000000007 0.525 0.38750000000000007 0.525
0 0.4828125 0.5078125 0.4109375 0.5078125 0.4109375 0.5296875 0.4828125 0.5296875
0 0.540625 0.515625 0.509375 0.515625 0.509375 0.5265625 0.540625 0.5265625
0 0.609375 0.509375 0.5703125 0.509375 0.5703125 0.525 0.609375 0.525
0 0.659375 0.50625 0.6296875 0.50625 0.6296875 0.5265625 0.659375 0.5265625
0 0.7609375 0.5078125000000001 0.6875 0.5078125 0.6875 0.5328125000000001 0.7609375 0.5328125000000001
0 0.815625 0.5062500000000002 0.7796875 0.5062500000000002 0.7796875 0.5250000000000001 0.815625 0.5250000000000001
0 0.8625 0.5062500000000002 0.8296875 0.5062500000000002 0.8296875 0.5281250000000002 0.8625 0.5281250000000002
0 0.20468750000000008 0.55625 0.15625000000000008 0.55625 0.15625000000000008 0.575 0.20468750000000008 0.575
0 0.3234375000000001 0.55625 0.2312500000000001 0.55625 0.2312500000000001 0.5765625 0.3234375000000001 0.5765625
0 0.415625 0.5578125 0.3468750000000001 0.5578125 0.3468750000000001 0.575 0.415625 0.575
0 0.48125 0.5671875 0.440625 0.5671875 0.440625 0.5828125 0.48125 0.5828125
0 0.55 0.5578125 0.4953125 0.5578125 0.4953125 0.578125 0.55 0.578125
0 0.6046875 0.55625 0.565625 0.55625 0.565625 0.5765625 0.6046875 0.5765625
0 0.6609375 0.55625 0.6234375 0.55625 0.6234375 0.5765625 0.6609375 0.5765625
0 0.7125 0.5578125 0.6828125 0.5578125 0.6828125 0.575 0.7125 0.575
0 0.8 0.5593750000000002 0.73125 0.5593750000000002 0.73125 0.5828125000000002 0.8 0.5828125000000002
0 0.853125 0.5593750000000002 0.8140625 0.5593750000000002 0.8140625 0.5812500000000002 0.853125 0.5812500000000002
0 0.859375 0.5750000000000002 0.8578125 0.5750000000000002 0.8578125 0.5765625000000002 0.859375 0.5765625000000002