0 0.16406250000000003 0.16875 0.1453125 0.16875 0.1453125 0.184375 0.16406250000000006 0.184375
0 0.28125 0.17031250000000003 0.1828125 0.17031250000000003 0.18281250000000002 0.19218750000000004 0.28125 0.19218750000000004
0 0.340625 0.16875000000000004 0.2953125 0.16875000000000004 0.2953125 0.18750000000000006 0.340625 0.18750000000000006
0 0.4171875 0.16875000000000004 0.3546875 0.16875000000000004 0.3546875 0.19062500000000004 0.4171875 0.19062500000000004
0 0.4296875 0.16718750000000004 0.425 0.16718750000000004 0.425 0.18125000000000005 0.4296875 0.18125000000000005
0 0.4515625 0.17968750000000006 0.4375 0.17968750000000006 0.4375 0.18281250000000004 0.4515625 0.18281250000000004
0 0.49375 0.16875000000000004 0.46875 0.16875000000000004 0.46875 0.18125000000000005 0.49375 0.18125000000000005
0 0.53125 0.17343750000000005 0.50625 0.17343750000000005 0.50625 0.18281250000000004 0.53125 0.18281250000000004
0 0.6375 0.17031250000000006 0.5421875 0.17031250000000003 0.5421875 0.19218750000000007 0.6375 0.1921875000000001
0 0.6890625 0.1687500000000001 0.646875 0.1687500000000001 0.646875 0.1843750000000001 0.6890625 0.1843750000000001
0 0.7234375 0.1703125000000001 0.7078125 0.1703125000000001 0.7078125 0.1828125000000001 0.7234375 0.1828125000000001
0 0.790625 0.17187500000000008 0.7359375 0.17187500000000008 0.7359375 0.1843750000000001 0.790625 0.1843750000000001
0 0.8359375 0.1750000000000001 0.803125 0.1750000000000001 0.803125 0.1828125000000001 0.8359375 0.1828125000000001
0 0.2265625 0.2203125 0.13593750000000004 0.2203125 0.13593750000000004 0.2328125 0.2265625 0.2328125
0 0.2921875 0.221875 0.2484375 0.221875 0.2484375 0.2328125 0.2921875 0.2328125
0 0.3296875 0.2203125 0.309375 0.2203125 0.309375 0.234375 0.3296875 0.234375
0 0.434375 0.21875000000000006 0.3390625 0.21875 0.3390625 0.24218750000000006 0.434375 0.24218750000000008
0 0.4890625 0.21875000000000008 0.446875 0.21875000000000008 0.446875 0.2328125000000001 0.4890625 0.2328125000000001
0 0.553125 0.21875000000000008 0.5046875 0.21875000000000008 0.5046875 0.2328125000000001 0.553125 0.2328125000000001
0 0.628125 0.21875000000000008 0.56875 0.21875000000000008 0.56875 0.23437500000000008 0.628125 0.23437500000000008
0 0.671875 0.21875000000000008 0.640625 0.21875000000000008 0.640625 0.2328125000000001 0.671875 0.2328125000000001
0 0.7953125 0.22031250000000008 0.690625 0.22031250000000008 0.690625 0.2328125000000001 0.7953125 0.2328125000000001
0 0.8609375 0.21875000000000008 0.8109375 0.21875000000000008 0.8109375 0.23593750000000008 0.8609375 0.23593750000000008
0 0.18593750000000003 0.275 0.13750000000000004 0.275 0.13750000000000004 0.2859375 0.18593750000000003 0.2859375
0 0.24375 0.2734375 0.19843750000000004 0.2734375 0.19843750000000004 0.2828125 0.24375 0.2828125
0 0.253125 0.28125 0.25 0.28125 0.25 0.2828125 0.253125 0.2828125
0 0.31875 0.2703125 0.2765625 0.2703125 0.2765625 0.284375 0.31875 0.284375
0 0.3734375 0.27031250000000007 0.3390625 0.2703125 0.3390625 0.2828125 0.3734375 0.2828125000000001
0 0.4265625 0.2687500000000001 0.384375 0.2687500000000001 0.384375 0.2828125000000001 0.4265625 0.2828125000000001
0 0.48125 0.2687500000000001 0.4453125 0.2687500000000001 0.4453125 0.2828125000000001 0.48125 0.2828125000000001
0 0.5421875 0.2734375000000001 0.4984375 0.2734375000000001 0.4984375 0.2828125000000001 0.5421875 0.2828125000000001
0 0.6078125 0.2687500000000001 0.553125 0.2687500000000001 0.553125 0.2828125000000001 0.6078125 0.2828125000000001
0 0.659375 0.2687500000000001 0.6296875 0.2687500000000001 0.6296875 0.2890625000000001 0.659375 0.2890625000000001
0 0.765625 0.27031250000000007 0.671875 0.27031250000000007 0.671875 0.29375000000000007 0.765625 0.29375000000000007
0 0.775 0.2828125000000001 0.771875 0.2828125000000001 0.771875 0.2843750000000001 0.775 0.2843750000000001
0 0.7828125 0.2656250000000001 0.7796875 0.2656250000000001 0.7796875 0.2734375000000001 0.7828125 0.2734375000000001
0 0.865625 0.27031250000000007 0.7984375 0.27031250000000007 0.7984375 0.28593750000000007 0.865625 0.28593750000000007
0 0.16718750000000004 0.321875 0.13750000000000004 0.321875 0.13750000000000004 0.3359375 0.16718750000000004 0.3359375
0 0.221875 0.325 0.17968750000000006 0.325 0.17968750000000006 0.3328125 0.221875 0.3328125
0 0.31875 0.31875 0.2375 0.31875 0.2375 0.346875 0.31875 0.346875
0 0.384375 0.31875000000000003 0.3359375 0.31875 0.3359375 0.33437500000000003 0.384375 0.3343750000000001
0 0.4578125 0.3203125000000001 0.3984375 0.3203125000000001 0.3984375 0.3359375000000001 0.4578125 0.3359375000000001
0 0.5125 0.3187500000000001 0.48125 0.3187500000000001 0.48125 0.3343750000000001 0.5125 0.3343750000000001
0 0.6 0.3187500000000001 0.5296875 0.3187500000000001 0.5296875 0.3343750000000001 0.6 0.3343750000000001
0 0.646875 0.3203125000000001 0.6203125 0.3203125000000001 0.6203125 0.3390625000000001 0.646875 0.3390625000000001
0 0.7 0.3218750000000001 0.6625 0.3218750000000001 0.6625 0.3343750000000001 0.7 0.3343750000000001
0 0.7421875 0.3203125000000001 0.7078125 0.3203125000000001 0.7078125 0.34062500000000007 0.7421875 0.34062500000000007
0 0.7828125 0.3203125000000001 0.75625 0.3203125000000001 0.75625 0.3390625000000001 0.7828125 0.3390625000000001
0 0.8359375 0.3218750000000001 0.7953125 0.3218750000000001 0.7953125 0.3359375000000001 0.8359375 0.3359375000000001
0 0.9140625 0.3187500000000001 0.846875 0.3187500000000001 0.846875 0.3453125000000001 0.9140625 0.3453125000000001
0 0.921875 0.3281250000000001 0.9171875 0.3281250000000001 0.9171875 0.3375000000000001 0.921875 0.3375000000000001
0 0.17812500000000003 0.3703125 0.13593750000000004 0.3703125 0.13593750000000004 0.384375 0.17812500000000003 0.384375
0 0.2328125000000001 0.3703125 0.19375000000000003 0.3703125 0.19375000000000003 0.384375 0.2328125000000001 0.384375
0 0.3781250000000001 0.36875 0.2500000000000001 0.36875 0.2500000000000001 0.3921875 0.3781250000000001 0.3921875000000001
0 0.528125 0.3703125000000001 0.39531250000000007 0.3703125000000001 0.39531250000000007 0.3921875000000001 0.528125 0.3921875000000001
0 0.571875 0.37187500000000007 0.5484375 0.37187500000000007 0.5484375 0.3921875000000001 0.571875 0.3921875000000001
0 0.6328125 0.3734375000000001 0.5875 0.3734375000000001 0.5875 0.38750000000000007 0.6328125 0.38750000000000007
0 0.8078125 0.3734375000000001 0.6609375 0.3734375000000001 0.6609375 0.4015625000000001 0.8078125 0.40156250000000016
0 0.85 0.37187500000000007 0.83125 0.37187500000000007 0.83125 0.3843750000000001 0.85 0.3843750000000001
0 0.8671875 0.3765625000000001 0.853125 0.3765625000000001 0.853125 0.3921875000000001 0.8671875 0.3921875000000001
0 0.19531250000000006 0.421875 0.13281250000000006 0.421875 0.13281250000000006 0.4359375 0.19531250000000006 0.4359375
0 0.24218750000000008 0.4234375 0.2156250000000001 0.4234375 0.2156250000000001 0.44375 0.24218750000000008 0.44375
0 0.3890625000000001 0.421875 0.2640625000000001 0.421875 0.2640625000000001 0.4484375 0.3890625000000001 0.4484375
0 0.39531250000000007 0.434375 0.3906250000000001 0.434375 0.3906250000000001 0.4359375 0.39531250000000007 0.4359375