0 0.14531250000000004 0.1921875 0.14218750000000005 0.1921875 0.14218750000000005 0.2 0.14531250000000004 0.2
0 0.19531250000000006 0.19375000000000003 0.14375000000000004 0.19375 0.14375000000000004 0.21875 0.19531250000000006 0.21875
0 0.2296875 0.20625 0.2140625 0.20625 0.2140625 0.2171875 0.2296875 0.2171875
0 0.3671875 0.19531250000000006 0.2484375 0.19531250000000006 0.2484375 0.23750000000000004 0.3671875 0.2375000000000001
0 0.4671875 0.19687500000000005 0.3765625 0.19687500000000005 0.3765625 0.22031250000000008 0.4671875 0.22031250000000008
0 0.484375 0.19218750000000004 0.478125 0.19218750000000004 0.478125 0.2000000000000001 0.484375 0.2000000000000001
0 0.5078125 0.19375000000000003 0.4921875 0.19375000000000003 0.4921875 0.22031250000000008 0.5078125 0.22031250000000008
0 0.5203125 0.2062500000000001 0.5046875 0.2062500000000001 0.5046875 0.21875000000000008 0.5203125 0.21875000000000008
0 0.6125 0.19843750000000007 0.5390625 0.19843750000000004 0.5390625 0.21875000000000008 0.6125 0.21875000000000008
0 0.6296875 0.21875000000000008 0.625 0.21875000000000008 0.625 0.22031250000000008 0.6296875 0.22031250000000008
0 0.6640625 0.1921875000000001 0.65625 0.1921875000000001 0.65625 0.2015625000000001 0.6640625 0.2015625000000001
0 0.678125 0.2000000000000001 0.6578125 0.2000000000000001 0.6578125 0.2234375000000001 0.678125 0.2234375000000001
0 0.7890625 0.1984375000000001 0.68125 0.1984375000000001 0.68125 0.2218750000000001 0.7890625 0.2218750000000001
0 0.8140625 0.19687500000000008 0.7953125 0.19687500000000008 0.7953125 0.22031250000000008 0.8140625 0.22031250000000008
0 0.8890625 0.2000000000000001 0.828125 0.2000000000000001 0.828125 0.22031250000000008 0.8890625 0.22031250000000008
0 0.3296875 0.246875 0.14531250000000004 0.246875 0.14531250000000004 0.2765625 0.3296875 0.2765625
0 0.359375 0.2453125 0.3375 0.2453125 0.3375 0.271875 0.359375 0.271875
0 0.521875 0.2453125000000001 0.390625 0.2453125000000001 0.390625 0.27812500000000007 0.521875 0.27812500000000007
0 0.5828125 0.2468750000000001 0.5515625 0.2468750000000001 0.5515625 0.27031250000000007 0.5828125 0.27031250000000007
0 0.6546875 0.2531250000000001 0.603125 0.2531250000000001 0.603125 0.2718750000000001 0.6546875 0.2718750000000001
0 0.8390625 0.2468750000000001 0.684375 0.2468750000000001 0.684375 0.2750000000000001 0.8390625 0.2750000000000001
0 0.8578125 0.2718750000000001 0.8421875 0.2718750000000001 0.8421875 0.2812500000000001 0.8578125 0.2812500000000001
0 0.19843750000000004 0.2953125 0.14531250000000004 0.2953125 0.14531250000000004 0.3125 0.19843750000000004 0.3125
0 0.2421875 0.3 0.21875 0.3 0.21875 0.321875 0.2421875 0.321875
0 0.3390625 0.3015625 0.259375 0.3015625 0.259375 0.33125 0.3390625 0.33125
0 0.4875 0.2984375 0.3609375 0.2984375 0.3609375 0.32031250000000006 0.4875 0.3203125000000001
0 0.56875 0.2968750000000001 0.5140625 0.2968750000000001 0.5140625 0.3187500000000001 0.56875 0.3187500000000001
0 0.6265625 0.3078125000000001 0.5875 0.3078125000000001 0.5875 0.33281250000000007 0.6265625 0.33281250000000007
0 0.759375 0.3000000000000001 0.6453125 0.3000000000000001 0.6453125 0.33281250000000007 0.759375 0.33281250000000007
0 0.790625 0.29375000000000007 0.7671875 0.29375000000000007 0.7671875 0.3203125000000001 0.790625 0.3203125000000001
0 0.825 0.2968750000000001 0.809375 0.2968750000000001 0.809375 0.3140625000000001 0.825 0.3140625000000001
0 0.903125 0.3031250000000001 0.8390625 0.3031250000000001 0.8390625 0.33281250000000007 0.903125 0.33281250000000007
0 0.18906250000000005 0.3453125 0.14843750000000006 0.3453125 0.14843750000000006 0.36875 0.18906250000000005 0.36875
0 0.35781250000000003 0.3515625 0.2265625 0.3515625 0.22656250000000006 0.375 0.3578125000000001 0.375
0 0.3687500000000001 0.37187500000000007 0.3531250000000001 0.371875 0.3531250000000001 0.384375 0.3687500000000001 0.3843750000000001
0 0.4796875 0.3515625000000001 0.39375 0.3515625000000001 0.39375000000000004 0.3734375000000001 0.4796875 0.3734375000000001
0 0.51875 0.3531250000000001 0.4890625 0.3531250000000001 0.4890625 0.3750000000000001 0.51875 0.3750000000000001
0 0.6375 0.3515625000000001 0.540625 0.3515625000000001 0.540625 0.3781250000000001 0.6375 0.3781250000000001
0 0.7140625 0.3500000000000001 0.6578125 0.3500000000000001 0.6578125 0.3734375000000001 0.7140625 0.3734375000000001
0 0.8078125 0.3500000000000001 0.7421875 0.3500000000000001 0.7421875 0.3750000000000001 0.8078125 0.3750000000000001
0 0.8890625 0.3468750000000001 0.828125 0.3468750000000001 0.828125 0.3703125000000001 0.8890625 0.3703125000000001
0 0.2015625000000001 0.40625 0.14375000000000004 0.40625 0.14375000000000004 0.428125 0.2015625000000001 0.428125
0 0.4359375 0.403125 0.22812500000000008 0.403125 0.22812500000000008 0.44375 0.4359375 0.44375
0 0.5046875 0.4015625 0.4671875 0.4015625 0.4671875 0.41875 0.5046875 0.41875
0 0.5828125 0.403125 0.5265625 0.403125 0.5265625 0.425 0.5828125 0.425
0 0.715625 0.403125 0.6109375 0.403125 0.6109375 0.4359375 0.715625 0.4359375
0 0.8078125 0.3984375000000001 0.7515625 0.3984375000000001 0.7515625 0.4234375000000002 0.8078125 0.4234375000000002
0 0.865625 0.4031250000000002 0.825 0.4031250000000002 0.825 0.4234375000000002 0.865625 0.4234375000000002
0 0.19843750000000004 0.4546875 0.16406250000000006 0.4546875 0.16406250000000006 0.4734375 0.19843750000000004 0.4734375
0 0.3062500000000001 0.4515625 0.2218750000000001 0.4515625 0.2218750000000001 0.49375 0.3062500000000001 0.49375
0 0.3734375000000001 0.4546875 0.34062500000000007 0.4546875 0.34062500000000007 0.4765625 0.3734375000000001 0.4765625
0 0.4578125 0.453125 0.4015625 0.453125 0.4015625 0.475 0.4578125 0.475
0 0.5859375 0.4546875 0.4875 0.4546875 0.4875 0.4765625 0.5859375 0.4765625
0 0.66875 0.453125 0.628125 0.453125 0.628125 0.4734375 0.66875 0.4734375
0 0.9078125 0.4484375000000001 0.715625 0.4484375 0.715625 0.4875000000000001 0.9078125 0.48750000000000016
0 0.91875 0.4703125000000002 0.9078125 0.4703125000000002 0.9078125 0.4781250000000002 0.91875 0.4781250000000002
0 0.2171875000000001 0.5015625 0.15937500000000004 0.5015625 0.15937500000000004 0.5265625 0.2171875000000001 0.5265625
0 0.29375000000000007 0.5046875 0.2406250000000001 0.5046875 0.2406250000000001 0.5265625 0.29375000000000007 0.5265625
0 0.45625 0.5046875 0.3156250000000001 0.5046875 0.3156250000000001 0.528125 0.45625 0.528125
0 0.575 0.5015625 0.484375 0.5015625 0.484375 0.5296875 0.575 0.5296875
0 0.678125 0.509375 0.6046875 0.509375 0.6046875 0.5421875 0.678125 0.5421875
0 0.734375 0.5078125000000001 0.715625 0.5078125 0.715625 0.5281250000000001 0.734375 0.5281250000000002
0 0.915625 0.5031250000000002 0.759375 0.5031250000000002 0.759375 0.5281250000000002 0.915625 0.5281250000000002
0 0.9265625 0.5250000000000001 0.915625 0.5250000000000001 0.915625 0.5328125000000001 0.9265625 0.5328125000000001
0 0.2515625000000001 0.553125 0.1750000000000001 0.553125 0.1750000000000001 0.5796875 0.2515625000000001 0.5796875
0 0.3421875000000001 0.553125 0.27812500000000007 0.553125 0.27812500000000007 0.578125 0.3421875000000001 0.578125
0 0.4015625 0.5578125 0.3656250000000001 0.5578125 0.3656250000000001 0.5765625 0.4015625 0.5765625
0 0.490625 0.5546875 0.428125 0.5546875 0.428125 0.578125 0.490625 0.578125
0 0.540625 0.5625 0.5234375 0.5625 0.5234375 0.578125 0.540625 0.578125
0 0.5765625 0.5515625 0.54375 0.5515625 0.54375 0.5765625 0.5765625 0.5765625
0 0.628125 0.55625 0.5984375 0.55625 0.5984375 0.575 0.628125 0.575
0 0.6828125 0.559375 0.6609375 0.559375 0.6609375 0.5734375 0.6828125 0.5734375
0 0.7796875 0.5562500000000001 0.703125 0.55625 0.703125 0.5765625000000001 0.7796875 0.5765625000000002
0 0.8421875 0.5593750000000002 0.8109375 0.5593750000000002 0.8109375 0.5765625000000002 0.8421875 0.5765625000000002
0 0.3375000000000001 0.6015625 0.1546875000000001 0.6015625 0.1546875000000001 0.6296875 0.3375000000000001 0.6296875
0 0.3515625000000001 0.628125 0.34062500000000007 0.628125 0.34062500000000007 0.6359375 0.3515625000000001 0.6359375
0 0.403125 0.6015625 0.3812500000000001 0.6015625 0.3812500000000001 0.625 0.403125 0.625
0 0.5109375 0.58125 0.434375 0.58125 0.434375 0.63125 0.5109375 0.63125
0 0.596875 0.603125 0.5359375 0.603125 0.5359375 0.6296875 0.596875 0.6296875
0 0.709375 0.60625 0.61875 0.60625 0.61875 0.6265625 0.709375 0.6265625
0 0.8203125 0.6000000000000002 0.7453125 0.6000000000000002 0.7453125 0.6265625000000001 0.8203125 0.6265625000000001
0 0.2234375000000001 0.659375 0.1515625000000001 0.659375 0.1515625000000001 0.6875 0.2234375000000001 0.6875
0 0.3546875000000001 0.653125 0.2578125000000001 0.653125 0.2578125000000001 0.69375 0.3546875000000001 0.69375
0 0.3671875000000001 0.6671875 0.33281250000000007 0.6671875 0.33281250000000007 0.6765625 0.3671875000000001 0.6765625
0 0.3828125000000001 0.671875 0.37968750000000007 0.671875 0.37968750000000007 0.675 0.3828125000000001 0.675