0 0.19218750000000004 0.2125 0.13125000000000003 0.2125 0.13125000000000003 0.234375 0.19218750000000004 0.234375
0 0.2609375 0.21875 0.2140625 0.21875 0.2140625 0.2359375 0.2609375 0.2359375
0 0.35 0.21875 0.278125 0.21875 0.278125 0.246875 0.35 0.246875
0 0.4453125 0.2250000000000001 0.3765625 0.2250000000000001 0.3765625 0.23593750000000008 0.4453125 0.23593750000000008
0 0.509375 0.2250000000000001 0.4671875 0.2250000000000001 0.4671875 0.23437500000000008 0.509375 0.23437500000000008
0 0.575 0.22031250000000008 0.5265625 0.22031250000000008 0.5265625 0.2406250000000001 0.575 0.2406250000000001
0 0.5875 0.2312500000000001 0.584375 0.2312500000000001 0.584375 0.24218750000000008 0.5875 0.24218750000000008
0 0.6296875 0.22031250000000008 0.603125 0.22031250000000008 0.603125 0.23437500000000008 0.6296875 0.23437500000000008
0 0.6859375 0.2234375000000001 0.646875 0.2234375000000001 0.646875 0.23593750000000008 0.6859375 0.23593750000000008
0 0.7578125 0.22031250000000008 0.7078125 0.22031250000000008 0.7078125 0.23593750000000008 0.7578125 0.23593750000000008
0 0.825 0.2234375000000001 0.771875 0.2234375000000001 0.771875 0.2375000000000001 0.825 0.2375000000000001
0 0.8515625 0.21875000000000008 0.8359375 0.21875000000000008 0.8359375 0.23437500000000008 0.8515625 0.23437500000000008
0 0.225 0.26875 0.13125000000000003 0.26875 0.13125000000000003 0.2921875 0.225 0.2921875
0 0.2375 0.2828125 0.234375 0.2828125 0.234375 0.29375 0.2375 0.29375
0 0.3 0.2734375 0.25625 0.2734375 0.25625 0.2859375 0.3 0.2859375
0 0.41875 0.26875000000000004 0.3328125 0.26875 0.3328125 0.28593750000000007 0.41875 0.28593750000000007
0 0.4546875 0.2687500000000001 0.434375 0.2687500000000001 0.434375 0.2843750000000001 0.4546875 0.2843750000000001
0 0.5546875 0.2671875000000001 0.4828125 0.2671875000000001 0.4828125 0.2843750000000001 0.5546875 0.2843750000000001
0 0.6109375 0.2687500000000001 0.58125 0.2687500000000001 0.58125 0.2921875000000001 0.6109375 0.2921875000000001
0 0.665625 0.2687500000000001 0.6265625 0.2687500000000001 0.6265625 0.28593750000000007 0.665625 0.28593750000000007
0 0.7453125 0.2750000000000001 0.684375 0.2750000000000001 0.684375 0.2875000000000001 0.7453125 0.2875000000000001
0 0.75625 0.2828125000000001 0.753125 0.2828125000000001 0.753125 0.2843750000000001 0.75625 0.2843750000000001
0 0.790625 0.2687500000000001 0.771875 0.2687500000000001 0.771875 0.2843750000000001 0.790625 0.2843750000000001
0 0.846875 0.27031250000000007 0.80625 0.27031250000000007 0.80625 0.28593750000000007 0.846875 0.28593750000000007
0 0.2484375 0.3171875 0.13281250000000006 0.3171875 0.13281250000000006 0.334375 0.2484375 0.334375
0 0.25625 0.3296875 0.253125 0.3296875 0.253125 0.3390625 0.25625 0.3390625
0 0.309375 0.31875 0.2765625 0.31875 0.2765625 0.334375 0.309375 0.334375
0 0.3765625 0.32656250000000003 0.3359375 0.3265625 0.3359375 0.33593750000000006 0.3765625 0.3359375000000001
0 0.4171875 0.3203125000000001 0.4109375 0.3203125000000001 0.4109375 0.3296875000000001 0.4171875 0.3296875000000001
0 0.5109375 0.31718750000000007 0.415625 0.31718750000000007 0.415625 0.3531250000000001 0.5109375 0.3531250000000001
0 0.5546875 0.3234375000000001 0.5359375 0.3234375000000001 0.5359375 0.3359375000000001 0.5546875 0.3359375000000001
0 0.6390625 0.32500000000000007 0.58125 0.32500000000000007 0.58125 0.3375000000000001 0.6390625 0.3375000000000001
0 0.646875 0.3203125000000001 0.6421875 0.3203125000000001 0.6421875 0.3281250000000001 0.646875 0.3281250000000001
0 0.6609375 0.33281250000000007 0.6546875 0.33281250000000007 0.6546875 0.3453125000000001 0.6609375 0.3453125000000001
0 0.7265625 0.3203125000000001 0.684375 0.3203125000000001 0.684375 0.3343750000000001 0.7265625 0.3343750000000001
0 0.803125 0.3203125000000001 0.7421875 0.3203125000000001 0.7421875 0.3390625000000001 0.803125 0.3390625000000001
0 0.846875 0.3203125000000001 0.815625 0.3203125000000001 0.815625 0.3343750000000001 0.846875 0.3343750000000001
0 0.16875000000000004 0.3671875 0.12656250000000005 0.3671875 0.12656250000000005 0.3859375 0.16875000000000004 0.3859375
0 0.2875000000000001 0.36875 0.20468750000000008 0.36875 0.20468750000000008 0.3859375 0.2875000000000001 0.3859375
0 0.3000000000000001 0.3859375 0.2953125000000001 0.3859375 0.2953125000000001 0.3953125 0.3000000000000001 0.3953125
0 0.3343750000000001 0.365625 0.3296875000000001 0.365625 0.3296875000000001 0.375 0.3343750000000001 0.375
0 0.36406250000000007 0.36875 0.3468750000000001 0.36875 0.3468750000000001 0.38281250000000006 0.36406250000000007 0.3828125000000001
0 0.434375 0.3656250000000001 0.3921875000000001 0.3656250000000001 0.3921875000000001 0.3921875000000001 0.434375 0.3921875000000001
0 0.5046875 0.3703125000000001 0.453125 0.3703125000000001 0.453125 0.3859375000000001 0.5046875 0.3859375000000001
0 0.5859375 0.3703125000000001 0.53125 0.3703125000000001 0.53125 0.3906250000000001 0.5859375 0.3906250000000001
0 0.665625 0.3750000000000001 0.6109375 0.3750000000000001 0.6109375 0.3984375000000001 0.665625 0.3984375000000001
0 0.7359375 0.3671875000000001 0.6859375 0.3671875000000001 0.6859375 0.3859375000000001 0.7359375 0.3859375000000001
0 0.7875 0.3765625000000001 0.746875 0.3765625000000001 0.746875 0.38750000000000007 0.7875 0.38750000000000007
0 0.86875 0.3687500000000001 0.809375 0.3687500000000001 0.809375 0.3859375000000001 0.86875 0.3859375000000001
0 0.19062500000000004 0.4171875 0.12656250000000005 0.4171875 0.12656250000000005 0.4375 0.19062500000000004 0.4375
0 0.2984375000000001 0.4203125 0.2218750000000001 0.4203125 0.2218750000000001 0.4421875 0.2984375000000001 0.4421875
0 0.30937500000000007 0.4328125 0.3062500000000001 0.4328125 0.3062500000000001 0.4359375 0.30937500000000007 0.4359375
0 0.3750000000000001 0.4171875 0.3265625000000001 0.4171875 0.3265625000000001 0.4375 0.3750000000000001 0.4375
0 0.4828125 0.421875 0.38750000000000007 0.421875 0.38750000000000007 0.446875 0.4828125 0.446875
0 0.540625 0.4234375 0.5015625 0.4234375 0.5015625 0.4375 0.540625 0.4375
0 0.625 0.4203125 0.5640625 0.4203125 0.5640625 0.4359375 0.625 0.4359375
0 0.7328125 0.4234375000000001 0.646875 0.4234375 0.646875 0.4437500000000001 0.7328125 0.4437500000000002
0 0.7921875 0.4281250000000002 0.7453125 0.4281250000000002 0.7453125 0.4437500000000002 0.7921875 0.4437500000000002
0 0.83125 0.4265625000000002 0.81875 0.4265625000000002 0.81875 0.43750000000000017 0.83125 0.43750000000000017
0 0.84375 0.4281250000000002 0.8375 0.4281250000000002 0.8375 0.4343750000000002 0.84375 0.4343750000000002
0 0.18593750000000003 0.4703125 0.12500000000000006 0.4703125 0.12500000000000006 0.4875 0.18593750000000003 0.4875
0 0.2484375000000001 0.4703125 0.20468750000000008 0.4703125 0.20468750000000008 0.4890625 0.2484375000000001 0.4890625
0 0.3359375000000001 0.4765625 0.27812500000000007 0.4765625 0.27812500000000007 0.4875 0.3359375000000001 0.4875
0 0.4578125 0.471875 0.3812500000000001 0.471875 0.3812500000000001 0.4890625 0.4578125 0.4890625
0 0.525 0.4734375 0.4859375 0.4734375 0.4859375 0.490625 0.525 0.490625
0 0.609375 0.4734375 0.5546875 0.4734375 0.5546875 0.4875 0.609375 0.4875
0 0.721875 0.4703125 0.634375 0.4703125 0.634375 0.5 0.721875 0.5
0 0.7515625 0.4734375000000002 0.734375 0.4734375000000002 0.734375 0.4890625000000002 0.7515625 0.4890625000000002
0 0.7765625 0.4703125000000002 0.7515625 0.4703125000000002 0.7515625 0.48750000000000016 0.7765625 0.48750000000000016
0 0.840625 0.4703125000000002 0.796875 0.4703125000000002 0.796875 0.4859375000000002 0.840625 0.4859375000000002
0 0.28593750000000007 0.51875 0.12187500000000004 0.51875 0.12187500000000004 0.5421875 0.28593750000000007 0.5421875
0 0.3312500000000001 0.5203125 0.31718750000000007 0.5203125 0.31718750000000007 0.5359375 0.3312500000000001 0.5359375
0 0.4078125 0.5203125 0.3546875000000001 0.5203125 0.3546875000000001 0.5484375 0.4078125 0.5484375
0 0.4578125 0.51875 0.4359375 0.51875 0.4359375 0.534375 0.4578125 0.534375
0 0.4984375 0.5171875 0.4875 0.5171875 0.4875 0.5359375 0.4984375 0.5359375
0 0.578125 0.5203125 0.515625 0.5203125 0.515625 0.5390625 0.578125 0.5390625
0 0.6453125 0.525 0.603125 0.525 0.603125 0.5359375 0.6453125 0.5359375
0 0.715625 0.521875 0.6765625 0.521875 0.6765625 0.5421875 0.715625 0.5421875
0 0.8359375 0.5203125000000002 0.734375 0.5203125000000002 0.734375 0.5484375000000001 0.8359375 0.5484375000000001
0 0.8703125 0.5171875000000001 0.846875 0.5171875000000001 0.846875 0.5453125000000002 0.8703125 0.5453125000000002
0 0.1468750000000001 0.578125 0.1296875000000001 0.578125 0.1296875000000001 0.5890625 0.1468750000000001 0.5890625
0 0.2171875000000001 0.56875 0.1703125000000001 0.56875 0.1703125000000001 0.5984375 0.2171875000000001 0.5984375
0 0.23593750000000008 0.584375 0.2328125000000001 0.584375 0.2328125000000001 0.5875 0.23593750000000008 0.5875