0 0.16093750000000004 0.2046875 0.14375000000000004 0.2046875 0.14375000000000004 0.221875 0.16093750000000004 0.221875
0 0.2375 0.2015625 0.18906250000000005 0.2015625 0.18906250000000005 0.228125 0.2375 0.228125
0 0.296875 0.19843750000000004 0.2703125 0.19843750000000004 0.2703125 0.2265625 0.296875 0.2265625
0 0.365625 0.20312500000000006 0.3125 0.203125 0.3125 0.22187500000000004 0.365625 0.2218750000000001
0 0.434375 0.21250000000000008 0.384375 0.21250000000000008 0.384375 0.2328125000000001 0.434375 0.2328125000000001
0 0.4984375 0.20468750000000008 0.4703125 0.20468750000000008 0.4703125 0.2250000000000001 0.4984375 0.2250000000000001
0 0.5703125 0.2000000000000001 0.5234375 0.2000000000000001 0.5234375 0.2312500000000001 0.5703125 0.2312500000000001
0 0.7 0.1984375000000001 0.5953125 0.1984375000000001 0.5953125 0.2312500000000001 0.7 0.2312500000000001
0 0.859375 0.20312500000000008 0.7015625 0.20312500000000008 0.7015625 0.2250000000000001 0.859375 0.2250000000000001
0 0.86875 0.2234375000000001 0.865625 0.2234375000000001 0.865625 0.2296875000000001 0.86875 0.2296875000000001
0 0.18437500000000004 0.253125 0.13906250000000003 0.253125 0.13906250000000003 0.2734375 0.18437500000000004 0.2734375
0 0.3359375 0.25 0.2078125 0.25 0.2078125 0.2796875 0.3359375 0.2796875
0 0.4109375 0.25312500000000004 0.3609375 0.253125 0.3609375 0.27343750000000006 0.4109375 0.2734375000000001
0 0.546875 0.2531250000000001 0.4328125 0.2531250000000001 0.4328125 0.2812500000000001 0.546875 0.2812500000000001
0 0.5625 0.27031250000000007 0.559375 0.27031250000000007 0.559375 0.2796875000000001 0.5625 0.2796875000000001
0 0.625 0.25468750000000007 0.5796875 0.25468750000000007 0.5796875 0.2734375000000001 0.625 0.2734375000000001
0 0.728125 0.2515625000000001 0.653125 0.2515625000000001 0.653125 0.2750000000000001 0.728125 0.2750000000000001
0 0.771875 0.2562500000000001 0.7484375 0.2562500000000001 0.7484375 0.2718750000000001 0.771875 0.2718750000000001
0 0.8640625 0.2531250000000001 0.7953125 0.2531250000000001 0.7953125 0.2734375000000001 0.8640625 0.2734375000000001
0 0.21875 0.30625 0.13906250000000003 0.30625 0.13906250000000003 0.334375 0.21875 0.334375
0 0.26875 0.30625 0.2421875 0.30625 0.2421875 0.321875 0.26875 0.321875
0 0.3484375 0.3078125 0.2953125 0.3078125 0.2953125 0.33125 0.3484375 0.33125
0 0.4125 0.3062500000000001 0.3703125 0.3062500000000001 0.3703125 0.3265625000000001 0.4125 0.3265625000000001
0 0.50625 0.3062500000000001 0.4375 0.3062500000000001 0.4375 0.3296875000000001 0.50625 0.3296875000000001
0 0.546875 0.3140625000000001 0.5328125 0.3140625000000001 0.5328125 0.3234375000000001 0.546875 0.3234375000000001
0 0.609375 0.3046875000000001 0.55625 0.3046875000000001 0.55625 0.3234375000000001 0.609375 0.3234375000000001
0 0.628125 0.3218750000000001 0.6234375 0.3218750000000001 0.6234375 0.3312500000000001 0.628125 0.3312500000000001
0 0.721875 0.3062500000000001 0.65 0.3062500000000001 0.65 0.33281250000000007 0.721875 0.33281250000000007
0 0.7890625 0.3046875000000001 0.7375 0.3046875000000001 0.7375 0.3265625000000001 0.7890625 0.3265625000000001
0 0.8296875 0.3062500000000001 0.8078125 0.3062500000000001 0.8078125 0.3265625000000001 0.8296875 0.3265625000000001
0 0.17968750000000006 0.3625 0.13750000000000004 0.3625 0.13750000000000004 0.375 0.17968750000000006 0.375
0 0.28750000000000003 0.3515625 0.23125 0.3515625 0.23125000000000004 0.38125 0.2875000000000001 0.38125
0 0.43125 0.35156250000000006 0.315625 0.3515625 0.31562500000000004 0.37500000000000006 0.43125 0.3750000000000001
0 0.50625 0.3546875000000001 0.459375 0.3546875000000001 0.459375 0.3750000000000001 0.50625 0.3750000000000001
0 0.69375 0.35625000000000007 0.5359375 0.35625000000000007 0.5359375 0.3843750000000001 0.69375 0.3843750000000001
0 0.7984375 0.3625000000000001 0.721875 0.3625000000000001 0.721875 0.3750000000000001 0.7984375 0.3750000000000001
0 0.8453125 0.3546875000000001 0.825 0.3546875000000001 0.825 0.3765625000000001 0.8453125 0.3765625000000001
0 0.2296875000000001 0.403125 0.14218750000000005 0.403125 0.14218750000000005 0.425 0.2296875000000001 0.425
0 0.2953125000000001 0.403125 0.2515625000000001 0.403125 0.2515625000000001 0.4234375 0.2953125000000001 0.4234375
0 0.37968750000000007 0.4046875 0.3234375000000001 0.4046875 0.3234375000000001 0.43125 0.37968750000000007 0.43125
0 0.4046875 0.4234375 0.4015625 0.4234375 0.4015625 0.434375 0.4046875 0.434375
0 0.471875 0.40625 0.43125 0.40625 0.43125 0.4265625 0.471875 0.4265625
0 0.55625 0.4046875 0.503125 0.4046875 0.503125 0.425 0.55625 0.425
0 0.6140625 0.4046875 0.5765625 0.4046875 0.5765625 0.425 0.6140625 0.425
0 0.725 0.4015625 0.6390625 0.4015625 0.6390625 0.4328125 0.725 0.4328125
0 0.7859375 0.4109375000000002 0.74375 0.4109375000000002 0.74375 0.42500000000000016 0.7859375 0.42500000000000016
0 0.8671875 0.4046875000000002 0.8125 0.4046875000000002 0.8125 0.4390625000000002 0.8671875 0.4390625000000002
0 0.2296875000000001 0.4546875 0.14531250000000004 0.4546875 0.14531250000000004 0.4765625 0.2296875000000001 0.4765625
0 0.3296875000000001 0.45625 0.2640625000000001 0.45625 0.2640625000000001 0.4765625 0.3296875000000001 0.4765625
0 0.36406250000000007 0.4640625 0.34843750000000007 0.4640625 0.34843750000000007 0.4734375 0.36406250000000007 0.4734375
0 0.4640625 0.4546875 0.3890625000000001 0.4546875 0.3890625000000001 0.4734375 0.4640625 0.4734375
0 0.53125 0.4578125 0.490625 0.4578125 0.490625 0.478125 0.53125 0.478125
0 0.6 0.4546875 0.559375 0.4546875 0.559375 0.475 0.6 0.475
0 0.721875 0.453125 0.6359375 0.453125 0.6359375 0.4765625 0.721875 0.4765625
0 0.81875 0.4578125000000002 0.7515625 0.4578125000000002 0.7515625 0.4781250000000002 0.81875 0.4781250000000002
0 0.17187500000000006 0.5015625 0.14375000000000004 0.5015625 0.14375000000000004 0.5234375 0.17187500000000006 0.5234375
0 0.3109375000000001 0.5015625 0.21093750000000008 0.5015625 0.21093750000000008 0.528125 0.3109375000000001 0.528125
0 0.3343750000000001 0.51875 0.3296875000000001 0.51875 0.3296875000000001 0.5265625 0.3343750000000001 0.5265625
0 0.40625 0.503125 0.3625000000000001 0.503125 0.3625000000000001 0.521875 0.40625 0.521875
0 0.48125 0.5078125 0.428125 0.5078125 0.428125 0.534375 0.48125 0.534375
0 0.553125 0.50625 0.5125 0.50625 0.5125 0.5234375 0.553125 0.5234375
0 0.65625 0.50625 0.5765625 0.50625 0.5765625 0.525 0.65625 0.525
0 0.828125 0.5062500000000001 0.6859375 0.50625 0.6859375 0.5250000000000001 0.828125 0.5250000000000001
0 0.8390625 0.5218750000000002 0.834375 0.5218750000000002 0.834375 0.5234375000000002 0.8390625 0.5234375000000002