0 0.18437500000000004 0.2015625 0.14375000000000004 0.2015625 0.14375000000000004 0.2265625 0.18437500000000004 0.2265625
0 0.3828125 0.20156250000000003 0.2140625 0.2015625 0.2140625 0.22500000000000003 0.3828125 0.2250000000000001
0 0.4578125 0.2015625000000001 0.4046875 0.2015625000000001 0.4046875 0.2218750000000001 0.4578125 0.2218750000000001
0 0.528125 0.2000000000000001 0.484375 0.2000000000000001 0.484375 0.22031250000000008 0.528125 0.22031250000000008
0 0.665625 0.2000000000000001 0.5359375 0.2000000000000001 0.5359375 0.2218750000000001 0.665625 0.2218750000000001
0 0.6875 0.2218750000000001 0.66875 0.2218750000000001 0.66875 0.2328125000000001 0.6875 0.2328125000000001
0 0.7796875 0.19687500000000008 0.7046875 0.19687500000000008 0.7046875 0.22031250000000008 0.7796875 0.22031250000000008
0 0.8484375 0.2000000000000001 0.796875 0.2000000000000001 0.796875 0.2250000000000001 0.8484375 0.2250000000000001
0 0.2625 0.25 0.15000000000000005 0.25 0.15000000000000005 0.2734375 0.2625 0.2734375
0 0.421875 0.2515625 0.2953125 0.2515625 0.2953125 0.27187500000000003 0.421875 0.2718750000000001
0 0.5765625 0.2515625000000001 0.440625 0.2515625000000001 0.440625 0.27031250000000007 0.5765625 0.27031250000000007
0 0.6421875 0.2515625000000001 0.60625 0.2515625000000001 0.60625 0.2734375000000001 0.6421875 0.2734375000000001
0 0.8015625 0.2515625000000001 0.6640625 0.2515625000000001 0.6640625 0.2953125000000001 0.8015625 0.2953125000000001
0 0.840625 0.2531250000000001 0.825 0.2531250000000001 0.825 0.27031250000000007 0.840625 0.27031250000000007
0 0.2171875 0.30625 0.14375000000000004 0.30625 0.14375000000000004 0.3359375 0.2171875 0.3359375
0 0.2921875 0.3046875 0.2484375 0.3046875 0.2484375 0.3203125 0.2921875 0.3203125
0 0.36875 0.30156250000000007 0.3109375 0.3015625 0.3109375 0.32343750000000004 0.36875 0.3234375000000001
0 0.465625 0.30156250000000007 0.3953125 0.30156250000000007 0.3953125 0.3203125000000001 0.465625 0.3203125000000001
0 0.53125 0.30937500000000007 0.496875 0.30937500000000007 0.496875 0.3265625000000001 0.53125 0.3265625000000001
0 0.5765625 0.2968750000000001 0.5640625 0.2968750000000001 0.5640625 0.3046875000000001 0.5765625 0.3046875000000001
0 0.6546875 0.30937500000000007 0.5703125 0.30937500000000007 0.5703125 0.3218750000000001 0.6546875 0.3218750000000001
0 0.74375 0.30156250000000007 0.671875 0.30156250000000007 0.671875 0.32500000000000007 0.74375 0.32500000000000007
0 0.778125 0.3109375000000001 0.7640625 0.3109375000000001 0.7640625 0.3265625000000001 0.778125 0.3265625000000001
0 0.853125 0.3031250000000001 0.796875 0.3031250000000001 0.796875 0.3234375000000001 0.853125 0.3234375000000001
0 0.21250000000000005 0.3546875 0.14218750000000005 0.3546875 0.14218750000000005 0.390625 0.21250000000000008 0.390625
0 0.33125000000000004 0.3546875 0.246875 0.3546875 0.24687500000000004 0.3765625 0.3312500000000001 0.3765625
0 0.425 0.35625000000000007 0.3578125 0.35625 0.35781250000000003 0.37812500000000004 0.425 0.3781250000000001
0 0.503125 0.36406250000000007 0.484375 0.36406250000000007 0.484375 0.3765625000000001 0.503125 0.3765625000000001
0 0.6203125 0.3546875000000001 0.525 0.3546875000000001 0.525 0.3781250000000001 0.6203125 0.3781250000000001
0 0.7296875 0.35625000000000007 0.6546875 0.35625000000000007 0.6546875 0.3937500000000001 0.7296875 0.3937500000000001
0 0.75 0.3500000000000001 0.740625 0.3500000000000001 0.740625 0.3625000000000001 0.75 0.3625000000000001
0 0.7671875 0.37187500000000007 0.7515625 0.37187500000000007 0.7515625 0.3812500000000001 0.7671875 0.3812500000000001
0 0.85 0.3500000000000001 0.7921875 0.3500000000000001 0.7921875 0.3750000000000001 0.85 0.3750000000000001
0 0.17187500000000006 0.409375 0.14218750000000005 0.409375 0.14218750000000005 0.425 0.17187500000000006 0.425
0 0.3531250000000001 0.403125 0.20312500000000008 0.403125 0.20312500000000008 0.4421875 0.3531250000000001 0.4421875
0 0.5078125 0.4046875 0.3859375000000001 0.4046875 0.3859375000000001 0.4265625 0.5078125 0.4265625
0 0.5703125 0.4046875 0.534375 0.4046875 0.534375 0.421875 0.5703125 0.421875
0 0.753125 0.40312500000000007 0.60625 0.403125 0.60625 0.4390625000000001 0.753125 0.4390625000000002
0 0.88125 0.40937500000000016 0.796875 0.40937500000000016 0.796875 0.43750000000000017 0.88125 0.43750000000000017
0 0.3031250000000001 0.45 0.14531250000000004 0.45 0.14531250000000004 0.475 0.3031250000000001 0.475
0 0.4796875 0.45625 0.3421875000000001 0.45625 0.3421875000000001 0.478125 0.4796875 0.478125
0 0.578125 0.4609375 0.515625 0.4609375 0.515625 0.475 0.578125 0.475
0 0.6375 0.4515625 0.60625 0.4515625 0.60625 0.478125 0.6375 0.478125
0 0.721875 0.4578125 0.6703125 0.4578125 0.6703125 0.4765625 0.721875 0.4765625
0 0.840625 0.45312500000000017 0.7578125 0.45312500000000017 0.7578125 0.4750000000000002 0.840625 0.4750000000000002
0 0.18593750000000003 0.5 0.14687500000000003 0.5 0.14687500000000003 0.521875 0.18593750000000003 0.521875
0 0.3187500000000001 0.503125 0.21093750000000008 0.503125 0.21093750000000008 0.546875 0.3187500000000001 0.546875
0 0.3281250000000001 0.5234375 0.32500000000000007 0.5234375 0.32500000000000007 0.525 0.3281250000000001 0.525
0 0.4109375 0.5078125 0.3593750000000001 0.5078125 0.3593750000000001 0.525 0.4109375 0.525
0 0.4765625 0.5046875 0.4359375 0.5046875 0.4359375 0.5234375 0.4765625 0.5234375
0 0.5875 0.5046875 0.49375 0.5046875 0.49375 0.528125 0.5875 0.528125
0 0.675 0.5140625 0.6171875 0.5140625 0.6171875 0.5296875 0.675 0.5296875
0 0.759375 0.5015625000000001 0.7015625 0.5015625 0.7015625 0.5265625 0.759375 0.5265625000000002
0 0.9359375 0.5031250000000002 0.7875 0.5031250000000002 0.7875 0.5390625000000002 0.9359375 0.5390625000000002
0 0.953125 0.5281250000000002 0.940625 0.5281250000000002 0.940625 0.5375000000000002 0.953125 0.5375000000000002
0 0.1921875000000001 0.553125 0.14062500000000008 0.553125 0.14062500000000008 0.575 0.1921875000000001 0.575
0 0.3859375000000001 0.553125 0.2312500000000001 0.553125 0.2312500000000001 0.596875 0.3859375000000001 0.596875
0 0.5 0.5578125 0.4078125 0.5578125 0.4078125 0.5828125 0.5 0.5828125
0 0.528125 0.5734375 0.515625 0.5734375 0.515625 0.5875 0.528125 0.5875
0 0.6328125 0.553125 0.5484375 0.553125 0.5484375 0.5765625 0.6328125 0.5765625
0 0.8046875 0.5546875000000001 0.659375 0.5546875 0.659375 0.596875 0.8046875 0.5968750000000002
0 0.3109375000000001 0.60625 0.1468750000000001 0.60625 0.1468750000000001 0.6296875 0.3109375000000001 0.6296875
0 0.36406250000000007 0.6015625 0.3390625000000001 0.6015625 0.3390625000000001 0.628125 0.36406250000000007 0.628125
0 0.4765625 0.603125 0.4125 0.603125 0.4125 0.64375 0.4765625 0.64375
0 0.603125 0.6046875 0.5125 0.6046875 0.5125 0.63125 0.603125 0.63125
0 0.609375 0.6265625 0.60625 0.6265625 0.60625 0.628125 0.609375 0.628125