0 0.17031250000000003 0.2015625 0.15312500000000004 0.2015625 0.15312500000000004 0.2203125 0.17031250000000003 0.2203125
0 0.2734375 0.2015625 0.2015625 0.2015625 0.2015625 0.2234375 0.2734375 0.2234375
0 0.3421875 0.2 0.309375 0.2 0.309375 0.225 0.3421875 0.225
0 0.4046875 0.20312500000000008 0.3671875 0.20312500000000008 0.3671875 0.2296875000000001 0.4046875 0.2296875000000001
0 0.421875 0.19843750000000004 0.4140625 0.19843750000000004 0.4140625 0.21875000000000008 0.421875 0.21875000000000008
0 0.4578125 0.21875000000000008 0.4359375 0.21875000000000008 0.4359375 0.2218750000000001 0.4578125 0.2218750000000001
0 0.5078125 0.20468750000000008 0.4921875 0.20468750000000008 0.4921875 0.2171875000000001 0.5078125 0.2171875000000001
0 0.55 0.21093750000000008 0.5296875 0.21093750000000008 0.5296875 0.22031250000000008 0.55 0.22031250000000008
0 0.6640625 0.20468750000000008 0.5734375 0.20468750000000008 0.5734375 0.2312500000000001 0.6640625 0.2312500000000001
0 0.728125 0.20312500000000008 0.6875 0.20312500000000008 0.6875 0.2218750000000001 0.728125 0.2218750000000001
0 0.765625 0.20468750000000008 0.7625 0.20468750000000008 0.7625 0.2234375000000001 0.765625 0.2234375000000001
0 0.8265625 0.2078125000000001 0.7859375 0.2078125000000001 0.7859375 0.2234375000000001 0.8265625 0.2234375000000001
0 0.875 0.21250000000000008 0.85 0.21250000000000008 0.85 0.2234375000000001 0.875 0.2234375000000001
0 0.2171875 0.25 0.16250000000000003 0.25 0.16250000000000003 0.2671875 0.2171875 0.2671875
0 0.2859375 0.253125 0.25 0.253125 0.25 0.2703125 0.2859375 0.2703125
0 0.3265625 0.25625 0.3125 0.25625 0.3125 0.26875 0.3265625 0.26875
0 0.4234375 0.25312500000000004 0.35 0.253125 0.35 0.27812500000000007 0.4234375 0.27812500000000007
0 0.4875 0.25468750000000007 0.453125 0.25468750000000007 0.453125 0.27031250000000007 0.4875 0.27031250000000007
0 0.5578125 0.2562500000000001 0.51875 0.2562500000000001 0.51875 0.2718750000000001 0.5578125 0.2718750000000001
0 0.63125 0.25468750000000007 0.5859375 0.25468750000000007 0.5859375 0.27031250000000007 0.63125 0.27031250000000007
0 0.6734375 0.2609375000000001 0.6546875 0.2609375000000001 0.6546875 0.2718750000000001 0.6734375 0.2718750000000001
0 0.7890625 0.2562500000000001 0.696875 0.2562500000000001 0.696875 0.2734375000000001 0.7890625 0.2734375000000001
0 0.8546875 0.2578125000000001 0.8140625 0.2578125000000001 0.8140625 0.2734375000000001 0.8546875 0.2734375000000001
0 0.18906250000000005 0.3109375 0.15156250000000004 0.3109375 0.15156250000000004 0.321875 0.18906250000000005 0.321875
0 0.2640625 0.3109375 0.2265625 0.3109375 0.2265625 0.3203125 0.2640625 0.3203125
0 0.2796875 0.3171875 0.2765625 0.3171875 0.2765625 0.3203125 0.2796875 0.3203125
0 0.34375 0.3046875 0.3171875 0.3046875 0.3171875 0.321875 0.34375 0.321875
0 0.396875 0.3078125000000001 0.378125 0.3078125000000001 0.378125 0.3218750000000001 0.396875 0.3218750000000001
0 0.4515625 0.3078125000000001 0.425 0.3078125000000001 0.425 0.3218750000000001 0.4515625 0.3218750000000001
0 0.5046875 0.3078125000000001 0.478125 0.3078125000000001 0.478125 0.3218750000000001 0.5046875 0.3218750000000001
0 0.5625 0.3156250000000001 0.528125 0.3156250000000001 0.528125 0.3218750000000001 0.5625 0.3218750000000001
0 0.6375 0.30937500000000007 0.590625 0.30937500000000007 0.590625 0.3203125000000001 0.6375 0.3203125000000001
0 0.6953125 0.3062500000000001 0.6765625 0.3062500000000001 0.6765625 0.3281250000000001 0.6953125 0.3281250000000001
0 0.7859375 0.3078125000000001 0.721875 0.3078125000000001 0.721875 0.3359375000000001 0.7859375 0.3359375000000001
0 0.796875 0.3187500000000001 0.79375 0.3187500000000001 0.79375 0.3203125000000001 0.796875 0.3203125000000001
0 0.8078125 0.3046875000000001 0.8046875 0.3046875000000001 0.8046875 0.3109375000000001 0.8078125 0.3109375000000001
0 0.20781250000000004 0.3546875 0.15156250000000004 0.3546875 0.15156250000000004 0.3703125 0.2078125000000001 0.3703125
0 0.25312500000000004 0.35625 0.2328125 0.35625 0.23281250000000003 0.371875 0.2531250000000001 0.371875
0 0.31718750000000007 0.3609375 0.2828125 0.3609375 0.2828125 0.3703125 0.31718750000000007 0.3703125
0 0.4203125 0.35781250000000003 0.35625 0.3578125 0.35625000000000007 0.38593750000000004 0.4203125 0.3859375000000001
0 0.4828125 0.3546875000000001 0.45 0.3546875000000001 0.45 0.3734375000000001 0.4828125 0.3734375000000001
0 0.5609375 0.35625000000000007 0.5109375 0.35625000000000007 0.5109375 0.3734375000000001 0.5609375 0.3734375000000001
0 0.60625 0.3578125000000001 0.5875 0.3578125000000001 0.5875 0.3750000000000001 0.60625 0.3750000000000001
0 0.68125 0.3593750000000001 0.6328125 0.3593750000000001 0.6328125 0.3750000000000001 0.68125 0.3750000000000001
0 0.7375 0.3578125000000001 0.7203125 0.3578125000000001 0.7203125 0.37968750000000007 0.7375 0.37968750000000007
0 0.7890625 0.3609375000000001 0.759375 0.3609375000000001 0.759375 0.3765625000000001 0.7890625 0.3765625000000001
0 0.84375 0.35625000000000007 0.81875 0.35625000000000007 0.81875 0.3812500000000001 0.84375 0.3812500000000001
0 0.17343750000000005 0.403125 0.15312500000000004 0.403125 0.15312500000000004 0.4265625 0.17343750000000005 0.4265625
0 0.2390625000000001 0.4046875 0.2015625000000001 0.4046875 0.2015625000000001 0.4203125 0.2390625000000001 0.4203125
0 0.35625000000000007 0.40625 0.2796875000000001 0.40625 0.2796875000000001 0.4328125 0.35625000000000007 0.4328125
0 0.3812500000000001 0.425 0.3781250000000001 0.425 0.3781250000000001 0.4296875 0.3812500000000001 0.4296875
0 0.434375 0.409375 0.4 0.409375 0.4 0.4234375 0.434375 0.4234375
0 0.5015625 0.40625 0.4703125 0.40625 0.4703125 0.421875 0.5015625 0.421875
0 0.6390625 0.4078125 0.534375 0.4078125 0.534375 0.4359375 0.6390625 0.4359375
0 0.775 0.4062500000000001 0.678125 0.40625 0.678125 0.43437500000000007 0.775 0.4343750000000002
0 0.821875 0.40625000000000017 0.803125 0.40625000000000017 0.803125 0.4312500000000002 0.821875 0.4312500000000002
0 0.18593750000000003 0.4546875 0.15468750000000003 0.4546875 0.15468750000000003 0.4703125 0.18593750000000003 0.4703125
0 0.3421875000000001 0.45625 0.22656250000000008 0.45625 0.22656250000000008 0.484375 0.3421875000000001 0.484375
0 0.40625 0.45625 0.3859375000000001 0.45625 0.3859375000000001 0.484375 0.40625 0.484375
0 0.46875 0.45625 0.4328125 0.45625 0.4328125 0.471875 0.46875 0.471875
0 0.553125 0.4546875 0.5078125 0.4546875 0.5078125 0.4734375 0.553125 0.4734375
0 0.6078125 0.45625 0.5875 0.45625 0.5875 0.4828125 0.6078125 0.4828125
0 0.7296875 0.45781250000000007 0.6375 0.4578125 0.6375 0.48906250000000007 0.7296875 0.4890625000000002
0 0.740625 0.4750000000000002 0.7359375 0.4750000000000002 0.7359375 0.4781250000000002 0.740625 0.4781250000000002