0 0.18906250000000005 0.21875 0.13906250000000003 0.21875 0.13906250000000003 0.2328125 0.18906250000000005 0.2328125
0 0.271875 0.2203125 0.209375 0.2203125 0.209375 0.24375 0.271875 0.24375
0 0.284375 0.23125 0.2796875 0.23125 0.2796875 0.2375 0.284375 0.2375
0 0.3921875 0.21875000000000006 0.296875 0.21875 0.296875 0.23437500000000006 0.3921875 0.23437500000000008
0 0.403125 0.2312500000000001 0.3984375 0.2312500000000001 0.3984375 0.2375000000000001 0.403125 0.2375000000000001
0 0.4703125 0.21875000000000008 0.41875 0.21875000000000008 0.41875 0.2328125000000001 0.4703125 0.2328125000000001
0 0.496875 0.21875000000000008 0.4859375 0.21875000000000008 0.4859375 0.2328125000000001 0.496875 0.2328125000000001
0 0.565625 0.2250000000000001 0.5203125 0.2250000000000001 0.5203125 0.2390625000000001 0.565625 0.2390625000000001
0 0.61875 0.2218750000000001 0.5890625 0.2218750000000001 0.5890625 0.2328125000000001 0.61875 0.2328125000000001
0 0.65 0.2250000000000001 0.6328125 0.2250000000000001 0.6328125 0.2328125000000001 0.65 0.2328125000000001
0 0.728125 0.21875000000000008 0.665625 0.21875000000000008 0.665625 0.2375000000000001 0.728125 0.2375000000000001
0 0.8375 0.22031250000000008 0.74375 0.22031250000000008 0.74375 0.24218750000000008 0.8375 0.24218750000000008
0 0.14843750000000006 0.26875 0.13281250000000006 0.26875 0.13281250000000006 0.284375 0.14843750000000006 0.284375
0 0.20625 0.2703125 0.16093750000000004 0.2703125 0.16093750000000004 0.2859375 0.20625 0.2859375
0 0.25 0.271875 0.2265625 0.271875 0.2265625 0.2859375 0.25 0.2859375
0 0.315625 0.2765625 0.26875 0.2765625 0.26875 0.290625 0.315625 0.290625
0 0.3546875 0.2765625 0.3265625 0.2765625 0.3265625 0.2984375 0.3546875 0.2984375
0 0.4203125 0.2718750000000001 0.3703125 0.2718750000000001 0.3703125 0.28593750000000007 0.4203125 0.28593750000000007
0 0.4375 0.2828125000000001 0.434375 0.2828125000000001 0.434375 0.2843750000000001 0.4375 0.2843750000000001
0 0.496875 0.2734375000000001 0.4546875 0.2734375000000001 0.4546875 0.2843750000000001 0.496875 0.2843750000000001
0 0.54375 0.2687500000000001 0.515625 0.2687500000000001 0.515625 0.2843750000000001 0.54375 0.2843750000000001
0 0.6125 0.27031250000000007 0.55625 0.27031250000000007 0.55625 0.2843750000000001 0.6125 0.2843750000000001
0 0.684375 0.2734375000000001 0.6390625 0.2734375000000001 0.6390625 0.2843750000000001 0.684375 0.2843750000000001
0 0.75 0.27031250000000007 0.69375 0.27031250000000007 0.69375 0.2828125000000001 0.75 0.2828125000000001
0 0.7640625 0.2843750000000001 0.759375 0.2843750000000001 0.759375 0.2890625000000001 0.7640625 0.2890625000000001
0 0.7921875 0.2718750000000001 0.7765625 0.2718750000000001 0.7765625 0.2843750000000001 0.7921875 0.2843750000000001
0 0.2625 0.321875 0.13125000000000003 0.321875 0.13125000000000003 0.3375 0.2625 0.3375
0 0.275 0.33125 0.2703125 0.33125 0.2703125 0.3375 0.275 0.3375
0 0.3328125 0.321875 0.2921875 0.321875 0.2921875 0.3359375 0.3328125 0.3359375
0 0.384375 0.32656250000000003 0.35 0.3265625 0.35 0.33437500000000003 0.384375 0.3343750000000001
0 0.4890625 0.32500000000000007 0.4015625 0.32500000000000007 0.4015625 0.3421875000000001 0.4890625 0.3421875000000001
0 0.559375 0.3218750000000001 0.503125 0.3218750000000001 0.503125 0.3359375000000001 0.559375 0.3359375000000001
0 0.61875 0.3203125000000001 0.5734375 0.3203125000000001 0.5734375 0.3343750000000001 0.61875 0.3343750000000001
0 0.675 0.3218750000000001 0.6390625 0.3218750000000001 0.6390625 0.34062500000000007 0.675 0.34062500000000007
0 0.803125 0.3203125000000001 0.6890625 0.3203125000000001 0.6890625 0.3421875000000001 0.803125 0.3421875000000001
0 0.8109375 0.33281250000000007 0.8078125 0.33281250000000007 0.8078125 0.3343750000000001 0.8109375 0.3343750000000001
0 0.828125 0.3187500000000001 0.821875 0.3187500000000001 0.821875 0.3281250000000001 0.828125 0.3281250000000001
0 0.19687500000000005 0.3734375 0.13437500000000005 0.3734375 0.13437500000000005 0.3875 0.19687500000000005 0.3875
0 0.2453125000000001 0.3734375 0.2156250000000001 0.3734375 0.2156250000000001 0.3859375 0.2453125000000001 0.3859375
0 0.3031250000000001 0.378125 0.2578125000000001 0.378125 0.2578125000000001 0.3875 0.3031250000000001 0.3875
0 0.3359375000000001 0.3734375 0.3156250000000001 0.3734375 0.3156250000000001 0.3859375 0.3359375000000001 0.3859375
0 0.4328125 0.37187500000000007 0.3546875000000001 0.371875 0.3546875000000001 0.39375000000000004 0.4328125 0.3937500000000001
0 0.509375 0.3703125000000001 0.4484375 0.3703125000000001 0.4484375 0.3859375000000001 0.509375 0.3859375000000001
0 0.565625 0.37187500000000007 0.51875 0.37187500000000007 0.51875 0.3859375000000001 0.565625 0.3859375000000001
0 0.66875 0.3734375000000001 0.5859375 0.3734375000000001 0.5859375 0.3937500000000001 0.66875 0.3937500000000001
0 0.709375 0.3765625000000001 0.6921875 0.3765625000000001 0.6921875 0.3859375000000001 0.709375 0.3859375000000001
0 0.7625 0.3765625000000001 0.7203125 0.3765625000000001 0.7203125 0.3859375000000001 0.7625 0.3859375000000001
0 0.8546875 0.37187500000000007 0.778125 0.37187500000000007 0.778125 0.3937500000000001 0.8546875 0.3937500000000001
0 0.15468750000000003 0.421875 0.13593750000000004 0.421875 0.13593750000000004 0.4359375 0.15468750000000003 0.4359375
0 0.20468750000000008 0.421875 0.16718750000000004 0.421875 0.16718750000000004 0.4359375 0.20468750000000008 0.4359375
0 0.3000000000000001 0.421875 0.21875000000000008 0.421875 0.21875000000000008 0.4421875 0.3000000000000001 0.4421875
0 0.34062500000000007 0.421875 0.31718750000000007 0.421875 0.31718750000000007 0.4421875 0.34062500000000007 0.4421875
0 0.4890625 0.421875 0.3625000000000001 0.421875 0.3625000000000001 0.4515625 0.4890625 0.4515625
0 0.6453125 0.425 0.51875 0.425 0.51875 0.45 0.6453125 0.45
0 0.7484375 0.4234375000000001 0.6640625 0.4234375 0.6640625 0.4359375000000001 0.7484375 0.4359375000000002
0 0.80625 0.42187500000000017 0.765625 0.42187500000000017 0.765625 0.44062500000000016 0.80625 0.44062500000000016
0 0.85 0.4281250000000002 0.8203125 0.4281250000000002 0.8203125 0.43750000000000017 0.85 0.43750000000000017
0 0.2375000000000001 0.4734375 0.12968750000000004 0.4734375 0.12968750000000004 0.49375 0.2375000000000001 0.49375
0 0.37968750000000007 0.4734375 0.2593750000000001 0.4734375 0.2593750000000001 0.4890625 0.37968750000000007 0.4890625
0 0.43125 0.471875 0.40625 0.471875 0.40625 0.4921875 0.43125 0.4921875
0 0.4859375 0.4734375 0.4515625 0.4734375 0.4515625 0.4875 0.4859375 0.4875
0 0.596875 0.4734375 0.5015625 0.4734375 0.5015625 0.496875 0.596875 0.496875
0 0.70625 0.4734375 0.6171875 0.4734375 0.6171875 0.4921875 0.70625 0.4921875
0 0.715625 0.484375 0.7125 0.484375 0.7125 0.4875 0.715625 0.4875
0 0.7921875 0.4734375000000002 0.7359375 0.4734375000000002 0.7359375 0.48750000000000016 0.7921875 0.48750000000000016
0 0.8328125 0.4734375000000002 0.8078125 0.4734375000000002 0.8078125 0.49218750000000017 0.8328125 0.49218750000000017
0 0.17031250000000003 0.5234375 0.12812500000000004 0.5234375 0.12812500000000004 0.5375 0.17031250000000003 0.5375
0 0.3046875000000001 0.5296875 0.18593750000000003 0.5296875 0.18593750000000003 0.5390625 0.3046875000000001 0.5390625
0 0.490625 0.525 0.3343750000000001 0.525 0.3343750000000001 0.540625 0.490625 0.540625
0 0.6171875 0.525 0.5125 0.525 0.5125 0.540625 0.6171875 0.540625
0 0.6671875 0.525 0.64375 0.525 0.64375 0.5375 0.6671875 0.5375
0 0.740625 0.5250000000000001 0.6765625 0.525 0.6765625 0.5390625000000001 0.740625 0.5390625000000002
0 0.7921875 0.5234375000000002 0.7609375 0.5234375000000002 0.7609375 0.5375000000000002 0.7921875 0.5375000000000002
0 0.8484375 0.5234375000000002 0.8015625 0.5234375000000002 0.8015625 0.5375000000000002 0.8484375 0.5375000000000002
0 0.1859375000000001 0.575 0.1296875000000001 0.575 0.1296875000000001 0.5890625 0.1859375000000001 0.5890625
0 0.32500000000000007 0.575 0.20312500000000008 0.575 0.20312500000000008 0.5984375 0.32500000000000007 0.5984375
0 0.4 0.578125 0.34843750000000007 0.578125 0.34843750000000007 0.5875 0.4 0.5875
0 0.4828125 0.5765625 0.4109375 0.5765625 0.4109375 0.5890625 0.4828125 0.5890625
0 0.5390625 0.575 0.49375 0.575 0.49375 0.5890625 0.5390625 0.5890625
0 0.675 0.5765625 0.5484375 0.5765625 0.5484375 0.596875 0.675 0.596875
0 0.74375 0.5750000000000001 0.696875 0.575 0.696875 0.5890625 0.74375 0.5890625000000002
0 0.825 0.5750000000000002 0.76875 0.5750000000000002 0.76875 0.5937500000000002 0.825 0.5937500000000002
0 0.21250000000000008 0.6234375 0.1312500000000001 0.6234375 0.1312500000000001 0.6390625 0.21250000000000008 0.6390625
0 0.3625000000000001 0.6234375 0.2328125000000001 0.6234375 0.2328125000000001 0.6390625 0.3625000000000001 0.6390625
0 0.509375 0.6265625 0.38750000000000007 0.6265625 0.38750000000000007 0.6390625 0.509375 0.6390625
0 0.59375 0.6296875 0.5296875 0.6296875 0.5296875 0.64375 0.59375 0.64375
0 0.6921875 0.625 0.6140625 0.625 0.6140625 0.6421875 0.6921875 0.6421875
0 0.75625 0.6250000000000001 0.715625 0.625 0.715625 0.6390625000000001 0.75625 0.6390625000000002
0 0.821875 0.6234375000000002 0.7796875 0.6234375000000002 0.7796875 0.6390625000000002 0.821875 0.6390625000000002
0 0.17187500000000008 0.6765625 0.13281250000000008 0.6765625 0.13281250000000008 0.6890625 0.17187500000000008 0.6890625
0 0.2921875000000001 0.6765625 0.18906250000000008 0.6765625 0.18906250000000008 0.7015625 0.2921875000000001 0.7015625
0 0.3703125000000001 0.675 0.3109375000000001 0.675 0.3109375000000001 0.6953125 0.3703125000000001 0.6953125
0 0.3781250000000001 0.6875 0.3750000000000001 0.6875 0.3750000000000001 0.690625 0.3781250000000001 0.690625