0 0.15625000000000006 0.21875 0.15312500000000004 0.21875 0.15312500000000004 0.2265625 0.15625000000000006 0.2265625
0 0.2796875 0.21875 0.16718750000000004 0.21875 0.16718750000000004 0.2375 0.2796875 0.2375
0 0.2890625 0.2328125 0.284375 0.2328125 0.284375 0.2390625 0.2890625 0.2390625
0 0.2984375 0.21875 0.29375 0.21875 0.29375 0.225 0.2984375 0.225
0 0.390625 0.22187500000000004 0.321875 0.221875 0.321875 0.23437500000000006 0.390625 0.23437500000000008
0 0.5109375 0.2218750000000001 0.41875 0.2218750000000001 0.41875 0.2328125000000001 0.5109375 0.2328125000000001
0 0.55 0.22031250000000008 0.53125 0.22031250000000008 0.53125 0.2312500000000001 0.55 0.2312500000000001
0 0.6375 0.22031250000000008 0.58125 0.22031250000000008 0.58125 0.2375000000000001 0.6375 0.2375000000000001
0 0.7203125 0.22812500000000008 0.6609375 0.22812500000000008 0.6609375 0.2390625000000001 0.7203125 0.2390625000000001
0 0.7484375 0.21875000000000008 0.74375 0.21875000000000008 0.74375 0.2250000000000001 0.7484375 0.2250000000000001
0 0.76875 0.22031250000000008 0.7625 0.22031250000000008 0.7625 0.2312500000000001 0.76875 0.2312500000000001
0 0.8046875 0.2218750000000001 0.771875 0.2218750000000001 0.771875 0.2328125000000001 0.8046875 0.2328125000000001
0 0.2 0.2671875 0.15781250000000005 0.2671875 0.15781250000000005 0.2890625 0.2 0.2890625
0 0.23125 0.28125 0.209375 0.28125 0.209375 0.284375 0.23125 0.284375
0 0.3921875 0.27031250000000007 0.2546875 0.2703125 0.2546875 0.28437500000000004 0.3921875 0.2843750000000001
0 0.4765625 0.27031250000000007 0.4171875 0.27031250000000007 0.4171875 0.2843750000000001 0.4765625 0.2843750000000001
0 0.5375 0.27812500000000007 0.5015625 0.27812500000000007 0.5015625 0.2843750000000001 0.5375 0.2843750000000001
0 0.5796875 0.27812500000000007 0.565625 0.27812500000000007 0.565625 0.2828125000000001 0.5796875 0.2828125000000001
0 0.709375 0.27031250000000007 0.6140625 0.27031250000000007 0.6140625 0.2843750000000001 0.709375 0.2843750000000001
0 0.76875 0.27031250000000007 0.7359375 0.27031250000000007 0.7359375 0.2828125000000001 0.76875 0.2828125000000001
0 0.8375 0.27031250000000007 0.7953125 0.27031250000000007 0.7953125 0.2843750000000001 0.8375 0.2843750000000001
0 0.365625 0.31875000000000003 0.16093750000000004 0.31875 0.16093750000000004 0.33906250000000004 0.365625 0.3390625000000001
0 0.4109375 0.3203125000000001 0.39375 0.3203125000000001 0.39375 0.33281250000000007 0.4109375 0.33281250000000007
0 0.4703125 0.3218750000000001 0.4359375 0.3218750000000001 0.4359375 0.3359375000000001 0.4703125 0.3359375000000001
0 0.5453125 0.3218750000000001 0.490625 0.3218750000000001 0.490625 0.34062500000000007 0.5453125 0.34062500000000007
0 0.7359375 0.3187500000000001 0.58125 0.3187500000000001 0.58125 0.3343750000000001 0.7359375 0.3343750000000001
0 0.7546875 0.3312500000000001 0.75 0.3312500000000001 0.75 0.3390625000000001 0.7546875 0.3390625000000001
0 0.828125 0.3203125000000001 0.76875 0.3203125000000001 0.76875 0.33281250000000007 0.828125 0.33281250000000007
0 0.19687500000000005 0.36875 0.15781250000000005 0.36875 0.15781250000000005 0.3828125 0.19687500000000005 0.3828125
0 0.2968750000000001 0.371875 0.2234375000000001 0.371875 0.2234375000000001 0.3859375 0.2968750000000001 0.3859375
0 0.3468750000000001 0.371875 0.3234375000000001 0.371875 0.3234375000000001 0.3828125 0.3468750000000001 0.3828125
0 0.465625 0.3703125000000001 0.3921875000000001 0.3703125000000001 0.3921875000000001 0.3828125000000001 0.465625 0.3828125000000001
0 0.4796875 0.3843750000000001 0.471875 0.3843750000000001 0.471875 0.3921875000000001 0.4796875 0.3921875000000001
0 0.571875 0.37187500000000007 0.50625 0.37187500000000007 0.50625 0.3890625000000001 0.571875 0.3890625000000001
0 0.5953125 0.3734375000000001 0.5828125 0.3734375000000001 0.5828125 0.3843750000000001 0.5953125 0.3843750000000001
0 0.6 0.3828125000000001 0.5984375 0.3828125000000001 0.5984375 0.3843750000000001 0.6 0.3843750000000001
0 0.6125 0.3843750000000001 0.6046875 0.3843750000000001 0.6046875 0.3937500000000001 0.6125 0.3937500000000001
0 0.6796875 0.37187500000000007 0.6390625 0.37187500000000007 0.6390625 0.3859375000000001 0.6796875 0.3859375000000001
0 0.725 0.3734375000000001 0.696875 0.3734375000000001 0.696875 0.3843750000000001 0.725 0.3843750000000001
0 0.8171875 0.3734375000000001 0.753125 0.3734375000000001 0.753125 0.3906250000000001 0.8171875 0.3906250000000001
0 0.22656250000000008 0.4234375 0.15937500000000004 0.4234375 0.15937500000000004 0.440625 0.22656250000000008 0.440625
0 0.2609375000000001 0.4234375 0.2453125000000001 0.4234375 0.2453125000000001 0.4375 0.2609375000000001 0.4375
0 0.3156250000000001 0.421875 0.2906250000000001 0.421875 0.2906250000000001 0.4359375 0.3156250000000001 0.4359375
0 0.37187500000000007 0.4234375 0.34062500000000007 0.4234375 0.34062500000000007 0.4359375 0.37187500000000007 0.4359375
0 0.4640625 0.421875 0.39531250000000007 0.421875 0.39531250000000007 0.440625 0.4640625 0.440625
0 0.515625 0.4234375 0.4890625 0.4234375 0.4890625 0.440625 0.515625 0.440625
0 0.571875 0.43125 0.5359375 0.43125 0.5359375 0.44375 0.571875 0.44375
0 0.6609375 0.4234375 0.5953125 0.4234375 0.5953125 0.44375 0.6609375 0.44375
0 0.665625 0.434375 0.6625 0.434375 0.6625 0.4359375 0.665625 0.4359375
0 0.7234375 0.421875 0.6890625 0.421875 0.6890625 0.434375 0.7234375 0.434375
0 0.75625 0.4234375000000002 0.7421875 0.4234375000000002 0.7421875 0.4343750000000002 0.75625 0.4343750000000002
0 0.7890625 0.4234375000000002 0.7859375 0.4234375000000002 0.7859375 0.4343750000000002 0.7890625 0.4343750000000002
0 0.8328125 0.4281250000000002 0.8015625 0.4281250000000002 0.8015625 0.4359375000000002 0.8328125 0.4359375000000002
0 0.19218750000000004 0.471875 0.15937500000000004 0.471875 0.15937500000000004 0.4890625 0.19218750000000004 0.4890625
0 0.2000000000000001 0.48125 0.19531250000000006 0.48125 0.19531250000000006 0.4875 0.2000000000000001 0.4875
0 0.2796875000000001 0.4796875 0.22656250000000008 0.4796875 0.22656250000000008 0.4859375 0.2796875000000001 0.4859375
0 0.3468750000000001 0.471875 0.30156250000000007 0.471875 0.30156250000000007 0.4859375 0.3468750000000001 0.4859375
0 0.415625 0.475 0.3765625000000001 0.475 0.3765625000000001 0.4875 0.415625 0.4875
0 0.490625 0.471875 0.4453125 0.471875 0.4453125 0.4859375 0.490625 0.4859375
0 0.509375 0.4828125 0.5046875 0.4828125 0.5046875 0.490625 0.509375 0.490625
0 0.5625 0.471875 0.528125 0.471875 0.528125 0.484375 0.5625 0.484375
0 0.6171875 0.4796875 0.584375 0.4796875 0.584375 0.4859375 0.6171875 0.4859375
0 0.678125 0.4734375 0.6390625 0.4734375 0.6390625 0.490625 0.678125 0.490625
0 0.7640625 0.4781250000000001 0.7078125 0.478125 0.7078125 0.4859375000000001 0.7640625 0.4859375000000002
0 0.8140625 0.47187500000000016 0.79375 0.47187500000000016 0.79375 0.4859375000000002 0.8140625 0.4859375000000002
0 0.2234375000000001 0.521875 0.16562500000000005 0.521875 0.16562500000000005 0.5359375 0.2234375000000001 0.5359375
0 0.2500000000000001 0.5359375 0.2453125000000001 0.5359375 0.2453125000000001 0.5421875 0.2500000000000001 0.5421875
0 0.3031250000000001 0.525 0.2656250000000001 0.525 0.2656250000000001 0.5375 0.3031250000000001 0.5375
0 0.3890625000000001 0.5234375 0.3375000000000001 0.5234375 0.3375000000000001 0.5390625 0.3890625000000001 0.5390625
0 0.5015625 0.5234375 0.421875 0.5234375 0.421875 0.5375 0.5015625 0.5375
0 0.56875 0.521875 0.5421875 0.521875 0.5421875 0.540625 0.56875 0.540625
0 0.6421875 0.5296875 0.5984375 0.5296875 0.5984375 0.54375 0.6421875 0.54375
0 0.740625 0.5234375000000001 0.6796875 0.5234375 0.6796875 0.5421875 0.740625 0.5421875000000002
0 0.7921875 0.5203125000000002 0.7703125 0.5203125000000002 0.7703125 0.5359375000000002 0.7921875 0.5359375000000002
0 0.21250000000000008 0.571875 0.1687500000000001 0.571875 0.1687500000000001 0.5859375 0.21250000000000008 0.5859375
0 0.23593750000000008 0.5796875 0.21093750000000008 0.5796875 0.21093750000000008 0.5875 0.23593750000000008 0.5875