0 0.23125 0.19687500000000002 0.15156250000000004 0.196875 0.15156250000000004 0.215625 0.23125 0.215625
0 0.240625 0.2125 0.2375 0.2125 0.2375 0.21875 0.240625 0.21875
0 0.2859375 0.19218750000000004 0.2640625 0.19218750000000004 0.2640625 0.215625 0.2859375 0.215625
0 0.36875 0.19375000000000003 0.31875 0.19375000000000003 0.31875 0.21406250000000004 0.36875 0.2140625000000001
0 0.4484375 0.19375000000000003 0.396875 0.19375000000000003 0.396875 0.2140625000000001 0.4484375 0.2140625000000001
0 0.5328125 0.19375000000000003 0.4796875 0.19375000000000003 0.4796875 0.2218750000000001 0.5328125 0.2218750000000001
0 0.6484375 0.1906250000000001 0.55625 0.1906250000000001 0.55625 0.21250000000000008 0.6484375 0.21250000000000008
0 0.7015625 0.1921875000000001 0.6796875 0.1921875000000001 0.6796875 0.2140625000000001 0.7015625 0.2140625000000001
0 0.7109375 0.2093750000000001 0.7078125 0.2093750000000001 0.7078125 0.2156250000000001 0.7109375 0.2156250000000001
0 0.7984375 0.19687500000000008 0.73125 0.19687500000000008 0.73125 0.21093750000000008 0.7984375 0.21093750000000008
0 0.278125 0.2390625 0.15156250000000004 0.2390625 0.15156250000000004 0.2671875 0.278125 0.2671875
0 0.3671875 0.23906250000000004 0.321875 0.2390625 0.321875 0.26093750000000004 0.3671875 0.2609375000000001
0 0.503125 0.2453125000000001 0.3984375 0.2453125000000001 0.3984375 0.2593750000000001 0.503125 0.2593750000000001
0 0.609375 0.2390625000000001 0.5546875 0.2390625000000001 0.5546875 0.2687500000000001 0.609375 0.2687500000000001
0 0.684375 0.2390625000000001 0.6390625 0.2390625000000001 0.6390625 0.2593750000000001 0.684375 0.2593750000000001
0 0.79375 0.24218750000000008 0.7125 0.24218750000000008 0.7125 0.2609375000000001 0.79375 0.2609375000000001
0 0.884375 0.2375000000000001 0.8234375 0.2375000000000001 0.8234375 0.2593750000000001 0.884375 0.2593750000000001
0 0.26875 0.2875 0.15000000000000005 0.2875 0.15000000000000005 0.3140625 0.26875 0.3140625
0 0.321875 0.29375 0.2984375 0.29375 0.2984375 0.309375 0.321875 0.309375
0 0.4015625 0.28437500000000004 0.3546875 0.284375 0.3546875 0.30937500000000007 0.4015625 0.30937500000000007
0 0.5796875 0.2890625000000001 0.4296875 0.2890625000000001 0.4296875 0.3203125000000001 0.5796875 0.3203125000000001
0 0.6375 0.2906250000000001 0.6078125 0.2906250000000001 0.6078125 0.3140625000000001 0.6375 0.3140625000000001
0 0.790625 0.2906250000000001 0.6578125 0.2906250000000001 0.6578125 0.3234375000000001 0.790625 0.3234375000000001
0 0.8640625 0.2890625000000001 0.821875 0.2890625000000001 0.821875 0.3109375000000001 0.8640625 0.3109375000000001
0 0.8765625 0.3046875000000001 0.8703125 0.3046875000000001 0.8703125 0.30937500000000007 0.8765625 0.30937500000000007
0 0.22343750000000004 0.3421875 0.15312500000000004 0.3421875 0.15312500000000004 0.371875 0.2234375000000001 0.371875
0 0.36406250000000007 0.34062500000000007 0.271875 0.340625 0.27187500000000003 0.37031250000000004 0.36406250000000007 0.3703125000000001
0 0.4453125 0.3421875000000001 0.396875 0.3421875000000001 0.396875 0.3609375000000001 0.4453125 0.3609375000000001
0 0.5109375 0.34062500000000007 0.4703125 0.34062500000000007 0.4703125 0.3625000000000001 0.5109375 0.3625000000000001
0 0.5890625 0.34062500000000007 0.534375 0.34062500000000007 0.534375 0.3625000000000001 0.5890625 0.3625000000000001
0 0.7375 0.3421875000000001 0.621875 0.3421875000000001 0.621875 0.37187500000000007 0.7375 0.37187500000000007
0 0.796875 0.3421875000000001 0.76875 0.3421875000000001 0.76875 0.3625000000000001 0.796875 0.3625000000000001
0 0.8953125 0.3421875000000001 0.828125 0.3421875000000001 0.828125 0.3625000000000001 0.8953125 0.3625000000000001
0 0.2687500000000001 0.3890625 0.15000000000000005 0.3890625 0.15000000000000005 0.4140625 0.2687500000000001 0.4140625
0 0.40625 0.38750000000000007 0.30156250000000007 0.3875 0.30156250000000007 0.4140625 0.40625 0.4140625
0 0.41875 0.409375 0.4140625 0.409375 0.4140625 0.415625 0.41875 0.415625
0 0.5 0.3906250000000001 0.446875 0.3906250000000001 0.446875 0.4109375 0.5 0.4109375
0 0.559375 0.39531250000000007 0.53125 0.39531250000000007 0.53125 0.4125 0.559375 0.4125
0 0.675 0.3984375000000001 0.5984375 0.3984375000000001 0.5984375 0.421875 0.675 0.421875
0 0.809375 0.3906250000000001 0.6953125 0.3906250000000001 0.6953125 0.4125000000000001 0.809375 0.4125000000000002
0 0.9125 0.3906250000000001 0.83125 0.3906250000000001 0.83125 0.41406250000000017 0.9125 0.41406250000000017
0 0.19843750000000004 0.446875 0.14687500000000003 0.446875 0.14687500000000003 0.4671875 0.19843750000000004 0.4671875
0 0.35625000000000007 0.4484375 0.2234375000000001 0.4484375 0.2234375000000001 0.4640625 0.35625000000000007 0.4640625
0 0.4328125 0.45 0.3812500000000001 0.45 0.3812500000000001 0.4640625 0.4328125 0.4640625
0 0.571875 0.4421875 0.4609375 0.4421875 0.4609375 0.471875 0.571875 0.471875
0 0.6375 0.4453125 0.5984375 0.4453125 0.5984375 0.4625 0.6375 0.4625
0 0.6546875 0.4625 0.6515625 0.4625 0.6515625 0.46875 0.6546875 0.46875
0 0.7296875 0.44218750000000007 0.6828125 0.4421875 0.6828125 0.4625000000000001 0.7296875 0.4625000000000002
0 0.890625 0.44062500000000016 0.7609375 0.44062500000000016 0.7609375 0.4734375000000002 0.890625 0.4734375000000002
0 0.17656250000000004 0.4921875 0.14531250000000004 0.4921875 0.14531250000000004 0.5125 0.17656250000000004 0.5125
0 0.26250000000000007 0.4890625 0.2062500000000001 0.4890625 0.2062500000000001 0.5171875 0.26250000000000007 0.5171875
0 0.3593750000000001 0.4984375 0.2890625000000001 0.4984375 0.2890625000000001 0.5125 0.3593750000000001 0.5125
0 0.484375 0.4984375 0.3890625000000001 0.4984375 0.3890625000000001 0.5125 0.484375 0.5125
0 0.565625 0.4890625 0.525 0.4890625 0.525 0.5171875 0.565625 0.5171875
0 0.7390625 0.48906250000000007 0.590625 0.4890625 0.590625 0.5218750000000001 0.7390625 0.5218750000000002
0 0.7625 0.5093750000000001 0.759375 0.5093750000000001 0.759375 0.5156250000000002 0.7625 0.5156250000000002
0 0.809375 0.49531250000000016 0.7875 0.49531250000000016 0.7875 0.5140625000000002 0.809375 0.5140625000000002
0 0.921875 0.4906250000000002 0.840625 0.4906250000000002 0.840625 0.5125000000000002 0.921875 0.5125000000000002
0 0.17343750000000008 0.546875 0.14843750000000008 0.546875 0.14843750000000008 0.5640625 0.17343750000000008 0.5640625
0 0.2250000000000001 0.546875 0.2078125000000001 0.546875 0.2078125000000001 0.5625 0.2250000000000001 0.5625
0 0.3156250000000001 0.5421875 0.2531250000000001 0.5421875 0.2531250000000001 0.5703125 0.3156250000000001 0.5703125
0 0.3281250000000001 0.5609375 0.3234375000000001 0.5609375 0.3234375000000001 0.56875 0.3281250000000001 0.56875
0 0.43125 0.540625 0.3546875000000001 0.540625 0.3546875000000001 0.5640625 0.43125 0.5640625
0 0.6453125 0.540625 0.4734375 0.540625 0.4734375 0.56875 0.6453125 0.56875
0 0.778125 0.5437500000000001 0.690625 0.54375 0.690625 0.5640625000000001 0.778125 0.5640625000000001
0 0.8875 0.5500000000000002 0.8125 0.5500000000000002 0.8125 0.5656250000000002 0.8875 0.5656250000000002
0 0.2312500000000001 0.590625 0.1437500000000001 0.590625 0.1437500000000001 0.6171875 0.2312500000000001 0.6171875
0 0.2890625000000001 0.590625 0.26250000000000007 0.590625 0.26250000000000007 0.6140625 0.2890625000000001 0.6140625
0 0.39531250000000007 0.5921875 0.3203125000000001 0.5921875 0.3203125000000001 0.6140625 0.39531250000000007 0.6140625
0 0.4609375 0.5921875 0.4140625 0.5921875 0.4140625 0.6125 0.4609375 0.6125
0 0.6421875 0.59375 0.4984375 0.59375 0.4984375 0.6125 0.6421875 0.6125
0 0.7875 0.5984375000000001 0.6890625 0.5984375 0.6890625 0.6218750000000001 0.7875 0.6218750000000002
0 0.8875 0.5906250000000002 0.81875 0.5906250000000002 0.81875 0.6125000000000002 0.8875 0.6125000000000002
0 0.2375000000000001 0.6453125 0.14062500000000008 0.6453125 0.14062500000000008 0.6640625 0.2375000000000001 0.6640625
0 0.30156250000000007 0.6453125 0.2671875000000001 0.6453125 0.2671875000000001 0.6640625 0.30156250000000007 0.6640625
0 0.3687500000000001 0.6453125 0.3218750000000001 0.6453125 0.3218750000000001 0.6640625 0.3687500000000001 0.6640625
0 0.6078125 0.6421875 0.403125 0.6421875 0.403125 0.678125 0.6078125 0.678125
0 0.703125 0.64375 0.6453125 0.64375 0.6453125 0.6609375 0.703125 0.6609375
0 0.89375 0.6421875000000001 0.7484375 0.6421875000000001 0.7484375 0.6734375000000001 0.89375 0.6734375000000001
0 0.30937500000000007 0.6953125 0.14218750000000008 0.6953125 0.14218750000000008 0.7140625 0.30937500000000007 0.7140625
0 0.3312500000000001 0.7078125 0.3265625000000001 0.7078125 0.3265625000000001 0.7109375 0.3312500000000001 0.7109375