0 0.21875 0.2 0.14062500000000006 0.2 0.14062500000000006 0.2171875 0.21875 0.2171875
0 0.275 0.2046875 0.2296875 0.2046875 0.2296875 0.2171875 0.275 0.2171875
0 0.3484375 0.2046875 0.2890625 0.2046875 0.2890625 0.2171875 0.3484375 0.2171875
0 0.5546875 0.19843750000000007 0.365625 0.19843750000000004 0.365625 0.2156250000000001 0.5546875 0.2156250000000001
0 0.6875 0.1984375000000001 0.5671875 0.1984375000000001 0.5671875 0.2140625000000001 0.6875 0.2140625000000001
0 0.815625 0.2015625000000001 0.7078125 0.2015625000000001 0.7078125 0.2156250000000001 0.815625 0.2156250000000001
0 0.825 0.21250000000000008 0.821875 0.21250000000000008 0.821875 0.2171875000000001 0.825 0.2171875000000001
0 0.2109375 0.2515625 0.14843750000000006 0.2515625 0.14843750000000006 0.2671875 0.2109375 0.2671875
0 0.3359375 0.2484375 0.2265625 0.2484375 0.2265625 0.265625 0.3359375 0.265625
0 0.4515625 0.2515625 0.359375 0.2515625 0.359375 0.26562500000000006 0.4515625 0.2656250000000001
0 0.5 0.2531250000000001 0.4671875 0.2531250000000001 0.4671875 0.2656250000000001 0.5 0.2656250000000001
0 0.646875 0.2500000000000001 0.5109375 0.2500000000000001 0.5109375 0.2656250000000001 0.646875 0.2656250000000001
0 0.809375 0.2484375000000001 0.6703125 0.2484375000000001 0.6703125 0.2656250000000001 0.809375 0.2656250000000001
0 0.24375 0.3 0.14531250000000004 0.3 0.14531250000000004 0.315625 0.24375 0.315625
0 0.3234375 0.303125 0.2578125 0.303125 0.2578125 0.315625 0.3234375 0.315625
0 0.365625 0.30000000000000004 0.3359375 0.3 0.3359375 0.31562500000000004 0.365625 0.3156250000000001
0 0.4421875 0.3031250000000001 0.3828125 0.3031250000000001 0.3828125 0.3156250000000001 0.4421875 0.3156250000000001
0 0.6078125 0.2984375000000001 0.45625 0.2984375000000001 0.45625 0.3156250000000001 0.6078125 0.3156250000000001
0 0.80625 0.30156250000000007 0.621875 0.30156250000000007 0.621875 0.3156250000000001 0.80625 0.3156250000000001
0 0.8078125 0.3109375000000001 0.8046875 0.3109375000000001 0.8046875 0.3156250000000001 0.8078125 0.3156250000000001
0 0.875 0.3000000000000001 0.821875 0.3000000000000001 0.821875 0.3156250000000001 0.875 0.3156250000000001
0 0.20625000000000004 0.353125 0.15000000000000005 0.353125 0.15000000000000005 0.3671875 0.2062500000000001 0.3671875
0 0.26093750000000004 0.35625 0.221875 0.35625 0.22187500000000004 0.3671875 0.2609375000000001 0.3671875
0 0.40625 0.35468750000000004 0.2796875 0.3546875 0.27968750000000003 0.36718750000000006 0.40625 0.3671875000000001
0 0.521875 0.3546875000000001 0.4234375 0.3546875000000001 0.4234375 0.3671875000000001 0.521875 0.3671875000000001
0 0.6109375 0.3515625000000001 0.5421875 0.3515625000000001 0.5421875 0.3656250000000001 0.6109375 0.3656250000000001
0 0.7171875 0.3515625000000001 0.6296875 0.3515625000000001 0.6296875 0.3656250000000001 0.7171875 0.3656250000000001
0 0.8265625 0.3500000000000001 0.734375 0.3500000000000001 0.734375 0.3656250000000001 0.8265625 0.3656250000000001
0 0.8984375 0.3531250000000001 0.8484375 0.3531250000000001 0.8484375 0.3656250000000001 0.8984375 0.3656250000000001
0 0.2953125000000001 0.4015625 0.15312500000000004 0.4015625 0.15312500000000004 0.41875 0.2953125000000001 0.41875
0 0.3859375000000001 0.4046875 0.3140625000000001 0.4046875 0.3140625000000001 0.4171875 0.3859375000000001 0.4171875
0 0.5015625 0.4015625 0.403125 0.4015625 0.403125 0.4171875 0.5015625 0.4171875
0 0.6203125 0.403125 0.525 0.403125 0.525 0.415625 0.6203125 0.415625
0 0.71875 0.403125 0.6390625 0.403125 0.6390625 0.415625 0.71875 0.415625
0 0.853125 0.3984375000000001 0.7390625 0.3984375000000001 0.7390625 0.41406250000000017 0.853125 0.41406250000000017
0 0.2078125000000001 0.453125 0.15000000000000005 0.453125 0.15000000000000005 0.46875 0.2078125000000001 0.46875
0 0.3046875000000001 0.453125 0.2218750000000001 0.453125 0.2218750000000001 0.46875 0.3046875000000001 0.46875
0 0.3609375000000001 0.4546875 0.31718750000000007 0.4546875 0.31718750000000007 0.46875 0.3609375000000001 0.46875
0 0.49375 0.4546875 0.3765625000000001 0.4546875 0.3765625000000001 0.46875 0.49375 0.46875
0 0.5453125 0.4546875 0.5125 0.4546875 0.5125 0.4671875 0.5453125 0.4671875
0 0.703125 0.453125 0.5703125 0.453125 0.5703125 0.4671875 0.703125 0.4671875
0 0.803125 0.4546875000000001 0.7234375 0.4546875 0.7234375 0.4671875000000001 0.803125 0.4671875000000002
0 0.8921875 0.45312500000000017 0.8203125 0.45312500000000017 0.8203125 0.4671875000000002 0.8921875 0.4671875000000002
0 0.2796875000000001 0.5078125 0.15937500000000004 0.5078125 0.15937500000000004 0.5203125 0.2796875000000001 0.5203125
0 0.3687500000000001 0.5078125 0.30156250000000007 0.5078125 0.30156250000000007 0.51875 0.3687500000000001 0.51875
0 0.3750000000000001 0.5015625 0.3703125000000001 0.5015625 0.3703125000000001 0.5078125 0.3750000000000001 0.5078125
0 0.58125 0.5015625 0.3843750000000001 0.5015625 0.3843750000000001 0.51875 0.58125 0.51875
0 0.753125 0.503125 0.609375 0.503125 0.609375 0.51875 0.753125 0.5187500000000002
0 0.8296875 0.4984375000000002 0.775 0.4984375000000002 0.775 0.5171875000000001 0.8296875 0.5171875000000001
0 0.2750000000000001 0.55625 0.1625000000000001 0.55625 0.1625000000000001 0.56875 0.2750000000000001 0.56875
0 0.2875000000000001 0.55 0.2843750000000001 0.55 0.2843750000000001 0.55625 0.2875000000000001 0.55625
0 0.30156250000000007 0.5625 0.2906250000000001 0.5625 0.2906250000000001 0.5640625 0.30156250000000007 0.5640625
0 0.36406250000000007 0.559375 0.3125000000000001 0.559375 0.3125000000000001 0.5703125 0.36406250000000007 0.5703125
0 0.4125 0.5546875 0.3781250000000001 0.5546875 0.3781250000000001 0.5703125 0.4125 0.5703125
0 0.5203125 0.5546875 0.43125 0.5546875 0.43125 0.5703125 0.5203125 0.5703125
0 0.5796875 0.55625 0.5375 0.55625 0.5375 0.5703125 0.5796875 0.5703125
0 0.7328125 0.5546875000000001 0.596875 0.5546875 0.596875 0.5718750000000001 0.7328125 0.5718750000000001
0 0.8125 0.5593750000000002 0.7546875 0.5593750000000002 0.7546875 0.5718750000000001 0.8125 0.5718750000000001
0 0.88125 0.5531250000000002 0.828125 0.5531250000000002 0.828125 0.5718750000000001 0.88125 0.5718750000000001
0 0.3281250000000001 0.6015625 0.15781250000000008 0.6015625 0.15781250000000008 0.61875 0.3281250000000001 0.61875
0 0.4546875 0.603125 0.3468750000000001 0.603125 0.3468750000000001 0.6171875 0.4546875 0.6171875
0 0.4640625 0.6125 0.4609375 0.6125 0.4609375 0.6171875 0.4640625 0.6171875
0 0.540625 0.603125 0.478125 0.603125 0.478125 0.6171875 0.540625 0.6171875
0 0.628125 0.6 0.5609375 0.6 0.5609375 0.6171875 0.628125 0.6171875
0 0.7421875 0.6000000000000001 0.646875 0.6 0.646875 0.6171875000000001 0.7421875 0.6171875000000002
0 0.896875 0.6031250000000001 0.765625 0.6031250000000001 0.765625 0.6171875000000002 0.896875 0.6171875000000002
0 0.3890625000000001 0.6546875 0.16406250000000008 0.6546875 0.16406250000000008 0.66875 0.3890625000000001 0.66875
0 0.403125 0.6625 0.3984375000000001 0.6625 0.3984375000000001 0.66875 0.403125 0.66875
0 0.50625 0.6515625 0.4109375 0.6515625 0.4109375 0.66875 0.50625 0.66875
0 0.515625 0.6515625 0.5125 0.6515625 0.5125 0.6578125 0.515625 0.6578125
0 0.66875 0.653125 0.521875 0.653125 0.521875 0.6671875 0.66875 0.6671875
0 0.7578125 0.6515625 0.6828125 0.6515625 0.6828125 0.6687500000000001 0.7578125 0.6687500000000002
0 0.846875 0.6546875000000002 0.78125 0.6546875000000002 0.78125 0.6671875000000002 0.846875 0.6671875000000002
0 0.903125 0.6546875000000002 0.8671875 0.6546875000000002 0.8671875 0.6671875000000002 0.903125 0.6671875000000002
0 0.2515625000000001 0.7046875 0.16406250000000008 0.7046875 0.16406250000000008 0.7203125 0.2515625000000001 0.7203125
0 0.3421875000000001 0.70625 0.2812500000000001 0.70625 0.2812500000000001 0.7203125 0.3421875000000001 0.7203125
0 0.465625 0.7078125 0.36406250000000007 0.7078125 0.36406250000000007 0.7203125 0.465625 0.7203125
0 0.5515625 0.7 0.4859375 0.7 0.4859375 0.71875 0.5515625 0.71875
0 0.63125 0.703125 0.575 0.703125 0.575 0.71875 0.63125 0.71875
0 0.675 0.70625 0.6515625 0.70625 0.6515625 0.7171875 0.675 0.7171875
0 0.884375 0.7046875000000001 0.6765625 0.7046875 0.6765625 0.721875 0.884375 0.7218750000000002
0 0.26250000000000007 0.7625 0.1609375000000001 0.7625 0.1609375000000001 0.775 0.26250000000000007 0.775
0 0.3062500000000001 0.759375 0.2843750000000001 0.759375 0.2843750000000001 0.775 0.3062500000000001 0.775
0 0.3843750000000001 0.7625 0.3187500000000001 0.7625 0.3187500000000001 0.775 0.3843750000000001 0.775
0 0.5656250000000002 0.759375 0.4078125000000002 0.759375 0.4078125000000002 0.775 0.5656250000000002 0.775
0 0.7109375000000002 0.7609375 0.5828125000000002 0.7609375 0.5828125000000002 0.775 0.7109375000000002 0.775
0 0.7968750000000002 0.7625000000000002 0.7359375000000001 0.7625000000000002 0.7359375000000001 0.7750000000000001 0.7968750000000002 0.7750000000000001
0 0.8546875 0.7625000000000002 0.7984375000000001 0.7625000000000002 0.7984375000000001 0.7765625000000002 0.8546875 0.7765625000000002