0 0.225 0.19687500000000002 0.15156250000000004 0.196875 0.15156250000000004 0.215625 0.225 0.215625
0 0.3171875 0.2015625 0.25 0.2015625 0.25 0.215625 0.3171875 0.215625
0 0.403125 0.19218750000000004 0.346875 0.19218750000000004 0.346875 0.21718750000000003 0.403125 0.2171875000000001
0 0.509375 0.19218750000000004 0.4296875 0.19218750000000004 0.4296875 0.2218750000000001 0.509375 0.2218750000000001
0 0.5671875 0.19375000000000006 0.54375 0.19375000000000003 0.54375 0.21250000000000008 0.5671875 0.21250000000000008
0 0.7515625 0.1921875000000001 0.6078125 0.1921875000000001 0.6078125 0.2218750000000001 0.7515625 0.2218750000000001
0 0.8515625 0.18906250000000008 0.775 0.18906250000000008 0.775 0.2140625000000001 0.8515625 0.2140625000000001
0 0.2078125 0.240625 0.15625000000000006 0.240625 0.15625000000000006 0.265625 0.2078125 0.265625
0 0.2203125 0.259375 0.2171875 0.259375 0.2171875 0.265625 0.2203125 0.265625
0 0.2953125 0.2359375 0.253125 0.2359375 0.253125 0.265625 0.2953125 0.265625
0 0.3546875 0.2375 0.3203125 0.2375 0.3203125 0.265625 0.3546875 0.265625
0 0.525 0.2390625000000001 0.375 0.2390625000000001 0.375 0.2609375000000001 0.525 0.2609375000000001
0 0.659375 0.2390625000000001 0.5625 0.2390625000000001 0.5625 0.2687500000000001 0.659375 0.2687500000000001
0 0.70625 0.2390625000000001 0.6859375 0.2390625000000001 0.6859375 0.2593750000000001 0.70625 0.2593750000000001
0 0.796875 0.2453125000000001 0.74375 0.2453125000000001 0.74375 0.2593750000000001 0.796875 0.2593750000000001
0 0.80625 0.2578125000000001 0.8015625 0.2578125000000001 0.8015625 0.2640625000000001 0.80625 0.2640625000000001
0 0.875 0.23593750000000008 0.815625 0.23593750000000008 0.815625 0.2578125000000001 0.875 0.2578125000000001
0 0.209375 0.2875 0.15625000000000006 0.2875 0.15625000000000006 0.3125 0.209375 0.3125
0 0.2703125 0.2890625 0.228125 0.2890625 0.228125 0.3125 0.2703125 0.3125
0 0.3640625 0.2984375 0.296875 0.2984375 0.296875 0.31093750000000003 0.3640625 0.3109375000000001
0 0.4640625 0.28593750000000007 0.3953125 0.28593750000000007 0.3953125 0.30937500000000007 0.4640625 0.30937500000000007
0 0.54375 0.28593750000000007 0.49375 0.28593750000000007 0.49375 0.3078125000000001 0.54375 0.3078125000000001
0 0.7765625 0.2875000000000001 0.5828125 0.2875000000000001 0.5828125 0.31718750000000007 0.7765625 0.31718750000000007
0 0.884375 0.28593750000000007 0.803125 0.28593750000000007 0.803125 0.3187500000000001 0.884375 0.3187500000000001
0 0.21875000000000006 0.3390625 0.15781250000000005 0.3390625 0.15781250000000005 0.365625 0.21875000000000008 0.365625
0 0.35000000000000003 0.3390625 0.2515625 0.3390625 0.2515625 0.371875 0.3500000000000001 0.371875
0 0.471875 0.3390625000000001 0.38125 0.3390625000000001 0.38125 0.3625000000000001 0.471875 0.3625000000000001
0 0.5921875 0.3390625000000001 0.503125 0.3390625000000001 0.503125 0.37187500000000007 0.5921875 0.37187500000000007
0 0.6046875 0.35625000000000007 0.603125 0.35625000000000007 0.603125 0.3656250000000001 0.6046875 0.3656250000000001
0 0.70625 0.34062500000000007 0.6296875 0.34062500000000007 0.6296875 0.3609375000000001 0.70625 0.3609375000000001
0 0.7859375 0.34062500000000007 0.734375 0.34062500000000007 0.734375 0.3609375000000001 0.7859375 0.3609375000000001
0 0.8625 0.3390625000000001 0.8109375 0.3390625000000001 0.8109375 0.3609375000000001 0.8625 0.3609375000000001
0 0.2234375000000001 0.3875 0.15625000000000006 0.3875 0.15625000000000006 0.4109375 0.2234375000000001 0.4109375
0 0.3218750000000001 0.3890625 0.2578125000000001 0.3890625 0.2578125000000001 0.4109375 0.3218750000000001 0.4109375
0 0.3828125000000001 0.39531250000000007 0.3500000000000001 0.3953125 0.3500000000000001 0.409375 0.3828125000000001 0.409375
0 0.5421875 0.3906250000000001 0.4109375 0.3906250000000001 0.4109375 0.425 0.5421875 0.425
0 0.6703125 0.3890625000000001 0.5734375 0.3890625000000001 0.5734375 0.421875 0.6703125 0.421875
0 0.684375 0.4078125 0.6828125 0.4078125 0.6828125 0.4171875 0.684375 0.4171875
0 0.7484375 0.3921875000000001 0.7015625 0.3921875000000001 0.7015625 0.41093750000000007 0.7484375 0.4109375000000002
0 0.8234375 0.3906250000000001 0.7703125 0.3906250000000001 0.7703125 0.4109375000000002 0.8234375 0.4109375000000002
0 0.9265625 0.3890625000000001 0.84375 0.3890625000000001 0.84375 0.4125000000000002 0.9265625 0.4125000000000002
0 0.19062500000000004 0.4515625 0.15625000000000006 0.4515625 0.15625000000000006 0.4671875 0.19062500000000004 0.4671875
0 0.2593750000000001 0.4515625 0.2296875000000001 0.4515625 0.2296875000000001 0.465625 0.2593750000000001 0.465625
0 0.34062500000000007 0.4421875 0.29375000000000007 0.4421875 0.29375000000000007 0.465625 0.34062500000000007 0.465625
0 0.5078125 0.4421875 0.3828125000000001 0.4421875 0.3828125000000001 0.465625 0.5078125 0.465625
0 0.6296875 0.4421875 0.5421875 0.4421875 0.5421875 0.46875 0.6296875 0.46875
0 0.64375 0.4625 0.6390625 0.4625 0.6390625 0.465625 0.64375 0.465625
0 0.80625 0.44218750000000007 0.6796875 0.4421875 0.6796875 0.4703125000000001 0.80625 0.4703125000000002
0 0.853125 0.4437500000000002 0.8359375 0.4437500000000002 0.8359375 0.46406250000000016 0.853125 0.46406250000000016
0 0.875 0.45312500000000017 0.85625 0.45312500000000017 0.85625 0.46406250000000016 0.875 0.46406250000000016
0 0.2156250000000001 0.503125 0.15625000000000006 0.503125 0.15625000000000006 0.5171875 0.2156250000000001 0.5171875
0 0.3468750000000001 0.49375 0.24375000000000008 0.49375 0.24375000000000008 0.5171875 0.3468750000000001 0.5171875
0 0.425 0.4921875 0.3781250000000001 0.4921875 0.3781250000000001 0.5140625 0.425 0.5140625
0 0.525 0.49375 0.453125 0.49375 0.453125 0.525 0.525 0.525
0 0.5859375 0.49375 0.559375 0.49375 0.559375 0.5140625 0.5859375 0.5140625
0 0.6984375 0.4921875 0.609375 0.4921875 0.609375 0.5140625 0.6984375 0.5140625
0 0.796875 0.49218750000000017 0.73125 0.49218750000000017 0.73125 0.5125000000000002 0.796875 0.5125000000000002
0 0.3968750000000001 0.54375 0.16093750000000004 0.54375 0.16093750000000007 0.5703125 0.3968750000000001 0.5703125
0 0.4203125 0.5546875 0.4171875 0.5546875 0.4171875 0.5640625 0.4203125 0.5640625
0 0.503125 0.54375 0.4703125 0.54375 0.4703125 0.5640625 0.503125 0.5640625
0 0.5921875 0.5421875 0.5328125 0.5421875 0.5328125 0.565625 0.5921875 0.565625
0 0.7765625 0.5421875 0.6375 0.5421875 0.6375 0.5640625000000001 0.7765625 0.5640625000000001
0 0.9203125 0.5406250000000001 0.8109375 0.5406250000000001 0.8109375 0.5781250000000002 0.9203125 0.5781250000000002
0 0.2250000000000001 0.59375 0.1593750000000001 0.59375 0.1593750000000001 0.621875 0.2250000000000001 0.621875
0 0.3140625000000001 0.596875 0.2656250000000001 0.596875 0.2656250000000001 0.615625 0.3140625000000001 0.615625
0 0.4703125 0.59375 0.3593750000000001 0.59375 0.3593750000000001 0.6140625 0.4703125 0.6140625
0 0.553125 0.59375 0.5078125 0.59375 0.5078125 0.6125 0.553125 0.6125
0 0.6296875 0.5921875 0.5890625 0.5921875 0.5890625 0.6125 0.6296875 0.6125
0 0.740625 0.5875000000000001 0.671875 0.5875 0.671875 0.6109375000000001 0.740625 0.6109375000000001
0 0.753125 0.6062500000000002 0.746875 0.6062500000000002 0.746875 0.6156250000000002 0.753125 0.6156250000000002
0 0.9125 0.5906250000000002 0.7859375 0.5906250000000002 0.7859375 0.6156250000000002 0.9125 0.6156250000000002
0 0.2062500000000001 0.6453125 0.1546875000000001 0.6453125 0.1546875000000001 0.6671875 0.2062500000000001 0.6671875
0 0.28593750000000007 0.6515625 0.23437500000000008 0.6515625 0.23437500000000008 0.6671875 0.28593750000000007 0.6671875
0 0.3578125000000001 0.6453125 0.3156250000000001 0.6453125 0.3156250000000001 0.665625 0.3578125000000001 0.665625
0 0.4421875 0.64375 0.3890625000000001 0.64375 0.3890625000000001 0.675 0.4421875 0.675
0 0.5078125 0.6421875 0.4765625 0.6421875 0.4765625 0.6671875 0.5078125 0.6671875
0 0.6328125 0.6484375 0.5390625 0.6484375 0.5390625 0.665625 0.6328125 0.665625
0 0.8796875 0.64375 0.665625 0.64375 0.665625 0.6765625000000001 0.8796875 0.6765625000000002
0 0.2015625000000001 0.6953125 0.15781250000000008 0.6953125 0.15781250000000008 0.71875 0.2015625000000001 0.71875
0 0.2734375000000001 0.696875 0.2296875000000001 0.696875 0.2296875000000001 0.721875 0.2734375000000001 0.721875
0 0.421875 0.6984375 0.3218750000000001 0.6984375 0.3218750000000001 0.71875 0.421875 0.71875
0 0.5921875 0.6984375 0.459375 0.6984375 0.459375 0.7234375 0.5921875 0.7234375
0 0.6609375 0.696875 0.628125 0.696875 0.628125 0.7234375 0.6609375 0.7234375
0 0.7265625 0.6968750000000001 0.684375 0.696875 0.684375 0.7171875000000001 0.7265625 0.7171875000000002
0 0.890625 0.6953125000000002 0.765625 0.6953125000000002 0.7656250000000001 0.7296875000000002 0.890625 0.7296875000000002
0 0.903125 0.7093750000000002 0.9 0.7093750000000002 0.9 0.7125000000000001 0.903125 0.7125000000000001