0 0.2171875 0.20625 0.13281250000000006 0.20625 0.13281250000000006 0.2265625 0.2171875 0.2265625
0 0.26875 0.2125 0.2328125 0.2125 0.2328125 0.2265625 0.26875 0.2265625
0 0.328125 0.209375 0.2828125 0.209375 0.2828125 0.2265625 0.328125 0.2265625
0 0.4265625 0.20781250000000004 0.34375 0.2078125 0.34375 0.22656250000000006 0.4265625 0.22656250000000008
0 0.578125 0.21250000000000008 0.4390625 0.21250000000000008 0.4390625 0.22656250000000008 0.578125 0.22656250000000008
0 0.6359375 0.2093750000000001 0.5890625 0.2093750000000001 0.5890625 0.22656250000000008 0.6359375 0.22656250000000008
0 0.7484375 0.2093750000000001 0.6484375 0.2093750000000001 0.6484375 0.2406250000000001 0.7484375 0.2406250000000001
0 0.78125 0.21250000000000008 0.753125 0.21250000000000008 0.753125 0.23593750000000008 0.78125 0.23593750000000008
0 0.865625 0.2078125000000001 0.79375 0.2078125000000001 0.79375 0.2250000000000001 0.865625 0.2250000000000001
0 0.2453125 0.259375 0.13906250000000003 0.259375 0.13906250000000003 0.2921875 0.2453125 0.2921875
0 0.2609375 0.271875 0.2546875 0.271875 0.2546875 0.278125 0.2609375 0.278125
0 0.3296875 0.2625 0.2734375 0.2625 0.2734375 0.2765625 0.3296875 0.2765625
0 0.3953125 0.25781250000000006 0.3453125 0.2578125 0.3453125 0.27656250000000004 0.3953125 0.2765625000000001
0 0.440625 0.2562500000000001 0.4109375 0.2562500000000001 0.4109375 0.2750000000000001 0.440625 0.2750000000000001
0 0.5171875 0.2562500000000001 0.4609375 0.2562500000000001 0.4609375 0.2750000000000001 0.5171875 0.2750000000000001
0 0.596875 0.2578125000000001 0.5390625 0.2578125000000001 0.5390625 0.2750000000000001 0.596875 0.2750000000000001
0 0.6234375 0.25468750000000007 0.6171875 0.25468750000000007 0.6171875 0.2593750000000001 0.6234375 0.2593750000000001
0 0.759375 0.2609375000000001 0.615625 0.2609375000000001 0.615625 0.2765625000000001 0.759375 0.2765625000000001
0 0.775 0.2734375000000001 0.7640625 0.2734375000000001 0.7640625 0.2796875000000001 0.775 0.2796875000000001
0 0.890625 0.26250000000000007 0.78125 0.26250000000000007 0.78125 0.2921875000000001 0.890625 0.2921875000000001
0 0.28125 0.3109375 0.13281250000000006 0.3109375 0.13281250000000006 0.3296875 0.28125 0.3296875
0 0.3484375 0.3109375 0.2875 0.3109375 0.2875 0.328125 0.3484375 0.328125
0 0.4359375 0.31250000000000006 0.35625 0.3125 0.35625 0.34218750000000003 0.4359375 0.3421875000000001
0 0.4546875 0.3078125000000001 0.45 0.3078125000000001 0.45 0.3140625000000001 0.4546875 0.3140625000000001
0 0.459375 0.32500000000000007 0.45625 0.32500000000000007 0.45625 0.3265625000000001 0.459375 0.3265625000000001
0 0.51875 0.3062500000000001 0.484375 0.3062500000000001 0.484375 0.32500000000000007 0.51875 0.32500000000000007
0 0.5984375 0.3062500000000001 0.534375 0.3062500000000001 0.534375 0.3265625000000001 0.5984375 0.3265625000000001
0 0.7328125 0.3125000000000001 0.6140625 0.3125000000000001 0.6140625 0.32500000000000007 0.7328125 0.32500000000000007
0 0.74375 0.3234375000000001 0.7375 0.3234375000000001 0.7375 0.3281250000000001 0.74375 0.3281250000000001
0 0.8125 0.3140625000000001 0.7515625 0.3140625000000001 0.7515625 0.32500000000000007 0.8125 0.32500000000000007
0 0.846875 0.3109375000000001 0.8265625 0.3109375000000001 0.8265625 0.32500000000000007 0.846875 0.32500000000000007
0 0.17500000000000004 0.3578125 0.14218750000000005 0.3578125 0.14218750000000005 0.3765625 0.17500000000000004 0.3765625
0 0.25312500000000004 0.3625 0.19687500000000005 0.3625 0.19687500000000005 0.3796875 0.2531250000000001 0.3796875
0 0.459375 0.36250000000000004 0.2765625 0.3625 0.27656250000000004 0.37812500000000004 0.459375 0.3781250000000001
0 0.55 0.35625000000000007 0.4671875 0.35625000000000007 0.4671875 0.3828125000000001 0.55 0.3828125000000001
0 0.5625 0.3734375000000001 0.5578125 0.3734375000000001 0.5578125 0.3765625000000001 0.5625 0.3765625000000001
0 0.671875 0.3593750000000001 0.5859375 0.3593750000000001 0.5859375 0.3765625000000001 0.671875 0.3765625000000001
0 0.721875 0.3609375000000001 0.6875 0.3609375000000001 0.6875 0.3765625000000001 0.721875 0.3765625000000001
0 0.8234375 0.3609375000000001 0.7375 0.3609375000000001 0.7375 0.3781250000000001 0.8234375 0.3781250000000001
0 0.2000000000000001 0.4109375 0.15000000000000005 0.4109375 0.15000000000000005 0.428125 0.2000000000000001 0.428125
0 0.2765625000000001 0.409375 0.2250000000000001 0.409375 0.2250000000000001 0.428125 0.2765625000000001 0.428125
0 0.3625000000000001 0.4140625 0.2984375000000001 0.4140625 0.2984375000000001 0.4296875 0.3625000000000001 0.4296875
0 0.4515625 0.4140625 0.37968750000000007 0.4140625 0.37968750000000007 0.43125 0.4515625 0.43125
0 0.4953125 0.4140625 0.475 0.4140625 0.475 0.4265625 0.4953125 0.4265625
0 0.5609375 0.4109375 0.515625 0.4109375 0.515625 0.4265625 0.5609375 0.4265625
0 0.7078125 0.4140625 0.5765625 0.4140625 0.5765625 0.4390625 0.7078125 0.4390625
0 0.825 0.4156250000000002 0.728125 0.4156250000000002 0.728125 0.4281250000000002 0.825 0.4281250000000002
0 0.19531250000000006 0.4609375 0.14531250000000004 0.4609375 0.14531250000000004 0.4765625 0.19531250000000006 0.4765625
0 0.2875000000000001 0.4640625 0.2250000000000001 0.4640625 0.2250000000000001 0.478125 0.2875000000000001 0.478125
0 0.3546875000000001 0.4671875 0.3078125000000001 0.4671875 0.3078125000000001 0.4796875 0.3546875000000001 0.4796875
0 0.4390625 0.4609375 0.3812500000000001 0.4609375 0.3812500000000001 0.48125 0.4390625 0.48125
0 0.490625 0.4640625 0.4671875 0.4640625 0.4671875 0.4796875 0.490625 0.4796875
0 0.59375 0.4578125 0.5234375 0.4578125 0.5234375 0.475 0.59375 0.475
0 0.5953125 0.471875 0.578125 0.471875 0.578125 0.4859375 0.5953125 0.4859375
0 0.6828125 0.4640625 0.6125 0.4640625 0.6125 0.4765625 0.6828125 0.4765625
0 0.7484375 0.45781250000000007 0.709375 0.4578125 0.709375 0.4765625000000001 0.7484375 0.47656250000000017
0 0.859375 0.4625000000000002 0.7609375 0.4625000000000002 0.7609375 0.4984375000000002 0.859375 0.4984375000000002
0 0.2484375000000001 0.5078125 0.14062500000000006 0.5078125 0.14062500000000006 0.5296875 0.2484375000000001 0.5296875
0 0.3921875000000001 0.5140625 0.2765625000000001 0.5140625 0.2765625000000001 0.5296875 0.3921875000000001 0.5296875
0 0.4484375 0.5140625 0.41875 0.5140625 0.41875 0.5296875 0.4484375 0.5296875
0 0.5078125 0.5125 0.4640625 0.5125 0.4640625 0.528125 0.5078125 0.528125
0 0.5234375 0.521875 0.5171875 0.521875 0.5171875 0.525 0.5234375 0.525