0 0.209375 0.19375000000000003 0.13125000000000003 0.19375 0.13125000000000003 0.215625 0.209375 0.215625
0 0.2953125 0.19062500000000004 0.2203125 0.19062500000000004 0.2203125 0.2140625 0.2953125 0.2140625
0 0.4203125 0.19062500000000004 0.315625 0.19062500000000004 0.315625 0.21406250000000004 0.4203125 0.2140625000000001
0 0.540625 0.19218750000000004 0.440625 0.19218750000000004 0.440625 0.2156250000000001 0.540625 0.2156250000000001
0 0.553125 0.2062500000000001 0.55 0.2062500000000001 0.55 0.2156250000000001 0.553125 0.2156250000000001
0 0.6140625 0.1937500000000001 0.5578125 0.1937500000000001 0.5578125 0.21093750000000008 0.6140625 0.21093750000000008
0 0.690625 0.1921875000000001 0.6296875 0.1921875000000001 0.6296875 0.21250000000000008 0.690625 0.21250000000000008
0 0.7796875 0.18750000000000008 0.703125 0.18750000000000008 0.703125 0.21093750000000008 0.7796875 0.21093750000000008
0 0.303125 0.246875 0.13281250000000006 0.246875 0.13281250000000006 0.2703125 0.303125 0.2703125
0 0.38125 0.24843750000000003 0.3171875 0.2484375 0.3171875 0.26406250000000003 0.38125 0.2640625000000001
0 0.3921875 0.2593750000000001 0.3890625 0.2593750000000001 0.3890625 0.2671875000000001 0.3921875 0.2671875000000001
0 0.565625 0.24375000000000008 0.4046875 0.24375000000000008 0.4046875 0.2671875000000001 0.565625 0.2671875000000001
0 0.646875 0.24375000000000008 0.5796875 0.24375000000000008 0.5796875 0.2609375000000001 0.646875 0.2609375000000001
0 0.7203125 0.2453125000000001 0.6625 0.2453125000000001 0.6625 0.2609375000000001 0.7203125 0.2609375000000001
0 0.8390625 0.24375000000000008 0.7359375 0.24375000000000008 0.7359375 0.26250000000000007 0.8390625 0.26250000000000007
0 0.8484375 0.2609375000000001 0.8453125 0.2609375000000001 0.8453125 0.27031250000000007 0.8484375 0.27031250000000007
0 0.89375 0.2484375000000001 0.85625 0.2484375000000001 0.85625 0.2640625000000001 0.89375 0.2640625000000001
0 0.17812500000000003 0.2984375 0.12656250000000005 0.2984375 0.12656250000000005 0.315625 0.17812500000000003 0.315625
0 0.2625 0.2953125 0.19375000000000003 0.2953125 0.19375000000000003 0.3140625 0.2625 0.3140625
0 0.440625 0.30000000000000004 0.2765625 0.3 0.2765625 0.321875 0.440625 0.3218750000000001
0 0.5140625 0.3000000000000001 0.453125 0.3000000000000001 0.453125 0.3156250000000001 0.5140625 0.3156250000000001
0 0.528125 0.3109375000000001 0.525 0.3109375000000001 0.525 0.3203125000000001 0.528125 0.3203125000000001
0 0.5859375 0.2968750000000001 0.53125 0.2968750000000001 0.53125 0.3140625000000001 0.5859375 0.3140625000000001
0 0.6953125 0.2984375000000001 0.6015625 0.2984375000000001 0.6015625 0.31718750000000007 0.6953125 0.31718750000000007
0 0.7828125 0.29375000000000007 0.715625 0.29375000000000007 0.715625 0.3156250000000001 0.7828125 0.3156250000000001
0 0.8953125 0.2968750000000001 0.803125 0.2968750000000001 0.803125 0.3187500000000001 0.8953125 0.3187500000000001
0 0.20625000000000004 0.353125 0.12656250000000005 0.353125 0.12656250000000005 0.3640625 0.2062500000000001 0.3640625
0 0.24843750000000003 0.3546875 0.2296875 0.3546875 0.22968750000000004 0.365625 0.2484375000000001 0.365625
0 0.34843750000000007 0.35 0.2703125 0.35 0.27031250000000007 0.3703125 0.34843750000000007 0.3703125
0 0.4515625 0.3531250000000001 0.3734375 0.3531250000000001 0.37343750000000003 0.3687500000000001 0.4515625 0.3687500000000001
0 0.509375 0.3468750000000001 0.4734375 0.3468750000000001 0.4734375 0.3687500000000001 0.509375 0.3687500000000001
0 0.609375 0.34843750000000007 0.5265625 0.34843750000000007 0.5265625 0.3656250000000001 0.609375 0.3656250000000001
0 0.621875 0.3609375000000001 0.61875 0.3609375000000001 0.61875 0.3703125000000001 0.621875 0.3703125000000001
0 0.7765625 0.3468750000000001 0.6359375 0.3468750000000001 0.6359375 0.37187500000000007 0.7765625 0.37187500000000007
0 0.8359375 0.3515625000000001 0.790625 0.3515625000000001 0.790625 0.36406250000000007 0.8359375 0.36406250000000007
0 0.896875 0.3500000000000001 0.846875 0.3500000000000001 0.846875 0.3671875000000001 0.896875 0.3671875000000001
0 0.3375000000000001 0.3984375 0.11406250000000004 0.3984375 0.11406250000000004 0.4234375 0.3375000000000001 0.4234375
0 0.43125 0.4 0.3546875000000001 0.4 0.3546875000000001 0.4234375 0.43125 0.4234375
0 0.4421875 0.4125 0.4390625 0.4125 0.4390625 0.421875 0.4421875 0.421875
0 0.621875 0.3984375000000001 0.45625 0.3984375000000001 0.45625 0.4234375 0.621875 0.4234375
0 0.690625 0.4 0.640625 0.4 0.640625 0.41875 0.690625 0.41875
0 0.759375 0.4015625000000001 0.703125 0.4015625 0.703125 0.41875000000000007 0.759375 0.4187500000000002
0 0.80625 0.3984375000000001 0.7671875 0.3984375000000001 0.7671875 0.4203125000000002 0.80625 0.4203125000000002
0 0.9328125 0.4000000000000002 0.828125 0.4000000000000002 0.828125 0.42187500000000017 0.9328125 0.42187500000000017
0 0.18281250000000004 0.4515625 0.12187500000000004 0.4515625 0.12187500000000004 0.4671875 0.18281250000000004 0.4671875
0 0.40625 0.453125 0.2015625000000001 0.453125 0.2015625000000001 0.475 0.40625 0.475
0 0.53125 0.453125 0.4265625 0.453125 0.4265625 0.4734375 0.53125 0.4734375
0 0.596875 0.4515625 0.54375 0.4515625 0.54375 0.4671875 0.596875 0.4671875
0 0.7125 0.45625 0.6078125 0.45625 0.6078125 0.4671875 0.7125 0.4671875
0 0.9 0.4515625000000002 0.73125 0.4515625000000002 0.73125 0.47187500000000016 0.9 0.47187500000000016
0 0.18906250000000005 0.5015625 0.11875000000000005 0.5015625 0.11875000000000005 0.521875 0.18906250000000005 0.521875
0 0.2875000000000001 0.5046875 0.21093750000000008 0.5046875 0.21093750000000008 0.521875 0.2875000000000001 0.521875
0 0.3546875000000001 0.4984375 0.2984375000000001 0.4984375 0.2984375000000001 0.5140625 0.3546875000000001 0.5140625
0 0.4328125 0.496875 0.3671875000000001 0.496875 0.3671875000000001 0.515625 0.4328125 0.515625
0 0.521875 0.503125 0.45625 0.503125 0.45625 0.515625 0.521875 0.515625
0 0.6359375 0.4984375 0.5421875 0.4984375 0.5421875 0.515625 0.6359375 0.515625
0 0.715625 0.50625 0.6578125 0.50625 0.6578125 0.51875 0.715625 0.51875
0 0.728125 0.5140625000000001 0.725 0.5140625 0.725 0.5234375000000001 0.728125 0.5234375000000002
0 0.8890625 0.4984375000000002 0.740625 0.4984375000000002 0.740625 0.5250000000000001 0.8890625 0.5250000000000001
0 0.1859375000000001 0.553125 0.11718750000000008 0.553125 0.11718750000000008 0.5703125 0.1859375000000001 0.5703125
0 0.34843750000000007 0.553125 0.2062500000000001 0.553125 0.2062500000000001 0.578125 0.34843750000000007 0.578125
0 0.4515625 0.5546875 0.3687500000000001 0.5546875 0.3687500000000001 0.578125 0.4515625 0.578125
0 0.503125 0.5546875 0.465625 0.5546875 0.465625 0.575 0.503125 0.575
0 0.5734375 0.55625 0.5125 0.55625 0.5125 0.5734375 0.5734375 0.5734375
0 0.759375 0.5515625000000001 0.590625 0.5515625 0.590625 0.5750000000000001 0.759375 0.5750000000000002
0 0.775 0.5578125000000002 0.7703125 0.5578125000000002 0.7703125 0.5687500000000002 0.775 0.5687500000000002
0 0.8625 0.5484375000000001 0.7953125 0.5484375000000001 0.7953125 0.5703125000000002 0.8625 0.5703125000000002
0 0.2453125000000001 0.6015625 0.11562500000000009 0.6015625 0.11562500000000009 0.6265625 0.2453125000000001 0.6265625
0 0.4203125 0.6015625 0.2593750000000001 0.6015625 0.2593750000000001 0.625 0.4203125 0.625
0 0.4984375 0.603125 0.434375 0.603125 0.434375 0.621875 0.4984375 0.621875
0 0.5125 0.6171875 0.509375 0.6171875 0.509375 0.6265625 0.5125 0.6265625
0 0.5890625 0.6015625 0.53125 0.6015625 0.53125 0.6234375 0.5890625 0.6234375
0 0.6734375 0.603125 0.6015625 0.603125 0.6015625 0.621875 0.6734375 0.621875
0 0.7921875 0.6078125000000001 0.6875 0.6078125 0.6875 0.628125 0.7921875 0.6281250000000002
0 0.8484375 0.6046875000000002 0.8109375 0.6046875000000002 0.8109375 0.6218750000000002 0.8484375 0.6218750000000002
0 0.9390625 0.6031250000000001 0.8640625 0.6031250000000001 0.8640625 0.6250000000000002 0.9390625 0.6250000000000002
0 0.18125000000000008 0.646875 0.1140625000000001 0.646875 0.1140625000000001 0.6703125 0.18125000000000008 0.6703125
0 0.3281250000000001 0.65 0.2078125000000001 0.65 0.2078125000000001 0.66875 0.3281250000000001 0.66875
0 0.3859375000000001 0.653125 0.3453125000000001 0.653125 0.3453125000000001 0.66875 0.3859375000000001 0.66875
0 0.4953125 0.6515625 0.3984375000000001 0.6515625 0.3984375000000001 0.66875 0.4953125 0.66875
0 0.571875 0.6515625 0.50625 0.6515625 0.50625 0.6703125 0.571875 0.6703125
0 0.584375 0.665625 0.578125 0.665625 0.578125 0.66875 0.584375 0.66875