0 0.17500000000000004 0.2015625 0.12656250000000005 0.2015625 0.12656250000000005 0.2265625 0.17500000000000004 0.2265625
0 0.246875 0.2015625 0.19375000000000003 0.2015625 0.19375000000000003 0.225 0.246875 0.225
0 0.3734375 0.20468750000000005 0.2546875 0.2046875 0.2546875 0.22187500000000004 0.3734375 0.2218750000000001
0 0.425 0.2015625000000001 0.384375 0.2015625000000001 0.384375 0.2234375000000001 0.425 0.2234375000000001
0 0.5890625 0.2078125000000001 0.4453125 0.2078125000000001 0.4453125 0.2406250000000001 0.5890625 0.2406250000000001
0 0.6390625 0.2093750000000001 0.609375 0.2093750000000001 0.609375 0.2390625000000001 0.6390625 0.2390625000000001
0 0.790625 0.2078125000000001 0.65 0.2078125000000001 0.65 0.2375000000000001 0.790625 0.2375000000000001
0 0.853125 0.2078125000000001 0.8 0.2078125000000001 0.8 0.23593750000000008 0.853125 0.23593750000000008
0 0.17812500000000003 0.2578125 0.13437500000000005 0.2578125 0.13437500000000005 0.2765625 0.17812500000000003 0.2765625
0 0.240625 0.2609375 0.2109375 0.2609375 0.2109375 0.275 0.240625 0.275
0 0.35 0.2625 0.25625 0.2625 0.25625 0.29375 0.35 0.29375
0 0.4421875 0.2609375000000001 0.375 0.2609375000000001 0.375 0.27812500000000007 0.4421875 0.27812500000000007
0 0.5 0.2593750000000001 0.4609375 0.2593750000000001 0.4609375 0.2750000000000001 0.5 0.2750000000000001
0 0.6234375 0.2578125000000001 0.515625 0.2578125000000001 0.515625 0.2921875000000001 0.6234375 0.2921875000000001
0 0.7328125 0.2593750000000001 0.6359375 0.2593750000000001 0.6359375 0.2765625000000001 0.7328125 0.2765625000000001
0 0.8234375 0.2578125000000001 0.7515625 0.2578125000000001 0.7515625 0.2734375000000001 0.8234375 0.2734375000000001
0 0.17968750000000006 0.309375 0.13593750000000004 0.309375 0.13593750000000004 0.3265625 0.17968750000000006 0.3265625
0 0.25625 0.3125 0.19843750000000004 0.3125 0.19843750000000004 0.3265625 0.25625 0.3265625
0 0.3359375 0.3109375 0.2765625 0.3109375 0.2765625 0.3296875 0.3359375 0.3296875
0 0.4078125 0.3140625 0.3515625 0.3140625 0.3515625 0.34843750000000007 0.4078125 0.34843750000000007
0 0.60625 0.3125000000000001 0.425 0.3125000000000001 0.425 0.3359375000000001 0.60625 0.3359375000000001
0 0.665625 0.3062500000000001 0.6171875 0.3062500000000001 0.6171875 0.32500000000000007 0.665625 0.32500000000000007
0 0.68125 0.3234375000000001 0.671875 0.3234375000000001 0.671875 0.3265625000000001 0.68125 0.3265625000000001
0 0.7515625 0.3125000000000001 0.690625 0.3125000000000001 0.690625 0.32500000000000007 0.7515625 0.32500000000000007
0 0.8359375 0.30937500000000007 0.753125 0.30937500000000007 0.753125 0.3265625000000001 0.8359375 0.3265625000000001
0 0.18750000000000006 0.3578125 0.13437500000000005 0.3578125 0.13437500000000005 0.378125 0.18750000000000006 0.378125
0 0.34687500000000004 0.3578125 0.203125 0.3578125 0.20312500000000006 0.39375 0.3468750000000001 0.39375
0 0.434375 0.35625000000000007 0.3640625 0.35625000000000007 0.36406250000000007 0.3937500000000001 0.434375 0.3937500000000001
0 0.515625 0.3609375000000001 0.45 0.3609375000000001 0.45 0.3765625000000001 0.515625 0.3765625000000001
0 0.6640625 0.3625000000000001 0.5328125 0.3625000000000001 0.5328125 0.3859375000000001 0.6640625 0.3859375000000001
0 0.7359375 0.3609375000000001 0.678125 0.3609375000000001 0.678125 0.3765625000000001 0.7359375 0.3765625000000001
0 0.803125 0.3625000000000001 0.76875 0.3625000000000001 0.76875 0.3781250000000001 0.803125 0.3781250000000001
0 0.2078125000000001 0.409375 0.12812500000000004 0.409375 0.12812500000000004 0.4265625 0.2078125000000001 0.4265625
0 0.2750000000000001 0.4171875 0.2406250000000001 0.4171875 0.2406250000000001 0.4296875 0.2750000000000001 0.4296875
0 0.3593750000000001 0.415625 0.2968750000000001 0.415625 0.2968750000000001 0.428125 0.3593750000000001 0.428125
0 0.459375 0.4140625 0.3765625000000001 0.4140625 0.3765625000000001 0.4265625 0.459375 0.4265625
0 0.559375 0.4140625 0.4765625 0.4140625 0.4765625 0.4453125 0.559375 0.4453125
0 0.696875 0.409375 0.5921875 0.409375 0.5921875 0.4296875 0.696875 0.4296875
0 0.7125 0.425 0.703125 0.425 0.703125 0.4328125 0.7125 0.4328125
0 0.8265625 0.4125000000000001 0.7203125 0.4125 0.7203125 0.4437500000000001 0.8265625 0.4437500000000002
0 0.16718750000000004 0.4625 0.12343750000000005 0.4625 0.12343750000000005 0.4796875 0.16718750000000004 0.4796875
0 0.28593750000000007 0.4625 0.18437500000000004 0.4625 0.18437500000000004 0.4796875 0.28593750000000007 0.4796875
0 0.3375000000000001 0.459375 0.3031250000000001 0.459375 0.3031250000000001 0.478125 0.3375000000000001 0.478125
0 0.425 0.465625 0.3343750000000001 0.465625 0.3343750000000001 0.4984375 0.425 0.4984375
0 0.515625 0.4609375 0.4484375 0.4609375 0.4484375 0.4796875 0.515625 0.4796875
0 0.71875 0.4625 0.5453125 0.4625 0.5453125 0.4875 0.71875 0.4875
0 0.80625 0.4656250000000002 0.740625 0.4656250000000002 0.740625 0.47968750000000016 0.80625 0.47968750000000016
0 0.3109375000000001 0.509375 0.11718750000000004 0.509375 0.11718750000000004 0.5375 0.3109375000000001 0.5375
0 0.440625 0.5140625 0.3218750000000001 0.5140625 0.3218750000000001 0.54375 0.440625 0.54375
0 0.53125 0.5171875 0.459375 0.5171875 0.459375 0.540625 0.53125 0.540625
0 0.5984375 0.5078125 0.5546875 0.5078125 0.5546875 0.53125 0.5984375 0.53125
0 0.7453125 0.5093750000000001 0.6171875 0.509375 0.6171875 0.5437500000000001 0.7453125 0.5437500000000002
0 0.7546875 0.5265625000000002 0.7484375 0.5265625000000002 0.7484375 0.5296875000000002 0.7546875 0.5296875000000002