0 0.14687500000000003 0.2171875 0.14375000000000004 0.2171875 0.14375000000000004 0.221875 0.14687500000000003 0.221875
0 0.2796875 0.21875 0.14843750000000006 0.21875 0.14843750000000006 0.2359375 0.2796875 0.2359375
0 0.321875 0.21875 0.2921875 0.21875 0.2921875 0.2296875 0.321875 0.2296875
0 0.384375 0.21718750000000003 0.334375 0.2171875 0.334375 0.22968750000000004 0.384375 0.2296875000000001
0 0.3921875 0.22656250000000008 0.3890625 0.22656250000000008 0.3890625 0.2312500000000001 0.3921875 0.2312500000000001
0 0.39375 0.2171875000000001 0.390625 0.2171875000000001 0.390625 0.22031250000000008 0.39375 0.22031250000000008
0 0.4234375 0.21875000000000008 0.4 0.21875000000000008 0.4 0.22812500000000008 0.4234375 0.22812500000000008
0 0.484375 0.2156250000000001 0.428125 0.2156250000000001 0.428125 0.2296875000000001 0.484375 0.2296875000000001
0 0.515625 0.21875000000000008 0.4953125 0.21875000000000008 0.4953125 0.2312500000000001 0.515625 0.2312500000000001
0 0.6015625 0.21093750000000008 0.5265625 0.21093750000000008 0.5265625 0.23437500000000008 0.6015625 0.23437500000000008
0 0.70625 0.21250000000000008 0.6140625 0.21250000000000008 0.6140625 0.2312500000000001 0.70625 0.2312500000000001
0 0.7265625 0.2218750000000001 0.7171875 0.2218750000000001 0.7171875 0.2296875000000001 0.7265625 0.2296875000000001
0 0.778125 0.22031250000000008 0.7375 0.22031250000000008 0.7375 0.2328125000000001 0.778125 0.2328125000000001
0 0.8421875 0.22031250000000008 0.784375 0.22031250000000008 0.784375 0.2375000000000001 0.8421875 0.2375000000000001
0 0.9 0.2171875000000001 0.8484375 0.2171875000000001 0.8484375 0.2312500000000001 0.9 0.2312500000000001
0 0.2328125 0.2625 0.14062500000000006 0.2625 0.14062500000000006 0.2859375 0.2328125 0.2859375
0 0.278125 0.2640625 0.246875 0.2640625 0.246875 0.278125 0.278125 0.278125
0 0.39375 0.26875000000000004 0.2890625 0.26875 0.2890625 0.2828125 0.39375 0.2828125000000001
0 0.4015625 0.27812500000000007 0.3984375 0.27812500000000007 0.3984375 0.2828125000000001 0.4015625 0.2828125000000001
0 0.4140625 0.2671875000000001 0.4109375 0.2671875000000001 0.4109375 0.2718750000000001 0.4140625 0.2718750000000001
0 0.4515625 0.2687500000000001 0.4171875 0.2687500000000001 0.4171875 0.2796875000000001 0.4515625 0.2796875000000001
0 0.50625 0.2718750000000001 0.4640625 0.2718750000000001 0.4640625 0.2843750000000001 0.50625 0.2843750000000001
0 0.6234375 0.2671875000000001 0.51875 0.2671875000000001 0.51875 0.2875000000000001 0.6234375 0.2875000000000001
0 0.6546875 0.27031250000000007 0.6328125 0.27031250000000007 0.6328125 0.2812500000000001 0.6546875 0.2812500000000001
0 0.690625 0.2640625000000001 0.66875 0.2640625000000001 0.66875 0.27812500000000007 0.690625 0.27812500000000007
0 0.721875 0.2656250000000001 0.703125 0.2656250000000001 0.703125 0.2796875000000001 0.721875 0.2796875000000001
0 0.8359375 0.2656250000000001 0.7328125 0.2656250000000001 0.7328125 0.2828125000000001 0.8359375 0.2828125000000001
0 0.859375 0.2687500000000001 0.8421875 0.2687500000000001 0.8421875 0.27812500000000007 0.859375 0.27812500000000007
0 0.903125 0.2718750000000001 0.86875 0.2718750000000001 0.86875 0.2796875000000001 0.903125 0.2796875000000001
0 0.9109375 0.27812500000000007 0.90625 0.27812500000000007 0.90625 0.2812500000000001 0.9109375 0.2812500000000001
0 0.2015625 0.31875 0.14218750000000005 0.31875 0.14218750000000005 0.33125 0.2015625 0.33125
0 0.278125 0.3203125 0.2140625 0.3203125 0.2140625 0.3375 0.278125 0.3375
0 0.325 0.3203125 0.284375 0.3203125 0.284375 0.3296875 0.325 0.3296875
0 0.39375 0.3140625 0.334375 0.3140625 0.334375 0.3296875 0.39375 0.3296875000000001
0 0.475 0.3203125000000001 0.4015625 0.3203125000000001 0.4015625 0.3312500000000001 0.475 0.3312500000000001
0 0.50625 0.3125000000000001 0.48125 0.3125000000000001 0.48125 0.3296875000000001 0.50625 0.3296875000000001
0 0.546875 0.31718750000000007 0.521875 0.31718750000000007 0.521875 0.3312500000000001 0.546875 0.3312500000000001
0 0.5921875 0.3203125000000001 0.5546875 0.3203125000000001 0.5546875 0.3312500000000001 0.5921875 0.3312500000000001
0 0.6578125 0.3203125000000001 0.603125 0.3203125000000001 0.603125 0.3296875000000001 0.6578125 0.3296875000000001
0 0.6671875 0.3156250000000001 0.6640625 0.3156250000000001 0.6640625 0.3203125000000001 0.6671875 0.3203125000000001
0 0.66875 0.32500000000000007 0.665625 0.32500000000000007 0.665625 0.3265625000000001 0.66875 0.3265625000000001
0 0.7484375 0.3187500000000001 0.6875 0.3187500000000001 0.6875 0.3296875000000001 0.7484375 0.3296875000000001
0 0.8265625 0.3203125000000001 0.759375 0.3203125000000001 0.759375 0.3359375000000001 0.8265625 0.3359375000000001
0 0.8390625 0.3265625000000001 0.8359375 0.3265625000000001 0.8359375 0.3312500000000001 0.8390625 0.3312500000000001
0 0.8765625 0.3187500000000001 0.8453125 0.3187500000000001 0.8453125 0.3296875000000001 0.8765625 0.3296875000000001
0 0.18750000000000006 0.3734375 0.14062500000000006 0.3734375 0.14062500000000006 0.38125 0.18750000000000006 0.38125
0 0.2640625000000001 0.3671875 0.2015625000000001 0.3671875 0.2015625000000001 0.3875 0.2640625000000001 0.3875
0 0.3500000000000001 0.3671875 0.2750000000000001 0.3671875 0.2750000000000001 0.3859375 0.3500000000000001 0.3859375
0 0.35625000000000007 0.3796875 0.3531250000000001 0.3796875 0.3531250000000001 0.3828125 0.35625000000000007 0.3828125
0 0.4078125 0.3703125000000001 0.3671875000000001 0.3703125000000001 0.3671875000000001 0.3828125000000001 0.4078125 0.3828125000000001
0 0.475 0.3656250000000001 0.4171875 0.3656250000000001 0.4171875 0.37968750000000007 0.475 0.37968750000000007
0 0.546875 0.3671875000000001 0.48125 0.3671875000000001 0.48125 0.37968750000000007 0.546875 0.37968750000000007
0 0.5765625 0.36406250000000007 0.5546875 0.36406250000000007 0.5546875 0.3812500000000001 0.5765625 0.3812500000000001
0 0.63125 0.3750000000000001 0.5875 0.3750000000000001 0.5875 0.3812500000000001 0.63125 0.3812500000000001
0 0.7109375 0.3609375000000001 0.6390625 0.3609375000000001 0.6390625 0.3812500000000001 0.7109375 0.3812500000000001
0 0.7421875 0.3734375000000001 0.71875 0.3734375000000001 0.71875 0.37968750000000007 0.7421875 0.37968750000000007
0 0.7828125 0.3687500000000001 0.7515625 0.3687500000000001 0.7515625 0.3781250000000001 0.7828125 0.3781250000000001
0 0.85 0.3609375000000001 0.7953125 0.3609375000000001 0.7953125 0.3812500000000001 0.85 0.3812500000000001
0 0.9109375 0.3687500000000001 0.853125 0.3687500000000001 0.853125 0.3828125000000001 0.9109375 0.3828125000000001
0 0.20468750000000008 0.41875 0.14062500000000006 0.41875 0.14062500000000006 0.43125 0.20468750000000008 0.43125
0 0.23593750000000008 0.4234375 0.2156250000000001 0.4234375 0.2156250000000001 0.434375 0.23593750000000008 0.434375
0 0.2734375000000001 0.421875 0.24218750000000008 0.421875 0.24218750000000008 0.43125 0.2734375000000001 0.43125
0 0.3453125000000001 0.425 0.2812500000000001 0.425 0.2812500000000001 0.4328125 0.3453125000000001 0.4328125
0 0.4265625 0.425 0.3578125000000001 0.425 0.3578125000000001 0.4359375 0.4265625 0.4359375
0 0.4375 0.425 0.434375 0.425 0.434375 0.4328125 0.4375 0.4328125
0 0.4953125 0.421875 0.45625 0.421875 0.45625 0.4375 0.4953125 0.4375
0 0.5953125 0.4203125 0.5046875 0.4203125 0.5046875 0.4328125 0.5953125 0.4328125
0 0.734375 0.41875000000000007 0.6046875 0.41875 0.6046875 0.4312500000000001 0.734375 0.4312500000000002
0 0.74375 0.4312500000000002 0.7390625 0.4312500000000002 0.7390625 0.4343750000000002 0.74375 0.4343750000000002
0 0.7828125 0.4203125000000002 0.75 0.4203125000000002 0.75 0.43281250000000016 0.7828125 0.43281250000000016
0 0.853125 0.42500000000000016 0.8 0.42500000000000016 0.8 0.4312500000000002 0.853125 0.4312500000000002
0 0.9015625 0.4234375000000002 0.871875 0.4234375000000002 0.871875 0.42968750000000017 0.9015625 0.42968750000000017
0 0.23593750000000008 0.465625 0.14062500000000006 0.465625 0.14062500000000006 0.4828125 0.23593750000000008 0.4828125
0 0.2843750000000001 0.4703125 0.2500000000000001 0.4703125 0.2500000000000001 0.48125 0.2843750000000001 0.48125
0 0.35625000000000007 0.4703125 0.2953125000000001 0.4703125 0.2953125000000001 0.48125 0.35625000000000007 0.48125
0 0.5140625 0.465625 0.3656250000000001 0.465625 0.3656250000000001 0.4828125 0.5140625 0.4828125
0 0.621875 0.4640625 0.525 0.4640625 0.525 0.484375 0.621875 0.484375
0 0.6640625 0.465625 0.63125 0.465625 0.63125 0.48125 0.6640625 0.48125
0 0.7328125 0.4750000000000001 0.675 0.475 0.675 0.48906250000000007 0.7328125 0.4890625000000002
0 0.8078125 0.4703125000000002 0.7421875 0.4703125000000002 0.7421875 0.4812500000000002 0.8078125 0.4812500000000002
0 0.81875 0.4812500000000002 0.8140625 0.4812500000000002 0.8140625 0.48437500000000017 0.81875 0.48437500000000017
0 0.8625 0.4734375000000002 0.8265625 0.4734375000000002 0.8265625 0.4828125000000002 0.8625 0.4828125000000002
0 0.928125 0.4734375000000002 0.871875 0.4734375000000002 0.871875 0.4812500000000002 0.928125 0.4812500000000002
0 0.17187500000000006 0.525 0.13906250000000003 0.525 0.13906250000000003 0.53125 0.17187500000000006 0.53125
0 0.2171875000000001 0.525 0.18593750000000003 0.525 0.18593750000000003 0.5328125 0.2171875000000001 0.5328125
0 0.3656250000000001 0.5171875 0.2312500000000001 0.5171875 0.2312500000000001 0.534375 0.3656250000000001 0.534375
0 0.4015625 0.5234375 0.37968750000000007 0.5234375 0.37968750000000007 0.5359375 0.4015625 0.5359375
0 0.45 0.521875 0.409375 0.521875 0.409375 0.53125 0.45 0.53125
0 0.54375 0.521875 0.4625 0.521875 0.4625 0.53125 0.54375 0.53125
0 0.575 0.521875 0.5546875 0.521875 0.5546875 0.5328125 0.575 0.5328125
0 0.6421875 0.5203125 0.584375 0.5203125 0.584375 0.53125 0.6421875 0.53125
0 0.76875 0.5203125000000001 0.653125 0.5203125 0.653125 0.534375 0.76875 0.5343750000000002
0 0.8671875 0.5171875000000001 0.7796875 0.5171875000000001 0.7796875 0.5390625000000002 0.8671875 0.5390625000000002
0 0.2828125000000001 0.571875 0.1437500000000001 0.571875 0.1437500000000001 0.5859375 0.2828125000000001 0.5859375
0 0.4 0.5703125 0.29375000000000007 0.5703125 0.29375000000000007 0.5859375 0.4 0.5859375
0 0.4109375 0.5734375 0.38750000000000007 0.5734375 0.38750000000000007 0.584375 0.4109375 0.584375
0 0.425 0.58125 0.4203125 0.58125 0.4203125 0.584375 0.425 0.584375