0 0.25 0.18906250000000002 0.14843750000000006 0.1890625 0.14843750000000006 0.2171875 0.25 0.2171875
0 0.36875 0.18906250000000005 0.2796875 0.18906250000000005 0.2796875 0.20937500000000003 0.36875 0.2093750000000001
0 0.4875 0.18593750000000003 0.403125 0.18593750000000003 0.403125 0.2156250000000001 0.4875 0.2156250000000001
0 0.578125 0.18593750000000006 0.521875 0.18593750000000003 0.521875 0.2062500000000001 0.578125 0.2062500000000001
0 0.6828125 0.1921875000000001 0.6125 0.1921875000000001 0.6125 0.20468750000000008 0.6828125 0.20468750000000008
0 0.821875 0.18906250000000008 0.715625 0.18906250000000008 0.715625 0.2156250000000001 0.821875 0.2156250000000001
0 0.8640625 0.1843750000000001 0.8390625 0.1843750000000001 0.8390625 0.21250000000000008 0.8640625 0.21250000000000008
0 0.19531250000000006 0.2390625 0.14531250000000004 0.2390625 0.14531250000000004 0.2609375 0.19531250000000006 0.2609375
0 0.3109375 0.2375 0.2265625 0.2375 0.2265625 0.2671875 0.3109375 0.2671875
0 0.459375 0.23593750000000005 0.3453125 0.2359375 0.3453125 0.26093750000000004 0.459375 0.2609375000000001
0 0.6125 0.2375000000000001 0.4984375 0.2375000000000001 0.4984375 0.2593750000000001 0.6125 0.2593750000000001
0 0.684375 0.2453125000000001 0.653125 0.2453125000000001 0.653125 0.2593750000000001 0.684375 0.2593750000000001
0 0.725 0.2453125000000001 0.709375 0.2453125000000001 0.709375 0.2593750000000001 0.725 0.2593750000000001
0 0.8640625 0.2375000000000001 0.75 0.2375000000000001 0.75 0.2578125000000001 0.8640625 0.2578125000000001
0 0.17343750000000005 0.2921875 0.14531250000000004 0.2921875 0.14531250000000004 0.3171875 0.17343750000000005 0.3171875
0 0.2390625 0.2953125 0.20625 0.2953125 0.20625 0.315625 0.2390625 0.315625
0 0.365625 0.30000000000000004 0.278125 0.3 0.278125 0.31250000000000006 0.365625 0.3125000000000001
0 0.4640625 0.2875000000000001 0.396875 0.2875000000000001 0.396875 0.3140625000000001 0.4640625 0.3140625000000001
0 0.6078125 0.2906250000000001 0.4921875 0.2906250000000001 0.4921875 0.3234375000000001 0.6078125 0.3234375000000001
0 0.628125 0.3109375000000001 0.6234375 0.3109375000000001 0.6234375 0.31718750000000007 0.628125 0.31718750000000007
0 0.6828125 0.2984375000000001 0.6515625 0.2984375000000001 0.6515625 0.3125000000000001 0.6828125 0.3125000000000001
0 0.7546875 0.2875000000000001 0.709375 0.2875000000000001 0.709375 0.31718750000000007 0.7546875 0.31718750000000007
0 0.846875 0.2890625000000001 0.7828125 0.2890625000000001 0.7828125 0.31718750000000007 0.846875 0.31718750000000007
0 0.22500000000000003 0.3484375 0.14843750000000006 0.3484375 0.14843750000000006 0.378125 0.2250000000000001 0.378125
0 0.421875 0.33906250000000004 0.2578125 0.3390625 0.25781250000000006 0.37031250000000004 0.421875 0.3703125000000001
0 0.5078125 0.34062500000000007 0.4703125 0.34062500000000007 0.4703125 0.3656250000000001 0.5078125 0.3656250000000001
0 0.575 0.3390625000000001 0.521875 0.3390625000000001 0.521875 0.3609375000000001 0.575 0.3609375000000001
0 0.7265625 0.3390625000000001 0.6125 0.3390625000000001 0.6125 0.3703125000000001 0.7265625 0.3703125000000001
0 0.78125 0.3390625000000001 0.75 0.3390625000000001 0.75 0.3687500000000001 0.78125 0.3687500000000001
0 0.8546875 0.3375000000000001 0.803125 0.3375000000000001 0.803125 0.3593750000000001 0.8546875 0.3593750000000001
0 0.2718750000000001 0.3953125 0.14843750000000006 0.3953125 0.14843750000000006 0.4234375 0.2718750000000001 0.4234375
0 0.2875000000000001 0.4109375 0.2843750000000001 0.4109375 0.2843750000000001 0.4171875 0.2875000000000001 0.4171875
0 0.3656250000000001 0.39062500000000006 0.3078125000000001 0.390625 0.3078125000000001 0.4109375 0.3656250000000001 0.4109375
0 0.4625 0.3890625000000001 0.39531250000000007 0.3890625000000001 0.39531250000000007 0.4125 0.4625 0.4125
0 0.565625 0.3890625000000001 0.4984375 0.3890625000000001 0.4984375 0.421875 0.565625 0.421875
0 0.703125 0.3906250000000001 0.5984375 0.3906250000000001 0.5984375 0.4203125 0.703125 0.4203125
0 0.846875 0.3906250000000001 0.728125 0.3906250000000001 0.728125 0.4203125000000002 0.846875 0.4203125000000002
0 0.2515625000000001 0.4421875 0.15000000000000005 0.4421875 0.15000000000000005 0.475 0.2515625000000001 0.475
0 0.33281250000000007 0.446875 0.2812500000000001 0.446875 0.2812500000000001 0.465625 0.33281250000000007 0.465625
0 0.4828125 0.4390625 0.3687500000000001 0.4390625 0.3687500000000001 0.4671875 0.4828125 0.4671875
0 0.5390625 0.440625 0.50625 0.440625 0.50625 0.4625 0.5390625 0.4625
0 0.5984375 0.4390625 0.5546875 0.4390625 0.5546875 0.4625 0.5984375 0.4625
0 0.6890625 0.4390625 0.621875 0.4390625 0.621875 0.4625 0.6890625 0.4625
0 0.703125 0.4515625 0.6984375 0.4515625 0.6984375 0.4640625 0.703125 0.4640625
0 0.7859375 0.4421875000000002 0.7375 0.4421875000000002 0.7375 0.4625000000000002 0.7859375 0.4625000000000002
0 0.8359375 0.44062500000000016 0.8125 0.44062500000000016 0.8125 0.46406250000000016 0.8359375 0.46406250000000016
0 0.21093750000000008 0.4953125 0.15156250000000004 0.4953125 0.15156250000000004 0.515625 0.21093750000000008 0.515625
0 0.3343750000000001 0.49375 0.26250000000000007 0.49375 0.26250000000000007 0.5140625 0.3343750000000001 0.5140625
0 0.4984375 0.4921875 0.3812500000000001 0.4921875 0.3812500000000001 0.5125 0.4984375 0.5125
0 0.6875 0.5 0.5375 0.5 0.5375 0.5234375 0.6875 0.5234375
0 0.7703125 0.49531250000000016 0.7375 0.49531250000000016 0.7375 0.5125000000000002 0.7703125 0.5125000000000002
0 0.8390625 0.4937500000000002 0.7953125 0.4937500000000002 0.7953125 0.5140625000000002 0.8390625 0.5140625000000002
0 0.22656250000000008 0.5421875 0.15000000000000005 0.5421875 0.15000000000000008 0.5625 0.22656250000000008 0.5625
0 0.3046875000000001 0.5375 0.27812500000000007 0.5375 0.27812500000000007 0.5609375 0.3046875000000001 0.5609375
0 0.48125 0.5390625 0.3437500000000001 0.5390625 0.3437500000000001 0.5703125 0.48125 0.5703125
0 0.5640625 0.5375 0.515625 0.5375 0.515625 0.5609375 0.5640625 0.5609375
0 0.6421875 0.5484375 0.6078125 0.5484375 0.6078125 0.5625 0.6421875 0.5625
0 0.696875 0.5421875 0.66875 0.5421875 0.66875 0.5609375 0.696875 0.5609375
0 0.765625 0.5390625000000001 0.721875 0.5390625 0.721875 0.5640625000000001 0.765625 0.5640625000000001
0 0.91875 0.5437500000000002 0.7890625 0.5437500000000002 0.7890625 0.5703125000000002 0.91875 0.5703125000000002
0 0.16562500000000008 0.5984375 0.1437500000000001 0.5984375 0.1437500000000001 0.615625 0.16562500000000008 0.615625
0 0.2406250000000001 0.5921875 0.1937500000000001 0.5921875 0.1937500000000001 0.6140625 0.2406250000000001 0.6140625
0 0.45 0.5921875 0.2750000000000001 0.5921875 0.2750000000000001 0.6203125 0.45 0.6203125
0 0.46875 0.6109375 0.465625 0.6109375 0.465625 0.61875 0.46875 0.61875
0 0.56875 0.59375 0.509375 0.59375 0.509375 0.6125 0.56875 0.6125
0 0.6453125 0.5921875 0.6125 0.5921875 0.6125 0.6125 0.6453125 0.6125
0 0.740625 0.5921875000000001 0.6796875 0.5921875 0.6796875 0.6109375000000001 0.740625 0.6109375000000001
0 0.8953125 0.5937500000000002 0.7671875 0.5937500000000002 0.7671875 0.6234375000000002 0.8953125 0.6234375000000002
0 0.20468750000000008 0.6453125 0.13437500000000008 0.6453125 0.13437500000000008 0.6671875 0.20468750000000008 0.6671875
0 0.2828125000000001 0.640625 0.2531250000000001 0.640625 0.2531250000000001 0.665625 0.2828125000000001 0.665625
0 0.35625000000000007 0.64375 0.3109375000000001 0.64375 0.3109375000000001 0.6671875 0.35625000000000007 0.6671875
0 0.484375 0.6453125 0.403125 0.6453125 0.403125 0.6765625 0.484375 0.6765625
0 0.64375 0.646875 0.525 0.646875 0.525 0.6671875 0.64375 0.6671875
0 0.75625 0.6453125000000001 0.6890625 0.6453125 0.6890625 0.6734375000000001 0.75625 0.6734375000000001
0 0.7828125 0.6640625000000002 0.778125 0.6640625000000002 0.778125 0.6671875000000002 0.7828125 0.6671875000000002