0 0.13281250000000006 0.190625 0.12656250000000005 0.190625 0.12656250000000005 0.215625 0.13281250000000006 0.215625
0 0.2578125 0.19531250000000003 0.15156250000000004 0.1953125 0.15156250000000004 0.215625 0.2578125 0.215625
0 0.3875 0.19531250000000006 0.2765625 0.19531250000000006 0.2765625 0.21562500000000004 0.3875 0.2156250000000001
0 0.4515625 0.20312500000000008 0.4078125 0.20312500000000008 0.4078125 0.2156250000000001 0.4515625 0.2156250000000001
0 0.578125 0.2000000000000001 0.4734375 0.2000000000000001 0.4734375 0.2171875000000001 0.578125 0.2171875000000001
0 0.7578125 0.2000000000000001 0.5890625 0.2000000000000001 0.5890625 0.2218750000000001 0.7578125 0.2218750000000001
0 0.8078125 0.1984375000000001 0.7734375 0.1984375000000001 0.7734375 0.22031250000000008 0.8078125 0.22031250000000008
0 0.8890625 0.2015625000000001 0.8171875 0.2015625000000001 0.8171875 0.21875000000000008 0.8890625 0.21875000000000008
0 0.9 0.2171875000000001 0.8953125 0.2171875000000001 0.8953125 0.22031250000000008 0.9 0.22031250000000008
0 0.90625 0.2000000000000001 0.9 0.2000000000000001 0.9 0.2078125000000001 0.90625 0.2078125000000001
0 0.18906250000000005 0.2421875 0.11250000000000004 0.2421875 0.11250000000000004 0.26875 0.18906250000000005 0.26875
0 0.253125 0.253125 0.20625 0.253125 0.20625 0.2640625 0.253125 0.2640625
0 0.35 0.2484375 0.26875 0.2484375 0.26875 0.271875 0.35 0.271875
0 0.4234375 0.2515625000000001 0.3671875 0.2515625000000001 0.3671875 0.2687500000000001 0.4234375 0.2687500000000001
0 0.4328125 0.2656250000000001 0.4296875 0.2656250000000001 0.4296875 0.2718750000000001 0.4328125 0.2718750000000001
0 0.56875 0.2500000000000001 0.4515625 0.2500000000000001 0.4515625 0.2671875000000001 0.56875 0.2671875000000001
0 0.6578125 0.2468750000000001 0.58125 0.2468750000000001 0.58125 0.2687500000000001 0.6578125 0.2687500000000001
0 0.7859375 0.2468750000000001 0.66875 0.2468750000000001 0.66875 0.2687500000000001 0.7859375 0.2687500000000001
0 0.265625 0.29375 0.10312500000000005 0.29375 0.10312500000000005 0.321875 0.265625 0.321875
0 0.453125 0.2984375 0.2859375 0.2984375 0.2859375 0.321875 0.453125 0.3218750000000001
0 0.4640625 0.3109375000000001 0.4609375 0.3109375000000001 0.4609375 0.3187500000000001 0.4640625 0.3187500000000001
0 0.5984375 0.2968750000000001 0.4796875 0.2968750000000001 0.4796875 0.31718750000000007 0.5984375 0.31718750000000007
0 0.7125 0.2984375000000001 0.6140625 0.2984375000000001 0.6140625 0.3156250000000001 0.7125 0.3156250000000001
0 0.7609375 0.3000000000000001 0.7234375 0.3000000000000001 0.7234375 0.3156250000000001 0.7609375 0.3156250000000001
0 0.8515625 0.2953125000000001 0.7734375 0.2953125000000001 0.7734375 0.3140625000000001 0.8515625 0.3140625000000001
0 0.23437500000000006 0.346875 0.10625000000000004 0.346875 0.10625000000000004 0.3734375 0.23437500000000008 0.3734375
0 0.4078125 0.35156250000000006 0.2546875 0.3515625 0.25468750000000007 0.37187500000000007 0.4078125 0.37187500000000007
0 0.4140625 0.36406250000000007 0.4109375 0.36406250000000007 0.4109375 0.37187500000000007 0.4140625 0.37187500000000007
0 0.4921875 0.3468750000000001 0.428125 0.3468750000000001 0.428125 0.3671875000000001 0.4921875 0.3671875000000001
0 0.5609375 0.34843750000000007 0.5078125 0.34843750000000007 0.5078125 0.3671875000000001 0.5609375 0.3671875000000001
0 0.75 0.34843750000000007 0.5671875 0.34843750000000007 0.5671875 0.3750000000000001 0.75 0.3750000000000001
0 0.825 0.3515625000000001 0.7640625 0.3515625000000001 0.7640625 0.3703125000000001 0.825 0.3703125000000001
0 0.928125 0.34843750000000007 0.8390625 0.34843750000000007 0.8390625 0.3687500000000001 0.928125 0.3687500000000001
0 0.2921875000000001 0.3984375 0.10625000000000004 0.3984375 0.10625000000000004 0.4203125 0.2921875000000001 0.4203125
0 0.3062500000000001 0.4140625 0.3000000000000001 0.4140625 0.3000000000000001 0.41875 0.3062500000000001 0.41875
0 0.3890625000000001 0.39687500000000003 0.3125000000000001 0.396875 0.3125000000000001 0.41875 0.3890625000000001 0.41875
0 0.50625 0.403125 0.403125 0.403125 0.403125 0.425 0.50625 0.425
0 0.609375 0.4015625 0.5171875 0.4015625 0.5171875 0.415625 0.609375 0.415625
0 0.8 0.4000000000000001 0.621875 0.4 0.621875 0.4234375000000001 0.8 0.4234375000000002
0 0.8453125 0.40156250000000016 0.80625 0.40156250000000016 0.80625 0.41718750000000016 0.8453125 0.41718750000000016
0 0.9265625 0.4031250000000002 0.8609375 0.4031250000000002 0.8609375 0.4187500000000002 0.9265625 0.4187500000000002
0 0.28593750000000007 0.453125 0.10625000000000004 0.453125 0.10625000000000004 0.471875 0.28593750000000007 0.471875
0 0.3468750000000001 0.45 0.3078125000000001 0.45 0.3078125000000001 0.471875 0.3468750000000001 0.471875
0 0.5125 0.45 0.36406250000000007 0.45 0.36406250000000007 0.4734375 0.5125 0.4734375
0 0.728125 0.45000000000000007 0.5296875 0.45 0.5296875 0.47343750000000007 0.728125 0.4734375000000002
0 0.896875 0.4500000000000002 0.7515625 0.4500000000000002 0.7515625 0.4734375000000002 0.896875 0.4734375000000002
0 0.13593750000000004 0.503125 0.09843750000000007 0.503125 0.09843750000000007 0.521875 0.13593750000000004 0.521875
0 0.2640625000000001 0.503125 0.16250000000000003 0.503125 0.16250000000000003 0.5203125 0.2640625000000001 0.5203125
0 0.3234375000000001 0.50625 0.28593750000000007 0.50625 0.28593750000000007 0.521875 0.3234375000000001 0.521875
0 0.4453125 0.50625 0.3375000000000001 0.50625 0.3375000000000001 0.5234375 0.4453125 0.5234375
0 0.5453125 0.509375 0.46875 0.509375 0.46875 0.5234375 0.5453125 0.5234375
0 0.6265625 0.50625 0.5609375 0.50625 0.5609375 0.5234375 0.6265625 0.5234375
0 0.6890625 0.5109375 0.6421875 0.5109375 0.6421875 0.521875 0.6890625 0.521875
0 0.8296875 0.5078125000000001 0.703125 0.5078125 0.703125 0.5234375000000001 0.8296875 0.5234375000000002
0 0.8984375 0.5062500000000002 0.846875 0.5062500000000002 0.846875 0.5234375000000002 0.8984375 0.5234375000000002
0 0.1765625000000001 0.5546875 0.11250000000000009 0.5546875 0.11250000000000009 0.5734375 0.1765625000000001 0.5734375
0 0.3625000000000001 0.5546875 0.1984375000000001 0.5546875 0.1984375000000001 0.5765625 0.3625000000000001 0.5765625
0 0.4765625 0.5546875 0.3812500000000001 0.5546875 0.3812500000000001 0.571875 0.4765625 0.571875
0 0.490625 0.5671875 0.4859375 0.5671875 0.4859375 0.5703125 0.490625 0.5703125