0 0.2296875 0.19687500000000002 0.12656250000000005 0.196875 0.12656250000000005 0.2265625 0.2296875 0.2265625
0 0.3875 0.20000000000000004 0.25 0.2 0.25 0.24843750000000003 0.3875 0.2484375000000001
0 0.4546875 0.20468750000000008 0.4109375 0.20468750000000008 0.4109375 0.2390625000000001 0.4546875 0.2390625000000001
0 0.6015625 0.19375000000000006 0.4765625 0.19375000000000003 0.4765625 0.22812500000000008 0.6015625 0.22812500000000008
0 0.74375 0.1937500000000001 0.6265625 0.1937500000000001 0.6265625 0.2156250000000001 0.74375 0.2156250000000001
0 0.915625 0.1953125000000001 0.7671875 0.19531250000000008 0.7671875 0.2296875000000001 0.915625 0.2296875000000001
0 0.24375 0.234375 0.12656250000000005 0.234375 0.12656250000000005 0.2671875 0.24375 0.2671875
0 0.3046875 0.2453125 0.271875 0.2453125 0.271875 0.253125 0.3046875 0.253125
0 0.325 0.2375 0.3078125 0.2375 0.3078125 0.253125 0.325 0.253125
0 0.409375 0.23281250000000003 0.3484375 0.2328125 0.3484375 0.25000000000000006 0.409375 0.2500000000000001
0 0.509375 0.2328125000000001 0.4375 0.2328125000000001 0.4375 0.2484375000000001 0.509375 0.2484375000000001
0 0.6234375 0.2312500000000001 0.5390625 0.2312500000000001 0.5390625 0.25468750000000007 0.6234375 0.25468750000000007
0 0.7546875 0.2328125000000001 0.6484375 0.2328125000000001 0.6484375 0.2656250000000001 0.7546875 0.2656250000000001
0 0.8359375 0.2328125000000001 0.775 0.2328125000000001 0.775 0.2531250000000001 0.8359375 0.2531250000000001
0 0.9390625 0.2296875000000001 0.865625 0.2296875000000001 0.865625 0.2640625000000001 0.9390625 0.2640625000000001
0 0.18593750000000003 0.2984375 0.14375000000000004 0.2984375 0.14375000000000004 0.31875 0.18593750000000003 0.31875
0 0.390625 0.28437500000000004 0.2125 0.284375 0.2125 0.32500000000000007 0.390625 0.32500000000000007
0 0.4625 0.2828125000000001 0.4203125 0.2828125000000001 0.4203125 0.30937500000000007 0.4625 0.30937500000000007
0 0.521875 0.2875000000000001 0.4796875 0.2875000000000001 0.4796875 0.3046875000000001 0.521875 0.3046875000000001
0 0.6484375 0.2921875000000001 0.54375 0.2921875000000001 0.54375 0.3156250000000001 0.6484375 0.3156250000000001
0 0.7859375 0.2812500000000001 0.671875 0.2812500000000001 0.671875 0.3046875000000001 0.7859375 0.3046875000000001
0 0.8390625 0.2796875000000001 0.7984375 0.2796875000000001 0.7984375 0.3000000000000001 0.8390625 0.3000000000000001
0 0.8921875 0.2796875000000001 0.853125 0.2796875000000001 0.853125 0.3000000000000001 0.8921875 0.3000000000000001
0 0.2703125 0.3375 0.12343750000000005 0.3375 0.12343750000000005 0.3625 0.2703125 0.3625
0 0.3328125 0.3375 0.3 0.3375 0.3 0.35625 0.3328125 0.35625
0 0.4640625 0.33281250000000007 0.353125 0.3328125 0.353125 0.35625000000000007 0.4640625 0.35625000000000007
0 0.4796875 0.3515625000000001 0.475 0.3515625000000001 0.475 0.3546875000000001 0.4796875 0.3546875000000001
0 0.6296875 0.33281250000000007 0.4953125 0.33281250000000007 0.4953125 0.3656250000000001 0.6296875 0.3656250000000001
0 0.765625 0.33281250000000007 0.6734375 0.33281250000000007 0.6734375 0.35625000000000007 0.765625 0.35625000000000007
0 0.8890625 0.3312500000000001 0.7828125 0.3312500000000001 0.7828125 0.3625000000000001 0.8890625 0.3625000000000001
0 0.2015625000000001 0.39375 0.12968750000000004 0.39375 0.12968750000000004 0.4171875 0.2015625000000001 0.4171875
0 0.3890625000000001 0.39375000000000004 0.2328125000000001 0.39375 0.2328125000000001 0.4328125 0.3890625000000001 0.4328125
0 0.4859375 0.3921875000000001 0.4140625 0.3921875000000001 0.4140625 0.4140625 0.4859375 0.4140625
0 0.5828125 0.3890625000000001 0.50625 0.3890625000000001 0.50625 0.4125 0.5828125 0.4125
0 0.715625 0.3937500000000001 0.6046875 0.3937500000000001 0.6046875 0.4203125 0.715625 0.4203125
0 0.734375 0.4046875000000001 0.71875 0.4046875 0.71875 0.41875000000000007 0.734375 0.4187500000000002
0 0.7875 0.3921875000000001 0.7546875 0.3921875000000001 0.7546875 0.4078125000000002 0.7875 0.4078125000000002
0 0.9125 0.38750000000000007 0.8125 0.38750000000000007 0.8125 0.4187500000000002 0.9125 0.4187500000000002
0 0.16406250000000006 0.4546875 0.13281250000000006 0.4546875 0.13281250000000006 0.4671875 0.16406250000000006 0.4671875
0 0.23437500000000008 0.4484375 0.18281250000000004 0.4484375 0.18281250000000004 0.4640625 0.23437500000000008 0.4640625
0 0.3468750000000001 0.453125 0.26250000000000007 0.453125 0.26250000000000007 0.4765625 0.3468750000000001 0.4765625
0 0.4140625 0.446875 0.3781250000000001 0.446875 0.3781250000000001 0.4734375 0.4140625 0.4734375
0 0.5125 0.44375 0.4265625 0.44375 0.4265625 0.4640625 0.5125 0.4640625
0 0.696875 0.44375 0.5453125 0.44375 0.5453125 0.471875 0.696875 0.471875
0 0.7125 0.4546875 0.703125 0.4546875 0.703125 0.4671875 0.7125 0.4671875
0 0.8296875 0.4468750000000002 0.7375 0.4468750000000002 0.7375 0.4703125000000002 0.8296875 0.4703125000000002
0 0.8734375 0.44531250000000017 0.8484375 0.44531250000000017 0.8484375 0.46406250000000016 0.8734375 0.46406250000000016
0 0.9265625 0.4437500000000002 0.8765625 0.4437500000000002 0.8765625 0.4625000000000002 0.9265625 0.4625000000000002
0 0.21875000000000008 0.4984375 0.11718750000000004 0.4984375 0.11718750000000004 0.5171875 0.21875000000000008 0.5171875
0 0.2656250000000001 0.50625 0.2453125000000001 0.50625 0.2453125000000001 0.5140625 0.2656250000000001 0.5140625
0 0.36406250000000007 0.4953125 0.2968750000000001 0.4953125 0.2968750000000001 0.5140625 0.36406250000000007 0.5140625
0 0.4265625 0.4921875 0.3812500000000001 0.4921875 0.3812500000000001 0.5109375 0.4265625 0.5109375
0 0.6734375 0.490625 0.446875 0.490625 0.446875 0.5265625 0.6734375 0.5265625
0 0.7640625 0.5000000000000001 0.6765625 0.5 0.6765625 0.5109375 0.7640625 0.5109375000000002
0 0.7828125 0.5125000000000002 0.7703125 0.5125000000000002 0.7703125 0.5250000000000001 0.7828125 0.5250000000000001
0 0.865625 0.4937500000000002 0.80625 0.4937500000000002 0.80625 0.5156250000000002 0.865625 0.5156250000000002
0 0.946875 0.49531250000000016 0.8796875 0.49531250000000016 0.8796875 0.5171875000000001 0.946875 0.5171875000000001
0 0.2750000000000001 0.5375 0.10937500000000004 0.5375 0.10937500000000007 0.5734375 0.2750000000000001 0.5734375
0 0.37968750000000007 0.54375 0.3078125000000001 0.54375 0.3078125000000001 0.56875 0.37968750000000007 0.56875
0 0.5265625 0.5453125 0.4078125 0.5453125 0.4078125 0.578125 0.5265625 0.578125
0 0.6 0.5546875 0.5625 0.5546875 0.5625 0.5640625 0.6 0.5640625
0 0.7 0.5359375 0.6171875 0.5359375 0.6171875 0.565625 0.7 0.565625
0 0.934375 0.5375000000000002 0.7265625 0.5375000000000002 0.7265625 0.5750000000000002 0.934375 0.5750000000000002
0 0.934375 0.5500000000000002 0.928125 0.5500000000000002 0.928125 0.5531250000000002 0.934375 0.5531250000000002
0 0.15781250000000008 0.5984375 0.10000000000000009 0.5984375 0.10000000000000009 0.615625 0.15781250000000008 0.615625
0 0.2312500000000001 0.596875 0.19531250000000008 0.596875 0.19531250000000008 0.615625 0.2312500000000001 0.615625
0 0.3593750000000001 0.6046875 0.2640625000000001 0.6046875 0.2640625000000001 0.6140625 0.3593750000000001 0.6140625
0 0.41875 0.6046875 0.3843750000000001 0.6046875 0.3843750000000001 0.6171875 0.41875 0.6171875
0 0.4875 0.60625 0.4421875 0.60625 0.4421875 0.6171875 0.4875 0.6171875
0 0.68125 0.59375 0.5125 0.59375 0.5125 0.6296875 0.68125 0.6296875
0 0.8625 0.5921875000000001 0.7015625 0.5921875 0.7015625 0.628125 0.8625 0.6281250000000002
0 0.91875 0.5921875000000002 0.878125 0.5921875000000002 0.878125 0.6156250000000002 0.91875 0.6156250000000002
0 0.2468750000000001 0.6453125 0.10000000000000009 0.6453125 0.10000000000000009 0.678125 0.2468750000000001 0.678125
0 0.38750000000000007 0.6484375 0.2734375000000001 0.6484375 0.2734375000000001 0.6765625 0.38750000000000007 0.6765625
0 0.5046875 0.64375 0.41875 0.64375 0.41875 0.665625 0.5046875 0.665625
0 0.578125 0.6484375 0.5359375 0.6484375 0.5359375 0.6671875 0.578125 0.6671875
0 0.6625 0.646875 0.5984375 0.646875 0.5984375 0.6671875 0.6625 0.6671875
0 0.771875 0.6453125000000001 0.6875 0.6453125 0.6875 0.6671875 0.771875 0.6671875000000002
0 0.871875 0.6437500000000002 0.80625 0.6437500000000002 0.80625 0.6765625000000002 0.871875 0.6765625000000002
0 0.2500000000000001 0.703125 0.0984375000000001 0.703125 0.0984375000000001 0.725 0.2500000000000001 0.725
0 0.3156250000000001 0.703125 0.2593750000000001 0.703125 0.2593750000000001 0.7234375 0.3156250000000001 0.7234375
0 0.46562500000000007 0.690625 0.3500000000000001 0.690625 0.3500000000000001 0.728125 0.4656250000000002 0.728125
0 0.571875 0.6953125 0.49375 0.6953125 0.49375 0.71875 0.571875 0.71875
0 0.6875 0.6953125 0.5875 0.6953125 0.5875 0.71875 0.6875 0.71875
0 0.7796875000000001 0.6984375 0.70625 0.6984375 0.70625 0.7328125000000001 0.7796875000000002 0.7328125000000002
0 0.8515625 0.7109375000000002 0.803125 0.7109375000000002 0.803125 0.7375000000000002 0.8515625 0.7375000000000002
0 0.91875 0.7015625000000002 0.8640625 0.7015625000000002 0.8640625 0.7218750000000002 0.91875 0.7218750000000002
0 0.17343750000000008 0.75625 0.11093750000000009 0.75625 0.11093750000000009 0.778125 0.17343750000000008 0.778125
0 0.21875000000000008 0.7578125 0.1781250000000001 0.7578125 0.1781250000000001 0.7765625 0.21875000000000008 0.7765625