0 0.17031250000000003 0.196875 0.14375000000000004 0.196875 0.14375000000000004 0.2140625 0.17031250000000003 0.2140625
0 0.234375 0.19531250000000006 0.18437500000000004 0.19531250000000006 0.18437500000000004 0.2140625 0.234375 0.2140625
0 0.3859375 0.20000000000000004 0.2546875 0.2 0.2546875 0.21406250000000004 0.3859375 0.2140625000000001
0 0.4625 0.2000000000000001 0.4046875 0.2000000000000001 0.4046875 0.2140625000000001 0.4625 0.2140625000000001
0 0.6109375 0.2000000000000001 0.48125 0.2000000000000001 0.48125 0.2140625000000001 0.6109375 0.2140625000000001
0 0.83125 0.19531250000000008 0.63125 0.19531250000000008 0.63125 0.2140625000000001 0.83125 0.2140625000000001
0 0.2171875 0.2453125 0.14062500000000006 0.2453125 0.14062500000000006 0.2625 0.2171875 0.2625
0 0.2734375 0.2484375 0.2359375 0.2484375 0.2359375 0.2625 0.2734375 0.2625
0 0.3984375 0.24531250000000004 0.296875 0.2453125 0.296875 0.26250000000000007 0.3984375 0.26250000000000007
0 0.4765625 0.2484375000000001 0.4203125 0.2484375000000001 0.4203125 0.2640625000000001 0.4765625 0.2640625000000001
0 0.6234375 0.2453125000000001 0.49375 0.2453125000000001 0.49375 0.2640625000000001 0.6234375 0.2640625000000001
0 0.6390625 0.2578125000000001 0.6328125 0.2578125000000001 0.6328125 0.2640625000000001 0.6390625 0.2640625000000001
0 0.8 0.2468750000000001 0.64375 0.2468750000000001 0.64375 0.2640625000000001 0.8 0.2640625000000001
0 0.2625 0.296875 0.15000000000000005 0.296875 0.15000000000000005 0.3140625 0.2625 0.3140625
0 0.3578125 0.296875 0.278125 0.296875 0.278125 0.3140625 0.3578125 0.3140625
0 0.4421875 0.3000000000000001 0.38125 0.3000000000000001 0.38125 0.3140625000000001 0.4421875 0.3140625000000001
0 0.53125 0.2984375000000001 0.4609375 0.2984375000000001 0.4609375 0.3140625000000001 0.53125 0.3140625000000001
0 0.6546875 0.2953125000000001 0.55625 0.2953125000000001 0.55625 0.3140625000000001 0.6546875 0.3140625000000001
0 0.7328125 0.2968750000000001 0.671875 0.2968750000000001 0.671875 0.3140625000000001 0.7328125 0.3140625000000001
0 0.896875 0.2953125000000001 0.746875 0.2953125000000001 0.746875 0.3140625000000001 0.896875 0.3140625000000001
0 0.21093750000000006 0.3515625 0.15312500000000004 0.3515625 0.15312500000000004 0.365625 0.21093750000000008 0.365625
0 0.2828125 0.346875 0.2203125 0.346875 0.22031250000000005 0.3640625 0.2828125000000001 0.3640625
0 0.35937500000000006 0.3484375 0.303125 0.3484375 0.30312500000000003 0.365625 0.3593750000000001 0.365625
0 0.4421875 0.3515625000000001 0.38125 0.3515625000000001 0.38125000000000003 0.36406250000000007 0.4421875 0.36406250000000007
0 0.6125 0.34843750000000007 0.4703125 0.34843750000000007 0.4703125 0.3656250000000001 0.6125 0.3656250000000001
0 0.6234375 0.3578125000000001 0.6171875 0.3578125000000001 0.6171875 0.36406250000000007 0.6234375 0.36406250000000007
0 0.73125 0.34843750000000007 0.6515625 0.34843750000000007 0.6515625 0.3656250000000001 0.73125 0.3656250000000001
0 0.896875 0.3453125000000001 0.74375 0.3453125000000001 0.74375 0.36406250000000007 0.896875 0.36406250000000007
0 0.9109375 0.3593750000000001 0.90625 0.3593750000000001 0.90625 0.3656250000000001 0.9109375 0.3656250000000001
0 0.2671875000000001 0.4 0.14687500000000003 0.4 0.14687500000000003 0.4171875 0.2671875000000001 0.4171875
0 0.3265625000000001 0.403125 0.2796875000000001 0.403125 0.2796875000000001 0.4171875 0.3265625000000001 0.4171875
0 0.49375 0.4 0.34062500000000007 0.4 0.34062500000000007 0.4171875 0.49375 0.4171875
0 0.575 0.4015625 0.5140625 0.4015625 0.5140625 0.4171875 0.575 0.4171875
0 0.6734375 0.4015625 0.5953125 0.4015625 0.5953125 0.4171875 0.6734375 0.4171875
0 0.90625 0.4015625000000001 0.7015625 0.4015625 0.7015625 0.41875000000000007 0.90625 0.4187500000000002
0 0.26250000000000007 0.446875 0.15000000000000005 0.446875 0.15000000000000005 0.4671875 0.26250000000000007 0.4671875
0 0.425 0.4515625 0.2765625000000001 0.4515625 0.2765625000000001 0.4671875 0.425 0.4671875
0 0.515625 0.4515625 0.446875 0.4515625 0.446875 0.465625 0.515625 0.465625
0 0.6359375 0.45 0.5390625 0.45 0.5390625 0.465625 0.6359375 0.465625
0 0.6484375 0.4625 0.6453125 0.4625 0.6453125 0.465625 0.6484375 0.465625
0 0.7109375 0.446875 0.659375 0.446875 0.659375 0.465625 0.7109375 0.465625
0 0.8921875 0.4468750000000001 0.7234375 0.446875 0.7234375 0.4640625000000001 0.8921875 0.46406250000000016
0 0.18906250000000005 0.5046875 0.14843750000000006 0.5046875 0.14843750000000006 0.51875 0.18906250000000005 0.51875
0 0.2968750000000001 0.5046875 0.2078125000000001 0.5046875 0.2078125000000001 0.51875 0.2968750000000001 0.51875
0 0.425 0.503125 0.3203125000000001 0.503125 0.3203125000000001 0.5171875 0.425 0.5171875
0 0.6484375 0.5 0.45 0.5 0.45 0.5171875 0.6484375 0.5171875
0 0.7046875 0.5 0.6734375 0.5 0.6734375 0.515625 0.7046875 0.515625
0 0.9 0.5015625000000001 0.725 0.5015625 0.725 0.5171875000000001 0.9 0.5171875000000001
0 0.3187500000000001 0.5515625 0.1453125000000001 0.5515625 0.1453125000000001 0.56875 0.3187500000000001 0.56875
0 0.3468750000000001 0.559375 0.3265625000000001 0.559375 0.3265625000000001 0.5625 0.3468750000000001 0.5625
0 0.35625000000000007 0.5484375 0.3531250000000001 0.5484375 0.3531250000000001 0.5546875 0.35625000000000007 0.5546875
0 0.4984375 0.5515625 0.3609375000000001 0.5515625 0.3609375000000001 0.5671875 0.4984375 0.5671875
0 0.60625 0.5546875 0.5234375 0.5546875 0.5234375 0.56875 0.60625 0.56875
0 0.703125 0.5515625 0.6359375 0.5515625 0.6359375 0.5671875 0.703125 0.5671875
0 0.85625 0.5468750000000001 0.721875 0.546875 0.721875 0.5671875000000001 0.85625 0.5671875000000002
0 0.2140625000000001 0.603125 0.1468750000000001 0.603125 0.1468750000000001 0.61875 0.2140625000000001 0.61875
0 0.31718750000000007 0.6046875 0.23593750000000008 0.6046875 0.23593750000000008 0.61875 0.31718750000000007 0.61875
0 0.53125 0.603125 0.3359375000000001 0.603125 0.3359375000000001 0.61875 0.53125 0.61875
0 0.546875 0.6125 0.5421875 0.6125 0.5421875 0.61875 0.546875 0.61875
0 0.740625 0.6031250000000001 0.5640625 0.603125 0.5640625 0.6187500000000001 0.740625 0.6187500000000001
0 0.8125 0.6062500000000002 0.7640625 0.6062500000000002 0.7640625 0.6187500000000001 0.8125 0.6187500000000001
0 0.8984375 0.6015625000000002 0.83125 0.6015625000000002 0.83125 0.6187500000000001 0.8984375 0.6187500000000001
0 0.2671875000000001 0.6515625 0.1515625000000001 0.6515625 0.1515625000000001 0.66875 0.2671875000000001 0.66875
0 0.2796875000000001 0.6625 0.2765625000000001 0.6625 0.2765625000000001 0.66875 0.2796875000000001 0.66875
0 0.3031250000000001 0.6578125 0.2921875000000001 0.6578125 0.2921875000000001 0.6609375 0.3031250000000001 0.6609375
0 0.3671875000000001 0.6546875 0.3187500000000001 0.6546875 0.3187500000000001 0.66875 0.3671875000000001 0.66875
0 0.546875 0.65 0.39531250000000007 0.65 0.39531250000000007 0.66875 0.546875 0.66875
0 0.6234375 0.65 0.5828125 0.65 0.5828125 0.6671875 0.6234375 0.6671875
0 0.6890625 0.6515625 0.6484375 0.6515625 0.6484375 0.66875 0.6890625 0.66875
0 0.8515625 0.6546875000000001 0.71875 0.6546875 0.71875 0.6703125000000001 0.8515625 0.6703125000000002
0 0.2593750000000001 0.7046875 0.1546875000000001 0.7046875 0.1546875000000001 0.7203125 0.2593750000000001 0.7203125
0 0.3968750000000001 0.70625 0.2921875000000001 0.70625 0.2921875000000001 0.7203125 0.3968750000000001 0.7203125
0 0.425 0.7140625 0.41875 0.7140625 0.41875 0.7203125 0.425 0.7203125
0 0.5 0.7046875 0.4359375 0.7046875 0.4359375 0.7203125 0.5 0.7203125
0 0.6984375 0.7046875 0.5171875 0.7046875 0.5171875 0.7203125 0.6984375 0.7203125
0 0.7703125 0.7062500000000002 0.7296875 0.7062500000000002 0.7296875 0.7203125000000001 0.7703125 0.7203125000000001
0 0.778125 0.6984375000000002 0.7734375 0.6984375000000002 0.7734375 0.7031250000000002 0.778125 0.7031250000000002
0 0.790625 0.7171875000000002 0.7859375 0.7171875000000002 0.7859375 0.7203125000000001 0.790625 0.7203125000000001