0 0.17968750000000006 0.21875 0.13125000000000003 0.21875 0.13125000000000003 0.2375 0.17968750000000006 0.2375
0 0.371875 0.21718750000000003 0.19218750000000004 0.2171875 0.19218750000000004 0.23906250000000004 0.371875 0.2390625000000001
0 0.4296875 0.21875000000000008 0.396875 0.21875000000000008 0.396875 0.23593750000000008 0.4296875 0.23593750000000008
0 0.4875 0.2171875000000001 0.44375 0.2171875000000001 0.44375 0.23593750000000008 0.4875 0.23593750000000008
0 0.5828125 0.2218750000000001 0.5140625 0.2218750000000001 0.5140625 0.23593750000000008 0.5828125 0.23593750000000008
0 0.6984375 0.2234375000000001 0.6046875 0.2234375000000001 0.6046875 0.2390625000000001 0.6984375 0.2390625000000001
0 0.7078125 0.2375000000000001 0.703125 0.2375000000000001 0.703125 0.24375000000000008 0.7078125 0.24375000000000008
0 0.815625 0.21875000000000008 0.7171875 0.21875000000000008 0.7171875 0.2484375000000001 0.815625 0.2484375000000001
0 0.878125 0.21875000000000008 0.8328125 0.21875000000000008 0.8328125 0.2406250000000001 0.878125 0.2406250000000001
0 0.2515625 0.26875 0.12031250000000004 0.26875 0.12031250000000004 0.296875 0.2515625 0.296875
0 0.38125 0.27343750000000006 0.278125 0.2734375 0.278125 0.28906250000000006 0.38125 0.2890625000000001
0 0.48125 0.27031250000000007 0.4015625 0.27031250000000007 0.4015625 0.2921875000000001 0.48125 0.2921875000000001
0 0.6640625 0.2718750000000001 0.4921875 0.2718750000000001 0.4921875 0.2984375000000001 0.6640625 0.2984375000000001
0 0.8390625 0.2687500000000001 0.6796875 0.2687500000000001 0.6796875 0.2906250000000001 0.8390625 0.2906250000000001
0 0.16093750000000004 0.3140625 0.12500000000000006 0.3140625 0.12500000000000006 0.3390625 0.16093750000000004 0.3390625
0 0.334375 0.321875 0.18281250000000004 0.321875 0.18281250000000004 0.34375 0.334375 0.34375
0 0.35 0.3375 0.34375 0.3375 0.34375 0.3453125 0.35 0.3453125
0 0.41875 0.3281250000000001 0.36875 0.3281250000000001 0.36875 0.3390625000000001 0.41875 0.3390625000000001
0 0.4859375 0.3218750000000001 0.446875 0.3218750000000001 0.446875 0.3390625000000001 0.4859375 0.3390625000000001
0 0.578125 0.3234375000000001 0.509375 0.3234375000000001 0.509375 0.3437500000000001 0.578125 0.3437500000000001
0 0.6265625 0.3234375000000001 0.59375 0.3234375000000001 0.59375 0.34843750000000007 0.6265625 0.34843750000000007
0 0.8484375 0.3187500000000001 0.6328125 0.3187500000000001 0.6328125 0.3421875000000001 0.8484375 0.3421875000000001
0 0.15937500000000004 0.3640625 0.11875000000000005 0.3640625 0.11875000000000005 0.3890625 0.15937500000000004 0.3890625
0 0.2250000000000001 0.365625 0.17812500000000003 0.365625 0.17812500000000003 0.3859375 0.2250000000000001 0.3859375
0 0.3031250000000001 0.3640625 0.2390625000000001 0.3640625 0.2390625000000001 0.3875 0.3031250000000001 0.3875
0 0.36406250000000007 0.3765625 0.3281250000000001 0.3765625 0.3281250000000001 0.38750000000000007 0.36406250000000007 0.38750000000000007
0 0.4640625 0.3734375000000001 0.38750000000000007 0.3734375000000001 0.38750000000000007 0.4046875 0.4640625 0.4046875
0 0.6484375 0.3750000000000001 0.4875 0.3750000000000001 0.4875 0.39531250000000007 0.6484375 0.39531250000000007
0 0.6609375 0.38750000000000007 0.6578125 0.38750000000000007 0.6578125 0.3906250000000001 0.6609375 0.3906250000000001
0 0.740625 0.3703125000000001 0.675 0.3703125000000001 0.675 0.3906250000000001 0.740625 0.3906250000000001
0 0.8546875 0.37187500000000007 0.7484375 0.37187500000000007 0.7484375 0.3906250000000001 0.8546875 0.3906250000000001
0 0.3140625000000001 0.41875 0.11718750000000004 0.41875 0.11718750000000004 0.4421875 0.3140625000000001 0.4421875
0 0.4109375 0.4296875 0.33281250000000007 0.4296875 0.33281250000000007 0.44375 0.4109375 0.44375
0 0.4546875 0.41875 0.43125 0.41875 0.43125 0.4421875 0.4546875 0.4421875
0 0.50625 0.4203125 0.4671875 0.4203125 0.4671875 0.4390625 0.50625 0.4390625
0 0.6234375 0.4265625 0.5203125 0.4265625 0.5203125 0.4421875 0.6234375 0.4421875
0 0.6796875 0.4203125 0.6375 0.4203125 0.6375 0.446875 0.6796875 0.446875
0 0.771875 0.4203125000000001 0.6875 0.4203125 0.6875 0.4390625000000001 0.771875 0.4390625000000002
0 0.940625 0.4234375000000002 0.7859375 0.4234375000000002 0.7859375 0.4468750000000002 0.940625 0.4468750000000002
0 0.16250000000000003 0.4703125 0.12343750000000005 0.4703125 0.12343750000000005 0.4828125 0.16250000000000003 0.4828125
0 0.33281250000000007 0.4734375 0.19375000000000003 0.4734375 0.19375000000000003 0.4953125 0.33281250000000007 0.4953125
0 0.5234375 0.4765625 0.3625000000000001 0.4765625 0.3625000000000001 0.49375 0.5234375 0.49375
0 0.5890625 0.4671875 0.5453125 0.4671875 0.5453125 0.4984375 0.5890625 0.4984375
0 0.7578125 0.4765625000000001 0.590625 0.4765625 0.590625 0.5000000000000001 0.7578125 0.5000000000000002
0 0.846875 0.47656250000000017 0.778125 0.47656250000000017 0.778125 0.48750000000000016 0.846875 0.48750000000000016
0 0.2656250000000001 0.525 0.11093750000000005 0.525 0.11093750000000005 0.5421875 0.2656250000000001 0.5421875
0 0.3312500000000001 0.521875 0.28593750000000007 0.521875 0.28593750000000007 0.546875 0.3312500000000001 0.546875
0 0.4953125 0.521875 0.3375000000000001 0.521875 0.3375000000000001 0.5421875 0.4953125 0.5421875
0 0.5578125 0.525 0.5125 0.525 0.5125 0.5421875 0.5578125 0.5421875
0 0.628125 0.521875 0.5859375 0.521875 0.5859375 0.540625 0.628125 0.540625
0 0.7125 0.528125 0.6484375 0.528125 0.6484375 0.54375 0.7125 0.54375
0 0.7734375 0.5218750000000002 0.734375 0.5218750000000002 0.734375 0.5421875000000002 0.7734375 0.5421875000000002
0 0.9046875 0.5281250000000002 0.7921875 0.5281250000000002 0.7921875 0.5468750000000002 0.9046875 0.5468750000000002
0 0.2156250000000001 0.5734375 0.11562500000000009 0.5734375 0.11562500000000009 0.5984375 0.2156250000000001 0.5984375
0 0.3140625000000001 0.5703125 0.2312500000000001 0.5703125 0.2312500000000001 0.59375 0.3140625000000001 0.59375
0 0.3703125000000001 0.578125 0.33281250000000007 0.578125 0.33281250000000007 0.590625 0.3703125000000001 0.590625
0 0.46875 0.571875 0.3921875000000001 0.571875 0.3921875000000001 0.6046875 0.46875 0.6046875
0 0.6484375 0.575 0.490625 0.575 0.490625 0.6015625 0.6484375 0.6015625
0 0.7390625 0.5781250000000001 0.68125 0.578125 0.68125 0.5921875000000001 0.7390625 0.5921875000000002
0 0.940625 0.5734375000000002 0.759375 0.5734375000000002 0.759375 0.5968750000000002 0.940625 0.5968750000000002
0 0.1671875000000001 0.6234375 0.11093750000000009 0.6234375 0.11093750000000009 0.6515625 0.1671875000000001 0.6515625
0 0.421875 0.6265625 0.2000000000000001 0.6265625 0.2000000000000001 0.6453125 0.421875 0.6453125
0 0.4796875 0.6296875 0.4453125 0.6296875 0.4453125 0.6421875 0.4796875 0.6421875
0 0.6234375 0.625 0.4953125 0.625 0.4953125 0.6453125 0.6234375 0.6453125
0 0.71875 0.61875 0.646875 0.61875 0.646875 0.64375 0.71875 0.64375
0 0.79375 0.6250000000000002 0.7421875 0.6250000000000002 0.7421875 0.6421875000000001 0.79375 0.6421875000000001
0 0.8953125 0.6281250000000002 0.8125 0.6281250000000002 0.8125 0.6468750000000002 0.8953125 0.6468750000000002
0 0.1625000000000001 0.66875 0.12343750000000009 0.66875 0.12343750000000009 0.6984375 0.1625000000000001 0.6984375
0 0.2390625000000001 0.6703125 0.17343750000000008 0.6703125 0.17343750000000008 0.6921875 0.2390625000000001 0.6921875
0 0.3703125000000001 0.66875 0.2687500000000001 0.66875 0.2687500000000001 0.6890625 0.3703125000000001 0.6890625
0 0.515625 0.671875 0.3843750000000001 0.671875 0.3843750000000001 0.7078125 0.515625 0.7078125
0 0.56875 0.671875 0.5328125 0.671875 0.5328125 0.6921875 0.56875 0.6921875
0 0.6015625 0.671875 0.5734375 0.671875 0.5734375 0.6953125 0.6015625 0.6953125