0 0.18281250000000004 0.2 0.14062500000000006 0.2 0.14062500000000006 0.221875 0.18281250000000004 0.221875
0 0.2171875 0.2078125 0.20625 0.2078125 0.20625 0.2234375 0.2171875 0.2234375
0 0.3765625 0.20156250000000003 0.2421875 0.2015625 0.2421875 0.23125000000000004 0.3765625 0.2312500000000001
0 0.521875 0.20312500000000008 0.4015625 0.20312500000000008 0.4015625 0.2328125000000001 0.521875 0.2328125000000001
0 0.5609375 0.2093750000000001 0.5421875 0.2093750000000001 0.5421875 0.2218750000000001 0.5609375 0.2218750000000001
0 0.715625 0.2015625000000001 0.584375 0.2015625000000001 0.584375 0.2375000000000001 0.715625 0.2375000000000001
0 0.759375 0.2015625000000001 0.725 0.2015625000000001 0.725 0.2218750000000001 0.759375 0.2218750000000001
0 0.8609375 0.2000000000000001 0.78125 0.2000000000000001 0.78125 0.2218750000000001 0.8609375 0.2218750000000001
0 0.16093750000000004 0.2578125 0.14062500000000006 0.2578125 0.14062500000000006 0.2734375 0.16093750000000004 0.2734375
0 0.2203125 0.25 0.18125000000000005 0.25 0.18125000000000005 0.2734375 0.2203125 0.2734375
0 0.2796875 0.259375 0.2375 0.259375 0.2375 0.275 0.2796875 0.275
0 0.35625 0.2515625 0.303125 0.2515625 0.303125 0.271875 0.35625 0.271875
0 0.4546875 0.2531250000000001 0.371875 0.2531250000000001 0.371875 0.2828125000000001 0.4546875 0.2828125000000001
0 0.5046875 0.2515625000000001 0.471875 0.2515625000000001 0.471875 0.2734375000000001 0.5046875 0.2734375000000001
0 0.61875 0.2515625000000001 0.5265625 0.2515625000000001 0.5265625 0.2765625000000001 0.61875 0.2765625000000001
0 0.671875 0.2500000000000001 0.64375 0.2500000000000001 0.64375 0.2734375000000001 0.671875 0.2734375000000001
0 0.8078125 0.2609375000000001 0.6890625 0.2609375000000001 0.6890625 0.2765625000000001 0.8078125 0.2765625000000001
0 0.265625 0.3015625 0.13593750000000004 0.3015625 0.13593750000000004 0.3359375 0.265625 0.3359375
0 0.3390625 0.3140625 0.2921875 0.3140625 0.2921875 0.325 0.3390625 0.325
0 0.3859375 0.31250000000000006 0.359375 0.3125 0.359375 0.32343750000000004 0.3859375 0.3234375000000001
0 0.459375 0.3000000000000001 0.4078125 0.3000000000000001 0.4078125 0.3343750000000001 0.459375 0.3343750000000001
0 0.4921875 0.31718750000000007 0.4765625 0.31718750000000007 0.4765625 0.3234375000000001 0.4921875 0.3234375000000001
0 0.5984375 0.30156250000000007 0.5109375 0.30156250000000007 0.5109375 0.3375000000000001 0.5984375 0.3375000000000001
0 0.6421875 0.3140625000000001 0.615625 0.3140625000000001 0.615625 0.3234375000000001 0.6421875 0.3234375000000001
0 0.74375 0.3031250000000001 0.65625 0.3031250000000001 0.65625 0.3343750000000001 0.74375 0.3343750000000001
0 0.75 0.3218750000000001 0.7453125 0.3218750000000001 0.7453125 0.3281250000000001 0.75 0.3281250000000001
0 0.7875 0.3125000000000001 0.7640625 0.3125000000000001 0.7640625 0.3234375000000001 0.7875 0.3234375000000001
0 0.8515625 0.3000000000000001 0.8140625 0.3000000000000001 0.8140625 0.3234375000000001 0.8515625 0.3234375000000001
0 0.24531250000000004 0.3546875 0.13593750000000004 0.3546875 0.13593750000000004 0.384375 0.2453125000000001 0.384375
0 0.2984375 0.353125 0.2671875 0.353125 0.2671875 0.3734375 0.2984375000000001 0.3734375
0 0.409375 0.353125 0.3171875 0.353125 0.31718750000000007 0.37500000000000006 0.409375 0.3750000000000001
0 0.59375 0.3515625000000001 0.4296875 0.3515625000000001 0.4296875 0.3843750000000001 0.59375 0.3843750000000001
0 0.6359375 0.3593750000000001 0.6140625 0.3593750000000001 0.6140625 0.3734375000000001 0.6359375 0.3734375000000001
0 0.7 0.3515625000000001 0.6625 0.3515625000000001 0.6625 0.3734375000000001 0.7 0.3734375000000001
0 0.7875 0.3500000000000001 0.721875 0.3500000000000001 0.721875 0.3890625000000001 0.7875 0.3890625000000001
0 0.8546875 0.36406250000000007 0.8109375 0.36406250000000007 0.8109375 0.38750000000000007 0.8546875 0.38750000000000007
0 0.2093750000000001 0.4140625 0.13593750000000004 0.4140625 0.13593750000000004 0.4359375 0.2093750000000001 0.4359375
0 0.2171875000000001 0.421875 0.2140625000000001 0.421875 0.2140625000000001 0.4234375 0.2171875000000001 0.4234375
0 0.2734375000000001 0.4015625 0.2375000000000001 0.4015625 0.2375000000000001 0.425 0.2734375000000001 0.425
0 0.3625000000000001 0.4015625 0.2968750000000001 0.4015625 0.2968750000000001 0.425 0.3625000000000001 0.425
0 0.44375 0.4 0.38750000000000007 0.4 0.38750000000000007 0.425 0.44375 0.425
0 0.6578125 0.4015625 0.471875 0.4015625 0.471875 0.425 0.6578125 0.425
0 0.7140625 0.4 0.678125 0.4 0.678125 0.425 0.7140625 0.425
0 0.8390625 0.40156250000000016 0.7375 0.40156250000000016 0.7375 0.43750000000000017 0.8390625 0.43750000000000017
0 0.16875000000000004 0.4671875 0.13750000000000004 0.4671875 0.13750000000000004 0.4765625 0.16875000000000004 0.4765625
0 0.2328125000000001 0.45 0.19375000000000003 0.45 0.19375000000000003 0.4765625 0.2328125000000001 0.4765625
0 0.34062500000000007 0.45 0.25468750000000007 0.45 0.25468750000000007 0.4875 0.34062500000000007 0.4875
0 0.3750000000000001 0.453125 0.3515625000000001 0.453125 0.3515625000000001 0.475 0.3750000000000001 0.475
0 0.4546875 0.4515625 0.3921875000000001 0.4515625 0.3921875000000001 0.484375 0.4546875 0.484375
0 0.5578125 0.45 0.48125 0.45 0.48125 0.475 0.5578125 0.475
0 0.63125 0.465625 0.578125 0.465625 0.578125 0.4765625 0.63125 0.4765625
0 0.7640625 0.4546875000000001 0.6484375 0.4546875 0.6484375 0.4781250000000001 0.7640625 0.4781250000000002
0 0.8046875 0.46406250000000016 0.7734375 0.46406250000000016 0.7734375 0.47656250000000017 0.8046875 0.47656250000000017
0 0.2593750000000001 0.5046875 0.13906250000000003 0.5046875 0.13906250000000003 0.5359375 0.2593750000000001 0.5359375
0 0.2656250000000001 0.521875 0.26250000000000007 0.521875 0.26250000000000007 0.5234375 0.2656250000000001 0.5234375
0 0.3265625000000001 0.503125 0.2828125000000001 0.503125 0.2828125000000001 0.525 0.3265625000000001 0.525
0 0.4453125 0.503125 0.3453125000000001 0.503125 0.3453125000000001 0.5375 0.4453125 0.5375
0 0.5109375 0.5125 0.4640625 0.5125 0.4640625 0.525 0.5109375 0.525
0 0.5875 0.5 0.540625 0.5 0.540625 0.5265625 0.5875 0.5265625
0 0.684375 0.503125 0.603125 0.503125 0.603125 0.5265625 0.684375 0.5265625
0 0.725 0.5125 0.6984375 0.5125 0.6984375 0.5265625 0.725 0.5265625
0 0.815625 0.5031250000000002 0.7484375 0.5031250000000002 0.7484375 0.5265625000000002 0.815625 0.5265625000000002
0 0.8234375 0.5265625000000002 0.8171875 0.5265625000000002 0.8171875 0.5343750000000002 0.8234375 0.5343750000000002
0 0.8890625 0.5031250000000002 0.8359375 0.5031250000000002 0.8359375 0.5250000000000001 0.8890625 0.5250000000000001
0 0.18906250000000008 0.5625 0.1359375000000001 0.5625 0.1359375000000001 0.575 0.18906250000000008 0.575
0 0.2875000000000001 0.5609375 0.21875000000000008 0.5609375 0.21875000000000008 0.590625 0.2875000000000001 0.590625
0 0.3437500000000001 0.5546875 0.3125000000000001 0.5546875 0.3125000000000001 0.578125 0.3437500000000001 0.578125
0 0.446875 0.5546875 0.3609375000000001 0.5546875 0.3609375000000001 0.5890625 0.446875 0.5890625
0 0.5390625 0.553125 0.4796875 0.553125 0.4796875 0.5765625 0.5390625 0.5765625
0 0.596875 0.55625 0.5734375 0.55625 0.5734375 0.5734375 0.596875 0.5734375
0 0.6984375 0.5546875 0.6328125 0.5546875 0.6328125 0.578125 0.6984375 0.578125
0 0.7015625 0.575 0.7 0.575 0.7 0.5765625 0.7015625 0.5765625