0 0.15468750000000003 0.1984375 0.12187500000000004 0.1984375 0.12187500000000004 0.2296875 0.15468750000000003 0.2296875
0 0.3015625 0.2140625 0.17031250000000003 0.2140625 0.17031250000000003 0.2390625 0.3015625 0.2390625
0 0.4015625 0.21093750000000006 0.328125 0.2109375 0.328125 0.23125000000000004 0.4015625 0.2312500000000001
0 0.5375 0.2078125000000001 0.4265625 0.2078125000000001 0.4265625 0.22812500000000008 0.5375 0.22812500000000008
0 0.6078125 0.21250000000000008 0.5609375 0.21250000000000008 0.5609375 0.2296875000000001 0.6078125 0.2296875000000001
0 0.6640625 0.2078125000000001 0.634375 0.2078125000000001 0.634375 0.22656250000000008 0.6640625 0.22656250000000008
0 0.7515625 0.21250000000000008 0.675 0.21250000000000008 0.675 0.22656250000000008 0.7515625 0.22656250000000008
0 0.8015625 0.2140625000000001 0.778125 0.2140625000000001 0.778125 0.2250000000000001 0.8015625 0.2250000000000001
0 0.83125 0.2078125000000001 0.8109375 0.2078125000000001 0.8109375 0.2234375000000001 0.83125 0.2234375000000001
0 0.9109375 0.2078125000000001 0.8546875 0.2078125000000001 0.8546875 0.2234375000000001 0.9109375 0.2234375000000001
0 0.9203125 0.21875000000000008 0.915625 0.21875000000000008 0.915625 0.2234375000000001 0.9203125 0.2234375000000001
0 0.19062500000000004 0.2609375 0.11718750000000004 0.2609375 0.11718750000000004 0.2828125 0.19062500000000004 0.2828125
0 0.2484375 0.25625 0.20625 0.25625 0.20625 0.2765625 0.2484375 0.2765625
0 0.3171875 0.253125 0.2734375 0.253125 0.2734375 0.2796875 0.3171875 0.2796875
0 0.4578125 0.25468750000000007 0.3375 0.2546875 0.3375 0.27343750000000006 0.4578125 0.2734375000000001
0 0.4984375 0.2562500000000001 0.475 0.2562500000000001 0.475 0.2718750000000001 0.4984375 0.2718750000000001
0 0.5703125 0.2578125000000001 0.5328125 0.2578125000000001 0.5328125 0.2734375000000001 0.5703125 0.2734375000000001
0 0.6890625 0.26250000000000007 0.5921875 0.26250000000000007 0.5921875 0.27812500000000007 0.6890625 0.27812500000000007
0 0.7640625 0.2531250000000001 0.7140625 0.2531250000000001 0.7140625 0.2750000000000001 0.7640625 0.2750000000000001
0 0.8484375 0.2609375000000001 0.7984375 0.2609375000000001 0.7984375 0.2734375000000001 0.8484375 0.2734375000000001
0 0.8984375 0.2609375000000001 0.875 0.2609375000000001 0.875 0.27031250000000007 0.8984375 0.27031250000000007
0 0.9640625 0.2453125000000001 0.9171875 0.2453125000000001 0.9171875 0.27031250000000007 0.9640625 0.27031250000000007
0 0.17187500000000006 0.3046875 0.12031250000000004 0.3046875 0.12031250000000004 0.3265625 0.17187500000000006 0.3265625
0 0.296875 0.309375 0.19687500000000005 0.309375 0.19687500000000005 0.328125 0.296875 0.328125
0 0.30625 0.321875 0.3015625 0.321875 0.3015625 0.3234375 0.30625 0.3234375
0 0.3515625 0.3078125 0.325 0.3078125 0.325 0.3265625 0.3515625 0.3265625
0 0.409375 0.31250000000000006 0.3625 0.3125 0.3625 0.32500000000000007 0.409375 0.32500000000000007
0 0.4859375 0.3062500000000001 0.43125 0.3062500000000001 0.43125 0.3234375000000001 0.4859375 0.3234375000000001
0 0.6265625 0.30937500000000007 0.50625 0.30937500000000007 0.50625 0.33281250000000007 0.6265625 0.33281250000000007
0 0.6765625 0.3109375000000001 0.6515625 0.3109375000000001 0.6515625 0.3234375000000001 0.6765625 0.3234375000000001
0 0.8453125 0.3031250000000001 0.6953125 0.3031250000000001 0.6953125 0.3359375000000001 0.8453125 0.3359375000000001
0 0.9453125 0.3000000000000001 0.865625 0.3000000000000001 0.865625 0.3187500000000001 0.9453125 0.3187500000000001
0 0.15625000000000006 0.3515625 0.12187500000000004 0.3515625 0.12187500000000004 0.378125 0.15625000000000006 0.378125
0 0.26562500000000006 0.353125 0.18593750000000003 0.353125 0.18593750000000003 0.3765625 0.2656250000000001 0.3765625
0 0.31718750000000007 0.3546875 0.2921875 0.3546875 0.29218750000000004 0.38125 0.31718750000000007 0.38125
0 0.37343750000000003 0.35156250000000006 0.340625 0.3515625 0.34062500000000007 0.37500000000000006 0.3734375000000001 0.3750000000000001
0 0.49375 0.3593750000000001 0.4078125 0.3593750000000001 0.4078125 0.3734375000000001 0.49375 0.3734375000000001
0 0.546875 0.3546875000000001 0.5234375 0.3546875000000001 0.5234375 0.37187500000000007 0.546875 0.37187500000000007
0 0.678125 0.3515625000000001 0.5796875 0.3515625000000001 0.5796875 0.3734375000000001 0.678125 0.3734375000000001
0 0.853125 0.3546875000000001 0.7046875 0.3546875000000001 0.7046875 0.3828125000000001 0.853125 0.3828125000000001
0 0.95 0.3515625000000001 0.8765625 0.3515625000000001 0.8765625 0.3703125000000001 0.95 0.3703125000000001
0 0.15781250000000005 0.4046875 0.12187500000000004 0.4046875 0.12187500000000004 0.428125 0.15781250000000005 0.428125
0 0.23593750000000008 0.40625 0.18281250000000004 0.40625 0.18281250000000004 0.4265625 0.23593750000000008 0.4265625
0 0.28593750000000007 0.4046875 0.2593750000000001 0.4046875 0.2593750000000001 0.43125 0.28593750000000007 0.43125
0 0.3656250000000001 0.4046875 0.3078125000000001 0.4046875 0.3078125000000001 0.4265625 0.3656250000000001 0.4265625
0 0.4234375 0.4046875 0.39531250000000007 0.4046875 0.39531250000000007 0.43125 0.4234375 0.43125
0 0.4984375 0.40625 0.4484375 0.40625 0.4484375 0.4265625 0.4984375 0.4265625
0 0.603125 0.4046875 0.5265625 0.4046875 0.5265625 0.425 0.603125 0.425
0 0.6078125 0.4234375 0.603125 0.4234375 0.603125 0.4296875 0.6078125 0.4296875
0 0.6625 0.4140625 0.634375 0.4140625 0.634375 0.4265625 0.6625 0.4265625
0 0.7421875 0.40312500000000007 0.6953125 0.403125 0.6953125 0.42656250000000007 0.7421875 0.4265625000000002
0 0.8171875 0.40625000000000017 0.765625 0.40625000000000017 0.765625 0.42500000000000016 0.8171875 0.42500000000000016
0 0.915625 0.4078125000000002 0.8578125 0.4078125000000002 0.8578125 0.4234375000000002 0.915625 0.4234375000000002
0 0.15312500000000004 0.4578125 0.12812500000000004 0.4578125 0.12812500000000004 0.4765625 0.15312500000000004 0.4765625
0 0.2156250000000001 0.4578125 0.18125000000000005 0.4578125 0.18125000000000005 0.4796875 0.2156250000000001 0.4796875
0 0.4 0.459375 0.24218750000000008 0.459375 0.24218750000000008 0.490625 0.4 0.490625
0 0.540625 0.4609375 0.428125 0.4609375 0.428125 0.4875 0.540625 0.4875
0 0.6078125 0.4546875 0.571875 0.4546875 0.571875 0.484375 0.6078125 0.484375
0 0.66875 0.453125 0.6328125 0.453125 0.6328125 0.478125 0.66875 0.478125
0 0.765625 0.4484375000000001 0.7 0.4484375 0.7 0.48906250000000007 0.765625 0.4890625000000002
0 0.9359375 0.44843750000000016 0.7828125 0.44843750000000016 0.7828125 0.4750000000000002 0.9359375 0.4750000000000002
0 0.94375 0.46875000000000017 0.9390625 0.46875000000000017 0.9390625 0.47187500000000016 0.94375 0.47187500000000016