0 0.265625 0.2515625 0.12656250000000005 0.2515625 0.12656250000000005 0.2765625 0.265625 0.2765625
0 0.3859375 0.259375 0.29375 0.259375 0.29375 0.27656250000000004 0.3859375 0.2765625000000001
0 0.5484375 0.2640625000000001 0.40625 0.2640625000000001 0.40625 0.2875000000000001 0.5484375 0.2875000000000001
0 0.6390625 0.26250000000000007 0.571875 0.26250000000000007 0.571875 0.27812500000000007 0.6390625 0.27812500000000007
0 0.7875 0.2578125000000001 0.6546875 0.2578125000000001 0.6546875 0.2765625000000001 0.7875 0.2765625000000001
0 0.8640625 0.2640625000000001 0.803125 0.2640625000000001 0.803125 0.27812500000000007 0.8640625 0.27812500000000007
0 0.2 0.3125 0.11093750000000005 0.3125 0.11093750000000005 0.3359375 0.2 0.3359375
0 0.3859375 0.30468750000000006 0.21875 0.3046875 0.21875 0.32500000000000007 0.3859375 0.32500000000000007
0 0.390625 0.3234375000000001 0.3828125 0.3234375000000001 0.3828125 0.3312500000000001 0.390625 0.3312500000000001
0 0.4375 0.3125000000000001 0.4046875 0.3125000000000001 0.4046875 0.32500000000000007 0.4375 0.32500000000000007
0 0.521875 0.3062500000000001 0.4515625 0.3062500000000001 0.4515625 0.3375000000000001 0.521875 0.3375000000000001
0 0.6125 0.3031250000000001 0.5390625 0.3031250000000001 0.5390625 0.32500000000000007 0.6125 0.32500000000000007
0 0.6984375 0.3062500000000001 0.6203125 0.3062500000000001 0.6203125 0.3265625000000001 0.6984375 0.3265625000000001
0 0.7578125 0.3078125000000001 0.715625 0.3078125000000001 0.715625 0.32500000000000007 0.7578125 0.32500000000000007
0 0.8265625 0.30156250000000007 0.765625 0.30156250000000007 0.765625 0.3265625000000001 0.8265625 0.3265625000000001
0 0.16250000000000003 0.359375 0.09843750000000004 0.359375 0.09843750000000004 0.378125 0.16250000000000003 0.378125
0 0.24687500000000004 0.3625 0.18125000000000005 0.3625 0.18125000000000005 0.375 0.2468750000000001 0.375
0 0.33281250000000007 0.359375 0.2625 0.359375 0.26250000000000007 0.375 0.33281250000000007 0.375
0 0.478125 0.35625000000000007 0.3546875 0.35625 0.35468750000000004 0.37500000000000006 0.478125 0.3750000000000001
0 0.49375 0.37187500000000007 0.4890625 0.37187500000000007 0.4890625 0.3750000000000001 0.49375 0.3750000000000001
0 0.5671875 0.3531250000000001 0.50625 0.3531250000000001 0.50625 0.37187500000000007 0.5671875 0.37187500000000007
0 0.6859375 0.34843750000000007 0.5796875 0.34843750000000007 0.5796875 0.37968750000000007 0.6859375 0.37968750000000007
0 0.7734375 0.3531250000000001 0.703125 0.3531250000000001 0.703125 0.3734375000000001 0.7734375 0.3734375000000001
0 0.88125 0.35625000000000007 0.784375 0.35625000000000007 0.784375 0.3781250000000001 0.88125 0.3781250000000001
0 0.15937500000000004 0.39375 0.09375000000000004 0.39375 0.09375000000000004 0.4296875 0.15937500000000004 0.4296875
0 0.3468750000000001 0.409375 0.17500000000000004 0.409375 0.17500000000000004 0.4296875 0.3468750000000001 0.4296875
0 0.49375 0.403125 0.3703125000000001 0.403125 0.3703125000000001 0.4234375 0.49375 0.4234375
0 0.5703125 0.4 0.5171875 0.4 0.5171875 0.43125 0.5703125 0.43125
0 0.6453125 0.403125 0.5890625 0.403125 0.5890625 0.421875 0.6453125 0.421875
0 0.803125 0.41093750000000007 0.6578125 0.4109375 0.6578125 0.42656250000000007 0.803125 0.4265625000000002
0 0.840625 0.40937500000000016 0.8234375 0.40937500000000016 0.8234375 0.42187500000000017 0.840625 0.42187500000000017
0 0.921875 0.4125000000000002 0.8484375 0.4125000000000002 0.8484375 0.4312500000000002 0.921875 0.4312500000000002
0 0.16093750000000004 0.4546875 0.11250000000000004 0.4546875 0.11250000000000004 0.4796875 0.16093750000000004 0.4796875
0 0.2765625000000001 0.4546875 0.17968750000000006 0.4546875 0.17968750000000006 0.475 0.2765625000000001 0.475
0 0.3531250000000001 0.45 0.29375000000000007 0.45 0.29375000000000007 0.4796875 0.3531250000000001 0.4796875
0 0.4359375 0.4609375 0.3734375000000001 0.4609375 0.3734375000000001 0.478125 0.4359375 0.478125
0 0.621875 0.4546875 0.4546875 0.4546875 0.4546875 0.4765625 0.621875 0.4765625
0 0.7453125 0.4609375000000001 0.6390625 0.4609375 0.6390625 0.47343750000000007 0.7453125 0.4734375000000002
0 0.928125 0.43281250000000016 0.7515625 0.43281250000000016 0.7515625 0.4734375000000002 0.928125 0.4734375000000002
0 0.16406250000000006 0.5046875 0.11406250000000004 0.5046875 0.11406250000000004 0.525 0.16406250000000006 0.525
0 0.2406250000000001 0.5109375 0.19375000000000003 0.5109375 0.19375000000000003 0.53125 0.2406250000000001 0.53125
0 0.3125000000000001 0.503125 0.27031250000000007 0.503125 0.27031250000000007 0.5296875 0.3125000000000001 0.5296875
0 0.3593750000000001 0.509375 0.3187500000000001 0.509375 0.3187500000000001 0.525 0.3593750000000001 0.525
0 0.3703125000000001 0.521875 0.3625000000000001 0.521875 0.3625000000000001 0.525 0.3703125000000001 0.525
0 0.4421875 0.503125 0.3921875000000001 0.503125 0.3921875000000001 0.525 0.4421875 0.525
0 0.5375 0.5015625 0.459375 0.5015625 0.459375 0.525 0.5375 0.525
0 0.659375 0.50625 0.565625 0.50625 0.565625 0.5265625 0.659375 0.5265625
0 0.85 0.5109375 0.68125 0.5109375 0.68125 0.5296875000000001 0.85 0.5296875000000002
0 0.2531250000000001 0.5546875 0.11562500000000009 0.5546875 0.11562500000000009 0.5734375 0.2531250000000001 0.5734375
0 0.30937500000000007 0.5546875 0.27812500000000007 0.5546875 0.27812500000000007 0.571875 0.30937500000000007 0.571875
0 0.3890625000000001 0.5578125 0.3312500000000001 0.5578125 0.3312500000000001 0.575 0.3890625000000001 0.575
0 0.5171875 0.5625 0.40625 0.5625 0.40625 0.578125 0.5171875 0.578125
0 0.609375 0.5546875 0.540625 0.5546875 0.540625 0.575 0.609375 0.575
0 0.703125 0.5640625 0.634375 0.5640625 0.634375 0.578125 0.703125 0.578125
0 0.75625 0.5640625000000001 0.721875 0.5640625 0.721875 0.5765625000000001 0.75625 0.5765625000000002
0 0.853125 0.5546875000000002 0.7703125 0.5546875000000002 0.7703125 0.5796875000000001 0.853125 0.5796875000000001
0 0.9359375 0.5593750000000002 0.8578125 0.5593750000000002 0.8578125 0.5812500000000002 0.9359375 0.5812500000000002
0 0.27031250000000007 0.6125 0.10937500000000008 0.6125 0.10937500000000008 0.63125 0.27031250000000007 0.63125
0 0.2750000000000001 0.6234375 0.2656250000000001 0.6234375 0.2656250000000001 0.63125 0.2750000000000001 0.63125
0 0.3734375000000001 0.609375 0.2953125000000001 0.609375 0.2953125000000001 0.625 0.3734375000000001 0.625
0 0.415625 0.6109375 0.3843750000000001 0.6109375 0.3843750000000001 0.6265625 0.415625 0.6265625
0 0.5984375 0.6125 0.4359375 0.6125 0.4359375 0.640625 0.5984375 0.640625
0 0.66875 0.609375 0.6171875 0.609375 0.6171875 0.63125 0.66875 0.63125
0 0.8203125 0.6078125000000001 0.684375 0.6078125 0.684375 0.6359375 0.8203125 0.6359375000000002
0 0.9296875 0.6171875000000002 0.846875 0.6171875000000002 0.846875 0.6328125000000002 0.9296875 0.6328125000000002
0 0.2515625000000001 0.6453125 0.10937500000000008 0.6453125 0.10937500000000008 0.6828125 0.2515625000000001 0.6828125
0 0.3515625000000001 0.6625 0.2656250000000001 0.6625 0.2656250000000001 0.6890625 0.3515625000000001 0.6890625
0 0.49375 0.6609375 0.3750000000000001 0.6609375 0.3750000000000001 0.6765625 0.49375 0.6765625
0 0.5578125 0.6578125 0.509375 0.6578125 0.509375 0.690625 0.5578125 0.690625
0 0.6390625 0.659375 0.58125 0.659375 0.58125 0.6765625 0.6390625 0.6765625
0 0.7375 0.659375 0.65625 0.659375 0.65625 0.6781250000000001 0.7375 0.6781250000000002
0 0.8859375 0.6578125000000001 0.7609375 0.6578125000000001 0.7609375 0.6906250000000002 0.8859375 0.6906250000000002
0 0.23593750000000008 0.7046875 0.13281250000000008 0.7046875 0.13281250000000008 0.7265625 0.23593750000000008 0.7265625
0 0.4453125000000001 0.7046875 0.2656250000000001 0.7046875 0.2656250000000001 0.728125 0.44531250000000017 0.728125
0 0.5093750000000001 0.7125 0.4640625 0.7125 0.4640625000000001 0.7265625 0.5093750000000001 0.7265625
0 0.6531250000000001 0.7078125 0.521875 0.7078125 0.5218750000000001 0.7375 0.6531250000000002 0.7375
0 0.7015625000000001 0.7109375 0.6625 0.7109375 0.6625000000000001 0.7375 0.7015625000000002 0.7375
0 0.7671875000000001 0.7093750000000001 0.7140625 0.709375 0.7140625 0.7281250000000001 0.7671875000000001 0.7281250000000001
0 0.903125 0.7078125000000002 0.79375 0.7078125000000002 0.7937500000000001 0.7437500000000001 0.903125 0.7437500000000001
0 0.3312500000000001 0.7578125 0.1312500000000001 0.7578125 0.1312500000000001 0.78125 0.3312500000000001 0.78125
0 0.3937500000000001 0.76875 0.3531250000000001 0.76875 0.3531250000000001 0.78125 0.3937500000000001 0.78125
0 0.6328125000000002 0.7578125 0.4187500000000002 0.7578125 0.4187500000000002 0.790625 0.6328125000000002 0.790625
0 0.6484375000000002 0.7765625 0.6437500000000002 0.7765625 0.6437500000000002 0.7796875 0.6484375000000002 0.7796875