0 0.2796875 0.2359375 0.13437500000000005 0.2359375 0.13437500000000005 0.275 0.2796875 0.275
0 0.29375 0.25625 0.284375 0.25625 0.284375 0.2640625 0.29375 0.2640625
0 0.3796875 0.23437500000000006 0.3109375 0.234375 0.3109375 0.26093750000000004 0.3796875 0.2609375000000001
0 0.5125 0.2390625000000001 0.4109375 0.2390625000000001 0.4109375 0.2609375000000001 0.5125 0.2609375000000001
0 0.596875 0.2500000000000001 0.53125 0.2500000000000001 0.53125 0.2609375000000001 0.596875 0.2609375000000001
0 0.6609375 0.2406250000000001 0.609375 0.2406250000000001 0.609375 0.2687500000000001 0.6609375 0.2687500000000001
0 0.7328125 0.2406250000000001 0.6796875 0.2406250000000001 0.6796875 0.2593750000000001 0.7328125 0.2593750000000001
0 0.7765625 0.2406250000000001 0.746875 0.2406250000000001 0.746875 0.2718750000000001 0.7765625 0.2718750000000001
0 0.8453125 0.2406250000000001 0.7859375 0.2406250000000001 0.7859375 0.2640625000000001 0.8453125 0.2640625000000001
0 0.2546875 0.2890625 0.13906250000000003 0.2890625 0.13906250000000003 0.3203125 0.2546875 0.3203125
0 0.3015625 0.290625 0.2796875 0.290625 0.2796875 0.3109375 0.3015625 0.3109375
0 0.375 0.30000000000000004 0.3234375 0.3 0.3234375 0.31250000000000006 0.375 0.3125000000000001
0 0.4421875 0.2921875000000001 0.396875 0.2921875000000001 0.396875 0.3125000000000001 0.4421875 0.3125000000000001
0 0.6265625 0.2953125000000001 0.46875 0.2953125000000001 0.46875 0.3125000000000001 0.6265625 0.3125000000000001
0 0.8328125 0.2906250000000001 0.65625 0.2906250000000001 0.65625 0.3265625000000001 0.8328125 0.3265625000000001
0 0.29375000000000007 0.3390625 0.13750000000000004 0.3390625 0.13750000000000004 0.371875 0.29375000000000007 0.371875
0 0.346875 0.3421875 0.3203125 0.3421875 0.3203125 0.3609375 0.346875 0.3609375
0 0.48125 0.33906250000000004 0.3625 0.3390625 0.36250000000000004 0.37343750000000003 0.48125 0.3734375000000001
0 0.5515625 0.3437500000000001 0.50625 0.3437500000000001 0.50625 0.36406250000000007 0.5515625 0.36406250000000007
0 0.634375 0.3437500000000001 0.56875 0.3437500000000001 0.56875 0.3625000000000001 0.634375 0.3625000000000001
0 0.6921875 0.34062500000000007 0.653125 0.34062500000000007 0.653125 0.3750000000000001 0.6921875 0.3750000000000001
0 0.8453125 0.3437500000000001 0.709375 0.3437500000000001 0.709375 0.37968750000000007 0.8453125 0.37968750000000007
0 0.16406250000000006 0.390625 0.13750000000000004 0.390625 0.13750000000000004 0.409375 0.16406250000000006 0.409375
0 0.23593750000000008 0.3921875 0.19375000000000003 0.3921875 0.19375000000000003 0.4109375 0.23593750000000008 0.4109375
0 0.3890625000000001 0.39375000000000004 0.2609375000000001 0.39375 0.2609375000000001 0.4125 0.3890625000000001 0.4125
0 0.4984375 0.4015625 0.4125 0.4015625 0.4125 0.4234375 0.4984375 0.4234375
0 0.5890625 0.3968750000000001 0.51875 0.3968750000000001 0.51875 0.415625 0.5890625 0.415625
0 0.7015625 0.3984375000000001 0.61875 0.3984375000000001 0.61875 0.4140625 0.7015625 0.4140625
0 0.7625 0.4015625000000001 0.721875 0.4015625 0.721875 0.4093750000000001 0.7625 0.40937500000000016
0 0.878125 0.3921875000000001 0.7859375 0.3921875000000001 0.7859375 0.41718750000000016 0.878125 0.41718750000000016
0 0.22031250000000008 0.440625 0.13125000000000003 0.440625 0.13125000000000003 0.475 0.22031250000000008 0.475
0 0.2296875000000001 0.4578125 0.22031250000000008 0.4578125 0.22031250000000008 0.4671875 0.2296875000000001 0.4671875
0 0.3359375000000001 0.4421875 0.2453125000000001 0.4421875 0.2453125000000001 0.4640625 0.3359375000000001 0.4640625
0 0.475 0.440625 0.3750000000000001 0.440625 0.3750000000000001 0.465625 0.475 0.465625
0 0.525 0.446875 0.4984375 0.446875 0.4984375 0.4640625 0.525 0.4640625
0 0.6171875 0.453125 0.5484375 0.453125 0.5484375 0.4796875 0.6171875 0.4796875
0 0.803125 0.4437500000000001 0.6453125 0.44375 0.6453125 0.4671875000000001 0.803125 0.4671875000000002
0 0.840625 0.44843750000000016 0.8265625 0.44843750000000016 0.8265625 0.46406250000000016 0.840625 0.46406250000000016
0 0.85625 0.4578125000000002 0.8375 0.4578125000000002 0.8375 0.46406250000000016 0.85625 0.46406250000000016
0 0.2468750000000001 0.4890625 0.12812500000000004 0.4890625 0.12812500000000004 0.5171875 0.2468750000000001 0.5171875
0 0.3062500000000001 0.4890625 0.2671875000000001 0.4890625 0.2671875000000001 0.521875 0.3062500000000001 0.521875
0 0.5015625 0.4921875 0.3281250000000001 0.4921875 0.3281250000000001 0.5234375 0.5015625 0.5234375
0 0.615625 0.496875 0.5234375 0.496875 0.5234375 0.528125 0.615625 0.528125
0 0.6796875 0.49375 0.6359375 0.49375 0.6359375 0.5140625 0.6796875 0.5140625
0 0.7828125 0.49687500000000007 0.7015625 0.496875 0.7015625 0.5171875000000001 0.7828125 0.5171875000000001
0 0.88125 0.49531250000000016 0.796875 0.49531250000000016 0.796875 0.5250000000000001 0.88125 0.5250000000000001
0 0.15625000000000006 0.5421875 0.12343750000000005 0.5421875 0.12343750000000006 0.5734375 0.15625000000000008 0.5734375
0 0.2687500000000001 0.54375 0.17656250000000004 0.54375 0.17656250000000007 0.565625 0.2687500000000001 0.565625
0 0.4421875 0.54375 0.29375000000000007 0.54375 0.29375000000000007 0.5671875 0.4421875 0.5671875
0 0.4890625 0.5421875 0.4671875 0.5421875 0.4671875 0.5671875 0.4890625 0.5671875
0 0.5796875 0.546875 0.4828125 0.546875 0.4828125 0.5734375 0.5796875 0.5734375
0 0.6 0.5421875 0.58125 0.5421875 0.58125 0.571875 0.6 0.571875
0 0.6171875 0.5609375 0.6125 0.5609375 0.6125 0.5640625 0.6171875 0.5640625
0 0.703125 0.5453125 0.6390625 0.5453125 0.6390625 0.565625 0.703125 0.565625
0 0.765625 0.5484375000000001 0.7234375 0.5484375 0.7234375 0.5671875000000001 0.765625 0.5671875000000002
0 0.865625 0.5453125000000002 0.78125 0.5453125000000002 0.78125 0.5671875000000002 0.865625 0.5671875000000002
0 0.18125000000000008 0.59375 0.12656250000000008 0.59375 0.12656250000000008 0.6234375 0.18125000000000008 0.6234375
0 0.22031250000000008 0.6046875 0.2015625000000001 0.6046875 0.2015625000000001 0.6140625 0.22031250000000008 0.6140625
0 0.3312500000000001 0.6046875 0.2500000000000001 0.6046875 0.2500000000000001 0.615625 0.3312500000000001 0.615625
0 0.515625 0.5953125 0.3656250000000001 0.5953125 0.3656250000000001 0.615625 0.515625 0.615625
0 0.7328125 0.596875 0.5453125 0.596875 0.5453125 0.6203125 0.7328125 0.6203125000000002
0 0.79375 0.5984375000000002 0.753125 0.5984375000000002 0.753125 0.6281250000000002 0.79375 0.6281250000000002
0 0.3000000000000001 0.6421875 0.12343750000000009 0.6421875 0.12343750000000009 0.6671875 0.3000000000000001 0.6671875
0 0.3578125000000001 0.6484375 0.3234375000000001 0.6484375 0.3234375000000001 0.6765625 0.3578125000000001 0.6765625
0 0.434375 0.646875 0.3765625000000001 0.646875 0.3765625000000001 0.6671875 0.434375 0.6671875
0 0.4984375 0.6546875 0.465625 0.6546875 0.465625 0.6671875 0.4984375 0.6671875
0 0.634375 0.646875 0.5171875 0.646875 0.5171875 0.6765625 0.634375 0.6765625
0 0.8609375 0.6484375000000001 0.659375 0.6484375 0.659375 0.6703125000000001 0.8609375 0.6703125000000002
0 0.19687500000000008 0.69375 0.1296875000000001 0.69375 0.1296875000000001 0.7140625 0.19687500000000008 0.7140625
0 0.3296875000000001 0.696875 0.2171875000000001 0.696875 0.2171875000000001 0.715625 0.3296875000000001 0.715625
0 0.425 0.7046875 0.3578125000000001 0.7046875 0.3578125000000001 0.7171875 0.425 0.7171875
0 0.6171875000000001 0.6953125 0.4421875 0.6953125 0.44218750000000007 0.7296875 0.6171875000000002 0.7296875
0 0.671875 0.6984375 0.6359375 0.6984375 0.6359375 0.725 0.671875 0.725
0 0.79375 0.7015625000000001 0.7 0.7015625 0.7 0.7203125000000001 0.79375 0.7203125000000001
0 0.8015625 0.7140625000000002 0.7875 0.7140625000000002 0.7875 0.7218750000000002 0.8015625 0.7218750000000002
0 0.8890625 0.7031250000000002 0.8203125 0.7031250000000002 0.8203125 0.7203125000000001 0.8890625 0.7203125000000001
0 0.3343750000000001 0.7421875 0.1390625000000001 0.7421875 0.1390625000000001 0.778125 0.3343750000000001 0.778125
0 0.3734375000000001 0.753125 0.3578125000000001 0.753125 0.3578125000000001 0.7625 0.3734375000000001 0.7625
0 0.46875000000000017 0.753125 0.4000000000000002 0.753125 0.4000000000000002 0.765625 0.46875000000000017 0.765625
0 0.6187500000000001 0.7453125 0.47968750000000016 0.7453125 0.47968750000000016 0.778125 0.6187500000000001 0.778125
0 0.7109375000000002 0.7546875 0.6453125000000002 0.7546875 0.6453125000000002 0.7671875 0.7109375000000002 0.7671875
0 0.9109375 0.7500000000000002 0.7328125000000002 0.7500000000000002 0.7328125000000002 0.7703125000000002 0.9109375 0.7703125000000002
0 0.9078125 0.7703125000000002 0.8984375 0.7703125000000002 0.8984375 0.7750000000000001 0.9078125 0.7750000000000001
0 0.9421875 0.7687500000000002 0.91875 0.7687500000000002 0.91875 0.7718750000000002 0.9421875 0.7718750000000002