0 0.203125 0.26875 0.15156250000000004 0.26875 0.15156250000000004 0.28125 0.203125 0.28125
0 0.265625 0.2703125 0.2109375 0.2703125 0.2109375 0.2796875 0.265625 0.2796875
0 0.346875 0.2671875 0.275 0.2671875 0.275 0.28125 0.346875 0.28125
0 0.3859375 0.27031250000000007 0.3578125 0.2703125 0.3578125 0.28750000000000003 0.3859375 0.2875000000000001
0 0.4359375 0.27031250000000007 0.3921875 0.27031250000000007 0.3921875 0.2828125000000001 0.4359375 0.2828125000000001
0 0.5578125 0.27031250000000007 0.4453125 0.27031250000000007 0.4453125 0.2843750000000001 0.5578125 0.2843750000000001
0 0.7015625 0.27031250000000007 0.5703125 0.27031250000000007 0.5703125 0.2843750000000001 0.7015625 0.2843750000000001
0 0.71875 0.2828125000000001 0.7140625 0.2828125000000001 0.7140625 0.2906250000000001 0.71875 0.2906250000000001
0 0.803125 0.27031250000000007 0.7265625 0.27031250000000007 0.7265625 0.2843750000000001 0.803125 0.2843750000000001
0 0.903125 0.27031250000000007 0.8171875 0.27031250000000007 0.8171875 0.2875000000000001 0.903125 0.2875000000000001
0 0.19843750000000004 0.3203125 0.15468750000000003 0.3203125 0.15468750000000003 0.33125 0.19843750000000004 0.33125
0 0.271875 0.3234375 0.20625 0.3234375 0.20625 0.3328125 0.271875 0.3328125
0 0.371875 0.32031250000000006 0.28125 0.3203125 0.28125 0.33437500000000003 0.371875 0.3343750000000001
0 0.409375 0.3203125000000001 0.38125 0.3203125000000001 0.38125 0.3343750000000001 0.409375 0.3343750000000001
0 0.4953125 0.3234375000000001 0.41875 0.3234375000000001 0.41875 0.3343750000000001 0.4953125 0.3343750000000001
0 0.5015625 0.3312500000000001 0.496875 0.3312500000000001 0.496875 0.3359375000000001 0.5015625 0.3359375000000001
0 0.56875 0.3234375000000001 0.50625 0.3234375000000001 0.50625 0.3343750000000001 0.56875 0.3343750000000001
0 0.6109375 0.3218750000000001 0.578125 0.3218750000000001 0.578125 0.3343750000000001 0.6109375 0.3343750000000001
0 0.6671875 0.32500000000000007 0.6125 0.32500000000000007 0.6125 0.3359375000000001 0.6671875 0.3359375000000001
0 0.6921875 0.32500000000000007 0.6765625 0.32500000000000007 0.6765625 0.3343750000000001 0.6921875 0.3343750000000001
0 0.70625 0.3234375000000001 0.6953125 0.3234375000000001 0.6953125 0.3343750000000001 0.70625 0.3343750000000001
0 0.721875 0.32500000000000007 0.715625 0.32500000000000007 0.715625 0.33281250000000007 0.721875 0.33281250000000007
0 0.7578125 0.31718750000000007 0.7296875 0.31718750000000007 0.7296875 0.3375000000000001 0.7578125 0.3375000000000001
0 0.815625 0.3218750000000001 0.765625 0.3218750000000001 0.765625 0.3343750000000001 0.815625 0.3343750000000001
0 0.3500000000000001 0.36875 0.15312500000000004 0.36875 0.15312500000000004 0.384375 0.3500000000000001 0.384375
0 0.3593750000000001 0.3828125 0.35625000000000007 0.3828125 0.35625000000000007 0.3890625 0.3593750000000001 0.3890625
0 0.3906250000000001 0.3703125000000001 0.3656250000000001 0.3703125000000001 0.3656250000000001 0.3890625000000001 0.3906250000000001 0.3890625000000001
0 0.4375 0.3750000000000001 0.39531250000000007 0.3750000000000001 0.39531250000000007 0.3921875000000001 0.4375 0.3921875000000001
0 0.45 0.3828125000000001 0.4453125 0.3828125000000001 0.4453125 0.38750000000000007 0.45 0.38750000000000007
0 0.48125 0.3703125000000001 0.4546875 0.3703125000000001 0.4546875 0.3828125000000001 0.48125 0.3828125000000001
0 0.5609375 0.3703125000000001 0.4890625 0.3703125000000001 0.4890625 0.3843750000000001 0.5609375 0.3843750000000001
0 0.609375 0.37187500000000007 0.565625 0.37187500000000007 0.565625 0.3843750000000001 0.609375 0.3843750000000001
0 0.69375 0.37187500000000007 0.6171875 0.37187500000000007 0.6171875 0.39531250000000007 0.69375 0.39531250000000007
0 0.734375 0.37187500000000007 0.703125 0.37187500000000007 0.703125 0.3906250000000001 0.734375 0.3906250000000001
0 0.8609375 0.3687500000000001 0.74375 0.3687500000000001 0.74375 0.3890625000000001 0.8609375 0.3890625000000001
0 0.2015625000000001 0.41875 0.14843750000000006 0.41875 0.14843750000000006 0.434375 0.2015625000000001 0.434375
0 0.2906250000000001 0.4203125 0.2140625000000001 0.4203125 0.2140625000000001 0.434375 0.2906250000000001 0.434375
0 0.3031250000000001 0.43125 0.2984375000000001 0.43125 0.2984375000000001 0.4390625 0.3031250000000001 0.4390625
0 0.35625000000000007 0.4203125 0.30937500000000007 0.4203125 0.30937500000000007 0.434375 0.35625000000000007 0.434375
0 0.5203125 0.4203125 0.3687500000000001 0.4203125 0.3687500000000001 0.440625 0.5203125 0.440625
0 0.6609375 0.421875 0.53125 0.421875 0.53125 0.4484375 0.6609375 0.4484375
0 0.7453125 0.4218750000000001 0.6671875 0.421875 0.6671875 0.4359375000000001 0.7453125 0.4359375000000002
0 0.903125 0.4203125000000002 0.7609375 0.4203125000000002 0.7609375 0.4359375000000002 0.903125 0.4359375000000002
0 0.9078125 0.4343750000000002 0.9046875 0.4343750000000002 0.9046875 0.44062500000000016 0.9078125 0.44062500000000016
0 0.17343750000000005 0.46875 0.14375000000000004 0.46875 0.14375000000000004 0.484375 0.17343750000000005 0.484375
0 0.2843750000000001 0.4734375 0.18437500000000004 0.4734375 0.18437500000000004 0.490625 0.2843750000000001 0.490625
0 0.4234375 0.471875 0.2984375000000001 0.471875 0.2984375000000001 0.4859375 0.4234375 0.4859375
0 0.4609375 0.4703125 0.4328125 0.4703125 0.4328125 0.484375 0.4609375 0.484375
0 0.546875 0.471875 0.4671875 0.471875 0.4671875 0.4859375 0.546875 0.4859375
0 0.6453125 0.471875 0.559375 0.471875 0.559375 0.49375 0.6453125 0.49375
0 0.7265625 0.4703125000000001 0.659375 0.4703125 0.659375 0.4953125000000001 0.7265625 0.49531250000000016
0 0.771875 0.4703125000000002 0.7375 0.4703125000000002 0.7375 0.48437500000000017 0.771875 0.48437500000000017
0 0.9046875 0.4703125000000002 0.78125 0.4703125000000002 0.78125 0.4937500000000002 0.9046875 0.4937500000000002
0 0.17812500000000003 0.521875 0.14218750000000005 0.521875 0.14218750000000005 0.534375 0.17812500000000003 0.534375
0 0.3156250000000001 0.5203125 0.19531250000000006 0.5203125 0.19531250000000006 0.546875 0.3156250000000001 0.546875
0 0.4515625 0.5203125 0.3296875000000001 0.5203125 0.3296875000000001 0.5359375 0.4515625 0.5359375
0 0.4625 0.5296875 0.4578125 0.5296875 0.4578125 0.540625 0.4625 0.540625
0 0.4796875 0.521875 0.4703125 0.521875 0.4703125 0.540625 0.4796875 0.540625
0 0.5 0.51875 0.4796875 0.51875 0.4796875 0.540625 0.5 0.540625
0 0.521875 0.521875 0.5109375 0.521875 0.5109375 0.534375 0.521875 0.534375
0 0.5515625 0.521875 0.5203125 0.521875 0.5203125 0.5359375 0.5515625 0.5359375
0 0.7125 0.5234375 0.559375 0.5234375 0.559375 0.5421875 0.7125 0.5421875
0 0.7921875 0.5187500000000002 0.7265625 0.5187500000000002 0.7265625 0.5359375000000002 0.7921875 0.5359375000000002
0 0.9109375 0.5171875000000001 0.815625 0.5171875000000001 0.815625 0.5390625000000002 0.9109375 0.5390625000000002
0 0.3109375000000001 0.5703125 0.14218750000000008 0.5703125 0.14218750000000008 0.590625 0.3109375000000001 0.590625
0 0.5140625 0.5703125 0.32500000000000007 0.5703125 0.32500000000000007 0.603125 0.5140625 0.603125
0 0.553125 0.5765625 0.5234375 0.5765625 0.5234375 0.5890625 0.553125 0.5890625
0 0.725 0.571875 0.56875 0.571875 0.56875 0.6 0.725 0.6
0 0.8609375 0.5718750000000001 0.7375 0.5718750000000001 0.7375 0.5937500000000002 0.8609375 0.5937500000000002
0 0.8953125 0.5765625000000002 0.8671875 0.5765625000000002 0.8671875 0.5859375000000002 0.8953125 0.5859375000000002
0 0.23437500000000008 0.621875 0.1437500000000001 0.621875 0.1437500000000001 0.6375 0.23437500000000008 0.6375
0 0.34062500000000007 0.6203125 0.25468750000000007 0.6203125 0.25468750000000007 0.6390625 0.34062500000000007 0.6390625
0 0.4265625 0.621875 0.35625000000000007 0.621875 0.35625000000000007 0.6421875 0.4265625 0.6421875
0 0.46875 0.621875 0.4359375 0.621875 0.4359375 0.6375 0.46875 0.6375
0 0.5515625 0.621875 0.4796875 0.621875 0.4796875 0.6390625 0.5515625 0.6390625
0 0.6625 0.6234375 0.56875 0.6234375 0.56875 0.6375 0.6625 0.6375
0 0.7203125 0.6234375 0.6671875 0.6234375 0.6671875 0.6390625 0.7203125 0.6390625
0 0.7921875 0.6265625000000001 0.734375 0.6265625000000001 0.734375 0.6531250000000002 0.7921875 0.6531250000000002
0 0.3359375000000001 0.6703125 0.14062500000000008 0.6703125 0.14062500000000008 0.6875 0.3359375000000001 0.6875
0 0.4890625 0.675 0.3468750000000001 0.675 0.3468750000000001 0.6890625 0.4890625 0.6890625
0 0.5546875 0.6703125 0.496875 0.6703125 0.496875 0.6875 0.5546875 0.6875
0 0.678125 0.6734375 0.5671875 0.6734375 0.5671875 0.6890625 0.678125 0.6890625
0 0.8328125 0.6703125000000001 0.6953125 0.6703125 0.6953125 0.6937500000000001 0.8328125 0.6937500000000002
0 0.871875 0.6703125000000002 0.8390625 0.6703125000000002 0.8390625 0.6875000000000002 0.871875 0.6875000000000002
0 0.22656250000000008 0.725 0.1359375000000001 0.725 0.1359375000000001 0.7375 0.22656250000000008 0.7375
0 0.4046875000000001 0.7234375 0.2390625000000001 0.7234375 0.2390625000000001 0.7390625 0.4046875000000002 0.7390625
0 0.45781250000000007 0.725 0.425 0.725 0.4250000000000001 0.74375 0.4578125000000002 0.74375
0 0.5484375000000001 0.721875 0.4578125 0.721875 0.45781250000000007 0.7390625 0.5484375000000001 0.7390625
0 0.7406250000000001 0.721875 0.5671875 0.721875 0.5671875000000001 0.7437500000000001 0.7406250000000002 0.7437500000000001
0 0.7546875000000002 0.7359375000000001 0.7500000000000002 0.7359375000000001 0.7500000000000002 0.7390625000000002 0.7546875000000002 0.7390625000000002