0 0.17656250000000004 0.2078125 0.15937500000000004 0.2078125 0.15937500000000004 0.2265625 0.17656250000000004 0.2265625
0 0.17500000000000004 0.2234375 0.17187500000000006 0.2234375 0.17187500000000006 0.225 0.17500000000000004 0.225
0 0.2296875 0.2078125 0.2 0.2078125 0.2 0.2234375 0.2296875 0.2234375
0 0.3984375 0.20781250000000004 0.25 0.2078125 0.25 0.22656250000000006 0.3984375 0.22656250000000008
0 0.4453125 0.2078125000000001 0.415625 0.2078125000000001 0.415625 0.2312500000000001 0.4453125 0.2312500000000001
0 0.5109375 0.2078125000000001 0.4703125 0.2078125000000001 0.4703125 0.2218750000000001 0.5109375 0.2218750000000001
0 0.63125 0.2078125000000001 0.5296875 0.2078125000000001 0.5296875 0.2234375000000001 0.63125 0.2234375000000001
0 0.6734375 0.2078125000000001 0.6453125 0.2078125000000001 0.6453125 0.2234375000000001 0.6734375 0.2234375000000001
0 0.7734375 0.2078125000000001 0.6875 0.2078125000000001 0.6875 0.2250000000000001 0.7734375 0.2250000000000001
0 0.8671875 0.2078125000000001 0.8 0.2078125000000001 0.8 0.2234375000000001 0.8671875 0.2234375000000001
0 0.17656250000000004 0.2578125 0.15312500000000004 0.2578125 0.15312500000000004 0.278125 0.17656250000000004 0.278125
0 0.225 0.2640625 0.19687500000000005 0.2640625 0.19687500000000005 0.2765625 0.225 0.2765625
0 0.3015625 0.259375 0.2453125 0.259375 0.2453125 0.2765625 0.3015625 0.2765625
0 0.4421875 0.25781250000000006 0.3265625 0.2578125 0.3265625 0.27812500000000007 0.4421875 0.27812500000000007
0 0.5125 0.2593750000000001 0.4609375 0.2593750000000001 0.4609375 0.2765625000000001 0.5125 0.2765625000000001
0 0.6921875 0.2578125000000001 0.5328125 0.2578125000000001 0.5328125 0.2765625000000001 0.6921875 0.2765625000000001
0 0.7625 0.26250000000000007 0.7140625 0.26250000000000007 0.7140625 0.2734375000000001 0.7625 0.2734375000000001
0 0.9 0.2578125000000001 0.78125 0.2578125000000001 0.78125 0.2843750000000001 0.9 0.2843750000000001
0 0.17656250000000004 0.3078125 0.14843750000000006 0.3078125 0.14843750000000006 0.3390625 0.17656250000000004 0.3390625
0 0.19843750000000004 0.3140625 0.18437500000000004 0.3140625 0.18437500000000004 0.3265625 0.19843750000000004 0.3265625
0 0.321875 0.309375 0.228125 0.309375 0.228125 0.3265625 0.321875 0.3265625
0 0.3734375 0.30781250000000004 0.3453125 0.3078125 0.3453125 0.33437500000000003 0.3734375 0.3343750000000001
0 0.465625 0.3078125000000001 0.39375 0.3078125000000001 0.39375 0.3390625000000001 0.465625 0.3390625000000001
0 0.5125 0.3125000000000001 0.484375 0.3125000000000001 0.484375 0.3234375000000001 0.5125 0.3234375000000001
0 0.5671875 0.30937500000000007 0.5265625 0.30937500000000007 0.5265625 0.3265625000000001 0.5671875 0.3265625000000001
0 0.60625 0.30937500000000007 0.5875 0.30937500000000007 0.5875 0.3265625000000001 0.60625 0.3265625000000001
0 0.6625 0.3078125000000001 0.6234375 0.3078125000000001 0.6234375 0.3234375000000001 0.6625 0.3234375000000001
0 0.778125 0.3078125000000001 0.684375 0.3078125000000001 0.684375 0.3343750000000001 0.778125 0.3343750000000001
0 0.88125 0.3078125000000001 0.8046875 0.3078125000000001 0.8046875 0.32500000000000007 0.88125 0.32500000000000007
0 0.19843750000000004 0.3625 0.14531250000000004 0.3625 0.14531250000000004 0.378125 0.19843750000000004 0.378125
0 0.25468750000000007 0.359375 0.2140625 0.359375 0.21406250000000004 0.375 0.25468750000000007 0.375
0 0.4140625 0.35625000000000007 0.2796875 0.35625 0.27968750000000003 0.39062500000000006 0.4140625 0.3906250000000001
0 0.4734375 0.3578125000000001 0.428125 0.3578125000000001 0.428125 0.3843750000000001 0.4734375 0.3843750000000001
0 0.61875 0.3578125000000001 0.4921875 0.3578125000000001 0.4921875 0.3781250000000001 0.61875 0.3781250000000001
0 0.665625 0.35625000000000007 0.64375 0.35625000000000007 0.64375 0.3765625000000001 0.665625 0.3765625000000001
0 0.7671875 0.3593750000000001 0.6875 0.3593750000000001 0.6875 0.3937500000000001 0.7671875 0.3937500000000001
0 0.821875 0.36406250000000007 0.7890625 0.36406250000000007 0.7890625 0.3750000000000001 0.821875 0.3750000000000001
0 0.2953125000000001 0.40625 0.14531250000000004 0.40625 0.14531250000000004 0.4375 0.2953125000000001 0.4375
0 0.39531250000000007 0.4078125 0.3234375000000001 0.4078125 0.3234375000000001 0.428125 0.39531250000000007 0.428125
0 0.45625 0.409375 0.41875 0.409375 0.41875 0.4265625 0.45625 0.4265625
0 0.6203125 0.4078125 0.4859375 0.4078125 0.4859375 0.446875 0.6203125 0.446875
0 0.715625 0.4078125 0.64375 0.4078125 0.64375 0.4421875 0.715625 0.4421875
0 0.7828125 0.40625000000000017 0.7359375 0.40625000000000017 0.7359375 0.4265625000000002 0.7828125 0.4265625000000002
0 0.784375 0.4234375000000002 0.7734375 0.4234375000000002 0.7734375 0.4343750000000002 0.784375 0.4343750000000002
0 0.871875 0.4078125000000002 0.8140625 0.4078125000000002 0.8140625 0.4265625000000002 0.871875 0.4265625000000002
0 0.8671875 0.4234375000000002 0.85625 0.4234375000000002 0.85625 0.4359375000000002 0.8671875 0.4359375000000002
0 0.17656250000000004 0.465625 0.14843750000000006 0.465625 0.14843750000000006 0.4796875 0.17656250000000004 0.4796875
0 0.23437500000000008 0.4546875 0.19531250000000006 0.4546875 0.19531250000000006 0.4765625 0.23437500000000008 0.4765625
0 0.4109375 0.459375 0.27031250000000007 0.459375 0.27031250000000007 0.490625 0.4109375 0.490625
0 0.5875 0.4578125 0.4515625 0.4578125 0.4515625 0.478125 0.5875 0.478125
0 0.6484375 0.4578125 0.596875 0.4578125 0.596875 0.475 0.6484375 0.475
0 0.659375 0.471875 0.6484375 0.471875 0.6484375 0.48125 0.659375 0.48125
0 0.7234375 0.4578125 0.671875 0.4578125 0.671875 0.4765625 0.7234375 0.4765625
0 0.728125 0.4765625000000001 0.7203125 0.4765625 0.7203125 0.4843750000000001 0.728125 0.48437500000000017
0 0.809375 0.4578125000000002 0.7484375 0.4578125000000002 0.7484375 0.4781250000000002 0.809375 0.4781250000000002
0 0.878125 0.4546875000000002 0.8203125 0.4546875000000002 0.8203125 0.47656250000000017 0.878125 0.47656250000000017
0 0.19375000000000003 0.5109375 0.15000000000000005 0.5109375 0.15000000000000005 0.528125 0.19375000000000003 0.528125
0 0.2328125000000001 0.515625 0.2093750000000001 0.515625 0.2093750000000001 0.528125 0.2328125000000001 0.528125
0 0.2843750000000001 0.5078125 0.24375000000000008 0.5078125 0.24375000000000008 0.5375 0.2843750000000001 0.5375
0 0.3734375000000001 0.5078125 0.3187500000000001 0.5078125 0.3187500000000001 0.528125 0.3734375000000001 0.528125
0 0.5765625 0.5078125 0.4 0.5078125 0.4 0.528125 0.5765625 0.528125
0 0.64375 0.50625 0.6015625 0.50625 0.6015625 0.5375 0.64375 0.5375
0 0.76875 0.5062500000000001 0.6765625 0.50625 0.6765625 0.5281250000000001 0.76875 0.5281250000000002
0 0.81875 0.5156250000000002 0.7875 0.5156250000000002 0.7875 0.5281250000000002 0.81875 0.5281250000000002
0 0.2453125000000001 0.565625 0.1468750000000001 0.565625 0.1468750000000001 0.5859375 0.2453125000000001 0.5859375
0 0.2500000000000001 0.575 0.2468750000000001 0.575 0.2468750000000001 0.5765625 0.2500000000000001 0.5765625