0 0.16562500000000005 0.2078125 0.15000000000000005 0.2078125 0.15000000000000005 0.2203125 0.16562500000000005 0.2203125
0 0.17031250000000003 0.215625 0.16718750000000004 0.215625 0.16718750000000004 0.2203125 0.17031250000000003 0.2203125
0 0.23125 0.2078125 0.18593750000000003 0.2078125 0.18593750000000003 0.2203125 0.23125 0.2203125
0 0.34375 0.2125 0.2515625 0.2125 0.2515625 0.2234375 0.34375 0.2234375
0 0.4125 0.21093750000000006 0.35625 0.2109375 0.35625 0.22500000000000003 0.4125 0.2250000000000001
0 0.4671875 0.21093750000000008 0.43125 0.21093750000000008 0.43125 0.2250000000000001 0.4671875 0.2250000000000001
0 0.528125 0.2156250000000001 0.48125 0.2156250000000001 0.48125 0.2234375000000001 0.528125 0.2234375000000001
0 0.646875 0.2078125000000001 0.5640625 0.2078125000000001 0.5640625 0.2218750000000001 0.646875 0.2218750000000001
0 0.753125 0.2078125000000001 0.66875 0.2078125000000001 0.66875 0.2296875000000001 0.753125 0.2296875000000001
0 0.825 0.2140625000000001 0.775 0.2140625000000001 0.775 0.2250000000000001 0.825 0.2250000000000001
0 0.2734375 0.2578125 0.14687500000000003 0.2578125 0.14687500000000003 0.275 0.2734375 0.275
0 0.334375 0.2578125 0.30625 0.2578125 0.30625 0.271875 0.334375 0.271875
0 0.515625 0.259375 0.3453125 0.259375 0.3453125 0.27187500000000003 0.515625 0.2718750000000001
0 0.58125 0.2609375000000001 0.5296875 0.2609375000000001 0.5296875 0.2718750000000001 0.58125 0.2718750000000001
0 0.7 0.2593750000000001 0.60625 0.2593750000000001 0.60625 0.2734375000000001 0.7 0.2734375000000001
0 0.85 0.2593750000000001 0.728125 0.2593750000000001 0.728125 0.2734375000000001 0.85 0.2734375000000001
0 0.17656250000000004 0.3078125 0.14843750000000006 0.3078125 0.14843750000000006 0.3234375 0.17656250000000004 0.3234375
0 0.2421875 0.3078125 0.2015625 0.3078125 0.2015625 0.321875 0.2421875 0.321875
0 0.3359375 0.3140625 0.2734375 0.3140625 0.2734375 0.328125 0.3359375 0.328125
0 0.409375 0.31093750000000003 0.3546875 0.3109375 0.3546875 0.32343750000000004 0.409375 0.3234375000000001
0 0.5109375 0.3140625000000001 0.41875 0.3140625000000001 0.41875 0.3281250000000001 0.5109375 0.3281250000000001
0 0.5984375 0.30937500000000007 0.528125 0.30937500000000007 0.528125 0.3218750000000001 0.5984375 0.3218750000000001
0 0.6734375 0.30937500000000007 0.6203125 0.30937500000000007 0.6203125 0.3265625000000001 0.6734375 0.3265625000000001
0 0.74375 0.3125000000000001 0.7046875 0.3125000000000001 0.7046875 0.3234375000000001 0.74375 0.3234375000000001
0 0.7875 0.3078125000000001 0.7609375 0.3078125000000001 0.7609375 0.3218750000000001 0.7875 0.3218750000000001
0 0.84375 0.30937500000000007 0.8140625 0.30937500000000007 0.8140625 0.3218750000000001 0.84375 0.3218750000000001
0 0.2250000000000001 0.3640625 0.14218750000000005 0.3640625 0.14218750000000005 0.371875 0.2250000000000001 0.371875
0 0.29218750000000004 0.3578125 0.2515625 0.3578125 0.2515625 0.371875 0.2921875000000001 0.371875
0 0.37343750000000003 0.35937500000000006 0.3109375 0.359375 0.31093750000000003 0.37187500000000007 0.3734375000000001 0.37187500000000007
0 0.5609375 0.3593750000000001 0.39375 0.3593750000000001 0.39375000000000004 0.37968750000000007 0.5609375 0.37968750000000007
0 0.66875 0.3578125000000001 0.5890625 0.3578125000000001 0.5890625 0.37187500000000007 0.66875 0.37187500000000007
0 0.6796875 0.3671875000000001 0.6765625 0.3671875000000001 0.6765625 0.3703125000000001 0.6796875 0.3703125000000001
0 0.7578125 0.3578125000000001 0.715625 0.3578125000000001 0.715625 0.3734375000000001 0.7578125 0.3734375000000001
0 0.3031250000000001 0.4109375 0.13750000000000004 0.4109375 0.13750000000000004 0.425 0.3031250000000001 0.425
0 0.3937500000000001 0.4109375 0.3359375000000001 0.4109375 0.3359375000000001 0.425 0.3937500000000001 0.425
0 0.446875 0.409375 0.4078125 0.409375 0.4078125 0.425 0.446875 0.425
0 0.5796875 0.4109375 0.4640625 0.4109375 0.4640625 0.4234375 0.5796875 0.4234375
0 0.6546875 0.4109375 0.615625 0.4109375 0.615625 0.425 0.6546875 0.425
0 0.7109375 0.409375 0.6671875 0.409375 0.6671875 0.4234375 0.7109375 0.4234375
0 0.8671875 0.40937500000000016 0.7328125 0.40937500000000016 0.7328125 0.4312500000000002 0.8671875 0.4312500000000002
0 0.18906250000000005 0.45625 0.14375000000000004 0.45625 0.14375000000000004 0.478125 0.18906250000000005 0.478125
0 0.2656250000000001 0.465625 0.21250000000000008 0.465625 0.21250000000000008 0.475 0.2656250000000001 0.475
0 0.34843750000000007 0.4671875 0.2921875000000001 0.4671875 0.2921875000000001 0.4796875 0.34843750000000007 0.4796875
0 0.44375 0.4625 0.3703125000000001 0.4625 0.3703125000000001 0.475 0.44375 0.475
0 0.546875 0.4609375 0.4609375 0.4609375 0.4609375 0.475 0.546875 0.475
0 0.55 0.4703125 0.5453125 0.4703125 0.5453125 0.4734375 0.55 0.4734375
0 0.7 0.4640625 0.5828125 0.4640625 0.5828125 0.475 0.7 0.475
0 0.70625 0.475 0.7015625 0.475 0.7015625 0.4796875 0.70625 0.4796875
0 0.7796875 0.4687500000000001 0.725 0.46875 0.725 0.4765625000000001 0.7796875 0.47656250000000017
0 0.821875 0.4656250000000002 0.80625 0.4656250000000002 0.80625 0.4734375000000002 0.821875 0.4734375000000002
0 0.2390625000000001 0.515625 0.14062500000000006 0.515625 0.14062500000000006 0.534375 0.2390625000000001 0.534375
0 0.3046875000000001 0.5140625 0.2609375000000001 0.5140625 0.2609375000000001 0.5296875 0.3046875000000001 0.5296875
0 0.3890625000000001 0.515625 0.3125000000000001 0.515625 0.3125000000000001 0.528125 0.3890625000000001 0.528125
0 0.484375 0.51875 0.4109375 0.51875 0.4109375 0.53125 0.484375 0.53125
0 0.490625 0.525 0.48125 0.525 0.48125 0.5296875 0.490625 0.5296875
0 0.65625 0.5109375 0.5203125 0.5109375 0.5203125 0.5296875 0.65625 0.5296875
0 0.725 0.5140625 0.66875 0.5140625 0.66875 0.525 0.725 0.525
0 0.8140625 0.5109375000000002 0.75625 0.5109375000000002 0.75625 0.5234375000000002 0.8140625 0.5234375000000002
0 0.884375 0.5125000000000002 0.83125 0.5125000000000002 0.83125 0.5265625000000002 0.884375 0.5265625000000002
0 0.31718750000000007 0.5671875 0.1515625000000001 0.5671875 0.1515625000000001 0.5859375 0.31718750000000007 0.5859375
0 0.3625000000000001 0.565625 0.3359375000000001 0.565625 0.3359375000000001 0.5765625 0.3625000000000001 0.5765625
0 0.45 0.5625 0.3968750000000001 0.5625 0.3968750000000001 0.575 0.45 0.575
0 0.5546875 0.5609375 0.471875 0.5609375 0.471875 0.571875 0.5546875 0.571875
0 0.6921875 0.5609375 0.5765625 0.5609375 0.5765625 0.5765625 0.6921875 0.5765625
0 0.7109375 0.5703125 0.7046875 0.5703125 0.7046875 0.5734375 0.7109375 0.5734375