0 0.16093750000000004 0.284375 0.14687500000000003 0.284375 0.14687500000000003 0.3 0.16093750000000004 0.3
0 0.16562500000000005 0.2984375 0.16406250000000006 0.2984375 0.16406250000000006 0.3015625 0.16562500000000005 0.3015625
0 0.2203125 0.284375 0.18437500000000004 0.284375 0.18437500000000004 0.303125 0.2203125 0.303125
0 0.425 0.28437500000000004 0.2453125 0.284375 0.2453125 0.30468750000000006 0.425 0.3046875000000001
0 0.49375 0.2843750000000001 0.440625 0.2843750000000001 0.440625 0.3046875000000001 0.49375 0.3046875000000001
0 0.5046875 0.3062500000000001 0.5 0.3062500000000001 0.5 0.3140625000000001 0.5046875 0.3140625000000001
0 0.5390625 0.2984375000000001 0.515625 0.2984375000000001 0.515625 0.3031250000000001 0.5390625 0.3031250000000001
0 0.6421875 0.2890625000000001 0.5578125 0.2890625000000001 0.5578125 0.3156250000000001 0.6421875 0.3156250000000001
0 0.653125 0.3046875000000001 0.65 0.3046875000000001 0.65 0.3156250000000001 0.653125 0.3156250000000001
0 0.7203125 0.2968750000000001 0.6671875 0.2968750000000001 0.6671875 0.3125000000000001 0.7203125 0.3125000000000001
0 0.7921875 0.2875000000000001 0.7359375 0.2875000000000001 0.7359375 0.3187500000000001 0.7921875 0.3187500000000001
0 0.846875 0.2968750000000001 0.8125 0.2968750000000001 0.8125 0.3078125000000001 0.846875 0.3078125000000001
0 0.35625000000000007 0.3375 0.14218750000000005 0.3375 0.14218750000000005 0.3671875 0.35625000000000007 0.3671875
0 0.540625 0.3375000000000001 0.375 0.3375000000000001 0.37500000000000006 0.3671875000000001 0.540625 0.3671875000000001
0 0.6234375 0.3281250000000001 0.55625 0.3281250000000001 0.55625 0.35625000000000007 0.6234375 0.35625000000000007
0 0.6765625 0.33281250000000007 0.6359375 0.33281250000000007 0.6359375 0.3546875000000001 0.6765625 0.3546875000000001
0 0.71875 0.3453125000000001 0.6875 0.3453125000000001 0.6875 0.3546875000000001 0.71875 0.3546875000000001
0 0.8078125 0.3296875000000001 0.728125 0.3296875000000001 0.728125 0.35625000000000007 0.8078125 0.35625000000000007
0 0.8546875 0.34843750000000007 0.821875 0.34843750000000007 0.821875 0.3578125000000001 0.8546875 0.3578125000000001
0 0.9015625 0.33281250000000007 0.8625 0.33281250000000007 0.8625 0.35625000000000007 0.9015625 0.35625000000000007
0 0.2250000000000001 0.3890625 0.13750000000000004 0.3890625 0.13750000000000004 0.4078125 0.2250000000000001 0.4078125
0 0.3468750000000001 0.4 0.24375000000000008 0.4 0.24375000000000008 0.409375 0.3468750000000001 0.409375
0 0.4625 0.3906250000000001 0.3656250000000001 0.3906250000000001 0.3656250000000001 0.415625 0.4625 0.415625
0 0.5390625 0.3906250000000001 0.484375 0.3906250000000001 0.484375 0.4078125 0.5390625 0.4078125
0 0.5671875 0.39531250000000007 0.5515625 0.39531250000000007 0.5515625 0.4046875 0.5671875 0.4046875
0 0.65625 0.38750000000000007 0.5828125 0.38750000000000007 0.5828125 0.40625 0.65625 0.40625
0 0.6953125 0.3828125000000001 0.671875 0.3828125000000001 0.671875 0.403125 0.6953125 0.403125
0 0.809375 0.3843750000000001 0.7109375 0.3843750000000001 0.7109375 0.4156250000000001 0.809375 0.4156250000000002
0 0.925 0.3843750000000001 0.8171875 0.3843750000000001 0.8171875 0.4156250000000002 0.925 0.4156250000000002
0 0.15781250000000005 0.45 0.13125000000000003 0.45 0.13125000000000003 0.4609375 0.15781250000000005 0.4609375
0 0.3515625000000001 0.434375 0.17187500000000006 0.434375 0.17187500000000006 0.471875 0.3515625000000001 0.471875
0 0.534375 0.4375 0.3656250000000001 0.4375 0.3656250000000001 0.4609375 0.534375 0.4609375
0 0.6359375 0.4375 0.5578125 0.4375 0.5578125 0.459375 0.6359375 0.459375
0 0.6875 0.4390625 0.6546875 0.4390625 0.6546875 0.4578125 0.6875 0.4578125
0 0.8296875 0.4359375000000001 0.6984375 0.4359375 0.6984375 0.4593750000000001 0.8296875 0.4593750000000002
0 0.859375 0.4343750000000002 0.8375 0.4343750000000002 0.8375 0.4578125000000002 0.859375 0.4578125000000002
0 0.94375 0.4390625000000002 0.8734375 0.4390625000000002 0.8734375 0.46875000000000017 0.94375 0.46875000000000017
0 0.16718750000000004 0.5015625 0.13906250000000003 0.5015625 0.13906250000000003 0.509375 0.16718750000000004 0.509375
0 0.3609375000000001 0.490625 0.18750000000000006 0.490625 0.18750000000000006 0.521875 0.3609375000000001 0.521875
0 0.43125 0.4859375 0.3828125000000001 0.4859375 0.3828125000000001 0.509375 0.43125 0.509375
0 0.5046875 0.48125 0.4515625 0.48125 0.4515625 0.50625 0.5046875 0.50625
0 0.5578125 0.5015625 0.5203125 0.5015625 0.5203125 0.5109375 0.5578125 0.5109375
0 0.7140625 0.490625 0.575 0.490625 0.575 0.5203125 0.7140625 0.5203125
0 0.809375 0.49218750000000017 0.740625 0.49218750000000017 0.740625 0.5218750000000002 0.809375 0.5218750000000002
0 0.8875 0.4890625000000002 0.8265625 0.4890625000000002 0.8265625 0.5171875000000001 0.8875 0.5171875000000001
0 0.22656250000000008 0.5421875 0.14531250000000004 0.5421875 0.14531250000000007 0.5625 0.22656250000000008 0.5625
0 0.2828125000000001 0.5453125 0.2453125000000001 0.5453125 0.2453125000000001 0.5609375 0.2828125000000001 0.5609375
0 0.4484375 0.5453125 0.3000000000000001 0.5453125 0.3000000000000001 0.575 0.4484375 0.575
0 0.5015625 0.5421875 0.465625 0.5421875 0.465625 0.5609375 0.5015625 0.5609375
0 0.6328125 0.5390625 0.5203125 0.5390625 0.5203125 0.5703125 0.6328125 0.5703125
0 0.734375 0.5359375000000001 0.6515625 0.5359375 0.6515625 0.5609375000000001 0.734375 0.5609375000000002
0 0.8953125 0.5390625000000002 0.753125 0.5390625000000002 0.753125 0.5625000000000002 0.8953125 0.5625000000000002
0 0.2312500000000001 0.5875 0.14062500000000008 0.5875 0.14062500000000008 0.6109375 0.2312500000000001 0.6109375
0 0.27812500000000007 0.5875 0.2453125000000001 0.5875 0.2453125000000001 0.6109375 0.27812500000000007 0.6109375
0 0.3265625000000001 0.603125 0.3000000000000001 0.603125 0.3000000000000001 0.6125 0.3265625000000001 0.6125
0 0.475 0.59375 0.34843750000000007 0.59375 0.34843750000000007 0.6125 0.475 0.6125
0 0.490625 0.6109375 0.4859375 0.6109375 0.4859375 0.6140625 0.490625 0.6140625
0 0.528125 0.5921875 0.51875 0.5921875 0.51875 0.609375 0.528125 0.609375
0 0.5375 0.6078125 0.534375 0.6078125 0.534375 0.6109375 0.5375 0.6109375
0 0.58125 0.5921875 0.5546875 0.5921875 0.5546875 0.6109375 0.58125 0.6109375
0 0.6328125 0.6046875 0.6 0.6046875 0.6 0.6140625 0.6328125 0.6140625
0 0.740625 0.5953125000000001 0.6515625 0.5953125 0.6515625 0.6156250000000001 0.740625 0.6156250000000002
0 0.809375 0.5906250000000002 0.75625 0.5906250000000002 0.75625 0.6125000000000002 0.809375 0.6125000000000002
0 0.896875 0.5937500000000002 0.8265625 0.5937500000000002 0.8265625 0.6218750000000002 0.896875 0.6218750000000002
0 0.2593750000000001 0.653125 0.1437500000000001 0.653125 0.1437500000000001 0.6609375 0.2593750000000001 0.6609375
0 0.2718750000000001 0.6625 0.2671875000000001 0.6625 0.2671875000000001 0.6703125 0.2718750000000001 0.6703125
0 0.3203125000000001 0.64375 0.2812500000000001 0.64375 0.2812500000000001 0.6609375 0.3203125000000001 0.6609375
0 0.4734375 0.6453125 0.3437500000000001 0.6453125 0.3437500000000001 0.6734375 0.4734375 0.6734375
0 0.515625 0.6421875 0.4921875 0.6421875 0.4921875 0.6625 0.515625 0.6625
0 0.6046875 0.64375 0.5328125 0.64375 0.5328125 0.6609375 0.6046875 0.6609375
0 0.665625 0.6421875 0.6265625 0.6421875 0.6265625 0.6609375 0.665625 0.6609375
0 0.7234375 0.640625 0.6828125 0.640625 0.6828125 0.6625 0.7234375 0.6625
0 0.809375 0.6390625000000002 0.740625 0.6390625000000002 0.740625 0.6625000000000002 0.809375 0.6625000000000002
0 0.940625 0.6437500000000002 0.8203125 0.6437500000000002 0.8203125 0.6703125000000002 0.940625 0.6703125000000002
0 0.959375 0.6421875000000001 0.9484375 0.6421875000000001 0.9484375 0.6687500000000002 0.959375 0.6687500000000002
0 0.18125000000000008 0.7046875 0.14062500000000008 0.7046875 0.14062500000000008 0.7125 0.18125000000000008 0.7125
0 0.24375000000000008 0.6953125 0.1984375000000001 0.6953125 0.1984375000000001 0.7109375 0.24375000000000008 0.7109375
0 0.478125 0.6953125 0.26250000000000007 0.6953125 0.26250000000000007 0.715625 0.478125 0.715625
0 0.528125 0.6890625 0.5015625 0.6890625 0.5015625 0.7140625 0.528125 0.7140625
0 0.590625 0.690625 0.5453125 0.690625 0.5453125 0.709375 0.590625 0.709375
0 0.703125 0.69375 0.603125 0.69375 0.603125 0.7125 0.703125 0.7125
0 0.815625 0.690625 0.7234375 0.690625 0.7234375 0.7109375000000001 0.815625 0.7109375000000002
0 0.8296875 0.7140625000000002 0.8234375 0.7140625000000002 0.8234375 0.7218750000000002 0.8296875 0.7218750000000002
0 0.890625 0.6890625000000001 0.8453125 0.6890625000000001 0.8453125 0.7109375000000002 0.890625 0.7109375000000002