0 0.18281250000000004 0.21875 0.13906250000000003 0.21875 0.13906250000000003 0.2359375 0.18281250000000004 0.2359375
0 0.3859375 0.21875000000000006 0.221875 0.21875 0.221875 0.23437500000000006 0.3859375 0.23437500000000008
0 0.6421875 0.2171875000000001 0.4171875 0.2171875000000001 0.4171875 0.23437500000000008 0.6421875 0.23437500000000008
0 0.85625 0.2250000000000001 0.6515625 0.2250000000000001 0.6515625 0.23593750000000008 0.85625 0.23593750000000008
0 0.2609375 0.2671875 0.13906250000000003 0.2671875 0.13906250000000003 0.284375 0.2609375 0.284375
0 0.3203125 0.2703125 0.275 0.2703125 0.275 0.2875 0.3203125 0.2875
0 0.421875 0.27187500000000003 0.3375 0.271875 0.3375 0.28750000000000003 0.421875 0.2875000000000001
0 0.4890625 0.2765625000000001 0.44375 0.2765625000000001 0.44375 0.28593750000000007 0.4890625 0.28593750000000007
0 0.5546875 0.2687500000000001 0.5140625 0.2687500000000001 0.5140625 0.28593750000000007 0.5546875 0.28593750000000007
0 0.7 0.2718750000000001 0.5703125 0.2718750000000001 0.5703125 0.2953125000000001 0.7 0.2953125000000001
0 0.7578125 0.2671875000000001 0.71875 0.2671875000000001 0.71875 0.29375000000000007 0.7578125 0.29375000000000007
0 0.90625 0.2687500000000001 0.7546875 0.2687500000000001 0.7546875 0.2875000000000001 0.90625 0.2875000000000001
0 0.2125 0.3203125 0.13437500000000005 0.3203125 0.13437500000000005 0.3375 0.2125 0.3375
0 0.3203125 0.3171875 0.228125 0.3171875 0.228125 0.3359375 0.3203125 0.3359375
0 0.384375 0.32031250000000006 0.3453125 0.3203125 0.3453125 0.33437500000000003 0.384375 0.3343750000000001
0 0.5265625 0.3187500000000001 0.4 0.3187500000000001 0.4 0.3359375000000001 0.5265625 0.3359375000000001
0 0.5765625 0.3187500000000001 0.54375 0.3187500000000001 0.54375 0.33281250000000007 0.5765625 0.33281250000000007
0 0.6625 0.31718750000000007 0.59375 0.31718750000000007 0.59375 0.3343750000000001 0.6625 0.3343750000000001
0 0.7703125 0.3203125000000001 0.684375 0.3203125000000001 0.684375 0.3453125000000001 0.7703125 0.3453125000000001
0 0.85625 0.3203125000000001 0.7890625 0.3203125000000001 0.7890625 0.3343750000000001 0.85625 0.3343750000000001
0 0.22656250000000008 0.36875 0.13437500000000005 0.36875 0.13437500000000005 0.3859375 0.22656250000000008 0.3859375
0 0.3109375000000001 0.375 0.24218750000000008 0.375 0.24218750000000008 0.3875 0.3109375000000001 0.3875
0 0.3671875000000001 0.36875 0.3312500000000001 0.36875 0.3312500000000001 0.39375000000000004 0.3671875000000001 0.3937500000000001
0 0.453125 0.3734375000000001 0.37968750000000007 0.3734375000000001 0.37968750000000007 0.39531250000000007 0.453125 0.39531250000000007
0 0.5078125 0.3687500000000001 0.4625 0.3687500000000001 0.4625 0.3890625000000001 0.5078125 0.3890625000000001
0 0.5921875 0.3703125000000001 0.525 0.3703125000000001 0.525 0.3859375000000001 0.5921875 0.3859375000000001
0 0.6828125 0.3703125000000001 0.578125 0.3703125000000001 0.578125 0.3843750000000001 0.6828125 0.3843750000000001
0 0.7375 0.3765625000000001 0.6875 0.3765625000000001 0.6875 0.3843750000000001 0.7375 0.3843750000000001
0 0.9140625 0.3703125000000001 0.75625 0.3703125000000001 0.75625 0.3859375000000001 0.9140625 0.3859375000000001
0 0.18593750000000003 0.4203125 0.12812500000000004 0.4203125 0.12812500000000004 0.440625 0.18593750000000003 0.440625
0 0.2015625000000001 0.428125 0.17656250000000004 0.428125 0.17656250000000004 0.4359375 0.2015625000000001 0.4359375
0 0.2656250000000001 0.4234375 0.21875000000000008 0.4234375 0.21875000000000008 0.4390625 0.2656250000000001 0.4390625
0 0.3265625000000001 0.4203125 0.2828125000000001 0.4203125 0.2828125000000001 0.4359375 0.3265625000000001 0.4359375
0 0.3343750000000001 0.425 0.3234375000000001 0.425 0.3234375000000001 0.434375 0.3343750000000001 0.434375
0 0.453125 0.41875 0.35625000000000007 0.41875 0.35625000000000007 0.4421875 0.453125 0.4421875
0 0.5953125 0.41875 0.459375 0.41875 0.459375 0.44375 0.5953125 0.44375
0 0.634375 0.4265625 0.5890625 0.4265625 0.5890625 0.4359375 0.634375 0.4359375
0 0.65625 0.4265625 0.634375 0.4265625 0.634375 0.4359375 0.65625 0.4359375
0 0.671875 0.4359375 0.6625 0.4359375 0.6625 0.44375 0.671875 0.44375
0 0.896875 0.4203125000000001 0.68125 0.4203125 0.68125 0.4453125000000001 0.896875 0.44531250000000017
0 0.903125 0.4343750000000002 0.89375 0.4343750000000002 0.89375 0.4421875000000002 0.903125 0.4421875000000002
0 0.2171875000000001 0.46875 0.12812500000000004 0.46875 0.12812500000000004 0.4875 0.2171875000000001 0.4875
0 0.27812500000000007 0.4703125 0.2312500000000001 0.4703125 0.2312500000000001 0.4890625 0.27812500000000007 0.4890625
0 0.4078125 0.4703125 0.28593750000000007 0.4703125 0.28593750000000007 0.4875 0.4078125 0.4875
0 0.53125 0.4703125 0.425 0.4703125 0.425 0.490625 0.53125 0.490625
0 0.8203125 0.4718750000000001 0.5578125 0.471875 0.5578125 0.4859375000000001 0.8203125 0.4859375000000002
0 0.8953125 0.4781250000000002 0.840625 0.4781250000000002 0.840625 0.4859375000000002 0.8953125 0.4859375000000002
0 0.15937500000000004 0.51875 0.12500000000000006 0.51875 0.12500000000000006 0.5359375 0.15937500000000004 0.5359375
0 0.3609375000000001 0.51875 0.19062500000000004 0.51875 0.19062500000000007 0.546875 0.3609375000000001 0.546875
0 0.4859375 0.51875 0.3843750000000001 0.51875 0.3843750000000001 0.5484375 0.4859375 0.5484375
0 0.5671875 0.5171875 0.4984375 0.5171875 0.4984375 0.5375 0.5671875 0.5375
0 0.659375 0.5234375 0.5796875 0.5234375 0.5796875 0.5390625 0.659375 0.5390625
0 0.8765625 0.5203125000000001 0.68125 0.5203125 0.68125 0.5468750000000001 0.8765625 0.5468750000000002
0 0.2140625000000001 0.5671875 0.1281250000000001 0.5671875 0.1281250000000001 0.5859375 0.2140625000000001 0.5859375
0 0.26250000000000007 0.5734375 0.2296875000000001 0.5734375 0.2296875000000001 0.5890625 0.26250000000000007 0.5890625
0 0.4578125 0.5765625 0.28593750000000007 0.5765625 0.28593750000000007 0.5953125 0.4578125 0.5953125
0 0.53125 0.5734375 0.484375 0.5734375 0.484375 0.6015625 0.53125 0.6015625
0 0.6015625 0.5703125 0.5609375 0.5703125 0.5609375 0.5875 0.6015625 0.5875
0 0.73125 0.5718750000000001 0.634375 0.571875 0.634375 0.5890625 0.73125 0.5890625000000002
0 0.8515625 0.5703125000000002 0.753125 0.5703125000000002 0.753125 0.5984375000000002 0.8515625 0.5984375000000002
0 0.2375000000000001 0.6234375 0.1218750000000001 0.6234375 0.1218750000000001 0.653125 0.2375000000000001 0.653125
0 0.50625 0.621875 0.25468750000000007 0.621875 0.25468750000000007 0.6453125 0.50625 0.6453125
0 0.5859375 0.621875 0.540625 0.621875 0.540625 0.640625 0.5859375 0.640625
0 0.559375 0.6421875 0.553125 0.6421875 0.553125 0.646875 0.559375 0.646875
0 0.728125 0.6218750000000001 0.609375 0.621875 0.609375 0.6390625000000001 0.728125 0.6390625000000002
0 0.834375 0.6281250000000002 0.759375 0.6281250000000002 0.759375 0.6390625000000002 0.834375 0.6390625000000002
0 0.2578125000000001 0.671875 0.1281250000000001 0.671875 0.1281250000000001 0.690625 0.2578125000000001 0.690625
0 0.2765625000000001 0.6859375 0.2734375000000001 0.6859375 0.2734375000000001 0.6890625 0.2765625000000001 0.6890625