0 0.18125000000000005 0.259375 0.14375000000000004 0.259375 0.14375000000000004 0.2734375 0.18125000000000005 0.2734375
0 0.203125 0.259375 0.18906250000000005 0.259375 0.18906250000000005 0.271875 0.203125 0.271875
0 0.3 0.2609375 0.19375000000000003 0.2609375 0.19375000000000003 0.271875 0.3 0.271875
0 0.334375 0.25625 0.309375 0.25625 0.309375 0.271875 0.334375 0.271875
0 0.384375 0.26250000000000007 0.3453125 0.2625 0.3453125 0.275 0.384375 0.2750000000000001
0 0.50625 0.2593750000000001 0.390625 0.2593750000000001 0.390625 0.2828125000000001 0.50625 0.2828125000000001
0 0.5359375 0.2562500000000001 0.509375 0.2562500000000001 0.509375 0.2734375000000001 0.5359375 0.2734375000000001
0 0.578125 0.2609375000000001 0.54375 0.2609375000000001 0.54375 0.2718750000000001 0.578125 0.2718750000000001
0 0.64375 0.2593750000000001 0.584375 0.2593750000000001 0.584375 0.27031250000000007 0.64375 0.27031250000000007
0 0.65 0.2671875000000001 0.6453125 0.2671875000000001 0.6453125 0.2718750000000001 0.65 0.2718750000000001
0 0.75625 0.2562500000000001 0.6546875 0.2562500000000001 0.6546875 0.2718750000000001 0.75625 0.2718750000000001
0 0.803125 0.2609375000000001 0.7625 0.2609375000000001 0.7625 0.2843750000000001 0.803125 0.2843750000000001
0 0.290625 0.3140625 0.14687500000000003 0.3140625 0.14687500000000003 0.3296875 0.290625 0.3296875
0 0.3546875 0.3125 0.3 0.3125 0.3 0.3234375 0.3546875 0.3234375
0 0.496875 0.3109375000000001 0.3640625 0.3109375000000001 0.3640625 0.32500000000000007 0.496875 0.32500000000000007
0 0.575 0.3109375000000001 0.5015625 0.3109375000000001 0.5015625 0.3234375000000001 0.575 0.3234375000000001
0 0.615625 0.3156250000000001 0.5875 0.3156250000000001 0.5875 0.3218750000000001 0.615625 0.3218750000000001
0 0.6578125 0.3125000000000001 0.621875 0.3125000000000001 0.621875 0.3234375000000001 0.6578125 0.3234375000000001
0 0.8625 0.30937500000000007 0.6625 0.30937500000000007 0.6625 0.3234375000000001 0.8625 0.3234375000000001
0 0.17031250000000003 0.3578125 0.14531250000000004 0.3578125 0.14531250000000004 0.375 0.17031250000000003 0.375
0 0.22187500000000004 0.3609375 0.18281250000000004 0.3609375 0.18281250000000004 0.375 0.2218750000000001 0.375
0 0.31875000000000003 0.3625 0.23125 0.3625 0.23125000000000004 0.375 0.3187500000000001 0.375
0 0.4203125 0.3609375 0.328125 0.3609375 0.32812500000000006 0.37500000000000006 0.4203125 0.3750000000000001
0 0.56875 0.3609375000000001 0.428125 0.3609375000000001 0.428125 0.3750000000000001 0.56875 0.3750000000000001
0 0.578125 0.3734375000000001 0.5734375 0.3734375000000001 0.5734375 0.3781250000000001 0.578125 0.3781250000000001
0 0.621875 0.3656250000000001 0.578125 0.3656250000000001 0.578125 0.3750000000000001 0.621875 0.3750000000000001
0 0.675 0.3609375000000001 0.6234375 0.3609375000000001 0.6234375 0.3750000000000001 0.675 0.3750000000000001
0 0.759375 0.36406250000000007 0.68125 0.36406250000000007 0.68125 0.3734375000000001 0.759375 0.3734375000000001
0 0.7859375 0.3625000000000001 0.7640625 0.3625000000000001 0.7640625 0.3734375000000001 0.7859375 0.3734375000000001
0 0.8578125 0.3593750000000001 0.7890625 0.3593750000000001 0.7890625 0.3734375000000001 0.8578125 0.3734375000000001
0 0.896875 0.3578125000000001 0.8609375 0.3578125000000001 0.8609375 0.3703125000000001 0.896875 0.3703125000000001
0 0.9015625 0.3687500000000001 0.8984375 0.3687500000000001 0.8984375 0.3703125000000001 0.9015625 0.3703125000000001
0 0.17500000000000004 0.4078125 0.14062500000000006 0.4078125 0.14062500000000006 0.4234375 0.17500000000000004 0.4234375
0 0.3437500000000001 0.415625 0.18593750000000003 0.415625 0.18593750000000003 0.43125 0.3437500000000001 0.43125
0 0.4125 0.4140625 0.3531250000000001 0.4140625 0.3531250000000001 0.425 0.4125 0.425
0 0.465625 0.4140625 0.425 0.4140625 0.425 0.425 0.465625 0.425
0 0.5765625 0.415625 0.471875 0.415625 0.471875 0.43125 0.5765625 0.43125
0 0.64375 0.415625 0.584375 0.415625 0.584375 0.4375 0.64375 0.4375
0 0.653125 0.4234375 0.65 0.4234375 0.65 0.4265625 0.653125 0.4265625
0 0.759375 0.41093750000000007 0.659375 0.4109375 0.659375 0.4359375000000001 0.759375 0.4359375000000002
0 0.825 0.4156250000000002 0.7625 0.4156250000000002 0.7625 0.4234375000000002 0.825 0.4234375000000002
0 0.8921875 0.4125000000000002 0.83125 0.4125000000000002 0.83125 0.4265625000000002 0.8921875 0.4265625000000002
0 0.23437500000000008 0.4640625 0.15156250000000004 0.4640625 0.15156250000000004 0.4796875 0.23437500000000008 0.4796875
0 0.2750000000000001 0.45625 0.2406250000000001 0.45625 0.2406250000000001 0.4765625 0.2750000000000001 0.4765625
0 0.3671875000000001 0.4625 0.28593750000000007 0.4625 0.28593750000000007 0.4875 0.3671875000000001 0.4875
0 0.5 0.465625 0.3828125000000001 0.465625 0.3828125000000001 0.475 0.5 0.475
0 0.55625 0.45625 0.515625 0.45625 0.515625 0.4765625 0.55625 0.4765625
0 0.659375 0.4625 0.5671875 0.4625 0.5671875 0.475 0.659375 0.475
0 0.6859375 0.4625 0.6671875 0.4625 0.6671875 0.475 0.6859375 0.475
0 0.7046875 0.4609375 0.69375 0.4609375 0.69375 0.475 0.7046875 0.475
0 0.7234375 0.4671875 0.7046875 0.4671875 0.7046875 0.4734375 0.7234375 0.4734375
0 0.83125 0.4546875000000002 0.7328125 0.4546875000000002 0.7328125 0.4750000000000002 0.83125 0.4750000000000002
0 0.8875 0.46093750000000017 0.834375 0.46093750000000017 0.834375 0.4750000000000002 0.8875 0.4750000000000002
0 0.2140625000000001 0.5078125 0.15937500000000004 0.5078125 0.15937500000000004 0.528125 0.2140625000000001 0.528125
0 0.2500000000000001 0.5171875 0.2250000000000001 0.5171875 0.2250000000000001 0.525 0.2500000000000001 0.525
0 0.3218750000000001 0.5171875 0.2640625000000001 0.5171875 0.2640625000000001 0.5265625 0.3218750000000001 0.5265625
0 0.4390625 0.5109375 0.33281250000000007 0.5109375 0.33281250000000007 0.5265625 0.4390625 0.5265625
0 0.49375 0.5140625 0.4546875 0.5140625 0.4546875 0.528125 0.49375 0.528125
0 0.5703125 0.5125 0.5015625 0.5125 0.5015625 0.528125 0.5703125 0.528125
0 0.6125 0.509375 0.584375 0.509375 0.584375 0.528125 0.6125 0.528125
0 0.759375 0.5109375 0.6234375 0.5109375 0.6234375 0.5375000000000001 0.759375 0.5375000000000002
0 0.7984375 0.5093750000000001 0.7578125 0.5093750000000001 0.7578125 0.5281250000000002 0.7984375 0.5281250000000002
0 0.8453125 0.5125000000000002 0.809375 0.5125000000000002 0.809375 0.5265625000000002 0.8453125 0.5265625000000002
0 0.2828125000000001 0.5671875 0.14843750000000008 0.5671875 0.14843750000000008 0.5796875 0.2828125000000001 0.5796875
0 0.3656250000000001 0.565625 0.3000000000000001 0.565625 0.3000000000000001 0.578125 0.3656250000000001 0.578125
0 0.44375 0.5671875 0.3828125000000001 0.5671875 0.3828125000000001 0.578125 0.44375 0.578125
0 0.5484375 0.5671875 0.453125 0.5671875 0.453125 0.5796875 0.5484375 0.5796875
0 0.584375 0.5671875 0.56875 0.5671875 0.56875 0.5796875 0.584375 0.5796875
0 0.71875 0.5671875 0.59375 0.5671875 0.59375 0.5796875 0.71875 0.5796875
0 0.8359375 0.5640625000000001 0.73125 0.5640625000000001 0.73125 0.5906250000000002 0.8359375 0.5906250000000002
0 0.8328125 0.5765625000000002 0.83125 0.5765625000000002 0.83125 0.5781250000000002 0.8328125 0.5781250000000002