0 0.203125 0.2578125 0.16875000000000004 0.2578125 0.16875000000000004 0.28125 0.203125 0.28125
0 0.303125 0.2703125 0.2265625 0.2703125 0.2265625 0.290625 0.303125 0.290625
0 0.403125 0.26562500000000006 0.3390625 0.265625 0.3390625 0.28750000000000003 0.403125 0.2875000000000001
0 0.50625 0.26250000000000007 0.4296875 0.26250000000000007 0.4296875 0.2812500000000001 0.50625 0.2812500000000001
0 0.5703125 0.26250000000000007 0.5265625 0.26250000000000007 0.5265625 0.2796875000000001 0.5703125 0.2796875000000001
0 0.6328125 0.26250000000000007 0.59375 0.26250000000000007 0.59375 0.2796875000000001 0.6328125 0.2796875000000001
0 0.6734375 0.2718750000000001 0.6515625 0.2718750000000001 0.6515625 0.2796875000000001 0.6734375 0.2796875000000001
0 0.740625 0.27031250000000007 0.696875 0.27031250000000007 0.696875 0.27812500000000007 0.740625 0.27812500000000007
0 0.85 0.2609375000000001 0.7640625 0.2609375000000001 0.7640625 0.2796875000000001 0.85 0.2796875000000001
0 0.17812500000000003 0.321875 0.15937500000000004 0.321875 0.15937500000000004 0.3296875 0.17812500000000003 0.3296875
0 0.23125 0.3171875 0.19218750000000004 0.3171875 0.19218750000000004 0.33125 0.23125 0.33125
0 0.3828125 0.31562500000000004 0.2515625 0.315625 0.2515625 0.33125000000000004 0.3828125 0.3312500000000001
0 0.428125 0.3140625000000001 0.4015625 0.3140625000000001 0.4015625 0.3296875000000001 0.428125 0.3296875000000001
0 0.46875 0.3203125000000001 0.4453125 0.3203125000000001 0.4453125 0.3296875000000001 0.46875 0.3296875000000001
0 0.5734375 0.3140625000000001 0.49375 0.3140625000000001 0.49375 0.3312500000000001 0.5734375 0.3312500000000001
0 0.6953125 0.3156250000000001 0.596875 0.3156250000000001 0.596875 0.3312500000000001 0.6953125 0.3312500000000001
0 0.7609375 0.3218750000000001 0.7171875 0.3218750000000001 0.7171875 0.3312500000000001 0.7609375 0.3312500000000001
0 0.8140625 0.3156250000000001 0.7703125 0.3156250000000001 0.7703125 0.3312500000000001 0.8140625 0.3312500000000001
0 0.884375 0.3203125000000001 0.828125 0.3203125000000001 0.828125 0.3375000000000001 0.884375 0.3375000000000001
0 0.2734375000000001 0.365625 0.15937500000000004 0.365625 0.15937500000000004 0.390625 0.2734375000000001 0.390625
0 0.3109375000000001 0.371875 0.2843750000000001 0.371875 0.2843750000000001 0.3890625 0.3109375000000001 0.3890625
0 0.3781250000000001 0.36718750000000006 0.3125000000000001 0.3671875 0.3125000000000001 0.38593750000000004 0.3781250000000001 0.3859375000000001
0 0.409375 0.3750000000000001 0.39531250000000007 0.3750000000000001 0.39531250000000007 0.3812500000000001 0.409375 0.3812500000000001
0 0.44375 0.36406250000000007 0.4171875 0.36406250000000007 0.4171875 0.3812500000000001 0.44375 0.3812500000000001
0 0.4953125 0.3656250000000001 0.4546875 0.3656250000000001 0.4546875 0.3812500000000001 0.4953125 0.3812500000000001
0 0.55 0.3656250000000001 0.5125 0.3656250000000001 0.5125 0.3812500000000001 0.55 0.3812500000000001
0 0.5828125 0.3656250000000001 0.5578125 0.3656250000000001 0.5578125 0.3812500000000001 0.5828125 0.3812500000000001
0 0.6234375 0.36406250000000007 0.5921875 0.36406250000000007 0.5921875 0.37968750000000007 0.6234375 0.37968750000000007
0 0.6796875 0.37187500000000007 0.6296875 0.37187500000000007 0.6296875 0.3906250000000001 0.6796875 0.3906250000000001
0 0.7015625 0.3734375000000001 0.690625 0.3734375000000001 0.690625 0.37968750000000007 0.7015625 0.37968750000000007
0 0.771875 0.36406250000000007 0.703125 0.36406250000000007 0.703125 0.3921875000000001 0.771875 0.3921875000000001
0 0.8328125 0.3656250000000001 0.790625 0.3656250000000001 0.790625 0.3812500000000001 0.8328125 0.3812500000000001
0 0.2375000000000001 0.415625 0.15156250000000004 0.415625 0.15156250000000004 0.4328125 0.2375000000000001 0.4328125
0 0.3234375000000001 0.415625 0.2687500000000001 0.415625 0.2687500000000001 0.43125 0.3234375000000001 0.43125
0 0.475 0.41875 0.34843750000000007 0.41875 0.34843750000000007 0.4375 0.475 0.4375
0 0.5296875 0.41875 0.5015625 0.41875 0.5015625 0.434375 0.5296875 0.434375
0 0.6 0.41875 0.5453125 0.41875 0.5453125 0.434375 0.6 0.434375
0 0.73125 0.4171875000000001 0.6171875 0.4171875 0.6171875 0.4437500000000001 0.73125 0.4437500000000002
0 0.7390625 0.4312500000000002 0.734375 0.4312500000000002 0.734375 0.43281250000000016 0.7390625 0.43281250000000016
0 0.8453125 0.41718750000000016 0.74375 0.41718750000000016 0.74375 0.4359375000000002 0.8453125 0.4359375000000002
0 0.8859375 0.4187500000000002 0.859375 0.4187500000000002 0.859375 0.4359375000000002 0.8859375 0.4359375000000002
0 0.28593750000000007 0.46875 0.14687500000000003 0.46875 0.14687500000000003 0.4890625 0.28593750000000007 0.4890625
0 0.3515625000000001 0.4765625 0.3078125000000001 0.4765625 0.3078125000000001 0.4890625 0.3515625000000001 0.4890625
0 0.4171875 0.46875 0.3703125000000001 0.46875 0.3703125000000001 0.4859375 0.4171875 0.4859375
0 0.503125 0.4703125 0.4390625 0.4703125 0.4390625 0.4859375 0.503125 0.4859375
0 0.6171875 0.46875 0.5234375 0.46875 0.5234375 0.4921875 0.6171875 0.4921875
0 0.740625 0.4718750000000001 0.6390625 0.471875 0.6390625 0.4843750000000001 0.740625 0.48437500000000017
0 0.746875 0.4828125000000002 0.7421875 0.4828125000000002 0.7421875 0.4890625000000002 0.746875 0.4890625000000002
0 0.790625 0.46875000000000017 0.759375 0.46875000000000017 0.759375 0.4859375000000002 0.790625 0.4859375000000002
0 0.8921875 0.46875000000000017 0.8078125 0.46875000000000017 0.8078125 0.48437500000000017 0.8921875 0.48437500000000017
0 0.15781250000000005 0.5203125 0.14375000000000004 0.5203125 0.14375000000000004 0.5390625 0.15781250000000005 0.5390625
0 0.23593750000000008 0.521875 0.18750000000000006 0.521875 0.18750000000000006 0.5359375 0.23593750000000008 0.5359375
0 0.3062500000000001 0.528125 0.2531250000000001 0.528125 0.2531250000000001 0.5453125 0.3062500000000001 0.5453125
0 0.45 0.5203125 0.3312500000000001 0.5203125 0.3312500000000001 0.5359375 0.45 0.5359375
0 0.5828125 0.5203125 0.475 0.5203125 0.475 0.5421875 0.5828125 0.5421875
0 0.6109375 0.521875 0.6015625 0.521875 0.6015625 0.5359375 0.6109375 0.5359375
0 0.6296875 0.521875 0.6109375 0.521875 0.6109375 0.534375 0.6296875 0.534375
0 0.7375 0.5265625 0.64375 0.5265625 0.64375 0.5437500000000001 0.7375 0.5437500000000002
0 0.821875 0.5250000000000001 0.740625 0.5250000000000001 0.740625 0.5484375000000001 0.821875 0.5484375000000001
0 0.8734375 0.5203125000000002 0.83125 0.5203125000000002 0.83125 0.5359375000000002 0.8734375 0.5359375000000002
0 0.1703125000000001 0.571875 0.14062500000000008 0.571875 0.14062500000000008 0.5859375 0.1703125000000001 0.5859375
0 0.21250000000000008 0.5796875 0.1843750000000001 0.5796875 0.1843750000000001 0.5875 0.21250000000000008 0.5875
0 0.2687500000000001 0.578125 0.23437500000000008 0.578125 0.23437500000000008 0.59375 0.2687500000000001 0.59375
0 0.3593750000000001 0.5703125 0.30156250000000007 0.5703125 0.30156250000000007 0.5859375 0.3593750000000001 0.5859375
0 0.4296875 0.5796875 0.3890625000000001 0.5796875 0.3890625000000001 0.596875 0.4296875 0.596875
0 0.5296875 0.5734375 0.4796875 0.5734375 0.4796875 0.590625 0.5296875 0.590625
0 0.5546875 0.5828125 0.5390625 0.5828125 0.5390625 0.5890625 0.5546875 0.5890625
0 0.659375 0.5734375 0.5828125 0.5734375 0.5828125 0.590625 0.659375 0.590625
0 0.7171875 0.571875 0.6765625 0.571875 0.6765625 0.5890625 0.7171875 0.5890625
0 0.771875 0.5703125000000002 0.728125 0.5703125000000002 0.728125 0.5890625000000002 0.771875 0.5890625000000002
0 0.8109375 0.5796875000000001 0.7890625 0.5796875000000001 0.7890625 0.5875000000000001 0.8109375 0.5875000000000001
0 0.875 0.5781250000000002 0.825 0.5781250000000002 0.825 0.5875000000000001 0.875 0.5875000000000001
0 0.23437500000000008 0.625 0.14062500000000008 0.625 0.14062500000000008 0.640625 0.23437500000000008 0.640625
0 0.2875000000000001 0.625 0.2656250000000001 0.625 0.2656250000000001 0.6390625 0.2875000000000001 0.6390625
0 0.3515625000000001 0.628125 0.3218750000000001 0.628125 0.3218750000000001 0.6421875 0.3515625000000001 0.6421875
0 0.4046875 0.6328125 0.3765625000000001 0.6328125 0.3765625000000001 0.6390625 0.4046875 0.6390625
0 0.46875 0.6296875 0.434375 0.6296875 0.434375 0.6453125 0.46875 0.6453125
0 0.5453125 0.625 0.4859375 0.625 0.4859375 0.640625 0.5453125 0.640625
0 0.5890625 0.63125 0.5703125 0.63125 0.5703125 0.6375 0.5890625 0.6375
0 0.6890625 0.6296875 0.603125 0.6296875 0.603125 0.6515625 0.6890625 0.6515625
0 0.8171875 0.6250000000000001 0.715625 0.625 0.715625 0.6390625000000001 0.8171875 0.6390625000000002
0 0.2671875000000001 0.6734375 0.1453125000000001 0.6734375 0.1453125000000001 0.696875 0.2671875000000001 0.696875
0 0.3046875000000001 0.6828125 0.29375000000000007 0.6828125 0.29375000000000007 0.690625 0.3046875000000001 0.690625
0 0.37187500000000007 0.68125 0.3046875000000001 0.68125 0.3046875000000001 0.7 0.37187500000000007 0.7
0 0.5203125 0.6734375 0.3968750000000001 0.6734375 0.3968750000000001 0.6984375 0.5203125 0.6984375
0 0.584375 0.671875 0.5578125 0.671875 0.5578125 0.703125 0.584375 0.703125
0 0.659375 0.6734375 0.6015625 0.6734375 0.6015625 0.690625 0.659375 0.690625
0 0.7484375 0.675 0.675 0.675 0.675 0.6953125000000001 0.7484375 0.6953125000000002
0 0.8046875 0.6718750000000002 0.765625 0.6718750000000002 0.765625 0.6906250000000002 0.8046875 0.6906250000000002
0 0.88125 0.6734375000000001 0.821875 0.6734375000000001 0.821875 0.6890625000000001 0.88125 0.6890625000000001
0 0.2765625000000001 0.7234375 0.14218750000000008 0.7234375 0.14218750000000008 0.7484375 0.2765625000000001 0.7484375
0 0.4046875000000001 0.7234375 0.29375000000000007 0.7234375 0.29375000000000007 0.74375 0.4046875000000002 0.74375
0 0.4546875000000002 0.73125 0.4203125000000002 0.73125 0.4203125000000002 0.740625 0.4546875000000002 0.740625
0 0.5140625000000002 0.728125 0.4828125000000002 0.728125 0.4828125000000002 0.7421875 0.5140625000000002 0.7421875
0 0.5468750000000002 0.734375 0.5250000000000001 0.734375 0.5250000000000001 0.740625 0.5468750000000002 0.740625
0 0.6078125000000002 0.73125 0.5593750000000002 0.73125 0.5593750000000002 0.746875 0.6078125000000002 0.746875
0 0.675 0.7234375 0.621875 0.7234375 0.6218750000000001 0.7421875 0.6750000000000002 0.7421875
0 0.7328125000000002 0.7296875 0.6968750000000001 0.7296875 0.6968750000000001 0.7468750000000001 0.7328125000000002 0.7468750000000002
0 0.8171875 0.7234375000000002 0.759375 0.7234375000000002 0.7593750000000001 0.7406250000000002 0.8171875 0.7406250000000002
0 0.8265625 0.7375000000000002 0.821875 0.7375000000000002 0.821875 0.7390625000000002 0.8265625 0.7390625000000002