0 0.19843750000000004 0.2796875 0.14843750000000006 0.2796875 0.14843750000000006 0.303125 0.19843750000000004 0.303125
0 0.2828125 0.284375 0.240625 0.284375 0.240625 0.3046875 0.2828125 0.3046875
0 0.396875 0.27968750000000003 0.3265625 0.2796875 0.3265625 0.30312500000000003 0.396875 0.3031250000000001
0 0.5046875 0.29375000000000007 0.43125 0.29375000000000007 0.43125 0.3109375000000001 0.5046875 0.3109375000000001
0 0.6765625 0.28593750000000007 0.5609375 0.28593750000000007 0.5609375 0.3031250000000001 0.6765625 0.3031250000000001
0 0.7515625 0.2890625000000001 0.70625 0.2890625000000001 0.70625 0.3031250000000001 0.7515625 0.3031250000000001
0 0.85625 0.2875000000000001 0.7765625 0.2875000000000001 0.7765625 0.30156250000000007 0.85625 0.30156250000000007
0 0.24375 0.3390625 0.14531250000000004 0.3390625 0.14531250000000004 0.3609375 0.24375 0.3609375
0 0.2921875 0.3453125 0.2609375 0.3453125 0.2609375 0.3609375 0.2921875 0.3609375
0 0.3609375 0.3375 0.3140625 0.3375 0.3140625 0.3546875 0.3609375 0.3546875
0 0.421875 0.3375000000000001 0.3953125 0.3375000000000001 0.3953125 0.3531250000000001 0.421875 0.3531250000000001
0 0.50625 0.3375000000000001 0.4328125 0.3375000000000001 0.4328125 0.3531250000000001 0.50625 0.3531250000000001
0 0.6421875 0.3375000000000001 0.5359375 0.3375000000000001 0.5359375 0.3609375000000001 0.6421875 0.3609375000000001
0 0.7015625 0.3390625000000001 0.6625 0.3390625000000001 0.6625 0.3515625000000001 0.7015625 0.3515625000000001
0 0.7984375 0.3375000000000001 0.721875 0.3375000000000001 0.721875 0.3531250000000001 0.7984375 0.3531250000000001
0 0.8640625 0.3375000000000001 0.8234375 0.3375000000000001 0.8234375 0.3515625000000001 0.8640625 0.3515625000000001
0 0.2406250000000001 0.3859375 0.14843750000000006 0.3859375 0.14843750000000006 0.4046875 0.2406250000000001 0.4046875
0 0.3656250000000001 0.38750000000000007 0.2671875000000001 0.3875 0.2671875000000001 0.4046875 0.3656250000000001 0.4046875
0 0.4421875 0.38750000000000007 0.3937500000000001 0.38750000000000007 0.3937500000000001 0.4046875 0.4421875 0.4046875
0 0.49375 0.39531250000000007 0.4609375 0.39531250000000007 0.4609375 0.4171875 0.49375 0.4171875
0 0.56875 0.38750000000000007 0.5125 0.38750000000000007 0.5125 0.4046875 0.56875 0.4046875
0 0.640625 0.3937500000000001 0.5859375 0.3937500000000001 0.5859375 0.4140625 0.640625 0.4140625
0 0.6484375 0.4 0.64375 0.4 0.64375 0.4078125 0.6484375 0.4078125
0 0.7 0.38750000000000007 0.6578125 0.38750000000000007 0.6578125 0.4046875 0.7 0.4046875
0 0.7609375 0.3890625000000001 0.7109375 0.3890625000000001 0.7109375 0.4046875000000001 0.7609375 0.4046875000000002
0 0.8640625 0.38750000000000007 0.778125 0.38750000000000007 0.778125 0.4046875000000002 0.8640625 0.4046875000000002
0 0.2578125000000001 0.4375 0.15000000000000005 0.4375 0.15000000000000005 0.4625 0.2578125000000001 0.4625
0 0.3046875000000001 0.4390625 0.2812500000000001 0.4390625 0.2812500000000001 0.4546875 0.3046875000000001 0.4546875
0 0.403125 0.4390625 0.3234375000000001 0.4390625 0.3234375000000001 0.4546875 0.403125 0.4546875
0 0.46875 0.4390625 0.4265625 0.4390625 0.4265625 0.4546875 0.46875 0.4546875
0 0.5828125 0.4328125 0.496875 0.4328125 0.496875 0.45625 0.5828125 0.45625
0 0.665625 0.4359375 0.6109375 0.4359375 0.6109375 0.45625 0.665625 0.45625
0 0.73125 0.4375000000000001 0.6859375 0.4375 0.6859375 0.4546875000000001 0.73125 0.4546875000000002
0 0.821875 0.4437500000000002 0.734375 0.4437500000000002 0.734375 0.4671875000000002 0.821875 0.4671875000000002
0 0.2609375000000001 0.4828125 0.14687500000000003 0.4828125 0.14687500000000003 0.5078125 0.2609375000000001 0.5078125
0 0.3750000000000001 0.4890625 0.2828125000000001 0.4890625 0.2828125000000001 0.5125 0.3750000000000001 0.5125
0 0.3937500000000001 0.4953125 0.3906250000000001 0.4953125 0.3906250000000001 0.503125 0.3937500000000001 0.503125
0 0.4078125 0.496875 0.3968750000000001 0.496875 0.3968750000000001 0.5046875 0.4078125 0.5046875
0 0.5625 0.4859375 0.428125 0.4859375 0.428125 0.509375 0.5625 0.509375
0 0.7265625 0.48906250000000007 0.6078125 0.4890625 0.6078125 0.5203125000000001 0.7265625 0.5203125000000002
0 0.8390625 0.4859375000000002 0.7484375 0.4859375000000002 0.7484375 0.5062500000000002 0.8390625 0.5062500000000002
0 0.846875 0.5046875000000002 0.8421875 0.5046875000000002 0.8421875 0.5125000000000002 0.846875 0.5125000000000002
0 0.2812500000000001 0.5453125 0.1359375000000001 0.5453125 0.1359375000000001 0.56875 0.2812500000000001 0.56875
0 0.33281250000000007 0.54375 0.3062500000000001 0.54375 0.3062500000000001 0.559375 0.33281250000000007 0.559375
0 0.4265625 0.54375 0.3500000000000001 0.54375 0.3500000000000001 0.559375 0.4265625 0.559375
0 0.5046875 0.54375 0.4546875 0.54375 0.4546875 0.559375 0.5046875 0.559375
0 0.5625 0.540625 0.528125 0.540625 0.528125 0.5578125 0.5625 0.5578125
0 0.61875 0.540625 0.5765625 0.540625 0.5765625 0.5578125 0.61875 0.5578125
0 0.7109375 0.540625 0.6390625 0.540625 0.6390625 0.571875 0.7109375 0.571875
0 0.7671875 0.5421875 0.7234375 0.5421875 0.7234375 0.5578125 0.7671875 0.5578125000000002
0 0.2593750000000001 0.6 0.1375000000000001 0.6 0.1375000000000001 0.61875 0.2593750000000001 0.61875
0 0.3734375000000001 0.5875 0.29375000000000007 0.5875 0.29375000000000007 0.621875 0.3734375000000001 0.621875
0 0.4578125 0.59375 0.403125 0.59375 0.403125 0.6140625 0.4578125 0.6140625
0 0.490625 0.59375 0.475 0.59375 0.475 0.6078125 0.490625 0.6078125
0 0.5125 0.590625 0.4921875 0.590625 0.4921875 0.6109375 0.5125 0.6109375
0 0.59375 0.590625 0.534375 0.590625 0.534375 0.609375 0.59375 0.609375
0 0.6484375 0.6 0.6078125 0.6 0.6078125 0.6078125 0.6484375 0.6078125
0 0.6953125 0.5921875 0.6640625 0.5921875 0.6640625 0.609375 0.6953125 0.609375
0 0.78125 0.5921875000000001 0.7125 0.5921875 0.7125 0.6171875000000001 0.78125 0.6171875000000002
0 0.23593750000000008 0.640625 0.13281250000000008 0.640625 0.13281250000000008 0.665625 0.23593750000000008 0.665625
0 0.2718750000000001 0.65 0.25468750000000007 0.65 0.25468750000000007 0.6578125 0.2718750000000001 0.6578125
0 0.403125 0.64375 0.2968750000000001 0.64375 0.2968750000000001 0.665625 0.403125 0.665625
0 0.45625 0.640625 0.428125 0.640625 0.428125 0.6578125 0.45625 0.6578125
0 0.55625 0.6421875 0.475 0.6421875 0.475 0.6578125 0.55625 0.6578125
0 0.6921875 0.6421875 0.5765625 0.6421875 0.5765625 0.6671875 0.6921875 0.6671875
0 0.75625 0.64375 0.7171875 0.64375 0.7171875 0.659375 0.75625 0.6593750000000002
0 0.85625 0.6421875000000001 0.778125 0.6421875000000001 0.778125 0.6578125000000001 0.85625 0.6578125000000001
0 0.2296875000000001 0.6890625 0.1359375000000001 0.6890625 0.1359375000000001 0.709375 0.2296875000000001 0.709375
0 0.2375000000000001 0.70625 0.2312500000000001 0.70625 0.2312500000000001 0.7109375 0.2375000000000001 0.7109375
0 0.19843750000000004 0.2796875 0.14843750000000006 0.2796875 0.14843750000000006 0.303125 0.19843750000000004 0.303125
0 0.2828125 0.284375 0.240625 0.284375 0.240625 0.3046875 0.2828125 0.3046875
0 0.396875 0.27968750000000003 0.3265625 0.2796875 0.3265625 0.30312500000000003 0.396875 0.3031250000000001
0 0.5046875 0.29375000000000007 0.43125 0.29375000000000007 0.43125 0.3109375000000001 0.5046875 0.3109375000000001
0 0.6765625 0.28593750000000007 0.5609375 0.28593750000000007 0.5609375 0.3031250000000001 0.6765625 0.3031250000000001
0 0.7515625 0.2890625000000001 0.70625 0.2890625000000001 0.70625 0.3031250000000001 0.7515625 0.3031250000000001
0 0.85625 0.2875000000000001 0.7765625 0.2875000000000001 0.7765625 0.30156250000000007 0.85625 0.30156250000000007
0 0.24375 0.3390625 0.14531250000000004 0.3390625 0.14531250000000004 0.3609375 0.24375 0.3609375
0 0.2921875 0.3453125 0.2609375 0.3453125 0.2609375 0.3609375 0.2921875 0.3609375
0 0.3609375 0.3375 0.3140625 0.3375 0.3140625 0.3546875 0.3609375 0.3546875
0 0.421875 0.3375000000000001 0.3953125 0.3375000000000001 0.3953125 0.3531250000000001 0.421875 0.3531250000000001
0 0.50625 0.3375000000000001 0.4328125 0.3375000000000001 0.4328125 0.3531250000000001 0.50625 0.3531250000000001
0 0.6421875 0.3375000000000001 0.5359375 0.3375000000000001 0.5359375 0.3609375000000001 0.6421875 0.3609375000000001
0 0.7015625 0.3390625000000001 0.6625 0.3390625000000001 0.6625 0.3515625000000001 0.7015625 0.3515625000000001
0 0.7984375 0.3375000000000001 0.721875 0.3375000000000001 0.721875 0.3531250000000001 0.7984375 0.3531250000000001
0 0.8640625 0.3375000000000001 0.8234375 0.3375000000000001 0.8234375 0.3515625000000001 0.8640625 0.3515625000000001
0 0.2406250000000001 0.3859375 0.14843750000000006 0.3859375 0.14843750000000006 0.4046875 0.2406250000000001 0.4046875
0 0.3656250000000001 0.38750000000000007 0.2671875000000001 0.3875 0.2671875000000001 0.4046875 0.3656250000000001 0.4046875
0 0.4421875 0.38750000000000007 0.3937500000000001 0.38750000000000007 0.3937500000000001 0.4046875 0.4421875 0.4046875
0 0.49375 0.39531250000000007 0.4609375 0.39531250000000007 0.4609375 0.4171875 0.49375 0.4171875
0 0.56875 0.38750000000000007 0.5125 0.38750000000000007 0.5125 0.4046875 0.56875 0.4046875
0 0.640625 0.3937500000000001 0.5859375 0.3937500000000001 0.5859375 0.4140625 0.640625 0.4140625
0 0.6484375 0.4 0.64375 0.4 0.64375 0.4078125 0.6484375 0.4078125
0 0.7 0.38750000000000007 0.6578125 0.38750000000000007 0.6578125 0.4046875 0.7 0.4046875
0 0.7609375 0.3890625000000001 0.7109375 0.3890625000000001 0.7109375 0.4046875000000001 0.7609375 0.4046875000000002
0 0.8640625 0.38750000000000007 0.778125 0.38750000000000007 0.778125 0.4046875000000002 0.8640625 0.4046875000000002
0 0.2578125000000001 0.4375 0.15000000000000005 0.4375 0.15000000000000005 0.4625 0.2578125000000001 0.4625
0 0.3046875000000001 0.4390625 0.2812500000000001 0.4390625 0.2812500000000001 0.4546875 0.3046875000000001 0.4546875
0 0.403125 0.4390625 0.3234375000000001 0.4390625 0.3234375000000001 0.4546875 0.403125 0.4546875
0 0.46875 0.4390625 0.4265625 0.4390625 0.4265625 0.4546875 0.46875 0.4546875
0 0.5828125 0.4328125 0.496875 0.4328125 0.496875 0.45625 0.5828125 0.45625
0 0.665625 0.4359375 0.6109375 0.4359375 0.6109375 0.45625 0.665625 0.45625
0 0.73125 0.4375000000000001 0.6859375 0.4375 0.6859375 0.4546875000000001 0.73125 0.4546875000000002
0 0.821875 0.4437500000000002 0.734375 0.4437500000000002 0.734375 0.4671875000000002 0.821875 0.4671875000000002
0 0.2609375000000001 0.4828125 0.14687500000000003 0.4828125 0.14687500000000003 0.5078125 0.2609375000000001 0.5078125
0 0.3750000000000001 0.4890625 0.2828125000000001 0.4890625 0.2828125000000001 0.5125 0.3750000000000001 0.5125
0 0.3937500000000001 0.4953125 0.3906250000000001 0.4953125 0.3906250000000001 0.503125 0.3937500000000001 0.503125
0 0.4078125 0.496875 0.3968750000000001 0.496875 0.3968750000000001 0.5046875 0.4078125 0.5046875
0 0.5625 0.4859375 0.428125 0.4859375 0.428125 0.509375 0.5625 0.509375
0 0.7265625 0.48906250000000007 0.6078125 0.4890625 0.6078125 0.5203125000000001 0.7265625 0.5203125000000002
0 0.8390625 0.4859375000000002 0.7484375 0.4859375000000002 0.7484375 0.5062500000000002 0.8390625 0.5062500000000002
0 0.846875 0.5046875000000002 0.8421875 0.5046875000000002 0.8421875 0.5125000000000002 0.846875 0.5125000000000002
0 0.2812500000000001 0.5453125 0.1359375000000001 0.5453125 0.1359375000000001 0.56875 0.2812500000000001 0.56875
0 0.33281250000000007 0.54375 0.3062500000000001 0.54375 0.3062500000000001 0.559375 0.33281250000000007 0.559375
0 0.4265625 0.54375 0.3500000000000001 0.54375 0.3500000000000001 0.559375 0.4265625 0.559375
0 0.5046875 0.54375 0.4546875 0.54375 0.4546875 0.559375 0.5046875 0.559375
0 0.5625 0.540625 0.528125 0.540625 0.528125 0.5578125 0.5625 0.5578125
0 0.61875 0.540625 0.5765625 0.540625 0.5765625 0.5578125 0.61875 0.5578125
0 0.7109375 0.540625 0.6390625 0.540625 0.6390625 0.571875 0.7109375 0.571875
0 0.7671875 0.5421875 0.7234375 0.5421875 0.7234375 0.5578125 0.7671875 0.5578125000000002
0 0.2593750000000001 0.6 0.1375000000000001 0.6 0.1375000000000001 0.61875 0.2593750000000001 0.61875
0 0.3734375000000001 0.5875 0.29375000000000007 0.5875 0.29375000000000007 0.621875 0.3734375000000001 0.621875
0 0.4578125 0.59375 0.403125 0.59375 0.403125 0.6140625 0.4578125 0.6140625
0 0.490625 0.59375 0.475 0.59375 0.475 0.6078125 0.490625 0.6078125
0 0.5125 0.590625 0.4921875 0.590625 0.4921875 0.6109375 0.5125 0.6109375
0 0.59375 0.590625 0.534375 0.590625 0.534375 0.609375 0.59375 0.609375
0 0.6484375 0.6 0.6078125 0.6 0.6078125 0.6078125 0.6484375 0.6078125
0 0.6953125 0.5921875 0.6640625 0.5921875 0.6640625 0.609375 0.6953125 0.609375
0 0.78125 0.5921875000000001 0.7125 0.5921875 0.7125 0.6171875000000001 0.78125 0.6171875000000002
0 0.23593750000000008 0.640625 0.13281250000000008 0.640625 0.13281250000000008 0.665625 0.23593750000000008 0.665625
0 0.2718750000000001 0.65 0.25468750000000007 0.65 0.25468750000000007 0.6578125 0.2718750000000001 0.6578125
0 0.403125 0.64375 0.2968750000000001 0.64375 0.2968750000000001 0.665625 0.403125 0.665625
0 0.45625 0.640625 0.428125 0.640625 0.428125 0.6578125 0.45625 0.6578125
0 0.55625 0.6421875 0.475 0.6421875 0.475 0.6578125 0.55625 0.6578125
0 0.6921875 0.6421875 0.5765625 0.6421875 0.5765625 0.6671875 0.6921875 0.6671875
0 0.75625 0.64375 0.7171875 0.64375 0.7171875 0.659375 0.75625 0.6593750000000002
0 0.85625 0.6421875000000001 0.778125 0.6421875000000001 0.778125 0.6578125000000001 0.85625 0.6578125000000001
0 0.2296875000000001 0.6890625 0.1359375000000001 0.6890625 0.1359375000000001 0.709375 0.2296875000000001 0.709375
0 0.2375000000000001 0.70625 0.2312500000000001 0.70625 0.2312500000000001 0.7109375 0.2375000000000001 0.7109375