0 0.18437500000000004 0.23125 0.14218750000000005 0.23125 0.14218750000000005 0.2515625 0.18437500000000004 0.2515625
0 0.18437500000000004 0.25 0.18125000000000005 0.25 0.18125000000000005 0.253125 0.18437500000000004 0.253125
0 0.353125 0.23125 0.203125 0.23125 0.203125 0.2671875 0.353125 0.2671875
0 0.5078125 0.2328125000000001 0.3765625 0.2328125000000001 0.3765625 0.2531250000000001 0.5078125 0.2531250000000001
0 0.5546875 0.23437500000000008 0.5265625 0.23437500000000008 0.5265625 0.25468750000000007 0.5546875 0.25468750000000007
0 0.6140625 0.23437500000000008 0.5671875 0.23437500000000008 0.5671875 0.2515625000000001 0.6140625 0.2515625000000001
0 0.7921875 0.23437500000000008 0.634375 0.23437500000000008 0.634375 0.2578125000000001 0.7921875 0.2578125000000001
0 0.8421875 0.2406250000000001 0.8109375 0.2406250000000001 0.8109375 0.2515625000000001 0.8421875 0.2515625000000001
0 0.2484375 0.2859375 0.13125000000000003 0.2859375 0.13125000000000003 0.3078125 0.2484375 0.3078125
0 0.4484375 0.28593750000000007 0.26875 0.2859375 0.26875 0.30156250000000007 0.4484375 0.30156250000000007
0 0.6421875 0.28593750000000007 0.4703125 0.28593750000000007 0.4703125 0.3031250000000001 0.6421875 0.3031250000000001
0 0.6890625 0.28593750000000007 0.6671875 0.28593750000000007 0.6671875 0.3000000000000001 0.6890625 0.3000000000000001
0 0.74375 0.28593750000000007 0.703125 0.28593750000000007 0.703125 0.30156250000000007 0.74375 0.30156250000000007
0 0.8484375 0.28593750000000007 0.765625 0.28593750000000007 0.765625 0.3031250000000001 0.8484375 0.3031250000000001
0 0.209375 0.3359375 0.12812500000000004 0.3359375 0.12812500000000004 0.35625 0.209375 0.35625
0 0.2765625 0.3375 0.225 0.3375 0.225 0.353125 0.2765625 0.353125
0 0.3515625 0.3390625 0.29375 0.3390625 0.29375 0.353125 0.3515625 0.353125
0 0.5171875 0.3359375000000001 0.3703125 0.3359375000000001 0.3703125 0.3531250000000001 0.5171875 0.3531250000000001
0 0.6125 0.3359375000000001 0.5421875 0.3359375000000001 0.5421875 0.3515625000000001 0.6125 0.3515625000000001
0 0.6578125 0.3359375000000001 0.6296875 0.3359375000000001 0.6296875 0.3531250000000001 0.6578125 0.3531250000000001
0 0.690625 0.3421875000000001 0.6734375 0.3421875000000001 0.6734375 0.3515625000000001 0.690625 0.3515625000000001
0 0.821875 0.3359375000000001 0.7109375 0.3359375000000001 0.7109375 0.3531250000000001 0.821875 0.3531250000000001
0 0.19375000000000003 0.3921875 0.12031250000000004 0.3921875 0.12031250000000004 0.415625 0.19375000000000003 0.415625
0 0.24375000000000008 0.3890625 0.2156250000000001 0.3890625 0.2156250000000001 0.4078125 0.24375000000000008 0.4078125
0 0.4140625 0.384375 0.2593750000000001 0.384375 0.2593750000000001 0.4046875 0.4140625 0.4046875
0 0.575 0.38750000000000007 0.4375 0.38750000000000007 0.4375 0.415625 0.575 0.415625
0 0.6234375 0.3890625000000001 0.5921875 0.3890625000000001 0.5921875 0.409375 0.6234375 0.409375
0 0.7609375 0.38750000000000007 0.6375 0.38750000000000007 0.6375 0.4046875000000001 0.7609375 0.4046875000000002
0 0.86875 0.3859375000000001 0.778125 0.3859375000000001 0.778125 0.40937500000000016 0.86875 0.40937500000000016
0 0.13125000000000003 0.4359375 0.11875000000000005 0.4359375 0.11875000000000005 0.4515625 0.13125000000000003 0.4515625
0 0.18906250000000005 0.4359375 0.12812500000000004 0.4359375 0.12812500000000004 0.453125 0.18906250000000005 0.453125
0 0.2906250000000001 0.4375 0.21250000000000008 0.4375 0.21250000000000008 0.4546875 0.2906250000000001 0.4546875
0 0.3421875000000001 0.4375 0.3109375000000001 0.4375 0.3109375000000001 0.4515625 0.3421875000000001 0.4515625
0 0.35625000000000007 0.4359375 0.3390625000000001 0.4359375 0.3390625000000001 0.4578125 0.35625000000000007 0.4578125
0 0.4171875 0.4375 0.3625000000000001 0.4375 0.3625000000000001 0.453125 0.4171875 0.453125
0 0.53125 0.4359375 0.44375 0.4359375 0.44375 0.459375 0.53125 0.459375
0 0.61875 0.4390625 0.553125 0.4390625 0.553125 0.4546875 0.61875 0.4546875
0 0.7546875 0.4375000000000001 0.63125 0.4375 0.63125 0.4609375000000001 0.7546875 0.46093750000000017
0 0.8828125 0.44062500000000016 0.7703125 0.44062500000000016 0.7703125 0.4546875000000002 0.8828125 0.4546875000000002
0 0.14843750000000006 0.4859375 0.11875000000000005 0.4859375 0.11875000000000005 0.50625 0.14843750000000006 0.50625
0 0.2828125000000001 0.4875 0.16406250000000006 0.4875 0.16406250000000006 0.503125 0.2828125000000001 0.503125
0 0.3593750000000001 0.49375 0.3000000000000001 0.49375 0.3000000000000001 0.5046875 0.3593750000000001 0.5046875
0 0.4640625 0.4875 0.3781250000000001 0.4875 0.3781250000000001 0.515625 0.4640625 0.515625
0 0.51875 0.4890625 0.4734375 0.4890625 0.4734375 0.509375 0.51875 0.509375
0 0.6453125 0.4890625 0.5390625 0.4890625 0.5390625 0.50625 0.6453125 0.50625
0 0.69375 0.4890625 0.6625 0.4890625 0.6625 0.5046875 0.69375 0.5046875
0 0.78125 0.4875000000000001 0.7140625 0.4875 0.7140625 0.5046875000000001 0.78125 0.5046875000000002
0 0.83125 0.4906250000000002 0.7984375 0.4906250000000002 0.7984375 0.5078125000000002 0.83125 0.5078125000000002
0 0.8734375 0.4906250000000002 0.84375 0.4906250000000002 0.84375 0.5109375000000002 0.8734375 0.5109375000000002
0 0.15312500000000007 0.5359375 0.11718750000000004 0.5359375 0.11718750000000007 0.553125 0.1531250000000001 0.553125
0 0.2765625000000001 0.5359375 0.17187500000000006 0.5359375 0.17187500000000006 0.5546875 0.2765625000000001 0.5546875
0 0.37968750000000007 0.5375 0.2953125000000001 0.5375 0.2953125000000001 0.5609375 0.37968750000000007 0.5609375
0 0.434375 0.540625 0.3890625000000001 0.540625 0.3890625000000001 0.5609375 0.434375 0.5609375
0 0.5125 0.5390625 0.4546875 0.5390625 0.4546875 0.5546875 0.5125 0.5546875
0 0.5140625 0.553125 0.5125 0.553125 0.5125 0.5546875 0.5140625 0.5546875
0 0.56875 0.5390625 0.5296875 0.5390625 0.5296875 0.5546875 0.56875 0.5546875
0 0.703125 0.54375 0.5921875 0.54375 0.5921875 0.56875 0.703125 0.56875
0 0.8234375 0.5375000000000001 0.7140625 0.5375 0.7140625 0.5546875000000001 0.8234375 0.5546875000000002
0 0.2015625000000001 0.5875 0.10937500000000008 0.5875 0.10937500000000008 0.609375 0.2015625000000001 0.609375
0 0.2593750000000001 0.5953125 0.21875000000000008 0.5953125 0.21875000000000008 0.60625 0.2593750000000001 0.60625
0 0.3906250000000001 0.5890625 0.2828125000000001 0.5890625 0.2828125000000001 0.6140625 0.3906250000000001 0.6140625
0 0.578125 0.590625 0.415625 0.590625 0.415625 0.6140625 0.578125 0.6140625
0 0.625 0.590625 0.596875 0.590625 0.596875 0.60625 0.625 0.60625
0 0.690625 0.5953125 0.6421875 0.5953125 0.6421875 0.621875 0.690625 0.621875
0 0.7578125 0.5906250000000001 0.7046875 0.590625 0.7046875 0.6062500000000001 0.7578125 0.6062500000000002
0 0.859375 0.5906250000000002 0.7671875 0.5906250000000002 0.7671875 0.6171875000000002 0.859375 0.6171875000000002
0 0.20312500000000008 0.64375 0.10937500000000008 0.64375 0.10937500000000008 0.6546875 0.20312500000000008 0.6546875
0 0.2828125000000001 0.6390625 0.21875000000000008 0.6390625 0.21875000000000008 0.6546875 0.2828125000000001 0.6546875
0 0.3453125000000001 0.6390625 0.3078125000000001 0.6390625 0.3078125000000001 0.6546875 0.3453125000000001 0.6546875
0 0.4578125 0.6390625 0.3593750000000001 0.6390625 0.3593750000000001 0.6640625 0.4578125 0.6640625
0 0.6203125 0.6390625 0.4765625 0.6390625 0.4765625 0.659375 0.6203125 0.659375
0 0.634375 0.6546875 0.6296875 0.6546875 0.6296875 0.6609375 0.634375 0.6609375
0 0.671875 0.6453125 0.640625 0.6453125 0.640625 0.6546875 0.671875 0.6546875
0 0.74375 0.6406250000000001 0.6859375 0.640625 0.6859375 0.6562500000000001 0.74375 0.6562500000000002
0 0.9 0.6390625000000002 0.7625 0.6390625000000002 0.7625 0.6625000000000002 0.9 0.6625000000000002
0 0.1375000000000001 0.6890625 0.11250000000000009 0.6890625 0.11250000000000009 0.7046875 0.1375000000000001 0.7046875
0 0.2250000000000001 0.690625 0.15781250000000008 0.690625 0.15781250000000008 0.7140625 0.2250000000000001 0.7140625
0 0.4109375 0.690625 0.2468750000000001 0.690625 0.2468750000000001 0.7140625 0.4109375 0.7140625
0 0.50625 0.696875 0.4296875 0.696875 0.4296875 0.715625 0.50625 0.715625
0 0.5515625 0.690625 0.521875 0.690625 0.521875 0.7046875 0.5515625 0.7046875
0 0.725 0.6921875 0.5703125 0.6921875 0.5703125 0.709375 0.725 0.709375
0 0.8125 0.6921875000000002 0.7421875 0.6921875000000002 0.7421875 0.7062500000000002 0.8125 0.7062500000000002
0 0.8765625 0.6921875000000002 0.8296875 0.6921875000000002 0.8296875 0.7078125000000002 0.8765625 0.7078125000000002
0 0.2312500000000001 0.746875 0.10468750000000009 0.746875 0.10468750000000009 0.7640625 0.2312500000000001 0.7640625
0 0.2875000000000001 0.740625 0.2562500000000001 0.740625 0.2562500000000001 0.7609375 0.2875000000000001 0.7609375
0 0.4343750000000002 0.740625 0.3062500000000001 0.740625 0.3062500000000001 0.7578125 0.4343750000000002 0.7578125
0 0.44531250000000017 0.7546875 0.4421875000000002 0.7546875 0.4421875000000002 0.7578125 0.44531250000000017 0.7578125