0 0.17343750000000005 0.25625 0.14218750000000005 0.25625 0.14218750000000005 0.2703125 0.17343750000000005 0.2703125
0 0.18125000000000005 0.265625 0.17812500000000003 0.265625 0.17812500000000003 0.2671875 0.18125000000000005 0.2671875
0 0.2375 0.25625 0.19062500000000004 0.25625 0.19062500000000004 0.2734375 0.2375 0.2734375
0 0.3546875 0.259375 0.2671875 0.259375 0.2671875 0.2734375 0.3546875 0.2734375
0 0.4640625 0.2562500000000001 0.3765625 0.2562500000000001 0.3765625 0.2734375000000001 0.4640625 0.2734375000000001
0 0.5390625 0.2578125000000001 0.5015625 0.2578125000000001 0.5015625 0.2734375000000001 0.5390625 0.2734375000000001
0 0.59375 0.2578125000000001 0.5609375 0.2578125000000001 0.5609375 0.2718750000000001 0.59375 0.2718750000000001
0 0.715625 0.2593750000000001 0.6171875 0.2593750000000001 0.6171875 0.2750000000000001 0.715625 0.2750000000000001
0 0.81875 0.26250000000000007 0.746875 0.26250000000000007 0.746875 0.2796875000000001 0.81875 0.2796875000000001
0 0.8703125 0.2578125000000001 0.8421875 0.2578125000000001 0.8421875 0.2750000000000001 0.8703125 0.2750000000000001
0 0.265625 0.3078125 0.13906250000000003 0.3078125 0.13906250000000003 0.3265625 0.265625 0.3265625
0 0.403125 0.30781250000000004 0.296875 0.3078125 0.296875 0.33125000000000004 0.403125 0.3312500000000001
0 0.521875 0.3078125000000001 0.4265625 0.3078125000000001 0.4265625 0.3265625000000001 0.521875 0.3265625000000001
0 0.64375 0.3078125000000001 0.5546875 0.3078125000000001 0.5546875 0.32500000000000007 0.64375 0.32500000000000007
0 0.728125 0.30937500000000007 0.66875 0.30937500000000007 0.66875 0.32500000000000007 0.728125 0.32500000000000007
0 0.884375 0.3109375000000001 0.7421875 0.3109375000000001 0.7421875 0.3296875000000001 0.884375 0.3296875000000001
0 0.15625000000000006 0.3578125 0.13593750000000004 0.3578125 0.13593750000000004 0.3734375 0.15625000000000006 0.3734375
0 0.2406250000000001 0.3640625 0.17656250000000004 0.3640625 0.17656250000000004 0.3828125 0.2406250000000001 0.3828125
0 0.32031250000000006 0.3609375 0.28125 0.3609375 0.28125000000000006 0.375 0.3203125000000001 0.375
0 0.36718750000000006 0.3609375 0.34375 0.3609375 0.34375000000000006 0.37500000000000006 0.3671875000000001 0.3750000000000001
0 0.5046875 0.3656250000000001 0.403125 0.3656250000000001 0.403125 0.3843750000000001 0.5046875 0.3843750000000001
0 0.5203125 0.3750000000000001 0.5171875 0.3750000000000001 0.5171875 0.37968750000000007 0.5203125 0.37968750000000007
0 0.5671875 0.3593750000000001 0.53125 0.3593750000000001 0.53125 0.3765625000000001 0.5671875 0.3765625000000001
0 0.615625 0.3656250000000001 0.6015625 0.3656250000000001 0.6015625 0.3750000000000001 0.615625 0.3750000000000001
0 0.6609375 0.36406250000000007 0.63125 0.36406250000000007 0.63125 0.3750000000000001 0.6609375 0.3750000000000001
0 0.740625 0.3609375000000001 0.684375 0.3609375000000001 0.684375 0.3750000000000001 0.740625 0.3750000000000001
0 0.8375 0.3609375000000001 0.778125 0.3609375000000001 0.778125 0.3859375000000001 0.8375 0.3859375000000001
0 0.8921875 0.3625000000000001 0.86875 0.3625000000000001 0.86875 0.3781250000000001 0.8921875 0.3781250000000001
0 0.2500000000000001 0.4078125 0.14375000000000004 0.4078125 0.14375000000000004 0.428125 0.2500000000000001 0.428125
0 0.3000000000000001 0.4171875 0.2843750000000001 0.4171875 0.2843750000000001 0.425 0.3000000000000001 0.425
0 0.4015625 0.409375 0.3203125000000001 0.409375 0.3203125000000001 0.4265625 0.4015625 0.4265625
0 0.45625 0.41875 0.440625 0.41875 0.440625 0.428125 0.45625 0.428125
0 0.5921875 0.4125 0.478125 0.4125 0.478125 0.43125 0.5921875 0.43125
0 0.6453125 0.409375 0.628125 0.409375 0.628125 0.425 0.6453125 0.425
0 0.6921875 0.409375 0.659375 0.409375 0.659375 0.425 0.6921875 0.425
0 0.7453125 0.4171875000000001 0.7109375 0.4171875 0.7109375 0.4250000000000001 0.7453125 0.42500000000000016
0 0.8125 0.41718750000000016 0.7703125 0.41718750000000016 0.7703125 0.42500000000000016 0.8125 0.42500000000000016
0 0.29375000000000007 0.4609375 0.14375000000000004 0.4609375 0.14375000000000004 0.48125 0.29375000000000007 0.48125
0 0.3531250000000001 0.4609375 0.3312500000000001 0.4609375 0.3312500000000001 0.484375 0.3531250000000001 0.484375
0 0.3984375000000001 0.4671875 0.3750000000000001 0.4671875 0.3750000000000001 0.478125 0.3984375000000001 0.478125
0 0.5140625 0.465625 0.4171875 0.465625 0.4171875 0.478125 0.5140625 0.478125
0 0.559375 0.46875 0.5421875 0.46875 0.5421875 0.4765625 0.559375 0.4765625
0 0.7203125 0.4640625 0.584375 0.4640625 0.584375 0.484375 0.7203125 0.484375
0 0.775 0.4593750000000002 0.75 0.4593750000000002 0.75 0.4750000000000002 0.775 0.4750000000000002
0 0.81875 0.46093750000000017 0.7859375 0.46093750000000017 0.7859375 0.47656250000000017 0.81875 0.47656250000000017
0 0.8984375 0.46093750000000017 0.8421875 0.46093750000000017 0.8421875 0.4750000000000002 0.8984375 0.4750000000000002
0 0.903125 0.4750000000000002 0.9015625 0.4750000000000002 0.9015625 0.47656250000000017 0.903125 0.47656250000000017
0 0.17187500000000006 0.5109375 0.14218750000000005 0.5109375 0.14218750000000005 0.525 0.17187500000000006 0.525
0 0.18125000000000005 0.521875 0.17812500000000003 0.521875 0.17812500000000003 0.5234375 0.18125000000000005 0.5234375
0 0.2375000000000001 0.5109375 0.18906250000000005 0.5109375 0.18906250000000005 0.5265625 0.2375000000000001 0.5265625
0 0.3312500000000001 0.5171875 0.2656250000000001 0.5171875 0.2656250000000001 0.534375 0.3312500000000001 0.534375
0 0.421875 0.5109375 0.3656250000000001 0.5109375 0.3656250000000001 0.5328125 0.421875 0.5328125
0 0.5375 0.5078125 0.4390625 0.5078125 0.4390625 0.5375 0.5375 0.5375
0 0.6140625 0.5125 0.5765625 0.5125 0.5765625 0.5296875 0.6140625 0.5296875
0 0.66875 0.5203125 0.6453125 0.5203125 0.6453125 0.5296875 0.66875 0.5296875
0 0.784375 0.5109375 0.6953125 0.5109375 0.6953125 0.5328125000000001 0.784375 0.5328125000000001
0 0.86875 0.5125000000000002 0.8171875 0.5125000000000002 0.8171875 0.5281250000000002 0.86875 0.5281250000000002
0 0.9 0.5218750000000002 0.884375 0.5218750000000002 0.884375 0.5312500000000002 0.9 0.5312500000000002
0 0.18125000000000008 0.5609375 0.1468750000000001 0.5609375 0.1468750000000001 0.578125 0.18125000000000008 0.578125
0 0.30156250000000007 0.56875 0.21093750000000008 0.56875 0.21093750000000008 0.5875 0.30156250000000007 0.5875
0 0.3859375000000001 0.56875 0.3375000000000001 0.56875 0.3375000000000001 0.5859375 0.3859375000000001 0.5859375
0 0.4015625 0.5734375 0.3984375000000001 0.5734375 0.3984375000000001 0.58125 0.4015625 0.58125
0 0.4484375 0.5609375 0.4140625 0.5609375 0.4140625 0.5765625 0.4484375 0.5765625
0 0.621875 0.5625 0.484375 0.5625 0.484375 0.5828125 0.621875 0.5828125
0 0.6984375 0.5671875 0.6546875 0.5671875 0.6546875 0.5765625 0.6984375 0.5765625
0 0.8546875 0.5609375000000001 0.721875 0.5609375 0.721875 0.5765625000000001 0.8546875 0.5765625000000002
0 0.22031250000000008 0.6140625 0.1468750000000001 0.6140625 0.1468750000000001 0.6375 0.22031250000000008 0.6375
0 0.2718750000000001 0.6203125 0.2562500000000001 0.6203125 0.2562500000000001 0.63125 0.2718750000000001 0.63125
0 0.3906250000000001 0.6109375 0.2953125000000001 0.6109375 0.2953125000000001 0.63125 0.3906250000000001 0.63125
0 0.48125 0.6125 0.434375 0.6125 0.434375 0.6265625 0.48125 0.6265625
0 0.5609375 0.6203125 0.5078125 0.6203125 0.5078125 0.628125 0.5609375 0.628125
0 0.6359375 0.6140625 0.5875 0.6140625 0.5875 0.6328125 0.6359375 0.6328125
0 0.7015625 0.61875 0.66875 0.61875 0.66875 0.6265625 0.7015625 0.6265625
0 0.7859375 0.6109375000000001 0.725 0.6109375 0.725 0.6265625000000001 0.7859375 0.6265625000000001
0 0.8546875 0.6125000000000002 0.8125 0.6125000000000002 0.8125 0.6265625000000001 0.8546875 0.6265625000000001
0 0.8890625 0.6187500000000001 0.8765625 0.6187500000000001 0.8765625 0.6281250000000002 0.8890625 0.6281250000000002
0 0.1781250000000001 0.6625 0.1453125000000001 0.6625 0.1453125000000001 0.678125 0.1781250000000001 0.678125
0 0.35625000000000007 0.6640625 0.21250000000000008 0.6640625 0.21250000000000008 0.6796875 0.35625000000000007 0.6796875
0 0.5265625 0.6640625 0.3984375000000001 0.6640625 0.3984375000000001 0.6828125 0.5265625 0.6828125
0 0.625 0.6640625 0.5703125 0.6640625 0.5703125 0.6828125 0.625 0.6828125
0 0.7671875 0.6625000000000001 0.66875 0.6625 0.66875 0.6859375000000001 0.7671875 0.6859375000000002
0 0.8296875 0.6703125000000002 0.8046875 0.6703125000000002 0.8046875 0.6781250000000002 0.8296875 0.6781250000000002
0 0.2953125000000001 0.709375 0.1593750000000001 0.709375 0.1593750000000001 0.7296875 0.2953125000000001 0.7296875
0 0.3062500000000001 0.728125 0.3046875000000001 0.728125 0.3046875000000001 0.7296875 0.3062500000000001 0.7296875