0 0.16093750000000004 0.209375 0.14218750000000005 0.209375 0.14218750000000005 0.2234375 0.16093750000000004 0.2234375
0 0.16093750000000004 0.2203125 0.15937500000000004 0.2203125 0.15937500000000004 0.221875 0.16093750000000004 0.221875
0 0.228125 0.209375 0.18281250000000004 0.209375 0.18281250000000004 0.2234375 0.228125 0.2234375
0 0.2953125 0.209375 0.24375 0.209375 0.24375 0.228125 0.2953125 0.228125
0 0.33125 0.209375 0.30625 0.209375 0.30625 0.23125 0.33125 0.23125
0 0.375 0.21562500000000004 0.3421875 0.215625 0.3421875 0.22343750000000004 0.375 0.2234375000000001
0 0.45 0.2093750000000001 0.3859375 0.2093750000000001 0.3859375 0.23437500000000008 0.45 0.23437500000000008
0 0.559375 0.21093750000000008 0.46875 0.21093750000000008 0.46875 0.2328125000000001 0.559375 0.2328125000000001
0 0.621875 0.2093750000000001 0.575 0.2093750000000001 0.575 0.2234375000000001 0.621875 0.2234375000000001
0 0.6625 0.21093750000000008 0.6453125 0.21093750000000008 0.6453125 0.2328125000000001 0.6625 0.2328125000000001
0 0.6984375 0.21093750000000008 0.6765625 0.21093750000000008 0.6765625 0.2234375000000001 0.6984375 0.2234375000000001
0 0.8234375 0.2093750000000001 0.721875 0.2093750000000001 0.721875 0.2250000000000001 0.8234375 0.2250000000000001
0 0.16406250000000006 0.265625 0.13750000000000004 0.265625 0.13750000000000004 0.271875 0.16406250000000006 0.271875
0 0.2625 0.259375 0.19375000000000003 0.259375 0.19375000000000003 0.284375 0.2625 0.284375
0 0.3671875 0.26250000000000007 0.28125 0.2625 0.28125 0.28125000000000006 0.3671875 0.2812500000000001
0 0.3796875 0.2718750000000001 0.375 0.2718750000000001 0.375 0.2765625000000001 0.3796875 0.2765625000000001
0 0.478125 0.2609375000000001 0.3984375 0.2609375000000001 0.3984375 0.2750000000000001 0.478125 0.2750000000000001
0 0.5765625 0.2609375000000001 0.490625 0.2609375000000001 0.490625 0.2828125000000001 0.5765625 0.2828125000000001
0 0.615625 0.2593750000000001 0.603125 0.2593750000000001 0.603125 0.2750000000000001 0.615625 0.2750000000000001
0 0.646875 0.2609375000000001 0.6171875 0.2609375000000001 0.6171875 0.27812500000000007 0.646875 0.27812500000000007
0 0.7203125 0.2609375000000001 0.65625 0.2609375000000001 0.65625 0.2875000000000001 0.7203125 0.2875000000000001
0 0.8046875 0.26250000000000007 0.740625 0.26250000000000007 0.740625 0.2750000000000001 0.8046875 0.2750000000000001
0 0.8484375 0.2609375000000001 0.821875 0.2609375000000001 0.821875 0.2843750000000001 0.8484375 0.2843750000000001
0 0.21875 0.3078125 0.13750000000000004 0.3078125 0.13750000000000004 0.321875 0.21875 0.321875
0 0.2796875 0.3078125 0.2375 0.3078125 0.2375 0.3296875 0.2796875 0.3296875
0 0.3078125 0.3078125 0.3 0.3078125 0.3 0.3109375 0.3078125 0.3109375
0 0.3609375 0.309375 0.3140625 0.309375 0.3140625 0.321875 0.3609375 0.321875
0 0.4046875 0.3078125000000001 0.3765625 0.3078125000000001 0.3765625 0.3218750000000001 0.4046875 0.3218750000000001
0 0.4203125 0.3078125000000001 0.4125 0.3078125000000001 0.4125 0.3109375000000001 0.4203125 0.3109375000000001
0 0.475 0.3109375000000001 0.4375 0.3109375000000001 0.4375 0.3234375000000001 0.475 0.3234375000000001
0 0.496875 0.3078125000000001 0.4796875 0.3078125000000001 0.4796875 0.3281250000000001 0.496875 0.3281250000000001
0 0.5546875 0.3125000000000001 0.515625 0.3125000000000001 0.515625 0.3234375000000001 0.5546875 0.3234375000000001
0 0.61875 0.3109375000000001 0.5671875 0.3109375000000001 0.5671875 0.3234375000000001 0.61875 0.3234375000000001
0 0.7140625 0.3109375000000001 0.6328125 0.3109375000000001 0.6328125 0.33281250000000007 0.7140625 0.33281250000000007
0 0.7265625 0.3218750000000001 0.7234375 0.3218750000000001 0.7234375 0.3234375000000001 0.7265625 0.3234375000000001
0 0.8265625 0.3109375000000001 0.746875 0.3109375000000001 0.746875 0.3359375000000001 0.8265625 0.3359375000000001
0 0.20937500000000003 0.3578125 0.13593750000000004 0.3578125 0.13593750000000004 0.384375 0.2093750000000001 0.384375
0 0.25781250000000006 0.3625 0.240625 0.3625 0.24062500000000003 0.3734375 0.2578125000000001 0.3734375
0 0.34062500000000007 0.359375 0.2796875 0.359375 0.27968750000000003 0.3734375 0.34062500000000007 0.3734375
0 0.459375 0.35937500000000006 0.3609375 0.359375 0.3609375 0.38125000000000003 0.459375 0.3812500000000001
0 0.521875 0.3671875000000001 0.4765625 0.3671875000000001 0.4765625 0.3859375000000001 0.521875 0.3859375000000001
0 0.5859375 0.3609375000000001 0.540625 0.3609375000000001 0.540625 0.3812500000000001 0.5859375 0.3812500000000001
0 0.6265625 0.3625000000000001 0.6015625 0.3625000000000001 0.6015625 0.3750000000000001 0.6265625 0.3750000000000001
0 0.7234375 0.3609375000000001 0.64375 0.3609375000000001 0.64375 0.3859375000000001 0.7234375 0.3859375000000001
0 0.784375 0.36406250000000007 0.7484375 0.36406250000000007 0.7484375 0.3765625000000001 0.784375 0.3765625000000001
0 0.8171875 0.3625000000000001 0.790625 0.3625000000000001 0.790625 0.3843750000000001 0.8171875 0.3843750000000001
0 0.19218750000000004 0.40625 0.13750000000000004 0.40625 0.13750000000000004 0.4234375 0.19218750000000004 0.4234375
0 0.3062500000000001 0.4109375 0.21093750000000008 0.4109375 0.21093750000000008 0.4328125 0.3062500000000001 0.4328125
0 0.3234375000000001 0.41875 0.3156250000000001 0.41875 0.3156250000000001 0.4265625 0.3234375000000001 0.4265625
0 0.3703125000000001 0.4109375 0.3468750000000001 0.4109375 0.3468750000000001 0.4234375 0.3703125000000001 0.4234375
0 0.4375 0.4171875 0.3906250000000001 0.4171875 0.3906250000000001 0.4265625 0.4375 0.4265625
0 0.5015625 0.4125 0.4484375 0.4125 0.4484375 0.4328125 0.5015625 0.4328125
0 0.56875 0.4125 0.5203125 0.4125 0.5203125 0.4265625 0.56875 0.4265625
0 0.634375 0.4109375 0.5921875 0.4109375 0.5921875 0.425 0.634375 0.425
0 0.703125 0.4109375 0.6515625 0.4109375 0.6515625 0.425 0.703125 0.425
0 0.7625 0.4125000000000001 0.725 0.4125 0.725 0.4250000000000001 0.7625 0.42500000000000016
0 0.80625 0.4125000000000002 0.778125 0.4125000000000002 0.778125 0.42500000000000016 0.80625 0.42500000000000016
0 0.2062500000000001 0.465625 0.13906250000000003 0.465625 0.13906250000000003 0.4734375 0.2062500000000001 0.4734375
0 0.2953125000000001 0.459375 0.2234375000000001 0.459375 0.2234375000000001 0.48125 0.2953125000000001 0.48125
0 0.37187500000000007 0.4578125 0.3296875000000001 0.4578125 0.3296875000000001 0.475 0.37187500000000007 0.475
0 0.4171875 0.459375 0.3843750000000001 0.459375 0.3843750000000001 0.484375 0.4171875 0.484375
0 0.4546875 0.46875 0.428125 0.46875 0.428125 0.475 0.4546875 0.475
0 0.5140625 0.4640625 0.4796875 0.4640625 0.4796875 0.4765625 0.5140625 0.4765625
0 0.615625 0.465625 0.51875 0.465625 0.51875 0.4875 0.615625 0.4875
0 0.6546875 0.4640625 0.6375 0.4640625 0.6375 0.4765625 0.6546875 0.4765625
0 0.740625 0.4640625000000001 0.671875 0.4640625 0.671875 0.4828125000000001 0.740625 0.4828125000000002
0 0.7765625 0.46093750000000017 0.7515625 0.46093750000000017 0.7515625 0.4828125000000002 0.7765625 0.4828125000000002
0 0.834375 0.46093750000000017 0.784375 0.46093750000000017 0.784375 0.47656250000000017 0.834375 0.47656250000000017
0 0.18750000000000006 0.509375 0.13750000000000004 0.509375 0.13750000000000004 0.5234375 0.18750000000000006 0.5234375
0 0.2515625000000001 0.509375 0.2093750000000001 0.509375 0.2093750000000001 0.525 0.2515625000000001 0.525
0 0.30937500000000007 0.509375 0.2734375000000001 0.509375 0.2734375000000001 0.5265625 0.30937500000000007 0.5265625
0 0.409375 0.5125 0.33281250000000007 0.5125 0.33281250000000007 0.5265625 0.409375 0.5265625
0 0.4640625 0.5109375 0.4234375 0.5109375 0.4234375 0.525 0.4640625 0.525
0 0.471875 0.5234375 0.46875 0.5234375 0.46875 0.5265625 0.471875 0.5265625