0 0.2140625 0.209375 0.12500000000000006 0.209375 0.12500000000000006 0.234375 0.2140625 0.234375
0 0.259375 0.2140625 0.2375 0.2140625 0.2375 0.2328125 0.259375 0.2328125
0 0.26875 0.228125 0.265625 0.228125 0.265625 0.2375 0.26875 0.2375
0 0.415625 0.20937500000000003 0.2921875 0.209375 0.2921875 0.23437500000000006 0.415625 0.23437500000000008
0 0.4296875 0.2296875000000001 0.425 0.2296875000000001 0.425 0.2390625000000001 0.4296875 0.2390625000000001
0 0.4796875 0.22031250000000008 0.45625 0.22031250000000008 0.45625 0.2328125000000001 0.4796875 0.2328125000000001
0 0.61875 0.2093750000000001 0.503125 0.2093750000000001 0.503125 0.2578125000000001 0.61875 0.2578125000000001
0 0.70625 0.2093750000000001 0.6390625 0.2093750000000001 0.6390625 0.23593750000000008 0.70625 0.23593750000000008
0 0.8421875 0.21093750000000008 0.7359375 0.21093750000000008 0.7359375 0.2375000000000001 0.8421875 0.2375000000000001
0 0.2 0.25625 0.13906250000000003 0.25625 0.13906250000000003 0.2828125 0.2 0.2828125
0 0.2890625 0.25625 0.23125 0.25625 0.23125 0.296875 0.2890625 0.296875
0 0.3671875 0.25625000000000003 0.3140625 0.25625 0.3140625 0.2828125 0.3671875 0.2828125000000001
0 0.471875 0.26250000000000007 0.39375 0.26250000000000007 0.39375 0.28593750000000007 0.471875 0.28593750000000007
0 0.5328125 0.2718750000000001 0.5 0.2718750000000001 0.5 0.2875000000000001 0.5328125 0.2875000000000001
0 0.640625 0.2562500000000001 0.56875 0.2562500000000001 0.56875 0.2906250000000001 0.640625 0.2906250000000001
0 0.7703125 0.2562500000000001 0.6671875 0.2562500000000001 0.6671875 0.28593750000000007 0.7703125 0.28593750000000007
0 0.8890625 0.2609375000000001 0.79375 0.2609375000000001 0.79375 0.28593750000000007 0.8890625 0.28593750000000007
0 0.19687500000000005 0.309375 0.13906250000000003 0.309375 0.13906250000000003 0.35 0.19687500000000005 0.35
0 0.29375 0.30625 0.2203125 0.30625 0.2203125 0.34375 0.29375 0.34375
0 0.3578125 0.309375 0.3203125 0.309375 0.3203125 0.334375 0.3578125 0.334375
0 0.5453125 0.31718750000000007 0.3875 0.31718750000000007 0.3875 0.3515625000000001 0.5453125 0.3515625000000001
0 0.640625 0.3109375000000001 0.5640625 0.3109375000000001 0.5640625 0.3375000000000001 0.640625 0.3375000000000001
0 0.8390625 0.3062500000000001 0.6703125 0.3062500000000001 0.6703125 0.3359375000000001 0.8390625 0.3359375000000001
0 0.85 0.33281250000000007 0.8484375 0.33281250000000007 0.8484375 0.3359375000000001 0.85 0.3359375000000001
0 0.17656250000000004 0.359375 0.14531250000000004 0.359375 0.14531250000000004 0.3875 0.17656250000000004 0.3875
0 0.2140625000000001 0.3671875 0.19531250000000006 0.3671875 0.19531250000000006 0.3875 0.2140625000000001 0.3875
0 0.3921875 0.35781250000000003 0.2390625 0.3578125 0.23906250000000004 0.39062500000000006 0.3921875000000001 0.3906250000000001
0 0.5046875 0.3593750000000001 0.41875 0.3593750000000001 0.41875 0.3890625000000001 0.5046875 0.3890625000000001
0 0.5953125 0.3609375000000001 0.5328125 0.3609375000000001 0.5328125 0.38750000000000007 0.5953125 0.38750000000000007
0 0.6484375 0.36406250000000007 0.6234375 0.36406250000000007 0.6234375 0.3859375000000001 0.6484375 0.3859375000000001
0 0.8015625 0.36406250000000007 0.66875 0.36406250000000007 0.66875 0.4046875000000001 0.8015625 0.4046875000000002
0 0.88125 0.3625000000000001 0.821875 0.3625000000000001 0.821875 0.3890625000000001 0.88125 0.3890625000000001
0 0.2656250000000001 0.4078125 0.14531250000000004 0.4078125 0.14531250000000004 0.4484375 0.2656250000000001 0.4484375
0 0.33281250000000007 0.4125 0.2890625000000001 0.4125 0.2890625000000001 0.4359375 0.33281250000000007 0.4359375
0 0.4390625 0.4046875 0.3687500000000001 0.4046875 0.3687500000000001 0.4453125 0.4390625 0.4453125
0 0.51875 0.4078125 0.465625 0.4078125 0.465625 0.4375 0.51875 0.4375
0 0.65 0.40625 0.54375 0.40625 0.54375 0.4375 0.65 0.4375
0 0.759375 0.41875000000000007 0.6796875 0.41875 0.6796875 0.4515625000000001 0.759375 0.4515625000000002
0 0.871875 0.40937500000000016 0.7890625 0.40937500000000016 0.7890625 0.4421875000000002 0.871875 0.4421875000000002
0 0.2734375000000001 0.4609375 0.13593750000000004 0.4609375 0.13593750000000004 0.4875 0.2734375000000001 0.4875
0 0.37968750000000007 0.4609375 0.30937500000000007 0.4609375 0.30937500000000007 0.4890625 0.37968750000000007 0.4890625
0 0.5546875 0.4640625 0.4109375 0.4640625 0.4109375 0.4875 0.5546875 0.4875
0 0.709375 0.4609375 0.58125 0.4609375 0.58125 0.5 0.709375 0.5
0 0.725 0.478125 0.71875 0.478125 0.71875 0.4921875 0.725 0.4921875
0 0.803125 0.4734375000000002 0.74375 0.4734375000000002 0.74375 0.5078125000000002 0.803125 0.5078125000000002
0 0.8109375 0.4859375000000002 0.809375 0.4859375000000002 0.809375 0.48750000000000016 0.8109375 0.48750000000000016
0 0.8625 0.46406250000000016 0.825 0.46406250000000016 0.825 0.5078125000000002 0.8625 0.5078125000000002
0 0.15468750000000003 0.5140625 0.12968750000000004 0.5140625 0.12968750000000004 0.5375 0.15468750000000003 0.5375
0 0.17031250000000003 0.5125 0.15937500000000004 0.5125 0.15937500000000004 0.5421875 0.17031250000000003 0.5421875
0 0.20312500000000008 0.5234375 0.19531250000000006 0.5234375 0.19531250000000006 0.5375 0.20312500000000008 0.5375
0 0.3625000000000001 0.5109375 0.2062500000000001 0.5109375 0.2062500000000001 0.5578125 0.3625000000000001 0.5578125
0 0.4296875 0.5109375 0.37968750000000007 0.5109375 0.37968750000000007 0.5390625 0.4296875 0.5390625
0 0.5171875 0.509375 0.45625 0.509375 0.45625 0.540625 0.5171875 0.540625
0 0.534375 0.5328125 0.5296875 0.5328125 0.5296875 0.54375 0.534375 0.54375
0 0.571875 0.5171875 0.5484375 0.5171875 0.5484375 0.546875 0.571875 0.546875
0 0.5875 0.5140625 0.578125 0.5140625 0.578125 0.5453125 0.5875 0.5453125
0 0.628125 0.5234375 0.6078125 0.5234375 0.6078125 0.553125 0.628125 0.553125
0 0.7296875 0.5156250000000001 0.6296875 0.515625 0.6296875 0.5562500000000001 0.7296875 0.5562500000000001
0 0.7953125 0.5140625000000002 0.7515625 0.5140625000000002 0.7515625 0.5390625000000002 0.7953125 0.5390625000000002
0 0.9 0.5156250000000002 0.809375 0.5156250000000002 0.809375 0.5593750000000002 0.9 0.5593750000000002
0 0.5 0.5625 0.12031250000000009 0.5625 0.12031250000000009 0.6109375 0.5 0.6109375
0 0.5125 0.584375 0.509375 0.584375 0.509375 0.596875 0.5125 0.596875
0 0.5515625 0.5703125 0.5234375 0.5703125 0.5234375 0.5953125 0.5515625 0.5953125
0 0.565625 0.5640625 0.55625 0.5640625 0.55625 0.596875 0.565625 0.596875
0 0.615625 0.575 0.5890625 0.575 0.5890625 0.5875 0.615625 0.5875
0 0.7046875 0.565625 0.6171875 0.565625 0.6171875 0.6078125 0.7046875 0.6078125
0 0.7921875 0.5671875000000002 0.740625 0.5671875000000002 0.740625 0.5906250000000002 0.7921875 0.5906250000000002
0 0.8734375 0.5656250000000002 0.8109375 0.5656250000000002 0.8109375 0.5890625000000002 0.8734375 0.5890625000000002
0 0.21875000000000008 0.6109375 0.13281250000000008 0.6109375 0.13281250000000008 0.6390625 0.21875000000000008 0.6390625
0 0.2562500000000001 0.6140625 0.24375000000000008 0.6140625 0.24375000000000008 0.640625 0.2562500000000001 0.640625
0 0.3437500000000001 0.6125 0.2609375000000001 0.6125 0.2609375000000001 0.6484375 0.3437500000000001 0.6484375
0 0.5515625 0.6140625 0.3671875000000001 0.6140625 0.3671875000000001 0.6421875 0.5515625 0.6421875
0 0.6609375 0.615625 0.584375 0.615625 0.584375 0.6390625 0.6609375 0.6390625
0 0.7375 0.6140625000000001 0.6796875 0.6140625 0.6796875 0.6406250000000001 0.7375 0.6406250000000002
0 0.8640625 0.6156250000000002 0.7546875 0.6156250000000002 0.7546875 0.6546875000000002 0.8640625 0.6546875000000002
0 0.2843750000000001 0.659375 0.1296875000000001 0.659375 0.1296875000000001 0.7015625 0.2843750000000001 0.7015625
0 0.30156250000000007 0.6578125 0.2875000000000001 0.6578125 0.2875000000000001 0.696875 0.30156250000000007 0.696875
0 0.3203125000000001 0.68125 0.31718750000000007 0.68125 0.31718750000000007 0.6921875 0.3203125000000001 0.6921875
0 0.3609375000000001 0.6625 0.3343750000000001 0.6625 0.3343750000000001 0.6921875 0.3609375000000001 0.6921875
0 0.3765625000000001 0.6609375 0.3656250000000001 0.6609375 0.3656250000000001 0.6921875 0.3765625000000001 0.6921875
0 0.4046875 0.6734375 0.3906250000000001 0.6734375 0.3906250000000001 0.7 0.4046875 0.7
0 0.5359375 0.6625 0.409375 0.6625 0.409375 0.709375 0.5359375 0.709375
0 0.671875 0.6671875 0.5625 0.6671875 0.5625 0.69375 0.671875 0.69375
0 0.7421875 0.6640625000000001 0.6953125 0.6640625 0.6953125 0.690625 0.7421875 0.6906250000000002
0 0.7875 0.6781250000000002 0.7625 0.6781250000000002 0.7625 0.6921875000000002 0.7875 0.6921875000000002
0 0.88125 0.6656250000000001 0.80625 0.6656250000000001 0.80625 0.7000000000000002 0.88125 0.7000000000000002
0 0.27812500000000007 0.7109375 0.1437500000000001 0.7109375 0.1437500000000001 0.7390625 0.27812500000000007 0.7390625
0 0.3375000000000001 0.715625 0.30156250000000007 0.715625 0.30156250000000007 0.7390625 0.3375000000000001 0.7390625
0 0.4828125000000001 0.7140625 0.3671875000000001 0.7140625 0.3671875000000001 0.753125 0.4828125000000002 0.753125
0 0.6296875000000001 0.7125 0.509375 0.7125 0.5093750000000001 0.7453125 0.6296875000000002 0.7453125
0 0.7390625000000001 0.7156250000000001 0.6609375 0.715625 0.6609375000000001 0.7500000000000001 0.7390625000000002 0.7500000000000002
0 0.91875 0.7218750000000002 0.75625 0.7218750000000002 0.7562500000000001 0.7687500000000002 0.91875 0.7687500000000002