0 0.20625 0.2203125 0.15937500000000004 0.2203125 0.15937500000000004 0.2328125 0.20625 0.2328125
0 0.3015625 0.215625 0.25 0.215625 0.25 0.23125 0.3015625 0.23125
0 0.4015625 0.21875000000000006 0.325 0.21875 0.325 0.23125000000000004 0.4015625 0.2312500000000001
0 0.4578125 0.2171875000000001 0.428125 0.2171875000000001 0.428125 0.23437500000000008 0.4578125 0.23437500000000008
0 0.575 0.21875000000000008 0.484375 0.21875000000000008 0.484375 0.2390625000000001 0.575 0.2390625000000001
0 0.7109375 0.2250000000000001 0.6078125 0.2250000000000001 0.6078125 0.2328125000000001 0.7109375 0.2328125000000001
0 0.8234375 0.21875000000000008 0.740625 0.21875000000000008 0.740625 0.2390625000000001 0.8234375 0.2390625000000001
0 0.2125 0.2703125 0.16093750000000004 0.2703125 0.16093750000000004 0.2890625 0.2125 0.2890625
0 0.2734375 0.2703125 0.2390625 0.2703125 0.2390625 0.2828125 0.2734375 0.2828125
0 0.3421875 0.2765625 0.296875 0.2765625 0.296875 0.2859375 0.3421875 0.2859375
0 0.40625 0.2765625000000001 0.371875 0.2765625000000001 0.371875 0.2828125000000001 0.40625 0.2828125000000001
0 0.5046875 0.2718750000000001 0.44375 0.2718750000000001 0.44375 0.2843750000000001 0.5046875 0.2843750000000001
0 0.51875 0.2828125000000001 0.5140625 0.2828125000000001 0.5140625 0.2875000000000001 0.51875 0.2875000000000001
0 0.565625 0.2796875000000001 0.540625 0.2796875000000001 0.540625 0.28593750000000007 0.565625 0.28593750000000007
0 0.6859375 0.2718750000000001 0.5921875 0.2718750000000001 0.5921875 0.28593750000000007 0.6859375 0.28593750000000007
0 0.73125 0.27031250000000007 0.7078125 0.27031250000000007 0.7078125 0.28593750000000007 0.73125 0.28593750000000007
0 0.778125 0.27031250000000007 0.7609375 0.27031250000000007 0.7609375 0.2812500000000001 0.778125 0.2812500000000001
0 0.84375 0.27812500000000007 0.7921875 0.27812500000000007 0.7921875 0.2828125000000001 0.84375 0.2828125000000001
0 0.19531250000000006 0.3203125 0.15937500000000004 0.3203125 0.15937500000000004 0.3328125 0.19531250000000006 0.3328125
0 0.2671875 0.3203125 0.2234375 0.3203125 0.2234375 0.3328125 0.2671875 0.3328125
0 0.340625 0.3234375 0.3046875 0.3234375 0.3046875 0.3390625 0.340625 0.3390625
0 0.43125 0.3218750000000001 0.375 0.3218750000000001 0.375 0.33281250000000007 0.43125 0.33281250000000007
0 0.4421875 0.3312500000000001 0.4390625 0.3312500000000001 0.4390625 0.33281250000000007 0.4421875 0.33281250000000007
0 0.5515625 0.3218750000000001 0.4625 0.3218750000000001 0.4625 0.3343750000000001 0.5515625 0.3343750000000001
0 0.56875 0.3343750000000001 0.565625 0.3343750000000001 0.565625 0.34062500000000007 0.56875 0.34062500000000007
0 0.6296875 0.3218750000000001 0.59375 0.3218750000000001 0.59375 0.3343750000000001 0.6296875 0.3343750000000001
0 0.7234375 0.3203125000000001 0.6515625 0.3203125000000001 0.6515625 0.33281250000000007 0.7234375 0.33281250000000007
0 0.7703125 0.3203125000000001 0.740625 0.3203125000000001 0.740625 0.3375000000000001 0.7703125 0.3375000000000001
0 0.2640625000000001 0.3703125 0.15937500000000004 0.3703125 0.15937500000000004 0.3875 0.2640625000000001 0.3875
0 0.3890625000000001 0.37031250000000004 0.29375000000000007 0.3703125 0.29375000000000007 0.384375 0.3890625000000001 0.3843750000000001
0 0.55 0.3703125000000001 0.425 0.3703125000000001 0.425 0.3843750000000001 0.55 0.3843750000000001
0 0.61875 0.37187500000000007 0.5734375 0.37187500000000007 0.5734375 0.3843750000000001 0.61875 0.3843750000000001
0 0.7640625 0.3765625000000001 0.6484375 0.3765625000000001 0.6484375 0.3843750000000001 0.7640625 0.3843750000000001
0 0.8265625 0.37187500000000007 0.7890625 0.37187500000000007 0.7890625 0.3859375000000001 0.8265625 0.3859375000000001
0 0.2140625000000001 0.425 0.15937500000000004 0.425 0.15937500000000004 0.440625 0.2140625000000001 0.440625
0 0.2968750000000001 0.4234375 0.2500000000000001 0.4234375 0.2500000000000001 0.434375 0.2968750000000001 0.434375
0 0.3453125000000001 0.421875 0.3359375000000001 0.421875 0.3359375000000001 0.4375 0.3453125000000001 0.4375
0 0.37968750000000007 0.425 0.3546875000000001 0.425 0.3546875000000001 0.434375 0.37968750000000007 0.434375
0 0.4265625 0.4234375 0.4015625 0.4234375 0.4015625 0.4375 0.4265625 0.4375
0 0.5 0.4234375 0.4484375 0.4234375 0.4484375 0.4359375 0.5 0.4359375
0 0.5796875 0.421875 0.528125 0.421875 0.528125 0.4375 0.5796875 0.4375
0 0.590625 0.421875 0.584375 0.421875 0.584375 0.4359375 0.590625 0.4359375
0 0.6484375 0.421875 0.6296875 0.421875 0.6296875 0.434375 0.6484375 0.434375
0 0.7453125 0.4234375000000001 0.684375 0.4234375 0.684375 0.4328125000000001 0.7453125 0.43281250000000016
0 0.79375 0.42187500000000017 0.76875 0.42187500000000017 0.76875 0.4343750000000002 0.79375 0.4343750000000002
0 0.20312500000000008 0.475 0.16093750000000004 0.475 0.16093750000000004 0.484375 0.20312500000000008 0.484375
0 0.25468750000000007 0.4734375 0.2453125000000001 0.4734375 0.2453125000000001 0.4875 0.25468750000000007 0.4875
0 0.2921875000000001 0.475 0.26250000000000007 0.475 0.26250000000000007 0.4859375 0.2921875000000001 0.4859375
0 0.3656250000000001 0.4734375 0.3140625000000001 0.4734375 0.3140625000000001 0.4921875 0.3656250000000001 0.4921875
0 0.3781250000000001 0.4703125 0.3671875000000001 0.4703125 0.3671875000000001 0.484375 0.3781250000000001 0.484375
0 0.421875 0.4734375 0.40625 0.4734375 0.40625 0.4859375 0.421875 0.4859375
0 0.503125 0.475 0.45625 0.475 0.45625 0.4859375 0.503125 0.4859375
0 0.509375 0.4828125 0.50625 0.4828125 0.50625 0.4859375 0.509375 0.4859375
0 0.5921875 0.471875 0.54375 0.471875 0.54375 0.4875 0.5921875 0.4875
0 0.6609375 0.4734375 0.6171875 0.4734375 0.6171875 0.484375 0.6609375 0.484375
0 0.775 0.4718750000000001 0.6890625 0.471875 0.6890625 0.4843750000000001 0.775 0.48437500000000017
0 0.8140625 0.47187500000000016 0.7984375 0.47187500000000016 0.7984375 0.48437500000000017 0.8140625 0.48437500000000017
0 0.18906250000000005 0.5234375 0.15625000000000006 0.5234375 0.15625000000000006 0.5359375 0.18906250000000005 0.5359375
0 0.30156250000000007 0.525 0.2312500000000001 0.525 0.2312500000000001 0.5359375 0.30156250000000007 0.5359375
0 0.3531250000000001 0.5234375 0.3265625000000001 0.5234375 0.3265625000000001 0.5390625 0.3531250000000001 0.5390625
0 0.4890625 0.5296875 0.3828125000000001 0.5296875 0.3828125000000001 0.5359375 0.4890625 0.5359375
0 0.6078125 0.5203125 0.521875 0.5203125 0.521875 0.540625 0.6078125 0.540625
0 0.715625 0.51875 0.63125 0.51875 0.63125 0.534375 0.715625 0.534375
0 0.7578125 0.5203125000000002 0.7390625 0.5203125000000002 0.7390625 0.5328125000000001 0.7578125 0.5328125000000001
0 0.80625 0.5203125000000002 0.775 0.5203125000000002 0.775 0.5343750000000002 0.80625 0.5343750000000002
0 0.2453125000000001 0.5734375 0.15781250000000008 0.5734375 0.15781250000000008 0.590625 0.2453125000000001 0.590625
0 0.3031250000000001 0.571875 0.27812500000000007 0.571875 0.27812500000000007 0.5875 0.3031250000000001 0.5875
0 0.3906250000000001 0.575 0.3343750000000001 0.575 0.3343750000000001 0.5875 0.3906250000000001 0.5875
0 0.4671875 0.5734375 0.4203125 0.5734375 0.4203125 0.5859375 0.4671875 0.5859375
0 0.5203125 0.5734375 0.5 0.5734375 0.5 0.5859375 0.5203125 0.5859375
0 0.58125 0.5703125 0.5421875 0.5703125 0.5421875 0.5859375 0.58125 0.5859375
0 0.73125 0.5703125000000001 0.6046875 0.5703125 0.6046875 0.5921875000000001 0.73125 0.5921875000000002
0 0.778125 0.5796875000000001 0.7546875 0.5796875000000001 0.7546875 0.5859375000000002 0.778125 0.5859375000000002
0 0.2453125000000001 0.6234375 0.15781250000000008 0.6234375 0.15781250000000008 0.64375 0.2453125000000001 0.64375
0 0.29375000000000007 0.625 0.2640625000000001 0.625 0.2640625000000001 0.6375 0.29375000000000007 0.6375
0 0.33281250000000007 0.6296875 0.3187500000000001 0.6296875 0.3187500000000001 0.6359375 0.33281250000000007 0.6359375
0 0.4140625 0.6296875 0.3531250000000001 0.6296875 0.3531250000000001 0.6375 0.4140625 0.6375
0 0.425 0.6375 0.421875 0.6375 0.421875 0.64375 0.425 0.64375
0 0.534375 0.6234375 0.453125 0.6234375 0.453125 0.6359375 0.534375 0.6359375
0 0.5484375 0.6359375 0.54375 0.6359375 0.54375 0.64375 0.5484375 0.64375
0 0.621875 0.6203125 0.5640625 0.6203125 0.5640625 0.6359375 0.621875 0.6359375
0 0.66875 0.6328125 0.6421875 0.6328125 0.6421875 0.6390625 0.66875 0.6390625
0 0.74375 0.6234375000000001 0.6859375 0.6234375 0.6859375 0.6359375 0.74375 0.6359375000000002
0 0.753125 0.6343750000000001 0.7484375 0.6343750000000001 0.7484375 0.6421875000000001 0.753125 0.6421875000000001
0 0.8390625 0.6250000000000002 0.7703125 0.6250000000000002 0.7703125 0.6375000000000002 0.8390625 0.6375000000000002
0 0.2218750000000001 0.6734375 0.16406250000000008 0.6734375 0.16406250000000008 0.6875 0.2218750000000001 0.6875
0 0.2843750000000001 0.68125 0.2500000000000001 0.68125 0.2500000000000001 0.6875 0.2843750000000001 0.6875
0 0.33281250000000007 0.68125 0.30937500000000007 0.68125 0.30937500000000007 0.6875 0.33281250000000007 0.6875
0 0.453125 0.6765625 0.3593750000000001 0.6765625 0.3593750000000001 0.6875 0.453125 0.6875
0 0.5140625 0.6734375 0.484375 0.6734375 0.484375 0.6890625 0.5140625 0.6890625
0 0.6125 0.671875 0.540625 0.671875 0.540625 0.6875 0.6125 0.6875
0 0.76875 0.6718750000000001 0.64375 0.671875 0.64375 0.6859375000000001 0.76875 0.6859375000000002
0 0.840625 0.6750000000000002 0.79375 0.6750000000000002 0.79375 0.6890625000000001 0.840625 0.6890625000000001
0 0.21250000000000008 0.725 0.16562500000000008 0.725 0.16562500000000008 0.7375 0.21250000000000008 0.7375
0 0.2718750000000001 0.725 0.2500000000000001 0.725 0.2500000000000001 0.7375 0.2718750000000001 0.7375
0 0.34843750000000007 0.7265625 0.30156250000000007 0.7265625 0.30156250000000007 0.7375 0.34843750000000007 0.7375
0 0.3593750000000001 0.7375 0.35625000000000007 0.7375 0.35625000000000007 0.7390625 0.3593750000000001 0.7390625