0 0.17343750000000005 0.1890625 0.14062500000000006 0.1890625 0.14062500000000006 0.2203125 0.17343750000000005 0.2203125
0 0.215625 0.203125 0.19375000000000003 0.203125 0.19375000000000003 0.221875 0.215625 0.221875
0 0.309375 0.19375000000000003 0.2375 0.19375000000000003 0.2375 0.221875 0.309375 0.221875
0 0.5078125 0.19375000000000003 0.3390625 0.19375000000000003 0.3390625 0.23281250000000003 0.5078125 0.2328125000000001
0 0.559375 0.19218750000000007 0.525 0.19218750000000004 0.525 0.22031250000000008 0.559375 0.22031250000000008
0 0.7265625 0.2000000000000001 0.5796875 0.2000000000000001 0.5796875 0.2234375000000001 0.7265625 0.2234375000000001
0 0.81875 0.19687500000000008 0.7453125 0.19687500000000008 0.7453125 0.2234375000000001 0.81875 0.2234375000000001
0 0.871875 0.2078125000000001 0.8375 0.2078125000000001 0.8375 0.2250000000000001 0.871875 0.2250000000000001
0 0.209375 0.2390625 0.14375000000000004 0.2390625 0.14375000000000004 0.275 0.209375 0.275
0 0.3765625 0.25781250000000006 0.2390625 0.2578125 0.2390625 0.290625 0.3765625 0.2906250000000001
0 0.4515625 0.2484375000000001 0.3984375 0.2484375000000001 0.3984375 0.2718750000000001 0.4515625 0.2718750000000001
0 0.5765625 0.2468750000000001 0.4703125 0.2468750000000001 0.4703125 0.2953125000000001 0.5765625 0.2953125000000001
0 0.728125 0.24218750000000008 0.603125 0.24218750000000008 0.603125 0.2890625000000001 0.728125 0.2890625000000001
0 0.8859375 0.24218750000000008 0.7546875 0.24218750000000008 0.7546875 0.2812500000000001 0.8859375 0.2812500000000001
0 0.2234375 0.29375 0.14843750000000006 0.29375 0.14843750000000006 0.33125 0.2234375 0.33125
0 0.2953125 0.2984375 0.24375 0.2984375 0.24375 0.3234375 0.2953125 0.3234375
0 0.3828125 0.29687500000000006 0.31875 0.296875 0.31875 0.32343750000000004 0.3828125 0.3234375000000001
0 0.4734375 0.30937500000000007 0.409375 0.30937500000000007 0.409375 0.34062500000000007 0.4734375 0.34062500000000007
0 0.5671875 0.2953125000000001 0.496875 0.2953125000000001 0.496875 0.32500000000000007 0.5671875 0.32500000000000007
0 0.696875 0.2953125000000001 0.5875 0.2953125000000001 0.5875 0.34062500000000007 0.696875 0.34062500000000007
0 0.8671875 0.2921875000000001 0.7296875 0.2921875000000001 0.7296875 0.3234375000000001 0.8671875 0.3234375000000001
0 0.24375000000000005 0.34375 0.14687500000000003 0.34375 0.14687500000000003 0.3734375 0.24375000000000008 0.3734375
0 0.38281250000000006 0.34218750000000003 0.26875 0.3421875 0.26875000000000004 0.37343750000000003 0.3828125000000001 0.3734375000000001
0 0.3921875000000001 0.3687500000000001 0.3890625000000001 0.3687500000000001 0.3890625000000001 0.3703125000000001 0.3921875000000001 0.3703125000000001
0 0.4375 0.34843750000000007 0.41875 0.34843750000000007 0.41875 0.3765625000000001 0.4375 0.3765625000000001
0 0.525 0.3609375000000001 0.4640625 0.3609375000000001 0.4640625 0.3750000000000001 0.525 0.3750000000000001
0 0.7734375 0.3453125000000001 0.5421875 0.3453125000000001 0.5421875 0.3906250000000001 0.7734375 0.3906250000000001
0 0.8453125 0.34843750000000007 0.8 0.34843750000000007 0.8 0.37968750000000007 0.8453125 0.37968750000000007
0 0.2718750000000001 0.3984375 0.13593750000000004 0.3984375 0.13593750000000004 0.425 0.2718750000000001 0.425
0 0.3515625000000001 0.3984375 0.2953125000000001 0.3984375 0.2953125000000001 0.4234375 0.3515625000000001 0.4234375
0 0.515625 0.4 0.3843750000000001 0.4 0.3843750000000001 0.44375 0.515625 0.44375
0 0.6171875 0.4046875 0.55 0.4046875 0.55 0.425 0.6171875 0.425
0 0.7984375 0.3984375000000001 0.6359375 0.3984375000000001 0.6359375 0.4375000000000001 0.7984375 0.43750000000000017
0 0.875 0.3984375000000001 0.825 0.3984375000000001 0.825 0.43281250000000016 0.875 0.43281250000000016
0 0.19062500000000004 0.4453125 0.13906250000000003 0.4453125 0.13906250000000003 0.4734375 0.19062500000000004 0.4734375
0 0.4 0.4453125 0.2093750000000001 0.4453125 0.2093750000000001 0.475 0.4 0.475
0 0.5453125 0.4453125 0.43125 0.4453125 0.43125 0.4953125 0.5453125 0.4953125
0 0.6109375 0.4453125 0.5703125 0.4453125 0.5703125 0.478125 0.6109375 0.478125
0 0.7046875 0.4453125 0.6359375 0.4453125 0.6359375 0.475 0.7046875 0.475
0 0.8546875 0.4468750000000002 0.728125 0.4468750000000002 0.728125 0.4750000000000002 0.8546875 0.4750000000000002
0 0.2234375000000001 0.4953125 0.14062500000000006 0.4953125 0.14062500000000006 0.525 0.2234375000000001 0.525
0 0.2375000000000001 0.521875 0.23437500000000008 0.521875 0.23437500000000008 0.5234375 0.2375000000000001 0.5234375
0 0.3296875000000001 0.496875 0.2468750000000001 0.496875 0.2468750000000001 0.5265625 0.3296875000000001 0.5265625
0 0.4546875 0.49375 0.3500000000000001 0.49375 0.3500000000000001 0.5234375 0.4546875 0.5234375
0 0.5171875 0.49375 0.4765625 0.49375 0.4765625 0.53125 0.5171875 0.53125
0 0.6640625 0.4984375 0.5546875 0.4984375 0.5546875 0.5296875 0.6640625 0.5296875
0 0.7171875 0.50625 0.69375 0.50625 0.69375 0.5265625 0.7171875 0.5265625
0 0.8609375 0.4984375000000002 0.740625 0.4984375000000002 0.740625 0.5406250000000001 0.8609375 0.5406250000000001
0 0.18125000000000008 0.55625 0.14218750000000008 0.55625 0.14218750000000008 0.5765625 0.18125000000000008 0.5765625
0 0.23593750000000008 0.5609375 0.2093750000000001 0.5609375 0.2093750000000001 0.575 0.23593750000000008 0.575
0 0.3937500000000001 0.5484375 0.26250000000000007 0.5484375 0.26250000000000007 0.59375 0.3937500000000001 0.59375
0 0.5125 0.5453125 0.4390625 0.5453125 0.4390625 0.5828125 0.5125 0.5828125
0 0.6234375 0.5484375 0.5421875 0.5484375 0.5421875 0.5875 0.6234375 0.5875
0 0.7859375 0.5453125000000001 0.659375 0.5453125 0.659375 0.5781250000000001 0.7859375 0.5781250000000002
0 0.8765625 0.5515625000000002 0.8140625 0.5515625000000002 0.8140625 0.5781250000000002 0.8765625 0.5781250000000002
0 0.2578125000000001 0.5953125 0.1453125000000001 0.5953125 0.1453125000000001 0.6390625 0.2578125000000001 0.6390625
0 0.37187500000000007 0.609375 0.29375000000000007 0.609375 0.29375000000000007 0.628125 0.37187500000000007 0.628125
0 0.478125 0.596875 0.4 0.596875 0.4 0.625 0.478125 0.625
0 0.53125 0.60625 0.5125 0.60625 0.5125 0.6265625 0.53125 0.6265625
0 0.6375 0.6 0.5625 0.6 0.5625 0.6265625 0.6375 0.6265625
0 0.7828125 0.5953125000000001 0.6625 0.5953125 0.6625 0.6390625000000001 0.7828125 0.6390625000000002
0 0.2718750000000001 0.64375 0.15000000000000008 0.64375 0.15000000000000008 0.6765625 0.2718750000000001 0.6765625
0 0.421875 0.6484375 0.2984375000000001 0.6484375 0.2984375000000001 0.678125 0.421875 0.678125
0 0.5109375 0.653125 0.4453125 0.653125 0.4453125 0.6796875 0.5109375 0.6796875
0 0.6578125 0.6484375 0.5296875 0.6484375 0.5296875 0.690625 0.6578125 0.690625
0 0.68125 0.671875 0.678125 0.671875 0.678125 0.6828125 0.68125 0.6828125
0 0.76875 0.6500000000000001 0.7078125 0.65 0.7078125 0.6796875000000001 0.76875 0.6796875000000002
0 0.8890625 0.6640625000000002 0.7859375 0.6640625000000002 0.7859375 0.6937500000000002 0.8890625 0.6937500000000002
0 0.1921875000000001 0.7125 0.1375000000000001 0.7125 0.1375000000000001 0.7265625 0.1921875000000001 0.7265625
0 0.3703125000000001 0.7109375 0.22031250000000008 0.7109375 0.22031250000000008 0.746875 0.3703125000000001 0.746875
0 0.4296875000000001 0.71875 0.40625 0.71875 0.4062500000000001 0.73125 0.42968750000000017 0.73125
0 0.503125 0.7015625 0.4515625 0.7015625 0.4515625000000001 0.728125 0.5031250000000002 0.728125
0 0.5671875000000001 0.703125 0.53125 0.703125 0.5312500000000001 0.7328125 0.5671875000000002 0.7328125
0 0.6984375 0.7015625 0.590625 0.7015625 0.5906250000000001 0.7296875 0.6984375000000002 0.7296875
0 0.8359375 0.7015625000000002 0.734375 0.7015625000000002 0.7343750000000001 0.7312500000000002 0.8359375 0.7312500000000002
0 0.853125 0.7281250000000001 0.85 0.7281250000000001 0.85 0.7296875000000002 0.853125 0.7296875000000002