0 0.2640625 0.246875 0.16718750000000004 0.246875 0.16718750000000004 0.271875 0.2640625 0.271875
0 0.5390625 0.25000000000000006 0.278125 0.25 0.278125 0.27812500000000007 0.5390625 0.27812500000000007
0 0.8078125 0.2515625000000001 0.5578125 0.2515625000000001 0.5578125 0.2765625000000001 0.8078125 0.2765625000000001
0 0.2671875 0.303125 0.17812500000000003 0.303125 0.17812500000000003 0.3234375 0.2671875 0.3234375
0 0.4359375 0.30312500000000003 0.2875 0.303125 0.2875 0.33281250000000007 0.4359375 0.33281250000000007
0 0.4859375 0.3031250000000001 0.4515625 0.3031250000000001 0.4515625 0.3203125000000001 0.4859375 0.3203125000000001
0 0.6390625 0.3031250000000001 0.50625 0.3031250000000001 0.50625 0.32500000000000007 0.6390625 0.32500000000000007
0 0.7890625 0.3046875000000001 0.6421875 0.3046875000000001 0.6421875 0.3296875000000001 0.7890625 0.3296875000000001
0 0.34062500000000007 0.35625 0.18906250000000005 0.35625 0.18906250000000005 0.3765625 0.34062500000000007 0.3765625
0 0.409375 0.35625000000000007 0.3609375 0.35625 0.3609375 0.38125000000000003 0.409375 0.3812500000000001
0 0.5515625 0.3531250000000001 0.4296875 0.3531250000000001 0.4296875 0.3812500000000001 0.5515625 0.3812500000000001
0 0.675 0.3515625000000001 0.571875 0.3515625000000001 0.571875 0.3812500000000001 0.675 0.3812500000000001
0 0.7390625 0.3515625000000001 0.6890625 0.3515625000000001 0.6890625 0.3828125000000001 0.7390625 0.3828125000000001
0 0.8078125 0.3515625000000001 0.746875 0.3515625000000001 0.746875 0.37187500000000007 0.8078125 0.37187500000000007
0 0.3453125000000001 0.4015625 0.18281250000000004 0.4015625 0.18281250000000004 0.434375 0.3453125000000001 0.434375
0 0.4484375 0.4140625 0.3687500000000001 0.4140625 0.3687500000000001 0.4265625 0.4484375 0.4265625
0 0.5 0.403125 0.4671875 0.403125 0.4671875 0.425 0.5 0.425
0 0.7203125 0.4046875 0.5203125 0.4046875 0.5203125 0.43125 0.7203125 0.43125
0 0.440625 0.4578125 0.19531250000000006 0.4578125 0.19531250000000006 0.484375 0.440625 0.484375
0 0.4859375 0.45625 0.45625 0.45625 0.45625 0.475 0.4859375 0.475
0 0.7296875 0.4562500000000001 0.5140625 0.45625 0.5140625 0.4765625000000001 0.7296875 0.47656250000000017
0 0.4609375 0.50625 0.19687500000000005 0.50625 0.19687500000000005 0.534375 0.4609375 0.534375
0 0.5546875 0.5078125 0.475 0.5078125 0.475 0.528125 0.5546875 0.528125
0 0.6765625 0.50625 0.5796875 0.50625 0.5796875 0.5265625 0.6765625 0.5265625
0 0.9265625 0.5062500000000001 0.7 0.50625 0.7 0.5281250000000001 0.9265625 0.5281250000000002
0 0.2515625000000001 0.5546875 0.1921875000000001 0.5546875 0.1921875000000001 0.578125 0.2515625000000001 0.578125
0 0.434375 0.5546875 0.27812500000000007 0.5546875 0.27812500000000007 0.5859375 0.434375 0.5859375
0 0.53125 0.55625 0.4546875 0.55625 0.4546875 0.575 0.53125 0.575
0 0.6765625 0.553125 0.5546875 0.553125 0.5546875 0.5859375 0.6765625 0.5859375
0 0.74375 0.5546875000000001 0.6984375 0.5546875 0.6984375 0.5875000000000001 0.74375 0.5875000000000001
0 0.80625 0.5562500000000001 0.75 0.5562500000000001 0.75 0.5781250000000002 0.80625 0.5781250000000002
0 0.26250000000000007 0.6078125 0.1781250000000001 0.6078125 0.1781250000000001 0.634375 0.26250000000000007 0.634375
0 0.2734375000000001 0.6265625 0.27031250000000007 0.6265625 0.27031250000000007 0.6296875 0.2734375000000001 0.6296875
0 0.3703125000000001 0.609375 0.30156250000000007 0.609375 0.30156250000000007 0.628125 0.3703125000000001 0.628125
0 0.621875 0.609375 0.3937500000000001 0.609375 0.3937500000000001 0.634375 0.621875 0.634375
0 0.7234375 0.609375 0.63125 0.609375 0.63125 0.6296875 0.7234375 0.6296875
0 0.915625 0.6109375000000001 0.7359375 0.6109375000000001 0.7359375 0.6390625000000002 0.915625 0.6390625000000002
0 0.3078125000000001 0.6546875 0.18750000000000008 0.6546875 0.18750000000000008 0.6796875 0.3078125000000001 0.6796875
0 0.3578125000000001 0.6578125 0.3234375000000001 0.6578125 0.3234375000000001 0.678125 0.3578125000000001 0.678125
0 0.45625 0.665625 0.3671875000000001 0.665625 0.3671875000000001 0.6796875 0.45625 0.6796875
0 0.71875 0.6546875 0.471875 0.6546875 0.471875 0.6875 0.71875 0.6875
0 0.76875 0.6562500000000002 0.740625 0.6562500000000002 0.740625 0.6765625000000002 0.76875 0.6765625000000002
0 0.9046875 0.6546875000000002 0.7890625 0.6546875000000002 0.7890625 0.6781250000000002 0.9046875 0.6781250000000002
0 0.4125000000000001 0.7078125 0.19531250000000008 0.7078125 0.19531250000000008 0.73125 0.4125000000000002 0.73125
0 0.42968750000000017 0.7265625 0.4187500000000002 0.7265625 0.4187500000000002 0.7390625 0.42968750000000017 0.7390625
0 0.5906250000000001 0.7078125 0.459375 0.7078125 0.4593750000000001 0.7390625 0.5906250000000002 0.7390625
0 0.6765625000000001 0.70625 0.615625 0.70625 0.6156250000000001 0.7265625 0.6765625000000002 0.7265625
0 0.81875 0.7046875000000001 0.703125 0.7046875 0.7031250000000001 0.7328125000000001 0.81875 0.7328125000000002