0 0.19375000000000003 0.2078125 0.13906250000000003 0.2078125 0.13906250000000003 0.2296875 0.19375000000000003 0.2296875
0 0.2875 0.2078125 0.209375 0.2078125 0.209375 0.2359375 0.2875 0.2359375
0 0.3421875 0.2140625 0.3 0.2140625 0.3 0.2265625 0.3421875 0.2265625
0 0.421875 0.21093750000000006 0.3578125 0.2109375 0.3578125 0.22656250000000006 0.421875 0.22656250000000008
0 0.5203125 0.20468750000000008 0.4328125 0.20468750000000008 0.4328125 0.2328125000000001 0.5203125 0.2328125000000001
0 0.61875 0.20468750000000008 0.55 0.20468750000000008 0.55 0.22656250000000008 0.61875 0.22656250000000008
0 0.6796875 0.20468750000000008 0.640625 0.20468750000000008 0.640625 0.2234375000000001 0.6796875 0.2234375000000001
0 0.846875 0.20468750000000008 0.7046875 0.20468750000000008 0.7046875 0.2250000000000001 0.846875 0.2250000000000001
0 0.2546875 0.2609375 0.14531250000000004 0.2609375 0.14531250000000004 0.2828125 0.2546875 0.2828125
0 0.271875 0.2734375 0.2609375 0.2734375 0.2609375 0.284375 0.271875 0.284375
0 0.3453125 0.2609375 0.2875 0.2609375 0.2875 0.2765625 0.3453125 0.2765625
0 0.428125 0.2640625000000001 0.3703125 0.2640625000000001 0.3703125 0.2921875000000001 0.428125 0.2921875000000001
0 0.4921875 0.2531250000000001 0.465625 0.2531250000000001 0.465625 0.2750000000000001 0.4921875 0.2750000000000001
0 0.615625 0.2531250000000001 0.509375 0.2531250000000001 0.509375 0.2843750000000001 0.615625 0.2843750000000001
0 0.6578125 0.2515625000000001 0.6359375 0.2515625000000001 0.6359375 0.27031250000000007 0.6578125 0.27031250000000007
0 0.8078125 0.2500000000000001 0.684375 0.2500000000000001 0.684375 0.2718750000000001 0.8078125 0.2718750000000001
0 0.8453125 0.2640625000000001 0.8265625 0.2640625000000001 0.8265625 0.2750000000000001 0.8453125 0.2750000000000001
0 0.19687500000000005 0.3078125 0.13906250000000003 0.3078125 0.13906250000000003 0.328125 0.19687500000000005 0.328125
0 0.246875 0.309375 0.21875 0.309375 0.21875 0.334375 0.246875 0.334375
0 0.371875 0.30781250000000004 0.259375 0.3078125 0.259375 0.32812500000000006 0.371875 0.3281250000000001
0 0.41875 0.3078125000000001 0.3921875 0.3078125000000001 0.3921875 0.32500000000000007 0.41875 0.32500000000000007
0 0.4953125 0.30937500000000007 0.4296875 0.30937500000000007 0.4296875 0.3265625000000001 0.4953125 0.3265625000000001
0 0.5375 0.3078125000000001 0.5109375 0.3078125000000001 0.5109375 0.3281250000000001 0.5375 0.3281250000000001
0 0.578125 0.3046875000000001 0.54375 0.3046875000000001 0.54375 0.32500000000000007 0.578125 0.32500000000000007
0 0.6609375 0.3046875000000001 0.5953125 0.3046875000000001 0.5953125 0.32500000000000007 0.6609375 0.32500000000000007
0 0.671875 0.3234375000000001 0.66875 0.3234375000000001 0.66875 0.32500000000000007 0.671875 0.32500000000000007
0 0.7109375 0.3078125000000001 0.6828125 0.3078125000000001 0.6828125 0.3234375000000001 0.7109375 0.3234375000000001
0 0.7640625 0.3046875000000001 0.728125 0.3046875000000001 0.728125 0.32500000000000007 0.7640625 0.32500000000000007
0 0.8515625 0.3046875000000001 0.78125 0.3046875000000001 0.78125 0.3234375000000001 0.8515625 0.3234375000000001
0 0.22500000000000003 0.3546875 0.13593750000000004 0.3546875 0.13593750000000004 0.3765625 0.2250000000000001 0.3765625
0 0.2671875 0.353125 0.2265625 0.353125 0.22656250000000006 0.3734375 0.2671875000000001 0.3734375
0 0.36250000000000004 0.3609375 0.28125 0.3609375 0.28125000000000006 0.384375 0.3625000000000001 0.384375
0 0.4390625 0.3531250000000001 0.3796875 0.3531250000000001 0.37968750000000007 0.3828125000000001 0.4390625 0.3828125000000001
0 0.5125 0.3515625000000001 0.44375 0.3515625000000001 0.44375 0.3843750000000001 0.5125 0.3843750000000001
0 0.6171875 0.3546875000000001 0.534375 0.3546875000000001 0.534375 0.3765625000000001 0.6171875 0.3765625000000001
0 0.8171875 0.3546875000000001 0.6359375 0.3546875000000001 0.6359375 0.3843750000000001 0.8171875 0.3843750000000001
0 0.86875 0.3546875000000001 0.834375 0.3546875000000001 0.834375 0.38750000000000007 0.86875 0.38750000000000007
0 0.2468750000000001 0.403125 0.13906250000000003 0.403125 0.13906250000000003 0.43125 0.2468750000000001 0.43125
0 0.4578125 0.409375 0.2718750000000001 0.409375 0.2718750000000001 0.440625 0.4578125 0.440625
0 0.53125 0.4078125 0.46875 0.4078125 0.46875 0.4265625 0.53125 0.4265625
0 0.5796875 0.4140625 0.5390625 0.4140625 0.5390625 0.428125 0.5796875 0.428125
0 0.6734375 0.4046875 0.5921875 0.4046875 0.5921875 0.4390625 0.6734375 0.4390625
0 0.8328125 0.4078125000000001 0.6953125 0.4078125 0.6953125 0.4375000000000001 0.8328125 0.43750000000000017
0 0.16562500000000005 0.4625 0.13906250000000003 0.4625 0.13906250000000003 0.478125 0.16562500000000005 0.478125
0 0.2718750000000001 0.4609375 0.18593750000000003 0.4609375 0.18593750000000003 0.490625 0.2718750000000001 0.490625
0 0.4046875 0.45625 0.2796875000000001 0.45625 0.2796875000000001 0.4921875 0.4046875 0.4921875
0 0.4203125 0.475 0.409375 0.475 0.409375 0.4859375 0.4203125 0.4859375
0 0.528125 0.4546875 0.43125 0.4546875 0.43125 0.478125 0.528125 0.478125
0 0.5921875 0.4609375 0.5390625 0.4609375 0.5390625 0.478125 0.5921875 0.478125
0 0.725 0.45625 0.6015625 0.45625 0.6015625 0.478125 0.725 0.478125
0 0.7796875 0.4593750000000002 0.74375 0.4593750000000002 0.74375 0.4890625000000002 0.7796875 0.4890625000000002
0 0.3156250000000001 0.5078125 0.13906250000000003 0.5078125 0.13906250000000003 0.540625 0.3156250000000001 0.540625
0 0.32500000000000007 0.528125 0.3203125000000001 0.528125 0.3203125000000001 0.53125 0.32500000000000007 0.53125
0 0.478125 0.5109375 0.3437500000000001 0.5109375 0.3437500000000001 0.53125 0.478125 0.53125
0 0.571875 0.5140625 0.490625 0.5140625 0.490625 0.5421875 0.571875 0.5421875
0 0.71875 0.5046875 0.5890625 0.5046875 0.5890625 0.5296875 0.71875 0.5296875
0 0.7953125 0.5078125000000002 0.740625 0.5078125000000002 0.740625 0.5250000000000001 0.7953125 0.5250000000000001
0 0.8328125 0.5171875000000001 0.8109375 0.5171875000000001 0.8109375 0.5281250000000002 0.8328125 0.5281250000000002
0 0.8796875 0.5093750000000001 0.8453125 0.5093750000000001 0.8453125 0.5265625000000002 0.8796875 0.5265625000000002
0 0.3140625000000001 0.5578125 0.1375000000000001 0.5578125 0.1375000000000001 0.590625 0.3140625000000001 0.590625
0 0.3828125000000001 0.5578125 0.3375000000000001 0.5578125 0.3375000000000001 0.590625 0.3828125000000001 0.590625
0 0.4546875 0.55625 0.38750000000000007 0.55625 0.38750000000000007 0.590625 0.4546875 0.590625
0 0.4703125 0.5765625 0.4546875 0.5765625 0.4546875 0.5875 0.4703125 0.5875
0 0.5375 0.5609375 0.4828125 0.5609375 0.4828125 0.5796875 0.5375 0.5796875
0 0.6265625 0.5546875 0.546875 0.5546875 0.546875 0.5796875 0.6265625 0.5796875
0 0.6375 0.5734375 0.625 0.5734375 0.625 0.5875 0.6375 0.5875
0 0.7546875 0.5578125 0.65 0.5578125 0.65 0.5796875000000001 0.7546875 0.5796875000000001
0 0.76875 0.5765625000000002 0.75625 0.5765625000000002 0.75625 0.5890625000000002 0.76875 0.5890625000000002
0 0.8796875 0.5546875000000002 0.7796875 0.5546875000000002 0.7796875 0.5921875000000002 0.8796875 0.5921875000000002
0 0.1984375000000001 0.6109375 0.1375000000000001 0.6109375 0.1375000000000001 0.6296875 0.1984375000000001 0.6296875
0 0.3437500000000001 0.60625 0.2093750000000001 0.60625 0.2093750000000001 0.6375 0.3437500000000001 0.6375
0 0.40625 0.615625 0.36406250000000007 0.615625 0.36406250000000007 0.628125 0.40625 0.628125
0 0.684375 0.6046875 0.43125 0.6046875 0.43125 0.6390625 0.684375 0.6390625
0 0.73125 0.6062500000000001 0.709375 0.60625 0.709375 0.6250000000000001 0.73125 0.6250000000000002
0 0.7828125 0.6062500000000002 0.7421875 0.6062500000000002 0.7421875 0.6234375000000002 0.7828125 0.6234375000000002
0 0.871875 0.6125000000000002 0.8078125 0.6125000000000002 0.8078125 0.6265625000000001 0.871875 0.6265625000000001
0 0.2250000000000001 0.6609375 0.14843750000000008 0.6609375 0.14843750000000008 0.6828125 0.2250000000000001 0.6828125
0 0.3859375000000001 0.6578125 0.2515625000000001 0.6578125 0.2515625000000001 0.696875 0.3859375000000001 0.696875
0 0.5125 0.65 0.403125 0.65 0.403125 0.6890625 0.5125 0.6890625
0 0.5796875 0.6625 0.53125 0.6625 0.53125 0.68125 0.5796875 0.68125
0 0.625 0.659375 0.5953125 0.659375 0.5953125 0.678125 0.625 0.678125
0 0.7875 0.6578125000000001 0.646875 0.6578125 0.646875 0.6812500000000001 0.7875 0.6812500000000001
0 0.88125 0.6593750000000002 0.8140625 0.6593750000000002 0.8140625 0.6796875000000002 0.88125 0.6796875000000002
0 0.27812500000000007 0.70625 0.16562500000000008 0.70625 0.16562500000000008 0.7484375 0.27812500000000007 0.7484375
0 0.2921875000000001 0.728125 0.2890625000000001 0.728125 0.2890625000000001 0.7328125 0.2921875000000001 0.7328125