0 0.19062500000000004 0.21875 0.13437500000000005 0.21875 0.13437500000000005 0.228125 0.19062500000000004 0.228125
0 0.21875 0.215625 0.203125 0.215625 0.203125 0.228125 0.21875 0.228125
0 0.253125 0.221875 0.225 0.221875 0.225 0.2296875 0.253125 0.2296875
0 0.34375 0.2203125 0.259375 0.2203125 0.259375 0.2296875 0.34375 0.2296875
0 0.375 0.21875000000000006 0.3578125 0.21875 0.3578125 0.22812500000000005 0.375 0.22812500000000008
0 0.478125 0.2234375000000001 0.38125 0.2234375000000001 0.38125 0.23593750000000008 0.478125 0.23593750000000008
0 0.54375 0.21875000000000008 0.490625 0.21875000000000008 0.490625 0.22812500000000008 0.54375 0.22812500000000008
0 0.6078125 0.2156250000000001 0.55625 0.2156250000000001 0.55625 0.2296875000000001 0.6078125 0.2296875000000001
0 0.69375 0.2171875000000001 0.615625 0.2171875000000001 0.615625 0.2312500000000001 0.69375 0.2312500000000001
0 0.721875 0.21250000000000008 0.703125 0.21250000000000008 0.703125 0.22812500000000008 0.721875 0.22812500000000008
0 0.8296875 0.2140625000000001 0.73125 0.2140625000000001 0.73125 0.2312500000000001 0.8296875 0.2312500000000001
0 0.8640625 0.2171875000000001 0.840625 0.2171875000000001 0.840625 0.22812500000000008 0.8640625 0.22812500000000008
0 0.2359375 0.26875 0.13750000000000004 0.26875 0.13750000000000004 0.284375 0.2359375 0.284375
0 0.24375 0.2765625 0.240625 0.2765625 0.240625 0.2796875 0.24375 0.2796875
0 0.2890625 0.26875 0.253125 0.26875 0.253125 0.28125 0.2890625 0.28125
0 0.4546875 0.26875000000000004 0.3 0.26875 0.3 0.2828125 0.4546875 0.2828125000000001
0 0.615625 0.2687500000000001 0.4640625 0.2687500000000001 0.4640625 0.2828125000000001 0.615625 0.2828125000000001
0 0.6796875 0.27031250000000007 0.6234375 0.27031250000000007 0.6234375 0.2812500000000001 0.6796875 0.2812500000000001
0 0.765625 0.2656250000000001 0.6890625 0.2656250000000001 0.6890625 0.2812500000000001 0.765625 0.2812500000000001
0 0.8 0.27031250000000007 0.7703125 0.27031250000000007 0.7703125 0.2812500000000001 0.8 0.2812500000000001
0 0.8171875 0.2734375000000001 0.8078125 0.2734375000000001 0.8078125 0.27812500000000007 0.8171875 0.27812500000000007
0 0.890625 0.26250000000000007 0.8265625 0.26250000000000007 0.8265625 0.2796875000000001 0.890625 0.2796875000000001
0 0.2375 0.31875 0.14062500000000006 0.31875 0.14062500000000006 0.3328125 0.2375 0.3328125
0 0.2703125 0.3203125 0.2515625 0.3203125 0.2515625 0.3328125 0.2703125 0.3328125
0 0.40625 0.3140625 0.284375 0.3140625 0.284375 0.33593750000000006 0.40625 0.3359375000000001
0 0.4140625 0.3281250000000001 0.4109375 0.3281250000000001 0.4109375 0.3312500000000001 0.4140625 0.3312500000000001
0 0.5171875 0.3156250000000001 0.425 0.3156250000000001 0.425 0.3343750000000001 0.5171875 0.3343750000000001
0 0.534375 0.32500000000000007 0.525 0.32500000000000007 0.525 0.3312500000000001 0.534375 0.3312500000000001
0 0.6890625 0.3187500000000001 0.54375 0.3187500000000001 0.54375 0.3312500000000001 0.6890625 0.3312500000000001
0 0.775 0.3156250000000001 0.703125 0.3156250000000001 0.703125 0.3312500000000001 0.775 0.3312500000000001
0 0.8078125 0.3203125000000001 0.7859375 0.3203125000000001 0.7859375 0.33281250000000007 0.8078125 0.33281250000000007
0 0.2593750000000001 0.371875 0.13750000000000004 0.371875 0.13750000000000004 0.3875 0.2593750000000001 0.3875
0 0.29375000000000007 0.3765625 0.2687500000000001 0.3765625 0.2687500000000001 0.3828125 0.29375000000000007 0.3828125
0 0.3515625000000001 0.36875 0.2984375000000001 0.36875 0.2984375000000001 0.3828125 0.3515625000000001 0.3828125
0 0.3781250000000001 0.37500000000000006 0.35625000000000007 0.375 0.35625000000000007 0.38125000000000003 0.3781250000000001 0.3812500000000001
0 0.4578125 0.3656250000000001 0.3906250000000001 0.3656250000000001 0.3906250000000001 0.3812500000000001 0.4578125 0.3812500000000001
0 0.490625 0.37187500000000007 0.4703125 0.37187500000000007 0.4703125 0.3843750000000001 0.490625 0.3843750000000001
0 0.6421875 0.3671875000000001 0.5046875 0.3671875000000001 0.5046875 0.3843750000000001 0.6421875 0.3843750000000001
0 0.68125 0.37187500000000007 0.653125 0.37187500000000007 0.653125 0.3828125000000001 0.68125 0.3828125000000001
0 0.7375 0.3750000000000001 0.6890625 0.3750000000000001 0.6890625 0.3828125000000001 0.7375 0.3828125000000001
0 0.7484375 0.37968750000000007 0.7453125 0.37968750000000007 0.7453125 0.3843750000000001 0.7484375 0.3843750000000001
0 0.84375 0.3734375000000001 0.7515625 0.3734375000000001 0.7515625 0.3828125000000001 0.84375 0.3828125000000001
0 0.8984375 0.3656250000000001 0.8546875 0.3656250000000001 0.8546875 0.3812500000000001 0.8984375 0.3812500000000001
0 0.3281250000000001 0.4203125 0.14062500000000006 0.4203125 0.14062500000000006 0.4328125 0.3281250000000001 0.4328125
0 0.3390625000000001 0.43125 0.3359375000000001 0.43125 0.3359375000000001 0.434375 0.3390625000000001 0.434375
0 0.4140625 0.4171875 0.3500000000000001 0.4171875 0.3500000000000001 0.4328125 0.4140625 0.4328125
0 0.475 0.421875 0.4296875 0.421875 0.4296875 0.4296875 0.475 0.4296875
0 0.5765625 0.4203125 0.4875 0.4203125 0.4875 0.4359375 0.5765625 0.4359375
0 0.6140625 0.421875 0.5875 0.421875 0.5875 0.43125 0.6140625 0.43125
0 0.6609375 0.4203125 0.6203125 0.4203125 0.6203125 0.43125 0.6609375 0.43125
0 0.8125 0.4171875000000001 0.6734375 0.4171875 0.6734375 0.4328125000000001 0.8125 0.43281250000000016
0 0.23437500000000008 0.471875 0.14062500000000006 0.471875 0.14062500000000006 0.4890625 0.23437500000000008 0.4890625
0 0.38750000000000007 0.4671875 0.24375000000000008 0.4671875 0.24375000000000008 0.4828125 0.38750000000000007 0.4828125
0 0.4203125 0.4671875 0.3968750000000001 0.4671875 0.3968750000000001 0.48125 0.4203125 0.48125
0 0.484375 0.46875 0.43125 0.46875 0.43125 0.48125 0.484375 0.48125
0 0.5765625 0.471875 0.496875 0.471875 0.496875 0.4828125 0.5765625 0.4828125
0 0.584375 0.48125 0.5796875 0.48125 0.5796875 0.484375 0.584375 0.484375
0 0.7375 0.46562500000000007 0.59375 0.465625 0.59375 0.4859375000000001 0.7375 0.4859375000000002
0 0.89375 0.46406250000000016 0.7546875 0.46406250000000016 0.7546875 0.48750000000000016 0.89375 0.48750000000000016
0 0.903125 0.47968750000000016 0.8984375 0.47968750000000016 0.8984375 0.48437500000000017 0.903125 0.48437500000000017
0 0.26250000000000007 0.51875 0.13750000000000004 0.51875 0.13750000000000004 0.5390625 0.26250000000000007 0.5390625
0 0.3109375000000001 0.521875 0.2765625000000001 0.521875 0.2765625000000001 0.5328125 0.3109375000000001 0.5328125
0 0.3984375000000001 0.521875 0.3203125000000001 0.521875 0.3203125000000001 0.5328125 0.3984375000000001 0.5328125
0 0.509375 0.51875 0.4125 0.51875 0.4125 0.534375 0.509375 0.534375
0 0.571875 0.521875 0.5203125 0.521875 0.5203125 0.534375 0.571875 0.534375
0 0.6953125 0.5203125 0.584375 0.5203125 0.584375 0.534375 0.6953125 0.534375
0 0.840625 0.5140625000000001 0.703125 0.5140625 0.703125 0.5312500000000001 0.840625 0.5312500000000002
0 0.8515625 0.5281250000000002 0.846875 0.5281250000000002 0.846875 0.5343750000000002 0.8515625 0.5343750000000002
0 0.32500000000000007 0.56875 0.13437500000000008 0.56875 0.13437500000000008 0.5859375 0.32500000000000007 0.5859375
0 0.32500000000000007 0.56875 0.13437500000000008 0.56875 0.13437500000000008 0.584375 0.32500000000000007 0.584375
0 0.3453125000000001 0.56875 0.3421875000000001 0.56875 0.3421875000000001 0.571875 0.3453125000000001 0.571875
0 0.3578125000000001 0.578125 0.3359375000000001 0.578125 0.3359375000000001 0.5828125 0.3578125000000001 0.5828125
0 0.4046875 0.5734375 0.3671875000000001 0.5734375 0.3671875000000001 0.584375 0.4046875 0.584375
0 0.446875 0.5703125 0.4109375 0.5703125 0.4109375 0.5828125 0.446875 0.5828125
0 0.5515625 0.571875 0.4625 0.571875 0.4625 0.5828125 0.5515625 0.5828125
0 0.76875 0.5687500000000001 0.5640625 0.56875 0.5640625 0.5843750000000001 0.76875 0.5843750000000002
0 0.834375 0.5718750000000001 0.7765625 0.5718750000000001 0.7765625 0.5812500000000002 0.834375 0.5812500000000002
0 0.88125 0.5765625000000002 0.8421875 0.5765625000000002 0.8421875 0.5828125000000002 0.88125 0.5828125000000002
0 0.2921875000000001 0.6203125 0.1359375000000001 0.6203125 0.1359375000000001 0.640625 0.2921875000000001 0.640625
0 0.4265625 0.621875 0.2812500000000001 0.621875 0.2812500000000001 0.634375 0.4265625 0.634375
0 0.5234375 0.6234375 0.4421875 0.6234375 0.4421875 0.634375 0.5234375 0.634375
0 0.4953125 0.6171875 0.4921875 0.6171875 0.4921875 0.61875 0.4953125 0.61875
0 0.6 0.6234375 0.53125 0.6234375 0.53125 0.6359375 0.6 0.6359375
0 0.746875 0.6234375000000001 0.6171875 0.6234375 0.6171875 0.6359375 0.746875 0.6359375000000002
0 0.8203125 0.6234375000000002 0.7609375 0.6234375000000002 0.7609375 0.6343750000000001 0.8203125 0.6343750000000001
0 0.22031250000000008 0.66875 0.1359375000000001 0.66875 0.1359375000000001 0.6890625 0.22031250000000008 0.6890625
0 0.2734375000000001 0.6734375 0.2375000000000001 0.6734375 0.2375000000000001 0.684375 0.2734375000000001 0.684375
0 0.3531250000000001 0.6734375 0.2906250000000001 0.6734375 0.2906250000000001 0.684375 0.3531250000000001 0.684375
0 0.4125 0.6734375 0.3671875000000001 0.6734375 0.3671875000000001 0.684375 0.4125 0.684375
0 0.490625 0.678125 0.4265625 0.678125 0.4265625 0.690625 0.490625 0.690625
0 0.5296875 0.6703125 0.5078125 0.6703125 0.5078125 0.6859375 0.5296875 0.6859375
0 0.575 0.6734375 0.5390625 0.6734375 0.5390625 0.684375 0.575 0.684375
0 0.6953125 0.675 0.5875 0.675 0.5875 0.6890625 0.6953125 0.6890625
0 0.828125 0.6687500000000001 0.7109375 0.66875 0.7109375 0.6890625000000001 0.828125 0.6890625000000001
0 0.8390625 0.6796875000000002 0.834375 0.6796875000000002 0.834375 0.6812500000000001 0.8390625 0.6812500000000001