0 0.2 0.19531250000000003 0.14062500000000006 0.1953125 0.14062500000000006 0.2171875 0.2 0.2171875
0 0.29375 0.19062500000000004 0.2140625 0.19062500000000004 0.2140625 0.2203125 0.29375 0.2203125
0 0.3265625 0.19531250000000006 0.3078125 0.19531250000000006 0.3078125 0.2203125 0.3265625 0.2203125
0 0.3671875 0.19375000000000003 0.3390625 0.19375000000000003 0.3390625 0.21562500000000004 0.3671875 0.2156250000000001
0 0.484375 0.19531250000000006 0.3828125 0.19531250000000006 0.3828125 0.2234375000000001 0.484375 0.2234375000000001
0 0.51875 0.19375000000000003 0.5 0.19375000000000003 0.5 0.2234375000000001 0.51875 0.2234375000000001
0 0.61875 0.19687500000000008 0.534375 0.19687500000000005 0.534375 0.21875000000000008 0.61875 0.21875000000000008
0 0.6375 0.2156250000000001 0.6359375 0.2156250000000001 0.6359375 0.2234375000000001 0.6375 0.2234375000000001
0 0.7359375 0.19531250000000008 0.640625 0.19531250000000008 0.640625 0.22656250000000008 0.7359375 0.22656250000000008
0 0.7765625 0.1937500000000001 0.7515625 0.1937500000000001 0.7515625 0.22031250000000008 0.7765625 0.22031250000000008
0 0.8796875 0.19531250000000008 0.7875 0.19531250000000008 0.7875 0.21875000000000008 0.8796875 0.21875000000000008
0 0.2578125 0.2515625 0.13906250000000003 0.2515625 0.13906250000000003 0.271875 0.2578125 0.271875
0 0.3140625 0.2484375 0.271875 0.2484375 0.271875 0.2703125 0.3140625 0.2703125
0 0.396875 0.24843750000000003 0.33125 0.2484375 0.33125 0.27031250000000007 0.396875 0.27031250000000007
0 0.5125 0.2468750000000001 0.41875 0.2468750000000001 0.41875 0.2718750000000001 0.5125 0.2718750000000001
0 0.565625 0.26250000000000007 0.528125 0.26250000000000007 0.528125 0.2718750000000001 0.565625 0.2718750000000001
0 0.603125 0.2468750000000001 0.5796875 0.2468750000000001 0.5796875 0.2734375000000001 0.603125 0.2734375000000001
0 0.684375 0.26250000000000007 0.615625 0.26250000000000007 0.615625 0.2718750000000001 0.684375 0.2718750000000001
0 0.821875 0.2468750000000001 0.6953125 0.2468750000000001 0.6953125 0.2734375000000001 0.821875 0.2734375000000001
0 0.859375 0.2609375000000001 0.8375 0.2609375000000001 0.8375 0.27031250000000007 0.859375 0.27031250000000007
0 0.2171875 0.2953125 0.13125000000000003 0.2953125 0.13125000000000003 0.325 0.2171875 0.325
0 0.2484375 0.2984375 0.2265625 0.2984375 0.2265625 0.31875 0.2484375 0.31875
0 0.290625 0.2953125 0.2625 0.2953125 0.2625 0.31875 0.290625 0.31875
0 0.3265625 0.2953125 0.3 0.2953125 0.3 0.31875 0.3265625 0.31875
0 0.4015625 0.29687500000000006 0.334375 0.296875 0.334375 0.32031250000000006 0.4015625 0.3203125000000001
0 0.4078125 0.31718750000000007 0.4046875 0.31718750000000007 0.4046875 0.3187500000000001 0.4078125 0.3187500000000001
0 0.5015625 0.2984375000000001 0.4140625 0.2984375000000001 0.4140625 0.3203125000000001 0.5015625 0.3203125000000001
0 0.5328125 0.2984375000000001 0.5125 0.2984375000000001 0.5125 0.3234375000000001 0.5328125 0.3234375000000001
0 0.5765625 0.2984375000000001 0.5421875 0.2984375000000001 0.5421875 0.3187500000000001 0.5765625 0.3187500000000001
0 0.690625 0.2984375000000001 0.5828125 0.2984375000000001 0.5828125 0.3187500000000001 0.690625 0.3187500000000001
0 0.74375 0.3078125000000001 0.7046875 0.3078125000000001 0.7046875 0.3265625000000001 0.74375 0.3265625000000001
0 0.853125 0.2984375000000001 0.75 0.2984375000000001 0.75 0.3187500000000001 0.853125 0.3187500000000001
0 0.15781250000000005 0.3484375 0.13750000000000004 0.3484375 0.13750000000000004 0.3734375 0.15781250000000005 0.3734375
0 0.20000000000000004 0.346875 0.17187500000000006 0.346875 0.17187500000000006 0.3703125 0.2000000000000001 0.3703125
0 0.25625000000000003 0.3609375 0.215625 0.3609375 0.21562500000000004 0.36875 0.2562500000000001 0.36875
0 0.3140625 0.3484375 0.259375 0.3484375 0.259375 0.3671875 0.3140625000000001 0.3671875
0 0.4703125 0.34687500000000004 0.3296875 0.346875 0.3296875 0.37500000000000006 0.4703125 0.3750000000000001
0 0.5296875 0.3468750000000001 0.4921875 0.3468750000000001 0.4921875 0.3671875000000001 0.5296875 0.3671875000000001
0 0.634375 0.3500000000000001 0.54375 0.3500000000000001 0.54375 0.3687500000000001 0.634375 0.3687500000000001
0 0.66875 0.3531250000000001 0.6453125 0.3531250000000001 0.6453125 0.3750000000000001 0.66875 0.3750000000000001
0 0.775 0.3515625000000001 0.6859375 0.3515625000000001 0.6859375 0.37187500000000007 0.775 0.37187500000000007
0 0.88125 0.34843750000000007 0.7859375 0.34843750000000007 0.7859375 0.3828125000000001 0.88125 0.3828125000000001
0 0.3375000000000001 0.4015625 0.13906250000000003 0.4015625 0.13906250000000003 0.4328125 0.3375000000000001 0.4328125
0 0.3968750000000001 0.4125 0.3609375000000001 0.4125 0.3609375000000001 0.4328125 0.3968750000000001 0.4328125
0 0.4125 0.415625 0.409375 0.415625 0.409375 0.421875 0.4125 0.421875
0 0.5296875 0.3968750000000001 0.421875 0.3968750000000001 0.421875 0.425 0.5296875 0.425
0 0.5703125 0.409375 0.54375 0.409375 0.54375 0.4203125 0.5703125 0.4203125
0 0.6 0.409375 0.5828125 0.409375 0.5828125 0.41875 0.6 0.41875
0 0.7453125 0.39531250000000007 0.6078125 0.39531250000000007 0.6078125 0.4281250000000001 0.7453125 0.4281250000000002
0 0.7796875 0.3984375000000001 0.7578125 0.3984375000000001 0.7578125 0.42500000000000016 0.7796875 0.42500000000000016
0 0.828125 0.4000000000000002 0.7953125 0.4000000000000002 0.7953125 0.4203125000000002 0.828125 0.4203125000000002
0 0.20468750000000008 0.446875 0.14843750000000006 0.446875 0.14843750000000006 0.471875 0.20468750000000008 0.471875
0 0.3500000000000001 0.4484375 0.2250000000000001 0.4484375 0.2250000000000001 0.478125 0.3500000000000001 0.478125
0 0.36406250000000007 0.465625 0.3609375000000001 0.465625 0.3609375000000001 0.4734375 0.36406250000000007 0.4734375
0 0.4078125 0.45 0.3625000000000001 0.45 0.3625000000000001 0.46875 0.4078125 0.46875
0 0.478125 0.4484375 0.4203125 0.4484375 0.4203125 0.46875 0.478125 0.46875
0 0.540625 0.45 0.4921875 0.45 0.4921875 0.4671875 0.540625 0.4671875
0 0.6015625 0.446875 0.553125 0.446875 0.553125 0.46875 0.6015625 0.46875
0 0.640625 0.45 0.6171875 0.45 0.6171875 0.4703125 0.640625 0.4703125
0 0.71875 0.446875 0.64375 0.446875 0.64375 0.471875 0.71875 0.471875
0 0.7734375 0.44843750000000016 0.7359375 0.44843750000000016 0.7359375 0.47187500000000016 0.7734375 0.47187500000000016
0 0.2500000000000001 0.4984375 0.14062500000000006 0.4984375 0.14062500000000006 0.5234375 0.2500000000000001 0.5234375
0 0.3812500000000001 0.50625 0.2812500000000001 0.50625 0.2812500000000001 0.528125 0.3812500000000001 0.528125
0 0.3984375000000001 0.51875 0.3937500000000001 0.51875 0.3937500000000001 0.5203125 0.3984375000000001 0.5203125