0 0.18593750000000003 0.25625 0.14687500000000003 0.25625 0.14687500000000003 0.278125 0.18593750000000003 0.278125
0 0.328125 0.253125 0.2 0.253125 0.2 0.2890625 0.328125 0.2890625
0 0.4234375 0.25312500000000004 0.346875 0.253125 0.346875 0.275 0.4234375 0.2750000000000001
0 0.5828125 0.25468750000000007 0.44375 0.25468750000000007 0.44375 0.2765625000000001 0.5828125 0.2765625000000001
0 0.63125 0.2500000000000001 0.6 0.2500000000000001 0.6 0.2750000000000001 0.63125 0.2750000000000001
0 0.7109375 0.2593750000000001 0.6546875 0.2593750000000001 0.6546875 0.27812500000000007 0.7109375 0.27812500000000007
0 0.7703125 0.2578125000000001 0.7375 0.2578125000000001 0.7375 0.2812500000000001 0.7703125 0.2812500000000001
0 0.8203125 0.25468750000000007 0.7828125 0.25468750000000007 0.7828125 0.2750000000000001 0.8203125 0.2750000000000001
0 0.2234375 0.30625 0.14531250000000004 0.30625 0.14531250000000004 0.3375 0.2234375 0.3375
0 0.234375 0.3265625 0.225 0.3265625 0.225 0.3375 0.234375 0.3375
0 0.321875 0.315625 0.2515625 0.315625 0.2515625 0.3296875 0.321875 0.3296875
0 0.384375 0.30625 0.346875 0.30625 0.346875 0.33593750000000006 0.384375 0.3359375000000001
0 0.475 0.2984375000000001 0.4046875 0.2984375000000001 0.4046875 0.32500000000000007 0.475 0.32500000000000007
0 0.653125 0.3046875000000001 0.4984375 0.3046875000000001 0.4984375 0.3437500000000001 0.653125 0.3437500000000001
0 0.746875 0.3109375000000001 0.68125 0.3109375000000001 0.68125 0.3265625000000001 0.746875 0.3265625000000001
0 0.84375 0.3046875000000001 0.7671875 0.3046875000000001 0.7671875 0.3265625000000001 0.84375 0.3265625000000001
0 0.18750000000000006 0.3625 0.13593750000000004 0.3625 0.13593750000000004 0.3765625 0.18750000000000006 0.3765625
0 0.31718750000000007 0.353125 0.20625 0.353125 0.20625000000000004 0.390625 0.31718750000000007 0.390625
0 0.3312500000000001 0.3765625 0.3218750000000001 0.3765625 0.3218750000000001 0.3875 0.3312500000000001 0.3875
0 0.50625 0.35468750000000004 0.340625 0.3546875 0.34062500000000007 0.37968750000000007 0.50625 0.37968750000000007
0 0.5453125 0.3656250000000001 0.515625 0.3656250000000001 0.515625 0.3765625000000001 0.5453125 0.3765625000000001
0 0.6875 0.3546875000000001 0.5609375 0.3546875000000001 0.5609375 0.37968750000000007 0.6875 0.37968750000000007
0 0.7453125 0.3531250000000001 0.7078125 0.3531250000000001 0.7078125 0.3906250000000001 0.7453125 0.3906250000000001
0 0.3187500000000001 0.4015625 0.13125000000000003 0.4015625 0.13125000000000003 0.4359375 0.3187500000000001 0.4359375
0 0.5203125 0.4046875 0.3296875000000001 0.4046875 0.3296875000000001 0.4375 0.5203125 0.4375
0 0.5734375 0.409375 0.54375 0.409375 0.54375 0.428125 0.5734375 0.428125
0 0.628125 0.4046875 0.590625 0.4046875 0.590625 0.4296875 0.628125 0.4296875
0 0.7046875 0.4140625 0.646875 0.4140625 0.646875 0.4265625 0.7046875 0.4265625
0 0.7953125 0.4062500000000001 0.7125 0.40625 0.7125 0.42656250000000007 0.7953125 0.4265625000000002
0 0.8109375 0.4125000000000002 0.796875 0.4125000000000002 0.796875 0.4265625000000002 0.8109375 0.4265625000000002
0 0.865625 0.3968750000000001 0.828125 0.3968750000000001 0.828125 0.4203125000000002 0.865625 0.4203125000000002
0 0.2468750000000001 0.453125 0.13750000000000004 0.453125 0.13750000000000004 0.4765625 0.2468750000000001 0.4765625
0 0.3671875000000001 0.4625 0.2578125000000001 0.4625 0.2578125000000001 0.4890625 0.3671875000000001 0.4890625
0 0.4265625 0.453125 0.3828125000000001 0.453125 0.3828125000000001 0.4828125 0.4265625 0.4828125
0 0.475 0.4546875 0.4359375 0.4546875 0.4359375 0.475 0.475 0.475
0 0.6015625 0.4546875 0.4984375 0.4546875 0.4984375 0.484375 0.6015625 0.484375
0 0.7375 0.4531250000000001 0.61875 0.453125 0.61875 0.4796875000000001 0.7375 0.47968750000000016
0 0.8015625 0.4546875000000002 0.7609375 0.4546875000000002 0.7609375 0.4812500000000002 0.8015625 0.4812500000000002
0 0.30156250000000007 0.5015625 0.13593750000000004 0.5015625 0.13593750000000004 0.5375 0.30156250000000007 0.5375
0 0.5 0.50625 0.3156250000000001 0.50625 0.3156250000000001 0.534375 0.5 0.534375
0 0.540625 0.50625 0.521875 0.50625 0.521875 0.5265625 0.540625 0.5265625
0 0.6546875 0.5046875 0.559375 0.5046875 0.559375 0.5265625 0.6546875 0.5265625
0 0.7296875 0.5062500000000001 0.671875 0.50625 0.671875 0.5265625 0.7296875 0.5265625000000002
0 0.8921875 0.5062500000000002 0.7484375 0.5062500000000002 0.7484375 0.5406250000000001 0.8921875 0.5406250000000001
0 0.18750000000000008 0.5640625 0.1359375000000001 0.5640625 0.1359375000000001 0.590625 0.18750000000000008 0.590625
0 0.2593750000000001 0.55625 0.1984375000000001 0.55625 0.1984375000000001 0.5859375 0.2593750000000001 0.5859375
0 0.27812500000000007 0.5734375 0.2687500000000001 0.5734375 0.2687500000000001 0.584375 0.27812500000000007 0.584375
0 0.34062500000000007 0.559375 0.29375000000000007 0.559375 0.29375000000000007 0.575 0.34062500000000007 0.575
0 0.39531250000000007 0.553125 0.3531250000000001 0.553125 0.3531250000000001 0.5765625 0.39531250000000007 0.5765625
0 0.5015625 0.5671875 0.4125 0.5671875 0.4125 0.5890625 0.5015625 0.5890625
0 0.571875 0.559375 0.5234375 0.559375 0.5234375 0.5859375 0.571875 0.5859375
0 0.634375 0.559375 0.5734375 0.559375 0.5734375 0.5796875 0.634375 0.5796875
0 0.6875 0.55625 0.653125 0.55625 0.653125 0.5828125 0.6875 0.5828125
0 0.7234375 0.5578125 0.6921875 0.5578125 0.6921875 0.5765625 0.7234375 0.5765625
0 0.8515625 0.5546875000000002 0.74375 0.5546875000000002 0.74375 0.5765625000000002 0.8515625 0.5765625000000002
0 0.2000000000000001 0.615625 0.1437500000000001 0.615625 0.1437500000000001 0.628125 0.2000000000000001 0.628125
0 0.30156250000000007 0.60625 0.2140625000000001 0.60625 0.2140625000000001 0.6296875 0.30156250000000007 0.6296875
0 0.3359375000000001 0.6078125 0.31718750000000007 0.6078125 0.31718750000000007 0.6296875 0.3359375000000001 0.6296875
0 0.465625 0.6046875 0.3531250000000001 0.6046875 0.3531250000000001 0.64375 0.465625 0.64375
0 0.521875 0.6046875 0.4828125 0.6046875 0.4828125 0.6234375 0.521875 0.6234375
0 0.596875 0.6109375 0.534375 0.6109375 0.534375 0.628125 0.596875 0.628125
0 0.7171875 0.60625 0.6234375 0.60625 0.6234375 0.634375 0.7171875 0.634375
0 0.76875 0.6062500000000002 0.728125 0.6062500000000002 0.728125 0.6265625000000001 0.76875 0.6265625000000001
0 0.878125 0.6046875000000002 0.7765625 0.6046875000000002 0.7765625 0.6343750000000001 0.878125 0.6343750000000001
0 0.8859375 0.6281250000000002 0.8765625 0.6281250000000002 0.8765625 0.6390625000000002 0.8859375 0.6390625000000002
0 0.21250000000000008 0.6546875 0.13281250000000008 0.6546875 0.13281250000000008 0.68125 0.21250000000000008 0.68125
0 0.2531250000000001 0.65625 0.22812500000000008 0.65625 0.22812500000000008 0.6796875 0.2531250000000001 0.6796875
0 0.2890625000000001 0.659375 0.2656250000000001 0.659375 0.2656250000000001 0.6796875 0.2890625000000001 0.6796875
0 0.3765625000000001 0.659375 0.3000000000000001 0.659375 0.3000000000000001 0.6796875 0.3765625000000001 0.6796875
0 0.4609375 0.653125 0.3906250000000001 0.653125 0.3906250000000001 0.678125 0.4609375 0.678125
0 0.4609375 0.6765625 0.45 0.6765625 0.45 0.6890625 0.4609375 0.6890625
0 0.5515625 0.659375 0.484375 0.659375 0.484375 0.678125 0.5515625 0.678125
0 0.7015625 0.6546875 0.565625 0.6546875 0.565625 0.6921875 0.7015625 0.6921875
0 0.721875 0.678125 0.7109375 0.678125 0.7109375 0.6890625 0.721875 0.6890625
0 0.8140625 0.6546875000000002 0.7375 0.6546875000000002 0.7375 0.6796875000000002 0.8140625 0.6796875000000002
0 0.865625 0.6515625000000002 0.834375 0.6515625000000002 0.834375 0.6781250000000002 0.865625 0.6781250000000002
0 0.1703125000000001 0.709375 0.1531250000000001 0.709375 0.1531250000000001 0.73125 0.1703125000000001 0.73125
0 0.2656250000000001 0.70625 0.1937500000000001 0.70625 0.1937500000000001 0.728125 0.2656250000000001 0.728125
0 0.3296875000000001 0.7046875 0.2843750000000001 0.7046875 0.2843750000000001 0.7375 0.3296875000000001 0.7375
0 0.3812500000000001 0.70625 0.3312500000000001 0.70625 0.3312500000000001 0.7296875 0.3812500000000001 0.7296875