0 0.16406250000000006 0.1953125 0.14062500000000006 0.1953125 0.14062500000000006 0.215625 0.16406250000000006 0.215625
0 0.21875 0.19531250000000003 0.18125000000000005 0.1953125 0.18125000000000005 0.2140625 0.21875 0.2140625
0 0.30625 0.19062500000000004 0.246875 0.19062500000000004 0.246875 0.2125 0.30625 0.2125
0 0.4484375 0.19218750000000004 0.3296875 0.19218750000000004 0.3296875 0.21093750000000006 0.4484375 0.21093750000000008
0 0.5671875 0.18906250000000008 0.471875 0.18906250000000005 0.471875 0.21250000000000008 0.5671875 0.21250000000000008
0 0.5765625 0.20468750000000008 0.56875 0.20468750000000008 0.56875 0.21250000000000008 0.5765625 0.21250000000000008
0 0.6140625 0.18906250000000008 0.60625 0.18906250000000008 0.60625 0.1937500000000001 0.6140625 0.1937500000000001
0 0.6953125 0.18906250000000008 0.6078125 0.18906250000000008 0.6078125 0.2156250000000001 0.6953125 0.2156250000000001
0 0.878125 0.18906250000000008 0.7046875 0.18906250000000008 0.7046875 0.2171875000000001 0.878125 0.2171875000000001
0 0.17812500000000003 0.2453125 0.14687500000000003 0.2453125 0.14687500000000003 0.26875 0.17812500000000003 0.26875
0 0.228125 0.246875 0.19687500000000005 0.246875 0.19687500000000005 0.2625 0.228125 0.2625
0 0.3890625 0.24531250000000004 0.25 0.2453125 0.25 0.26250000000000007 0.3890625 0.26250000000000007
0 0.4390625 0.24375000000000008 0.409375 0.24375000000000008 0.409375 0.2687500000000001 0.4390625 0.2687500000000001
0 0.5734375 0.2453125000000001 0.446875 0.2453125000000001 0.446875 0.27031250000000007 0.5734375 0.27031250000000007
0 0.6640625 0.2406250000000001 0.59375 0.2406250000000001 0.59375 0.2640625000000001 0.6640625 0.2640625000000001
0 0.746875 0.2406250000000001 0.6890625 0.2406250000000001 0.6890625 0.2578125000000001 0.746875 0.2578125000000001
0 0.815625 0.2406250000000001 0.7765625 0.2406250000000001 0.7765625 0.2562500000000001 0.815625 0.2562500000000001
0 0.284375 0.3015625 0.14531250000000004 0.3015625 0.14531250000000004 0.315625 0.284375 0.315625
0 0.3546875 0.296875 0.315625 0.296875 0.315625 0.3203125 0.3546875 0.3203125
0 0.5046875 0.2953125000000001 0.3765625 0.2953125000000001 0.3765625 0.3203125000000001 0.5046875 0.3203125000000001
0 0.6109375 0.29375000000000007 0.521875 0.29375000000000007 0.521875 0.3156250000000001 0.6109375 0.3156250000000001
0 0.6484375 0.29375000000000007 0.628125 0.29375000000000007 0.628125 0.30937500000000007 0.6484375 0.30937500000000007
0 0.728125 0.2921875000000001 0.678125 0.2921875000000001 0.678125 0.30937500000000007 0.728125 0.30937500000000007
0 0.88125 0.2921875000000001 0.74375 0.2921875000000001 0.74375 0.3156250000000001 0.88125 0.3156250000000001
0 0.8828125 0.3062500000000001 0.8796875 0.3062500000000001 0.8796875 0.30937500000000007 0.8828125 0.30937500000000007
0 0.19218750000000004 0.3484375 0.14375000000000004 0.3484375 0.14375000000000004 0.365625 0.19218750000000004 0.365625
0 0.29375000000000007 0.35 0.215625 0.35 0.21562500000000004 0.36875 0.29375000000000007 0.36875
0 0.409375 0.35156250000000006 0.30625 0.3515625 0.30625 0.37187500000000007 0.409375 0.37187500000000007
0 0.4984375 0.3578125000000001 0.4359375 0.3578125000000001 0.4359375 0.3656250000000001 0.4984375 0.3656250000000001
0 0.55 0.3453125000000001 0.5125 0.3453125000000001 0.5125 0.36406250000000007 0.55 0.36406250000000007
0 0.63125 0.3546875000000001 0.5625 0.3546875000000001 0.5625 0.3703125000000001 0.63125 0.3703125000000001
0 0.7203125 0.3531250000000001 0.65 0.3531250000000001 0.65 0.3625000000000001 0.7203125 0.3625000000000001
0 0.7765625 0.3437500000000001 0.7453125 0.3437500000000001 0.7453125 0.3687500000000001 0.7765625 0.3687500000000001
0 0.834375 0.3453125000000001 0.796875 0.3453125000000001 0.796875 0.3625000000000001 0.834375 0.3625000000000001
0 0.22656250000000008 0.4015625 0.13750000000000004 0.4015625 0.13750000000000004 0.41875 0.22656250000000008 0.41875
0 0.3078125000000001 0.4078125 0.2531250000000001 0.4078125 0.2531250000000001 0.415625 0.3078125000000001 0.415625
0 0.3937500000000001 0.4 0.3359375000000001 0.4 0.3359375000000001 0.4140625 0.3937500000000001 0.4140625
0 0.571875 0.3968750000000001 0.41875 0.3968750000000001 0.41875 0.4234375 0.571875 0.4234375
0 0.646875 0.3968750000000001 0.5953125 0.3968750000000001 0.5953125 0.4140625 0.646875 0.4140625
0 0.728125 0.39531250000000007 0.671875 0.39531250000000007 0.671875 0.41093750000000007 0.728125 0.4109375000000002
0 0.803125 0.3968750000000001 0.753125 0.3968750000000001 0.753125 0.4109375000000002 0.803125 0.4109375000000002
0 0.8515625 0.39531250000000007 0.8234375 0.39531250000000007 0.8234375 0.4109375000000002 0.8515625 0.4109375000000002
0 0.2093750000000001 0.4515625 0.14687500000000003 0.4515625 0.14687500000000003 0.4734375 0.2093750000000001 0.4734375
0 0.24375000000000008 0.459375 0.2312500000000001 0.459375 0.2312500000000001 0.465625 0.24375000000000008 0.465625
0 0.3390625000000001 0.45 0.27031250000000007 0.45 0.27031250000000007 0.4640625 0.3390625000000001 0.4640625
0 0.3890625000000001 0.45625 0.3593750000000001 0.45625 0.3593750000000001 0.4625 0.3890625000000001 0.4625
0 0.4203125 0.4546875 0.4078125 0.4546875 0.4078125 0.4625 0.4203125 0.4625
0 0.4984375 0.44375 0.4421875 0.44375 0.4421875 0.46875 0.4984375 0.46875
0 0.5515625 0.44375 0.51875 0.44375 0.51875 0.459375 0.5515625 0.459375
0 0.6234375 0.45 0.5640625 0.45 0.5640625 0.4578125 0.6234375 0.4578125
0 0.6671875 0.4453125 0.64375 0.4453125 0.64375 0.459375 0.6671875 0.459375
0 0.7890625 0.4531250000000001 0.6875 0.453125 0.6875 0.4703125000000001 0.7890625 0.4703125000000002
0 0.2484375000000001 0.5 0.15000000000000005 0.5 0.15000000000000005 0.525 0.2484375000000001 0.525
0 0.3281250000000001 0.4984375 0.27812500000000007 0.4984375 0.27812500000000007 0.521875 0.3281250000000001 0.521875
0 0.39531250000000007 0.50625 0.3453125000000001 0.50625 0.3453125000000001 0.5140625 0.39531250000000007 0.5140625
0 0.4109375 0.5125 0.4046875 0.5125 0.4046875 0.51875 0.4109375 0.51875
0 0.4984375 0.496875 0.4421875 0.496875 0.4421875 0.5125 0.4984375 0.5125
0 0.5515625 0.4984375 0.525 0.4984375 0.525 0.5140625 0.5515625 0.5140625
0 0.6203125 0.496875 0.58125 0.496875 0.58125 0.5140625 0.6203125 0.5140625
0 0.7109375 0.4984375 0.64375 0.4984375 0.64375 0.5125 0.7109375 0.5125
0 0.8203125 0.4968750000000002 0.740625 0.4968750000000002 0.740625 0.5109375000000002 0.8203125 0.5109375000000002
0 0.2640625000000001 0.55 0.1468750000000001 0.55 0.1468750000000001 0.5765625 0.2640625000000001 0.5765625
0 0.3421875000000001 0.55 0.3046875000000001 0.55 0.3046875000000001 0.5671875 0.3421875000000001 0.5671875
0 0.471875 0.5453125 0.3828125000000001 0.5453125 0.3828125000000001 0.5765625 0.471875 0.5765625
0 0.590625 0.54375 0.490625 0.54375 0.490625 0.5609375 0.590625 0.5609375
0 0.659375 0.5421875 0.6234375 0.5421875 0.6234375 0.5609375 0.659375 0.5609375
0 0.8140625 0.5406250000000001 0.6921875 0.540625 0.6921875 0.5625000000000001 0.8140625 0.5625000000000002
0 0.825 0.5578125000000002 0.8171875 0.5578125000000002 0.8171875 0.5609375000000002 0.825 0.5609375000000002