0 0.2359375 0.19843750000000002 0.17500000000000004 0.1984375 0.17500000000000004 0.21875 0.2359375 0.21875
0 0.38125 0.19531250000000006 0.253125 0.19531250000000006 0.253125 0.23125000000000004 0.38125 0.2312500000000001
0 0.4546875 0.19531250000000006 0.3953125 0.19531250000000006 0.3953125 0.2296875000000001 0.4546875 0.2296875000000001
0 0.5671875 0.19843750000000007 0.475 0.19843750000000004 0.475 0.2312500000000001 0.5671875 0.2312500000000001
0 0.659375 0.2000000000000001 0.5859375 0.2000000000000001 0.5859375 0.2171875000000001 0.659375 0.2171875000000001
0 0.81875 0.1984375000000001 0.678125 0.1984375000000001 0.678125 0.21875000000000008 0.81875 0.21875000000000008
0 0.2 0.246875 0.18593750000000003 0.246875 0.18593750000000003 0.2703125 0.2 0.2703125
0 0.3 0.2515625 0.2078125 0.2515625 0.2078125 0.2703125 0.3 0.2703125
0 0.365625 0.25312500000000004 0.3171875 0.253125 0.3171875 0.27187500000000003 0.365625 0.2718750000000001
0 0.484375 0.2531250000000001 0.3765625 0.2531250000000001 0.3765625 0.2796875000000001 0.484375 0.2796875000000001
0 0.5890625 0.2468750000000001 0.4984375 0.2468750000000001 0.4984375 0.27031250000000007 0.5890625 0.27031250000000007
0 0.628125 0.2578125000000001 0.59375 0.2578125000000001 0.59375 0.27031250000000007 0.628125 0.27031250000000007
0 0.703125 0.2484375000000001 0.6375 0.2484375000000001 0.6375 0.2812500000000001 0.703125 0.2812500000000001
0 0.7796875 0.2468750000000001 0.7203125 0.2468750000000001 0.7203125 0.2671875000000001 0.7796875 0.2671875000000001
0 0.2671875 0.3015625 0.18125000000000005 0.3015625 0.18125000000000005 0.321875 0.2671875 0.321875
0 0.3125 0.3 0.2828125 0.3 0.2828125 0.31875 0.3125 0.31875
0 0.4625 0.29687500000000006 0.3203125 0.296875 0.3203125 0.3296875 0.4625 0.3296875000000001
0 0.7375 0.2953125000000001 0.4890625 0.2953125000000001 0.4890625 0.33281250000000007 0.7375 0.33281250000000007
0 0.815625 0.2953125000000001 0.753125 0.2953125000000001 0.753125 0.3281250000000001 0.815625 0.3281250000000001
0 0.30156250000000007 0.3578125 0.17812500000000003 0.3578125 0.17812500000000003 0.375 0.30156250000000007 0.375
0 0.4015625 0.353125 0.321875 0.353125 0.321875 0.37343750000000003 0.4015625 0.3734375000000001
0 0.490625 0.3531250000000001 0.396875 0.3531250000000001 0.39687500000000003 0.38750000000000007 0.490625 0.38750000000000007
0 0.528125 0.3500000000000001 0.496875 0.3500000000000001 0.496875 0.3843750000000001 0.528125 0.3843750000000001
0 0.60625 0.3578125000000001 0.5484375 0.3578125000000001 0.5484375 0.3703125000000001 0.60625 0.3703125000000001
0 0.6765625 0.3500000000000001 0.6359375 0.3500000000000001 0.6359375 0.3703125000000001 0.6765625 0.3703125000000001
0 0.7609375 0.3593750000000001 0.690625 0.3593750000000001 0.690625 0.3812500000000001 0.7609375 0.3812500000000001
0 0.8734375 0.34843750000000007 0.784375 0.34843750000000007 0.784375 0.3687500000000001 0.8734375 0.3687500000000001
0 0.27812500000000007 0.4015625 0.18750000000000006 0.4015625 0.18750000000000006 0.421875 0.27812500000000007 0.421875
0 0.3546875000000001 0.403125 0.3031250000000001 0.403125 0.3031250000000001 0.4234375 0.3546875000000001 0.4234375
0 0.4296875 0.409375 0.3609375000000001 0.409375 0.3609375000000001 0.43125 0.4296875 0.43125
0 0.5328125 0.4 0.4421875 0.4 0.4421875 0.421875 0.5328125 0.421875
0 0.7796875 0.3984375000000001 0.5515625 0.3984375000000001 0.5515625 0.4406250000000001 0.7796875 0.44062500000000016
0 0.79375 0.41718750000000016 0.790625 0.41718750000000016 0.790625 0.4203125000000002 0.79375 0.4203125000000002
0 0.3515625000000001 0.453125 0.18906250000000005 0.453125 0.18906250000000005 0.48125 0.3515625000000001 0.48125
0 0.55625 0.4515625 0.3781250000000001 0.4515625 0.3781250000000001 0.478125 0.55625 0.478125
0 0.603125 0.453125 0.5734375 0.453125 0.5734375 0.4734375 0.603125 0.4734375
0 0.6703125 0.453125 0.61875 0.453125 0.61875 0.471875 0.6703125 0.471875
0 0.75 0.45781250000000007 0.68125 0.4578125 0.68125 0.4703125000000001 0.75 0.4703125000000002
0 0.878125 0.4515625000000002 0.7703125 0.4515625000000002 0.7703125 0.47187500000000016 0.878125 0.47187500000000016
0 0.2500000000000001 0.5046875 0.19375000000000003 0.5046875 0.19375000000000003 0.525 0.2500000000000001 0.525
0 0.453125 0.5015625 0.2718750000000001 0.5015625 0.2718750000000001 0.5359375 0.453125 0.5359375
0 0.5703125 0.5046875 0.475 0.5046875 0.475 0.5234375 0.5703125 0.5234375
0 0.7015625 0.5015625 0.58125 0.5015625 0.58125 0.5234375 0.7015625 0.5234375
0 0.7578125 0.5109375 0.7171875 0.5109375 0.7171875 0.5234375000000001 0.7578125 0.5234375000000002
0 0.846875 0.5109375000000002 0.784375 0.5109375000000002 0.784375 0.5234375000000002 0.846875 0.5234375000000002
0 0.41875 0.553125 0.21250000000000008 0.553125 0.21250000000000008 0.5765625 0.41875 0.5765625
0 0.5328125 0.55 0.4390625 0.55 0.4390625 0.571875 0.5328125 0.571875
0 0.5953125 0.5515625 0.5421875 0.5515625 0.5421875 0.584375 0.5953125 0.584375
0 0.74375 0.5515625000000001 0.615625 0.5515625 0.615625 0.5750000000000001 0.74375 0.5750000000000002
0 0.859375 0.5531250000000002 0.75625 0.5531250000000002 0.75625 0.5843750000000002 0.859375 0.5843750000000002
0 0.3046875000000001 0.6046875 0.19531250000000008 0.6046875 0.19531250000000008 0.634375 0.3046875000000001 0.634375
0 0.3750000000000001 0.603125 0.31718750000000007 0.603125 0.31718750000000007 0.634375 0.3750000000000001 0.634375
0 0.475 0.6109375 0.3828125000000001 0.6109375 0.3828125000000001 0.6328125 0.475 0.6328125
0 0.6921875 0.6015625 0.4984375 0.6015625 0.4984375 0.625 0.6921875 0.625
0 0.8328125 0.6046875 0.69375 0.6046875 0.69375 0.6328125000000001 0.8328125 0.6328125000000002
0 0.8578125 0.6203125000000002 0.840625 0.6203125000000002 0.840625 0.6328125000000002 0.8578125 0.6328125000000002
0 0.2687500000000001 0.65625 0.2000000000000001 0.65625 0.2000000000000001 0.6796875 0.2687500000000001 0.6796875
0 0.39531250000000007 0.6546875 0.29375000000000007 0.6546875 0.29375000000000007 0.684375 0.39531250000000007 0.684375
0 0.6421875 0.6546875 0.4234375 0.6546875 0.4234375 0.678125 0.6421875 0.678125
0 0.8671875 0.6500000000000001 0.659375 0.65 0.659375 0.6812500000000001 0.8671875 0.6812500000000001
0 0.23593750000000008 0.7078125 0.2015625000000001 0.7078125 0.2015625000000001 0.728125 0.23593750000000008 0.728125
0 0.37187500000000007 0.70625 0.2593750000000001 0.70625 0.2593750000000001 0.7296875 0.37187500000000007 0.7296875
0 0.4546875000000001 0.70625 0.3906250000000001 0.70625 0.3906250000000001 0.7375 0.4546875000000002 0.7375
0 0.6468750000000001 0.70625 0.4703125 0.70625 0.4703125000000001 0.734375 0.6468750000000002 0.734375
0 0.81875 0.70625 0.68125 0.70625 0.6812500000000001 0.7343750000000001 0.81875 0.7343750000000002