0 0.209375 0.2078125 0.13281250000000006 0.2078125 0.13281250000000006 0.2421875 0.209375 0.2421875
0 0.284375 0.2015625 0.240625 0.2015625 0.240625 0.2296875 0.284375 0.2296875
0 0.3828125 0.20312500000000006 0.29375 0.203125 0.29375 0.23906250000000004 0.3828125 0.2390625000000001
0 0.4078125 0.2171875000000001 0.403125 0.2171875000000001 0.403125 0.22656250000000008 0.4078125 0.22656250000000008
0 0.4703125 0.2015625000000001 0.4140625 0.2015625000000001 0.4140625 0.2250000000000001 0.4703125 0.2250000000000001
0 0.5453125 0.20312500000000008 0.496875 0.20312500000000008 0.496875 0.2406250000000001 0.5453125 0.2406250000000001
0 0.6578125 0.2015625000000001 0.5703125 0.2015625000000001 0.5703125 0.2250000000000001 0.6578125 0.2250000000000001
0 0.709375 0.2015625000000001 0.6796875 0.2015625000000001 0.6796875 0.24218750000000008 0.709375 0.24218750000000008
0 0.825 0.1984375000000001 0.734375 0.1984375000000001 0.734375 0.22656250000000008 0.825 0.22656250000000008
0 0.2375 0.2546875 0.14531250000000004 0.2546875 0.14531250000000004 0.2796875 0.2375 0.2796875
0 0.303125 0.2546875 0.2578125 0.2546875 0.2578125 0.2765625 0.303125 0.2765625
0 0.3578125 0.253125 0.3328125 0.253125 0.3328125 0.2765625 0.3578125 0.2765625
0 0.446875 0.2500000000000001 0.3734375 0.2500000000000001 0.3734375 0.2968750000000001 0.446875 0.2968750000000001
0 0.51875 0.2515625000000001 0.48125 0.2515625000000001 0.48125 0.2875000000000001 0.51875 0.2875000000000001
0 0.5828125 0.2531250000000001 0.5421875 0.2531250000000001 0.5421875 0.2843750000000001 0.5828125 0.2843750000000001
0 0.5890625 0.27031250000000007 0.5828125 0.27031250000000007 0.5828125 0.2812500000000001 0.5890625 0.2812500000000001
0 0.653125 0.2515625000000001 0.5984375 0.2515625000000001 0.5984375 0.2765625000000001 0.653125 0.2765625000000001
0 0.71875 0.2515625000000001 0.675 0.2515625000000001 0.675 0.2734375000000001 0.71875 0.2734375000000001
0 0.7640625 0.2515625000000001 0.740625 0.2515625000000001 0.740625 0.2734375000000001 0.7640625 0.2734375000000001
0 0.2546875 0.3078125 0.14531250000000004 0.3078125 0.14531250000000004 0.3375 0.2546875 0.3375
0 0.321875 0.30625 0.28125 0.30625 0.28125 0.3359375 0.321875 0.3359375
0 0.4734375 0.30468750000000006 0.334375 0.3046875 0.334375 0.3296875 0.4734375 0.3296875000000001
0 0.4890625 0.3203125000000001 0.4859375 0.3203125000000001 0.4859375 0.3234375000000001 0.4890625 0.3234375000000001
0 0.54375 0.3062500000000001 0.496875 0.3062500000000001 0.496875 0.3234375000000001 0.54375 0.3234375000000001
0 0.6046875 0.30156250000000007 0.571875 0.30156250000000007 0.571875 0.3265625000000001 0.6046875 0.3265625000000001
0 0.68125 0.3046875000000001 0.628125 0.3046875000000001 0.628125 0.3281250000000001 0.68125 0.3281250000000001
0 0.753125 0.3046875000000001 0.7046875 0.3046875000000001 0.7046875 0.33281250000000007 0.753125 0.33281250000000007
0 0.8734375 0.30156250000000007 0.7796875 0.30156250000000007 0.7796875 0.3312500000000001 0.8734375 0.3312500000000001
0 0.20625000000000004 0.3578125 0.15000000000000005 0.3578125 0.15000000000000005 0.378125 0.2062500000000001 0.378125
0 0.36718750000000006 0.35625000000000007 0.2265625 0.35625 0.22656250000000006 0.39062500000000006 0.3671875000000001 0.3906250000000001
0 0.440625 0.3625000000000001 0.3984375 0.3625000000000001 0.39843750000000006 0.3765625000000001 0.440625 0.3765625000000001
0 0.496875 0.3546875000000001 0.471875 0.3546875000000001 0.471875 0.3781250000000001 0.496875 0.3781250000000001
0 0.6546875 0.35625000000000007 0.5296875 0.35625000000000007 0.5296875 0.38750000000000007 0.6546875 0.38750000000000007
0 0.7265625 0.35625000000000007 0.68125 0.35625000000000007 0.68125 0.3843750000000001 0.7265625 0.3843750000000001
0 0.78125 0.3578125000000001 0.75 0.3578125000000001 0.75 0.3843750000000001 0.78125 0.3843750000000001
0 0.840625 0.3500000000000001 0.7984375 0.3500000000000001 0.7984375 0.3750000000000001 0.840625 0.3750000000000001
0 0.2828125000000001 0.409375 0.14531250000000004 0.409375 0.14531250000000004 0.446875 0.2828125000000001 0.446875
0 0.3375000000000001 0.40625 0.3125000000000001 0.40625 0.3125000000000001 0.440625 0.3375000000000001 0.440625
0 0.446875 0.409375 0.3625000000000001 0.409375 0.3625000000000001 0.446875 0.446875 0.446875
0 0.5890625 0.40625 0.4796875 0.40625 0.4796875 0.434375 0.5890625 0.434375
0 0.6703125 0.4125 0.61875 0.4125 0.61875 0.428125 0.6703125 0.428125
0 0.7296875 0.4062500000000001 0.6953125 0.40625 0.6953125 0.42656250000000007 0.7296875 0.4265625000000002
0 0.890625 0.4031250000000002 0.7625 0.4031250000000002 0.7625 0.4281250000000002 0.890625 0.4281250000000002
0 0.18125000000000005 0.4578125 0.15312500000000004 0.4578125 0.15312500000000004 0.4890625 0.18125000000000005 0.4890625
0 0.2500000000000001 0.4640625 0.2062500000000001 0.4640625 0.2062500000000001 0.48125 0.2500000000000001 0.48125
0 0.3921875000000001 0.459375 0.27031250000000007 0.459375 0.27031250000000007 0.4890625 0.3921875000000001 0.4890625
0 0.40625 0.475 0.4015625 0.475 0.4015625 0.484375 0.40625 0.484375
0 0.571875 0.45625 0.43125 0.45625 0.43125 0.4796875 0.571875 0.4796875
0 0.65625 0.4625 0.60625 0.4625 0.60625 0.48125 0.65625 0.48125
0 0.7640625 0.4515625000000001 0.68125 0.4515625 0.68125 0.4875000000000001 0.7640625 0.48750000000000016
0 0.771875 0.47187500000000016 0.765625 0.47187500000000016 0.765625 0.4812500000000002 0.771875 0.4812500000000002
0 0.834375 0.45625000000000016 0.784375 0.45625000000000016 0.784375 0.4781250000000002 0.834375 0.4781250000000002
0 0.18906250000000005 0.50625 0.14375000000000004 0.50625 0.14375000000000004 0.528125 0.18906250000000005 0.528125
0 0.3265625000000001 0.50625 0.2093750000000001 0.50625 0.2093750000000001 0.5421875 0.3265625000000001 0.5421875
0 0.3984375000000001 0.50625 0.35625000000000007 0.50625 0.35625000000000007 0.5328125 0.3984375000000001 0.5328125
0 0.4609375 0.5109375 0.4265625 0.5109375 0.4265625 0.53125 0.4609375 0.53125
0 0.5625 0.5078125 0.4859375 0.5078125 0.4859375 0.5359375 0.5625 0.5359375
0 0.709375 0.5078125 0.5765625 0.5078125 0.5765625 0.53125 0.709375 0.53125
0 0.9015625 0.5062500000000002 0.7390625 0.5062500000000002 0.7390625 0.5406250000000001 0.9015625 0.5406250000000001
0 0.17968750000000008 0.5609375 0.1531250000000001 0.5609375 0.1531250000000001 0.5921875 0.17968750000000008 0.5921875
0 0.24218750000000008 0.559375 0.20312500000000008 0.559375 0.20312500000000008 0.5828125 0.24218750000000008 0.5828125
0 0.3453125000000001 0.5640625 0.2593750000000001 0.5640625 0.2593750000000001 0.584375 0.3453125000000001 0.584375
0 0.5046875 0.55625 0.3750000000000001 0.55625 0.3750000000000001 0.58125 0.5046875 0.58125
0 0.51875 0.5734375 0.515625 0.5734375 0.515625 0.575 0.51875 0.575
0 0.6296875 0.5546875 0.534375 0.5546875 0.534375 0.584375 0.6296875 0.584375
0 0.7015625 0.55625 0.6625 0.55625 0.6625 0.590625 0.7015625 0.590625
0 0.834375 0.5562500000000001 0.7265625 0.5562500000000001 0.7265625 0.5937500000000002 0.834375 0.5937500000000002
0 0.2250000000000001 0.621875 0.1531250000000001 0.621875 0.1531250000000001 0.653125 0.2250000000000001 0.653125
0 0.3421875000000001 0.609375 0.2500000000000001 0.609375 0.2500000000000001 0.6484375 0.3421875000000001 0.6484375
0 0.3906250000000001 0.609375 0.37187500000000007 0.609375 0.37187500000000007 0.6296875 0.3906250000000001 0.6296875
0 0.540625 0.60625 0.4234375 0.60625 0.4234375 0.640625 0.540625 0.640625
0 0.625 0.6078125 0.578125 0.6078125 0.578125 0.6296875 0.625 0.6296875
0 0.7828125 0.6125 0.659375 0.6125 0.659375 0.628125 0.7828125 0.6281250000000002
0 0.853125 0.6031250000000001 0.80625 0.6031250000000001 0.80625 0.6296875000000002 0.853125 0.6296875000000002
0 0.17968750000000008 0.659375 0.1515625000000001 0.659375 0.1515625000000001 0.68125 0.17968750000000008 0.68125
0 0.3671875000000001 0.6609375 0.20312500000000008 0.6609375 0.20312500000000008 0.696875 0.3671875000000001 0.696875
0 0.534375 0.659375 0.403125 0.659375 0.403125 0.6984375 0.534375 0.6984375
0 0.590625 0.659375 0.571875 0.659375 0.571875 0.6828125 0.590625 0.6828125
0 0.65 0.65625 0.61875 0.65625 0.61875 0.68125 0.65 0.68125
0 0.7375 0.6640625000000001 0.684375 0.6640625 0.684375 0.6781250000000001 0.7375 0.6781250000000002
0 0.8328125 0.6546875000000002 0.75625 0.6546875000000002 0.75625 0.6781250000000002 0.8328125 0.6781250000000002
0 0.8390625 0.6734375000000001 0.8359375 0.6734375000000001 0.8359375 0.6750000000000002 0.8390625 0.6750000000000002