0 0.19531250000000006 0.203125 0.14843750000000006 0.203125 0.14843750000000006 0.2265625 0.19531250000000006 0.2265625
0 0.421875 0.20468750000000005 0.2171875 0.2046875 0.2171875 0.22500000000000003 0.421875 0.2250000000000001
0 0.475 0.2078125000000001 0.4421875 0.2078125000000001 0.4421875 0.23437500000000008 0.475 0.23437500000000008
0 0.55 0.21250000000000008 0.5 0.21250000000000008 0.5 0.2328125000000001 0.55 0.2328125000000001
0 0.684375 0.2062500000000001 0.5765625 0.2062500000000001 0.5765625 0.22812500000000008 0.684375 0.22812500000000008
0 0.746875 0.21093750000000008 0.7203125 0.21093750000000008 0.7203125 0.2234375000000001 0.746875 0.2234375000000001
0 0.81875 0.2062500000000001 0.775 0.2062500000000001 0.775 0.2234375000000001 0.81875 0.2234375000000001
0 0.221875 0.2546875 0.15000000000000005 0.2546875 0.15000000000000005 0.278125 0.221875 0.278125
0 0.353125 0.2578125 0.25 0.2578125 0.25 0.2765625 0.353125 0.2765625
0 0.425 0.2562500000000001 0.378125 0.2562500000000001 0.378125 0.2750000000000001 0.425 0.2750000000000001
0 0.5484375 0.25468750000000007 0.4578125 0.25468750000000007 0.4578125 0.2796875000000001 0.5484375 0.2796875000000001
0 0.6 0.2562500000000001 0.5765625 0.2562500000000001 0.5765625 0.2734375000000001 0.6 0.2734375000000001
0 0.6984375 0.25468750000000007 0.628125 0.25468750000000007 0.628125 0.2812500000000001 0.6984375 0.2812500000000001
0 0.840625 0.2531250000000001 0.7234375 0.2531250000000001 0.7234375 0.2750000000000001 0.840625 0.2750000000000001
0 0.16875000000000004 0.3046875 0.14531250000000004 0.3046875 0.14531250000000004 0.328125 0.16875000000000004 0.328125
0 0.23125 0.3046875 0.19843750000000004 0.3046875 0.19843750000000004 0.3265625 0.23125 0.3265625
0 0.31875 0.309375 0.2546875 0.309375 0.2546875 0.334375 0.31875 0.334375
0 0.4125 0.31250000000000006 0.346875 0.3125 0.346875 0.32656250000000003 0.4125 0.3265625000000001
0 0.4734375 0.30937500000000007 0.4328125 0.30937500000000007 0.4328125 0.3265625000000001 0.4734375 0.3265625000000001
0 0.6015625 0.30937500000000007 0.5 0.30937500000000007 0.5 0.3265625000000001 0.6015625 0.3265625000000001
0 0.6859375 0.3078125000000001 0.61875 0.3078125000000001 0.61875 0.3312500000000001 0.6859375 0.3312500000000001
0 0.7515625 0.3078125000000001 0.715625 0.3078125000000001 0.715625 0.3281250000000001 0.7515625 0.3281250000000001
0 0.8328125 0.3125000000000001 0.765625 0.3125000000000001 0.765625 0.32500000000000007 0.8328125 0.32500000000000007
0 0.17656250000000004 0.3625 0.14531250000000004 0.3625 0.14531250000000004 0.384375 0.17656250000000004 0.384375
0 0.23437500000000006 0.3609375 0.19687500000000005 0.3609375 0.19687500000000005 0.378125 0.23437500000000008 0.378125
0 0.39687500000000003 0.35625000000000007 0.2609375 0.35625 0.26093750000000004 0.38281250000000006 0.3968750000000001 0.3828125000000001
0 0.4859375 0.3593750000000001 0.421875 0.3593750000000001 0.421875 0.37968750000000007 0.4859375 0.37968750000000007
0 0.5734375 0.3609375000000001 0.5046875 0.3609375000000001 0.5046875 0.3781250000000001 0.5734375 0.3781250000000001
0 0.6765625 0.3578125000000001 0.6109375 0.3578125000000001 0.6109375 0.3750000000000001 0.6765625 0.3750000000000001
0 0.8203125 0.3593750000000001 0.709375 0.3593750000000001 0.709375 0.3734375000000001 0.8203125 0.3734375000000001
0 0.2296875000000001 0.409375 0.14687500000000003 0.409375 0.14687500000000003 0.4359375 0.2296875000000001 0.4359375
0 0.3343750000000001 0.4046875 0.2593750000000001 0.4046875 0.2593750000000001 0.425 0.3343750000000001 0.425
0 0.44375 0.4109375 0.3500000000000001 0.4109375 0.3500000000000001 0.4359375 0.44375 0.4359375
0 0.615625 0.4078125 0.4625 0.4078125 0.4625 0.428125 0.615625 0.428125
0 0.61875 0.4203125 0.615625 0.4203125 0.615625 0.421875 0.61875 0.421875
0 0.7625 0.4078125000000001 0.6515625 0.4078125 0.6515625 0.4312500000000001 0.7625 0.4312500000000002
0 0.8125 0.41718750000000016 0.775 0.41718750000000016 0.775 0.4265625000000002 0.8125 0.4265625000000002
0 0.21250000000000008 0.4578125 0.15781250000000005 0.4578125 0.15781250000000005 0.4796875 0.21250000000000008 0.4796875
0 0.3187500000000001 0.4546875 0.23437500000000008 0.4546875 0.23437500000000008 0.4796875 0.3187500000000001 0.4796875
0 0.3859375000000001 0.459375 0.3437500000000001 0.459375 0.3437500000000001 0.48125 0.3859375000000001 0.48125
0 0.478125 0.45625 0.421875 0.45625 0.421875 0.478125 0.478125 0.478125
0 0.6671875 0.4578125 0.5046875 0.4578125 0.5046875 0.4765625 0.6671875 0.4765625
0 0.7265625 0.4609375000000001 0.69375 0.4609375 0.69375 0.47343750000000007 0.7265625 0.4734375000000002
0 0.76875 0.4671875000000002 0.75 0.4671875000000002 0.75 0.4750000000000002 0.76875 0.4750000000000002
0 0.884375 0.4625000000000002 0.7875 0.4625000000000002 0.7875 0.4750000000000002 0.884375 0.4750000000000002
0 0.18750000000000006 0.5140625 0.15781250000000005 0.5140625 0.15781250000000005 0.540625 0.18750000000000006 0.540625
0 0.2875000000000001 0.5125 0.2156250000000001 0.5125 0.2156250000000001 0.5296875 0.2875000000000001 0.5296875
0 0.3671875000000001 0.5171875 0.3156250000000001 0.5171875 0.3156250000000001 0.528125 0.3671875000000001 0.528125
0 0.4375 0.5125 0.3921875000000001 0.5125 0.3921875000000001 0.5296875 0.4375 0.5296875
0 0.55 0.5109375 0.4640625 0.5109375 0.4640625 0.528125 0.55 0.528125
0 0.5890625 0.5125 0.5640625 0.5125 0.5640625 0.528125 0.5890625 0.528125
0 0.64375 0.5078125 0.603125 0.5078125 0.603125 0.5265625 0.64375 0.5265625
0 0.7734375 0.5093750000000001 0.6609375 0.509375 0.6609375 0.5296875000000001 0.7734375 0.5296875000000002
0 0.825 0.5125000000000002 0.7921875 0.5125000000000002 0.7921875 0.5296875000000002 0.825 0.5296875000000002
0 0.8703125 0.5093750000000001 0.8359375 0.5093750000000001 0.8359375 0.5250000000000001 0.8703125 0.5250000000000001
0 0.2312500000000001 0.559375 0.1593750000000001 0.559375 0.1593750000000001 0.5796875 0.2312500000000001 0.5796875
0 0.3656250000000001 0.559375 0.26250000000000007 0.559375 0.26250000000000007 0.578125 0.3656250000000001 0.578125
0 0.3812500000000001 0.571875 0.3781250000000001 0.571875 0.3781250000000001 0.575 0.3812500000000001 0.575