0 0.2078125 0.240625 0.15000000000000005 0.240625 0.15000000000000005 0.259375 0.2078125 0.259375
0 0.303125 0.2390625 0.2234375 0.2390625 0.2234375 0.259375 0.303125 0.259375
0 0.4109375 0.24843750000000003 0.31875 0.2484375 0.31875 0.26875000000000004 0.4109375 0.2687500000000001
0 0.4578125 0.2515625000000001 0.4203125 0.2515625000000001 0.4203125 0.26250000000000007 0.4578125 0.26250000000000007
0 0.5625 0.2406250000000001 0.4734375 0.2406250000000001 0.4734375 0.2687500000000001 0.5625 0.2687500000000001
0 0.6015625 0.25468750000000007 0.5765625 0.25468750000000007 0.5765625 0.2609375000000001 0.6015625 0.2609375000000001
0 0.6515625 0.24375000000000008 0.61875 0.24375000000000008 0.61875 0.2640625000000001 0.6515625 0.2640625000000001
0 0.7234375 0.2531250000000001 0.6609375 0.2531250000000001 0.6609375 0.2671875000000001 0.7234375 0.2671875000000001
0 0.7953125 0.2453125000000001 0.7328125 0.2453125000000001 0.7328125 0.2687500000000001 0.7953125 0.2687500000000001
0 0.846875 0.2531250000000001 0.8046875 0.2531250000000001 0.8046875 0.26250000000000007 0.846875 0.26250000000000007
0 0.2125 0.2890625 0.14531250000000004 0.2890625 0.14531250000000004 0.3171875 0.2125 0.3171875
0 0.2484375 0.29375 0.2265625 0.29375 0.2265625 0.3109375 0.2484375 0.3109375
0 0.3171875 0.3015625 0.2609375 0.3015625 0.2609375 0.3109375 0.3171875 0.3109375
0 0.3453125 0.2921875 0.3265625 0.2921875 0.3265625 0.31875 0.3453125 0.31875
0 0.3859375 0.29375000000000007 0.3578125 0.29375 0.3578125 0.31250000000000006 0.3859375 0.3125000000000001
0 0.45 0.2921875000000001 0.3984375 0.2921875000000001 0.3984375 0.3125000000000001 0.45 0.3125000000000001
0 0.553125 0.2968750000000001 0.465625 0.2968750000000001 0.465625 0.3140625000000001 0.553125 0.3140625000000001
0 0.596875 0.29375000000000007 0.5671875 0.29375000000000007 0.5671875 0.31718750000000007 0.596875 0.31718750000000007
0 0.634375 0.29375000000000007 0.6078125 0.29375000000000007 0.6078125 0.3140625000000001 0.634375 0.3140625000000001
0 0.7171875 0.2906250000000001 0.6453125 0.2906250000000001 0.6453125 0.3140625000000001 0.7171875 0.3140625000000001
0 0.778125 0.2953125000000001 0.7234375 0.2953125000000001 0.7234375 0.3187500000000001 0.778125 0.3187500000000001
0 0.8125 0.2921875000000001 0.79375 0.2921875000000001 0.79375 0.3203125000000001 0.8125 0.3203125000000001
0 0.20312500000000006 0.3453125 0.14375000000000004 0.3453125 0.14375000000000004 0.3734375 0.20312500000000008 0.3734375
0 0.37031250000000004 0.35156250000000006 0.2109375 0.3515625 0.21093750000000006 0.37500000000000006 0.3703125000000001 0.3750000000000001
0 0.4140625 0.3468750000000001 0.3984375 0.3468750000000001 0.39843750000000006 0.3671875000000001 0.4140625 0.3671875000000001
0 0.5296875 0.3453125000000001 0.415625 0.3453125000000001 0.415625 0.3671875000000001 0.5296875 0.3671875000000001
0 0.6890625 0.3453125000000001 0.546875 0.3453125000000001 0.546875 0.3734375000000001 0.6890625 0.3734375000000001
0 0.7515625 0.3437500000000001 0.703125 0.3437500000000001 0.703125 0.3671875000000001 0.7515625 0.3671875000000001
0 0.8640625 0.3437500000000001 0.771875 0.3437500000000001 0.771875 0.3656250000000001 0.8640625 0.3656250000000001
0 0.2812500000000001 0.3890625 0.14687500000000003 0.3890625 0.14687500000000003 0.4140625 0.2812500000000001 0.4140625
0 0.3156250000000001 0.4046875 0.2968750000000001 0.4046875 0.2968750000000001 0.4125 0.3156250000000001 0.4125
0 0.4 0.39375000000000004 0.3281250000000001 0.39375 0.3281250000000001 0.4125 0.4 0.4125
0 0.4328125 0.3921875000000001 0.415625 0.3921875000000001 0.415625 0.4125 0.4328125 0.4125
0 0.4640625 0.3921875000000001 0.4390625 0.3921875000000001 0.4390625 0.4125 0.4640625 0.4125
0 0.6078125 0.3890625000000001 0.475 0.3890625000000001 0.475 0.4125 0.6078125 0.4125
0 0.6453125 0.3906250000000001 0.6203125 0.3906250000000001 0.6203125 0.4125 0.6453125 0.4125
0 0.6859375 0.3906250000000001 0.6578125 0.3906250000000001 0.6578125 0.4140625 0.6859375 0.4140625
0 0.734375 0.4062500000000001 0.69375 0.40625 0.69375 0.4125000000000001 0.734375 0.4125000000000002
0 0.8046875 0.39531250000000007 0.7421875 0.39531250000000007 0.7421875 0.4156250000000002 0.8046875 0.4156250000000002
0 0.8921875 0.39531250000000007 0.8140625 0.39531250000000007 0.8140625 0.4187500000000002 0.8921875 0.4187500000000002
0 0.18281250000000004 0.4453125 0.14843750000000006 0.4453125 0.14843750000000006 0.465625 0.18281250000000004 0.465625
0 0.30937500000000007 0.446875 0.19687500000000005 0.446875 0.19687500000000005 0.4703125 0.30937500000000007 0.4703125
0 0.4328125 0.4453125 0.3203125000000001 0.4453125 0.3203125000000001 0.471875 0.4328125 0.471875
0 0.509375 0.4453125 0.446875 0.4453125 0.446875 0.471875 0.509375 0.471875
0 0.546875 0.4484375 0.5265625 0.4484375 0.5265625 0.46875 0.546875 0.46875
0 0.65625 0.446875 0.5609375 0.446875 0.5609375 0.46875 0.65625 0.46875
0 0.66875 0.465625 0.6671875 0.465625 0.6671875 0.4765625 0.66875 0.4765625
0 0.7015625 0.45 0.6765625 0.45 0.6765625 0.4703125 0.7015625 0.4703125
0 0.8796875 0.4468750000000001 0.715625 0.446875 0.715625 0.4781250000000001 0.8796875 0.4781250000000002
0 0.2156250000000001 0.496875 0.14687500000000003 0.496875 0.14687500000000003 0.5265625 0.2156250000000001 0.5265625
0 0.2484375000000001 0.4984375 0.2296875000000001 0.4984375 0.2296875000000001 0.521875 0.2484375000000001 0.521875
0 0.3671875000000001 0.496875 0.2562500000000001 0.496875 0.2562500000000001 0.521875 0.3671875000000001 0.521875
0 0.3734375000000001 0.515625 0.3703125000000001 0.515625 0.3703125000000001 0.525 0.3734375000000001 0.525
0 0.415625 0.5015625 0.3859375000000001 0.5015625 0.3859375000000001 0.5203125 0.415625 0.5203125
0 0.540625 0.5 0.4328125 0.5 0.4328125 0.5234375 0.540625 0.5234375
0 0.5609375 0.4984375 0.5546875 0.4984375 0.5546875 0.515625 0.5609375 0.515625
0 0.60625 0.4984375 0.5640625 0.4984375 0.5640625 0.51875 0.60625 0.51875
0 0.6671875 0.5015625 0.615625 0.5015625 0.615625 0.51875 0.6671875 0.51875
0 0.6859375 0.509375 0.6765625 0.509375 0.6765625 0.5171875 0.6859375 0.5171875
0 0.790625 0.4921875000000001 0.709375 0.4921875 0.709375 0.51875 0.790625 0.5187500000000002
0 0.884375 0.4937500000000002 0.7984375 0.4937500000000002 0.7984375 0.5156250000000002 0.884375 0.5156250000000002
0 0.19843750000000007 0.54375 0.15312500000000004 0.54375 0.15312500000000007 0.5734375 0.1984375000000001 0.5734375
0 0.23593750000000008 0.546875 0.2156250000000001 0.546875 0.2156250000000001 0.565625 0.23593750000000008 0.565625
0 0.32500000000000007 0.546875 0.2484375000000001 0.546875 0.2484375000000001 0.5671875 0.32500000000000007 0.5671875
0 0.3375000000000001 0.546875 0.33281250000000007 0.546875 0.33281250000000007 0.5671875 0.3375000000000001 0.5671875
0 0.34843750000000007 0.5625 0.3437500000000001 0.5625 0.3437500000000001 0.5703125 0.34843750000000007 0.5703125
0 0.3968750000000001 0.546875 0.36406250000000007 0.546875 0.36406250000000007 0.565625 0.3968750000000001 0.565625
0 0.484375 0.5453125 0.4078125 0.5453125 0.4078125 0.565625 0.484375 0.565625
0 0.5390625 0.5453125 0.496875 0.5453125 0.496875 0.5671875 0.5390625 0.5671875
0 0.6140625 0.54375 0.5453125 0.54375 0.5453125 0.575 0.6140625 0.575
0 0.66875 0.546875 0.621875 0.546875 0.621875 0.5703125 0.66875 0.5703125
0 0.7125 0.5484375 0.6828125 0.5484375 0.6828125 0.571875 0.7125 0.571875
0 0.8171875 0.5484375000000001 0.7265625 0.5484375000000001 0.7265625 0.5765625000000002 0.8171875 0.5765625000000002
0 0.853125 0.5453125000000002 0.8265625 0.5453125000000002 0.8265625 0.5718750000000001 0.853125 0.5718750000000001
0 0.2578125000000001 0.5984375 0.1515625000000001 0.5984375 0.1515625000000001 0.621875 0.2578125000000001 0.621875
0 0.2843750000000001 0.5984375 0.2671875000000001 0.5984375 0.2671875000000001 0.6171875 0.2843750000000001 0.6171875
0 0.36406250000000007 0.59375 0.2984375000000001 0.59375 0.2984375000000001 0.6171875 0.36406250000000007 0.6171875
0 0.5046875 0.590625 0.3828125000000001 0.590625 0.3828125000000001 0.6203125 0.5046875 0.6203125
0 0.565625 0.5921875 0.5203125 0.5921875 0.5203125 0.615625 0.565625 0.615625
0 0.603125 0.59375 0.5765625 0.59375 0.5765625 0.615625 0.603125 0.615625
0 0.7515625 0.5921875000000001 0.621875 0.5921875 0.621875 0.6234375000000001 0.7515625 0.6234375000000002
0 0.790625 0.5906250000000002 0.7671875 0.5906250000000002 0.7671875 0.6234375000000002 0.790625 0.6234375000000002
0 0.871875 0.5921875000000002 0.8 0.5921875000000002 0.8 0.6187500000000001 0.871875 0.6187500000000001
0 0.22031250000000008 0.646875 0.15625000000000008 0.646875 0.15625000000000008 0.6734375 0.22031250000000008 0.6734375
0 0.3000000000000001 0.65 0.2453125000000001 0.65 0.2453125000000001 0.675 0.3000000000000001 0.675
0 0.4578125 0.646875 0.3281250000000001 0.646875 0.3281250000000001 0.66875 0.4578125 0.66875
0 0.59375 0.646875 0.4796875 0.646875 0.4796875 0.671875 0.59375 0.671875
0 0.6296875 0.646875 0.60625 0.646875 0.60625 0.671875 0.6296875 0.671875
0 0.7734375 0.6500000000000001 0.6421875 0.65 0.6421875 0.6812500000000001 0.7734375 0.6812500000000001
0 0.7890625 0.6703125000000002 0.7859375 0.6703125000000002 0.7859375 0.6718750000000002 0.7890625 0.6718750000000002