0 0.18593750000000003 0.2015625 0.14218750000000005 0.2015625 0.14218750000000005 0.2234375 0.18593750000000003 0.2234375
0 0.35 0.2 0.203125 0.2 0.203125 0.225 0.35 0.225
0 0.5203125 0.19687500000000005 0.36875 0.19687500000000005 0.36875 0.2234375000000001 0.5203125 0.2234375000000001
0 0.596875 0.19843750000000007 0.5359375 0.19843750000000004 0.5359375 0.2171875000000001 0.596875 0.2171875000000001
0 0.70625 0.19687500000000008 0.6125 0.19687500000000008 0.6125 0.2234375000000001 0.70625 0.2234375000000001
0 0.7828125 0.1921875000000001 0.71875 0.1921875000000001 0.71875 0.2234375000000001 0.7828125 0.2234375000000001
0 0.3328125 0.2421875 0.14687500000000003 0.2421875 0.14687500000000003 0.2640625 0.3328125 0.2640625
0 0.3515625 0.2453125 0.3421875 0.2453125 0.3421875 0.2671875 0.3515625 0.2671875
0 0.3875 0.24218750000000008 0.365625 0.24218750000000008 0.365625 0.2656250000000001 0.3875 0.2656250000000001
0 0.515625 0.24218750000000008 0.4078125 0.24218750000000008 0.4078125 0.2640625000000001 0.515625 0.2640625000000001
0 0.5421875 0.24218750000000008 0.5234375 0.24218750000000008 0.5234375 0.2656250000000001 0.5421875 0.2656250000000001
0 0.6 0.24218750000000008 0.5546875 0.24218750000000008 0.5546875 0.2640625000000001 0.6 0.2640625000000001
0 0.709375 0.2406250000000001 0.6125 0.2406250000000001 0.6125 0.2640625000000001 0.709375 0.2640625000000001
0 0.734375 0.2390625000000001 0.715625 0.2390625000000001 0.715625 0.2609375000000001 0.734375 0.2609375000000001
0 0.8390625 0.2390625000000001 0.75 0.2390625000000001 0.75 0.2687500000000001 0.8390625 0.2687500000000001
0 0.2375 0.296875 0.14531250000000004 0.296875 0.14531250000000004 0.3203125 0.2375 0.3203125
0 0.2484375 0.2921875 0.2421875 0.2921875 0.2421875 0.3140625 0.2484375 0.3140625
0 0.2796875 0.29375 0.259375 0.29375 0.259375 0.315625 0.2796875 0.315625
0 0.328125 0.2921875 0.296875 0.2921875 0.296875 0.3140625 0.328125 0.3140625
0 0.4046875 0.29375000000000007 0.346875 0.29375 0.346875 0.31875000000000003 0.4046875 0.3187500000000001
0 0.434375 0.2890625000000001 0.4171875 0.2890625000000001 0.4171875 0.31718750000000007 0.434375 0.31718750000000007
0 0.553125 0.2906250000000001 0.45 0.2906250000000001 0.45 0.31718750000000007 0.553125 0.31718750000000007
0 0.6703125 0.2906250000000001 0.565625 0.2906250000000001 0.565625 0.3187500000000001 0.6703125 0.3187500000000001
0 0.778125 0.2890625000000001 0.684375 0.2890625000000001 0.684375 0.3203125000000001 0.778125 0.3203125000000001
0 0.8046875 0.29375000000000007 0.7875 0.29375000000000007 0.7875 0.3140625000000001 0.8046875 0.3140625000000001
0 0.8609375 0.2890625000000001 0.8140625 0.2890625000000001 0.8140625 0.3140625000000001 0.8609375 0.3140625000000001
0 0.17500000000000004 0.3421875 0.14687500000000003 0.3421875 0.14687500000000003 0.3640625 0.17500000000000004 0.3640625
0 0.259375 0.34375 0.19531250000000006 0.34375 0.19531250000000006 0.365625 0.2593750000000001 0.365625
0 0.30000000000000004 0.34375 0.2765625 0.34375 0.27656250000000004 0.3703125 0.3000000000000001 0.3703125
0 0.4453125 0.34375000000000006 0.3171875 0.34375 0.31718750000000007 0.37187500000000007 0.4453125 0.37187500000000007
0 0.625 0.3437500000000001 0.45625 0.3437500000000001 0.45625 0.3734375000000001 0.625 0.3734375000000001
0 0.6359375 0.3609375000000001 0.63125 0.3609375000000001 0.63125 0.3687500000000001 0.6359375 0.3687500000000001
0 0.69375 0.34062500000000007 0.65 0.34062500000000007 0.65 0.36406250000000007 0.69375 0.36406250000000007
0 0.7671875 0.34843750000000007 0.7109375 0.34843750000000007 0.7109375 0.3625000000000001 0.7671875 0.3625000000000001
0 0.834375 0.34062500000000007 0.78125 0.34062500000000007 0.78125 0.36406250000000007 0.834375 0.36406250000000007
0 0.2375000000000001 0.3921875 0.14531250000000004 0.3921875 0.14531250000000004 0.41875 0.2375000000000001 0.41875
0 0.3156250000000001 0.4078125 0.2578125000000001 0.4078125 0.2578125000000001 0.41875 0.3156250000000001 0.41875
0 0.4578125 0.39375000000000004 0.3312500000000001 0.39375 0.3312500000000001 0.4234375 0.4578125 0.4234375
0 0.4984375 0.403125 0.46875 0.403125 0.46875 0.4171875 0.4984375 0.4171875
0 0.521875 0.4046875 0.5125 0.4046875 0.5125 0.415625 0.521875 0.415625
0 0.6796875 0.3937500000000001 0.5390625 0.3937500000000001 0.5390625 0.4203125 0.6796875 0.4203125
0 0.7828125 0.3921875000000001 0.6921875 0.3921875000000001 0.6921875 0.4156250000000001 0.7828125 0.4156250000000002
0 0.79375 0.4125000000000002 0.790625 0.4125000000000002 0.790625 0.41406250000000017 0.79375 0.41406250000000017
0 0.2312500000000001 0.446875 0.14062500000000006 0.446875 0.14062500000000006 0.4734375 0.2312500000000001 0.4734375
0 0.30156250000000007 0.45625 0.2453125000000001 0.45625 0.2453125000000001 0.465625 0.30156250000000007 0.465625
0 0.4453125 0.446875 0.3156250000000001 0.446875 0.3156250000000001 0.4734375 0.4453125 0.4734375
0 0.4609375 0.4609375 0.4578125 0.4609375 0.4578125 0.46875 0.4609375 0.46875
0 0.5203125 0.44375 0.4671875 0.44375 0.4671875 0.4671875 0.5203125 0.4671875
0 0.5859375 0.446875 0.5265625 0.446875 0.5265625 0.465625 0.5859375 0.465625
0 0.6875 0.44375 0.6 0.44375 0.6 0.471875 0.6875 0.471875
0 0.734375 0.4437500000000001 0.6984375 0.44375 0.6984375 0.4671875000000001 0.734375 0.4671875000000002
0 0.76875 0.4578125000000002 0.7421875 0.4578125000000002 0.7421875 0.4671875000000002 0.76875 0.4671875000000002
0 0.8640625 0.4500000000000002 0.78125 0.4500000000000002 0.78125 0.46875000000000017 0.8640625 0.46875000000000017
0 0.2250000000000001 0.4953125 0.14531250000000004 0.4953125 0.14531250000000004 0.51875 0.2250000000000001 0.51875
0 0.3203125000000001 0.4953125 0.24375000000000008 0.4953125 0.24375000000000008 0.51875 0.3203125000000001 0.51875
0 0.3390625000000001 0.4984375 0.3343750000000001 0.4984375 0.3343750000000001 0.5140625 0.3390625000000001 0.5140625
0 0.4421875 0.49375 0.3437500000000001 0.49375 0.3437500000000001 0.5234375 0.4421875 0.5234375
0 0.478125 0.5015625 0.4578125 0.5015625 0.4578125 0.5140625 0.478125 0.5140625
0 0.553125 0.50625 0.4875 0.50625 0.4875 0.51875 0.553125 0.51875
0 0.6171875 0.5046875 0.5625 0.5046875 0.5625 0.515625 0.6171875 0.515625
0 0.64375 0.50625 0.6328125 0.50625 0.6328125 0.515625 0.64375 0.515625
0 0.721875 0.49375 0.6578125 0.49375 0.6578125 0.5171875 0.721875 0.5171875
0 0.80625 0.49531250000000016 0.728125 0.49531250000000016 0.728125 0.5171875000000001 0.80625 0.5171875000000001
0 0.8421875 0.49218750000000017 0.8234375 0.49218750000000017 0.8234375 0.5156250000000002 0.8421875 0.5156250000000002
0 0.18125000000000008 0.5453125 0.15000000000000008 0.5453125 0.15000000000000008 0.5703125 0.18125000000000008 0.5703125
0 0.2578125000000001 0.55 0.1984375000000001 0.55 0.1984375000000001 0.5703125 0.2578125000000001 0.5703125
0 0.3671875000000001 0.546875 0.2750000000000001 0.546875 0.2750000000000001 0.578125 0.3671875000000001 0.578125
0 0.4171875 0.546875 0.3890625000000001 0.546875 0.3890625000000001 0.575 0.4171875 0.575
0 0.440625 0.559375 0.4296875 0.559375 0.4296875 0.5671875 0.440625 0.5671875
0 0.534375 0.5484375 0.459375 0.5484375 0.459375 0.571875 0.534375 0.571875
0 0.6484375 0.55 0.5484375 0.55 0.5484375 0.571875 0.6484375 0.571875
0 0.6890625 0.553125 0.6625 0.553125 0.6625 0.5734375 0.6890625 0.5734375
0 0.753125 0.5468750000000001 0.6984375 0.546875 0.6984375 0.5687500000000001 0.753125 0.5687500000000002
0 0.7875 0.5484375000000001 0.76875 0.5484375000000001 0.76875 0.5703125000000002 0.7875 0.5703125000000002
0 0.878125 0.5468750000000002 0.8046875 0.5468750000000002 0.8046875 0.5781250000000002 0.878125 0.5781250000000002
0 0.2140625000000001 0.6109375 0.15000000000000008 0.6109375 0.15000000000000008 0.6296875 0.2140625000000001 0.6296875
0 0.3359375000000001 0.603125 0.2484375000000001 0.603125 0.2484375000000001 0.6234375 0.3359375000000001 0.6234375
0 0.3765625000000001 0.6046875 0.3531250000000001 0.6046875 0.3531250000000001 0.6234375 0.3765625000000001 0.6234375
0 0.4265625 0.596875 0.38750000000000007 0.596875 0.38750000000000007 0.625 0.4265625 0.625
0 0.5046875 0.6015625 0.44375 0.6015625 0.44375 0.6234375 0.5046875 0.6234375
0 0.5203125 0.6234375 0.5171875 0.6234375 0.5171875 0.625 0.5203125 0.625