0 0.08593750000000003 0.2 0.07343750000000002 0.2 0.07343750000000002 0.2234375 0.08593750000000003 0.2234375
0 0.13593750000000004 0.2015625 0.10468750000000004 0.2015625 0.10468750000000004 0.225 0.13593750000000004 0.225
0 0.2578125 0.1921875 0.15625000000000006 0.1921875 0.15625000000000006 0.23125 0.2578125 0.23125
0 0.3390625 0.2015625 0.28125 0.2015625 0.28125 0.225 0.3390625 0.225
0 0.3875 0.20468750000000008 0.36875 0.20468750000000008 0.36875 0.2250000000000001 0.3875 0.2250000000000001
0 0.4828125 0.19375000000000003 0.4171875 0.19375000000000003 0.4171875 0.2234375000000001 0.4828125 0.2234375000000001
0 0.5265625 0.19687500000000005 0.4953125 0.19687500000000005 0.4953125 0.23437500000000008 0.5265625 0.23437500000000008
0 0.5828125 0.19531250000000008 0.5453125 0.19531250000000008 0.5453125 0.21875000000000008 0.5828125 0.21875000000000008
0 0.6921875 0.1921875000000001 0.615625 0.1921875000000001 0.615625 0.21875000000000008 0.6921875 0.21875000000000008
0 0.7578125 0.1921875000000001 0.71875 0.1921875000000001 0.71875 0.21875000000000008 0.7578125 0.21875000000000008
0 0.9046875 0.1937500000000001 0.7828125 0.1937500000000001 0.7828125 0.23437500000000008 0.9046875 0.23437500000000008
0 0.13281250000000006 0.25 0.07343750000000002 0.25 0.07343750000000002 0.271875 0.13281250000000006 0.271875
0 0.2 0.24375 0.15781250000000005 0.24375 0.15781250000000005 0.2703125 0.2 0.2703125
0 0.3171875 0.240625 0.225 0.240625 0.225 0.2703125 0.3171875 0.2703125
0 0.3796875 0.24687500000000004 0.346875 0.246875 0.346875 0.26875000000000004 0.3796875 0.2687500000000001
0 0.4765625 0.2593750000000001 0.4015625 0.2593750000000001 0.4015625 0.2875000000000001 0.4765625 0.2875000000000001
0 0.55 0.2531250000000001 0.5171875 0.2531250000000001 0.5171875 0.2828125000000001 0.55 0.2828125000000001
0 0.621875 0.24375000000000008 0.55 0.24375000000000008 0.55 0.28593750000000007 0.621875 0.28593750000000007
0 0.7671875 0.2375000000000001 0.653125 0.2375000000000001 0.653125 0.27031250000000007 0.7671875 0.27031250000000007
0 0.09218750000000005 0.29375 0.07343750000000004 0.29375 0.07343750000000004 0.3203125 0.09218750000000005 0.3203125
0 0.17812500000000003 0.2984375 0.10625000000000004 0.2984375 0.10625000000000004 0.321875 0.17812500000000003 0.321875
0 0.3640625 0.29531250000000003 0.2140625 0.2953125 0.2140625 0.3375 0.3640625 0.3375000000000001
0 0.4265625 0.2953125000000001 0.3921875 0.2953125000000001 0.3921875 0.33281250000000007 0.4265625 0.33281250000000007
0 0.590625 0.2890625000000001 0.4578125 0.2890625000000001 0.4578125 0.3343750000000001 0.590625 0.3343750000000001
0 0.76875 0.2890625000000001 0.61875 0.2890625000000001 0.61875 0.3296875000000001 0.76875 0.3296875000000001
0 0.9390625 0.2984375000000001 0.7953125 0.2984375000000001 0.7953125 0.3343750000000001 0.9390625 0.3343750000000001
0 0.17343750000000005 0.3515625 0.07343750000000004 0.3515625 0.07343750000000004 0.375 0.17343750000000005 0.375
0 0.17656250000000004 0.371875 0.17187500000000006 0.371875 0.17187500000000006 0.3828125 0.17656250000000004 0.3828125
0 0.30000000000000004 0.3515625 0.21875 0.3515625 0.21875000000000006 0.3890625 0.3000000000000001 0.3890625
0 0.425 0.34843750000000007 0.31875 0.3484375 0.31875000000000003 0.37343750000000003 0.425 0.3734375000000001
0 0.484375 0.3546875000000001 0.45 0.3546875000000001 0.45 0.3750000000000001 0.484375 0.3750000000000001
0 0.60625 0.3421875000000001 0.503125 0.3421875000000001 0.503125 0.37187500000000007 0.60625 0.37187500000000007
0 0.6984375 0.3578125000000001 0.61875 0.3578125000000001 0.61875 0.3812500000000001 0.6984375 0.3812500000000001
0 0.7625 0.3437500000000001 0.7234375 0.3437500000000001 0.7234375 0.3687500000000001 0.7625 0.3687500000000001
0 0.89375 0.3578125000000001 0.7765625 0.3578125000000001 0.7765625 0.37968750000000007 0.89375 0.37968750000000007
0 0.12656250000000005 0.4015625 0.07343750000000004 0.4015625 0.07343750000000004 0.4265625 0.12656250000000005 0.4265625
0 0.19218750000000004 0.4 0.15781250000000005 0.4 0.15781250000000005 0.425 0.19218750000000004 0.425
0 0.2765625000000001 0.4 0.19375000000000003 0.4 0.19375000000000003 0.4390625 0.2765625000000001 0.4390625
0 0.44375 0.39062500000000006 0.3046875000000001 0.390625 0.3046875000000001 0.434375 0.44375 0.434375
0 0.459375 0.425 0.45625 0.425 0.45625 0.4359375 0.459375 0.4359375
0 0.5265625 0.3984375000000001 0.48125 0.3984375000000001 0.48125 0.4234375 0.5265625 0.4234375
0 0.6625 0.3921875000000001 0.553125 0.3921875000000001 0.553125 0.4359375 0.6625 0.4359375
0 0.728125 0.3968750000000001 0.6859375 0.3968750000000001 0.6859375 0.43437500000000007 0.728125 0.4343750000000002
0 0.8359375 0.3921875000000001 0.7515625 0.3921875000000001 0.7515625 0.4234375000000002 0.8359375 0.4234375000000002
0 0.12031250000000004 0.4515625 0.07343750000000004 0.4515625 0.07343750000000006 0.475 0.12031250000000004 0.475
0 0.2218750000000001 0.4484375 0.14687500000000003 0.4484375 0.14687500000000003 0.4765625 0.2218750000000001 0.4765625
0 0.3703125000000001 0.4453125 0.24218750000000008 0.4453125 0.24218750000000008 0.475 0.3703125000000001 0.475
0 0.37968750000000007 0.4734375 0.3734375000000001 0.4734375 0.3734375000000001 0.4828125 0.37968750000000007 0.4828125
0 0.4765625 0.4484375 0.4203125 0.4484375 0.4203125 0.471875 0.4765625 0.471875
0 0.5453125 0.45 0.503125 0.45 0.503125 0.471875 0.5453125 0.471875
0 0.69375 0.4390625 0.56875 0.4390625 0.56875 0.4828125 0.69375 0.4828125
0 0.753125 0.4437500000000001 0.7171875 0.44375 0.7171875 0.48125000000000007 0.753125 0.4812500000000002
0 0.17812500000000003 0.49375 0.07343750000000007 0.49375 0.07343750000000007 0.5265625 0.17812500000000003 0.5265625
0 0.3375000000000001 0.4953125 0.21093750000000008 0.4953125 0.21093750000000008 0.5265625 0.3375000000000001 0.5265625
0 0.35625000000000007 0.51875 0.3468750000000001 0.51875 0.3468750000000001 0.5296875 0.35625000000000007 0.5296875
0 0.55625 0.4921875 0.3781250000000001 0.4921875 0.3781250000000001 0.5359375 0.55625 0.5359375
0 0.6125 0.5 0.584375 0.5 0.584375 0.5203125 0.6125 0.5203125
0 0.6671875 0.49375 0.63125 0.49375 0.63125 0.51875 0.6671875 0.51875
0 0.7984375 0.4921875000000001 0.6796875 0.4921875 0.6796875 0.5375000000000001 0.7984375 0.5375000000000002
0 0.915625 0.49218750000000017 0.8234375 0.49218750000000017 0.8234375 0.5203125000000002 0.915625 0.5203125000000002
0 0.925 0.5218750000000002 0.915625 0.5218750000000002 0.915625 0.5328125000000001 0.925 0.5328125000000001
0 0.12343750000000009 0.5515625 0.07812500000000007 0.5515625 0.07812500000000007 0.578125 0.12343750000000009 0.578125
0 0.2140625000000001 0.553125 0.14218750000000008 0.553125 0.14218750000000008 0.575 0.2140625000000001 0.575
0 0.2500000000000001 0.553125 0.22812500000000008 0.553125 0.22812500000000008 0.5765625 0.2500000000000001 0.5765625
0 0.403125 0.5515625 0.2812500000000001 0.5515625 0.2812500000000001 0.590625 0.403125 0.590625
0 0.4875 0.5484375 0.43125 0.5484375 0.43125 0.5875 0.4875 0.5875
0 0.7078125 0.5421875 0.5171875 0.5421875 0.5171875 0.584375 0.7078125 0.584375
0 0.7625 0.5453125000000002 0.7296875 0.5453125000000002 0.7296875 0.5750000000000002 0.7625 0.5750000000000002
0 0.89375 0.5375000000000002 0.784375 0.5375000000000002 0.784375 0.5718750000000001 0.89375 0.5718750000000001
0 0.1468750000000001 0.6 0.07812500000000007 0.6 0.07812500000000007 0.625 0.1468750000000001 0.625
0 0.2390625000000001 0.5984375 0.1750000000000001 0.5984375 0.1750000000000001 0.634375 0.2390625000000001 0.634375
0 0.40625 0.6125 0.2500000000000001 0.6125 0.2500000000000001 0.6390625 0.40625 0.6390625
0 0.4234375 0.625 0.41875 0.625 0.41875 0.628125 0.4234375 0.628125