0 0.16406250000000006 0.2171875 0.13593750000000004 0.2171875 0.13593750000000004 0.2296875 0.16406250000000006 0.2296875
0 0.2203125 0.2203125 0.17656250000000004 0.2203125 0.17656250000000004 0.228125 0.2203125 0.228125
0 0.3359375 0.2140625 0.2359375 0.2140625 0.2359375 0.2296875 0.3359375 0.2296875
0 0.4296875 0.22187500000000004 0.35 0.221875 0.35 0.23281250000000003 0.4296875 0.2328125000000001
0 0.4828125 0.2171875000000001 0.4375 0.2171875000000001 0.4375 0.2312500000000001 0.4828125 0.2312500000000001
0 0.5203125 0.2171875000000001 0.4984375 0.2171875000000001 0.4984375 0.2296875000000001 0.5203125 0.2296875000000001
0 0.6265625 0.2156250000000001 0.5328125 0.2156250000000001 0.5328125 0.23437500000000008 0.6265625 0.23437500000000008
0 0.696875 0.22031250000000008 0.6390625 0.22031250000000008 0.6390625 0.2312500000000001 0.696875 0.2312500000000001
0 0.7765625 0.21250000000000008 0.703125 0.21250000000000008 0.703125 0.22656250000000008 0.7765625 0.22656250000000008
0 0.8109375 0.2171875000000001 0.7828125 0.2171875000000001 0.7828125 0.2312500000000001 0.8109375 0.2312500000000001
0 0.853125 0.2156250000000001 0.8203125 0.2156250000000001 0.8203125 0.2250000000000001 0.853125 0.2250000000000001
0 0.30625 0.265625 0.14218750000000005 0.265625 0.14218750000000005 0.2828125 0.30625 0.2828125
0 0.4765625 0.26562500000000006 0.3203125 0.265625 0.3203125 0.27968750000000003 0.4765625 0.2796875000000001
0 0.4859375 0.2765625000000001 0.4828125 0.2765625000000001 0.4828125 0.2796875000000001 0.4859375 0.2796875000000001
0 0.5671875 0.2656250000000001 0.4921875 0.2656250000000001 0.4921875 0.2796875000000001 0.5671875 0.2796875000000001
0 0.6125 0.2656250000000001 0.584375 0.2656250000000001 0.584375 0.2765625000000001 0.6125 0.2765625000000001
0 0.6515625 0.2718750000000001 0.61875 0.2718750000000001 0.61875 0.2812500000000001 0.6515625 0.2812500000000001
0 0.721875 0.2671875000000001 0.6671875 0.2671875000000001 0.6671875 0.27812500000000007 0.721875 0.27812500000000007
0 0.853125 0.2656250000000001 0.7328125 0.2656250000000001 0.7328125 0.2828125000000001 0.853125 0.2828125000000001
0 0.2734375 0.3125 0.13593750000000004 0.3125 0.13593750000000004 0.328125 0.2734375 0.328125
0 0.365625 0.31093750000000003 0.284375 0.3109375 0.284375 0.32812500000000006 0.365625 0.3281250000000001
0 0.4171875 0.31718750000000007 0.3671875 0.31718750000000007 0.3671875 0.3312500000000001 0.4171875 0.3312500000000001
0 0.4546875 0.31718750000000007 0.425 0.31718750000000007 0.425 0.3281250000000001 0.4546875 0.3281250000000001
0 0.5375 0.3140625000000001 0.46875 0.3140625000000001 0.46875 0.3312500000000001 0.5375 0.3312500000000001
0 0.6 0.31718750000000007 0.546875 0.31718750000000007 0.546875 0.3296875000000001 0.6 0.3296875000000001
0 0.6828125 0.3187500000000001 0.6078125 0.3187500000000001 0.6078125 0.3296875000000001 0.6828125 0.3296875000000001
0 0.8484375 0.3140625000000001 0.696875 0.3140625000000001 0.696875 0.3281250000000001 0.8484375 0.3281250000000001
0 0.859375 0.32500000000000007 0.8546875 0.32500000000000007 0.8546875 0.3281250000000001 0.859375 0.3281250000000001
0 0.16875000000000004 0.3671875 0.14062500000000006 0.3671875 0.14062500000000006 0.3765625 0.16875000000000004 0.3765625
0 0.2015625000000001 0.365625 0.18281250000000004 0.365625 0.18281250000000004 0.378125 0.2015625000000001 0.378125
0 0.2453125000000001 0.3671875 0.2156250000000001 0.3671875 0.2156250000000001 0.378125 0.2453125000000001 0.378125
0 0.3421875000000001 0.365625 0.2578125000000001 0.365625 0.2578125000000001 0.384375 0.3421875000000001 0.384375
0 0.3781250000000001 0.36875 0.35625000000000007 0.36875 0.35625000000000007 0.38125000000000003 0.3781250000000001 0.3812500000000001
0 0.425 0.3687500000000001 0.38750000000000007 0.3687500000000001 0.38750000000000007 0.37968750000000007 0.425 0.37968750000000007
0 0.603125 0.3656250000000001 0.440625 0.3656250000000001 0.440625 0.3812500000000001 0.603125 0.3812500000000001
0 0.6359375 0.3671875000000001 0.6171875 0.3671875000000001 0.6171875 0.3781250000000001 0.6359375 0.3781250000000001
0 0.71875 0.3687500000000001 0.646875 0.3687500000000001 0.646875 0.3843750000000001 0.71875 0.3843750000000001
0 0.7859375 0.3671875000000001 0.728125 0.3671875000000001 0.728125 0.3828125000000001 0.7859375 0.3828125000000001
0 0.8546875 0.3671875000000001 0.79375 0.3671875000000001 0.79375 0.37968750000000007 0.8546875 0.37968750000000007
0 0.2015625000000001 0.41875 0.14062500000000006 0.41875 0.14062500000000006 0.428125 0.2015625000000001 0.428125
0 0.2468750000000001 0.421875 0.22031250000000008 0.421875 0.22031250000000008 0.4296875 0.2468750000000001 0.4296875
0 0.3453125000000001 0.41875 0.2531250000000001 0.41875 0.2531250000000001 0.4359375 0.3453125000000001 0.4359375
0 0.4265625 0.41875 0.35625000000000007 0.41875 0.35625000000000007 0.4296875 0.4265625 0.4296875
0 0.478125 0.41875 0.4390625 0.41875 0.4390625 0.43125 0.478125 0.43125
0 0.5546875 0.415625 0.490625 0.415625 0.490625 0.428125 0.5546875 0.428125
0 0.6875 0.415625 0.5671875 0.415625 0.5671875 0.43125 0.6875 0.43125
0 0.71875 0.421875 0.7 0.421875 0.7 0.4296875 0.71875 0.4296875
0 0.871875 0.41406250000000017 0.734375 0.41406250000000017 0.734375 0.42968750000000017 0.871875 0.42968750000000017
0 0.19843750000000004 0.465625 0.13906250000000003 0.465625 0.13906250000000003 0.48125 0.19843750000000004 0.48125
0 0.21093750000000008 0.4734375 0.2062500000000001 0.4734375 0.2062500000000001 0.4828125 0.21093750000000008 0.4828125
0 0.2671875000000001 0.4703125 0.2218750000000001 0.4703125 0.2218750000000001 0.48125 0.2671875000000001 0.48125
0 0.3453125000000001 0.4703125 0.2796875000000001 0.4703125 0.2796875000000001 0.48125 0.3453125000000001 0.48125
0 0.4171875 0.4734375 0.3578125000000001 0.4734375 0.3578125000000001 0.4875 0.4171875 0.4875
0 0.5921875 0.465625 0.4296875 0.465625 0.4296875 0.4859375 0.5921875 0.4859375
0 0.721875 0.4671875 0.603125 0.4671875 0.603125 0.484375 0.721875 0.484375
0 0.75 0.4703125000000002 0.73125 0.4703125000000002 0.73125 0.4812500000000002 0.75 0.4812500000000002
0 0.7953125 0.46875000000000017 0.7578125 0.46875000000000017 0.7578125 0.4812500000000002 0.7953125 0.4812500000000002
0 0.8984375 0.46875000000000017 0.803125 0.46875000000000017 0.803125 0.4812500000000002 0.8984375 0.4812500000000002
0 0.17968750000000006 0.521875 0.14687500000000003 0.521875 0.14687500000000003 0.534375 0.17968750000000006 0.534375
0 0.30156250000000007 0.5203125 0.19687500000000005 0.5203125 0.19687500000000005 0.5359375 0.30156250000000007 0.5359375
0 0.5421875 0.5171875 0.31718750000000007 0.5171875 0.31718750000000007 0.5328125 0.5421875 0.5328125
0 0.5546875 0.528125 0.5515625 0.528125 0.5515625 0.53125 0.5546875 0.53125