0 0.17656250000000004 0.20625 0.12968750000000004 0.20625 0.12968750000000004 0.23125 0.17656250000000004 0.23125
0 0.353125 0.2046875 0.2 0.2046875 0.2 0.2390625 0.353125 0.2390625
0 0.5265625 0.20468750000000008 0.3875 0.20468750000000008 0.3875 0.2406250000000001 0.5265625 0.2406250000000001
0 0.5953125 0.2000000000000001 0.5484375 0.2000000000000001 0.5484375 0.2234375000000001 0.5953125 0.2234375000000001
0 0.7265625 0.20312500000000008 0.6125 0.20312500000000008 0.6125 0.2375000000000001 0.7265625 0.2375000000000001
0 0.821875 0.1984375000000001 0.75 0.1984375000000001 0.75 0.23437500000000008 0.821875 0.23437500000000008
0 0.321875 0.253125 0.13593750000000004 0.253125 0.13593750000000004 0.2796875 0.321875 0.2796875
0 0.3609375 0.253125 0.346875 0.253125 0.346875 0.278125 0.3609375 0.278125
0 0.38125 0.25312500000000004 0.3625 0.253125 0.3625 0.27656250000000004 0.38125 0.2765625000000001
0 0.4953125 0.2531250000000001 0.4046875 0.2531250000000001 0.4046875 0.27812500000000007 0.4953125 0.27812500000000007
0 0.5328125 0.2515625000000001 0.4953125 0.2515625000000001 0.4953125 0.27812500000000007 0.5328125 0.27812500000000007
0 0.6 0.2515625000000001 0.5515625 0.2515625000000001 0.5515625 0.2765625000000001 0.6 0.2765625000000001
0 0.7265625 0.2515625000000001 0.625 0.2515625000000001 0.625 0.2765625000000001 0.7265625 0.2765625000000001
0 0.784375 0.2562500000000001 0.765625 0.2562500000000001 0.765625 0.2750000000000001 0.784375 0.2750000000000001
0 0.2234375 0.3046875 0.13750000000000004 0.3046875 0.13750000000000004 0.3375 0.2234375 0.3375
0 0.3375 0.303125 0.2359375 0.303125 0.2359375 0.340625 0.3375 0.340625
0 0.35 0.3078125 0.3421875 0.3078125 0.3421875 0.328125 0.35 0.328125
0 0.3890625 0.3046875000000001 0.36875 0.3046875000000001 0.36875 0.3265625000000001 0.3890625 0.3265625000000001
0 0.4453125 0.3031250000000001 0.4046875 0.3031250000000001 0.4046875 0.3265625000000001 0.4453125 0.3265625000000001
0 0.5328125 0.3031250000000001 0.4765625 0.3031250000000001 0.4765625 0.3343750000000001 0.5328125 0.3343750000000001
0 0.5875 0.3031250000000001 0.5546875 0.3031250000000001 0.5546875 0.3375000000000001 0.5875 0.3375000000000001
0 0.7109375 0.3031250000000001 0.603125 0.3031250000000001 0.603125 0.3421875000000001 0.7109375 0.3421875000000001
0 0.8390625 0.30156250000000007 0.7265625 0.30156250000000007 0.7265625 0.34062500000000007 0.8390625 0.34062500000000007
0 0.23750000000000004 0.3578125 0.13906250000000003 0.3578125 0.13906250000000003 0.39375 0.2375000000000001 0.39375
0 0.29375000000000007 0.3515625 0.2703125 0.3515625 0.27031250000000007 0.378125 0.29375000000000007 0.378125
0 0.37343750000000003 0.353125 0.3171875 0.353125 0.31718750000000007 0.3765625 0.3734375000000001 0.3765625000000001
0 0.4234375 0.3531250000000001 0.3859375 0.3531250000000001 0.38593750000000004 0.3765625000000001 0.4234375 0.3765625000000001
0 0.503125 0.3531250000000001 0.4515625 0.3531250000000001 0.4515625 0.3765625000000001 0.503125 0.3765625000000001
0 0.5546875 0.3531250000000001 0.5265625 0.3531250000000001 0.5265625 0.3843750000000001 0.5546875 0.3843750000000001
0 0.6859375 0.35625000000000007 0.565625 0.35625000000000007 0.565625 0.3890625000000001 0.6859375 0.3890625000000001
0 0.8625 0.3531250000000001 0.7078125 0.3531250000000001 0.7078125 0.3968750000000001 0.8625 0.3968750000000001
0 0.871875 0.3703125000000001 0.8625 0.3703125000000001 0.8625 0.37968750000000007 0.871875 0.37968750000000007
0 0.18281250000000004 0.4125 0.14062500000000006 0.4125 0.14062500000000006 0.4296875 0.18281250000000004 0.4296875
0 0.2671875000000001 0.4125 0.2140625000000001 0.4125 0.2140625000000001 0.4328125 0.2671875000000001 0.4328125
0 0.3453125000000001 0.40625 0.29375000000000007 0.40625 0.29375000000000007 0.428125 0.3453125000000001 0.428125
0 0.45625 0.4046875 0.3734375000000001 0.4046875 0.3734375000000001 0.4296875 0.45625 0.4296875
0 0.546875 0.4109375 0.4921875 0.4109375 0.4921875 0.4265625 0.546875 0.4265625
0 0.68125 0.4046875 0.5671875 0.4046875 0.5671875 0.4421875 0.68125 0.4421875
0 0.7296875 0.4140625000000001 0.70625 0.4140625 0.70625 0.4281250000000001 0.7296875 0.4281250000000002
0 0.778125 0.4125000000000002 0.7578125 0.4125000000000002 0.7578125 0.42500000000000016 0.778125 0.42500000000000016
0 0.2984375000000001 0.4609375 0.14062500000000006 0.4609375 0.14062500000000006 0.49375 0.2984375000000001 0.49375
0 0.4265625 0.45625 0.3343750000000001 0.45625 0.3343750000000001 0.48125 0.4265625 0.48125
0 0.4484375 0.478125 0.44375 0.478125 0.44375 0.4796875 0.4484375 0.4796875
0 0.5578125 0.4546875 0.459375 0.4546875 0.459375 0.4875 0.5578125 0.4875
0 0.63125 0.465625 0.5765625 0.465625 0.5765625 0.4796875 0.63125 0.4796875
0 0.7609375 0.4562500000000001 0.6515625 0.45625 0.6515625 0.4953125000000001 0.7609375 0.49531250000000016
0 0.78125 0.47656250000000017 0.7765625 0.47656250000000017 0.7765625 0.48437500000000017 0.78125 0.48437500000000017
0 0.8578125 0.4546875000000002 0.790625 0.4546875000000002 0.790625 0.4781250000000002 0.8578125 0.4781250000000002
0 0.2062500000000001 0.503125 0.15468750000000003 0.503125 0.15468750000000003 0.528125 0.2062500000000001 0.528125
0 0.3437500000000001 0.5078125 0.2375000000000001 0.5078125 0.2375000000000001 0.5390625 0.3437500000000001 0.5390625
0 0.40625 0.5078125 0.3750000000000001 0.5078125 0.3750000000000001 0.5296875 0.40625 0.5296875
0 0.45 0.515625 0.4234375 0.515625 0.4234375 0.528125 0.45 0.528125
0 0.6265625 0.50625 0.471875 0.50625 0.471875 0.540625 0.6265625 0.540625
0 0.728125 0.503125 0.6578125 0.503125 0.6578125 0.5375000000000001 0.728125 0.5375000000000002
0 0.7609375 0.5093750000000001 0.75625 0.5093750000000001 0.75625 0.5312500000000002 0.7609375 0.5312500000000002
0 0.865625 0.5062500000000002 0.7640625 0.5062500000000002 0.7640625 0.5437500000000002 0.865625 0.5437500000000002
0 0.17343750000000008 0.5578125 0.15000000000000008 0.5578125 0.15000000000000008 0.58125 0.17343750000000008 0.58125
0 0.26250000000000007 0.56875 0.19531250000000008 0.56875 0.19531250000000008 0.5859375 0.26250000000000007 0.5859375
0 0.3437500000000001 0.5671875 0.2828125000000001 0.5671875 0.2828125000000001 0.58125 0.3437500000000001 0.58125
0 0.3906250000000001 0.56875 0.3703125000000001 0.56875 0.3703125000000001 0.5828125 0.3906250000000001 0.5828125
0 0.496875 0.5578125 0.425 0.5578125 0.425 0.58125 0.496875 0.58125
0 0.596875 0.55625 0.5234375 0.55625 0.5234375 0.5796875 0.596875 0.5796875
0 0.64375 0.5578125 0.6203125 0.5578125 0.6203125 0.578125 0.64375 0.578125
0 0.6921875 0.5515625 0.6578125 0.5515625 0.6578125 0.578125 0.6921875 0.578125
0 0.771875 0.5546875000000001 0.7234375 0.5546875 0.7234375 0.5781250000000001 0.771875 0.5781250000000002
0 0.890625 0.5531250000000002 0.803125 0.5531250000000002 0.803125 0.5984375000000002 0.890625 0.5984375000000002
0 0.19687500000000008 0.6109375 0.1546875000000001 0.6109375 0.1546875000000001 0.640625 0.19687500000000008 0.640625
0 0.23437500000000008 0.6203125 0.21875000000000008 0.6203125 0.21875000000000008 0.63125 0.23437500000000008 0.63125
0 0.3296875000000001 0.609375 0.2609375000000001 0.609375 0.2609375000000001 0.640625 0.3296875000000001 0.640625
0 0.4640625 0.60625 0.3609375000000001 0.60625 0.3609375000000001 0.634375 0.4640625 0.634375
0 0.5109375 0.6078125 0.4890625 0.6078125 0.4890625 0.6296875 0.5109375 0.6296875
0 0.5765625 0.6078125 0.53125 0.6078125 0.53125 0.63125 0.5765625 0.63125
0 0.6375 0.609375 0.6046875 0.609375 0.6046875 0.6296875 0.6375 0.6296875
0 0.7390625 0.6046875 0.6546875 0.6046875 0.6546875 0.6406250000000001 0.7390625 0.6406250000000002
0 0.8328125 0.6078125000000002 0.7671875 0.6078125000000002 0.7671875 0.6406250000000002 0.8328125 0.6406250000000002
0 0.2234375000000001 0.659375 0.1515625000000001 0.659375 0.1515625000000001 0.684375 0.2234375000000001 0.684375
0 0.2734375000000001 0.6609375 0.2515625000000001 0.6609375 0.2515625000000001 0.6796875 0.2734375000000001 0.6796875
0 0.3375000000000001 0.6578125 0.2984375000000001 0.6578125 0.2984375000000001 0.6796875 0.3375000000000001 0.6796875
0 0.4453125 0.65625 0.3687500000000001 0.65625 0.3687500000000001 0.6796875 0.4453125 0.6796875
0 0.459375 0.6765625 0.4546875 0.6765625 0.4546875 0.6796875 0.459375 0.6796875