0 0.25625 0.2515625 0.18125000000000005 0.2515625 0.18125000000000005 0.2734375 0.25625 0.2734375
0 0.4125 0.25468750000000007 0.2765625 0.2546875 0.2765625 0.27656250000000004 0.4125 0.2765625000000001
0 0.5109375 0.2593750000000001 0.434375 0.2593750000000001 0.434375 0.2734375000000001 0.5109375 0.2734375000000001
0 0.665625 0.2515625000000001 0.5328125 0.2515625000000001 0.5328125 0.2843750000000001 0.665625 0.2843750000000001
0 0.7796875 0.25468750000000007 0.690625 0.25468750000000007 0.690625 0.2750000000000001 0.7796875 0.2750000000000001
0 0.3296875 0.3078125 0.17656250000000004 0.3078125 0.17656250000000004 0.325 0.3296875 0.325
0 0.378125 0.31250000000000006 0.35625 0.3125 0.35625 0.32500000000000007 0.378125 0.32500000000000007
0 0.603125 0.3031250000000001 0.4046875 0.3031250000000001 0.4046875 0.32500000000000007 0.603125 0.32500000000000007
0 0.88125 0.3031250000000001 0.6171875 0.3031250000000001 0.6171875 0.32500000000000007 0.88125 0.32500000000000007
0 0.23281250000000003 0.3515625 0.18593750000000003 0.3515625 0.18593750000000003 0.38125 0.2328125000000001 0.38125
0 0.30156250000000007 0.3546875 0.246875 0.3546875 0.24687500000000004 0.3765625 0.30156250000000007 0.3765625
0 0.403125 0.35625000000000007 0.3203125 0.35625 0.32031250000000006 0.38281250000000006 0.403125 0.3828125000000001
0 0.475 0.3546875000000001 0.4265625 0.3546875000000001 0.4265625 0.3843750000000001 0.475 0.3843750000000001
0 0.5796875 0.3531250000000001 0.4921875 0.3531250000000001 0.4921875 0.3812500000000001 0.5796875 0.3812500000000001
0 0.5953125 0.3703125000000001 0.584375 0.3703125000000001 0.584375 0.37968750000000007 0.5953125 0.37968750000000007
0 0.6484375 0.3546875000000001 0.6171875 0.3546875000000001 0.6171875 0.3750000000000001 0.6484375 0.3750000000000001
0 0.771875 0.3531250000000001 0.665625 0.3531250000000001 0.665625 0.3750000000000001 0.771875 0.3750000000000001
0 0.8484375 0.35625000000000007 0.7828125 0.35625000000000007 0.7828125 0.3765625000000001 0.8484375 0.3765625000000001
0 0.4375 0.4046875 0.19218750000000004 0.4046875 0.19218750000000004 0.4265625 0.4375 0.4265625
0 0.50625 0.4046875 0.4578125 0.4046875 0.4578125 0.434375 0.50625 0.434375
0 0.6875 0.4046875 0.521875 0.4046875 0.521875 0.43125 0.6875 0.43125
0 0.696875 0.425 0.6875 0.425 0.6875 0.43125 0.696875 0.43125
0 0.8046875 0.4062500000000001 0.715625 0.40625 0.715625 0.4281250000000001 0.8046875 0.4281250000000002
0 0.834375 0.4156250000000002 0.809375 0.4156250000000002 0.809375 0.4265625000000002 0.834375 0.4265625000000002
0 0.4078125 0.4609375 0.19218750000000004 0.4609375 0.19218750000000004 0.478125 0.4078125 0.478125
0 0.553125 0.459375 0.434375 0.459375 0.434375 0.4953125 0.553125 0.4953125
0 0.6171875 0.45625 0.5671875 0.45625 0.5671875 0.4890625 0.6171875 0.4890625
0 0.8 0.4625000000000001 0.6390625 0.4625 0.6390625 0.4781250000000001 0.8 0.4781250000000002
0 0.3515625000000001 0.5078125 0.19531250000000006 0.5078125 0.19531250000000006 0.534375 0.3515625000000001 0.534375
0 0.425 0.5078125 0.3703125000000001 0.5078125 0.3703125000000001 0.534375 0.425 0.534375
0 0.4921875 0.50625 0.440625 0.50625 0.440625 0.525 0.4921875 0.525
0 0.696875 0.50625 0.5109375 0.50625 0.5109375 0.528125 0.696875 0.528125
0 0.9078125 0.5078125000000001 0.7125 0.5078125 0.7125 0.5312500000000001 0.9078125 0.5312500000000002
0 0.9140625 0.5265625000000002 0.9109375 0.5265625000000002 0.9109375 0.5296875000000002 0.9140625 0.5296875000000002
0 0.3203125000000001 0.55625 0.19687500000000008 0.55625 0.19687500000000008 0.584375 0.3203125000000001 0.584375
0 0.4078125 0.55625 0.3468750000000001 0.55625 0.3468750000000001 0.5765625 0.4078125 0.5765625
0 0.5671875 0.55625 0.4265625 0.55625 0.4265625 0.5828125 0.5671875 0.5828125
0 0.6265625 0.565625 0.575 0.565625 0.575 0.578125 0.6265625 0.578125
0 0.8375 0.5578125 0.6375 0.5578125 0.6375 0.5859375000000001 0.8375 0.5859375000000002
0 0.32500000000000007 0.6015625 0.2015625000000001 0.6015625 0.2015625000000001 0.63125 0.32500000000000007 0.63125
0 0.37187500000000007 0.609375 0.3421875000000001 0.609375 0.3421875000000001 0.6265625 0.37187500000000007 0.6265625
0 0.4453125 0.6046875 0.3859375000000001 0.6046875 0.3859375000000001 0.625 0.4453125 0.625
0 0.6 0.6125 0.4609375 0.6125 0.4609375 0.6265625 0.6 0.6265625
0 0.6765625 0.60625 0.628125 0.60625 0.628125 0.6328125 0.6765625 0.6328125
0 0.7453125 0.6093750000000001 0.6890625 0.609375 0.6890625 0.6296875000000001 0.7453125 0.6296875000000002
0 0.865625 0.6093750000000002 0.7625 0.6093750000000002 0.7625 0.6375000000000002 0.865625 0.6375000000000002
0 0.878125 0.6281250000000002 0.875 0.6281250000000002 0.875 0.6312500000000002 0.878125 0.6312500000000002
0 0.2453125000000001 0.6578125 0.2093750000000001 0.6578125 0.2093750000000001 0.6765625 0.2453125000000001 0.6765625
0 0.36406250000000007 0.665625 0.26250000000000007 0.665625 0.26250000000000007 0.6859375 0.36406250000000007 0.6859375
0 0.4375 0.6578125 0.3843750000000001 0.6578125 0.3843750000000001 0.6765625 0.4375 0.6765625
0 0.5125 0.6578125 0.453125 0.6578125 0.453125 0.678125 0.5125 0.678125
0 0.6359375 0.6578125 0.528125 0.6578125 0.528125 0.6796875 0.6359375 0.6796875
0 0.728125 0.6687500000000001 0.64375 0.66875 0.64375 0.6890625000000001 0.728125 0.6890625000000001
0 0.8171875 0.6609375000000002 0.7421875 0.6609375000000002 0.7421875 0.6812500000000001 0.8171875 0.6812500000000001
0 0.3515625000000001 0.70625 0.20312500000000008 0.70625 0.20312500000000008 0.734375 0.3515625000000001 0.734375
0 0.38750000000000007 0.7171875 0.3671875000000001 0.7171875 0.3671875000000001 0.728125 0.38750000000000007 0.728125
0 0.5171875000000001 0.70625 0.4171875 0.70625 0.4171875000000001 0.7359375 0.5171875000000001 0.7359375
0 0.5984375000000001 0.70625 0.540625 0.70625 0.5406250000000001 0.7359375 0.5984375000000002 0.7359375
0 0.6718750000000001 0.709375 0.6125 0.709375 0.6125 0.728125 0.6718750000000002 0.728125
0 0.8484375 0.70625 0.69375 0.70625 0.6937500000000001 0.7281250000000001 0.8484375 0.7281250000000001