0 0.2578125 0.2046875 0.13437500000000005 0.2046875 0.13437500000000005 0.2203125 0.2578125 0.2203125
0 0.321875 0.2046875 0.275 0.2046875 0.275 0.21875 0.321875 0.21875
0 0.525 0.20468750000000005 0.3375 0.2046875 0.3375 0.22343750000000004 0.525 0.2234375000000001
0 0.5875 0.2062500000000001 0.5484375 0.2062500000000001 0.5484375 0.21875000000000008 0.5875 0.21875000000000008
0 0.63125 0.20468750000000008 0.6109375 0.20468750000000008 0.6109375 0.21875000000000008 0.63125 0.21875000000000008
0 0.7140625 0.2062500000000001 0.6546875 0.2062500000000001 0.6546875 0.21875000000000008 0.7140625 0.21875000000000008
0 0.759375 0.2062500000000001 0.728125 0.2062500000000001 0.728125 0.2171875000000001 0.759375 0.2171875000000001
0 0.8375 0.2062500000000001 0.78125 0.2062500000000001 0.78125 0.2171875000000001 0.8375 0.2171875000000001
0 0.18125000000000005 0.234375 0.13437500000000005 0.234375 0.13437500000000005 0.2484375 0.18125000000000005 0.2484375
0 0.26875 0.240625 0.19843750000000004 0.240625 0.19843750000000004 0.25 0.26875 0.25
0 0.2734375 0.246875 0.265625 0.246875 0.265625 0.253125 0.2734375 0.253125
0 0.50625 0.23437500000000006 0.2984375 0.234375 0.2984375 0.25000000000000006 0.50625 0.2500000000000001
0 0.7140625 0.23437500000000008 0.53125 0.23437500000000008 0.53125 0.2468750000000001 0.7140625 0.2468750000000001
0 0.7703125 0.23437500000000008 0.7375 0.23437500000000008 0.7375 0.2468750000000001 0.7703125 0.2468750000000001
0 0.8421875 0.23437500000000008 0.7890625 0.23437500000000008 0.7890625 0.2468750000000001 0.8421875 0.2468750000000001
0 0.246875 0.2640625 0.13750000000000004 0.2640625 0.13750000000000004 0.2859375 0.246875 0.2859375
0 0.3734375 0.26562500000000006 0.275 0.265625 0.275 0.27812500000000007 0.3734375 0.27812500000000007
0 0.44375 0.2671875000000001 0.39375 0.2671875000000001 0.39375 0.2796875000000001 0.44375 0.2796875000000001
0 0.5328125 0.2687500000000001 0.4609375 0.2687500000000001 0.4609375 0.2843750000000001 0.5328125 0.2843750000000001
0 0.5453125 0.2750000000000001 0.540625 0.2750000000000001 0.540625 0.27812500000000007 0.5453125 0.27812500000000007
0 0.621875 0.2671875000000001 0.5703125 0.2671875000000001 0.5703125 0.27812500000000007 0.621875 0.27812500000000007
0 0.7234375 0.2656250000000001 0.634375 0.2656250000000001 0.634375 0.2843750000000001 0.7234375 0.2843750000000001
0 0.8578125 0.2671875000000001 0.7453125 0.2671875000000001 0.7453125 0.27812500000000007 0.8578125 0.27812500000000007
0 0.18593750000000003 0.29375 0.13750000000000004 0.29375 0.13750000000000004 0.3078125 0.18593750000000003 0.3078125
0 0.2375 0.296875 0.203125 0.296875 0.203125 0.3140625 0.2375 0.3140625
0 0.3 0.2953125 0.2515625 0.2953125 0.2515625 0.309375 0.3 0.309375
0 0.4375 0.29375000000000007 0.325 0.29375 0.325 0.30781250000000004 0.4375 0.3078125000000001
0 0.5640625 0.29375000000000007 0.46875 0.29375000000000007 0.46875 0.3078125000000001 0.5640625 0.3078125000000001
0 0.6921875 0.2953125000000001 0.5890625 0.2953125000000001 0.5890625 0.3125000000000001 0.6921875 0.3125000000000001
0 0.73125 0.2984375000000001 0.709375 0.2984375000000001 0.709375 0.3062500000000001 0.73125 0.3062500000000001
0 0.8265625 0.29375000000000007 0.7546875 0.29375000000000007 0.7546875 0.3078125000000001 0.8265625 0.3078125000000001
0 0.228125 0.325 0.13593750000000004 0.325 0.13593750000000004 0.346875 0.228125 0.346875
0 0.3109375 0.3265625 0.2515625 0.3265625 0.2515625 0.3390625 0.3109375 0.3390625
0 0.428125 0.32656250000000003 0.334375 0.3265625 0.334375 0.34062500000000007 0.428125 0.34062500000000007
0 0.6 0.3265625000000001 0.453125 0.3265625000000001 0.453125 0.3453125000000001 0.6 0.3453125000000001
0 0.646875 0.3265625000000001 0.61875 0.3265625000000001 0.61875 0.3375000000000001 0.646875 0.3375000000000001
0 0.71875 0.3265625000000001 0.6609375 0.3265625000000001 0.6609375 0.3359375000000001 0.71875 0.3359375000000001
0 0.8390625 0.3281250000000001 0.728125 0.3281250000000001 0.728125 0.3437500000000001 0.8390625 0.3437500000000001
0 0.19218750000000004 0.3546875 0.13750000000000004 0.3546875 0.13750000000000004 0.3671875 0.19218750000000004 0.3671875
0 0.25468750000000007 0.3578125 0.209375 0.3578125 0.20937500000000003 0.36875 0.25468750000000007 0.36875
0 0.34375000000000006 0.3578125 0.278125 0.3578125 0.27812500000000007 0.375 0.3437500000000001 0.375
0 0.4125 0.35625000000000007 0.371875 0.35625000000000007 0.37187500000000007 0.3687500000000001 0.4125 0.3687500000000001
0 0.45 0.3609375000000001 0.434375 0.3609375000000001 0.434375 0.3687500000000001 0.45 0.3687500000000001
0 0.6359375 0.35625000000000007 0.4671875 0.35625000000000007 0.4671875 0.3703125000000001 0.6359375 0.3703125000000001
0 0.66875 0.35625000000000007 0.6515625 0.35625000000000007 0.6515625 0.3687500000000001 0.66875 0.3687500000000001
0 0.7421875 0.3578125000000001 0.6890625 0.3578125000000001 0.6890625 0.3781250000000001 0.7421875 0.3781250000000001
0 0.825 0.35625000000000007 0.765625 0.35625000000000007 0.765625 0.3671875000000001 0.825 0.3671875000000001
0 0.8640625 0.3546875000000001 0.8375 0.3546875000000001 0.8375 0.3671875000000001 0.8640625 0.3671875000000001
0 0.865625 0.3656250000000001 0.8625 0.3656250000000001 0.8625 0.3671875000000001 0.865625 0.3671875000000001
0 0.18906250000000005 0.384375 0.13906250000000003 0.384375 0.13906250000000003 0.3984375 0.18906250000000005 0.3984375
0 0.2812500000000001 0.3890625 0.2171875000000001 0.3890625 0.2171875000000001 0.4046875 0.2812500000000001 0.4046875
0 0.3671875000000001 0.38906250000000003 0.3062500000000001 0.3890625 0.3062500000000001 0.4 0.3671875000000001 0.4
0 0.421875 0.38750000000000007 0.3859375000000001 0.38750000000000007 0.3859375000000001 0.4046875 0.421875 0.4046875
0 0.4890625 0.38750000000000007 0.4421875 0.38750000000000007 0.4421875 0.3984375000000001 0.4890625 0.3984375000000001
0 0.5921875 0.38750000000000007 0.503125 0.38750000000000007 0.503125 0.4078125 0.5921875 0.4078125
0 0.6375 0.38750000000000007 0.6140625 0.38750000000000007 0.6140625 0.3984375000000001 0.6375 0.3984375000000001
0 0.7546875 0.3859375000000001 0.6640625 0.3859375000000001 0.6640625 0.3984375000000001 0.7546875 0.3984375000000001
0 0.8484375 0.3859375000000001 0.7734375 0.3859375000000001 0.7734375 0.4000000000000002 0.8484375 0.4000000000000002
0 0.15937500000000004 0.4171875 0.13906250000000003 0.4171875 0.13906250000000003 0.428125 0.15937500000000004 0.428125
0 0.3062500000000001 0.41875 0.19062500000000004 0.41875 0.19062500000000004 0.4296875 0.3062500000000001 0.4296875
0 0.45 0.4140625 0.3343750000000001 0.4140625 0.3343750000000001 0.4375 0.45 0.4375
0 0.4984375 0.415625 0.4703125 0.415625 0.4703125 0.428125 0.4984375 0.428125
0 0.6046875 0.415625 0.5234375 0.415625 0.5234375 0.428125 0.6046875 0.428125
0 0.6859375 0.4140625 0.625 0.4140625 0.625 0.428125 0.6859375 0.428125
0 0.834375 0.4140625000000001 0.7 0.4140625 0.7 0.4359375000000001 0.834375 0.4359375000000002
0 0.19062500000000004 0.4453125 0.14062500000000006 0.4453125 0.14062500000000006 0.459375 0.19062500000000004 0.459375
0 0.27812500000000007 0.446875 0.2312500000000001 0.446875 0.2312500000000001 0.459375 0.27812500000000007 0.459375
0 0.39531250000000007 0.44375 0.3078125000000001 0.44375 0.3078125000000001 0.4578125 0.39531250000000007 0.4578125
0 0.55625 0.4484375 0.421875 0.4484375 0.421875 0.4609375 0.55625 0.4609375
0 0.6546875 0.44375 0.5828125 0.44375 0.5828125 0.45625 0.6546875 0.45625
0 0.7796875 0.4453125000000001 0.6703125 0.4453125 0.6703125 0.4640625000000001 0.7796875 0.46406250000000016
0 0.16562500000000005 0.475 0.14062500000000006 0.475 0.14062500000000006 0.4875 0.16562500000000005 0.4875
0 0.2406250000000001 0.4734375 0.19687500000000005 0.4734375 0.19687500000000005 0.4859375 0.2406250000000001 0.4859375
0 0.3781250000000001 0.4765625 0.2593750000000001 0.4765625 0.2593750000000001 0.4890625 0.3781250000000001 0.4890625
0 0.4328125 0.4765625 0.403125 0.4765625 0.403125 0.4953125 0.4328125 0.4953125
0 0.5625 0.4734375 0.459375 0.4734375 0.459375 0.4921875 0.5625 0.4921875
0 0.6171875 0.478125 0.5828125 0.478125 0.5828125 0.4859375 0.6171875 0.4859375
0 0.71875 0.4765625 0.6375 0.4765625 0.6375 0.4890625 0.71875 0.4890625
0 0.8078125 0.47656250000000017 0.7453125 0.47656250000000017 0.7453125 0.4890625000000002 0.8078125 0.4890625000000002
0 0.17656250000000004 0.5046875 0.14687500000000003 0.5046875 0.14687500000000003 0.5265625 0.17656250000000004 0.5265625
0 0.2500000000000001 0.5046875 0.19843750000000004 0.5046875 0.19843750000000004 0.5203125 0.2500000000000001 0.5203125
0 0.3468750000000001 0.5046875 0.2812500000000001 0.5046875 0.2812500000000001 0.5171875 0.3468750000000001 0.5171875
0 0.3906250000000001 0.503125 0.35625000000000007 0.503125 0.35625000000000007 0.51875 0.3906250000000001 0.51875
0 0.3921875000000001 0.515625 0.3906250000000001 0.515625 0.3906250000000001 0.5171875 0.3921875000000001 0.5171875