0 0.2203125 0.2203125 0.16250000000000003 0.2203125 0.16250000000000003 0.2328125 0.2203125 0.2328125
0 0.2609375 0.2203125 0.246875 0.2203125 0.246875 0.2328125 0.2609375 0.2328125
0 0.290625 0.2203125 0.28125 0.2203125 0.28125 0.23125 0.290625 0.23125
0 0.38125 0.22031250000000005 0.3203125 0.2203125 0.3203125 0.23437500000000006 0.38125 0.23437500000000008
0 0.4296875 0.2218750000000001 0.409375 0.2218750000000001 0.409375 0.2328125000000001 0.4296875 0.2328125000000001
0 0.50625 0.22031250000000008 0.4546875 0.22031250000000008 0.4546875 0.23437500000000008 0.50625 0.23437500000000008
0 0.5984375 0.22656250000000008 0.5296875 0.22656250000000008 0.5296875 0.2453125000000001 0.5984375 0.2453125000000001
0 0.715625 0.22031250000000008 0.6203125 0.22031250000000008 0.6203125 0.2453125000000001 0.715625 0.2453125000000001
0 0.7515625 0.2296875000000001 0.740625 0.2296875000000001 0.740625 0.23437500000000008 0.7515625 0.23437500000000008
0 0.8265625 0.2250000000000001 0.771875 0.2250000000000001 0.771875 0.24375000000000008 0.8265625 0.24375000000000008
0 0.24375 0.271875 0.15937500000000004 0.271875 0.15937500000000004 0.284375 0.24375 0.284375
0 0.2828125 0.2734375 0.26875 0.2734375 0.26875 0.284375 0.2828125 0.284375
0 0.340625 0.2703125 0.3125 0.2703125 0.3125 0.284375 0.340625 0.284375
0 0.44375 0.2718750000000001 0.3671875 0.2718750000000001 0.3671875 0.2843750000000001 0.44375 0.2843750000000001
0 0.5546875 0.2718750000000001 0.475 0.2718750000000001 0.475 0.2843750000000001 0.5546875 0.2843750000000001
0 0.6484375 0.27031250000000007 0.584375 0.27031250000000007 0.584375 0.2843750000000001 0.6484375 0.2843750000000001
0 0.7171875 0.2718750000000001 0.675 0.2718750000000001 0.675 0.2843750000000001 0.7171875 0.2843750000000001
0 0.7921875 0.2718750000000001 0.7453125 0.2718750000000001 0.7453125 0.2843750000000001 0.7921875 0.2843750000000001
0 0.8328125 0.2718750000000001 0.81875 0.2718750000000001 0.81875 0.2828125000000001 0.8328125 0.2828125000000001
0 0.2328125 0.321875 0.15937500000000004 0.321875 0.15937500000000004 0.334375 0.2328125 0.334375
0 0.296875 0.3234375 0.2640625 0.3234375 0.2640625 0.3375 0.296875 0.3375
0 0.3609375 0.3234375 0.325 0.3234375 0.325 0.3359375 0.3609375 0.3359375
0 0.4234375 0.3281250000000001 0.3890625 0.3281250000000001 0.3890625 0.3343750000000001 0.4234375 0.3343750000000001
0 0.4953125 0.3218750000000001 0.453125 0.3218750000000001 0.453125 0.3437500000000001 0.4953125 0.3437500000000001
0 0.546875 0.3218750000000001 0.5296875 0.3218750000000001 0.5296875 0.3343750000000001 0.546875 0.3343750000000001
0 0.621875 0.3218750000000001 0.5703125 0.3218750000000001 0.5703125 0.3343750000000001 0.621875 0.3343750000000001
0 0.665625 0.3312500000000001 0.646875 0.3312500000000001 0.646875 0.3359375000000001 0.665625 0.3359375000000001
0 0.725 0.3234375000000001 0.69375 0.3234375000000001 0.69375 0.3343750000000001 0.725 0.3343750000000001
0 0.7984375 0.3234375000000001 0.7578125 0.3234375000000001 0.7578125 0.3359375000000001 0.7984375 0.3359375000000001
0 0.2562500000000001 0.371875 0.15312500000000004 0.371875 0.15312500000000004 0.396875 0.2562500000000001 0.396875
0 0.34062500000000007 0.3734375 0.2890625000000001 0.3734375 0.2890625000000001 0.3859375 0.34062500000000007 0.3859375
0 0.3609375000000001 0.384375 0.3578125000000001 0.384375 0.3578125000000001 0.3890625 0.3609375000000001 0.3890625
0 0.4046875 0.37968750000000007 0.3890625000000001 0.37968750000000007 0.3890625000000001 0.3859375000000001 0.4046875 0.3859375000000001
0 0.4609375 0.3781250000000001 0.4359375 0.3781250000000001 0.4359375 0.3843750000000001 0.4609375 0.3843750000000001
0 0.5609375 0.37968750000000007 0.490625 0.37968750000000007 0.490625 0.39531250000000007 0.5609375 0.39531250000000007
0 0.7296875 0.3703125000000001 0.5921875 0.3703125000000001 0.5921875 0.3859375000000001 0.7296875 0.3859375000000001
0 0.8328125 0.37187500000000007 0.7578125 0.37187500000000007 0.7578125 0.3859375000000001 0.8328125 0.3859375000000001
0 0.8453125 0.3843750000000001 0.8421875 0.3843750000000001 0.8421875 0.3859375000000001 0.8453125 0.3859375000000001
0 0.2484375000000001 0.4203125 0.15937500000000004 0.4203125 0.15937500000000004 0.434375 0.2484375000000001 0.434375
0 0.2671875000000001 0.434375 0.2640625000000001 0.434375 0.2640625000000001 0.4390625 0.2671875000000001 0.4390625
0 0.3109375000000001 0.4234375 0.2953125000000001 0.4234375 0.2953125000000001 0.4421875 0.3109375000000001 0.4421875
0 0.3421875000000001 0.4296875 0.3312500000000001 0.4296875 0.3312500000000001 0.4359375 0.3421875000000001 0.4359375
0 0.4625 0.421875 0.37187500000000007 0.421875 0.37187500000000007 0.4359375 0.4625 0.4359375
0 0.58125 0.4234375 0.49375 0.4234375 0.49375 0.4359375 0.58125 0.4359375
0 0.6328125 0.4203125 0.6125 0.4203125 0.6125 0.4359375 0.6328125 0.4359375
0 0.7140625 0.4234375 0.659375 0.4234375 0.659375 0.434375 0.7140625 0.434375
0 0.740625 0.4328125000000001 0.71875 0.4328125 0.71875 0.4359375000000001 0.740625 0.4359375000000002
0 0.7859375 0.42187500000000017 0.7625 0.42187500000000017 0.7625 0.4359375000000002 0.7859375 0.4359375000000002
0 0.8703125 0.4265625000000002 0.8109375 0.4265625000000002 0.8109375 0.44531250000000017 0.8703125 0.44531250000000017
0 0.23593750000000008 0.478125 0.16250000000000003 0.478125 0.16250000000000003 0.496875 0.23593750000000008 0.496875
0 0.3656250000000001 0.471875 0.2671875000000001 0.471875 0.2671875000000001 0.4953125 0.3656250000000001 0.4953125
0 0.4296875 0.4734375 0.3984375000000001 0.4734375 0.3984375000000001 0.4875 0.4296875 0.4875
0 0.5453125 0.4734375 0.4578125 0.4734375 0.4578125 0.49375 0.5453125 0.49375
0 0.6703125 0.471875 0.575 0.471875 0.575 0.4875 0.6703125 0.4875
0 0.76875 0.4750000000000001 0.70625 0.475 0.70625 0.4875000000000001 0.76875 0.48750000000000016
0 0.815625 0.4750000000000002 0.7984375 0.4750000000000002 0.7984375 0.48750000000000016 0.815625 0.48750000000000016
0 0.89375 0.4750000000000002 0.84375 0.4750000000000002 0.84375 0.48750000000000016 0.89375 0.48750000000000016
0 0.18750000000000006 0.521875 0.16406250000000006 0.521875 0.16406250000000006 0.5359375 0.18750000000000006 0.5359375
0 0.2656250000000001 0.521875 0.21875000000000008 0.521875 0.21875000000000008 0.5359375 0.2656250000000001 0.5359375
0 0.3890625000000001 0.521875 0.2968750000000001 0.521875 0.2968750000000001 0.5453125 0.3890625000000001 0.5453125
0 0.471875 0.5234375 0.4234375 0.5234375 0.4234375 0.5375 0.471875 0.5375
0 0.603125 0.521875 0.5046875 0.521875 0.5046875 0.5484375 0.603125 0.5484375
0 0.6546875 0.53125 0.6390625 0.53125 0.6390625 0.5359375 0.6546875 0.5359375
0 0.7765625 0.5250000000000001 0.6890625 0.525 0.6890625 0.5484375000000001 0.7765625 0.5484375000000001
0 0.915625 0.5234375000000002 0.80625 0.5234375000000002 0.80625 0.5390625000000002 0.915625 0.5390625000000002
0 0.17968750000000008 0.5734375 0.1625000000000001 0.5734375 0.1625000000000001 0.5859375 0.17968750000000008 0.5859375
0 0.2390625000000001 0.5734375 0.2093750000000001 0.5734375 0.2093750000000001 0.5859375 0.2390625000000001 0.5859375
0 0.3546875000000001 0.5734375 0.2750000000000001 0.5734375 0.2750000000000001 0.5875 0.3546875000000001 0.5875
0 0.4578125 0.575 0.3906250000000001 0.575 0.3906250000000001 0.5890625 0.4578125 0.5890625
0 0.5171875 0.5765625 0.490625 0.5765625 0.490625 0.59375 0.5171875 0.59375
0 0.5953125 0.5734375 0.5484375 0.5734375 0.5484375 0.5875 0.5953125 0.5875
0 0.7296875 0.5734375 0.6296875 0.5734375 0.6296875 0.5906250000000001 0.7296875 0.5906250000000002
0 0.8375 0.5765625000000002 0.76875 0.5765625000000002 0.76875 0.5890625000000002 0.8375 0.5890625000000002
0 0.8859375 0.5750000000000002 0.86875 0.5750000000000002 0.86875 0.5875000000000001 0.8859375 0.5875000000000001
0 0.2578125000000001 0.6234375 0.1703125000000001 0.6234375 0.1703125000000001 0.6375 0.2578125000000001 0.6375
0 0.3156250000000001 0.625 0.2984375000000001 0.625 0.2984375000000001 0.6484375 0.3156250000000001 0.6484375
0 0.35625000000000007 0.6328125 0.3453125000000001 0.6328125 0.3453125000000001 0.6375 0.35625000000000007 0.6375
0 0.475 0.6234375 0.38750000000000007 0.6234375 0.38750000000000007 0.65 0.475 0.65
0 0.565625 0.6328125 0.5109375 0.6328125 0.5109375 0.6484375 0.565625 0.6484375
0 0.678125 0.625 0.571875 0.625 0.571875 0.6484375 0.678125 0.6484375
0 0.803125 0.6250000000000001 0.6828125 0.625 0.6828125 0.6390625000000001 0.803125 0.6390625000000002
0 0.8171875 0.6250000000000002 0.8078125 0.6250000000000002 0.8078125 0.6390625000000002 0.8171875 0.6390625000000002
0 0.878125 0.6250000000000002 0.85 0.6250000000000002 0.85 0.6390625000000002 0.878125 0.6390625000000002
0 0.2468750000000001 0.6734375 0.1609375000000001 0.6734375 0.1609375000000001 0.696875 0.2468750000000001 0.696875
0 0.34843750000000007 0.671875 0.2828125000000001 0.671875 0.2828125000000001 0.6875 0.34843750000000007 0.6875
0 0.3812500000000001 0.6765625 0.3546875000000001 0.6765625 0.3546875000000001 0.6875 0.3812500000000001 0.6875