0 0.17500000000000004 0.209375 0.13750000000000004 0.209375 0.13750000000000004 0.2265625 0.17500000000000004 0.2265625
0 0.259375 0.2171875 0.203125 0.2171875 0.203125 0.225 0.259375 0.225
0 0.3640625 0.21406250000000004 0.290625 0.2140625 0.290625 0.22656250000000006 0.3640625 0.22656250000000008
0 0.4046875 0.21250000000000008 0.384375 0.21250000000000008 0.384375 0.2296875000000001 0.4046875 0.2296875000000001
0 0.45625 0.2140625000000001 0.425 0.2140625000000001 0.425 0.2250000000000001 0.45625 0.2250000000000001
0 0.55625 0.2140625000000001 0.478125 0.2140625000000001 0.478125 0.23437500000000008 0.55625 0.23437500000000008
0 0.653125 0.2171875000000001 0.5765625 0.2171875000000001 0.5765625 0.23437500000000008 0.653125 0.23437500000000008
0 0.725 0.2171875000000001 0.6734375 0.2171875000000001 0.6734375 0.2250000000000001 0.725 0.2250000000000001
0 0.7640625 0.2156250000000001 0.7421875 0.2156250000000001 0.7421875 0.2250000000000001 0.7640625 0.2250000000000001
0 0.8484375 0.2093750000000001 0.7875 0.2093750000000001 0.7875 0.22812500000000008 0.8484375 0.22812500000000008
0 0.878125 0.2140625000000001 0.8609375 0.2140625000000001 0.8609375 0.2312500000000001 0.878125 0.2312500000000001
0 0.2546875 0.265625 0.14062500000000006 0.265625 0.14062500000000006 0.28125 0.2546875 0.28125
0 0.3171875 0.2625 0.2859375 0.2625 0.2859375 0.28125 0.3171875 0.28125
0 0.384375 0.26406250000000003 0.3421875 0.2640625 0.3421875 0.275 0.384375 0.2750000000000001
0 0.4609375 0.26250000000000007 0.4078125 0.26250000000000007 0.4078125 0.2750000000000001 0.4609375 0.2750000000000001
0 0.496875 0.26250000000000007 0.475 0.26250000000000007 0.475 0.2796875000000001 0.496875 0.2796875000000001
0 0.5671875 0.2640625000000001 0.5171875 0.2640625000000001 0.5171875 0.2750000000000001 0.5671875 0.2750000000000001
0 0.6390625 0.2656250000000001 0.5890625 0.2656250000000001 0.5890625 0.2828125000000001 0.6390625 0.2828125000000001
0 0.7640625 0.2656250000000001 0.6578125 0.2656250000000001 0.6578125 0.2765625000000001 0.7640625 0.2765625000000001
0 0.85 0.2656250000000001 0.7859375 0.2656250000000001 0.7859375 0.2750000000000001 0.85 0.2750000000000001
0 0.17968750000000006 0.3140625 0.13593750000000004 0.3140625 0.13593750000000004 0.3265625 0.17968750000000006 0.3265625
0 0.2640625 0.315625 0.19375000000000003 0.315625 0.19375000000000003 0.3296875 0.2640625 0.3296875
0 0.2765625 0.31875 0.26875 0.31875 0.26875 0.3265625 0.2765625 0.3265625
0 0.3859375 0.31562500000000004 0.278125 0.315625 0.278125 0.32656250000000003 0.3859375 0.3265625000000001
0 0.3953125 0.3140625000000001 0.3890625 0.3140625000000001 0.3890625 0.3296875000000001 0.3953125 0.3296875000000001
0 0.4 0.3234375000000001 0.396875 0.3234375000000001 0.396875 0.3265625000000001 0.4 0.3265625000000001
0 0.428125 0.3109375000000001 0.409375 0.3109375000000001 0.409375 0.3265625000000001 0.428125 0.3265625000000001
0 0.5171875 0.3156250000000001 0.4453125 0.3156250000000001 0.4453125 0.3375000000000001 0.5171875 0.3375000000000001
0 0.615625 0.3156250000000001 0.5375 0.3156250000000001 0.5375 0.3265625000000001 0.615625 0.3265625000000001
0 0.6890625 0.31718750000000007 0.6359375 0.31718750000000007 0.6359375 0.3265625000000001 0.6890625 0.3265625000000001
0 0.725 0.3140625000000001 0.7078125 0.3140625000000001 0.7078125 0.3265625000000001 0.725 0.3265625000000001
0 0.7984375 0.3156250000000001 0.7390625 0.3156250000000001 0.7390625 0.3265625000000001 0.7984375 0.3265625000000001
0 0.8375 0.3140625000000001 0.815625 0.3140625000000001 0.815625 0.32500000000000007 0.8375 0.32500000000000007
0 0.21093750000000006 0.3609375 0.14687500000000003 0.3609375 0.14687500000000003 0.3875 0.21093750000000008 0.3875
0 0.23593750000000008 0.365625 0.2250000000000001 0.365625 0.2250000000000001 0.3765625 0.23593750000000008 0.3765625
0 0.2390625000000001 0.375 0.2375000000000001 0.375 0.2375000000000001 0.3765625 0.2390625000000001 0.3765625
0 0.3031250000000001 0.3640625 0.2562500000000001 0.3640625 0.2562500000000001 0.3765625 0.3031250000000001 0.3765625
0 0.3765625000000001 0.36718750000000006 0.3265625000000001 0.3671875 0.3265625000000001 0.3765625 0.3765625000000001 0.3765625000000001
0 0.475 0.36406250000000007 0.3968750000000001 0.36406250000000007 0.3968750000000001 0.3765625000000001 0.475 0.3765625000000001
0 0.5375 0.36406250000000007 0.49375 0.36406250000000007 0.49375 0.3781250000000001 0.5375 0.3781250000000001
0 0.609375 0.3656250000000001 0.559375 0.3656250000000001 0.559375 0.3781250000000001 0.609375 0.3781250000000001
0 0.75 0.3625000000000001 0.6328125 0.3625000000000001 0.6328125 0.3781250000000001 0.75 0.3781250000000001
0 0.7640625 0.3750000000000001 0.7609375 0.3750000000000001 0.7609375 0.37968750000000007 0.7640625 0.37968750000000007
0 0.8015625 0.3656250000000001 0.771875 0.3656250000000001 0.771875 0.3765625000000001 0.8015625 0.3765625000000001
0 0.878125 0.36406250000000007 0.8203125 0.36406250000000007 0.8203125 0.3828125000000001 0.878125 0.3828125000000001
0 0.15625000000000006 0.4125 0.13593750000000004 0.4125 0.13593750000000004 0.43125 0.15625000000000006 0.43125
0 0.23437500000000008 0.415625 0.18437500000000004 0.415625 0.18437500000000004 0.428125 0.23437500000000008 0.428125
0 0.2984375000000001 0.4171875 0.25468750000000007 0.4171875 0.25468750000000007 0.428125 0.2984375000000001 0.428125
0 0.3359375000000001 0.415625 0.3187500000000001 0.415625 0.3187500000000001 0.4265625 0.3359375000000001 0.4265625
0 0.38750000000000007 0.4140625 0.34843750000000007 0.4140625 0.34843750000000007 0.428125 0.38750000000000007 0.428125
0 0.4578125 0.4125 0.4046875 0.4125 0.4046875 0.4296875 0.4578125 0.4296875
0 0.4640625 0.425 0.4609375 0.425 0.4609375 0.4265625 0.4640625 0.4265625
0 0.5125 0.4109375 0.46875 0.4109375 0.46875 0.4265625 0.5125 0.4265625
0 0.6234375 0.415625 0.5328125 0.415625 0.5328125 0.428125 0.6234375 0.428125
0 0.7296875 0.4171875000000001 0.6421875 0.4171875 0.6421875 0.4281250000000001 0.7296875 0.4281250000000002
0 0.85625 0.41718750000000016 0.7578125 0.41718750000000016 0.7578125 0.4281250000000002 0.85625 0.4281250000000002
0 0.18281250000000004 0.465625 0.14062500000000006 0.465625 0.14062500000000006 0.4796875 0.18281250000000004 0.4796875
0 0.23593750000000008 0.465625 0.2062500000000001 0.465625 0.2062500000000001 0.478125 0.23593750000000008 0.478125
0 0.3453125000000001 0.4640625 0.2671875000000001 0.4640625 0.2671875000000001 0.48125 0.3453125000000001 0.48125
0 0.4828125 0.465625 0.3750000000000001 0.465625 0.3750000000000001 0.4875 0.4828125 0.4875
0 0.55 0.4640625 0.5078125 0.4640625 0.5078125 0.478125 0.55 0.478125
0 0.6125 0.465625 0.5765625 0.465625 0.5765625 0.478125 0.6125 0.478125
0 0.7203125 0.4671875 0.634375 0.4671875 0.634375 0.4796875 0.7203125 0.4796875
0 0.778125 0.46875000000000017 0.7453125 0.46875000000000017 0.7453125 0.4781250000000002 0.778125 0.4781250000000002
0 0.8546875 0.4656250000000002 0.8140625 0.4656250000000002 0.8140625 0.4828125000000002 0.8546875 0.4828125000000002
0 0.15312500000000004 0.515625 0.13593750000000004 0.515625 0.13593750000000004 0.5328125 0.15312500000000004 0.5328125
0 0.23437500000000008 0.51875 0.18281250000000004 0.51875 0.18281250000000004 0.5296875 0.23437500000000008 0.5296875
0 0.4171875 0.5171875 0.2718750000000001 0.5171875 0.2718750000000001 0.5296875 0.4171875 0.5296875
0 0.503125 0.5203125 0.45 0.5203125 0.45 0.5359375 0.503125 0.5359375
0 0.5828125 0.5140625 0.53125 0.5140625 0.53125 0.53125 0.5828125 0.53125
0 0.6359375 0.51875 0.603125 0.51875 0.603125 0.5296875 0.6359375 0.5296875
0 0.784375 0.5203125000000001 0.6609375 0.5203125 0.6609375 0.5312500000000001 0.784375 0.5312500000000002
0 0.2296875000000001 0.565625 0.14218750000000008 0.565625 0.14218750000000008 0.590625 0.2296875000000001 0.590625
0 0.2765625000000001 0.565625 0.2562500000000001 0.565625 0.2562500000000001 0.584375 0.2765625000000001 0.584375
0 0.34062500000000007 0.5671875 0.3078125000000001 0.5671875 0.3078125000000001 0.5796875 0.34062500000000007 0.5796875
0 0.4875 0.5671875 0.37968750000000007 0.5671875 0.37968750000000007 0.5890625 0.4875 0.5890625
0 0.5890625 0.56875 0.515625 0.56875 0.515625 0.5890625 0.5890625 0.5890625
0 0.6609375 0.5640625 0.6171875 0.5640625 0.6171875 0.584375 0.6609375 0.584375
0 0.709375 0.5671875 0.678125 0.5671875 0.678125 0.578125 0.709375 0.578125
0 0.7953125 0.5671875000000002 0.7375 0.5671875000000002 0.7375 0.5859375000000002 0.7953125 0.5859375000000002
0 0.84375 0.5640625000000001 0.825 0.5640625000000001 0.825 0.5828125000000002 0.84375 0.5828125000000002
0 0.17968750000000008 0.615625 0.1453125000000001 0.615625 0.1453125000000001 0.63125 0.17968750000000008 0.63125
0 0.1937500000000001 0.61875 0.1828125000000001 0.61875 0.1828125000000001 0.63125 0.1937500000000001 0.63125