0 0.29375 0.2140625 0.14375000000000004 0.2140625 0.14375000000000004 0.2375 0.29375 0.2375
0 0.340625 0.21875 0.309375 0.21875 0.309375 0.2390625 0.340625 0.2390625
0 0.4046875 0.21562500000000004 0.359375 0.215625 0.359375 0.23281250000000003 0.4046875 0.2328125000000001
0 0.484375 0.2156250000000001 0.4234375 0.2156250000000001 0.4234375 0.2312500000000001 0.484375 0.2312500000000001
0 0.61875 0.21875000000000008 0.5046875 0.21875000000000008 0.5046875 0.2375000000000001 0.61875 0.2375000000000001
0 0.653125 0.21875000000000008 0.6375 0.21875000000000008 0.6375 0.2328125000000001 0.653125 0.2328125000000001
0 0.728125 0.21875000000000008 0.66875 0.21875000000000008 0.66875 0.23437500000000008 0.728125 0.23437500000000008
0 0.7953125 0.21875000000000008 0.74375 0.21875000000000008 0.74375 0.2390625000000001 0.7953125 0.2390625000000001
0 0.84375 0.21875000000000008 0.81875 0.21875000000000008 0.81875 0.2328125000000001 0.84375 0.2328125000000001
0 0.8671875 0.2250000000000001 0.8546875 0.2250000000000001 0.8546875 0.23437500000000008 0.8671875 0.23437500000000008
0 0.253125 0.26875 0.13750000000000004 0.26875 0.13750000000000004 0.284375 0.253125 0.284375
0 0.3171875 0.26875 0.2703125 0.26875 0.2703125 0.2859375 0.3171875 0.2859375
0 0.378125 0.2671875 0.340625 0.2671875 0.340625 0.2828125 0.378125 0.2828125000000001
0 0.5421875 0.2718750000000001 0.3953125 0.2718750000000001 0.3953125 0.2906250000000001 0.5421875 0.2906250000000001
0 0.621875 0.2671875000000001 0.56875 0.2671875000000001 0.56875 0.2828125000000001 0.621875 0.2828125000000001
0 0.7625 0.2687500000000001 0.640625 0.2687500000000001 0.640625 0.2921875000000001 0.7625 0.2921875000000001
0 0.8171875 0.2671875000000001 0.7828125 0.2671875000000001 0.7828125 0.2890625000000001 0.8171875 0.2890625000000001
0 0.2609375 0.3171875 0.13437500000000005 0.3171875 0.13437500000000005 0.3453125 0.2609375 0.3453125
0 0.3234375 0.3203125 0.278125 0.3203125 0.278125 0.3359375 0.3234375 0.3359375
0 0.525 0.31718750000000007 0.3421875 0.3171875 0.3421875 0.34062500000000007 0.525 0.34062500000000007
0 0.65625 0.32500000000000007 0.5484375 0.32500000000000007 0.5484375 0.3375000000000001 0.65625 0.3375000000000001
0 0.784375 0.31718750000000007 0.68125 0.31718750000000007 0.68125 0.3390625000000001 0.784375 0.3390625000000001
0 0.7921875 0.33281250000000007 0.7890625 0.33281250000000007 0.7890625 0.3343750000000001 0.7921875 0.3343750000000001
0 0.8421875 0.3187500000000001 0.80625 0.3187500000000001 0.80625 0.3343750000000001 0.8421875 0.3343750000000001
0 0.2875000000000001 0.3671875 0.13437500000000005 0.3671875 0.13437500000000005 0.3921875 0.2875000000000001 0.3921875
0 0.3671875000000001 0.3765625 0.3078125000000001 0.3765625 0.3078125000000001 0.38593750000000004 0.3671875000000001 0.3859375000000001
0 0.5015625 0.3687500000000001 0.3828125000000001 0.3687500000000001 0.3828125000000001 0.39531250000000007 0.5015625 0.39531250000000007
0 0.55625 0.3750000000000001 0.5234375 0.3750000000000001 0.5234375 0.3843750000000001 0.55625 0.3843750000000001
0 0.5953125 0.3765625000000001 0.5765625 0.3765625000000001 0.5765625 0.3859375000000001 0.5953125 0.3859375000000001
0 0.75 0.3671875000000001 0.6078125 0.3671875000000001 0.6078125 0.3859375000000001 0.75 0.3859375000000001
0 0.8609375 0.3687500000000001 0.7640625 0.3687500000000001 0.7640625 0.3859375000000001 0.8609375 0.3859375000000001
0 0.20468750000000008 0.41875 0.13281250000000006 0.41875 0.13281250000000006 0.434375 0.20468750000000008 0.434375
0 0.2828125000000001 0.41875 0.2296875000000001 0.41875 0.2296875000000001 0.434375 0.2828125000000001 0.434375
0 0.3625000000000001 0.4203125 0.3078125000000001 0.4203125 0.3078125000000001 0.4375 0.3625000000000001 0.4375
0 0.525 0.41875 0.3843750000000001 0.41875 0.3843750000000001 0.4359375 0.525 0.4359375
0 0.6125 0.4203125 0.5515625 0.4203125 0.5515625 0.4375 0.6125 0.4375
0 0.6484375 0.4265625 0.6296875 0.4265625 0.6296875 0.434375 0.6484375 0.434375
0 0.7078125 0.421875 0.66875 0.421875 0.66875 0.4359375 0.7078125 0.4359375
0 0.753125 0.4234375000000002 0.7265625 0.4234375000000002 0.7265625 0.4421875000000002 0.753125 0.4421875000000002
0 0.909375 0.4187500000000002 0.7734375 0.4187500000000002 0.7734375 0.4421875000000002 0.909375 0.4421875000000002
0 0.2375000000000001 0.46875 0.14062500000000006 0.46875 0.14062500000000006 0.49375 0.2375000000000001 0.49375
0 0.3203125000000001 0.471875 0.2640625000000001 0.471875 0.2640625000000001 0.49375 0.3203125000000001 0.49375
0 0.3828125000000001 0.4703125 0.3437500000000001 0.4703125 0.3437500000000001 0.4859375 0.3828125000000001 0.4859375
0 0.528125 0.4703125 0.4046875 0.4703125 0.4046875 0.4859375 0.528125 0.4859375
0 0.675 0.4671875 0.55625 0.4671875 0.55625 0.49375 0.675 0.49375
0 0.8609375 0.4703125000000001 0.696875 0.4703125 0.696875 0.4937500000000001 0.8609375 0.4937500000000002
0 0.8671875 0.4828125000000002 0.865625 0.4828125000000002 0.865625 0.48437500000000017 0.8671875 0.48437500000000017
0 0.2671875000000001 0.521875 0.14218750000000005 0.521875 0.14218750000000005 0.540625 0.2671875000000001 0.540625
0 0.425 0.5203125 0.3031250000000001 0.5203125 0.3031250000000001 0.540625 0.425 0.540625
0 0.5875 0.521875 0.4546875 0.521875 0.4546875 0.546875 0.5875 0.546875
0 0.7234375 0.5234375 0.6171875 0.5234375 0.6171875 0.5375 0.7234375 0.5375
0 0.7875 0.5234375000000002 0.75 0.5234375000000002 0.75 0.5375000000000002 0.7875 0.5375000000000002
0 0.30937500000000007 0.56875 0.1375000000000001 0.56875 0.1375000000000001 0.5875 0.30937500000000007 0.5875
0 0.39531250000000007 0.5703125 0.3421875000000001 0.5703125 0.3421875000000001 0.5875 0.39531250000000007 0.5875
0 0.4640625 0.571875 0.41875 0.571875 0.41875 0.5859375 0.4640625 0.5859375
0 0.5828125 0.5703125 0.490625 0.5703125 0.490625 0.5875 0.5828125 0.5875
0 0.6875 0.571875 0.6140625 0.571875 0.6140625 0.5890625 0.6875 0.5890625
0 0.8296875 0.5703125000000001 0.715625 0.5703125 0.715625 0.5875000000000001 0.8296875 0.5875000000000001
0 0.8671875 0.5718750000000001 0.8484375 0.5718750000000001 0.8484375 0.5890625000000002 0.8671875 0.5890625000000002
0 0.2906250000000001 0.6265625 0.14062500000000008 0.6265625 0.14062500000000008 0.6484375 0.2906250000000001 0.6484375
0 0.3343750000000001 0.6203125 0.3078125000000001 0.6203125 0.3078125000000001 0.64375 0.3343750000000001 0.64375
0 0.4015625 0.6203125 0.3593750000000001 0.6203125 0.3593750000000001 0.6359375 0.4015625 0.6359375
0 0.590625 0.6234375 0.43125 0.6234375 0.43125 0.6453125 0.590625 0.6453125
0 0.734375 0.6234375000000001 0.63125 0.6234375 0.63125 0.6390625000000001 0.734375 0.6390625000000002
0 0.803125 0.6281250000000002 0.75625 0.6281250000000002 0.75625 0.6390625000000002 0.803125 0.6390625000000002
0 0.8546875 0.6218750000000002 0.8234375 0.6218750000000002 0.8234375 0.6375000000000002 0.8546875 0.6375000000000002
0 0.1703125000000001 0.671875 0.1390625000000001 0.671875 0.1390625000000001 0.6890625 0.1703125000000001 0.6890625
0 0.3218750000000001 0.671875 0.2093750000000001 0.671875 0.2093750000000001 0.6890625 0.3218750000000001 0.6890625
0 0.3281250000000001 0.6859375 0.32500000000000007 0.6859375 0.32500000000000007 0.6875 0.3281250000000001 0.6875