0 0.17500000000000004 0.2 0.15468750000000003 0.2 0.15468750000000003 0.21875 0.17500000000000004 0.21875
0 0.2625 0.203125 0.19531250000000006 0.203125 0.19531250000000006 0.221875 0.2625 0.221875
0 0.309375 0.2015625 0.290625 0.2015625 0.290625 0.2171875 0.309375 0.2171875
0 0.4625 0.20000000000000004 0.3453125 0.2 0.3453125 0.22031250000000005 0.4625 0.22031250000000008
0 0.54375 0.20312500000000008 0.4953125 0.20312500000000008 0.4953125 0.22031250000000008 0.54375 0.22031250000000008
0 0.65625 0.20312500000000008 0.5765625 0.20312500000000008 0.5765625 0.2328125000000001 0.65625 0.2328125000000001
0 0.6734375 0.2171875000000001 0.665625 0.2171875000000001 0.665625 0.2234375000000001 0.6734375 0.2234375000000001
0 0.7171875 0.2078125000000001 0.68125 0.2078125000000001 0.68125 0.22031250000000008 0.7171875 0.22031250000000008
0 0.846875 0.20468750000000008 0.7375 0.20468750000000008 0.7375 0.22031250000000008 0.846875 0.22031250000000008
0 0.2140625 0.2515625 0.15312500000000004 0.2515625 0.15312500000000004 0.2703125 0.2140625 0.2703125
0 0.3203125 0.253125 0.2484375 0.253125 0.2484375 0.28125 0.3203125 0.28125
0 0.3890625 0.25312500000000004 0.359375 0.253125 0.359375 0.2671875 0.3890625 0.2671875000000001
0 0.4453125 0.2531250000000001 0.40625 0.2531250000000001 0.40625 0.2671875000000001 0.4453125 0.2671875000000001
0 0.5546875 0.2500000000000001 0.4796875 0.2500000000000001 0.4796875 0.2687500000000001 0.5546875 0.2687500000000001
0 0.634375 0.2578125000000001 0.5890625 0.2578125000000001 0.5890625 0.2796875000000001 0.634375 0.2796875000000001
0 0.6953125 0.2531250000000001 0.671875 0.2531250000000001 0.671875 0.2671875000000001 0.6953125 0.2671875000000001
0 0.825 0.25468750000000007 0.721875 0.25468750000000007 0.721875 0.27031250000000007 0.825 0.27031250000000007
0 0.16718750000000004 0.2953125 0.14687500000000003 0.2953125 0.14687500000000003 0.328125 0.16718750000000004 0.328125
0 0.2765625 0.3015625 0.18593750000000003 0.3015625 0.18593750000000003 0.325 0.2765625 0.325
0 0.35 0.303125 0.3203125 0.303125 0.3203125 0.31875 0.35 0.31875
0 0.4359375 0.3046875000000001 0.38125 0.3046875000000001 0.38125 0.32500000000000007 0.4359375 0.32500000000000007
0 0.525 0.3078125000000001 0.4671875 0.3078125000000001 0.4671875 0.3187500000000001 0.525 0.3187500000000001
0 0.5296875 0.3156250000000001 0.5265625 0.3156250000000001 0.5265625 0.31718750000000007 0.5296875 0.31718750000000007
0 0.5765625 0.3046875000000001 0.5453125 0.3046875000000001 0.5453125 0.31718750000000007 0.5765625 0.31718750000000007
0 0.6921875 0.3031250000000001 0.603125 0.3031250000000001 0.603125 0.3187500000000001 0.6921875 0.3187500000000001
0 0.7421875 0.3031250000000001 0.7203125 0.3031250000000001 0.7203125 0.3187500000000001 0.7421875 0.3187500000000001
0 0.8125 0.3031250000000001 0.759375 0.3031250000000001 0.759375 0.3187500000000001 0.8125 0.3187500000000001
0 0.24062500000000003 0.353125 0.13437500000000005 0.353125 0.13437500000000005 0.36875 0.2406250000000001 0.36875
0 0.32343750000000004 0.35625 0.271875 0.35625 0.27187500000000003 0.36875 0.3234375000000001 0.36875
0 0.39062500000000006 0.35625000000000007 0.35 0.35625 0.35000000000000003 0.36875 0.3906250000000001 0.3687500000000001
0 0.5296875 0.3531250000000001 0.409375 0.3531250000000001 0.409375 0.3703125000000001 0.5296875 0.3703125000000001
0 0.65 0.3546875000000001 0.56875 0.3546875000000001 0.56875 0.3734375000000001 0.65 0.3734375000000001
0 0.73125 0.3578125000000001 0.6828125 0.3578125000000001 0.6828125 0.3781250000000001 0.73125 0.3781250000000001
0 0.8578125 0.3578125000000001 0.7609375 0.3578125000000001 0.7609375 0.3781250000000001 0.8578125 0.3781250000000001
0 0.18125000000000005 0.403125 0.14375000000000004 0.403125 0.14375000000000004 0.41875 0.18125000000000005 0.41875
0 0.2515625000000001 0.40625 0.21093750000000008 0.40625 0.21093750000000008 0.41875 0.2515625000000001 0.41875
0 0.4390625 0.4 0.2828125000000001 0.4 0.2828125000000001 0.41875 0.4390625 0.41875
0 0.5171875 0.4078125 0.4578125 0.4078125 0.4578125 0.425 0.5171875 0.425
0 0.58125 0.409375 0.5578125 0.409375 0.5578125 0.4203125 0.58125 0.4203125
0 0.65 0.4078125 0.615625 0.4078125 0.615625 0.41875 0.65 0.41875
0 0.75625 0.40312500000000007 0.6859375 0.403125 0.6859375 0.41875000000000007 0.75625 0.4187500000000002
0 0.825 0.40625000000000017 0.796875 0.40625000000000017 0.796875 0.4203125000000002 0.825 0.4203125000000002
0 0.2593750000000001 0.45625 0.14687500000000003 0.45625 0.14687500000000003 0.478125 0.2593750000000001 0.478125
0 0.4328125 0.4578125 0.3031250000000001 0.4578125 0.3031250000000001 0.4765625 0.4328125 0.4765625
0 0.503125 0.45625 0.465625 0.45625 0.465625 0.46875 0.503125 0.46875
0 0.5609375 0.45625 0.515625 0.45625 0.515625 0.46875 0.5609375 0.46875
0 0.7125 0.4546875 0.609375 0.4546875 0.609375 0.4703125 0.7125 0.4703125
0 0.78125 0.4546875000000002 0.7578125 0.4546875000000002 0.7578125 0.4828125000000002 0.78125 0.4828125000000002
0 0.2406250000000001 0.50625 0.15000000000000005 0.50625 0.15000000000000005 0.528125 0.2406250000000001 0.528125
0 0.3312500000000001 0.50625 0.2953125000000001 0.50625 0.2953125000000001 0.521875 0.3312500000000001 0.521875
0 0.4125 0.50625 0.3593750000000001 0.50625 0.3593750000000001 0.5296875 0.4125 0.5296875
0 0.4359375 0.515625 0.4296875 0.515625 0.4296875 0.51875 0.4359375 0.51875
0 0.4828125 0.50625 0.44375 0.50625 0.44375 0.51875 0.4828125 0.51875
0 0.575 0.509375 0.5171875 0.509375 0.5171875 0.521875 0.575 0.521875
0 0.6625 0.5109375 0.6140625 0.5109375 0.6140625 0.521875 0.6625 0.521875
0 0.721875 0.5125 0.6859375 0.5125 0.6859375 0.521875 0.721875 0.521875
0 0.765625 0.5046875000000002 0.7390625 0.5046875000000002 0.7390625 0.5203125000000002 0.765625 0.5203125000000002
0 0.8296875 0.5046875000000002 0.790625 0.5046875000000002 0.790625 0.5203125000000002 0.8296875 0.5203125000000002
0 0.3343750000000001 0.5546875 0.15625000000000008 0.5546875 0.15625000000000008 0.571875 0.3343750000000001 0.571875
0 0.446875 0.5578125 0.3625000000000001 0.5578125 0.3625000000000001 0.571875 0.446875 0.571875
0 0.50625 0.5609375 0.48125 0.5609375 0.48125 0.56875 0.50625 0.56875
0 0.55625 0.5578125 0.521875 0.5578125 0.521875 0.5703125 0.55625 0.5703125
0 0.6546875 0.559375 0.6 0.559375 0.6 0.5828125 0.6546875 0.5828125
0 0.7703125 0.5546875000000001 0.6953125 0.5546875 0.6953125 0.5718750000000001 0.7703125 0.5718750000000001
0 0.8265625 0.5578125000000002 0.784375 0.5578125000000002 0.784375 0.5703125000000002 0.8265625 0.5703125000000002
0 0.2328125000000001 0.60625 0.1781250000000001 0.60625 0.1781250000000001 0.621875 0.2328125000000001 0.621875
0 0.3296875000000001 0.6109375 0.2890625000000001 0.6109375 0.2890625000000001 0.621875 0.3296875000000001 0.621875
0 0.3421875000000001 0.60625 0.3312500000000001 0.60625 0.3312500000000001 0.6234375 0.3421875000000001 0.6234375