0 0.18125000000000005 0.2109375 0.12187500000000004 0.2109375 0.12187500000000004 0.234375 0.18125000000000005 0.234375
0 0.321875 0.215625 0.19375000000000003 0.215625 0.19375000000000003 0.246875 0.321875 0.246875
0 0.3703125 0.21406250000000004 0.3421875 0.2140625 0.3421875 0.23281250000000003 0.3703125 0.2328125000000001
0 0.5890625 0.2140625000000001 0.3984375 0.2140625000000001 0.3984375 0.23437500000000008 0.5890625 0.23437500000000008
0 0.671875 0.2234375000000001 0.6171875 0.2234375000000001 0.6171875 0.23437500000000008 0.671875 0.23437500000000008
0 0.8375 0.2140625000000001 0.7 0.2140625000000001 0.7 0.23593750000000008 0.8375 0.23593750000000008
0 0.16562500000000005 0.2609375 0.12968750000000004 0.2609375 0.12968750000000004 0.2828125 0.16562500000000005 0.2828125
0 0.2359375 0.2640625 0.19062500000000004 0.2640625 0.19062500000000004 0.2859375 0.2359375 0.2859375
0 0.334375 0.2625 0.275 0.2625 0.275 0.296875 0.334375 0.296875
0 0.4171875 0.2640625000000001 0.3703125 0.2640625000000001 0.3703125 0.2843750000000001 0.4171875 0.2843750000000001
0 0.5421875 0.2656250000000001 0.4421875 0.2656250000000001 0.4421875 0.28593750000000007 0.5421875 0.28593750000000007
0 0.60625 0.2734375000000001 0.575 0.2734375000000001 0.575 0.2828125000000001 0.60625 0.2828125000000001
0 0.821875 0.2640625000000001 0.628125 0.2640625000000001 0.628125 0.2843750000000001 0.821875 0.2843750000000001
0 0.8265625 0.2828125000000001 0.825 0.2828125000000001 0.825 0.2843750000000001 0.8265625 0.2843750000000001
0 0.18125000000000005 0.3140625 0.12500000000000006 0.3140625 0.12500000000000006 0.340625 0.18125000000000005 0.340625
0 0.3328125 0.3171875 0.2109375 0.3171875 0.2109375 0.34375 0.3328125 0.34375
0 0.3859375 0.32031250000000006 0.3609375 0.3203125 0.3609375 0.33281250000000007 0.3859375 0.33281250000000007
0 0.4734375 0.3140625000000001 0.425 0.3140625000000001 0.425 0.33281250000000007 0.4734375 0.33281250000000007
0 0.55 0.3156250000000001 0.4875 0.3156250000000001 0.4875 0.33281250000000007 0.55 0.33281250000000007
0 0.709375 0.3140625000000001 0.5796875 0.3140625000000001 0.5796875 0.3343750000000001 0.709375 0.3343750000000001
0 0.8125 0.3187500000000001 0.73125 0.3187500000000001 0.73125 0.33281250000000007 0.8125 0.33281250000000007
0 0.8765625 0.3156250000000001 0.8328125 0.3156250000000001 0.8328125 0.3343750000000001 0.8765625 0.3343750000000001
0 0.14843750000000006 0.375 0.12500000000000006 0.375 0.12500000000000006 0.3875 0.14843750000000006 0.3875
0 0.2375000000000001 0.3671875 0.17968750000000006 0.3671875 0.17968750000000006 0.3875 0.2375000000000001 0.3875
0 0.31718750000000007 0.3640625 0.26250000000000007 0.3640625 0.26250000000000007 0.384375 0.31718750000000007 0.384375
0 0.4375 0.36406250000000007 0.3546875000000001 0.3640625 0.3546875000000001 0.384375 0.4375 0.3843750000000001
0 0.5125 0.3734375000000001 0.4640625 0.3734375000000001 0.4640625 0.3843750000000001 0.5125 0.3843750000000001
0 0.6515625 0.3671875000000001 0.5421875 0.3671875000000001 0.5421875 0.3906250000000001 0.6515625 0.3906250000000001
0 0.659375 0.3812500000000001 0.6546875 0.3812500000000001 0.6546875 0.3843750000000001 0.659375 0.3843750000000001
0 0.7515625 0.36406250000000007 0.6734375 0.36406250000000007 0.6734375 0.3859375000000001 0.7515625 0.3859375000000001
0 0.8875 0.3734375000000001 0.778125 0.3734375000000001 0.778125 0.3859375000000001 0.8875 0.3859375000000001
0 0.16562500000000005 0.415625 0.12656250000000005 0.415625 0.12656250000000005 0.4359375 0.16562500000000005 0.4359375
0 0.3281250000000001 0.4125 0.19218750000000004 0.4125 0.19218750000000004 0.4359375 0.3281250000000001 0.4359375
0 0.415625 0.425 0.3578125000000001 0.425 0.3578125000000001 0.4359375 0.415625 0.4359375
0 0.4984375 0.41875 0.440625 0.41875 0.440625 0.4359375 0.4984375 0.4359375
0 0.5453125 0.4203125 0.515625 0.4203125 0.515625 0.4359375 0.5453125 0.4359375
0 0.64375 0.41875 0.56875 0.41875 0.56875 0.4359375 0.64375 0.4359375
0 0.7921875 0.4171875000000001 0.66875 0.4171875 0.66875 0.4375000000000001 0.7921875 0.43750000000000017
0 0.8828125 0.4187500000000002 0.8140625 0.4187500000000002 0.8140625 0.4359375000000002 0.8828125 0.4359375000000002
0 0.19687500000000005 0.4640625 0.12343750000000005 0.4640625 0.12343750000000005 0.4875 0.19687500000000005 0.4875
0 0.27031250000000007 0.4671875 0.21875000000000008 0.4671875 0.21875000000000008 0.4875 0.27031250000000007 0.4875
0 0.3234375000000001 0.4765625 0.2968750000000001 0.4765625 0.2968750000000001 0.4875 0.3234375000000001 0.4875
0 0.3578125000000001 0.475 0.3453125000000001 0.475 0.3453125000000001 0.4859375 0.3578125000000001 0.4859375
0 0.4734375 0.471875 0.3859375000000001 0.471875 0.3859375000000001 0.4890625 0.4734375 0.4890625
0 0.521875 0.4703125 0.5 0.4703125 0.5 0.4875 0.521875 0.4875
0 0.640625 0.475 0.540625 0.475 0.540625 0.4953125 0.640625 0.4953125
0 0.8515625 0.4671875000000001 0.6671875 0.4671875 0.6671875 0.4953125000000001 0.8515625 0.49531250000000016
0 0.8640625 0.48437500000000017 0.8609375 0.48437500000000017 0.8609375 0.4859375000000002 0.8640625 0.4859375000000002
0 0.19218750000000004 0.5140625 0.10781250000000005 0.5140625 0.10781250000000005 0.540625 0.19218750000000004 0.540625
0 0.2593750000000001 0.525 0.2140625000000001 0.525 0.2140625000000001 0.5390625 0.2593750000000001 0.5390625
0 0.3203125000000001 0.5265625 0.2812500000000001 0.5265625 0.2812500000000001 0.5375 0.3203125000000001 0.5375
0 0.5125 0.515625 0.3500000000000001 0.515625 0.3500000000000001 0.5484375 0.5125 0.5484375
0 0.675 0.515625 0.540625 0.515625 0.540625 0.5375 0.675 0.5375
0 0.81875 0.5203125000000001 0.703125 0.5203125 0.703125 0.5359375000000001 0.81875 0.5359375000000002
0 0.8921875 0.5187500000000002 0.8421875 0.5187500000000002 0.8421875 0.5359375000000002 0.8921875 0.5359375000000002
0 0.15000000000000008 0.5765625 0.11718750000000008 0.5765625 0.11718750000000008 0.5890625 0.15000000000000008 0.5890625
0 0.2640625000000001 0.5671875 0.1765625000000001 0.5671875 0.1765625000000001 0.5875 0.2640625000000001 0.5875
0 0.3296875000000001 0.56875 0.2828125000000001 0.56875 0.2828125000000001 0.5859375 0.3296875000000001 0.5859375
0 0.40625 0.5703125 0.34843750000000007 0.5703125 0.34843750000000007 0.590625 0.40625 0.590625
0 0.5515625 0.56875 0.434375 0.56875 0.434375 0.5890625 0.5515625 0.5890625
0 0.646875 0.5734375 0.5734375 0.5734375 0.5734375 0.6015625 0.646875 0.6015625
0 0.721875 0.5734375 0.675 0.5734375 0.675 0.590625 0.721875 0.590625
0 0.859375 0.5703125000000002 0.7375 0.5703125000000002 0.7375 0.5968750000000002 0.859375 0.5968750000000002
0 0.23437500000000008 0.615625 0.1140625000000001 0.615625 0.1140625000000001 0.640625 0.23437500000000008 0.640625
0 0.3671875000000001 0.6171875 0.25468750000000007 0.6171875 0.25468750000000007 0.6375 0.3671875000000001 0.6375
0 0.50625 0.6203125 0.3906250000000001 0.6203125 0.3906250000000001 0.6421875 0.50625 0.6421875
0 0.5578125 0.6203125 0.5296875 0.6203125 0.5296875 0.6453125 0.5578125 0.6453125
0 0.6203125 0.6203125 0.5828125 0.6203125 0.5828125 0.6375 0.6203125 0.6375
0 0.8484375 0.6171875000000001 0.6390625 0.6171875 0.6390625 0.6390625000000001 0.8484375 0.6390625000000002
0 0.21875000000000008 0.665625 0.1312500000000001 0.665625 0.1312500000000001 0.6890625 0.21875000000000008 0.6890625
0 0.3343750000000001 0.6703125 0.2515625000000001 0.6703125 0.2515625000000001 0.6921875 0.3343750000000001 0.6921875
0 0.39531250000000007 0.68125 0.3593750000000001 0.68125 0.3593750000000001 0.6921875 0.39531250000000007 0.6921875
0 0.575 0.665625 0.4328125 0.665625 0.4328125 0.6921875 0.575 0.6921875
0 0.6609375 0.675 0.6078125 0.675 0.6078125 0.6890625 0.6609375 0.6890625
0 0.8671875 0.6671875 0.6890625 0.6671875 0.6890625 0.6890625000000001 0.8671875 0.6890625000000001
0 0.2000000000000001 0.7171875 0.13437500000000008 0.7171875 0.13437500000000008 0.7515625 0.2000000000000001 0.7515625
0 0.3000000000000001 0.725 0.23593750000000008 0.725 0.23593750000000008 0.7453125 0.3000000000000001 0.7453125
0 0.3078125000000001 0.7359375 0.3031250000000001 0.7359375 0.3031250000000001 0.7390625 0.3078125000000001 0.7390625