0 0.15937500000000004 0.215625 0.14375000000000004 0.215625 0.14375000000000004 0.2328125 0.15937500000000004 0.2328125
0 0.209375 0.2171875 0.17187500000000006 0.2171875 0.17187500000000006 0.2328125 0.209375 0.2328125
0 0.3578125 0.215625 0.225 0.215625 0.225 0.240625 0.3578125 0.240625
0 0.5171875 0.21875000000000008 0.3765625 0.21875000000000008 0.3765625 0.2390625000000001 0.5171875 0.2390625000000001
0 0.521875 0.2312500000000001 0.5171875 0.2312500000000001 0.5171875 0.23593750000000008 0.521875 0.23593750000000008
0 0.559375 0.2171875000000001 0.5296875 0.2171875000000001 0.5296875 0.23437500000000008 0.559375 0.23437500000000008
0 0.63125 0.21875000000000008 0.5703125 0.21875000000000008 0.5703125 0.2328125000000001 0.63125 0.2328125000000001
0 0.696875 0.2250000000000001 0.6484375 0.2250000000000001 0.6484375 0.2328125000000001 0.696875 0.2328125000000001
0 0.7796875 0.2156250000000001 0.70625 0.2156250000000001 0.70625 0.2328125000000001 0.7796875 0.2328125000000001
0 0.815625 0.2156250000000001 0.79375 0.2156250000000001 0.79375 0.23437500000000008 0.815625 0.23437500000000008
0 0.85 0.2250000000000001 0.8328125 0.2250000000000001 0.8328125 0.2328125000000001 0.85 0.2328125000000001
0 0.19375000000000003 0.2640625 0.14375000000000004 0.2640625 0.14375000000000004 0.284375 0.19375000000000003 0.284375
0 0.2375 0.2671875 0.209375 0.2671875 0.209375 0.284375 0.2375 0.284375
0 0.3515625 0.2671875 0.2484375 0.2671875 0.2484375 0.2828125 0.3515625 0.2828125
0 0.415625 0.2656250000000001 0.371875 0.2656250000000001 0.371875 0.2828125000000001 0.415625 0.2828125000000001
0 0.5703125 0.2640625000000001 0.4265625 0.2640625000000001 0.4265625 0.2906250000000001 0.5703125 0.2906250000000001
0 0.7546875 0.2687500000000001 0.5875 0.2687500000000001 0.5875 0.2906250000000001 0.7546875 0.2906250000000001
0 0.8359375 0.2687500000000001 0.778125 0.2687500000000001 0.778125 0.2843750000000001 0.8359375 0.2843750000000001
0 0.2625 0.3171875 0.14531250000000004 0.3171875 0.14531250000000004 0.3328125 0.2625 0.3328125
0 0.3875 0.31562500000000004 0.284375 0.315625 0.284375 0.33593750000000006 0.3875 0.3359375000000001
0 0.45625 0.31718750000000007 0.409375 0.31718750000000007 0.409375 0.3343750000000001 0.45625 0.3343750000000001
0 0.51875 0.3187500000000001 0.4828125 0.3187500000000001 0.4828125 0.3343750000000001 0.51875 0.3343750000000001
0 0.628125 0.3140625000000001 0.5390625 0.3140625000000001 0.5390625 0.3343750000000001 0.628125 0.3343750000000001
0 0.6328125 0.3312500000000001 0.63125 0.3312500000000001 0.63125 0.33281250000000007 0.6328125 0.33281250000000007
0 0.7578125 0.3156250000000001 0.6453125 0.3156250000000001 0.6453125 0.3343750000000001 0.7578125 0.3343750000000001
0 0.878125 0.3203125000000001 0.7734375 0.3203125000000001 0.7734375 0.3421875000000001 0.878125 0.3421875000000001
0 0.18437500000000004 0.3734375 0.14062500000000006 0.3734375 0.14062500000000006 0.3828125 0.18437500000000004 0.3828125
0 0.31718750000000007 0.365625 0.2078125000000001 0.365625 0.2078125000000001 0.390625 0.31718750000000007 0.390625
0 0.4078125 0.36562500000000003 0.3312500000000001 0.365625 0.3312500000000001 0.384375 0.4078125 0.3843750000000001
0 0.4796875 0.3656250000000001 0.4234375 0.3656250000000001 0.4234375 0.3828125000000001 0.4796875 0.3828125000000001
0 0.625 0.3687500000000001 0.49375 0.3687500000000001 0.49375 0.3906250000000001 0.625 0.3906250000000001
0 0.6515625 0.3687500000000001 0.6390625 0.3687500000000001 0.6390625 0.3828125000000001 0.6515625 0.3828125000000001
0 0.6828125 0.3671875000000001 0.653125 0.3671875000000001 0.653125 0.3828125000000001 0.6828125 0.3828125000000001
0 0.7546875 0.3687500000000001 0.696875 0.3687500000000001 0.696875 0.3843750000000001 0.7546875 0.3843750000000001
0 0.8078125 0.36406250000000007 0.7734375 0.36406250000000007 0.7734375 0.3828125000000001 0.8078125 0.3828125000000001
0 0.8875 0.3687500000000001 0.825 0.3687500000000001 0.825 0.3843750000000001 0.8875 0.3843750000000001
0 0.18281250000000004 0.4265625 0.13750000000000004 0.4265625 0.13750000000000004 0.4359375 0.18281250000000004 0.4359375
0 0.2875000000000001 0.4171875 0.20312500000000008 0.4171875 0.20312500000000008 0.434375 0.2875000000000001 0.434375
0 0.3296875000000001 0.415625 0.3078125000000001 0.415625 0.3078125000000001 0.4359375 0.3296875000000001 0.4359375
0 0.459375 0.4171875 0.3468750000000001 0.4171875 0.3468750000000001 0.434375 0.459375 0.434375
0 0.5953125 0.41875 0.478125 0.41875 0.478125 0.4359375 0.5953125 0.4359375
0 0.665625 0.4171875 0.615625 0.4171875 0.615625 0.4359375 0.665625 0.4359375
0 0.790625 0.4156250000000001 0.684375 0.415625 0.684375 0.43437500000000007 0.790625 0.4343750000000002
0 0.834375 0.4156250000000002 0.8109375 0.4156250000000002 0.8109375 0.4343750000000002 0.834375 0.4343750000000002
0 0.2156250000000001 0.4671875 0.14062500000000006 0.4671875 0.14062500000000006 0.4875 0.2156250000000001 0.4875
0 0.2671875000000001 0.46875 0.2328125000000001 0.46875 0.2328125000000001 0.4859375 0.2671875000000001 0.4859375
0 0.37968750000000007 0.4671875 0.2843750000000001 0.4671875 0.2843750000000001 0.4859375 0.37968750000000007 0.4859375
0 0.4671875 0.465625 0.4015625 0.465625 0.4015625 0.4921875 0.4671875 0.4921875
0 0.565625 0.4671875 0.490625 0.4671875 0.490625 0.484375 0.565625 0.484375
0 0.625 0.465625 0.5859375 0.465625 0.5859375 0.4859375 0.625 0.4859375
0 0.7671875 0.46562500000000007 0.6484375 0.465625 0.6484375 0.4859375000000001 0.7671875 0.4859375000000002
0 0.8171875 0.46875000000000017 0.7875 0.46875000000000017 0.7875 0.48437500000000017 0.8171875 0.48437500000000017
0 0.896875 0.4656250000000002 0.8328125 0.4656250000000002 0.8328125 0.4828125000000002 0.896875 0.4828125000000002
0 0.2234375000000001 0.5265625 0.13906250000000003 0.5265625 0.13906250000000003 0.5375 0.2234375000000001 0.5375
0 0.22656250000000008 0.534375 0.2234375000000001 0.534375 0.2234375000000001 0.5375 0.22656250000000008 0.5375
0 0.2765625000000001 0.5140625 0.24218750000000008 0.5140625 0.24218750000000008 0.5359375 0.2765625000000001 0.5359375
0 0.3859375000000001 0.5265625 0.2953125000000001 0.5265625 0.2953125000000001 0.5421875 0.3859375000000001 0.5421875
0 0.4375 0.5203125 0.40625 0.5203125 0.40625 0.5359375 0.4375 0.5359375
0 0.571875 0.51875 0.453125 0.51875 0.453125 0.5375 0.571875 0.5375
0 0.634375 0.528125 0.5875 0.528125 0.5875 0.5375 0.634375 0.5375
0 0.6796875 0.5265625 0.6515625 0.5265625 0.6515625 0.5359375 0.6796875 0.5359375
0 0.7625 0.51875 0.7 0.51875 0.7 0.5359375000000001 0.7625 0.5359375000000002
0 0.8125 0.5265625000000002 0.78125 0.5265625000000002 0.78125 0.5359375000000002 0.8125 0.5359375000000002
0 0.884375 0.5187500000000002 0.8375 0.5187500000000002 0.8375 0.5359375000000002 0.884375 0.5359375000000002
0 0.17343750000000008 0.5796875 0.1359375000000001 0.5796875 0.1359375000000001 0.5953125 0.17343750000000008 0.5953125
0 0.24218750000000008 0.5734375 0.1937500000000001 0.5734375 0.1937500000000001 0.5875 0.24218750000000008 0.5875
0 0.3109375000000001 0.56875 0.2671875000000001 0.56875 0.2671875000000001 0.5875 0.3109375000000001 0.5875
0 0.3890625000000001 0.571875 0.3296875000000001 0.571875 0.3296875000000001 0.5875 0.3890625000000001 0.5875
0 0.528125 0.571875 0.4078125 0.571875 0.4078125 0.5890625 0.528125 0.5890625
0 0.58125 0.571875 0.54375 0.571875 0.54375 0.5890625 0.58125 0.5890625
0 0.7515625 0.5718750000000001 0.590625 0.571875 0.590625 0.596875 0.7515625 0.5968750000000002
0 0.8890625 0.5765625000000002 0.78125 0.5765625000000002 0.78125 0.5921875000000002 0.8890625 0.5921875000000002
0 0.16562500000000008 0.625 0.1375000000000001 0.625 0.1375000000000001 0.6390625 0.16562500000000008 0.6390625
0 0.21875000000000008 0.6234375 0.1828125000000001 0.6234375 0.1828125000000001 0.640625 0.21875000000000008 0.640625
0 0.3453125000000001 0.6234375 0.2468750000000001 0.6234375 0.2468750000000001 0.6390625 0.3453125000000001 0.6390625
0 0.34843750000000007 0.634375 0.3468750000000001 0.634375 0.3468750000000001 0.6375 0.34843750000000007 0.6375