0 0.2140625 0.19531250000000003 0.13750000000000004 0.1953125 0.13750000000000004 0.221875 0.2140625 0.221875
0 0.4125 0.19531250000000006 0.2328125 0.19531250000000006 0.2328125 0.23437500000000006 0.4125 0.23437500000000008
0 0.609375 0.2062500000000001 0.43125 0.2062500000000001 0.43125 0.2234375000000001 0.609375 0.2234375000000001
0 0.665625 0.19687500000000008 0.628125 0.19687500000000008 0.628125 0.22031250000000008 0.665625 0.22031250000000008
0 0.7375 0.1937500000000001 0.68125 0.1937500000000001 0.68125 0.22031250000000008 0.7375 0.22031250000000008
0 0.8703125 0.19531250000000008 0.753125 0.19531250000000008 0.753125 0.2250000000000001 0.8703125 0.2250000000000001
0 0.2296875 0.246875 0.13906250000000003 0.246875 0.13906250000000003 0.2703125 0.2296875 0.2703125
0 0.2875 0.24375 0.2546875 0.24375 0.2546875 0.275 0.2875 0.275
0 0.409375 0.25625000000000003 0.309375 0.25625 0.309375 0.27343750000000006 0.409375 0.2734375000000001
0 0.465625 0.2484375000000001 0.4296875 0.2484375000000001 0.4296875 0.2718750000000001 0.465625 0.2718750000000001
0 0.66875 0.24375000000000008 0.4859375 0.24375000000000008 0.4859375 0.2734375000000001 0.66875 0.2734375000000001
0 0.740625 0.2500000000000001 0.6890625 0.2500000000000001 0.6890625 0.27031250000000007 0.740625 0.27031250000000007
0 0.8828125 0.2500000000000001 0.7625 0.2500000000000001 0.7625 0.2734375000000001 0.8828125 0.2734375000000001
0 0.17656250000000004 0.29375 0.14218750000000005 0.29375 0.14218750000000005 0.325 0.17656250000000004 0.325
0 0.2171875 0.3078125 0.19687500000000005 0.3078125 0.19687500000000005 0.3203125 0.2171875 0.3203125
0 0.3875 0.2984375 0.2375 0.2984375 0.2375 0.321875 0.3875 0.3218750000000001
0 0.475 0.29375000000000007 0.409375 0.29375000000000007 0.409375 0.3375000000000001 0.475 0.3375000000000001
0 0.5875 0.2968750000000001 0.496875 0.2968750000000001 0.496875 0.33281250000000007 0.5875 0.33281250000000007
0 0.6 0.3203125000000001 0.596875 0.3203125000000001 0.596875 0.3218750000000001 0.6 0.3218750000000001
0 0.690625 0.29375000000000007 0.621875 0.29375000000000007 0.621875 0.3203125000000001 0.690625 0.3203125000000001
0 0.7984375 0.2953125000000001 0.703125 0.2953125000000001 0.703125 0.3265625000000001 0.7984375 0.3265625000000001
0 0.85 0.29375000000000007 0.8140625 0.29375000000000007 0.8140625 0.32500000000000007 0.85 0.32500000000000007
0 0.21718750000000003 0.34375 0.14687500000000003 0.34375 0.14687500000000003 0.3828125 0.2171875000000001 0.3828125
0 0.34062500000000007 0.3484375 0.24375 0.3484375 0.24375000000000005 0.384375 0.34062500000000007 0.384375
0 0.45 0.3593750000000001 0.371875 0.3593750000000001 0.37187500000000007 0.38750000000000007 0.45 0.38750000000000007
0 0.525 0.34843750000000007 0.46875 0.34843750000000007 0.46875 0.3750000000000001 0.525 0.3750000000000001
0 0.69375 0.3468750000000001 0.5421875 0.3468750000000001 0.5421875 0.3890625000000001 0.69375 0.3890625000000001
0 0.7578125 0.3500000000000001 0.7234375 0.3500000000000001 0.7234375 0.3765625000000001 0.7578125 0.3765625000000001
0 0.890625 0.3546875000000001 0.7734375 0.3546875000000001 0.7734375 0.3734375000000001 0.890625 0.3734375000000001
0 0.29375000000000007 0.39375 0.15156250000000004 0.39375 0.15156250000000004 0.4234375 0.29375000000000007 0.4234375
0 0.3890625000000001 0.403125 0.33281250000000007 0.403125 0.33281250000000007 0.425 0.3890625000000001 0.425
0 0.484375 0.3984375000000001 0.4125 0.3984375000000001 0.4125 0.4265625 0.484375 0.4265625
0 0.665625 0.403125 0.5234375 0.403125 0.5234375 0.428125 0.665625 0.428125
0 0.8640625 0.3984375000000001 0.703125 0.3984375000000001 0.703125 0.4250000000000001 0.8640625 0.42500000000000016
0 0.8796875 0.4203125000000002 0.8765625 0.4203125000000002 0.8765625 0.42187500000000017 0.8796875 0.42187500000000017
0 0.9078125 0.4125000000000002 0.8875 0.4125000000000002 0.8875 0.4234375000000002 0.9078125 0.4234375000000002
0 0.9140625 0.42187500000000017 0.9125 0.42187500000000017 0.9125 0.4234375000000002 0.9140625 0.4234375000000002
0 0.3265625000000001 0.44375 0.15000000000000005 0.44375 0.15000000000000005 0.475 0.3265625000000001 0.475
0 0.3453125000000001 0.4703125 0.3421875000000001 0.4703125 0.3421875000000001 0.471875 0.3453125000000001 0.471875
0 0.4109375 0.446875 0.3734375000000001 0.446875 0.3734375000000001 0.4734375 0.4109375 0.4734375
0 0.5109375 0.4453125 0.425 0.4453125 0.425 0.4859375 0.5109375 0.4859375
0 0.5671875 0.446875 0.5296875 0.446875 0.5296875 0.4796875 0.5671875 0.4796875
0 0.6546875 0.4453125 0.5953125 0.4453125 0.5953125 0.475 0.6546875 0.475
0 0.8578125 0.4468750000000001 0.6671875 0.446875 0.6671875 0.4875000000000001 0.8578125 0.48750000000000016
0 0.18437500000000004 0.5 0.15156250000000004 0.5 0.15156250000000004 0.5296875 0.18437500000000004 0.5296875
0 0.428125 0.496875 0.2250000000000001 0.496875 0.2250000000000001 0.5453125 0.428125 0.5453125
0 0.61875 0.496875 0.459375 0.496875 0.459375 0.525 0.61875 0.525
0 0.646875 0.51875 0.6421875 0.51875 0.6421875 0.5328125 0.646875 0.5328125
0 0.7546875 0.5109375 0.659375 0.5109375 0.659375 0.5250000000000001 0.7546875 0.5250000000000001
0 0.8546875 0.4968750000000002 0.7734375 0.4968750000000002 0.7734375 0.5265625000000002 0.8546875 0.5265625000000002
0 0.18906250000000008 0.5484375 0.1546875000000001 0.5484375 0.1546875000000001 0.5796875 0.18906250000000008 0.5796875
0 0.38750000000000007 0.5453125 0.2078125000000001 0.5453125 0.2078125000000001 0.5765625 0.38750000000000007 0.5765625
0 0.4953125 0.5625 0.4171875 0.5625 0.4171875 0.590625 0.4953125 0.590625
0 0.5578125 0.5515625 0.5234375 0.5515625 0.5234375 0.5734375 0.5578125 0.5734375
0 0.7265625 0.5609375000000001 0.5859375 0.5609375 0.5859375 0.5890625 0.7265625 0.5890625000000002
0 0.76875 0.5515625000000002 0.7265625 0.5515625000000002 0.7265625 0.5781250000000002 0.76875 0.5781250000000002
0 0.29375000000000007 0.5953125 0.16406250000000008 0.5953125 0.16406250000000008 0.625 0.29375000000000007 0.625
0 0.4796875 0.6015625 0.3187500000000001 0.6015625 0.3187500000000001 0.6265625 0.4796875 0.6265625
0 0.615625 0.6125 0.5109375 0.6125 0.5109375 0.628125 0.615625 0.628125
0 0.66875 0.60625 0.646875 0.60625 0.646875 0.6296875 0.66875 0.6296875
0 0.78125 0.6125 0.7 0.6125 0.7 0.628125 0.78125 0.6281250000000002
0 0.8765625 0.6000000000000002 0.8 0.6000000000000002 0.8 0.6328125000000002 0.8765625 0.6328125000000002
0 0.36406250000000007 0.65 0.1593750000000001 0.65 0.1593750000000001 0.690625 0.36406250000000007 0.690625
0 0.41875 0.6625 0.39531250000000007 0.6625 0.39531250000000007 0.678125 0.41875 0.678125
0 0.4921875 0.653125 0.4375 0.653125 0.4375 0.6796875 0.4921875 0.6796875
0 0.6390625 0.6609375 0.5234375 0.6609375 0.5234375 0.6765625 0.6390625 0.6765625
0 0.8125 0.6640625000000001 0.6625 0.6640625 0.6625 0.6781250000000001 0.8125 0.6781250000000002
0 0.875 0.6531250000000002 0.83125 0.6531250000000002 0.83125 0.6781250000000002 0.875 0.6781250000000002
0 0.2500000000000001 0.7 0.1703125000000001 0.7 0.1703125000000001 0.7265625 0.2500000000000001 0.7265625
0 0.4531250000000001 0.7 0.2750000000000001 0.7 0.2750000000000001 0.75 0.45312500000000017 0.75
0 0.5609375000000001 0.6984375 0.4859375 0.6984375 0.4859375000000001 0.7265625 0.5609375000000002 0.7265625
0 0.5734375 0.71875 0.5703125 0.71875 0.5703125 0.7234375 0.5734375 0.7234375