0 0.18281250000000004 0.18906250000000002 0.11875000000000005 0.1890625 0.11875000000000005 0.2171875 0.18281250000000004 0.2171875
0 0.3515625 0.19218750000000004 0.2015625 0.19218750000000004 0.2015625 0.240625 0.3515625 0.240625
0 0.475 0.19218750000000004 0.38125 0.19218750000000004 0.38125 0.2328125000000001 0.475 0.2328125000000001
0 0.553125 0.19375000000000006 0.5015625 0.19375000000000003 0.5015625 0.22031250000000008 0.553125 0.22031250000000008
0 0.6375 0.2062500000000001 0.5640625 0.2062500000000001 0.5640625 0.22031250000000008 0.6375 0.22031250000000008
0 0.7265625 0.1906250000000001 0.6578125 0.1906250000000001 0.6578125 0.2296875000000001 0.7265625 0.2296875000000001
0 0.871875 0.20312500000000008 0.74375 0.20312500000000008 0.74375 0.2218750000000001 0.871875 0.2218750000000001
0 0.221875 0.2421875 0.13281250000000006 0.2421875 0.13281250000000006 0.2703125 0.221875 0.2703125
0 0.2359375 0.2640625 0.2328125 0.2640625 0.2328125 0.275 0.2359375 0.275
0 0.3171875 0.246875 0.2546875 0.246875 0.2546875 0.2703125 0.3171875 0.2703125
0 0.3984375 0.24687500000000004 0.340625 0.246875 0.340625 0.27187500000000003 0.3984375 0.2718750000000001
0 0.49375 0.2468750000000001 0.409375 0.2468750000000001 0.409375 0.2734375000000001 0.49375 0.2734375000000001
0 0.5484375 0.2453125000000001 0.5171875 0.2453125000000001 0.5171875 0.2843750000000001 0.5484375 0.2843750000000001
0 0.640625 0.24375000000000008 0.5625 0.24375000000000008 0.5625 0.27031250000000007 0.640625 0.27031250000000007
0 0.7859375 0.24375000000000008 0.653125 0.24375000000000008 0.653125 0.27031250000000007 0.7859375 0.27031250000000007
0 0.853125 0.24218750000000008 0.809375 0.24218750000000008 0.809375 0.27031250000000007 0.853125 0.27031250000000007
0 0.19218750000000004 0.290625 0.14218750000000005 0.290625 0.14218750000000005 0.3203125 0.19218750000000004 0.3203125
0 0.346875 0.290625 0.2109375 0.290625 0.2109375 0.3265625 0.346875 0.3265625
0 0.3984375 0.30156250000000007 0.378125 0.30156250000000007 0.378125 0.3218750000000001 0.3984375 0.3218750000000001
0 0.5453125 0.2921875000000001 0.4171875 0.2921875000000001 0.4171875 0.3343750000000001 0.5453125 0.3343750000000001
0 0.690625 0.2921875000000001 0.5703125 0.2921875000000001 0.5703125 0.32500000000000007 0.690625 0.32500000000000007
0 0.759375 0.2968750000000001 0.7234375 0.2968750000000001 0.7234375 0.3218750000000001 0.759375 0.3218750000000001
0 0.8515625 0.2953125000000001 0.771875 0.2953125000000001 0.771875 0.3203125000000001 0.8515625 0.3203125000000001
0 0.30468750000000006 0.35 0.14218750000000005 0.35 0.14218750000000005 0.3890625 0.3046875000000001 0.3890625
0 0.475 0.3453125 0.33125 0.3453125 0.33125000000000004 0.384375 0.475 0.3843750000000001
0 0.5109375 0.3593750000000001 0.496875 0.3593750000000001 0.496875 0.3750000000000001 0.5109375 0.3750000000000001
0 0.5984375 0.3453125000000001 0.534375 0.3453125000000001 0.534375 0.3734375000000001 0.5984375 0.3734375000000001
0 0.625 0.3531250000000001 0.6125 0.3531250000000001 0.6125 0.3750000000000001 0.625 0.3750000000000001
0 0.7359375 0.3468750000000001 0.6296875 0.3468750000000001 0.6296875 0.3734375000000001 0.7359375 0.3734375000000001
0 0.75625 0.3437500000000001 0.7390625 0.3437500000000001 0.7390625 0.37968750000000007 0.75625 0.37968750000000007
0 0.3421875000000001 0.39375 0.14375000000000004 0.39375 0.14375000000000004 0.4359375 0.3421875000000001 0.4359375
0 0.45 0.3921875000000001 0.37968750000000007 0.3921875000000001 0.37968750000000007 0.4296875 0.45 0.4296875
0 0.653125 0.3984375000000001 0.478125 0.3984375000000001 0.478125 0.4265625 0.653125 0.4265625
0 0.6984375 0.4015625 0.6671875 0.4015625 0.6671875 0.4234375 0.6984375 0.4234375
0 0.7109375 0.4125 0.7015625 0.4125 0.7015625 0.4359375 0.7109375 0.4359375
0 0.7953125 0.4031250000000002 0.7375 0.4031250000000002 0.7375 0.4265625000000002 0.7953125 0.4265625000000002
0 0.8125 0.4187500000000002 0.80625 0.4187500000000002 0.80625 0.43281250000000016 0.8125 0.43281250000000016
0 0.2171875000000001 0.440625 0.14531250000000004 0.440625 0.14531250000000004 0.4734375 0.2171875000000001 0.4734375
0 0.425 0.45 0.24375000000000008 0.45 0.24375000000000008 0.4734375 0.425 0.4734375
0 0.471875 0.4515625 0.440625 0.4515625 0.440625 0.4703125 0.471875 0.4703125
0 0.4921875 0.4609375 0.4875 0.4609375 0.4875 0.48125 0.4921875 0.48125
0 0.5640625 0.4515625 0.5078125 0.4515625 0.5078125 0.475 0.5640625 0.475
0 0.6296875 0.4515625 0.5828125 0.4515625 0.5828125 0.475 0.6296875 0.475
0 0.6484375 0.4671875 0.64375 0.4671875 0.64375 0.4796875 0.6484375 0.4796875
0 0.728125 0.4484375000000001 0.6625 0.4484375 0.6625 0.4796875000000001 0.728125 0.47968750000000016
0 0.9 0.4578125000000002 0.7453125 0.4578125000000002 0.7453125 0.4750000000000002 0.9 0.4750000000000002
0 0.9328125 0.45625000000000016 0.903125 0.45625000000000016 0.903125 0.4781250000000002 0.9328125 0.4781250000000002
0 0.9421875 0.47656250000000017 0.9390625 0.47656250000000017 0.9390625 0.4781250000000002 0.9421875 0.4781250000000002
0 0.2750000000000001 0.4953125 0.14531250000000004 0.4953125 0.14531250000000004 0.521875 0.2750000000000001 0.521875
0 0.4765625 0.496875 0.29375000000000007 0.496875 0.29375000000000007 0.5375 0.4765625 0.5375
0 0.659375 0.4953125 0.5046875 0.4953125 0.5046875 0.53125 0.659375 0.53125
0 0.75 0.5109375 0.6859375 0.5109375 0.6859375 0.5250000000000001 0.75 0.5250000000000001
0 0.8953125 0.5015625000000001 0.75625 0.5015625000000001 0.75625 0.5375000000000002 0.8953125 0.5375000000000002
0 0.17187500000000008 0.5515625 0.1468750000000001 0.5515625 0.1468750000000001 0.5734375 0.17187500000000008 0.5734375
0 0.3656250000000001 0.5453125 0.21250000000000008 0.5453125 0.21250000000000008 0.575 0.3656250000000001 0.575
0 0.528125 0.5609375 0.3906250000000001 0.5609375 0.3906250000000001 0.590625 0.528125 0.590625
0 0.65 0.5484375 0.5578125 0.5484375 0.5578125 0.578125 0.65 0.578125
0 0.790625 0.5484375000000001 0.66875 0.5484375 0.66875 0.5765625000000001 0.790625 0.5765625000000002
0 0.9078125 0.5609375000000002 0.815625 0.5609375000000002 0.815625 0.5796875000000001 0.9078125 0.5796875000000001
0 0.1843750000000001 0.5984375 0.1453125000000001 0.5984375 0.1453125000000001 0.621875 0.1843750000000001 0.621875
0 0.25468750000000007 0.5984375 0.2078125000000001 0.5984375 0.2078125000000001 0.625 0.25468750000000007 0.625
0 0.3968750000000001 0.5984375 0.2734375000000001 0.5984375 0.2734375000000001 0.6328125 0.3968750000000001 0.6328125
0 0.521875 0.5984375 0.4265625 0.5984375 0.4265625 0.625 0.521875 0.625
0 0.5984375 0.6015625 0.5453125 0.6015625 0.5453125 0.6265625 0.5984375 0.6265625
0 0.7078125 0.6109375 0.6140625 0.6109375 0.6140625 0.646875 0.7078125 0.646875
0 0.8703125 0.6015625000000002 0.740625 0.6015625000000002 0.740625 0.6453125000000002 0.8703125 0.6453125000000002
0 0.1921875000000001 0.646875 0.15000000000000008 0.646875 0.15000000000000008 0.6703125 0.1921875000000001 0.6703125
0 0.2750000000000001 0.6484375 0.2156250000000001 0.6484375 0.2156250000000001 0.671875 0.2750000000000001 0.671875
0 0.3812500000000001 0.646875 0.2968750000000001 0.646875 0.2968750000000001 0.68125 0.3812500000000001 0.68125
0 0.4328125 0.6609375 0.4078125 0.6609375 0.4078125 0.6734375 0.4328125 0.6734375
0 0.5515625 0.646875 0.4578125 0.646875 0.4578125 0.6875 0.5515625 0.6875
0 0.6125 0.646875 0.58125 0.646875 0.58125 0.678125 0.6125 0.678125
0 0.6953125 0.6578125 0.6515625 0.6578125 0.6515625 0.6734375 0.6953125 0.6734375
0 0.821875 0.6500000000000001 0.725 0.65 0.725 0.6765625000000001 0.821875 0.6765625000000002
0 0.83125 0.6718750000000002 0.8296875 0.6718750000000002 0.8296875 0.6734375000000001 0.83125 0.6734375000000001