0 0.18750000000000006 0.2125 0.13906250000000003 0.2125 0.13906250000000003 0.228125 0.18750000000000006 0.228125
0 0.3609375 0.2109375 0.20625 0.2109375 0.20625 0.23125 0.3609375 0.23125
0 0.496875 0.21093750000000008 0.3890625 0.21093750000000008 0.3890625 0.22656250000000008 0.496875 0.22656250000000008
0 0.5609375 0.21250000000000008 0.5171875 0.21250000000000008 0.5171875 0.22656250000000008 0.5609375 0.22656250000000008
0 0.6046875 0.21093750000000008 0.5734375 0.21093750000000008 0.5734375 0.2250000000000001 0.6046875 0.2250000000000001
0 0.7484375 0.2093750000000001 0.6203125 0.2093750000000001 0.6203125 0.2250000000000001 0.7484375 0.2250000000000001
0 0.790625 0.21250000000000008 0.76875 0.21250000000000008 0.76875 0.2312500000000001 0.790625 0.2312500000000001
0 0.2734375 0.2609375 0.14531250000000004 0.2609375 0.14531250000000004 0.2828125 0.2734375 0.2828125
0 0.3859375 0.26406250000000003 0.2921875 0.2640625 0.2921875 0.28125000000000006 0.3859375 0.2812500000000001
0 0.4734375 0.26250000000000007 0.4 0.26250000000000007 0.4 0.27812500000000007 0.4734375 0.27812500000000007
0 0.5296875 0.26250000000000007 0.4890625 0.26250000000000007 0.4890625 0.2765625000000001 0.5296875 0.2765625000000001
0 0.5765625 0.26250000000000007 0.54375 0.26250000000000007 0.54375 0.2765625000000001 0.5765625 0.2765625000000001
0 0.6859375 0.2609375000000001 0.590625 0.2609375000000001 0.590625 0.2765625000000001 0.6859375 0.2765625000000001
0 0.7375 0.2640625000000001 0.7046875 0.2640625000000001 0.7046875 0.2796875000000001 0.7375 0.2796875000000001
0 0.88125 0.26250000000000007 0.75625 0.26250000000000007 0.75625 0.2750000000000001 0.88125 0.2750000000000001
0 0.2125 0.3140625 0.15000000000000005 0.3140625 0.15000000000000005 0.328125 0.2125 0.328125
0 0.315625 0.3140625 0.2328125 0.3140625 0.2328125 0.328125 0.315625 0.328125
0 0.3328125 0.3265625 0.3296875 0.3265625 0.3296875 0.328125 0.3328125 0.328125
0 0.453125 0.31250000000000006 0.3453125 0.3125 0.3453125 0.33437500000000003 0.453125 0.3343750000000001
0 0.4984375 0.31718750000000007 0.4734375 0.31718750000000007 0.4734375 0.3265625000000001 0.4984375 0.3265625000000001
0 0.5578125 0.3140625000000001 0.5109375 0.3140625000000001 0.5109375 0.3281250000000001 0.5578125 0.3281250000000001
0 0.63125 0.3156250000000001 0.575 0.3156250000000001 0.575 0.3265625000000001 0.63125 0.3265625000000001
0 0.6875 0.3125000000000001 0.6546875 0.3125000000000001 0.6546875 0.3265625000000001 0.6875 0.3265625000000001
0 0.753125 0.3125000000000001 0.7015625 0.3125000000000001 0.7015625 0.32500000000000007 0.753125 0.32500000000000007
0 0.875 0.3125000000000001 0.7703125 0.3125000000000001 0.7703125 0.3265625000000001 0.875 0.3265625000000001
0 0.3000000000000001 0.3640625 0.15000000000000005 0.3640625 0.15000000000000005 0.3828125 0.3000000000000001 0.3828125
0 0.34843750000000007 0.3703125 0.31718750000000007 0.3703125 0.31718750000000007 0.3796875 0.34843750000000007 0.3796875
0 0.4046875 0.3656250000000001 0.3687500000000001 0.3656250000000001 0.3687500000000001 0.37968750000000007 0.4046875 0.37968750000000007
0 0.4640625 0.36406250000000007 0.4234375 0.36406250000000007 0.4234375 0.3781250000000001 0.4640625 0.3781250000000001
0 0.5453125 0.36406250000000007 0.484375 0.36406250000000007 0.484375 0.37968750000000007 0.5453125 0.37968750000000007
0 0.5859375 0.3656250000000001 0.5625 0.3656250000000001 0.5625 0.3828125000000001 0.5859375 0.3828125000000001
0 0.6328125 0.36406250000000007 0.5984375 0.36406250000000007 0.5984375 0.3765625000000001 0.6328125 0.3765625000000001
0 0.7 0.3625000000000001 0.6515625 0.3625000000000001 0.6515625 0.3765625000000001 0.7 0.3765625000000001
0 0.846875 0.3593750000000001 0.7234375 0.3593750000000001 0.7234375 0.3843750000000001 0.846875 0.3843750000000001
0 0.21250000000000008 0.4203125 0.15468750000000003 0.4203125 0.15468750000000003 0.4296875 0.21250000000000008 0.4296875
0 0.2593750000000001 0.4171875 0.2328125000000001 0.4171875 0.2328125000000001 0.434375 0.2593750000000001 0.434375
0 0.446875 0.4140625 0.28593750000000007 0.4140625 0.28593750000000007 0.4359375 0.446875 0.4359375
0 0.609375 0.4140625 0.478125 0.4140625 0.478125 0.4390625 0.609375 0.4390625
0 0.628125 0.4234375 0.625 0.4234375 0.625 0.4296875 0.628125 0.4296875
0 0.68125 0.415625 0.6390625 0.415625 0.6390625 0.4296875 0.68125 0.4296875
0 0.75 0.4171875000000001 0.70625 0.4171875 0.70625 0.42656250000000007 0.75 0.4265625000000002
0 0.7953125 0.4156250000000002 0.771875 0.4156250000000002 0.771875 0.43281250000000016 0.7953125 0.43281250000000016
0 0.2875000000000001 0.4640625 0.14843750000000006 0.4640625 0.14843750000000006 0.4890625 0.2875000000000001 0.4890625
0 0.4203125 0.4671875 0.3140625000000001 0.4671875 0.3140625000000001 0.4859375 0.4203125 0.4859375
0 0.4875 0.4703125 0.44375 0.4703125 0.44375 0.4796875 0.4875 0.4796875
0 0.55625 0.4640625 0.503125 0.4640625 0.503125 0.4796875 0.55625 0.4796875
0 0.7 0.465625 0.578125 0.465625 0.578125 0.4796875 0.7 0.4796875
0 0.7234375 0.4734375 0.7171875 0.4734375 0.7171875 0.4796875 0.7234375 0.4796875
0 0.796875 0.4656250000000002 0.7375 0.4656250000000002 0.7375 0.47968750000000016 0.796875 0.47968750000000016
0 0.8515625 0.4625000000000002 0.815625 0.4625000000000002 0.815625 0.4781250000000002 0.8515625 0.4781250000000002
0 0.22656250000000008 0.515625 0.14531250000000004 0.515625 0.14531250000000004 0.5390625 0.22656250000000008 0.5390625
0 0.2984375000000001 0.51875 0.24375000000000008 0.51875 0.24375000000000008 0.5359375 0.2984375000000001 0.5359375
0 0.34843750000000007 0.51875 0.32500000000000007 0.51875 0.32500000000000007 0.5375 0.34843750000000007 0.5375
0 0.4 0.5171875 0.3625000000000001 0.5171875 0.3625000000000001 0.5296875 0.4 0.5296875
0 0.534375 0.515625 0.425 0.515625 0.425 0.5328125 0.534375 0.5328125
0 0.6203125 0.5203125 0.5578125 0.5203125 0.5578125 0.528125 0.6203125 0.528125
0 0.7125 0.515625 0.6453125 0.515625 0.6453125 0.5296875 0.7125 0.5296875
0 0.7546875 0.5156250000000002 0.7265625 0.5156250000000002 0.7265625 0.5281250000000002 0.7546875 0.5281250000000002
0 0.840625 0.5156250000000002 0.7765625 0.5156250000000002 0.7765625 0.5296875000000002 0.840625 0.5296875000000002
0 0.8828125 0.5203125000000002 0.85625 0.5203125000000002 0.85625 0.5343750000000002 0.8828125 0.5343750000000002
0 0.1703125000000001 0.5703125 0.1468750000000001 0.5703125 0.1468750000000001 0.5890625 0.1703125000000001 0.5890625
0 0.24218750000000008 0.56875 0.1921875000000001 0.56875 0.1921875000000001 0.5875 0.24218750000000008 0.5875
0 0.3312500000000001 0.5671875 0.2687500000000001 0.5671875 0.2687500000000001 0.590625 0.3312500000000001 0.590625
0 0.4484375 0.5703125 0.37187500000000007 0.5703125 0.37187500000000007 0.5828125 0.4484375 0.5828125
0 0.5015625 0.56875 0.465625 0.56875 0.465625 0.58125 0.5015625 0.58125
0 0.525 0.56875 0.5171875 0.56875 0.5171875 0.5828125 0.525 0.5828125
0 0.6 0.571875 0.5359375 0.571875 0.5359375 0.5828125 0.6 0.5828125
0 0.6609375 0.5734375 0.6109375 0.5734375 0.6109375 0.58125 0.6609375 0.58125
0 0.675 0.565625 0.66875 0.565625 0.66875 0.58125 0.675 0.58125
0 0.75 0.5640625000000001 0.690625 0.5640625 0.690625 0.58125 0.75 0.5812500000000002
0 0.7640625 0.5781250000000002 0.7609375 0.5781250000000002 0.7609375 0.5812500000000002 0.7640625 0.5812500000000002