0 0.18750000000000006 0.215625 0.14218750000000005 0.215625 0.14218750000000005 0.2296875 0.18750000000000006 0.2296875
0 0.284375 0.2140625 0.2125 0.2140625 0.2125 0.2296875 0.284375 0.2296875
0 0.4015625 0.21250000000000005 0.31875 0.2125 0.31875 0.22968750000000004 0.4015625 0.2296875000000001
0 0.4484375 0.2156250000000001 0.425 0.2156250000000001 0.425 0.23593750000000008 0.4484375 0.23593750000000008
0 0.615625 0.2140625000000001 0.4640625 0.2140625000000001 0.4640625 0.2296875000000001 0.615625 0.2296875000000001
0 0.6546875 0.2156250000000001 0.6375 0.2156250000000001 0.6375 0.22812500000000008 0.6546875 0.22812500000000008
0 0.71875 0.2140625000000001 0.6734375 0.2140625000000001 0.6734375 0.2296875000000001 0.71875 0.2296875000000001
0 0.821875 0.2140625000000001 0.7390625 0.2140625000000001 0.7390625 0.23593750000000008 0.821875 0.23593750000000008
0 0.8890625 0.21250000000000008 0.84375 0.21250000000000008 0.84375 0.22812500000000008 0.8890625 0.22812500000000008
0 0.265625 0.2671875 0.14375000000000004 0.2671875 0.14375000000000004 0.290625 0.265625 0.290625
0 0.4140625 0.26562500000000006 0.30625 0.265625 0.30625 0.28593750000000007 0.4140625 0.28593750000000007
0 0.4328125 0.27812500000000007 0.4296875 0.27812500000000007 0.4296875 0.2796875000000001 0.4328125 0.2796875000000001
0 0.5421875 0.2671875000000001 0.4546875 0.2671875000000001 0.4546875 0.2906250000000001 0.5421875 0.2906250000000001
0 0.5703125 0.2671875000000001 0.559375 0.2671875000000001 0.559375 0.2796875000000001 0.5703125 0.2796875000000001
0 0.71875 0.2656250000000001 0.596875 0.2656250000000001 0.596875 0.2828125000000001 0.71875 0.2828125000000001
0 0.78125 0.2656250000000001 0.746875 0.2656250000000001 0.746875 0.2796875000000001 0.78125 0.2796875000000001
0 0.3125 0.31875 0.14687500000000003 0.31875 0.14687500000000003 0.3390625 0.3125 0.3390625
0 0.3609375 0.31875 0.334375 0.31875 0.334375 0.3359375 0.3609375 0.3359375
0 0.403125 0.3234375000000001 0.3859375 0.3234375000000001 0.3859375 0.3296875000000001 0.403125 0.3296875000000001
0 0.503125 0.31718750000000007 0.4234375 0.31718750000000007 0.4234375 0.34062500000000007 0.503125 0.34062500000000007
0 0.6296875 0.3218750000000001 0.528125 0.3218750000000001 0.528125 0.3390625000000001 0.6296875 0.3390625000000001
0 0.6421875 0.3281250000000001 0.6375 0.3281250000000001 0.6375 0.3296875000000001 0.6421875 0.3296875000000001
0 0.703125 0.3187500000000001 0.65625 0.3187500000000001 0.65625 0.33281250000000007 0.703125 0.33281250000000007
0 0.765625 0.32500000000000007 0.7234375 0.32500000000000007 0.7234375 0.33281250000000007 0.765625 0.33281250000000007
0 0.8109375 0.31718750000000007 0.78125 0.31718750000000007 0.78125 0.3312500000000001 0.8109375 0.3312500000000001
0 0.2687500000000001 0.3671875 0.14687500000000003 0.3671875 0.14687500000000003 0.3828125 0.2687500000000001 0.3828125
0 0.3109375000000001 0.3703125 0.2906250000000001 0.3703125 0.2906250000000001 0.38125 0.3109375000000001 0.38125
0 0.4140625 0.36718750000000006 0.3359375000000001 0.3671875 0.3359375000000001 0.39062500000000006 0.4140625 0.3906250000000001
0 0.490625 0.3671875000000001 0.4390625 0.3671875000000001 0.4390625 0.3828125000000001 0.490625 0.3828125000000001
0 0.5859375 0.3671875000000001 0.5203125 0.3671875000000001 0.5203125 0.3828125000000001 0.5859375 0.3828125000000001
0 0.640625 0.3750000000000001 0.609375 0.3750000000000001 0.609375 0.3906250000000001 0.640625 0.3906250000000001
0 0.68125 0.3687500000000001 0.659375 0.3687500000000001 0.659375 0.3828125000000001 0.68125 0.3828125000000001
0 0.6953125 0.3750000000000001 0.6859375 0.3750000000000001 0.6859375 0.3828125000000001 0.6953125 0.3828125000000001
0 0.778125 0.3671875000000001 0.7109375 0.3671875000000001 0.7109375 0.3828125000000001 0.778125 0.3828125000000001
0 0.8296875 0.3687500000000001 0.7984375 0.3687500000000001 0.7984375 0.3890625000000001 0.8296875 0.3890625000000001
0 0.3609375000000001 0.4171875 0.14843750000000006 0.4171875 0.14843750000000006 0.44375 0.3609375000000001 0.44375
0 0.5171875 0.4203125 0.3843750000000001 0.4203125 0.3843750000000001 0.4390625 0.5171875 0.4390625
0 0.6609375 0.41875 0.540625 0.41875 0.540625 0.434375 0.6609375 0.434375
0 0.6796875 0.43125 0.6765625 0.43125 0.6765625 0.4328125 0.6796875 0.4328125
0 0.7359375 0.4203125000000001 0.696875 0.4203125 0.696875 0.4328125000000001 0.7359375 0.43281250000000016
0 0.8921875 0.4203125000000002 0.7578125 0.4203125000000002 0.7578125 0.4421875000000002 0.8921875 0.4421875000000002
0 0.16093750000000004 0.4671875 0.14062500000000006 0.4671875 0.14062500000000006 0.4828125 0.16093750000000004 0.4828125
0 0.3937500000000001 0.4671875 0.19062500000000004 0.4671875 0.19062500000000004 0.490625 0.3937500000000001 0.490625
0 0.4078125 0.4796875 0.4046875 0.4796875 0.4046875 0.4859375 0.4078125 0.4859375
0 0.478125 0.4703125 0.425 0.4703125 0.425 0.484375 0.478125 0.484375
0 0.6140625 0.471875 0.5 0.471875 0.5 0.4921875 0.6140625 0.4921875
0 0.6515625 0.475 0.6328125 0.475 0.6328125 0.48125 0.6515625 0.48125
0 0.71875 0.46875 0.6671875 0.46875 0.6671875 0.4921875 0.71875 0.4921875
0 0.8515625 0.4671875000000002 0.7421875 0.4671875000000002 0.7421875 0.48437500000000017 0.8515625 0.48437500000000017
0 0.16562500000000005 0.521875 0.14375000000000004 0.521875 0.14375000000000004 0.54375 0.16562500000000005 0.54375
0 0.34062500000000007 0.51875 0.19843750000000004 0.51875 0.19843750000000007 0.5453125 0.34062500000000007 0.5453125
0 0.38750000000000007 0.5203125 0.36406250000000007 0.5203125 0.36406250000000007 0.534375 0.38750000000000007 0.534375
0 0.4796875 0.51875 0.4046875 0.51875 0.4046875 0.54375 0.4796875 0.54375
0 0.55 0.51875 0.4984375 0.51875 0.4984375 0.534375 0.55 0.534375
0 0.6140625 0.5203125 0.575 0.5203125 0.575 0.5421875 0.6140625 0.5421875
0 0.6953125 0.5171875 0.634375 0.5171875 0.634375 0.540625 0.6953125 0.540625
0 0.7125 0.5328125 0.709375 0.5328125 0.709375 0.534375 0.7125 0.534375