0 0.19062500000000004 0.2015625 0.15000000000000005 0.2015625 0.15000000000000005 0.2234375 0.19062500000000004 0.2234375
0 0.2578125 0.2046875 0.2140625 0.2046875 0.2140625 0.221875 0.2578125 0.221875
0 0.384375 0.20781250000000004 0.2671875 0.2078125 0.2671875 0.23281250000000003 0.384375 0.2328125000000001
0 0.4703125 0.21093750000000008 0.4046875 0.21093750000000008 0.4046875 0.22031250000000008 0.4703125 0.22031250000000008
0 0.584375 0.2000000000000001 0.484375 0.2000000000000001 0.484375 0.2312500000000001 0.584375 0.2312500000000001
0 0.6515625 0.2015625000000001 0.596875 0.2015625000000001 0.596875 0.2250000000000001 0.6515625 0.2250000000000001
0 0.825 0.2015625000000001 0.6734375 0.2015625000000001 0.6734375 0.2328125000000001 0.825 0.2328125000000001
0 0.29375 0.25625 0.14375000000000004 0.25625 0.14375000000000004 0.2890625 0.29375 0.2890625
0 0.4125 0.2515625 0.31875 0.2515625 0.31875 0.275 0.4125 0.2750000000000001
0 0.4453125 0.2562500000000001 0.4203125 0.2562500000000001 0.4203125 0.2718750000000001 0.4453125 0.2718750000000001
0 0.4828125 0.25468750000000007 0.4546875 0.25468750000000007 0.4546875 0.2734375000000001 0.4828125 0.2734375000000001
0 0.5984375 0.2593750000000001 0.4984375 0.2593750000000001 0.4984375 0.2843750000000001 0.5984375 0.2843750000000001
0 0.70625 0.25468750000000007 0.6171875 0.25468750000000007 0.6171875 0.28593750000000007 0.70625 0.28593750000000007
0 0.7546875 0.25468750000000007 0.7203125 0.25468750000000007 0.7203125 0.2734375000000001 0.7546875 0.2734375000000001
0 0.2421875 0.309375 0.14843750000000006 0.309375 0.14843750000000006 0.3359375 0.2421875 0.3359375
0 0.290625 0.30625 0.2578125 0.30625 0.2578125 0.3265625 0.290625 0.3265625
0 0.4296875 0.31718750000000007 0.315625 0.3171875 0.315625 0.3375 0.4296875 0.3375000000000001
0 0.5296875 0.3078125000000001 0.446875 0.3078125000000001 0.446875 0.3375000000000001 0.5296875 0.3375000000000001
0 0.596875 0.31718750000000007 0.546875 0.31718750000000007 0.546875 0.3281250000000001 0.596875 0.3281250000000001
0 0.6515625 0.30937500000000007 0.6046875 0.30937500000000007 0.6046875 0.3359375000000001 0.6515625 0.3359375000000001
0 0.725 0.3062500000000001 0.6671875 0.3062500000000001 0.6671875 0.3265625000000001 0.725 0.3265625000000001
0 0.8234375 0.3078125000000001 0.7296875 0.3078125000000001 0.7296875 0.33281250000000007 0.8234375 0.33281250000000007
0 0.834375 0.32500000000000007 0.8328125 0.32500000000000007 0.8328125 0.3265625000000001 0.834375 0.3265625000000001
0 0.17656250000000004 0.3609375 0.14687500000000003 0.3609375 0.14687500000000003 0.378125 0.17656250000000004 0.378125
0 0.2968750000000001 0.3671875 0.19218750000000004 0.3671875 0.19218750000000004 0.3796875 0.2968750000000001 0.3796875
0 0.4 0.3609375 0.315625 0.3609375 0.31562500000000004 0.37968750000000007 0.4 0.37968750000000007
0 0.50625 0.3671875000000001 0.4046875 0.3671875000000001 0.4046875 0.38750000000000007 0.50625 0.38750000000000007
0 0.584375 0.3671875000000001 0.5265625 0.3671875000000001 0.5265625 0.37968750000000007 0.584375 0.37968750000000007
0 0.6609375 0.3578125000000001 0.5984375 0.3578125000000001 0.5984375 0.37968750000000007 0.6609375 0.37968750000000007
0 0.7640625 0.3578125000000001 0.6578125 0.3578125000000001 0.6578125 0.3906250000000001 0.7640625 0.3906250000000001
0 0.821875 0.3546875000000001 0.765625 0.3546875000000001 0.765625 0.3781250000000001 0.821875 0.3781250000000001
0 0.8890625 0.3531250000000001 0.828125 0.3531250000000001 0.828125 0.3843750000000001 0.8890625 0.3843750000000001
0 0.88125 0.3765625000000001 0.8703125 0.3765625000000001 0.8703125 0.3828125000000001 0.88125 0.3828125000000001
0 0.12500000000000006 0.4 0.042187500000000044 0.4 0.04218750000000005 0.4375 0.12500000000000006 0.4375
0 0.16718750000000004 0.40625 0.13906250000000003 0.40625 0.13906250000000003 0.428125 0.16718750000000004 0.428125
0 0.27812500000000007 0.4109375 0.17968750000000006 0.4109375 0.17968750000000006 0.4359375 0.27812500000000007 0.4359375
0 0.4203125 0.40625 0.2968750000000001 0.40625 0.2968750000000001 0.440625 0.4203125 0.440625
0 0.5109375 0.409375 0.4265625 0.409375 0.4265625 0.4421875 0.5109375 0.4421875
0 0.5625 0.4078125 0.5125 0.4078125 0.5125 0.4390625 0.5625 0.4390625
0 0.5953125 0.40625 0.571875 0.40625 0.571875 0.428125 0.5953125 0.428125
0 0.65625 0.40625 0.5984375 0.40625 0.5984375 0.4359375 0.65625 0.4359375
0 0.7484375 0.4015625000000001 0.6609375 0.4015625 0.6609375 0.4359375000000001 0.7484375 0.4359375000000002
0 0.8 0.4000000000000002 0.7640625 0.4000000000000002 0.7640625 0.4234375000000002 0.8 0.4234375000000002
0 0.9578125 0.4000000000000002 0.8234375 0.4000000000000002 0.8234375 0.4265625000000002 0.9578125 0.4265625000000002
0 0.06718750000000007 0.459375 0.04062500000000006 0.459375 0.04062500000000006 0.48125 0.06718750000000007 0.48125
0 0.17343750000000005 0.4578125 0.08906250000000007 0.4578125 0.08906250000000007 0.48125 0.17343750000000005 0.48125
0 0.2875000000000001 0.4703125 0.18593750000000003 0.4703125 0.18593750000000003 0.490625 0.2875000000000001 0.490625
0 0.4296875 0.459375 0.3125000000000001 0.459375 0.3125000000000001 0.490625 0.4296875 0.490625
0 0.4390625 0.4765625 0.434375 0.4765625 0.434375 0.478125 0.4390625 0.478125
0 0.503125 0.4578125 0.4640625 0.4578125 0.4640625 0.478125 0.503125 0.478125
0 0.63125 0.4546875 0.5328125 0.4546875 0.5328125 0.4796875 0.63125 0.4796875
0 0.653125 0.4578125 0.63125 0.4578125 0.63125 0.4796875 0.653125 0.4796875
0 0.678125 0.471875 0.6515625 0.471875 0.6515625 0.48125 0.678125 0.48125
0 0.7609375 0.4562500000000001 0.696875 0.45625 0.696875 0.4875000000000001 0.7609375 0.48750000000000016
0 0.8421875 0.4546875000000002 0.7796875 0.4546875000000002 0.7796875 0.4859375000000002 0.8421875 0.4859375000000002
0 0.2921875000000001 0.50625 0.07343750000000007 0.50625 0.07343750000000007 0.5421875 0.2921875000000001 0.5421875
0 0.3734375000000001 0.5078125 0.3125000000000001 0.5078125 0.3125000000000001 0.5265625 0.3734375000000001 0.5265625
0 0.45625 0.5046875 0.3921875000000001 0.5046875 0.3921875000000001 0.540625 0.45625 0.540625
0 0.521875 0.5046875 0.4765625 0.5046875 0.4765625 0.525 0.521875 0.525
0 0.5671875 0.5078125 0.5234375 0.5078125 0.5234375 0.525 0.5671875 0.525
0 0.7046875 0.5109375 0.5890625 0.5109375 0.5890625 0.5375 0.7046875 0.5375
0 0.7296875 0.5078125000000001 0.703125 0.5078125 0.703125 0.5265625 0.7296875 0.5265625000000002
0 0.8203125 0.5031250000000002 0.728125 0.5031250000000002 0.728125 0.5390625000000002 0.8203125 0.5390625000000002
0 0.8453125 0.5171875000000001 0.8203125 0.5171875000000001 0.8203125 0.5265625000000002 0.8453125 0.5265625000000002
0 0.89375 0.5156250000000002 0.8640625 0.5156250000000002 0.8640625 0.5390625000000002 0.89375 0.5390625000000002
0 0.07968750000000006 0.571875 0.07343750000000007 0.571875 0.07343750000000007 0.5765625 0.07968750000000006 0.5765625
0 0.2000000000000001 0.5625 0.10000000000000009 0.5625 0.10000000000000009 0.59375 0.2000000000000001 0.59375
0 0.2843750000000001 0.5578125 0.22031250000000008 0.5578125 0.22031250000000008 0.5828125 0.2843750000000001 0.5828125
0 0.4484375 0.5546875 0.3140625000000001 0.5546875 0.3140625000000001 0.590625 0.4484375 0.590625
0 0.5453125 0.5609375 0.4828125 0.5609375 0.4828125 0.578125 0.5453125 0.578125
0 0.6203125 0.5578125 0.56875 0.5578125 0.56875 0.58125 0.6203125 0.58125
0 0.6765625 0.559375 0.646875 0.559375 0.646875 0.5796875 0.6765625 0.5796875
0 0.865625 0.5546875000000001 0.6984375 0.5546875 0.6984375 0.58125 0.865625 0.5812500000000002
0 0.12500000000000008 0.609375 0.07343750000000007 0.609375 0.07343750000000007 0.6390625 0.12500000000000008 0.6390625
0 0.2687500000000001 0.60625 0.1437500000000001 0.60625 0.1437500000000001 0.6296875 0.2687500000000001 0.6296875
0 0.3281250000000001 0.61875 0.2984375000000001 0.61875 0.2984375000000001 0.6296875 0.3281250000000001 0.6296875
0 0.496875 0.6125 0.3609375000000001 0.6125 0.3609375000000001 0.6390625 0.496875 0.6390625
0 0.5703125 0.60625 0.51875 0.60625 0.51875 0.6296875 0.5703125 0.6296875
0 0.6796875 0.615625 0.5953125 0.615625 0.5953125 0.640625 0.6796875 0.640625
0 0.8609375 0.6015625000000001 0.70625 0.6015625 0.70625 0.6328125000000001 0.8609375 0.6328125000000002
0 0.8703125 0.6312500000000002 0.8671875 0.6312500000000002 0.8671875 0.6343750000000001 0.8703125 0.6343750000000001