0 0.24375 0.26875 0.16250000000000003 0.26875 0.16250000000000003 0.296875 0.24375 0.296875
0 0.33125 0.2703125 0.28125 0.2703125 0.28125 0.2875 0.33125 0.2875
0 0.3984375 0.28125000000000006 0.3609375 0.28125 0.3609375 0.28750000000000003 0.3984375 0.2875000000000001
0 0.465625 0.2734375000000001 0.43125 0.2734375000000001 0.43125 0.2875000000000001 0.465625 0.2875000000000001
0 0.55 0.2734375000000001 0.4984375 0.2734375000000001 0.4984375 0.2984375000000001 0.55 0.2984375000000001
0 0.6109375 0.2734375000000001 0.5765625 0.2734375000000001 0.5765625 0.2875000000000001 0.6109375 0.2875000000000001
0 0.7125 0.2734375000000001 0.6296875 0.2734375000000001 0.6296875 0.2984375000000001 0.7125 0.2984375000000001
0 0.7328125 0.28593750000000007 0.73125 0.28593750000000007 0.73125 0.2875000000000001 0.7328125 0.2875000000000001
0 0.784375 0.2734375000000001 0.7546875 0.2734375000000001 0.7546875 0.2921875000000001 0.784375 0.2921875000000001
0 0.8578125 0.2796875000000001 0.8109375 0.2796875000000001 0.8109375 0.28593750000000007 0.8578125 0.28593750000000007
0 0.18281250000000004 0.321875 0.16406250000000006 0.321875 0.16406250000000006 0.34375 0.18281250000000004 0.34375
0 0.2359375 0.321875 0.2125 0.321875 0.2125 0.3375 0.2359375 0.3375
0 0.3328125 0.325 0.2671875 0.325 0.2671875 0.3375 0.3328125 0.3375
0 0.4578125 0.32500000000000007 0.365625 0.32500000000000007 0.365625 0.3375000000000001 0.4578125 0.3375000000000001
0 0.521875 0.3234375000000001 0.4984375 0.3234375000000001 0.4984375 0.3375000000000001 0.521875 0.3375000000000001
0 0.628125 0.3234375000000001 0.5515625 0.3234375000000001 0.5515625 0.3390625000000001 0.628125 0.3390625000000001
0 0.6828125 0.32500000000000007 0.659375 0.32500000000000007 0.659375 0.3390625000000001 0.6828125 0.3390625000000001
0 0.7796875 0.3265625000000001 0.7125 0.3265625000000001 0.7125 0.3375000000000001 0.7796875 0.3375000000000001
0 0.796875 0.3359375000000001 0.79375 0.3359375000000001 0.79375 0.3421875000000001 0.796875 0.3421875000000001
0 0.834375 0.3312500000000001 0.8125 0.3312500000000001 0.8125 0.3375000000000001 0.834375 0.3375000000000001
0 0.19062500000000004 0.3796875 0.16250000000000003 0.3796875 0.16250000000000003 0.3875 0.19062500000000004 0.3875
0 0.3343750000000001 0.371875 0.22031250000000008 0.371875 0.22031250000000008 0.3875 0.3343750000000001 0.3875
0 0.35625000000000007 0.390625 0.3531250000000001 0.390625 0.3531250000000001 0.39375 0.35625000000000007 0.39375
0 0.4078125 0.3734375000000001 0.3859375000000001 0.3734375000000001 0.3859375000000001 0.38750000000000007 0.4078125 0.38750000000000007
0 0.5546875 0.3734375000000001 0.440625 0.3734375000000001 0.440625 0.4015625 0.5546875 0.4015625
0 0.7546875 0.37187500000000007 0.5890625 0.37187500000000007 0.5890625 0.39531250000000007 0.7546875 0.39531250000000007
0 0.840625 0.3750000000000001 0.7875 0.3750000000000001 0.7875 0.3906250000000001 0.840625 0.3906250000000001
0 0.19375000000000003 0.4234375 0.16250000000000003 0.4234375 0.16250000000000003 0.4390625 0.19375000000000003 0.4390625
0 0.3437500000000001 0.425 0.2312500000000001 0.425 0.2312500000000001 0.453125 0.3437500000000001 0.453125
0 0.3515625000000001 0.4375 0.3500000000000001 0.4375 0.3500000000000001 0.4390625 0.3515625000000001 0.4390625
0 0.5171875 0.421875 0.3906250000000001 0.421875 0.3906250000000001 0.4390625 0.5171875 0.4390625
0 0.678125 0.4265625 0.5625 0.4265625 0.5625 0.453125 0.678125 0.453125
0 0.7453125 0.4250000000000001 0.7125 0.425 0.7125 0.4406250000000001 0.7453125 0.44062500000000016
0 0.8875 0.42187500000000017 0.7796875 0.42187500000000017 0.7796875 0.4500000000000002 0.8875 0.4500000000000002
0 0.2921875000000001 0.4734375 0.16093750000000004 0.4734375 0.16093750000000004 0.5015625 0.2921875000000001 0.5015625
0 0.3109375000000001 0.4890625 0.3078125000000001 0.4890625 0.3078125000000001 0.4921875 0.3109375000000001 0.4921875
0 0.3656250000000001 0.4734375 0.34062500000000007 0.4734375 0.34062500000000007 0.490625 0.3656250000000001 0.490625
0 0.4640625 0.475 0.4015625 0.475 0.4015625 0.4890625 0.4640625 0.4890625
0 0.5484375 0.48125 0.49375 0.48125 0.49375 0.4890625 0.5484375 0.4890625
0 0.6359375 0.4734375 0.58125 0.4734375 0.58125 0.4890625 0.6359375 0.4890625
0 0.71875 0.4734375 0.6703125 0.4734375 0.6703125 0.5015625 0.71875 0.5015625
0 0.7359375 0.4890625000000002 0.7328125 0.4890625000000002 0.7328125 0.4937500000000002 0.7359375 0.4937500000000002
0 0.784375 0.4750000000000002 0.7609375 0.4750000000000002 0.7609375 0.4890625000000002 0.784375 0.4890625000000002
0 0.853125 0.4828125000000002 0.8125 0.4828125000000002 0.8125 0.4906250000000002 0.853125 0.4906250000000002
0 0.23593750000000008 0.525 0.15781250000000005 0.525 0.15781250000000005 0.5390625 0.23593750000000008 0.5390625
0 0.3265625000000001 0.525 0.27031250000000007 0.525 0.27031250000000007 0.540625 0.3265625000000001 0.540625
0 0.4125 0.525 0.3546875000000001 0.525 0.3546875000000001 0.540625 0.4125 0.540625
0 0.4265625 0.5375 0.4234375 0.5375 0.4234375 0.54375 0.4265625 0.54375
0 0.56875 0.525 0.45625 0.525 0.45625 0.5515625 0.56875 0.5515625
0 0.659375 0.5265625 0.6015625 0.5265625 0.6015625 0.540625 0.659375 0.540625
0 0.7359375 0.5250000000000001 0.6859375 0.525 0.6859375 0.5390625000000001 0.7359375 0.5390625000000002
0 0.8828125 0.5250000000000001 0.771875 0.5250000000000001 0.771875 0.5406250000000001 0.8828125 0.5406250000000001
0 0.23437500000000008 0.584375 0.15781250000000008 0.584375 0.15781250000000008 0.5921875 0.23437500000000008 0.5921875
0 0.2734375000000001 0.5828125 0.26250000000000007 0.5828125 0.26250000000000007 0.5859375 0.2734375000000001 0.5859375
0 0.34843750000000007 0.575 0.3062500000000001 0.575 0.3062500000000001 0.590625 0.34843750000000007 0.590625
0 0.4953125 0.5765625 0.37968750000000007 0.5765625 0.37968750000000007 0.590625 0.4953125 0.590625
0 0.584375 0.575 0.5296875 0.575 0.5296875 0.590625 0.584375 0.590625
0 0.7125 0.5765625 0.615625 0.5765625 0.615625 0.590625 0.7125 0.590625
0 0.7234375 0.5890625 0.7203125 0.5890625 0.7203125 0.590625 0.7234375 0.590625
0 0.80625 0.5750000000000002 0.753125 0.5750000000000002 0.753125 0.6046875000000002 0.80625 0.6046875000000002
0 0.8890625 0.5750000000000002 0.8375 0.5750000000000002 0.8375 0.5921875000000002 0.8890625 0.5921875000000002
0 0.1765625000000001 0.634375 0.15781250000000008 0.634375 0.15781250000000008 0.640625 0.1765625000000001 0.640625
0 0.2671875000000001 0.6234375 0.21250000000000008 0.6234375 0.21250000000000008 0.6453125 0.2671875000000001 0.6453125
0 0.3687500000000001 0.6234375 0.30937500000000007 0.6234375 0.30937500000000007 0.6421875 0.3687500000000001 0.6421875
0 0.3921875000000001 0.640625 0.38750000000000007 0.640625 0.38750000000000007 0.6453125 0.3921875000000001 0.6453125
0 0.5203125 0.625 0.4234375 0.625 0.4234375 0.640625 0.5203125 0.640625
0 0.625 0.6234375 0.546875 0.6234375 0.546875 0.6421875 0.625 0.6421875
0 0.646875 0.634375 0.640625 0.634375 0.640625 0.6484375 0.646875 0.6484375
0 0.7296875 0.6250000000000001 0.6828125 0.625 0.6828125 0.6421875000000001 0.7296875 0.6421875000000001
0 0.8125 0.6265625000000001 0.7609375 0.6265625000000001 0.7609375 0.6406250000000002 0.8125 0.6406250000000002
0 0.8875 0.6343750000000001 0.8421875 0.6343750000000001 0.8421875 0.6406250000000002 0.8875 0.6406250000000002
0 0.2234375000000001 0.675 0.15625000000000008 0.675 0.15625000000000008 0.703125 0.2234375000000001 0.703125
0 0.2750000000000001 0.6796875 0.2578125000000001 0.6796875 0.2578125000000001 0.6921875 0.2750000000000001 0.6921875
0 0.428125 0.675 0.3109375000000001 0.675 0.3109375000000001 0.6921875 0.428125 0.6921875
0 0.5515625 0.675 0.4640625 0.675 0.4640625 0.70625 0.5515625 0.70625
0 0.703125 0.6765625 0.590625 0.6765625 0.590625 0.6921875 0.703125 0.6921875
0 0.771875 0.6765625000000002 0.740625 0.6765625000000002 0.740625 0.6953125000000002 0.771875 0.6953125000000002
0 0.86875 0.6750000000000002 0.8046875 0.6750000000000002 0.8046875 0.6921875000000002 0.86875 0.6921875000000002
0 0.1781250000000001 0.7265625 0.16406250000000008 0.7265625 0.16406250000000008 0.740625 0.1781250000000001 0.740625
0 0.3156250000000001 0.7265625 0.21875000000000008 0.7265625 0.21875000000000008 0.7421875 0.3156250000000001 0.7421875
0 0.3765625000000001 0.7359375 0.3500000000000001 0.7359375 0.3500000000000001 0.7421875 0.3765625000000001 0.7421875
0 0.44843750000000016 0.7265625 0.4156250000000002 0.7265625 0.4156250000000002 0.7421875 0.44843750000000016 0.7421875
0 0.5437500000000002 0.728125 0.48750000000000016 0.728125 0.48750000000000016 0.74375 0.5437500000000002 0.74375
0 0.6000000000000002 0.728125 0.5796875000000001 0.728125 0.5796875000000001 0.75 0.6000000000000002 0.75
0 0.6828125000000002 0.728125 0.6296875000000002 0.728125 0.6296875000000002 0.7421875 0.6828125000000002 0.7421875
0 0.8546875 0.7265625000000001 0.7203125000000001 0.7265625 0.7203125000000001 0.7546875000000001 0.8546875 0.7546875000000002