0 0.17343750000000005 0.2046875 0.14843750000000006 0.2046875 0.14843750000000006 0.2234375 0.17343750000000005 0.2234375
0 0.240625 0.20625 0.19687500000000005 0.20625 0.19687500000000005 0.2234375 0.240625 0.2234375
0 0.3078125 0.2109375 0.26875 0.2109375 0.26875 0.2234375 0.3078125 0.2234375
0 0.365625 0.20625000000000004 0.3390625 0.20625 0.3390625 0.22343750000000004 0.365625 0.2234375000000001
0 0.4203125 0.2078125000000001 0.384375 0.2078125000000001 0.384375 0.2234375000000001 0.4203125 0.2234375000000001
0 0.5140625 0.2062500000000001 0.4453125 0.2062500000000001 0.4453125 0.2218750000000001 0.5140625 0.2218750000000001
0 0.6546875 0.2078125000000001 0.5453125 0.2078125000000001 0.5453125 0.2234375000000001 0.6546875 0.2234375000000001
0 0.7734375 0.2078125000000001 0.6875 0.2078125000000001 0.6875 0.2296875000000001 0.7734375 0.2296875000000001
0 0.8359375 0.21093750000000008 0.803125 0.21093750000000008 0.803125 0.2234375000000001 0.8359375 0.2234375000000001
0 0.17500000000000004 0.25625 0.13906250000000003 0.25625 0.13906250000000003 0.275 0.17500000000000004 0.275
0 0.246875 0.25625 0.19218750000000004 0.25625 0.19218750000000004 0.278125 0.246875 0.278125
0 0.2609375 0.26875 0.2578125 0.26875 0.2578125 0.271875 0.2609375 0.271875
0 0.325 0.253125 0.2921875 0.253125 0.2921875 0.271875 0.325 0.271875
0 0.45 0.25781250000000006 0.353125 0.2578125 0.353125 0.28125000000000006 0.45 0.2812500000000001
0 0.5234375 0.2593750000000001 0.4734375 0.2593750000000001 0.4734375 0.2750000000000001 0.5234375 0.2750000000000001
0 0.6578125 0.2578125000000001 0.55 0.2578125000000001 0.55 0.2750000000000001 0.6578125 0.2750000000000001
0 0.6765625 0.2734375000000001 0.6734375 0.2734375000000001 0.6734375 0.2812500000000001 0.6765625 0.2812500000000001
0 0.790625 0.25468750000000007 0.6890625 0.25468750000000007 0.6890625 0.2734375000000001 0.790625 0.2734375000000001
0 0.8328125 0.2562500000000001 0.825 0.2562500000000001 0.825 0.2750000000000001 0.8328125 0.2750000000000001
0 0.246875 0.3109375 0.13906250000000003 0.3109375 0.13906250000000003 0.33125 0.246875 0.33125
0 0.315625 0.309375 0.2765625 0.309375 0.2765625 0.3234375 0.315625 0.3234375
0 0.421875 0.31093750000000003 0.35 0.3109375 0.35 0.32500000000000007 0.421875 0.32500000000000007
0 0.609375 0.30937500000000007 0.4453125 0.30937500000000007 0.4453125 0.3375000000000001 0.609375 0.3375000000000001
0 0.6234375 0.3203125000000001 0.6203125 0.3203125000000001 0.6203125 0.3296875000000001 0.6234375 0.3296875000000001
0 0.690625 0.3109375000000001 0.64375 0.3109375000000001 0.64375 0.32500000000000007 0.690625 0.32500000000000007
0 0.778125 0.30937500000000007 0.71875 0.30937500000000007 0.71875 0.3234375000000001 0.778125 0.3234375000000001
0 0.8453125 0.3109375000000001 0.80625 0.3109375000000001 0.80625 0.3234375000000001 0.8453125 0.3234375000000001
0 0.22187500000000004 0.3578125 0.14531250000000004 0.3578125 0.14531250000000004 0.375 0.2218750000000001 0.375
0 0.39531250000000007 0.35937500000000006 0.2609375 0.359375 0.26093750000000004 0.38906250000000003 0.39531250000000007 0.3890625000000001
0 0.409375 0.3734375000000001 0.4046875 0.3734375000000001 0.4046875 0.3765625000000001 0.409375 0.3765625000000001
0 0.484375 0.3593750000000001 0.4375 0.3593750000000001 0.4375 0.3734375000000001 0.484375 0.3734375000000001
0 0.58125 0.3625000000000001 0.5109375 0.3625000000000001 0.5109375 0.3765625000000001 0.58125 0.3765625000000001
0 0.659375 0.3625000000000001 0.6125 0.3625000000000001 0.6125 0.3750000000000001 0.659375 0.3750000000000001
0 0.665625 0.3703125000000001 0.6625 0.3703125000000001 0.6625 0.3781250000000001 0.665625 0.3781250000000001
0 0.7109375 0.3625000000000001 0.68125 0.3625000000000001 0.68125 0.3734375000000001 0.7109375 0.3734375000000001
0 0.7609375 0.3593750000000001 0.7328125 0.3593750000000001 0.7328125 0.3734375000000001 0.7609375 0.3734375000000001
0 0.3078125000000001 0.4109375 0.13906250000000003 0.4109375 0.13906250000000003 0.4390625 0.3078125000000001 0.4390625
0 0.475 0.409375 0.3375000000000001 0.409375 0.3375000000000001 0.4328125 0.475 0.4328125
0 0.4921875 0.421875 0.4890625 0.421875 0.4890625 0.4296875 0.4921875 0.4296875
0 0.546875 0.409375 0.509375 0.409375 0.509375 0.4265625 0.546875 0.4265625
0 0.646875 0.4125 0.578125 0.4125 0.578125 0.4265625 0.646875 0.4265625
0 0.6765625 0.4171875 0.6671875 0.4171875 0.6671875 0.41875 0.6765625 0.41875
0 0.7421875 0.41093750000000007 0.690625 0.4109375 0.690625 0.42656250000000007 0.7421875 0.4265625000000002
0 0.7921875 0.4109375000000002 0.7703125 0.4109375000000002 0.7703125 0.42500000000000016 0.7921875 0.42500000000000016
0 0.8546875 0.40937500000000016 0.8125 0.40937500000000016 0.8125 0.4265625000000002 0.8546875 0.4265625000000002
0 0.21093750000000008 0.459375 0.13906250000000003 0.459375 0.13906250000000003 0.4765625 0.21093750000000008 0.4765625
0 0.2609375000000001 0.459375 0.24375000000000008 0.459375 0.24375000000000008 0.475 0.2609375000000001 0.475
0 0.3109375000000001 0.4640625 0.2812500000000001 0.4640625 0.2812500000000001 0.478125 0.3109375000000001 0.478125
0 0.3984375000000001 0.4640625 0.3375000000000001 0.4640625 0.3375000000000001 0.4765625 0.3984375000000001 0.4765625
0 0.4140625 0.475 0.4109375 0.475 0.4109375 0.478125 0.4140625 0.478125
0 0.453125 0.4625 0.45 0.4625 0.45 0.478125 0.453125 0.478125
0 0.54375 0.4609375 0.471875 0.4609375 0.471875 0.4765625 0.54375 0.4765625
0 0.5984375 0.459375 0.5796875 0.459375 0.5796875 0.48125 0.5984375 0.48125
0 0.653125 0.459375 0.625 0.459375 0.625 0.475 0.653125 0.475
0 0.721875 0.459375 0.6859375 0.459375 0.6859375 0.4765625 0.721875 0.4765625
0 0.8203125 0.46093750000000017 0.7625 0.46093750000000017 0.7625 0.4750000000000002 0.8203125 0.4750000000000002
0 0.2062500000000001 0.509375 0.13906250000000003 0.509375 0.13906250000000003 0.525 0.2062500000000001 0.525
0 0.3625000000000001 0.503125 0.2593750000000001 0.503125 0.2593750000000001 0.540625 0.3625000000000001 0.540625
0 0.3859375000000001 0.521875 0.3828125000000001 0.521875 0.3828125000000001 0.53125 0.3859375000000001 0.53125
0 0.4625 0.5140625 0.3968750000000001 0.5140625 0.3968750000000001 0.5265625 0.4625 0.5265625
0 0.56875 0.5125 0.496875 0.5125 0.496875 0.5265625 0.56875 0.5265625
0 0.6296875 0.5125 0.6 0.5125 0.6 0.5265625 0.6296875 0.5265625
0 0.7421875 0.5093750000000001 0.65625 0.509375 0.65625 0.5265625 0.7421875 0.5265625000000002
0 0.7484375 0.5234375000000002 0.746875 0.5234375000000002 0.746875 0.5265625000000002 0.7484375 0.5265625000000002