0 0.17500000000000004 0.2578125 0.13750000000000004 0.2578125 0.13750000000000004 0.271875 0.17500000000000004 0.271875
0 0.18437500000000004 0.2703125 0.17656250000000004 0.2703125 0.17656250000000004 0.2765625 0.18437500000000004 0.2765625
0 0.28125 0.2578125 0.19843750000000004 0.2578125 0.19843750000000004 0.2734375 0.28125 0.2734375
0 0.2875 0.271875 0.2828125 0.271875 0.2828125 0.275 0.2875 0.275
0 0.3921875 0.259375 0.30625 0.259375 0.30625 0.27187500000000003 0.3921875 0.2718750000000001
0 0.44375 0.2593750000000001 0.4015625 0.2593750000000001 0.4015625 0.2734375000000001 0.44375 0.2734375000000001
0 0.4828125 0.2593750000000001 0.453125 0.2593750000000001 0.453125 0.2734375000000001 0.4828125 0.2734375000000001
0 0.6078125 0.2578125000000001 0.5015625 0.2578125000000001 0.5015625 0.2843750000000001 0.6078125 0.2843750000000001
0 0.6578125 0.2593750000000001 0.6140625 0.2593750000000001 0.6140625 0.2828125000000001 0.6578125 0.2828125000000001
0 0.7125 0.2578125000000001 0.678125 0.2578125000000001 0.678125 0.2765625000000001 0.7125 0.2765625000000001
0 0.7921875 0.2593750000000001 0.70625 0.2593750000000001 0.70625 0.2828125000000001 0.7921875 0.2828125000000001
0 0.803125 0.2718750000000001 0.7984375 0.2718750000000001 0.7984375 0.2734375000000001 0.803125 0.2734375000000001
0 0.8390625 0.2578125000000001 0.8328125 0.2578125000000001 0.8328125 0.26250000000000007 0.8390625 0.26250000000000007
0 0.8453125 0.2640625000000001 0.8265625 0.2640625000000001 0.8265625 0.2750000000000001 0.8453125 0.2750000000000001
0 0.19843750000000004 0.3109375 0.12968750000000004 0.3109375 0.12968750000000004 0.321875 0.19843750000000004 0.321875
0 0.24375 0.3078125 0.2171875 0.3078125 0.2171875 0.325 0.24375 0.325
0 0.2890625 0.3171875 0.2484375 0.3171875 0.2484375 0.3328125 0.2890625 0.3328125
0 0.3234375 0.309375 0.2984375 0.309375 0.2984375 0.3234375 0.3234375 0.3234375
0 0.3890625 0.31093750000000003 0.33125 0.3109375 0.33125 0.32500000000000007 0.3890625 0.32500000000000007
0 0.4375 0.3078125000000001 0.4109375 0.3078125000000001 0.4109375 0.3265625000000001 0.4375 0.3265625000000001
0 0.465625 0.3125000000000001 0.446875 0.3125000000000001 0.446875 0.32500000000000007 0.465625 0.32500000000000007
0 0.525 0.3109375000000001 0.478125 0.3109375000000001 0.478125 0.3234375000000001 0.525 0.3234375000000001
0 0.553125 0.31718750000000007 0.5390625 0.31718750000000007 0.5390625 0.3234375000000001 0.553125 0.3234375000000001
0 0.6109375 0.3109375000000001 0.5734375 0.3109375000000001 0.5734375 0.3234375000000001 0.6109375 0.3234375000000001
0 0.659375 0.3078125000000001 0.6234375 0.3078125000000001 0.6234375 0.3265625000000001 0.659375 0.3265625000000001
0 0.671875 0.31718750000000007 0.65625 0.31718750000000007 0.65625 0.3234375000000001 0.671875 0.3234375000000001
0 0.7375 0.3078125000000001 0.684375 0.3078125000000001 0.684375 0.3234375000000001 0.7375 0.3234375000000001
0 0.815625 0.3109375000000001 0.74375 0.3109375000000001 0.74375 0.32500000000000007 0.815625 0.32500000000000007
0 0.8140625 0.3234375000000001 0.8078125 0.3234375000000001 0.8078125 0.3281250000000001 0.8140625 0.3281250000000001
0 0.8375 0.30937500000000007 0.83125 0.30937500000000007 0.83125 0.3140625000000001 0.8375 0.3140625000000001
0 0.14843750000000006 0.359375 0.12812500000000004 0.359375 0.12812500000000004 0.371875 0.14843750000000006 0.371875
0 0.24218750000000006 0.359375 0.17187500000000006 0.359375 0.17187500000000006 0.3734375 0.24218750000000008 0.3734375
0 0.32343750000000004 0.359375 0.253125 0.359375 0.25312500000000004 0.38125 0.3234375000000001 0.38125
0 0.3281250000000001 0.3703125 0.3234375000000001 0.3703125 0.3234375000000001 0.3734375 0.3281250000000001 0.3734375
0 0.36562500000000003 0.35937500000000006 0.3578125 0.359375 0.35781250000000003 0.36406250000000007 0.3656250000000001 0.36406250000000007
0 0.384375 0.3609375000000001 0.3640625 0.3609375000000001 0.36406250000000007 0.3750000000000001 0.3843750000000001 0.3750000000000001
0 0.4625 0.3593750000000001 0.390625 0.3593750000000001 0.39062500000000006 0.3750000000000001 0.4625 0.3750000000000001
0 0.53125 0.3593750000000001 0.4703125 0.3593750000000001 0.4703125 0.3812500000000001 0.53125 0.3812500000000001
0 0.5765625 0.3687500000000001 0.55625 0.3687500000000001 0.55625 0.3750000000000001 0.5765625 0.3750000000000001
0 0.615625 0.3609375000000001 0.5875 0.3609375000000001 0.5875 0.3750000000000001 0.615625 0.3750000000000001
0 0.753125 0.3593750000000001 0.634375 0.3593750000000001 0.634375 0.3765625000000001 0.753125 0.3765625000000001
0 0.78125 0.3593750000000001 0.7546875 0.3593750000000001 0.7546875 0.3750000000000001 0.78125 0.3750000000000001
0 0.8140625 0.3625000000000001 0.7828125 0.3625000000000001 0.7828125 0.3750000000000001 0.8140625 0.3750000000000001
0 0.8453125 0.3609375000000001 0.79375 0.3609375000000001 0.79375 0.3843750000000001 0.8453125 0.3843750000000001
0 0.84375 0.3750000000000001 0.8359375 0.3750000000000001 0.8359375 0.37968750000000007 0.84375 0.37968750000000007
0 0.15000000000000005 0.409375 0.12968750000000004 0.409375 0.12968750000000004 0.421875 0.15000000000000005 0.421875
0 0.2078125000000001 0.4078125 0.15156250000000004 0.4078125 0.15156250000000004 0.4234375 0.2078125000000001 0.4234375
0 0.2531250000000001 0.415625 0.21250000000000008 0.415625 0.21250000000000008 0.43125 0.2531250000000001 0.43125
0 0.25468750000000007 0.421875 0.2500000000000001 0.421875 0.2500000000000001 0.425 0.25468750000000007 0.425
0 0.3125000000000001 0.4140625 0.2734375000000001 0.4140625 0.2734375000000001 0.4234375 0.3125000000000001 0.4234375
0 0.37187500000000007 0.4171875 0.3265625000000001 0.4171875 0.3265625000000001 0.4328125 0.37187500000000007 0.4328125
0 0.4421875 0.4125 0.3781250000000001 0.4125 0.3781250000000001 0.4296875 0.4421875 0.4296875
0 0.53125 0.409375 0.4578125 0.409375 0.4578125 0.425 0.53125 0.425
0 0.5734375 0.409375 0.5421875 0.409375 0.5421875 0.425 0.5734375 0.425
0 0.5765625 0.4234375 0.5734375 0.4234375 0.5734375 0.425 0.5765625 0.425
0 0.6234375 0.4140625 0.5984375 0.4140625 0.5984375 0.4265625 0.6234375 0.4265625
0 0.6875 0.4109375 0.628125 0.4109375 0.628125 0.4265625 0.6875 0.4265625
0 0.74375 0.4125000000000001 0.7015625 0.4125 0.7015625 0.42656250000000007 0.74375 0.4265625000000002
0 0.828125 0.4125000000000002 0.759375 0.4125000000000002 0.759375 0.4265625000000002 0.828125 0.4265625000000002
0 0.15312500000000004 0.459375 0.12812500000000004 0.459375 0.12812500000000004 0.4734375 0.15312500000000004 0.4734375
0 0.27031250000000007 0.459375 0.15937500000000004 0.459375 0.15937500000000004 0.48125 0.27031250000000007 0.48125
0 0.3781250000000001 0.4578125 0.28593750000000007 0.4578125 0.28593750000000007 0.4734375 0.3781250000000001 0.4734375
0 0.4109375 0.4609375 0.3906250000000001 0.4609375 0.3906250000000001 0.475 0.4109375 0.475
0 0.4875 0.4625 0.4328125 0.4625 0.4328125 0.4828125 0.4875 0.4828125
0 0.615625 0.4609375 0.51875 0.4609375 0.51875 0.478125 0.615625 0.478125
0 0.6171875 0.471875 0.6125 0.471875 0.6125 0.475 0.6171875 0.475
0 0.6953125 0.4609375 0.6390625 0.4609375 0.6390625 0.4765625 0.6953125 0.4765625
0 0.6921875 0.475 0.6828125 0.475 0.6828125 0.4796875 0.6921875 0.4796875
0 0.796875 0.4625000000000001 0.7078125 0.4625 0.7078125 0.4765625000000001 0.796875 0.47656250000000017
0 0.2375000000000001 0.5109375 0.12187500000000004 0.5109375 0.12187500000000004 0.5328125 0.2375000000000001 0.5328125
0 0.2468750000000001 0.5234375 0.2390625000000001 0.5234375 0.2390625000000001 0.528125 0.2468750000000001 0.528125
0 0.2875000000000001 0.509375 0.2656250000000001 0.509375 0.2656250000000001 0.525 0.2875000000000001 0.525
0 0.3656250000000001 0.5109375 0.3046875000000001 0.5109375 0.3046875000000001 0.525 0.3656250000000001 0.525
0 0.3734375000000001 0.5203125 0.3687500000000001 0.5203125 0.3687500000000001 0.525 0.3734375000000001 0.525