0 0.284375 0.19687500000000002 0.13125000000000003 0.196875 0.13125000000000003 0.228125 0.284375 0.228125
0 0.3578125 0.2015625 0.309375 0.2015625 0.309375 0.221875 0.3578125 0.221875
0 0.5375 0.2000000000000001 0.3859375 0.2000000000000001 0.3859375 0.2234375000000001 0.5375 0.2234375000000001
0 0.6515625 0.20312500000000008 0.5515625 0.20312500000000008 0.5515625 0.23437500000000008 0.6515625 0.23437500000000008
0 0.7375 0.21250000000000008 0.6890625 0.21250000000000008 0.6890625 0.2218750000000001 0.7375 0.2218750000000001
0 0.2921875 0.25625 0.12968750000000004 0.25625 0.12968750000000004 0.275 0.2921875 0.275
0 0.36875 0.26250000000000007 0.3203125 0.2625 0.3203125 0.27343750000000006 0.36875 0.2734375000000001
0 0.4140625 0.25468750000000007 0.39375 0.25468750000000007 0.39375 0.2734375000000001 0.4140625 0.2734375000000001
0 0.60625 0.2515625000000001 0.434375 0.2515625000000001 0.434375 0.2890625000000001 0.60625 0.2890625000000001
0 0.6140625 0.27031250000000007 0.6125 0.27031250000000007 0.6125 0.2718750000000001 0.6140625 0.2718750000000001
0 0.64375 0.25468750000000007 0.6390625 0.25468750000000007 0.6390625 0.2578125000000001 0.64375 0.2578125000000001
0 0.8046875 0.2515625000000001 0.646875 0.2515625000000001 0.646875 0.2750000000000001 0.8046875 0.2750000000000001
0 0.8171875 0.2718750000000001 0.8125 0.2718750000000001 0.8125 0.2765625000000001 0.8171875 0.2765625000000001
0 0.240625 0.303125 0.12812500000000004 0.303125 0.12812500000000004 0.340625 0.240625 0.340625
0 0.2515625 0.3203125 0.24375 0.3203125 0.24375 0.328125 0.2515625 0.328125
0 0.275 0.3046875 0.271875 0.3046875 0.271875 0.309375 0.275 0.309375
0 0.334375 0.303125 0.296875 0.303125 0.296875 0.3203125 0.334375 0.3203125
0 0.4625 0.3046875000000001 0.36875 0.3046875000000001 0.36875 0.3218750000000001 0.4625 0.3218750000000001
0 0.4765625 0.31718750000000007 0.4734375 0.31718750000000007 0.4734375 0.3203125000000001 0.4765625 0.3203125000000001
0 0.5015625 0.3000000000000001 0.4953125 0.3000000000000001 0.4953125 0.3062500000000001 0.5015625 0.3062500000000001
0 0.6046875 0.3000000000000001 0.5 0.3000000000000001 0.5 0.3234375000000001 0.6046875 0.3234375000000001
0 0.8078125 0.3031250000000001 0.63125 0.3031250000000001 0.63125 0.32500000000000007 0.8078125 0.32500000000000007
0 0.8203125 0.3156250000000001 0.8 0.3156250000000001 0.8 0.3234375000000001 0.8203125 0.3234375000000001
0 0.33593750000000006 0.35 0.12656250000000005 0.35 0.12656250000000005 0.3921875 0.3359375000000001 0.3921875
0 0.37968750000000007 0.35156250000000006 0.3625 0.3515625 0.36250000000000004 0.37187500000000007 0.37968750000000007 0.37187500000000007
0 0.4140625 0.3500000000000001 0.384375 0.3500000000000001 0.384375 0.3703125000000001 0.4140625 0.3703125000000001
0 0.5140625 0.3515625000000001 0.4421875 0.3515625000000001 0.4421875 0.3734375000000001 0.5140625 0.3734375000000001
0 0.5828125 0.3531250000000001 0.5453125 0.3531250000000001 0.5453125 0.3765625000000001 0.5828125 0.3765625000000001
0 0.6953125 0.3531250000000001 0.6078125 0.3531250000000001 0.6078125 0.3750000000000001 0.6953125 0.3750000000000001
0 0.3312500000000001 0.4015625 0.13593750000000004 0.4015625 0.13593750000000004 0.425 0.3312500000000001 0.425
0 0.440625 0.4140625 0.36406250000000007 0.4140625 0.36406250000000007 0.4359375 0.440625 0.4359375
0 0.5625 0.4046875 0.4671875 0.4046875 0.4671875 0.425 0.5625 0.425
0 0.58125 0.4234375 0.5796875 0.4234375 0.5796875 0.425 0.58125 0.425
0 0.634375 0.40625 0.615625 0.40625 0.615625 0.4265625 0.634375 0.4265625
0 0.765625 0.4078125000000001 0.6453125 0.4078125 0.6453125 0.4250000000000001 0.765625 0.42500000000000016
0 0.8265625 0.4046875000000002 0.7953125 0.4046875000000002 0.7953125 0.42500000000000016 0.8265625 0.42500000000000016
0 0.21093750000000008 0.453125 0.13125000000000003 0.453125 0.13125000000000003 0.4890625 0.21093750000000008 0.4890625
0 0.27812500000000007 0.453125 0.24218750000000008 0.453125 0.24218750000000008 0.4765625 0.27812500000000007 0.4765625
0 0.4296875 0.4515625 0.3140625000000001 0.4515625 0.3140625000000001 0.4765625 0.4296875 0.4765625
0 0.5203125 0.453125 0.459375 0.453125 0.459375 0.478125 0.5203125 0.478125
0 0.6484375 0.4546875 0.553125 0.4546875 0.553125 0.4765625 0.6484375 0.4765625
0 0.7296875 0.45000000000000007 0.675 0.45 0.675 0.4843750000000001 0.7296875 0.48437500000000017
0 0.8125 0.4500000000000002 0.753125 0.4500000000000002 0.753125 0.4828125000000002 0.8125 0.4828125000000002
0 0.2390625000000001 0.5046875 0.12343750000000005 0.5046875 0.12343750000000005 0.5390625 0.2390625000000001 0.5390625
0 0.3609375000000001 0.5046875 0.2812500000000001 0.5046875 0.2812500000000001 0.525 0.3609375000000001 0.525
0 0.428125 0.5046875 0.3890625000000001 0.5046875 0.3890625000000001 0.525 0.428125 0.525
0 0.5015625 0.50625 0.4453125 0.50625 0.4453125 0.525 0.5015625 0.525
0 0.6390625 0.5046875 0.5390625 0.5046875 0.5390625 0.5265625 0.6390625 0.5265625
0 0.6578125 0.5234375 0.6484375 0.5234375 0.6484375 0.53125 0.6578125 0.53125
0 0.74375 0.5125000000000001 0.678125 0.5125 0.678125 0.534375 0.74375 0.5343750000000002
0 0.871875 0.5015625000000001 0.765625 0.5015625000000001 0.765625 0.5281250000000002 0.871875 0.5281250000000002
0 0.871875 0.5281250000000002 0.8703125 0.5281250000000002 0.8703125 0.5312500000000002 0.871875 0.5312500000000002
0 0.8953125 0.5062500000000002 0.890625 0.5062500000000002 0.890625 0.5125000000000002 0.8953125 0.5125000000000002
0 0.1859375000000001 0.5546875 0.13281250000000008 0.5546875 0.13281250000000008 0.575 0.1859375000000001 0.575
0 0.3125000000000001 0.5515625 0.21875000000000008 0.5515625 0.21875000000000008 0.575 0.3125000000000001 0.575
0 0.3234375000000001 0.5734375 0.31718750000000007 0.5734375 0.31718750000000007 0.5796875 0.3234375000000001 0.5796875
0 0.3671875000000001 0.5546875 0.3500000000000001 0.5546875 0.3500000000000001 0.575 0.3671875000000001 0.575
0 0.4546875 0.5515625 0.3656250000000001 0.5515625 0.3656250000000001 0.584375 0.4546875 0.584375
0 0.496875 0.565625 0.4734375 0.565625 0.4734375 0.5765625 0.496875 0.5765625
0 0.6546875 0.553125 0.5171875 0.553125 0.5171875 0.5765625 0.6546875 0.5765625
0 0.73125 0.5546875000000001 0.6796875 0.5546875 0.6796875 0.5843750000000001 0.73125 0.5843750000000002
0 0.8359375 0.5593750000000002 0.7703125 0.5593750000000002 0.7703125 0.5796875000000001 0.8359375 0.5796875000000001
0 0.3390625000000001 0.6015625 0.1375000000000001 0.6015625 0.1375000000000001 0.628125 0.3390625000000001 0.628125
0 0.4 0.60625 0.37968750000000007 0.60625 0.37968750000000007 0.6265625 0.4 0.6265625
0 0.5 0.6015625 0.4 0.6015625 0.4 0.6390625 0.5 0.6390625
0 0.6359375 0.6046875 0.528125 0.6046875 0.528125 0.628125 0.6359375 0.628125
0 0.7671875 0.6062500000000001 0.675 0.60625 0.675 0.6296875000000001 0.7671875 0.6296875000000002
0 0.19687500000000008 0.65625 0.14062500000000008 0.65625 0.14062500000000008 0.6765625 0.19687500000000008 0.6765625
0 0.35625000000000007 0.6546875 0.2375000000000001 0.6546875 0.2375000000000001 0.6765625 0.35625000000000007 0.6765625
0 0.2734375000000001 0.653125 0.2718750000000001 0.653125 0.2718750000000001 0.6546875 0.2734375000000001 0.6546875