0 0.18281250000000004 0.2 0.13906250000000003 0.2 0.13906250000000003 0.2171875 0.18281250000000004 0.2171875
0 0.25 0.203125 0.203125 0.203125 0.203125 0.2296875 0.25 0.2296875
0 0.3609375 0.2046875 0.2671875 0.2046875 0.2671875 0.225 0.3609375 0.225
0 0.365625 0.22031250000000005 0.359375 0.2203125 0.359375 0.22812500000000005 0.365625 0.22812500000000008
0 0.4515625 0.2062500000000001 0.3875 0.2062500000000001 0.3875 0.21875000000000008 0.4515625 0.21875000000000008
0 0.53125 0.21093750000000008 0.471875 0.21093750000000008 0.471875 0.2218750000000001 0.53125 0.2218750000000001
0 0.5984375 0.20468750000000008 0.559375 0.20468750000000008 0.559375 0.22031250000000008 0.5984375 0.22031250000000008
0 0.690625 0.2062500000000001 0.625 0.2062500000000001 0.625 0.2218750000000001 0.690625 0.2218750000000001
0 0.7765625 0.2078125000000001 0.7203125 0.2078125000000001 0.7203125 0.2218750000000001 0.7765625 0.2218750000000001
0 0.84375 0.2078125000000001 0.8015625 0.2078125000000001 0.8015625 0.2218750000000001 0.84375 0.2218750000000001
0 0.2265625 0.259375 0.13750000000000004 0.259375 0.13750000000000004 0.2828125 0.2265625 0.2828125
0 0.2328125 0.26875 0.225 0.26875 0.225 0.278125 0.2328125 0.278125
0 0.3203125 0.2546875 0.25625 0.2546875 0.25625 0.26875 0.3203125 0.26875
0 0.41875 0.25468750000000007 0.346875 0.2546875 0.346875 0.27031250000000007 0.41875 0.27031250000000007
0 0.575 0.25468750000000007 0.4484375 0.25468750000000007 0.4484375 0.2718750000000001 0.575 0.2718750000000001
0 0.7015625 0.2562500000000001 0.6015625 0.2562500000000001 0.6015625 0.27812500000000007 0.7015625 0.27812500000000007
0 0.7609375 0.26250000000000007 0.728125 0.26250000000000007 0.728125 0.2718750000000001 0.7609375 0.2718750000000001
0 0.8203125 0.26250000000000007 0.7890625 0.26250000000000007 0.7890625 0.2718750000000001 0.8203125 0.2718750000000001
0 0.8359375 0.2640625000000001 0.8171875 0.2640625000000001 0.8171875 0.2828125000000001 0.8359375 0.2828125000000001
0 0.16718750000000004 0.3109375 0.13593750000000004 0.3109375 0.13593750000000004 0.3203125 0.16718750000000004 0.3203125
0 0.29375 0.30625 0.19218750000000004 0.30625 0.19218750000000004 0.321875 0.29375 0.321875
0 0.2984375 0.3203125 0.290625 0.3203125 0.290625 0.3296875 0.2984375 0.3296875
0 0.3625 0.3109375 0.3265625 0.3109375 0.3265625 0.3203125 0.3625 0.3203125
0 0.478125 0.3062500000000001 0.3953125 0.3062500000000001 0.3953125 0.3359375000000001 0.478125 0.3359375000000001
0 0.5703125 0.30937500000000007 0.503125 0.30937500000000007 0.503125 0.3218750000000001 0.5703125 0.3218750000000001
0 0.696875 0.30937500000000007 0.590625 0.30937500000000007 0.590625 0.3359375000000001 0.696875 0.3359375000000001
0 0.703125 0.3265625000000001 0.7 0.3265625000000001 0.7 0.3281250000000001 0.703125 0.3281250000000001
0 0.7890625 0.3125000000000001 0.740625 0.3125000000000001 0.740625 0.3265625000000001 0.7890625 0.3265625000000001
0 0.809375 0.3265625000000001 0.8015625 0.3265625000000001 0.8015625 0.3343750000000001 0.809375 0.3343750000000001
0 0.8515625 0.30937500000000007 0.8234375 0.30937500000000007 0.8234375 0.3296875000000001 0.8515625 0.3296875000000001
0 0.25625000000000003 0.3546875 0.13125000000000003 0.3546875 0.13125000000000003 0.36875 0.2562500000000001 0.36875
0 0.25468750000000007 0.36875 0.2484375000000001 0.36875 0.2484375000000001 0.375 0.25468750000000007 0.375
0 0.34687500000000004 0.3578125 0.278125 0.3578125 0.27812500000000007 0.3703125 0.3468750000000001 0.3703125
0 0.4640625 0.35625000000000007 0.3703125 0.35625000000000007 0.37031250000000004 0.37187500000000007 0.4640625 0.37187500000000007
0 0.53125 0.3578125000000001 0.4828125 0.3578125000000001 0.4828125 0.3781250000000001 0.53125 0.3781250000000001
0 0.7390625 0.3578125000000001 0.55625 0.3578125000000001 0.55625 0.3765625000000001 0.7390625 0.3765625000000001
0 0.7515625 0.3765625000000001 0.746875 0.3765625000000001 0.746875 0.37968750000000007 0.7515625 0.37968750000000007
0 0.8390625 0.3593750000000001 0.7828125 0.3593750000000001 0.7828125 0.3765625000000001 0.8390625 0.3765625000000001
0 0.23593750000000008 0.40625 0.13281250000000006 0.40625 0.13281250000000006 0.4203125 0.23593750000000008 0.4203125
0 0.403125 0.40625 0.26250000000000007 0.40625 0.26250000000000007 0.4265625 0.403125 0.4265625
0 0.471875 0.415625 0.4296875 0.415625 0.4296875 0.4234375 0.471875 0.4234375
0 0.58125 0.409375 0.5015625 0.409375 0.5015625 0.428125 0.58125 0.428125
0 0.628125 0.415625 0.609375 0.415625 0.609375 0.4234375 0.628125 0.4234375
0 0.7609375 0.4156250000000001 0.65625 0.415625 0.65625 0.4375000000000001 0.7609375 0.43750000000000017
0 0.853125 0.41718750000000016 0.7828125 0.41718750000000016 0.7828125 0.4265625000000002 0.853125 0.4265625000000002
0 0.19062500000000004 0.45625 0.13281250000000006 0.45625 0.13281250000000006 0.4703125 0.19062500000000004 0.4703125
0 0.2750000000000001 0.4609375 0.21875000000000008 0.4609375 0.21875000000000008 0.471875 0.2750000000000001 0.471875
0 0.4421875 0.4578125 0.30156250000000007 0.4578125 0.30156250000000007 0.4734375 0.4421875 0.4734375
0 0.5046875 0.4640625 0.475 0.4640625 0.475 0.4734375 0.5046875 0.4734375
0 0.7578125 0.4609375000000001 0.540625 0.4609375 0.540625 0.4828125000000001 0.7578125 0.4828125000000002
0 0.765625 0.4734375000000002 0.7625 0.4734375000000002 0.7625 0.4750000000000002 0.765625 0.4750000000000002
0 0.8375 0.4625000000000002 0.803125 0.4625000000000002 0.803125 0.47656250000000017 0.8375 0.47656250000000017
0 0.18750000000000006 0.5109375 0.13437500000000005 0.5109375 0.13437500000000005 0.521875 0.18750000000000006 0.521875
0 0.27031250000000007 0.5078125 0.21093750000000008 0.5078125 0.21093750000000008 0.521875 0.27031250000000007 0.521875
0 0.2718750000000001 0.521875 0.2656250000000001 0.521875 0.2656250000000001 0.5296875 0.2718750000000001 0.5296875
0 0.4359375 0.509375 0.3031250000000001 0.509375 0.3031250000000001 0.5234375 0.4359375 0.5234375
0 0.44375 0.525 0.4359375 0.525 0.4359375 0.5328125 0.44375 0.5328125
0 0.675 0.5078125 0.475 0.5078125 0.475 0.525 0.675 0.525
0 0.8140625 0.5125000000000001 0.703125 0.5125 0.703125 0.5265625 0.8140625 0.5265625000000002
0 0.1781250000000001 0.55625 0.1359375000000001 0.55625 0.1359375000000001 0.571875 0.1781250000000001 0.571875
0 0.3265625000000001 0.55625 0.21093750000000008 0.55625 0.21093750000000008 0.571875 0.3265625000000001 0.571875
0 0.3281250000000001 0.5703125 0.32500000000000007 0.5703125 0.32500000000000007 0.571875 0.3281250000000001 0.571875