0 0.2125 0.2046875 0.13906250000000003 0.2046875 0.13906250000000003 0.221875 0.2125 0.221875
0 0.28125 0.2109375 0.240625 0.2109375 0.240625 0.221875 0.28125 0.221875
0 0.340625 0.20625 0.3078125 0.20625 0.3078125 0.221875 0.340625 0.221875
0 0.4 0.21250000000000008 0.3734375 0.21250000000000008 0.3734375 0.2218750000000001 0.4 0.2218750000000001
0 0.46875 0.21250000000000008 0.41875 0.21250000000000008 0.41875 0.2234375000000001 0.46875 0.2234375000000001
0 0.5015625 0.2062500000000001 0.4828125 0.2062500000000001 0.4828125 0.22031250000000008 0.5015625 0.22031250000000008
0 0.55625 0.21250000000000008 0.5203125 0.21250000000000008 0.5203125 0.2218750000000001 0.55625 0.2218750000000001
0 0.7203125 0.2093750000000001 0.584375 0.2093750000000001 0.584375 0.2234375000000001 0.7203125 0.2234375000000001
0 0.734375 0.2218750000000001 0.725 0.2218750000000001 0.725 0.2328125000000001 0.734375 0.2328125000000001
0 0.7796875 0.2093750000000001 0.74375 0.2093750000000001 0.74375 0.2234375000000001 0.7796875 0.2234375000000001
0 0.81875 0.2093750000000001 0.796875 0.2093750000000001 0.796875 0.2250000000000001 0.81875 0.2250000000000001
0 0.2078125 0.259375 0.14687500000000003 0.259375 0.14687500000000003 0.2796875 0.2078125 0.2796875
0 0.25625 0.2609375 0.21875 0.2609375 0.21875 0.2703125 0.25625 0.2703125
0 0.38125 0.25781250000000006 0.2765625 0.2578125 0.2765625 0.27187500000000003 0.38125 0.2718750000000001
0 0.3890625 0.27031250000000007 0.3859375 0.27031250000000007 0.3859375 0.2718750000000001 0.3890625 0.2718750000000001
0 0.409375 0.2593750000000001 0.4046875 0.2593750000000001 0.4046875 0.2718750000000001 0.409375 0.2718750000000001
0 0.459375 0.2578125000000001 0.4234375 0.2578125000000001 0.4234375 0.2750000000000001 0.459375 0.2750000000000001
0 0.5140625 0.2593750000000001 0.475 0.2593750000000001 0.475 0.2718750000000001 0.5140625 0.2718750000000001
0 0.5359375 0.2578125000000001 0.53125 0.2578125000000001 0.53125 0.2718750000000001 0.5359375 0.2718750000000001
0 0.61875 0.2593750000000001 0.559375 0.2593750000000001 0.559375 0.2718750000000001 0.61875 0.2718750000000001
0 0.709375 0.2578125000000001 0.640625 0.2578125000000001 0.640625 0.2843750000000001 0.709375 0.2843750000000001
0 0.778125 0.2609375000000001 0.7234375 0.2609375000000001 0.7234375 0.2734375000000001 0.778125 0.2734375000000001
0 0.8234375 0.2578125000000001 0.7875 0.2578125000000001 0.7875 0.2734375000000001 0.8234375 0.2734375000000001
0 0.203125 0.309375 0.14531250000000004 0.309375 0.14531250000000004 0.325 0.203125 0.325
0 0.3234375 0.309375 0.221875 0.309375 0.221875 0.334375 0.3234375 0.334375
0 0.378125 0.31093750000000003 0.3421875 0.3109375 0.3421875 0.32343750000000004 0.378125 0.3234375000000001
0 0.4984375 0.3109375000000001 0.39375 0.3109375000000001 0.39375 0.3234375000000001 0.4984375 0.3234375000000001
0 0.5734375 0.30937500000000007 0.5203125 0.30937500000000007 0.5203125 0.3218750000000001 0.5734375 0.3218750000000001
0 0.6640625 0.30937500000000007 0.59375 0.30937500000000007 0.59375 0.3343750000000001 0.6640625 0.3343750000000001
0 0.7609375 0.3109375000000001 0.684375 0.3109375000000001 0.684375 0.32500000000000007 0.7609375 0.32500000000000007
0 0.865625 0.30937500000000007 0.775 0.30937500000000007 0.775 0.3265625000000001 0.865625 0.3265625000000001
0 0.16562500000000005 0.3625 0.14531250000000004 0.3625 0.14531250000000004 0.371875 0.16562500000000005 0.371875
0 0.18906250000000005 0.35625 0.18437500000000004 0.35625 0.18437500000000004 0.3703125 0.18906250000000005 0.3703125
0 0.24531250000000004 0.3625 0.20625 0.3625 0.20625000000000004 0.371875 0.2453125000000001 0.371875
0 0.403125 0.35781250000000003 0.265625 0.3578125 0.26562500000000006 0.37343750000000003 0.403125 0.3734375000000001
0 0.4421875 0.3593750000000001 0.41875 0.3593750000000001 0.41875 0.3734375000000001 0.4421875 0.3734375000000001
0 0.5640625 0.3593750000000001 0.459375 0.3593750000000001 0.459375 0.3734375000000001 0.5640625 0.3734375000000001
0 0.5859375 0.3578125000000001 0.58125 0.3578125000000001 0.58125 0.3734375000000001 0.5859375 0.3734375000000001
0 0.640625 0.3609375000000001 0.6015625 0.3609375000000001 0.6015625 0.3734375000000001 0.640625 0.3734375000000001
0 0.7078125 0.3593750000000001 0.65625 0.3593750000000001 0.65625 0.3812500000000001 0.7078125 0.3812500000000001
0 0.7390625 0.36406250000000007 0.71875 0.36406250000000007 0.71875 0.3750000000000001 0.7390625 0.3750000000000001
0 0.775 0.3609375000000001 0.740625 0.3609375000000001 0.740625 0.3750000000000001 0.775 0.3750000000000001
0 0.8125 0.36406250000000007 0.790625 0.36406250000000007 0.790625 0.3750000000000001 0.8125 0.3750000000000001
0 0.834375 0.3593750000000001 0.83125 0.3593750000000001 0.83125 0.3734375000000001 0.834375 0.3734375000000001
0 0.2609375000000001 0.409375 0.14531250000000004 0.409375 0.14531250000000004 0.4234375 0.2609375000000001 0.4234375
0 0.34843750000000007 0.409375 0.2828125000000001 0.409375 0.2828125000000001 0.4234375 0.34843750000000007 0.4234375
0 0.3937500000000001 0.409375 0.3703125000000001 0.409375 0.3703125000000001 0.43125 0.3937500000000001 0.43125
0 0.434375 0.409375 0.40625 0.409375 0.40625 0.4234375 0.434375 0.4234375
0 0.496875 0.409375 0.453125 0.409375 0.453125 0.4359375 0.496875 0.4359375
0 0.5546875 0.4140625 0.515625 0.4140625 0.515625 0.4234375 0.5546875 0.4234375
0 0.590625 0.409375 0.571875 0.409375 0.571875 0.4234375 0.590625 0.4234375
0 0.68125 0.4109375 0.603125 0.4109375 0.603125 0.43125 0.68125 0.43125
0 0.7234375 0.4109375 0.7046875 0.4109375 0.7046875 0.425 0.7234375 0.425
0 0.7671875 0.4109375000000002 0.734375 0.4109375000000002 0.734375 0.42500000000000016 0.7671875 0.42500000000000016
0 0.8625 0.4125000000000002 0.7796875 0.4125000000000002 0.7796875 0.4343750000000002 0.8625 0.4343750000000002
0 0.8703125 0.4234375000000002 0.86875 0.4234375000000002 0.86875 0.42500000000000016 0.8703125 0.42500000000000016
0 0.19062500000000004 0.45625 0.15000000000000005 0.45625 0.15000000000000005 0.4734375 0.19062500000000004 0.4734375
0 0.21875000000000008 0.459375 0.21250000000000008 0.459375 0.21250000000000008 0.4734375 0.21875000000000008 0.4734375
0 0.3281250000000001 0.4625 0.24218750000000008 0.4625 0.24218750000000008 0.48125 0.3281250000000001 0.48125
0 0.3656250000000001 0.4578125 0.3375000000000001 0.4578125 0.3375000000000001 0.4734375 0.3656250000000001 0.4734375
0 0.409375 0.4578125 0.3781250000000001 0.4578125 0.3781250000000001 0.4828125 0.409375 0.4828125
0 0.4609375 0.459375 0.4265625 0.459375 0.4265625 0.4734375 0.4609375 0.4734375
0 0.5234375 0.4640625 0.465625 0.4640625 0.465625 0.4734375 0.5234375 0.4734375
0 0.5296875 0.4734375 0.5265625 0.4734375 0.5265625 0.475 0.5296875 0.475
0 0.571875 0.4578125 0.5390625 0.4578125 0.5390625 0.475 0.571875 0.475
0 0.6265625 0.459375 0.5859375 0.459375 0.5859375 0.4734375 0.6265625 0.4734375
0 0.6859375 0.4609375 0.6421875 0.4609375 0.6421875 0.4875 0.6859375 0.4875
0 0.715625 0.465625 0.703125 0.465625 0.703125 0.475 0.715625 0.475
0 0.7671875 0.46093750000000017 0.728125 0.46093750000000017 0.728125 0.4812500000000002 0.7671875 0.4812500000000002
0 0.8546875 0.4593750000000002 0.7875 0.4593750000000002 0.7875 0.4750000000000002 0.8546875 0.4750000000000002
0 0.865625 0.47187500000000016 0.8578125 0.47187500000000016 0.8578125 0.4859375000000002 0.865625 0.4859375000000002
0 0.19687500000000005 0.5078125 0.15156250000000004 0.5078125 0.15156250000000004 0.5234375 0.19687500000000005 0.5234375
0 0.3000000000000001 0.5078125 0.2156250000000001 0.5078125 0.2156250000000001 0.5234375 0.3000000000000001 0.5234375
0 0.3453125000000001 0.5109375 0.3203125000000001 0.5109375 0.3203125000000001 0.5234375 0.3453125000000001 0.5234375
0 0.425 0.5109375 0.3656250000000001 0.5109375 0.3656250000000001 0.525 0.425 0.525
0 0.4890625 0.5109375 0.44375 0.5109375 0.44375 0.525 0.4890625 0.525
0 0.5609375 0.509375 0.509375 0.509375 0.509375 0.525 0.5609375 0.525
0 0.6125 0.5078125 0.578125 0.5078125 0.578125 0.53125 0.6125 0.53125
0 0.6515625 0.515625 0.6375 0.515625 0.6375 0.525 0.6515625 0.525
0 0.734375 0.5125000000000001 0.6640625 0.5125 0.6640625 0.5250000000000001 0.734375 0.5250000000000001
0 0.8171875 0.5125000000000002 0.759375 0.5125000000000002 0.759375 0.5359375000000002 0.8171875 0.5359375000000002
0 0.2218750000000001 0.559375 0.1515625000000001 0.559375 0.1515625000000001 0.575 0.2218750000000001 0.575
0 0.2296875000000001 0.571875 0.22656250000000008 0.571875 0.22656250000000008 0.5734375 0.2296875000000001 0.5734375