0 0.17812500000000003 0.2046875 0.14375000000000004 0.2046875 0.14375000000000004 0.225 0.17812500000000003 0.225
0 0.2375 0.203125 0.16406250000000006 0.203125 0.16406250000000006 0.2234375 0.2375 0.2234375
0 0.33125 0.20625 0.2484375 0.20625 0.2484375 0.225 0.33125 0.225
0 0.421875 0.20937500000000003 0.3484375 0.209375 0.3484375 0.22343750000000004 0.421875 0.2234375000000001
0 0.5140625 0.2093750000000001 0.4109375 0.2093750000000001 0.4109375 0.2296875000000001 0.5140625 0.2296875000000001
0 0.5078125 0.2218750000000001 0.496875 0.2218750000000001 0.496875 0.2296875000000001 0.5078125 0.2296875000000001
0 0.590625 0.2078125000000001 0.534375 0.2078125000000001 0.534375 0.2234375000000001 0.590625 0.2234375000000001
0 0.646875 0.2093750000000001 0.5890625 0.2093750000000001 0.5890625 0.2234375000000001 0.646875 0.2234375000000001
0 0.6453125 0.2234375000000001 0.6375 0.2234375000000001 0.6375 0.2296875000000001 0.6453125 0.2296875000000001
0 0.6828125 0.20468750000000008 0.6765625 0.20468750000000008 0.6765625 0.2093750000000001 0.6828125 0.2093750000000001
0 0.728125 0.2093750000000001 0.6671875 0.2093750000000001 0.6671875 0.2328125000000001 0.728125 0.2328125000000001
0 0.853125 0.2062500000000001 0.74375 0.2062500000000001 0.74375 0.2328125000000001 0.853125 0.2328125000000001
0 0.86875 0.2078125000000001 0.846875 0.2078125000000001 0.846875 0.2234375000000001 0.86875 0.2234375000000001
0 0.915625 0.2078125000000001 0.8765625 0.2078125000000001 0.8765625 0.2234375000000001 0.915625 0.2234375000000001
0 0.17812500000000003 0.259375 0.14218750000000005 0.259375 0.14218750000000005 0.275 0.17812500000000003 0.275
0 0.2296875 0.2609375 0.19687500000000005 0.2609375 0.19687500000000005 0.2765625 0.2296875 0.2765625
0 0.2875 0.26875 0.2421875 0.26875 0.2421875 0.275 0.2875 0.275
0 0.35 0.2578125 0.309375 0.2578125 0.309375 0.2734375 0.35 0.2734375
0 0.3890625 0.2593750000000001 0.365625 0.2593750000000001 0.365625 0.2718750000000001 0.3890625 0.2718750000000001
0 0.4125 0.2593750000000001 0.3921875 0.2593750000000001 0.3921875 0.2734375000000001 0.4125 0.2734375000000001
0 0.45 0.2593750000000001 0.4296875 0.2593750000000001 0.4296875 0.2734375000000001 0.45 0.2734375000000001
0 0.521875 0.2578125000000001 0.4578125 0.2578125000000001 0.4578125 0.2734375000000001 0.521875 0.2734375000000001
0 0.5859375 0.25468750000000007 0.51875 0.25468750000000007 0.51875 0.2812500000000001 0.5859375 0.2812500000000001
0 0.6640625 0.2562500000000001 0.6078125 0.2562500000000001 0.6078125 0.2750000000000001 0.6640625 0.2750000000000001
0 0.803125 0.2593750000000001 0.6890625 0.2593750000000001 0.6890625 0.2828125000000001 0.803125 0.2828125000000001
0 0.825 0.2671875000000001 0.81875 0.2671875000000001 0.81875 0.2687500000000001 0.825 0.2687500000000001
0 0.8515625 0.25468750000000007 0.84375 0.25468750000000007 0.84375 0.2593750000000001 0.8515625 0.2593750000000001
0 0.8625 0.2531250000000001 0.8546875 0.2531250000000001 0.8546875 0.2593750000000001 0.8625 0.2593750000000001
0 0.878125 0.25468750000000007 0.8546875 0.25468750000000007 0.8546875 0.27031250000000007 0.878125 0.27031250000000007
0 0.9609375 0.2531250000000001 0.878125 0.2531250000000001 0.878125 0.2734375000000001 0.9609375 0.2734375000000001
0 0.2015625 0.309375 0.13750000000000004 0.309375 0.13750000000000004 0.3359375 0.2015625 0.3359375
0 0.26875 0.309375 0.215625 0.309375 0.215625 0.3265625 0.26875 0.3265625
0 0.2671875 0.3234375 0.265625 0.3234375 0.265625 0.325 0.2671875 0.325
0 0.3390625 0.3078125 0.3 0.3078125 0.3 0.3265625 0.3390625 0.3265625
0 0.41875 0.30781250000000004 0.35625 0.3078125 0.35625 0.32500000000000007 0.41875 0.32500000000000007
0 0.5109375 0.3078125000000001 0.4328125 0.3078125000000001 0.4328125 0.3234375000000001 0.5109375 0.3234375000000001
0 0.5765625 0.3062500000000001 0.534375 0.3062500000000001 0.534375 0.3234375000000001 0.5765625 0.3234375000000001
0 0.625 0.3187500000000001 0.5953125 0.3187500000000001 0.5953125 0.3312500000000001 0.625 0.3312500000000001
0 0.7 0.30156250000000007 0.6359375 0.30156250000000007 0.6359375 0.3312500000000001 0.7 0.3312500000000001
0 0.8375 0.3062500000000001 0.7359375 0.3062500000000001 0.7359375 0.32500000000000007 0.8375 0.32500000000000007
0 0.975 0.3078125000000001 0.8609375 0.3078125000000001 0.8609375 0.33281250000000007 0.975 0.33281250000000007
0 0.26562500000000006 0.359375 0.14687500000000003 0.359375 0.14687500000000003 0.3765625 0.2656250000000001 0.3765625
0 0.32500000000000007 0.359375 0.303125 0.359375 0.30312500000000003 0.375 0.32500000000000007 0.375
0 0.4109375 0.35937500000000006 0.34375 0.359375 0.34375000000000006 0.38281250000000006 0.4109375 0.3828125000000001
0 0.5609375 0.3578125000000001 0.4359375 0.3578125000000001 0.4359375 0.3843750000000001 0.5609375 0.3843750000000001
0 0.596875 0.3609375000000001 0.578125 0.3609375000000001 0.578125 0.3750000000000001 0.596875 0.3750000000000001
0 0.66875 0.3609375000000001 0.625 0.3609375000000001 0.625 0.3750000000000001 0.66875 0.3750000000000001
0 0.825 0.3593750000000001 0.6984375 0.3593750000000001 0.6984375 0.3750000000000001 0.825 0.3750000000000001
0 0.9390625 0.3703125000000001 0.83125 0.3703125000000001 0.83125 0.3828125000000001 0.9390625 0.3828125000000001
0 0.9453125 0.3750000000000001 0.9421875 0.3750000000000001 0.9421875 0.3765625000000001 0.9453125 0.3765625000000001
0 0.16718750000000004 0.409375 0.14218750000000005 0.409375 0.14218750000000005 0.428125 0.16718750000000004 0.428125
0 0.25468750000000007 0.4078125 0.17656250000000004 0.4078125 0.17656250000000004 0.4265625 0.25468750000000007 0.4265625
0 0.3312500000000001 0.4125 0.2687500000000001 0.4125 0.2687500000000001 0.428125 0.3312500000000001 0.428125
0 0.3968750000000001 0.4109375 0.35625000000000007 0.4109375 0.35625000000000007 0.428125 0.3968750000000001 0.428125
0 0.4890625 0.4109375 0.4109375 0.4109375 0.4109375 0.4265625 0.4890625 0.4265625
0 0.5625 0.409375 0.5015625 0.409375 0.5015625 0.4265625 0.5625 0.4265625
0 0.6328125 0.40625 0.584375 0.40625 0.584375 0.4359375 0.6328125 0.4359375
0 0.696875 0.4109375 0.621875 0.4109375 0.621875 0.4390625 0.696875 0.4390625
0 0.746875 0.4203125000000001 0.7234375 0.4203125 0.7234375 0.4250000000000001 0.746875 0.42500000000000016
0 0.8109375 0.4078125000000002 0.76875 0.4078125000000002 0.76875 0.4265625000000002 0.8109375 0.4265625000000002
0 0.89375 0.4109375000000002 0.8328125 0.4109375000000002 0.8328125 0.4234375000000002 0.89375 0.4234375000000002
0 0.9375 0.4109375000000002 0.9015625 0.4109375000000002 0.9015625 0.4265625000000002 0.9375 0.4265625000000002
0 0.2140625000000001 0.459375 0.14687500000000003 0.459375 0.14687500000000003 0.4765625 0.2140625000000001 0.4765625
0 0.21250000000000008 0.4765625 0.21093750000000008 0.4765625 0.21093750000000008 0.478125 0.21250000000000008 0.478125