0 0.16406250000000006 0.1984375 0.15156250000000004 0.1984375 0.15156250000000004 0.2046875 0.16406250000000006 0.2046875
0 0.203125 0.19843750000000002 0.16406250000000006 0.1984375 0.16406250000000006 0.2234375 0.203125 0.2234375
0 0.31875 0.2078125 0.2171875 0.2078125 0.2171875 0.225 0.31875 0.225
0 0.3859375 0.20156250000000003 0.346875 0.2015625 0.346875 0.22187500000000004 0.3859375 0.2218750000000001
0 0.428125 0.2093750000000001 0.4140625 0.2093750000000001 0.4140625 0.22031250000000008 0.428125 0.22031250000000008
0 0.528125 0.20312500000000008 0.45 0.20312500000000008 0.45 0.2234375000000001 0.528125 0.2234375000000001
0 0.6390625 0.2000000000000001 0.5484375 0.2000000000000001 0.5484375 0.2234375000000001 0.6390625 0.2234375000000001
0 0.6625 0.20312500000000008 0.653125 0.20312500000000008 0.653125 0.2093750000000001 0.6625 0.2093750000000001
0 0.6578125 0.2015625000000001 0.65625 0.2015625000000001 0.65625 0.2015625000000001 0.6578125 0.2015625000000001
0 0.771875 0.1984375000000001 0.6875 0.1984375000000001 0.6875 0.2218750000000001 0.771875 0.2218750000000001
0 0.2890625 0.2546875 0.14375000000000004 0.2546875 0.14375000000000004 0.275 0.2890625 0.275
0 0.3 0.275 0.2984375 0.275 0.2984375 0.2765625 0.3 0.2765625
0 0.35 0.2578125 0.3421875 0.2578125 0.3421875 0.2640625 0.35 0.2640625
0 0.390625 0.25625000000000003 0.3625 0.25625 0.3625 0.27343750000000006 0.390625 0.2734375000000001
0 0.5859375 0.25468750000000007 0.4125 0.25468750000000007 0.4125 0.2875000000000001 0.5859375 0.2875000000000001
0 0.68125 0.2515625000000001 0.609375 0.2515625000000001 0.609375 0.2718750000000001 0.68125 0.2718750000000001
0 0.796875 0.2531250000000001 0.7 0.2531250000000001 0.7 0.2750000000000001 0.796875 0.2750000000000001
0 0.8078125 0.27031250000000007 0.80625 0.27031250000000007 0.80625 0.2718750000000001 0.8078125 0.2718750000000001
0 0.9078125 0.2500000000000001 0.8375 0.2500000000000001 0.8375 0.2765625000000001 0.9078125 0.2765625000000001
0 0.240625 0.2984375 0.13906250000000003 0.2984375 0.13906250000000003 0.3359375 0.240625 0.3359375
0 0.2796875 0.303125 0.25625 0.303125 0.25625 0.3234375 0.2796875 0.3234375
0 0.38125 0.31250000000000006 0.303125 0.3125 0.303125 0.3375 0.38125 0.3375000000000001
0 0.5453125 0.3046875000000001 0.409375 0.3046875000000001 0.409375 0.3234375000000001 0.5453125 0.3234375000000001
0 0.5609375 0.31718750000000007 0.5546875 0.31718750000000007 0.5546875 0.3265625000000001 0.5609375 0.3265625000000001
0 0.6421875 0.3125000000000001 0.575 0.3125000000000001 0.575 0.3359375000000001 0.6421875 0.3359375000000001
0 0.78125 0.3062500000000001 0.6796875 0.3062500000000001 0.6796875 0.3234375000000001 0.78125 0.3234375000000001
0 0.8125 0.3046875000000001 0.7859375 0.3046875000000001 0.7859375 0.3218750000000001 0.8125 0.3218750000000001
0 0.853125 0.3062500000000001 0.8421875 0.3062500000000001 0.8421875 0.30937500000000007 0.853125 0.30937500000000007
0 0.86875 0.3062500000000001 0.853125 0.3062500000000001 0.853125 0.3234375000000001 0.86875 0.3234375000000001
0 0.896875 0.3031250000000001 0.871875 0.3031250000000001 0.871875 0.3234375000000001 0.896875 0.3234375000000001
0 0.16718750000000004 0.3578125 0.14531250000000004 0.3578125 0.14531250000000004 0.3765625 0.16718750000000004 0.3765625
0 0.21406250000000004 0.3609375 0.19531250000000006 0.3609375 0.19531250000000006 0.3734375 0.2140625000000001 0.3734375
0 0.3140625 0.359375 0.24375 0.359375 0.24375000000000005 0.390625 0.3140625000000001 0.390625
0 0.39062500000000006 0.35156250000000006 0.34375 0.3515625 0.34375000000000006 0.37343750000000003 0.3906250000000001 0.3734375000000001
0 0.4953125 0.3437500000000001 0.4109375 0.3437500000000001 0.4109375 0.3812500000000001 0.4953125 0.3812500000000001
0 0.5328125 0.3625000000000001 0.51875 0.3625000000000001 0.51875 0.3656250000000001 0.5328125 0.3656250000000001
0 0.625 0.3625000000000001 0.5453125 0.3625000000000001 0.5453125 0.3859375000000001 0.625 0.3859375000000001
0 0.890625 0.3593750000000001 0.6484375 0.3593750000000001 0.6484375 0.3921875000000001 0.890625 0.3921875000000001
0 0.9171875 0.3515625000000001 0.9015625 0.3515625000000001 0.9015625 0.3734375000000001 0.9171875 0.3734375000000001
0 0.9390625 0.3515625000000001 0.9296875 0.3515625000000001 0.9296875 0.3578125000000001 0.9390625 0.3578125000000001
0 0.15312500000000004 0.4125 0.14843750000000006 0.4125 0.14843750000000006 0.415625 0.15312500000000004 0.415625
0 0.22812500000000008 0.4046875 0.16562500000000005 0.4046875 0.16562500000000005 0.4265625 0.22812500000000008 0.4265625
0 0.440625 0.4125 0.25468750000000007 0.4125 0.25468750000000007 0.4359375 0.440625 0.4359375
0 0.5390625 0.4140625 0.4609375 0.4140625 0.4609375 0.4265625 0.5390625 0.4265625
0 0.5890625 0.4171875 0.5671875 0.4171875 0.5671875 0.41875 0.5890625 0.41875
0 0.6078125 0.40625 0.6015625 0.40625 0.6015625 0.4109375 0.6078125 0.4109375
0 0.6578125 0.4078125 0.65 0.4078125 0.65 0.4109375 0.6578125 0.4109375
0 0.7890625 0.40312500000000007 0.6640625 0.403125 0.6640625 0.4234375000000001 0.7890625 0.4234375000000002
0 0.890625 0.4109375000000002 0.815625 0.4109375000000002 0.815625 0.4234375000000002 0.890625 0.4234375000000002
0 0.93125 0.4031250000000002 0.9046875 0.4031250000000002 0.9046875 0.42500000000000016 0.93125 0.42500000000000016
0 0.953125 0.4046875000000002 0.9421875 0.4046875000000002 0.9421875 0.4125000000000002 0.953125 0.4125000000000002
0 0.16093750000000004 0.459375 0.15000000000000005 0.459375 0.15000000000000005 0.465625 0.16093750000000004 0.465625
0 0.2390625000000001 0.4546875 0.17031250000000003 0.4546875 0.17031250000000003 0.478125 0.2390625000000001 0.478125
0 0.4390625 0.4625 0.2609375000000001 0.4625 0.2609375000000001 0.4859375 0.4390625 0.4859375
0 0.540625 0.4625 0.4578125 0.4625 0.4578125 0.475 0.540625 0.475
0 0.6359375 0.4578125 0.5640625 0.4578125 0.5640625 0.4765625 0.6359375 0.4765625
0 0.7671875 0.4562500000000001 0.6734375 0.45625 0.6734375 0.4828125000000001 0.7671875 0.4828125000000002
0 0.8140625 0.4515625000000002 0.790625 0.4515625000000002 0.790625 0.4750000000000002 0.8140625 0.4750000000000002
0 0.9296875 0.4578125000000002 0.8 0.4578125000000002 0.8 0.4890625000000002 0.9296875 0.4890625000000002
0 0.94375 0.47656250000000017 0.925 0.47656250000000017 0.925 0.48750000000000016 0.94375 0.48750000000000016
0 0.27812500000000007 0.5046875 0.14531250000000004 0.5046875 0.14531250000000004 0.534375 0.27812500000000007 0.534375
0 0.2828125000000001 0.5234375 0.2750000000000001 0.5234375 0.2750000000000001 0.5296875 0.2828125000000001 0.5296875
0 0.4296875 0.503125 0.3109375000000001 0.503125 0.3109375000000001 0.528125 0.4296875 0.528125
0 0.4453125 0.5265625 0.4234375 0.5265625 0.4234375 0.5375 0.4453125 0.5375
0 0.7609375 0.5062500000000001 0.4640625 0.50625 0.4640625 0.5281250000000001 0.7609375 0.5281250000000002
0 0.79375 0.5140625000000002 0.78125 0.5140625000000002 0.78125 0.5187500000000002 0.79375 0.5187500000000002
0 0.8796875 0.5062500000000002 0.8078125 0.5062500000000002 0.8078125 0.5265625000000002 0.8796875 0.5265625000000002
0 0.2234375000000001 0.5640625 0.1531250000000001 0.5640625 0.1531250000000001 0.5796875 0.2234375000000001 0.5796875
0 0.37968750000000007 0.5546875 0.2671875000000001 0.5546875 0.2671875000000001 0.5765625 0.37968750000000007 0.5765625
0 0.4609375 0.5546875 0.4078125 0.5546875 0.4078125 0.5765625 0.4609375 0.5765625
0 0.484375 0.5625 0.471875 0.5625 0.471875 0.5640625 0.484375 0.5640625
0 0.5046875 0.5546875 0.4953125 0.5546875 0.4953125 0.559375 0.5046875 0.559375
0 0.5453125 0.55625 0.5375 0.55625 0.5375 0.5609375 0.5453125 0.5609375
0 0.6 0.5546875 0.559375 0.5546875 0.559375 0.5765625 0.6 0.5765625
0 0.7 0.5578125 0.6109375 0.5578125 0.6109375 0.5875 0.7 0.5875
0 0.875 0.5546875000000001 0.7171875 0.5546875 0.7171875 0.5765625000000001 0.875 0.5765625000000002
0 0.17968750000000008 0.6125 0.1515625000000001 0.6125 0.1515625000000001 0.6296875 0.17968750000000008 0.6296875
0 0.3046875000000001 0.603125 0.18906250000000008 0.603125 0.18906250000000008 0.6421875 0.3046875000000001 0.6421875
0 0.36406250000000007 0.60625 0.33281250000000007 0.60625 0.33281250000000007 0.6265625 0.36406250000000007 0.6265625
0 0.409375 0.6125 0.35625000000000007 0.6125 0.35625000000000007 0.6265625 0.409375 0.6265625
0 0.50625 0.6140625 0.4359375 0.6140625 0.4359375 0.6359375 0.50625 0.6359375
0 0.6671875 0.6078125 0.5359375 0.6078125 0.5359375 0.634375 0.6671875 0.634375
0 0.7515625 0.6046875 0.709375 0.6046875 0.709375 0.6250000000000001 0.7515625 0.6250000000000002
0 0.9046875 0.6062500000000002 0.79375 0.6062500000000002 0.79375 0.6281250000000002 0.9046875 0.6281250000000002
0 0.9375 0.6031250000000001 0.91875 0.6031250000000001 0.91875 0.6250000000000002 0.9375 0.6250000000000002
0 0.9703125 0.6015625000000002 0.95 0.6015625000000002 0.95 0.6125000000000002 0.9703125 0.6125000000000002