0 0.13593750000000004 0.1921875 0.12656250000000005 0.1921875 0.12656250000000005 0.2 0.13593750000000004 0.2
0 0.18593750000000003 0.19062500000000002 0.13281250000000006 0.190625 0.13281250000000006 0.2171875 0.18593750000000003 0.2171875
0 0.290625 0.19687500000000005 0.2046875 0.19687500000000005 0.2046875 0.2125 0.290625 0.2125
0 0.3578125 0.2046875 0.303125 0.2046875 0.303125 0.2234375 0.3578125 0.2234375
0 0.425 0.20156250000000003 0.359375 0.2015625 0.359375 0.22500000000000003 0.425 0.2250000000000001
0 0.503125 0.2000000000000001 0.44375 0.2000000000000001 0.44375 0.21250000000000008 0.503125 0.21250000000000008
0 0.6484375 0.2000000000000001 0.528125 0.2000000000000001 0.528125 0.2171875000000001 0.6484375 0.2171875000000001
0 0.6921875 0.2000000000000001 0.665625 0.2000000000000001 0.665625 0.2140625000000001 0.6921875 0.2140625000000001
0 0.7828125 0.2015625000000001 0.7140625 0.2015625000000001 0.7140625 0.2171875000000001 0.7828125 0.2171875000000001
0 0.8515625 0.2015625000000001 0.8 0.2015625000000001 0.8 0.21250000000000008 0.8515625 0.21250000000000008
0 0.890625 0.2015625000000001 0.871875 0.2015625000000001 0.871875 0.2156250000000001 0.890625 0.2156250000000001
0 0.915625 0.19843750000000013 0.9078125 0.19843750000000013 0.9078125 0.20468750000000008 0.915625 0.20468750000000008
0 0.11718750000000004 0.2421875 0.10937500000000004 0.2421875 0.10937500000000004 0.2484375 0.11718750000000004 0.2484375
0 0.19062500000000004 0.2421875 0.13125000000000003 0.2421875 0.13125000000000003 0.2578125 0.19062500000000004 0.2578125
0 0.2453125 0.2421875 0.20625 0.2421875 0.20625 0.253125 0.2453125 0.253125
0 0.3796875 0.24375000000000005 0.2859375 0.24375 0.2859375 0.26250000000000007 0.3796875 0.26250000000000007
0 0.46875 0.2453125000000001 0.4078125 0.2453125000000001 0.4078125 0.2578125000000001 0.46875 0.2578125000000001
0 0.540625 0.2468750000000001 0.49375 0.2468750000000001 0.49375 0.2562500000000001 0.540625 0.2562500000000001
0 0.6140625 0.24375000000000008 0.56875 0.24375000000000008 0.56875 0.2593750000000001 0.6140625 0.2593750000000001
0 0.6265625 0.2578125000000001 0.6171875 0.2578125000000001 0.6171875 0.26250000000000007 0.6265625 0.26250000000000007
0 0.6640625 0.24218750000000008 0.653125 0.24218750000000008 0.653125 0.2515625000000001 0.6640625 0.2515625000000001
0 0.7609375 0.24218750000000008 0.690625 0.24218750000000008 0.690625 0.2578125000000001 0.7609375 0.2578125000000001
0 0.8921875 0.2468750000000001 0.7796875 0.2468750000000001 0.7796875 0.2578125000000001 0.8921875 0.2578125000000001
0 0.9046875 0.2609375000000001 0.896875 0.2609375000000001 0.896875 0.2671875000000001 0.9046875 0.2671875000000001
0 0.11250000000000004 0.2796875 0.10468750000000004 0.2796875 0.10468750000000004 0.2859375 0.11250000000000004 0.2859375
0 0.19218750000000004 0.284375 0.12031250000000004 0.284375 0.12031250000000004 0.296875 0.19218750000000004 0.296875
0 0.2671875 0.2796875 0.2125 0.2796875 0.2125 0.2953125 0.2671875 0.2953125
0 0.321875 0.278125 0.2953125 0.278125 0.2953125 0.290625 0.321875 0.290625
0 0.3703125 0.27812500000000007 0.3421875 0.278125 0.3421875 0.290625 0.3703125 0.2906250000000001
0 0.3734375 0.29375000000000007 0.3703125 0.29375000000000007 0.3703125 0.2953125000000001 0.3734375 0.2953125000000001
0 0.4890625 0.2796875000000001 0.421875 0.2796875000000001 0.421875 0.2984375000000001 0.4890625 0.2984375000000001
0 0.5875 0.2828125000000001 0.5171875 0.2828125000000001 0.5171875 0.2953125000000001 0.5875 0.2953125000000001
0 0.634375 0.2828125000000001 0.6125 0.2828125000000001 0.6125 0.2953125000000001 0.634375 0.2953125000000001
0 0.7484375 0.2812500000000001 0.65 0.2812500000000001 0.65 0.29375000000000007 0.7484375 0.29375000000000007
0 0.84375 0.2828125000000001 0.775 0.2828125000000001 0.775 0.29375000000000007 0.84375 0.29375000000000007
0 0.915625 0.2875000000000001 0.8625 0.2875000000000001 0.8625 0.2968750000000001 0.915625 0.2968750000000001
0 0.928125 0.28593750000000007 0.9109375 0.28593750000000007 0.9109375 0.2968750000000001 0.928125 0.2968750000000001
0 0.9671875 0.2890625000000001 0.953125 0.2890625000000001 0.953125 0.2968750000000001 0.9671875 0.2968750000000001
0 0.15937500000000004 0.3265625 0.11718750000000004 0.3265625 0.11718750000000004 0.3421875 0.15937500000000004 0.3421875
0 0.278125 0.325 0.19375000000000003 0.325 0.19375000000000003 0.3390625 0.278125 0.3390625
0 0.4328125 0.32500000000000007 0.315625 0.325 0.315625 0.33906250000000004 0.4328125 0.3390625000000001
0 0.6109375 0.32500000000000007 0.4578125 0.32500000000000007 0.4578125 0.3375000000000001 0.6109375 0.3375000000000001
0 0.659375 0.3218750000000001 0.634375 0.3218750000000001 0.634375 0.3375000000000001 0.659375 0.3375000000000001
0 0.734375 0.3234375000000001 0.690625 0.3234375000000001 0.690625 0.3359375000000001 0.734375 0.3359375000000001
0 0.8890625 0.3187500000000001 0.75625 0.3187500000000001 0.75625 0.3390625000000001 0.8890625 0.3390625000000001
0 0.17343750000000005 0.3625 0.11562500000000005 0.3625 0.11562500000000005 0.3796875 0.17343750000000005 0.3796875
0 0.18125000000000005 0.38125 0.17187500000000006 0.38125 0.17187500000000006 0.3875 0.18125000000000005 0.3875
0 0.23437500000000008 0.365625 0.2218750000000001 0.365625 0.2218750000000001 0.3734375 0.23437500000000008 0.3734375
0 0.3203125000000001 0.3671875 0.2640625000000001 0.3671875 0.2640625000000001 0.38125 0.3203125000000001 0.38125
0 0.4 0.36562500000000003 0.3500000000000001 0.365625 0.3500000000000001 0.3765625 0.4 0.3765625000000001
0 0.5109375 0.3625000000000001 0.421875 0.3625000000000001 0.421875 0.3812500000000001 0.5109375 0.3812500000000001
0 0.56875 0.3609375000000001 0.5421875 0.3609375000000001 0.5421875 0.3750000000000001 0.56875 0.3750000000000001
0 0.66875 0.3593750000000001 0.6 0.3593750000000001 0.6 0.3828125000000001 0.66875 0.3828125000000001
0 0.778125 0.3593750000000001 0.7078125 0.3593750000000001 0.7078125 0.3703125000000001 0.778125 0.3703125000000001
0 0.8296875 0.3593750000000001 0.80625 0.3593750000000001 0.80625 0.3703125000000001 0.8296875 0.3703125000000001
0 0.3000000000000001 0.40625 0.12500000000000006 0.40625 0.12500000000000006 0.428125 0.3000000000000001 0.428125
0 0.3359375000000001 0.409375 0.30156250000000007 0.409375 0.30156250000000007 0.421875 0.3359375000000001 0.421875
0 0.403125 0.4046875 0.37968750000000007 0.4046875 0.37968750000000007 0.41875 0.403125 0.41875
0 0.434375 0.4078125 0.4 0.4078125 0.4 0.41875 0.434375 0.41875
0 0.596875 0.40625 0.4578125 0.40625 0.4578125 0.41875 0.596875 0.41875
0 0.7046875 0.40625 0.615625 0.40625 0.615625 0.41875 0.7046875 0.41875
0 0.7734375 0.4078125000000001 0.7234375 0.4078125 0.7234375 0.4171875000000001 0.7734375 0.41718750000000016
0 0.8578125 0.40937500000000016 0.7921875 0.40937500000000016 0.7921875 0.42187500000000017 0.8578125 0.42187500000000017
0 0.8609375 0.4187500000000002 0.8515625 0.4187500000000002 0.8515625 0.4265625000000002 0.8609375 0.4265625000000002
0 0.19687500000000005 0.4578125 0.13125000000000003 0.4578125 0.13125000000000003 0.46875 0.19687500000000005 0.46875
0 0.27812500000000007 0.4578125 0.22031250000000008 0.4578125 0.22031250000000008 0.46875 0.27812500000000007 0.46875
0 0.37968750000000007 0.459375 0.3062500000000001 0.459375 0.3062500000000001 0.46875 0.37968750000000007 0.46875
0 0.3578125000000001 0.4578125 0.3531250000000001 0.4578125 0.3531250000000001 0.4609375 0.3578125000000001 0.4609375