0 0.16250000000000003 0.1984375 0.13593750000000004 0.1984375 0.13593750000000004 0.2203125 0.16250000000000003 0.2203125
0 0.17812500000000003 0.2015625 0.16562500000000005 0.2015625 0.16562500000000005 0.21875 0.17812500000000003 0.21875
0 0.18437500000000004 0.215625 0.17968750000000006 0.215625 0.17968750000000006 0.2234375 0.18437500000000004 0.2234375
0 0.19531250000000006 0.2 0.18750000000000006 0.2 0.18750000000000006 0.20625 0.19531250000000006 0.20625
0 0.2375 0.2 0.2 0.2 0.2 0.2203125 0.2375 0.2203125
0 0.2921875 0.2015625 0.246875 0.2015625 0.246875 0.2203125 0.2921875 0.2203125
0 0.36875 0.20156250000000003 0.3046875 0.2015625 0.3046875 0.22656250000000006 0.36875 0.22656250000000008
0 0.3796875 0.2171875000000001 0.371875 0.2171875000000001 0.371875 0.22656250000000008 0.3796875 0.22656250000000008
0 0.44375 0.2062500000000001 0.3796875 0.2062500000000001 0.3796875 0.2250000000000001 0.44375 0.2250000000000001
0 0.4890625 0.2062500000000001 0.45 0.2062500000000001 0.45 0.2218750000000001 0.4890625 0.2218750000000001
0 0.5109375 0.21250000000000008 0.4953125 0.21250000000000008 0.4953125 0.2218750000000001 0.5109375 0.2218750000000001
0 0.5640625 0.20312500000000008 0.5171875 0.20312500000000008 0.5171875 0.2234375000000001 0.5640625 0.2234375000000001
0 0.6171875 0.20312500000000008 0.5703125 0.20312500000000008 0.5703125 0.2218750000000001 0.6171875 0.2218750000000001
0 0.659375 0.1984375000000001 0.6234375 0.1984375000000001 0.6234375 0.22031250000000008 0.659375 0.22031250000000008
0 0.6984375 0.2015625000000001 0.665625 0.2015625000000001 0.665625 0.22031250000000008 0.6984375 0.22031250000000008
0 0.7828125 0.2015625000000001 0.7046875 0.2015625000000001 0.7046875 0.22812500000000008 0.7828125 0.22812500000000008
0 0.909375 0.1984375000000001 0.790625 0.1984375000000001 0.790625 0.2234375000000001 0.909375 0.2234375000000001
0 0.9171875 0.2140625000000001 0.9109375 0.2140625000000001 0.9109375 0.22656250000000008 0.9171875 0.22656250000000008
0 0.14531250000000004 0.2546875 0.13125000000000003 0.2546875 0.13125000000000003 0.2703125 0.14531250000000004 0.2703125
0 0.16250000000000003 0.25 0.15312500000000004 0.25 0.15312500000000004 0.2703125 0.16250000000000003 0.2703125
0 0.19687500000000005 0.2515625 0.17656250000000004 0.2515625 0.17656250000000004 0.26875 0.19687500000000005 0.26875
0 0.29375 0.2515625 0.215625 0.2515625 0.215625 0.2734375 0.29375 0.2734375
0 0.3359375 0.2546875 0.309375 0.2546875 0.309375 0.2703125 0.3359375 0.2703125
0 0.4125 0.26093750000000004 0.3453125 0.2609375 0.3453125 0.27343750000000006 0.4125 0.2734375000000001
0 0.4796875 0.2593750000000001 0.421875 0.2593750000000001 0.421875 0.2718750000000001 0.4796875 0.2718750000000001
0 0.559375 0.2578125000000001 0.4890625 0.2578125000000001 0.4890625 0.2796875000000001 0.559375 0.2796875000000001
0 0.6640625 0.2500000000000001 0.56875 0.2500000000000001 0.56875 0.2796875000000001 0.6640625 0.2796875000000001
0 0.6703125 0.2687500000000001 0.665625 0.2687500000000001 0.665625 0.2750000000000001 0.6703125 0.2750000000000001
0 0.709375 0.2500000000000001 0.678125 0.2500000000000001 0.678125 0.2718750000000001 0.709375 0.2718750000000001
0 0.7546875 0.2609375000000001 0.7140625 0.2609375000000001 0.7140625 0.2750000000000001 0.7546875 0.2750000000000001
0 0.821875 0.2515625000000001 0.7609375 0.2515625000000001 0.7609375 0.2718750000000001 0.821875 0.2718750000000001
0 0.8421875 0.2531250000000001 0.8296875 0.2531250000000001 0.8296875 0.2687500000000001 0.8421875 0.2687500000000001
0 0.9140625 0.2484375000000001 0.8484375 0.2484375000000001 0.8484375 0.27031250000000007 0.9140625 0.27031250000000007
0 0.17187500000000006 0.3015625 0.13125000000000003 0.3015625 0.13125000000000003 0.325 0.17187500000000006 0.325
0 0.2390625 0.3125 0.18281250000000004 0.3125 0.18281250000000004 0.325 0.2390625 0.325
0 0.3 0.303125 0.2421875 0.303125 0.2421875 0.328125 0.3 0.328125
0 0.3234375 0.3015625 0.309375 0.3015625 0.309375 0.3203125 0.3234375 0.3203125
0 0.378125 0.2984375 0.33125 0.2984375 0.33125 0.32343750000000004 0.378125 0.3234375000000001
0 0.4640625 0.3031250000000001 0.390625 0.3031250000000001 0.390625 0.3218750000000001 0.4640625 0.3218750000000001
0 0.5125 0.3031250000000001 0.475 0.3031250000000001 0.475 0.3218750000000001 0.5125 0.3218750000000001
0 0.5546875 0.3031250000000001 0.5140625 0.3031250000000001 0.5140625 0.32500000000000007 0.5546875 0.32500000000000007
0 0.6171875 0.3000000000000001 0.5640625 0.3000000000000001 0.5640625 0.3218750000000001 0.6171875 0.3218750000000001
0 0.684375 0.3109375000000001 0.625 0.3109375000000001 0.625 0.3234375000000001 0.684375 0.3234375000000001
0 0.70625 0.3031250000000001 0.6890625 0.3031250000000001 0.6890625 0.3218750000000001 0.70625 0.3218750000000001
0 0.7859375 0.3000000000000001 0.709375 0.3000000000000001 0.709375 0.3218750000000001 0.7859375 0.3218750000000001
0 0.8390625 0.2984375000000001 0.79375 0.2984375000000001 0.79375 0.3234375000000001 0.8390625 0.3234375000000001
0 0.846875 0.3187500000000001 0.8421875 0.3187500000000001 0.8421875 0.3218750000000001 0.846875 0.3218750000000001
0 0.8625 0.3000000000000001 0.853125 0.3000000000000001 0.853125 0.30937500000000007 0.8625 0.30937500000000007
0 0.959375 0.2984375000000001 0.853125 0.2984375000000001 0.853125 0.3203125000000001 0.959375 0.3203125000000001
0 0.15156250000000004 0.3578125 0.12500000000000006 0.3578125 0.12500000000000006 0.371875 0.15156250000000004 0.371875
0 0.24218750000000006 0.3515625 0.16562500000000005 0.3515625 0.16562500000000005 0.3734375 0.24218750000000008 0.3734375
0 0.34062500000000007 0.3484375 0.2484375 0.3484375 0.24843750000000003 0.3734375 0.34062500000000007 0.3734375
0 0.39062500000000006 0.35468750000000004 0.3546875 0.3546875 0.35468750000000004 0.37500000000000006 0.3906250000000001 0.3750000000000001
0 0.4546875 0.3546875000000001 0.3984375 0.3546875000000001 0.39843750000000006 0.3734375000000001 0.4546875 0.3734375000000001
0 0.496875 0.3578125000000001 0.4703125 0.3578125000000001 0.4703125 0.3734375000000001 0.496875 0.3734375000000001
0 0.5734375 0.3531250000000001 0.5046875 0.3531250000000001 0.5046875 0.3812500000000001 0.5734375 0.3812500000000001
0 0.615625 0.35625000000000007 0.5859375 0.35625000000000007 0.5859375 0.3750000000000001 0.615625 0.3750000000000001
0 0.665625 0.35625000000000007 0.6203125 0.35625000000000007 0.6203125 0.3750000000000001 0.665625 0.3750000000000001
0 0.6703125 0.3734375000000001 0.665625 0.3734375000000001 0.665625 0.3781250000000001 0.6703125 0.3781250000000001
0 0.753125 0.3531250000000001 0.675 0.3531250000000001 0.675 0.3734375000000001 0.753125 0.3734375000000001
0 0.8171875 0.3625000000000001 0.7609375 0.3625000000000001 0.7609375 0.3734375000000001 0.8171875 0.3734375000000001
0 0.840625 0.3625000000000001 0.8234375 0.3625000000000001 0.8234375 0.37187500000000007 0.840625 0.37187500000000007
0 0.934375 0.3500000000000001 0.853125 0.3500000000000001 0.853125 0.3734375000000001 0.934375 0.3734375000000001
0 0.17343750000000005 0.4046875 0.12343750000000005 0.4046875 0.12343750000000005 0.4234375 0.17343750000000005 0.4234375
0 0.3187500000000001 0.4046875 0.19218750000000004 0.4046875 0.19218750000000004 0.4234375 0.3187500000000001 0.4234375
0 0.3593750000000001 0.4015625 0.3312500000000001 0.4015625 0.3312500000000001 0.425 0.3593750000000001 0.425
0 0.428125 0.4015625 0.3765625000000001 0.4015625 0.3765625000000001 0.4234375 0.428125 0.4234375
0 0.490625 0.4 0.4375 0.4 0.4375 0.4234375 0.490625 0.4234375
0 0.53125 0.4046875 0.4984375 0.4046875 0.4984375 0.4234375 0.53125 0.4234375
0 0.5921875 0.40625 0.540625 0.40625 0.540625 0.4265625 0.5921875 0.4265625
0 0.6734375 0.4140625 0.6046875 0.4140625 0.6046875 0.4265625 0.6734375 0.4265625
0 0.68125 0.421875 0.678125 0.421875 0.678125 0.4234375 0.68125 0.4234375
0 0.775 0.4078125000000001 0.690625 0.4078125 0.690625 0.4250000000000001 0.775 0.42500000000000016
0 0.8484375 0.4078125000000002 0.7796875 0.4078125000000002 0.7796875 0.4265625000000002 0.8484375 0.4265625000000002
0 0.9125 0.4000000000000002 0.8578125 0.4000000000000002 0.8578125 0.4234375000000002 0.9125 0.4234375000000002
0 0.22656250000000008 0.453125 0.12187500000000004 0.453125 0.12187500000000004 0.475 0.22656250000000008 0.475
0 0.2656250000000001 0.4546875 0.2375000000000001 0.4546875 0.2375000000000001 0.471875 0.2656250000000001 0.471875
0 0.3062500000000001 0.459375 0.2687500000000001 0.459375 0.2687500000000001 0.4765625 0.3062500000000001 0.4765625
0 0.3671875000000001 0.45625 0.3203125000000001 0.45625 0.3203125000000001 0.4796875 0.3671875000000001 0.4796875
0 0.440625 0.453125 0.3859375000000001 0.453125 0.3859375000000001 0.475 0.440625 0.475
0 0.5015625 0.4640625 0.4546875 0.4640625 0.4546875 0.475 0.5015625 0.475
0 0.6265625 0.4515625 0.5171875 0.4515625 0.5171875 0.4859375 0.6265625 0.4859375
0 0.6421875 0.459375 0.6390625 0.459375 0.6390625 0.475 0.6421875 0.475
0 0.725 0.45625 0.65 0.45625 0.65 0.4765625 0.725 0.4765625
0 0.759375 0.4593750000000002 0.734375 0.4593750000000002 0.734375 0.4750000000000002 0.759375 0.4750000000000002
0 0.803125 0.4593750000000002 0.7703125 0.4593750000000002 0.7703125 0.4750000000000002 0.803125 0.4750000000000002
0 0.9109375 0.4500000000000002 0.8109375 0.4500000000000002 0.8109375 0.48437500000000017 0.9109375 0.48437500000000017
0 0.21093750000000008 0.509375 0.13125000000000003 0.509375 0.13125000000000003 0.525 0.21093750000000008 0.525
0 0.21250000000000008 0.521875 0.2093750000000001 0.521875 0.2093750000000001 0.525 0.21250000000000008 0.525