0 0.24375 0.265625 0.15000000000000005 0.265625 0.15000000000000005 0.2890625 0.24375 0.2890625
0 0.2515625 0.2859375 0.246875 0.2859375 0.246875 0.290625 0.2515625 0.290625
0 0.4265625 0.26406250000000003 0.2671875 0.2640625 0.2671875 0.28906250000000006 0.4265625 0.2890625000000001
0 0.48125 0.2640625000000001 0.453125 0.2640625000000001 0.453125 0.29375000000000007 0.48125 0.29375000000000007
0 0.540625 0.2656250000000001 0.503125 0.2656250000000001 0.503125 0.2828125000000001 0.540625 0.2828125000000001
0 0.628125 0.2687500000000001 0.5609375 0.2687500000000001 0.5609375 0.28593750000000007 0.628125 0.28593750000000007
0 0.64375 0.2812500000000001 0.6375 0.2812500000000001 0.6375 0.2875000000000001 0.64375 0.2875000000000001
0 0.728125 0.2640625000000001 0.653125 0.2640625000000001 0.653125 0.2828125000000001 0.728125 0.2828125000000001
0 0.7359375 0.2828125000000001 0.7296875 0.2828125000000001 0.7296875 0.2906250000000001 0.7359375 0.2906250000000001
0 0.78125 0.2734375000000001 0.740625 0.2734375000000001 0.740625 0.2843750000000001 0.78125 0.2843750000000001
0 0.821875 0.2765625000000001 0.7921875 0.2765625000000001 0.7921875 0.2828125000000001 0.821875 0.2828125000000001
0 0.8875 0.2671875000000001 0.84375 0.2671875000000001 0.84375 0.2843750000000001 0.8875 0.2843750000000001
0 0.19375000000000003 0.325 0.15000000000000005 0.325 0.15000000000000005 0.3453125 0.19375000000000003 0.3453125
0 0.253125 0.321875 0.2265625 0.321875 0.2265625 0.3390625 0.253125 0.3390625
0 0.328125 0.3234375 0.2875 0.3234375 0.2875 0.3390625 0.328125 0.3390625
0 0.5578125 0.32031250000000006 0.3578125 0.3203125 0.3578125 0.33906250000000004 0.5578125 0.3390625000000001
0 0.659375 0.3187500000000001 0.59375 0.3187500000000001 0.59375 0.3421875000000001 0.659375 0.3421875000000001
0 0.68125 0.3281250000000001 0.6703125 0.3281250000000001 0.6703125 0.3359375000000001 0.68125 0.3359375000000001
0 0.7890625 0.31718750000000007 0.684375 0.31718750000000007 0.684375 0.3390625000000001 0.7890625 0.3390625000000001
0 0.8203125 0.3187500000000001 0.8 0.3187500000000001 0.8 0.3343750000000001 0.8203125 0.3343750000000001
0 0.878125 0.32500000000000007 0.8375 0.32500000000000007 0.8375 0.3421875000000001 0.878125 0.3421875000000001
0 0.16562500000000005 0.3734375 0.15000000000000005 0.3734375 0.15000000000000005 0.3828125 0.16562500000000005 0.3828125
0 0.3296875000000001 0.36875 0.18906250000000005 0.36875 0.18906250000000005 0.3984375 0.3296875000000001 0.3984375
0 0.409375 0.36875 0.3546875000000001 0.36875 0.3546875000000001 0.384375 0.409375 0.3843750000000001
0 0.4671875 0.3750000000000001 0.440625 0.3750000000000001 0.440625 0.3843750000000001 0.4671875 0.3843750000000001
0 0.5453125 0.3687500000000001 0.503125 0.3687500000000001 0.503125 0.3843750000000001 0.5453125 0.3843750000000001
0 0.65625 0.3671875000000001 0.5625 0.3671875000000001 0.5625 0.3937500000000001 0.65625 0.3937500000000001
0 0.6828125 0.3781250000000001 0.6703125 0.3781250000000001 0.6703125 0.3859375000000001 0.6828125 0.3859375000000001
0 0.7875 0.3671875000000001 0.6859375 0.3671875000000001 0.6859375 0.3937500000000001 0.7875 0.3937500000000001
0 0.825 0.3687500000000001 0.803125 0.3687500000000001 0.803125 0.3859375000000001 0.825 0.3859375000000001
0 0.8953125 0.3781250000000001 0.84375 0.3781250000000001 0.84375 0.3890625000000001 0.8953125 0.3890625000000001
0 0.2312500000000001 0.4265625 0.14843750000000006 0.4265625 0.14843750000000006 0.44375 0.2312500000000001 0.44375
0 0.3125000000000001 0.41875 0.2593750000000001 0.41875 0.2593750000000001 0.4375 0.3125000000000001 0.4375
0 0.38750000000000007 0.4203125 0.3312500000000001 0.4203125 0.3312500000000001 0.4375 0.38750000000000007 0.4375
0 0.5421875 0.41875 0.4234375 0.41875 0.4234375 0.446875 0.5421875 0.446875
0 0.653125 0.41875 0.5734375 0.41875 0.5734375 0.44375 0.653125 0.44375
0 0.690625 0.4203125 0.6703125 0.4203125 0.6703125 0.434375 0.690625 0.434375
0 0.771875 0.4203125000000001 0.7078125 0.4203125 0.7078125 0.4359375000000001 0.771875 0.4359375000000002
0 0.828125 0.4203125000000002 0.790625 0.4203125000000002 0.790625 0.43281250000000016 0.828125 0.43281250000000016
0 0.9421875 0.4187500000000002 0.84375 0.4187500000000002 0.84375 0.4390625000000002 0.9421875 0.4390625000000002
0 0.2156250000000001 0.4640625 0.15000000000000005 0.4640625 0.15000000000000005 0.4859375 0.2156250000000001 0.4859375
0 0.22656250000000008 0.4859375 0.2234375000000001 0.4859375 0.2234375000000001 0.4875 0.22656250000000008 0.4875
0 0.3046875000000001 0.4703125 0.2296875000000001 0.4703125 0.2296875000000001 0.4875 0.3046875000000001 0.4875
0 0.3703125000000001 0.4765625 0.3281250000000001 0.4765625 0.3281250000000001 0.4875 0.3703125000000001 0.4875
0 0.509375 0.471875 0.4046875 0.471875 0.4046875 0.4953125 0.509375 0.4953125
0 0.575 0.4703125 0.534375 0.4703125 0.534375 0.4859375 0.575 0.4859375
0 0.7171875 0.471875 0.596875 0.471875 0.596875 0.4890625 0.7171875 0.4890625
0 0.7796875 0.4734375000000002 0.74375 0.4734375000000002 0.74375 0.48750000000000016 0.7796875 0.48750000000000016
0 0.8859375 0.4734375000000002 0.796875 0.4734375000000002 0.796875 0.4890625000000002 0.8859375 0.4890625000000002
0 0.2531250000000001 0.5171875 0.15781250000000005 0.5171875 0.15781250000000005 0.5390625 0.2531250000000001 0.5390625
0 0.2765625000000001 0.5359375 0.2718750000000001 0.5359375 0.2718750000000001 0.546875 0.2765625000000001 0.546875
0 0.3312500000000001 0.521875 0.2843750000000001 0.521875 0.2843750000000001 0.5421875 0.3312500000000001 0.5421875
0 0.40625 0.5203125 0.36406250000000007 0.5203125 0.36406250000000007 0.5359375 0.40625 0.5359375
0 0.5796875 0.525 0.4484375 0.525 0.4484375 0.546875 0.5796875 0.546875
0 0.6359375 0.51875 0.6046875 0.51875 0.6046875 0.5359375 0.6359375 0.5359375
0 0.80625 0.5234375000000001 0.6609375 0.5234375 0.6609375 0.5468750000000001 0.80625 0.5468750000000002
0 0.890625 0.5187500000000002 0.828125 0.5187500000000002 0.828125 0.5406250000000001 0.890625 0.5406250000000001
0 0.2156250000000001 0.571875 0.15781250000000008 0.571875 0.15781250000000008 0.5875 0.2156250000000001 0.5875
0 0.2875000000000001 0.571875 0.25468750000000007 0.571875 0.25468750000000007 0.5890625 0.2875000000000001 0.5890625
0 0.4625 0.56875 0.3312500000000001 0.56875 0.3312500000000001 0.5890625 0.4625 0.5890625
0 0.521875 0.5765625 0.496875 0.5765625 0.496875 0.590625 0.521875 0.590625
0 0.728125 0.5703125000000001 0.55 0.5703125 0.55 0.5921875000000001 0.728125 0.5921875000000002
0 0.8296875 0.5703125000000002 0.7625 0.5703125000000002 0.7625 0.5906250000000002 0.8296875 0.5906250000000002
0 0.8984375 0.5718750000000001 0.8578125 0.5718750000000001 0.8578125 0.5890625000000002 0.8984375 0.5890625000000002
0 0.25468750000000007 0.6203125 0.1515625000000001 0.6203125 0.1515625000000001 0.65 0.25468750000000007 0.65
0 0.3593750000000001 0.621875 0.2921875000000001 0.621875 0.2921875000000001 0.653125 0.3593750000000001 0.653125
0 0.3687500000000001 0.6375 0.3656250000000001 0.6375 0.3656250000000001 0.6390625 0.3687500000000001 0.6390625
0 0.4921875 0.61875 0.3734375000000001 0.61875 0.3734375000000001 0.640625 0.4921875 0.640625
0 0.5890625 0.6296875 0.5328125 0.6296875 0.5328125 0.640625 0.5890625 0.640625
0 0.6578125 0.63125 0.621875 0.63125 0.621875 0.6375 0.6578125 0.6375
0 0.690625 0.628125 0.6625 0.628125 0.6625 0.6390625 0.690625 0.6390625
0 0.8296875 0.6203125 0.725 0.6203125 0.725 0.6421875000000001 0.8296875 0.6421875000000001
0 0.834375 0.6390625000000002 0.83125 0.6390625000000002 0.83125 0.6406250000000002 0.834375 0.6406250000000002