0 0.19062500000000004 0.2109375 0.14687500000000003 0.2109375 0.14687500000000003 0.2265625 0.19062500000000004 0.2265625
0 0.3421875 0.2125 0.234375 0.2125 0.234375 0.234375 0.3421875 0.234375
0 0.3921875 0.2140625000000001 0.3640625 0.2140625000000001 0.3640625 0.2234375000000001 0.3921875 0.2234375000000001
0 0.4515625 0.21093750000000008 0.40625 0.21093750000000008 0.40625 0.2234375000000001 0.4515625 0.2234375000000001
0 0.5734375 0.21093750000000008 0.4765625 0.21093750000000008 0.4765625 0.2234375000000001 0.5734375 0.2234375000000001
0 0.646875 0.21250000000000008 0.59375 0.21250000000000008 0.59375 0.2234375000000001 0.646875 0.2234375000000001
0 0.75625 0.21093750000000008 0.6625 0.21093750000000008 0.6625 0.2218750000000001 0.75625 0.2218750000000001
0 0.76875 0.21875000000000008 0.765625 0.21875000000000008 0.765625 0.22031250000000008 0.76875 0.22031250000000008
0 0.8296875 0.21093750000000008 0.784375 0.21093750000000008 0.784375 0.2234375000000001 0.8296875 0.2234375000000001
0 0.209375 0.265625 0.14687500000000003 0.265625 0.14687500000000003 0.2765625 0.209375 0.2765625
0 0.2796875 0.2640625 0.2328125 0.2640625 0.2328125 0.2765625 0.2796875 0.2765625
0 0.390625 0.26093750000000004 0.3125 0.2609375 0.3125 0.275 0.390625 0.2750000000000001
0 0.4375 0.26250000000000007 0.41875 0.26250000000000007 0.41875 0.2734375000000001 0.4375 0.2734375000000001
0 0.5515625 0.2640625000000001 0.4625 0.2640625000000001 0.4625 0.2750000000000001 0.5515625 0.2750000000000001
0 0.6828125 0.2609375000000001 0.5796875 0.2609375000000001 0.5796875 0.2734375000000001 0.6828125 0.2734375000000001
0 0.6953125 0.27031250000000007 0.6890625 0.27031250000000007 0.6890625 0.2796875000000001 0.6953125 0.2796875000000001
0 0.821875 0.2593750000000001 0.7140625 0.2593750000000001 0.7140625 0.2718750000000001 0.821875 0.2718750000000001
0 0.18437500000000004 0.3140625 0.15156250000000004 0.3140625 0.15156250000000004 0.3265625 0.18437500000000004 0.3265625
0 0.25625 0.3109375 0.2109375 0.3109375 0.2109375 0.325 0.25625 0.325
0 0.321875 0.3125 0.278125 0.3125 0.278125 0.325 0.321875 0.325
0 0.45 0.31250000000000006 0.3484375 0.3125 0.3484375 0.32656250000000003 0.45 0.3265625000000001
0 0.55625 0.3140625000000001 0.48125 0.3140625000000001 0.48125 0.3375000000000001 0.55625 0.3375000000000001
0 0.6640625 0.3109375000000001 0.584375 0.3109375000000001 0.584375 0.32500000000000007 0.6640625 0.32500000000000007
0 0.728125 0.3109375000000001 0.6859375 0.3109375000000001 0.6859375 0.3234375000000001 0.728125 0.3234375000000001
0 0.8078125 0.3109375000000001 0.74375 0.3109375000000001 0.74375 0.32500000000000007 0.8078125 0.32500000000000007
0 0.8171875 0.3203125000000001 0.815625 0.3203125000000001 0.815625 0.3218750000000001 0.8171875 0.3218750000000001
0 0.17187500000000006 0.3640625 0.15156250000000004 0.3640625 0.15156250000000004 0.3765625 0.17187500000000006 0.3765625
0 0.2250000000000001 0.3671875 0.17968750000000006 0.3671875 0.17968750000000006 0.378125 0.2250000000000001 0.378125
0 0.34687500000000004 0.3625 0.2515625 0.3625 0.2515625 0.3890625 0.3468750000000001 0.3890625
0 0.4875 0.3593750000000001 0.375 0.3593750000000001 0.37500000000000006 0.3765625000000001 0.4875 0.3765625000000001
0 0.4984375 0.37187500000000007 0.4953125 0.37187500000000007 0.4953125 0.37968750000000007 0.4984375 0.37968750000000007
0 0.603125 0.3593750000000001 0.5234375 0.3593750000000001 0.5234375 0.3750000000000001 0.603125 0.3750000000000001
0 0.684375 0.3625000000000001 0.628125 0.3625000000000001 0.628125 0.3765625000000001 0.684375 0.3765625000000001
0 0.778125 0.3609375000000001 0.703125 0.3609375000000001 0.703125 0.3734375000000001 0.778125 0.3734375000000001
0 0.871875 0.3593750000000001 0.7984375 0.3593750000000001 0.7984375 0.3734375000000001 0.871875 0.3734375000000001
0 0.19062500000000004 0.4140625 0.14843750000000006 0.4140625 0.14843750000000006 0.4296875 0.19062500000000004 0.4296875
0 0.3187500000000001 0.4125 0.2234375000000001 0.4125 0.2234375000000001 0.428125 0.3187500000000001 0.428125
0 0.465625 0.4109375 0.3500000000000001 0.4109375 0.3500000000000001 0.4375 0.465625 0.4375
0 0.4859375 0.4234375 0.4828125 0.4234375 0.4828125 0.4296875 0.4859375 0.4296875
0 0.540625 0.4140625 0.4953125 0.4140625 0.4953125 0.4296875 0.540625 0.4296875
0 0.6078125 0.415625 0.5640625 0.415625 0.5640625 0.4265625 0.6078125 0.4265625
0 0.6703125 0.4125 0.6265625 0.4125 0.6265625 0.4265625 0.6703125 0.4265625
0 0.7546875 0.4140625000000001 0.6921875 0.4140625 0.6921875 0.4250000000000001 0.7546875 0.42500000000000016
0 0.853125 0.4109375000000002 0.778125 0.4109375000000002 0.778125 0.43750000000000017 0.853125 0.43750000000000017
0 0.16093750000000004 0.46875 0.14687500000000003 0.46875 0.14687500000000003 0.4796875 0.16093750000000004 0.4796875
0 0.2468750000000001 0.4640625 0.17968750000000006 0.4640625 0.17968750000000006 0.478125 0.2468750000000001 0.478125
0 0.3703125000000001 0.4671875 0.2765625000000001 0.4671875 0.2765625000000001 0.4859375 0.3703125000000001 0.4859375
0 0.40625 0.4671875 0.3812500000000001 0.4671875 0.3812500000000001 0.484375 0.40625 0.484375
0 0.65625 0.4640625 0.41875 0.4640625 0.41875 0.4796875 0.65625 0.4796875
0 0.7328125 0.4671875000000001 0.66875 0.4671875 0.66875 0.4781250000000001 0.7328125 0.4781250000000002
0 0.74375 0.47968750000000016 0.7390625 0.47968750000000016 0.7390625 0.4859375000000002 0.74375 0.4859375000000002
0 0.7703125 0.4703125000000002 0.7546875 0.4703125000000002 0.7546875 0.47968750000000016 0.7703125 0.47968750000000016
0 0.88125 0.46406250000000016 0.784375 0.46406250000000016 0.784375 0.48437500000000017 0.88125 0.48437500000000017
0 0.25468750000000007 0.5140625 0.15156250000000004 0.5140625 0.15156250000000004 0.5328125 0.25468750000000007 0.5328125
0 0.3156250000000001 0.5171875 0.2890625000000001 0.5171875 0.2890625000000001 0.5359375 0.3156250000000001 0.5359375
0 0.4171875 0.5109375 0.3375000000000001 0.5109375 0.3375000000000001 0.528125 0.4171875 0.528125
0 0.5265625 0.5125 0.4453125 0.5125 0.4453125 0.5296875 0.5265625 0.5296875
0 0.6671875 0.515625 0.5484375 0.515625 0.5484375 0.5359375 0.6671875 0.5359375
0 0.678125 0.525 0.675 0.525 0.675 0.528125 0.678125 0.528125