0 0.2375 0.20625 0.14375000000000004 0.20625 0.14375000000000004 0.2234375 0.2375 0.2234375
0 0.3984375 0.20468750000000005 0.2625 0.2046875 0.2625 0.23593750000000005 0.3984375 0.23593750000000008
0 0.4515625 0.21093750000000008 0.415625 0.21093750000000008 0.415625 0.2234375000000001 0.4515625 0.2234375000000001
0 0.534375 0.20468750000000008 0.4703125 0.20468750000000008 0.4703125 0.2250000000000001 0.534375 0.2250000000000001
0 0.5375 0.22031250000000008 0.53125 0.22031250000000008 0.53125 0.22656250000000008 0.5375 0.22656250000000008
0 0.615625 0.2078125000000001 0.5609375 0.2078125000000001 0.5609375 0.2218750000000001 0.615625 0.2218750000000001
0 0.909375 0.20468750000000008 0.6359375 0.20468750000000008 0.6359375 0.2296875000000001 0.909375 0.2296875000000001
0 0.19062500000000004 0.259375 0.14062500000000006 0.259375 0.14062500000000006 0.275 0.19062500000000004 0.275
0 0.28125 0.2546875 0.19375000000000003 0.2546875 0.19375000000000003 0.2796875 0.28125 0.2796875
0 0.2875 0.2703125 0.2796875 0.2703125 0.2796875 0.278125 0.2875 0.278125
0 0.38125 0.259375 0.3125 0.259375 0.3125 0.275 0.38125 0.2750000000000001
0 0.496875 0.2578125000000001 0.4078125 0.2578125000000001 0.4078125 0.2875000000000001 0.496875 0.2875000000000001
0 0.546875 0.2531250000000001 0.5203125 0.2531250000000001 0.5203125 0.2750000000000001 0.546875 0.2750000000000001
0 0.6515625 0.2578125000000001 0.5734375 0.2578125000000001 0.5734375 0.2734375000000001 0.6515625 0.2734375000000001
0 0.70625 0.2593750000000001 0.678125 0.2593750000000001 0.678125 0.2750000000000001 0.70625 0.2750000000000001
0 0.7734375 0.25468750000000007 0.715625 0.25468750000000007 0.715625 0.2718750000000001 0.7734375 0.2718750000000001
0 0.85625 0.2593750000000001 0.7859375 0.2593750000000001 0.7859375 0.2734375000000001 0.85625 0.2734375000000001
0 0.9109375 0.2578125000000001 0.8734375 0.2578125000000001 0.8734375 0.2734375000000001 0.9109375 0.2734375000000001
0 0.19375000000000003 0.309375 0.14375000000000004 0.309375 0.14375000000000004 0.325 0.19375000000000003 0.325
0 0.2453125 0.3109375 0.2171875 0.3109375 0.2171875 0.3234375 0.2453125 0.3234375
0 0.340625 0.3046875 0.2640625 0.3046875 0.2640625 0.325 0.340625 0.325
0 0.3984375 0.30781250000000004 0.3625 0.3078125 0.3625 0.32656250000000003 0.3984375 0.3265625000000001
0 0.4921875 0.3078125000000001 0.4203125 0.3078125000000001 0.4203125 0.32500000000000007 0.4921875 0.32500000000000007
0 0.534375 0.3109375000000001 0.50625 0.3109375000000001 0.50625 0.3234375000000001 0.534375 0.3234375000000001
0 0.6203125 0.30937500000000007 0.5515625 0.30937500000000007 0.5515625 0.3218750000000001 0.6203125 0.3218750000000001
0 0.63125 0.3140625000000001 0.6234375 0.3140625000000001 0.6234375 0.3218750000000001 0.63125 0.3218750000000001
0 0.6609375 0.3078125000000001 0.65625 0.3078125000000001 0.65625 0.3125000000000001 0.6609375 0.3125000000000001
0 0.66875 0.3078125000000001 0.6578125 0.3078125000000001 0.6578125 0.3281250000000001 0.66875 0.3281250000000001
0 0.7578125 0.3046875000000001 0.6828125 0.3046875000000001 0.6828125 0.32500000000000007 0.7578125 0.32500000000000007
0 0.8484375 0.3109375000000001 0.765625 0.3109375000000001 0.765625 0.3218750000000001 0.8484375 0.3218750000000001
0 0.903125 0.3062500000000001 0.8625 0.3062500000000001 0.8625 0.3234375000000001 0.903125 0.3234375000000001
0 0.19062500000000004 0.3625 0.13437500000000005 0.3625 0.13437500000000005 0.3796875 0.19062500000000004 0.3796875
0 0.29375000000000007 0.3609375 0.209375 0.3609375 0.20937500000000003 0.375 0.29375000000000007 0.375
0 0.45 0.35937500000000006 0.31875 0.359375 0.31875000000000003 0.37500000000000006 0.45 0.3750000000000001
0 0.4578125 0.3703125000000001 0.453125 0.3703125000000001 0.453125 0.3734375000000001 0.4578125 0.3734375000000001
0 0.5109375 0.35625000000000007 0.48125 0.35625000000000007 0.48125 0.3781250000000001 0.5109375 0.3781250000000001
0 0.5671875 0.3625000000000001 0.5375 0.3625000000000001 0.5375 0.3734375000000001 0.5671875 0.3734375000000001
0 0.746875 0.3578125000000001 0.5859375 0.3578125000000001 0.5859375 0.3843750000000001 0.746875 0.3843750000000001
0 0.85625 0.3593750000000001 0.765625 0.3593750000000001 0.765625 0.3828125000000001 0.85625 0.3828125000000001
0 0.8890625 0.3687500000000001 0.8625 0.3687500000000001 0.8625 0.37187500000000007 0.8890625 0.37187500000000007
0 0.17031250000000003 0.40625 0.14531250000000004 0.40625 0.14531250000000004 0.4234375 0.17031250000000003 0.4234375
0 0.2078125000000001 0.409375 0.19375000000000003 0.409375 0.19375000000000003 0.4296875 0.2078125000000001 0.4296875
0 0.3000000000000001 0.4109375 0.2218750000000001 0.4109375 0.2218750000000001 0.425 0.3000000000000001 0.425
0 0.3859375000000001 0.4078125 0.3203125000000001 0.4078125 0.3203125000000001 0.425 0.3859375000000001 0.425
0 0.4015625 0.421875 0.3812500000000001 0.421875 0.3812500000000001 0.4265625 0.4015625 0.4265625
0 0.50625 0.4109375 0.4265625 0.4109375 0.4265625 0.4265625 0.50625 0.4265625
0 0.5515625 0.40625 0.5328125 0.40625 0.5328125 0.4234375 0.5515625 0.4234375
0 0.64375 0.4078125 0.575 0.4078125 0.575 0.43125 0.64375 0.43125
0 0.7234375 0.4125 0.66875 0.4125 0.66875 0.425 0.7234375 0.425
0 0.7953125 0.41406250000000017 0.7359375 0.41406250000000017 0.7359375 0.4234375000000002 0.7953125 0.4234375000000002
0 0.8265625 0.4109375000000002 0.8203125 0.4109375000000002 0.8203125 0.4234375000000002 0.8265625 0.4234375000000002
0 0.9203125 0.40937500000000016 0.846875 0.40937500000000016 0.846875 0.4265625000000002 0.9203125 0.4265625000000002
0 0.2156250000000001 0.4578125 0.15625000000000006 0.4578125 0.15625000000000006 0.4765625 0.2156250000000001 0.4765625
0 0.2687500000000001 0.465625 0.2375000000000001 0.465625 0.2375000000000001 0.4765625 0.2687500000000001 0.4765625
0 0.3890625000000001 0.4640625 0.2921875000000001 0.4640625 0.2921875000000001 0.48125 0.3890625000000001 0.48125
0 0.4109375 0.4734375 0.38750000000000007 0.4734375 0.38750000000000007 0.478125 0.4109375 0.478125
0 0.4875 0.459375 0.4328125 0.459375 0.4328125 0.478125 0.4875 0.478125
0 0.51875 0.4703125 0.490625 0.4703125 0.490625 0.475 0.51875 0.475
0 0.571875 0.4609375 0.5375 0.4609375 0.5375 0.4765625 0.571875 0.4765625
0 0.571875 0.4734375 0.56875 0.4734375 0.56875 0.4796875 0.571875 0.4796875
0 0.665625 0.459375 0.59375 0.459375 0.59375 0.4796875 0.665625 0.4796875
0 0.796875 0.45781250000000007 0.6796875 0.4578125 0.6796875 0.48125000000000007 0.796875 0.4812500000000002
0 0.7921875 0.4734375000000002 0.7859375 0.4734375000000002 0.7859375 0.4781250000000002 0.7921875 0.4781250000000002
0 0.8328125 0.4578125000000002 0.8140625 0.4578125000000002 0.8140625 0.47656250000000017 0.8328125 0.47656250000000017
0 0.9171875 0.46406250000000016 0.8546875 0.46406250000000016 0.8546875 0.4750000000000002 0.9171875 0.4750000000000002
0 0.2390625000000001 0.50625 0.16093750000000004 0.50625 0.16093750000000004 0.528125 0.2390625000000001 0.528125
0 0.24375000000000008 0.5234375 0.2406250000000001 0.5234375 0.2406250000000001 0.5265625 0.24375000000000008 0.5265625
0 0.2593750000000001 0.503125 0.2562500000000001 0.503125 0.2562500000000001 0.5078125 0.2593750000000001 0.5078125