0 0.15312500000000004 0.2109375 0.15000000000000005 0.2109375 0.15000000000000005 0.2171875 0.15312500000000004 0.2171875
0 0.2 0.21875 0.16093750000000004 0.21875 0.16093750000000004 0.234375 0.2 0.234375
0 0.303125 0.2171875 0.215625 0.2171875 0.215625 0.2359375 0.303125 0.2359375
0 0.3140625 0.21875 0.309375 0.21875 0.309375 0.2390625 0.3140625 0.2390625
0 0.3375 0.2203125 0.33125 0.2203125 0.33125 0.23125 0.3375 0.23125
0 0.36875 0.20781250000000004 0.340625 0.2078125 0.340625 0.23437500000000006 0.36875 0.23437500000000008
0 0.515625 0.2078125000000001 0.3875 0.2078125000000001 0.3875 0.2375000000000001 0.515625 0.2375000000000001
0 0.59375 0.21250000000000008 0.5328125 0.21250000000000008 0.5328125 0.23437500000000008 0.59375 0.23437500000000008
0 0.6921875 0.21250000000000008 0.6109375 0.21250000000000008 0.6109375 0.23437500000000008 0.6921875 0.23437500000000008
0 0.7484375 0.2062500000000001 0.709375 0.2062500000000001 0.709375 0.2328125000000001 0.7484375 0.2328125000000001
0 0.803125 0.2078125000000001 0.759375 0.2078125000000001 0.759375 0.2328125000000001 0.803125 0.2328125000000001
0 0.8171875 0.22812500000000008 0.8125 0.22812500000000008 0.8125 0.2296875000000001 0.8171875 0.2296875000000001
0 0.15156250000000004 0.2578125 0.14843750000000006 0.2578125 0.14843750000000006 0.2640625 0.15156250000000004 0.2640625
0 0.2515625 0.259375 0.16093750000000004 0.259375 0.16093750000000004 0.2921875 0.2515625 0.2921875
0 0.284375 0.26875 0.2671875 0.26875 0.2671875 0.2859375 0.284375 0.2859375
0 0.403125 0.26093750000000004 0.3015625 0.2609375 0.3015625 0.290625 0.403125 0.2906250000000001
0 0.4359375 0.2687500000000001 0.4140625 0.2687500000000001 0.4140625 0.2843750000000001 0.4359375 0.2843750000000001
0 0.45 0.27812500000000007 0.446875 0.27812500000000007 0.446875 0.2812500000000001 0.45 0.2812500000000001
0 0.5046875 0.2578125000000001 0.4546875 0.2578125000000001 0.4546875 0.28593750000000007 0.5046875 0.28593750000000007
0 0.590625 0.2687500000000001 0.5203125 0.2687500000000001 0.5203125 0.2906250000000001 0.590625 0.2906250000000001
0 0.65625 0.2671875000000001 0.6078125 0.2671875000000001 0.6078125 0.2843750000000001 0.65625 0.2843750000000001
0 0.721875 0.2593750000000001 0.6734375 0.2593750000000001 0.6734375 0.2828125000000001 0.721875 0.2828125000000001
0 0.7734375 0.2562500000000001 0.7328125 0.2562500000000001 0.7328125 0.2828125000000001 0.7734375 0.2828125000000001
0 0.8015625 0.2609375000000001 0.78125 0.2609375000000001 0.78125 0.2812500000000001 0.8015625 0.2812500000000001
0 0.2640625 0.3109375 0.16406250000000006 0.3109375 0.16406250000000006 0.3359375 0.2640625 0.3359375
0 0.43125 0.31093750000000003 0.2921875 0.3109375 0.2921875 0.3375 0.43125 0.3375000000000001
0 0.4484375 0.3375000000000001 0.4453125 0.3375000000000001 0.4453125 0.3437500000000001 0.4484375 0.3437500000000001
0 0.6125 0.3125000000000001 0.465625 0.3125000000000001 0.465625 0.3375000000000001 0.6125 0.3375000000000001
0 0.7140625 0.3078125000000001 0.628125 0.3078125000000001 0.628125 0.3359375000000001 0.7140625 0.3359375000000001
0 0.7265625 0.3312500000000001 0.7234375 0.3312500000000001 0.7234375 0.33281250000000007 0.7265625 0.33281250000000007
0 0.7390625 0.3062500000000001 0.7296875 0.3062500000000001 0.7296875 0.31718750000000007 0.7390625 0.31718750000000007
0 0.8140625 0.3062500000000001 0.7453125 0.3062500000000001 0.7453125 0.3343750000000001 0.8140625 0.3343750000000001
0 0.20781250000000004 0.359375 0.15625000000000006 0.359375 0.15625000000000006 0.3875 0.2078125000000001 0.3875
0 0.26250000000000007 0.3734375 0.22812500000000008 0.3734375 0.22812500000000008 0.3859375 0.26250000000000007 0.3859375
0 0.39531250000000007 0.36562500000000003 0.27812500000000007 0.365625 0.27812500000000007 0.3921875 0.39531250000000007 0.3921875000000001
0 0.4875 0.3609375000000001 0.4125 0.3609375000000001 0.4125 0.3937500000000001 0.4875 0.3937500000000001
0 0.5359375 0.3703125000000001 0.5046875 0.3703125000000001 0.5046875 0.3859375000000001 0.5359375 0.3859375000000001
0 0.584375 0.3609375000000001 0.5484375 0.3609375000000001 0.5484375 0.3859375000000001 0.584375 0.3859375000000001
0 0.6671875 0.36406250000000007 0.596875 0.36406250000000007 0.596875 0.3921875000000001 0.6671875 0.3921875000000001
0 0.678125 0.37968750000000007 0.675 0.37968750000000007 0.675 0.3828125000000001 0.678125 0.3828125000000001
0 0.684375 0.3578125000000001 0.6796875 0.3578125000000001 0.6796875 0.36406250000000007 0.684375 0.36406250000000007
0 0.7359375 0.35625000000000007 0.690625 0.35625000000000007 0.690625 0.3843750000000001 0.7359375 0.3843750000000001
0 0.81875 0.3671875000000001 0.75 0.3671875000000001 0.75 0.3906250000000001 0.81875 0.3906250000000001
0 0.875 0.3687500000000001 0.8296875 0.3687500000000001 0.8296875 0.3843750000000001 0.875 0.3843750000000001
0 0.21250000000000008 0.4109375 0.15781250000000005 0.4109375 0.15781250000000005 0.4390625 0.21250000000000008 0.4390625
0 0.2687500000000001 0.409375 0.22812500000000008 0.409375 0.22812500000000008 0.4375 0.2687500000000001 0.4375
0 0.3437500000000001 0.4078125 0.2828125000000001 0.4078125 0.2828125000000001 0.4375 0.3437500000000001 0.4375
0 0.3578125000000001 0.4078125 0.3531250000000001 0.4078125 0.3531250000000001 0.4171875 0.3578125000000001 0.4171875
0 0.37968750000000007 0.415625 0.3765625000000001 0.415625 0.3765625000000001 0.4171875 0.37968750000000007 0.4171875
0 0.3828125000000001 0.4140625 0.37968750000000007 0.4140625 0.37968750000000007 0.421875 0.3828125000000001 0.421875
0 0.434375 0.4171875 0.3906250000000001 0.4171875 0.3906250000000001 0.4390625 0.434375 0.4390625
0 0.4453125 0.4328125 0.440625 0.4328125 0.440625 0.4390625 0.4453125 0.4390625
0 0.5359375 0.4125 0.4578125 0.4125 0.4578125 0.4359375 0.5359375 0.4359375
0 0.5453125 0.4265625 0.5375 0.4265625 0.5375 0.43125 0.5453125 0.43125
0 0.553125 0.409375 0.5484375 0.409375 0.5484375 0.41875 0.553125 0.41875
0 0.5875 0.409375 0.56875 0.409375 0.56875 0.434375 0.5875 0.434375
0 0.603125 0.4234375 0.5875 0.4234375 0.5875 0.434375 0.603125 0.434375
0 0.696875 0.415625 0.6140625 0.415625 0.6140625 0.4328125 0.696875 0.4328125
0 0.7046875 0.428125 0.7015625 0.428125 0.7015625 0.43125 0.7046875 0.43125
0 0.778125 0.4062500000000001 0.7125 0.40625 0.7125 0.4375000000000001 0.778125 0.43750000000000017
0 0.8265625 0.41718750000000016 0.7890625 0.41718750000000016 0.7890625 0.4343750000000002 0.8265625 0.4343750000000002
0 0.8671875 0.41718750000000016 0.8328125 0.41718750000000016 0.8328125 0.4343750000000002 0.8671875 0.4343750000000002
0 0.24218750000000008 0.4625 0.16093750000000004 0.4625 0.16093750000000004 0.4953125 0.24218750000000008 0.4953125
0 0.2890625000000001 0.471875 0.2562500000000001 0.471875 0.2562500000000001 0.4875 0.2890625000000001 0.4875
0 0.32500000000000007 0.4703125 0.30156250000000007 0.4703125 0.30156250000000007 0.4859375 0.32500000000000007 0.4859375
0 0.3375000000000001 0.4828125 0.3343750000000001 0.4828125 0.3343750000000001 0.4859375 0.3375000000000001 0.4859375
0 0.409375 0.459375 0.34843750000000007 0.459375 0.34843750000000007 0.4859375 0.409375 0.4859375
0 0.4375 0.4671875 0.4203125 0.4671875 0.4203125 0.484375 0.4375 0.484375
0 0.5 0.4703125 0.4484375 0.4703125 0.4484375 0.4859375 0.5 0.4859375
0 0.5703125 0.4671875 0.5125 0.4671875 0.5125 0.4875 0.5703125 0.4875
0 0.578125 0.4796875 0.5734375 0.4796875 0.5734375 0.4890625 0.578125 0.4890625
0 0.5828125 0.459375 0.575 0.459375 0.575 0.465625 0.5828125 0.465625
0 0.621875 0.45625 0.5953125 0.45625 0.5953125 0.484375 0.621875 0.484375
0 0.746875 0.45781250000000007 0.63125 0.4578125 0.63125 0.4921875000000001 0.746875 0.49218750000000017
0 0.753125 0.4828125000000002 0.7453125 0.4828125000000002 0.7453125 0.4906250000000002 0.753125 0.4906250000000002
0 0.765625 0.46093750000000017 0.7609375 0.46093750000000017 0.7609375 0.4671875000000002 0.765625 0.4671875000000002
0 0.834375 0.4578125000000002 0.7734375 0.4578125000000002 0.7734375 0.4859375000000002 0.834375 0.4859375000000002
0 0.19687500000000008 0.5203125 0.14687500000000003 0.5203125 0.14687500000000006 0.5453125 0.19687500000000008 0.5453125
0 0.29375000000000007 0.51875 0.2140625000000001 0.51875 0.2140625000000001 0.5390625 0.29375000000000007 0.5390625
0 0.3031250000000001 0.53125 0.2984375000000001 0.53125 0.2984375000000001 0.5390625 0.3031250000000001 0.5390625
0 0.3609375000000001 0.51875 0.3078125000000001 0.51875 0.3078125000000001 0.5390625 0.3609375000000001 0.5390625
0 0.3984375000000001 0.5140625 0.36406250000000007 0.5140625 0.36406250000000007 0.5390625 0.3984375000000001 0.5390625
0 0.40625 0.53125 0.403125 0.53125 0.403125 0.5359375 0.40625 0.5359375
0 0.453125 0.51875 0.4203125 0.51875 0.4203125 0.5375 0.453125 0.5375
0 0.5078125 0.5234375 0.465625 0.5234375 0.465625 0.5421875 0.5078125 0.5421875
0 0.5890625 0.5203125 0.525 0.5203125 0.525 0.5375 0.5890625 0.5375
0 0.6515625 0.51875 0.6046875 0.51875 0.6046875 0.54375 0.6515625 0.54375
0 0.771875 0.5109375 0.6625 0.5109375 0.6625 0.5390625000000001 0.771875 0.5390625000000002
0 0.809375 0.5125000000000002 0.7890625 0.5125000000000002 0.7890625 0.5343750000000002 0.809375 0.5343750000000002
0 0.8890625 0.5109375000000002 0.8203125 0.5109375000000002 0.8203125 0.5375000000000002 0.8890625 0.5375000000000002
0 0.1937500000000001 0.5703125 0.16406250000000008 0.5703125 0.16406250000000008 0.5875 0.1937500000000001 0.5875
0 0.2843750000000001 0.56875 0.2062500000000001 0.56875 0.2062500000000001 0.5953125 0.2843750000000001 0.5953125
0 0.3000000000000001 0.5625 0.2875000000000001 0.5625 0.2875000000000001 0.5859375 0.3000000000000001 0.5859375
0 0.3156250000000001 0.559375 0.30937500000000007 0.559375 0.30937500000000007 0.5671875 0.3156250000000001 0.5671875