0 0.19687500000000005 0.2109375 0.14531250000000004 0.2109375 0.14531250000000004 0.2265625 0.19687500000000005 0.2265625
0 0.3171875 0.209375 0.2328125 0.209375 0.2328125 0.2328125 0.3171875 0.2328125
0 0.415625 0.21406250000000004 0.35625 0.2140625 0.35625 0.24375000000000005 0.415625 0.24375000000000008
0 0.50625 0.2140625000000001 0.4421875 0.2140625000000001 0.4421875 0.23437500000000008 0.50625 0.23437500000000008
0 0.56875 0.2156250000000001 0.5375 0.2156250000000001 0.5375 0.2328125000000001 0.56875 0.2328125000000001
0 0.7296875 0.21093750000000008 0.6046875 0.21093750000000008 0.6046875 0.2375000000000001 0.7296875 0.2375000000000001
0 0.740625 0.2312500000000001 0.7359375 0.2312500000000001 0.7359375 0.23437500000000008 0.740625 0.23437500000000008
0 0.8484375 0.21875000000000008 0.753125 0.21875000000000008 0.753125 0.23593750000000008 0.8484375 0.23593750000000008
0 0.890625 0.2171875000000001 0.8703125 0.2171875000000001 0.8703125 0.2390625000000001 0.890625 0.2390625000000001
0 0.16718750000000004 0.2703125 0.13750000000000004 0.2703125 0.13750000000000004 0.28125 0.16718750000000004 0.28125
0 0.315625 0.2609375 0.19531250000000006 0.2609375 0.19531250000000006 0.29375 0.315625 0.29375
0 0.3953125 0.26406250000000003 0.3421875 0.2640625 0.3421875 0.28125000000000006 0.3953125 0.2812500000000001
0 0.559375 0.27031250000000007 0.415625 0.27031250000000007 0.415625 0.2906250000000001 0.559375 0.2906250000000001
0 0.6125 0.2656250000000001 0.58125 0.2656250000000001 0.58125 0.2843750000000001 0.6125 0.2843750000000001
0 0.6640625 0.2734375000000001 0.6328125 0.2734375000000001 0.6328125 0.28593750000000007 0.6640625 0.28593750000000007
0 0.7609375 0.27031250000000007 0.6890625 0.27031250000000007 0.6890625 0.2890625000000001 0.7609375 0.2890625000000001
0 0.778125 0.2812500000000001 0.775 0.2812500000000001 0.775 0.2843750000000001 0.778125 0.2843750000000001
0 0.8296875 0.27031250000000007 0.7828125 0.27031250000000007 0.7828125 0.28593750000000007 0.8296875 0.28593750000000007
0 0.9125 0.2687500000000001 0.853125 0.2687500000000001 0.853125 0.2875000000000001 0.9125 0.2875000000000001
0 0.15937500000000004 0.3171875 0.14531250000000004 0.3171875 0.14531250000000004 0.3296875 0.15937500000000004 0.3296875
0 0.275 0.3125 0.18281250000000004 0.3125 0.18281250000000004 0.334375 0.275 0.334375
0 0.371875 0.3140625 0.3109375 0.3140625 0.3109375 0.33281250000000007 0.371875 0.33281250000000007
0 0.4296875 0.3187500000000001 0.4 0.3187500000000001 0.4 0.3375000000000001 0.4296875 0.3375000000000001
0 0.4953125 0.3203125000000001 0.45 0.3203125000000001 0.45 0.3359375000000001 0.4953125 0.3359375000000001
0 0.5765625 0.3187500000000001 0.5140625 0.3187500000000001 0.5140625 0.3375000000000001 0.5765625 0.3375000000000001
0 0.63125 0.3187500000000001 0.5984375 0.3187500000000001 0.5984375 0.3390625000000001 0.63125 0.3390625000000001
0 0.6921875 0.3203125000000001 0.6484375 0.3203125000000001 0.6484375 0.3375000000000001 0.6921875 0.3375000000000001
0 0.7953125 0.3187500000000001 0.7125 0.3187500000000001 0.7125 0.3375000000000001 0.7953125 0.3375000000000001
0 0.8078125 0.3343750000000001 0.8015625 0.3343750000000001 0.8015625 0.3421875000000001 0.8078125 0.3421875000000001
0 0.865625 0.3218750000000001 0.8171875 0.3218750000000001 0.8171875 0.3375000000000001 0.865625 0.3375000000000001
0 0.909375 0.3281250000000001 0.8828125 0.3281250000000001 0.8828125 0.3375000000000001 0.909375 0.3375000000000001
0 0.22031250000000008 0.3671875 0.14375000000000004 0.3671875 0.14375000000000004 0.3921875 0.22031250000000008 0.3921875
0 0.2953125000000001 0.3703125 0.24375000000000008 0.3703125 0.24375000000000008 0.3828125 0.2953125000000001 0.3828125
0 0.3734375000000001 0.36718750000000006 0.31718750000000007 0.3671875 0.31718750000000007 0.38281250000000006 0.3734375000000001 0.3828125000000001
0 0.440625 0.3671875000000001 0.3921875000000001 0.3671875000000001 0.3921875000000001 0.3843750000000001 0.440625 0.3843750000000001
0 0.48125 0.3812500000000001 0.45625 0.3812500000000001 0.45625 0.3843750000000001 0.48125 0.3843750000000001
0 0.5203125 0.3734375000000001 0.4921875 0.3734375000000001 0.4921875 0.3843750000000001 0.5203125 0.3843750000000001
0 0.58125 0.3687500000000001 0.5375 0.3687500000000001 0.5375 0.3859375000000001 0.58125 0.3859375000000001
0 0.6015625 0.3812500000000001 0.59375 0.3812500000000001 0.59375 0.3859375000000001 0.6015625 0.3859375000000001
0 0.6484375 0.3687500000000001 0.6140625 0.3687500000000001 0.6140625 0.3859375000000001 0.6484375 0.3859375000000001
0 0.7171875 0.3765625000000001 0.6734375 0.3765625000000001 0.6734375 0.3968750000000001 0.7171875 0.3968750000000001
0 0.896875 0.3687500000000001 0.7453125 0.3687500000000001 0.7453125 0.3890625000000001 0.896875 0.3890625000000001
0 0.9203125 0.3687500000000001 0.903125 0.3687500000000001 0.903125 0.38750000000000007 0.9203125 0.38750000000000007
0 0.9296875 0.3656250000000001 0.9234375 0.3656250000000001 0.9234375 0.3734375000000001 0.9296875 0.3734375000000001
0 0.14531250000000004 0.40625 0.13906250000000003 0.40625 0.13906250000000003 0.4140625 0.14531250000000004 0.4140625
0 0.19843750000000004 0.4125 0.16093750000000004 0.4125 0.16093750000000004 0.4328125 0.19843750000000004 0.4328125
0 0.2062500000000001 0.428125 0.2015625000000001 0.428125 0.2015625000000001 0.434375 0.2062500000000001 0.434375
0 0.2968750000000001 0.4125 0.21875000000000008 0.4125 0.21875000000000008 0.4453125 0.2968750000000001 0.4453125
0 0.3125000000000001 0.4140625 0.3000000000000001 0.4140625 0.3000000000000001 0.440625 0.3125000000000001 0.440625
0 0.3375000000000001 0.4203125 0.3218750000000001 0.4203125 0.3218750000000001 0.4359375 0.3375000000000001 0.4359375
0 0.3750000000000001 0.41875 0.34062500000000007 0.41875 0.34062500000000007 0.4359375 0.3750000000000001 0.4359375
0 0.5046875 0.4140625 0.39531250000000007 0.4140625 0.39531250000000007 0.4375 0.5046875 0.4375
0 0.515625 0.4328125 0.5125 0.4328125 0.5125 0.4359375 0.515625 0.4359375
0 0.534375 0.4140625 0.528125 0.4140625 0.528125 0.4265625 0.534375 0.4265625
0 0.575 0.4171875 0.5453125 0.4171875 0.5453125 0.434375 0.575 0.434375
0 0.640625 0.4203125 0.596875 0.4203125 0.596875 0.4375 0.640625 0.4375
0 0.7390625 0.4203125000000001 0.6671875 0.4203125 0.6671875 0.4390625000000001 0.7390625 0.4390625000000002
0 0.828125 0.4203125000000002 0.765625 0.4203125000000002 0.765625 0.44062500000000016 0.828125 0.44062500000000016
0 0.8484375 0.41718750000000016 0.8328125 0.41718750000000016 0.8328125 0.4437500000000002 0.8484375 0.4437500000000002
0 0.8703125 0.4234375000000002 0.8546875 0.4234375000000002 0.8546875 0.44062500000000016 0.8703125 0.44062500000000016
0 0.8859375 0.4312500000000002 0.875 0.4312500000000002 0.875 0.4390625000000002 0.8859375 0.4390625000000002
0 0.2875000000000001 0.4625 0.14218750000000005 0.4625 0.14218750000000005 0.4828125 0.2875000000000001 0.4828125
0 0.30156250000000007 0.48125 0.29375000000000007 0.48125 0.29375000000000007 0.490625 0.30156250000000007 0.490625
0 0.3906250000000001 0.46875 0.3140625000000001 0.46875 0.3140625000000001 0.496875 0.3906250000000001 0.496875
0 0.4609375 0.471875 0.4125 0.471875 0.4125 0.4875 0.4609375 0.4875
0 0.4921875 0.475 0.478125 0.475 0.478125 0.4890625 0.4921875 0.4890625
0 0.5703125 0.4765625 0.509375 0.4765625 0.509375 0.490625 0.5703125 0.490625
0 0.6453125 0.4703125 0.59375 0.4703125 0.59375 0.490625 0.6453125 0.490625
0 0.65625 0.4859375 0.6484375 0.4859375 0.6484375 0.4953125 0.65625 0.4953125
0 0.6703125 0.46875 0.665625 0.46875 0.665625 0.4765625 0.6703125 0.4765625
0 0.71875 0.4734375 0.675 0.4734375 0.675 0.4890625 0.71875 0.4890625
0 0.83125 0.4703125000000002 0.7421875 0.4703125000000002 0.7421875 0.49218750000000017 0.83125 0.49218750000000017
0 0.8984375 0.4781250000000002 0.8515625 0.4781250000000002 0.8515625 0.49218750000000017 0.8984375 0.49218750000000017
0 0.2578125000000001 0.5203125 0.14062500000000006 0.5203125 0.14062500000000006 0.5453125 0.2578125000000001 0.5453125
0 0.3046875000000001 0.5203125 0.2765625000000001 0.5203125 0.2765625000000001 0.5390625 0.3046875000000001 0.5390625
0 0.4125 0.5203125 0.3312500000000001 0.5203125 0.3312500000000001 0.5390625 0.4125 0.5390625
0 0.49375 0.5203125 0.4328125 0.5203125 0.4328125 0.5375 0.49375 0.5375
0 0.590625 0.525 0.5140625 0.525 0.5140625 0.5390625 0.590625 0.5390625
0 0.678125 0.5234375 0.6125 0.5234375 0.6125 0.540625 0.678125 0.540625
0 0.8484375 0.5203125000000001 0.7 0.5203125 0.7 0.5453125000000001 0.8484375 0.5453125000000002
0 0.8671875 0.5375000000000002 0.8625 0.5375000000000002 0.8625 0.5406250000000001 0.8671875 0.5406250000000001