0 0.19843750000000004 0.221875 0.17656250000000004 0.221875 0.17656250000000004 0.2375 0.19843750000000004 0.2375
0 0.265625 0.2265625 0.2234375 0.2265625 0.2234375 0.2390625 0.265625 0.2390625
0 0.3703125 0.22656250000000006 0.2953125 0.2265625 0.2953125 0.24687500000000004 0.3703125 0.2468750000000001
0 0.4171875 0.2296875000000001 0.3921875 0.2296875000000001 0.3921875 0.2484375000000001 0.4171875 0.2484375000000001
0 0.5125 0.22656250000000008 0.4296875 0.22656250000000008 0.4296875 0.24218750000000008 0.5125 0.24218750000000008
0 0.5890625 0.22812500000000008 0.5359375 0.22812500000000008 0.5359375 0.2406250000000001 0.5890625 0.2406250000000001
0 0.628125 0.2312500000000001 0.6046875 0.2312500000000001 0.6046875 0.2468750000000001 0.628125 0.2468750000000001
0 0.6765625 0.2296875000000001 0.64375 0.2296875000000001 0.64375 0.24218750000000008 0.6765625 0.24218750000000008
0 0.784375 0.22812500000000008 0.703125 0.22812500000000008 0.703125 0.2468750000000001 0.784375 0.2468750000000001
0 0.8765625 0.22656250000000008 0.8109375 0.22656250000000008 0.8109375 0.24218750000000008 0.8765625 0.24218750000000008
0 0.2078125 0.275 0.16718750000000004 0.275 0.16718750000000004 0.2890625 0.2078125 0.2890625
0 0.2640625 0.275 0.225 0.275 0.225 0.2921875 0.2640625 0.2921875
0 0.353125 0.275 0.296875 0.275 0.296875 0.2921875 0.353125 0.2921875
0 0.39375 0.2796875000000001 0.375 0.2796875000000001 0.375 0.2906250000000001 0.39375 0.2906250000000001
0 0.44375 0.2796875000000001 0.4078125 0.2796875000000001 0.4078125 0.2906250000000001 0.44375 0.2906250000000001
0 0.50625 0.2796875000000001 0.4609375 0.2796875000000001 0.4609375 0.29375000000000007 0.50625 0.29375000000000007
0 0.540625 0.2812500000000001 0.5203125 0.2812500000000001 0.5203125 0.2984375000000001 0.540625 0.2984375000000001
0 0.5921875 0.2812500000000001 0.5546875 0.2812500000000001 0.5546875 0.2921875000000001 0.5921875 0.2921875000000001
0 0.7046875 0.27812500000000007 0.615625 0.27812500000000007 0.615625 0.2921875000000001 0.7046875 0.2921875000000001
0 0.715625 0.2890625000000001 0.7078125 0.2890625000000001 0.7078125 0.2968750000000001 0.715625 0.2968750000000001
0 0.7734375 0.27812500000000007 0.734375 0.27812500000000007 0.734375 0.29375000000000007 0.7734375 0.29375000000000007
0 0.840625 0.2828125000000001 0.79375 0.2828125000000001 0.79375 0.29375000000000007 0.840625 0.29375000000000007
0 0.8859375 0.2828125000000001 0.85625 0.2828125000000001 0.85625 0.2953125000000001 0.8859375 0.2953125000000001
0 0.259375 0.325 0.16718750000000004 0.325 0.16718750000000004 0.3484375 0.259375 0.3484375
0 0.303125 0.328125 0.2796875 0.328125 0.2796875 0.35 0.303125 0.35
0 0.3515625 0.3296875 0.31875 0.3296875 0.31875 0.3421875 0.3515625 0.3421875
0 0.4875 0.3296875000000001 0.3734375 0.3296875000000001 0.3734375 0.3468750000000001 0.4875 0.3468750000000001
0 0.5859375 0.3296875000000001 0.515625 0.3296875000000001 0.515625 0.3515625000000001 0.5859375 0.3515625000000001
0 0.6328125 0.3296875000000001 0.6 0.3296875000000001 0.6 0.3437500000000001 0.6328125 0.3437500000000001
0 0.7703125 0.3281250000000001 0.65625 0.3281250000000001 0.65625 0.3453125000000001 0.7703125 0.3453125000000001
0 0.8890625 0.3312500000000001 0.7859375 0.3312500000000001 0.7859375 0.3453125000000001 0.8890625 0.3453125000000001
0 0.2000000000000001 0.378125 0.16406250000000006 0.378125 0.16406250000000006 0.390625 0.2000000000000001 0.390625
0 0.2890625000000001 0.378125 0.2234375000000001 0.378125 0.2234375000000001 0.3921875 0.2890625000000001 0.3921875
0 0.3578125000000001 0.378125 0.31718750000000007 0.378125 0.31718750000000007 0.390625 0.3578125000000001 0.390625
0 0.4203125 0.3781250000000001 0.3781250000000001 0.3781250000000001 0.3781250000000001 0.3921875000000001 0.4203125 0.3921875000000001
0 0.509375 0.3812500000000001 0.453125 0.3812500000000001 0.453125 0.3937500000000001 0.509375 0.3937500000000001
0 0.628125 0.3828125000000001 0.5375 0.3828125000000001 0.5375 0.3968750000000001 0.628125 0.3968750000000001
0 0.6390625 0.3843750000000001 0.63125 0.3843750000000001 0.63125 0.4 0.6390625 0.4
0 0.7 0.3812500000000001 0.653125 0.3812500000000001 0.653125 0.4015625 0.7 0.4015625
0 0.7578125 0.3812500000000001 0.7171875 0.3812500000000001 0.7171875 0.39531250000000007 0.7578125 0.39531250000000007
0 0.853125 0.3812500000000001 0.7765625 0.3812500000000001 0.7765625 0.39531250000000007 0.853125 0.39531250000000007
0 0.2234375000000001 0.4296875 0.15937500000000004 0.4296875 0.15937500000000004 0.4421875 0.2234375000000001 0.4421875
0 0.3515625000000001 0.43125 0.2500000000000001 0.43125 0.2500000000000001 0.4453125 0.3515625000000001 0.4453125
0 0.421875 0.4296875 0.3750000000000001 0.4296875 0.3750000000000001 0.4421875 0.421875 0.4421875
0 0.5203125 0.4296875 0.459375 0.4296875 0.459375 0.4421875 0.5203125 0.4421875
0 0.6359375 0.434375 0.546875 0.434375 0.546875 0.45 0.6359375 0.45
0 0.7359375 0.4296875000000001 0.65625 0.4296875 0.65625 0.4437500000000001 0.7359375 0.4437500000000002
0 0.8109375 0.4281250000000002 0.759375 0.4281250000000002 0.759375 0.44531250000000017 0.8109375 0.44531250000000017
0 0.8765625 0.4281250000000002 0.8296875 0.4281250000000002 0.8296875 0.44531250000000017 0.8765625 0.44531250000000017
0 0.22656250000000008 0.4765625 0.15781250000000005 0.4765625 0.15781250000000005 0.490625 0.22656250000000008 0.490625
0 0.2921875000000001 0.4765625 0.2578125000000001 0.4765625 0.2578125000000001 0.4921875 0.2921875000000001 0.4921875
0 0.3750000000000001 0.4765625 0.3187500000000001 0.4765625 0.3187500000000001 0.4921875 0.3750000000000001 0.4921875
0 0.3828125000000001 0.4875 0.37968750000000007 0.4875 0.37968750000000007 0.490625 0.3828125000000001 0.490625
0 0.45625 0.478125 0.403125 0.478125 0.403125 0.4921875 0.45625 0.4921875
0 0.5671875 0.4796875 0.4859375 0.4796875 0.4859375 0.4984375 0.5671875 0.4984375
0 0.7140625 0.4796875 0.6 0.4796875 0.6 0.496875 0.7140625 0.496875
0 0.7828125 0.4812500000000002 0.7375 0.4812500000000002 0.7375 0.49531250000000016 0.7828125 0.49531250000000016
0 0.8890625 0.4812500000000002 0.7984375 0.4812500000000002 0.7984375 0.4968750000000002 0.8890625 0.4968750000000002
0 0.2093750000000001 0.528125 0.15625000000000006 0.528125 0.15625000000000006 0.5421875 0.2093750000000001 0.5421875
0 0.2921875000000001 0.5296875 0.22812500000000008 0.5296875 0.22812500000000008 0.54375 0.2921875000000001 0.54375
0 0.43125 0.53125 0.3265625000000001 0.53125 0.3265625000000001 0.5484375 0.43125 0.5484375
0 0.4890625 0.534375 0.4609375 0.534375 0.4609375 0.54375 0.4890625 0.54375
0 0.59375 0.528125 0.509375 0.528125 0.509375 0.553125 0.59375 0.553125
0 0.68125 0.534375 0.6125 0.534375 0.6125 0.5515625 0.68125 0.5515625
0 0.69375 0.5453125 0.6875 0.5453125 0.6875 0.5515625 0.69375 0.5515625
0 0.7296875 0.534375 0.70625 0.534375 0.70625 0.5468750000000001 0.7296875 0.5468750000000002
0 0.7765625 0.5359375000000002 0.7421875 0.5359375000000002 0.7421875 0.5484375000000001 0.7765625 0.5484375000000001
0 0.8828125 0.5343750000000002 0.796875 0.5343750000000002 0.796875 0.5546875000000002 0.8828125 0.5546875000000002
0 0.1750000000000001 0.58125 0.1546875000000001 0.58125 0.1546875000000001 0.6 0.1750000000000001 0.6
0 0.30156250000000007 0.58125 0.2015625000000001 0.58125 0.2015625000000001 0.59375 0.30156250000000007 0.59375
0 0.34062500000000007 0.5828125 0.3187500000000001 0.5828125 0.3187500000000001 0.59375 0.34062500000000007 0.59375
0 0.38750000000000007 0.5828125 0.3531250000000001 0.5828125 0.3531250000000001 0.59375 0.38750000000000007 0.59375
0 0.5109375 0.5828125 0.4125 0.5828125 0.4125 0.596875 0.5109375 0.596875
0 0.5234375 0.5921875 0.5203125 0.5921875 0.5203125 0.59375 0.5234375 0.59375