0 0.296875 0.2125 0.14218750000000005 0.2125 0.14218750000000005 0.234375 0.296875 0.234375
0 0.4 0.21562500000000004 0.3234375 0.215625 0.3234375 0.23750000000000004 0.4 0.2375000000000001
0 0.4078125 0.2312500000000001 0.403125 0.2312500000000001 0.403125 0.2375000000000001 0.4078125 0.2375000000000001
0 0.4640625 0.2218750000000001 0.4203125 0.2218750000000001 0.4203125 0.24218750000000008 0.4640625 0.24218750000000008
0 0.5359375 0.2171875000000001 0.4890625 0.2171875000000001 0.4890625 0.24218750000000008 0.5359375 0.24218750000000008
0 0.546875 0.2171875000000001 0.54375 0.2171875000000001 0.54375 0.23593750000000008 0.546875 0.23593750000000008
0 0.56875 0.21093750000000008 0.55625 0.21093750000000008 0.55625 0.23437500000000008 0.56875 0.23437500000000008
0 0.6640625 0.2140625000000001 0.584375 0.2140625000000001 0.584375 0.23437500000000008 0.6640625 0.23437500000000008
0 0.734375 0.22031250000000008 0.6890625 0.22031250000000008 0.6890625 0.2375000000000001 0.734375 0.2375000000000001
0 0.85 0.2156250000000001 0.7546875 0.2156250000000001 0.7546875 0.24218750000000008 0.85 0.24218750000000008
0 0.228125 0.26875 0.13125000000000003 0.26875 0.13125000000000003 0.2953125 0.228125 0.2953125
0 0.2421875 0.28125 0.2390625 0.28125 0.2390625 0.284375 0.2421875 0.284375
0 0.29375 0.2640625 0.2546875 0.2640625 0.2546875 0.2875 0.29375 0.2875
0 0.4078125 0.26875000000000004 0.309375 0.26875 0.309375 0.28906250000000006 0.4078125 0.2890625000000001
0 0.4625 0.27031250000000007 0.4328125 0.27031250000000007 0.4328125 0.2890625000000001 0.4625 0.2890625000000001
0 0.6140625 0.2671875000000001 0.4875 0.2671875000000001 0.4875 0.2875000000000001 0.6140625 0.2875000000000001
0 0.6234375 0.28593750000000007 0.61875 0.28593750000000007 0.61875 0.2921875000000001 0.6234375 0.2921875000000001
0 0.74375 0.2640625000000001 0.634375 0.2640625000000001 0.634375 0.2921875000000001 0.74375 0.2921875000000001
0 0.8734375 0.27031250000000007 0.778125 0.27031250000000007 0.778125 0.2890625000000001 0.8734375 0.2890625000000001
0 0.8828125 0.2828125000000001 0.878125 0.2828125000000001 0.878125 0.2890625000000001 0.8828125 0.2890625000000001
0 0.19687500000000005 0.315625 0.13281250000000006 0.315625 0.13281250000000006 0.3359375 0.19687500000000005 0.3359375
0 0.3375 0.315625 0.225 0.315625 0.225 0.334375 0.3375 0.334375
0 0.465625 0.31875000000000003 0.3578125 0.31875 0.3578125 0.33593750000000006 0.465625 0.3359375000000001
0 0.534375 0.3156250000000001 0.4875 0.3156250000000001 0.4875 0.3375000000000001 0.534375 0.3375000000000001
0 0.63125 0.3234375000000001 0.56875 0.3234375000000001 0.56875 0.3437500000000001 0.63125 0.3437500000000001
0 0.8015625 0.31718750000000007 0.65625 0.31718750000000007 0.65625 0.3437500000000001 0.8015625 0.3437500000000001
0 0.878125 0.3187500000000001 0.821875 0.3187500000000001 0.821875 0.3359375000000001 0.878125 0.3359375000000001
0 0.2062500000000001 0.3703125 0.12812500000000004 0.3703125 0.12812500000000004 0.3921875 0.2062500000000001 0.3921875
0 0.2218750000000001 0.3828125 0.2171875000000001 0.3828125 0.2171875000000001 0.3859375 0.2218750000000001 0.3859375
0 0.23593750000000005 0.3625 0.2296875 0.3625 0.22968750000000004 0.3734375 0.23593750000000008 0.3734375
0 0.28593750000000007 0.36875 0.24218750000000008 0.36875 0.24218750000000008 0.3859375 0.28593750000000007 0.3859375
0 0.3656250000000001 0.37500000000000006 0.30937500000000007 0.375 0.30937500000000007 0.3921875 0.3656250000000001 0.3921875000000001
0 0.3906250000000001 0.3781250000000001 0.37187500000000007 0.3781250000000001 0.37187500000000007 0.3890625000000001 0.3906250000000001 0.3890625000000001
0 0.496875 0.3687500000000001 0.3984375000000001 0.3687500000000001 0.3984375000000001 0.3859375000000001 0.496875 0.3859375000000001
0 0.5078125 0.3656250000000001 0.4984375 0.3656250000000001 0.4984375 0.3937500000000001 0.5078125 0.3937500000000001
0 0.54375 0.3687500000000001 0.528125 0.3687500000000001 0.528125 0.3859375000000001 0.54375 0.3859375000000001
0 0.5640625 0.3750000000000001 0.55 0.3750000000000001 0.55 0.3843750000000001 0.5640625 0.3843750000000001
0 0.6390625 0.3687500000000001 0.590625 0.3687500000000001 0.590625 0.3859375000000001 0.6390625 0.3859375000000001
0 0.778125 0.3687500000000001 0.6625 0.3687500000000001 0.6625 0.3921875000000001 0.778125 0.3921875000000001
0 0.7921875 0.3671875000000001 0.7828125 0.3671875000000001 0.7828125 0.3890625000000001 0.7921875 0.3890625000000001
0 0.80625 0.3734375000000001 0.8046875 0.3734375000000001 0.8046875 0.3750000000000001 0.80625 0.3750000000000001
0 0.840625 0.3750000000000001 0.8046875 0.3750000000000001 0.8046875 0.3843750000000001 0.840625 0.3843750000000001
0 0.903125 0.3656250000000001 0.8625 0.3656250000000001 0.8625 0.3843750000000001 0.903125 0.3843750000000001
0 0.2796875000000001 0.4125 0.12812500000000004 0.4125 0.12812500000000004 0.4375 0.2796875000000001 0.4375
0 0.34843750000000007 0.41875 0.2968750000000001 0.41875 0.2968750000000001 0.4390625 0.34843750000000007 0.4390625
0 0.5484375 0.41875 0.3765625000000001 0.41875 0.3765625000000001 0.4375 0.5484375 0.4375
0 0.665625 0.4203125 0.56875 0.4203125 0.56875 0.4375 0.665625 0.4375
0 0.7078125 0.4234375 0.68125 0.4234375 0.68125 0.4375 0.7078125 0.4375
0 0.7703125 0.42187500000000017 0.7265625 0.42187500000000017 0.7265625 0.44062500000000016 0.7703125 0.44062500000000016
0 0.85 0.4203125000000002 0.7921875 0.4203125000000002 0.7921875 0.4390625000000002 0.85 0.4390625000000002
0 0.2296875000000001 0.4671875 0.13281250000000006 0.4671875 0.13281250000000006 0.4875 0.2296875000000001 0.4875
0 0.24375000000000008 0.484375 0.2406250000000001 0.484375 0.2406250000000001 0.4875 0.24375000000000008 0.4875
0 0.2921875000000001 0.471875 0.2578125000000001 0.471875 0.2578125000000001 0.4875 0.2921875000000001 0.4875
0 0.4109375 0.4703125 0.3062500000000001 0.4703125 0.3062500000000001 0.5015625 0.4109375 0.5015625
0 0.4546875 0.4703125 0.428125 0.4703125 0.428125 0.4890625 0.4546875 0.4890625
0 0.5546875 0.465625 0.4765625 0.465625 0.4765625 0.4953125 0.5546875 0.4953125
0 0.5625 0.4671875 0.55625 0.4671875 0.55625 0.490625 0.5625 0.490625
0 0.5828125 0.4671875 0.578125 0.4671875 0.578125 0.4734375 0.5828125 0.4734375
0 0.5984375 0.4671875 0.5953125 0.4671875 0.5953125 0.4859375 0.5984375 0.4859375
0 0.6796875 0.4703125 0.6125 0.4703125 0.6125 0.4890625 0.6796875 0.4890625
0 0.690625 0.484375 0.6828125 0.484375 0.6828125 0.490625 0.690625 0.490625
0 0.6984375 0.4671875 0.69375 0.4671875 0.69375 0.475 0.6984375 0.475
0 0.7609375 0.4703125000000001 0.7046875 0.4703125 0.7046875 0.4875000000000001 0.7609375 0.48750000000000016
0 0.86875 0.4703125000000002 0.7765625 0.4703125000000002 0.7765625 0.4937500000000002 0.86875 0.4937500000000002
0 0.2140625000000001 0.51875 0.12812500000000004 0.51875 0.12812500000000004 0.540625 0.2140625000000001 0.540625
0 0.22656250000000008 0.534375 0.22031250000000008 0.534375 0.22031250000000008 0.54375 0.22656250000000008 0.54375
0 0.2406250000000001 0.51875 0.23593750000000008 0.51875 0.23593750000000008 0.5265625 0.2406250000000001 0.5265625
0 0.25468750000000007 0.5203125 0.2515625000000001 0.5203125 0.2515625000000001 0.5375 0.25468750000000007 0.5375
0 0.37187500000000007 0.5203125 0.2671875000000001 0.5203125 0.2671875000000001 0.546875 0.37187500000000007 0.546875
0 0.409375 0.521875 0.3859375000000001 0.521875 0.3859375000000001 0.5359375 0.409375 0.5359375
0 0.4890625 0.5234375 0.43125 0.5234375 0.43125 0.54375 0.4890625 0.54375
0 0.5890625 0.51875 0.5109375 0.51875 0.5109375 0.5359375 0.5890625 0.5359375
0 0.6125 0.51875 0.6078125 0.51875 0.6078125 0.5375 0.6125 0.5375
0 0.684375 0.5171875 0.6375 0.5171875 0.6375 0.5390625 0.684375 0.5390625
0 0.6859375 0.5359375 0.6828125 0.5359375 0.6828125 0.5390625 0.6859375 0.5390625