0 0.2078125 0.240625 0.15312500000000004 0.240625 0.15312500000000004 0.2609375 0.2078125 0.2609375
0 0.3375 0.24375 0.2265625 0.24375 0.2265625 0.2609375 0.3375 0.2609375
0 0.40625 0.24218750000000006 0.3546875 0.2421875 0.3546875 0.26093750000000004 0.40625 0.2609375000000001
0 0.475 0.2468750000000001 0.4234375 0.2468750000000001 0.4234375 0.2609375000000001 0.475 0.2609375000000001
0 0.4796875 0.2562500000000001 0.478125 0.2562500000000001 0.478125 0.2578125000000001 0.4796875 0.2578125000000001
0 0.5546875 0.24218750000000008 0.496875 0.24218750000000008 0.496875 0.2671875000000001 0.5546875 0.2671875000000001
0 0.6078125 0.2390625000000001 0.5703125 0.2390625000000001 0.5703125 0.2578125000000001 0.6078125 0.2578125000000001
0 0.728125 0.24375000000000008 0.6234375 0.24375000000000008 0.6234375 0.2765625000000001 0.728125 0.2765625000000001
0 0.8734375 0.2390625000000001 0.7515625 0.2390625000000001 0.7515625 0.2609375000000001 0.8734375 0.2609375000000001
0 0.18125000000000005 0.2890625 0.13906250000000003 0.2890625 0.13906250000000003 0.309375 0.18125000000000005 0.309375
0 0.2890625 0.2921875 0.19687500000000005 0.2921875 0.19687500000000005 0.3203125 0.2890625 0.3203125
0 0.38125 0.290625 0.3046875 0.290625 0.3046875 0.30937500000000007 0.38125 0.30937500000000007
0 0.5 0.2921875000000001 0.3921875 0.2921875000000001 0.3921875 0.31718750000000007 0.5 0.31718750000000007
0 0.50625 0.3078125000000001 0.5046875 0.3078125000000001 0.5046875 0.30937500000000007 0.50625 0.30937500000000007
0 0.6609375 0.2906250000000001 0.5140625 0.2906250000000001 0.5140625 0.3187500000000001 0.6609375 0.3187500000000001
0 0.721875 0.29375000000000007 0.6796875 0.29375000000000007 0.6796875 0.3109375000000001 0.721875 0.3109375000000001
0 0.775 0.2984375000000001 0.734375 0.2984375000000001 0.734375 0.30937500000000007 0.775 0.30937500000000007
0 0.853125 0.2921875000000001 0.7875 0.2921875000000001 0.7875 0.3156250000000001 0.853125 0.3156250000000001
0 0.8671875 0.2953125000000001 0.8546875 0.2953125000000001 0.8546875 0.3109375000000001 0.8671875 0.3109375000000001
0 0.9015625 0.2921875000000001 0.859375 0.2921875000000001 0.859375 0.3109375000000001 0.9015625 0.3109375000000001
0 0.17812500000000003 0.340625 0.14375000000000004 0.340625 0.14375000000000004 0.3609375 0.17812500000000003 0.3609375
0 0.2734375 0.3375 0.2015625 0.3375 0.2015625 0.359375 0.2734375 0.359375
0 0.3296875 0.346875 0.2890625 0.346875 0.2890625 0.3609375 0.3296875 0.3609375
0 0.4453125 0.3375 0.35 0.3375 0.35000000000000003 0.3765625 0.4453125 0.3765625000000001
0 0.525 0.34062500000000007 0.4578125 0.34062500000000007 0.4578125 0.3671875000000001 0.525 0.3671875000000001
0 0.5296875 0.3546875000000001 0.5234375 0.3546875000000001 0.5234375 0.3625000000000001 0.5296875 0.3625000000000001
0 0.6078125 0.3437500000000001 0.54375 0.3437500000000001 0.54375 0.3593750000000001 0.6078125 0.3593750000000001
0 0.6734375 0.3421875000000001 0.6265625 0.3421875000000001 0.6265625 0.3593750000000001 0.6734375 0.3593750000000001
0 0.7671875 0.3421875000000001 0.684375 0.3421875000000001 0.684375 0.3671875000000001 0.7671875 0.3671875000000001
0 0.8109375 0.3421875000000001 0.778125 0.3421875000000001 0.778125 0.3687500000000001 0.8109375 0.3687500000000001
0 0.8703125 0.3453125000000001 0.8234375 0.3453125000000001 0.8234375 0.3609375000000001 0.8703125 0.3609375000000001
0 0.2234375000000001 0.3921875 0.14531250000000004 0.3921875 0.14531250000000004 0.4125 0.2234375000000001 0.4125
0 0.30937500000000007 0.4 0.2468750000000001 0.4 0.2468750000000001 0.4125 0.30937500000000007 0.4125
0 0.4 0.3921875 0.3281250000000001 0.3921875 0.3281250000000001 0.421875 0.4 0.421875
0 0.4078125 0.409375 0.40625 0.409375 0.40625 0.4109375 0.4078125 0.4109375
0 0.534375 0.3937500000000001 0.425 0.3937500000000001 0.425 0.4109375 0.534375 0.4109375
0 0.7421875 0.3921875000000001 0.553125 0.3921875000000001 0.553125 0.42656250000000007 0.7421875 0.4265625000000002
0 0.80625 0.3921875000000001 0.7578125 0.3921875000000001 0.7578125 0.4125000000000002 0.80625 0.4125000000000002
0 0.875 0.3921875000000001 0.81875 0.3921875000000001 0.81875 0.4125000000000002 0.875 0.4125000000000002
0 0.18437500000000004 0.4421875 0.14531250000000004 0.4421875 0.14531250000000004 0.4609375 0.18437500000000004 0.4609375
0 0.3031250000000001 0.4421875 0.19375000000000003 0.4421875 0.19375000000000003 0.4734375 0.3031250000000001 0.4734375
0 0.4 0.44375 0.3187500000000001 0.44375 0.3187500000000001 0.471875 0.4 0.471875
0 0.5234375 0.4421875 0.415625 0.4421875 0.415625 0.4625 0.5234375 0.4625
0 0.58125 0.44375 0.5390625 0.44375 0.5390625 0.4609375 0.58125 0.4609375
0 0.6453125 0.4453125 0.59375 0.4453125 0.59375 0.4609375 0.6453125 0.4609375
0 0.7296875 0.44218750000000007 0.6625 0.4421875 0.6625 0.4781250000000001 0.7296875 0.4781250000000002
0 0.7390625 0.45312500000000017 0.7296875 0.45312500000000017 0.7296875 0.4656250000000002 0.7390625 0.4656250000000002
0 0.79375 0.4421875000000002 0.753125 0.4421875000000002 0.753125 0.4625000000000002 0.79375 0.4625000000000002
0 0.8796875 0.4421875000000002 0.8109375 0.4421875000000002 0.8109375 0.46406250000000016 0.8796875 0.46406250000000016
0 0.18906250000000005 0.4984375 0.14062500000000006 0.4984375 0.14062500000000006 0.5140625 0.18906250000000005 0.5140625
0 0.2375000000000001 0.4984375 0.2062500000000001 0.4984375 0.2062500000000001 0.5125 0.2375000000000001 0.5125
0 0.3140625000000001 0.490625 0.2609375000000001 0.490625 0.2609375000000001 0.5109375 0.3140625000000001 0.5109375
0 0.3890625000000001 0.49375 0.33281250000000007 0.49375 0.33281250000000007 0.5125 0.3890625000000001 0.5125
0 0.39531250000000007 0.509375 0.3906250000000001 0.509375 0.3906250000000001 0.5140625 0.39531250000000007 0.5140625
0 0.5421875 0.4890625 0.4109375 0.4890625 0.4109375 0.528125 0.5421875 0.528125
0 0.6015625 0.4890625 0.5640625 0.4890625 0.5640625 0.5125 0.6015625 0.5125
0 0.69375 0.4953125 0.6171875 0.4953125 0.6171875 0.5140625 0.69375 0.5140625
0 0.740625 0.4937500000000001 0.7109375 0.49375 0.7109375 0.5140625000000001 0.740625 0.5140625000000002
0 0.8140625 0.4937500000000002 0.7453125 0.4937500000000002 0.7453125 0.5140625000000002 0.8140625 0.5140625000000002
0 0.85625 0.5031250000000002 0.8265625 0.5031250000000002 0.8265625 0.5140625000000002 0.85625 0.5140625000000002
0 0.23437500000000008 0.5421875 0.14218750000000005 0.5421875 0.14218750000000008 0.5640625 0.23437500000000008 0.5640625
0 0.2828125000000001 0.5453125 0.2562500000000001 0.5453125 0.2562500000000001 0.5640625 0.2828125000000001 0.5640625
0 0.4046875 0.54375 0.3000000000000001 0.54375 0.3000000000000001 0.5625 0.4046875 0.5625
0 0.415625 0.553125 0.4125 0.553125 0.4125 0.559375 0.415625 0.559375
0 0.4390625 0.5453125 0.434375 0.5453125 0.434375 0.5515625 0.4390625 0.5515625
0 0.4984375 0.54375 0.4484375 0.54375 0.4484375 0.5640625 0.4984375 0.5640625
0 0.5875 0.540625 0.5140625 0.540625 0.5140625 0.5640625 0.5875 0.5640625
0 0.621875 0.55625 0.59375 0.55625 0.59375 0.5625 0.621875 0.5625
0 0.6625 0.55 0.6421875 0.55 0.6421875 0.5609375 0.6625 0.5609375
0 0.728125 0.5453125000000001 0.6796875 0.5453125 0.6796875 0.5609375000000001 0.728125 0.5609375000000002
0 0.8265625 0.5453125000000002 0.746875 0.5453125000000002 0.746875 0.5656250000000002 0.8265625 0.5656250000000002
0 0.88125 0.5390625000000002 0.8296875 0.5390625000000002 0.8296875 0.5625000000000002 0.88125 0.5625000000000002
0 0.86875 0.5578125000000002 0.865625 0.5578125000000002 0.865625 0.5593750000000002 0.86875 0.5593750000000002