0 0.2046875 0.19687500000000002 0.14062500000000006 0.196875 0.14062500000000006 0.221875 0.2046875 0.221875
0 0.3046875 0.2125 0.2328125 0.2125 0.2328125 0.221875 0.3046875 0.221875
0 0.4125 0.20781250000000004 0.3359375 0.2078125 0.3359375 0.23437500000000006 0.4125 0.23437500000000008
0 0.4921875 0.2140625000000001 0.4328125 0.2140625000000001 0.4328125 0.2250000000000001 0.4921875 0.2250000000000001
0 0.5359375 0.2156250000000001 0.5125 0.2156250000000001 0.5125 0.2234375000000001 0.5359375 0.2234375000000001
0 0.6828125 0.2093750000000001 0.55625 0.2093750000000001 0.55625 0.22812500000000008 0.6828125 0.22812500000000008
0 0.7328125 0.2078125000000001 0.7125 0.2078125000000001 0.7125 0.2250000000000001 0.7328125 0.2250000000000001
0 0.8078125 0.21250000000000008 0.7515625 0.21250000000000008 0.7515625 0.22656250000000008 0.8078125 0.22656250000000008
0 0.875 0.2093750000000001 0.815625 0.2093750000000001 0.815625 0.22812500000000008 0.875 0.22812500000000008
0 0.884375 0.2250000000000001 0.8796875 0.2250000000000001 0.8796875 0.22812500000000008 0.884375 0.22812500000000008
0 0.228125 0.246875 0.14218750000000005 0.246875 0.14218750000000005 0.271875 0.228125 0.271875
0 0.3046875 0.2546875 0.25625 0.2546875 0.25625 0.275 0.3046875 0.275
0 0.5140625 0.25625000000000003 0.3390625 0.25625 0.3390625 0.27968750000000003 0.5140625 0.2796875000000001
0 0.6390625 0.2609375000000001 0.5453125 0.2609375000000001 0.5453125 0.2843750000000001 0.6390625 0.2843750000000001
0 0.7140625 0.2578125000000001 0.6703125 0.2578125000000001 0.6703125 0.2765625000000001 0.7140625 0.2765625000000001
0 0.8015625 0.25468750000000007 0.7328125 0.25468750000000007 0.7328125 0.27812500000000007 0.8015625 0.27812500000000007
0 0.8609375 0.2500000000000001 0.8375 0.2500000000000001 0.8375 0.2734375000000001 0.8609375 0.2734375000000001
0 0.18906250000000005 0.303125 0.14531250000000004 0.303125 0.14531250000000004 0.3234375 0.18906250000000005 0.3234375
0 0.353125 0.3046875 0.2265625 0.3046875 0.2265625 0.3328125 0.353125 0.3328125
0 0.46875 0.3062500000000001 0.384375 0.3062500000000001 0.384375 0.3265625000000001 0.46875 0.3265625000000001
0 0.4828125 0.3218750000000001 0.475 0.3218750000000001 0.475 0.3296875000000001 0.4828125 0.3296875000000001
0 0.53125 0.3031250000000001 0.484375 0.3031250000000001 0.484375 0.32500000000000007 0.53125 0.32500000000000007
0 0.6296875 0.3062500000000001 0.55 0.3062500000000001 0.55 0.32500000000000007 0.6296875 0.32500000000000007
0 0.71875 0.3187500000000001 0.6609375 0.3187500000000001 0.6609375 0.3281250000000001 0.71875 0.3281250000000001
0 0.834375 0.30937500000000007 0.7328125 0.30937500000000007 0.7328125 0.3375000000000001 0.834375 0.3375000000000001
0 0.24843750000000003 0.3546875 0.14843750000000006 0.3546875 0.14843750000000006 0.384375 0.2484375000000001 0.384375
0 0.2671875000000001 0.3734375 0.26250000000000007 0.3734375 0.26250000000000007 0.38125 0.2671875000000001 0.38125
0 0.32031250000000006 0.3609375 0.275 0.3609375 0.275 0.3765625 0.3203125000000001 0.3765625
0 0.38906250000000003 0.35781250000000003 0.346875 0.3578125 0.34687500000000004 0.37812500000000004 0.3890625000000001 0.3781250000000001
0 0.521875 0.3546875000000001 0.4296875 0.3546875000000001 0.4296875 0.3765625000000001 0.521875 0.3765625000000001
0 0.6125 0.3609375000000001 0.5453125 0.3609375000000001 0.5453125 0.3781250000000001 0.6125 0.3781250000000001
0 0.6796875 0.3593750000000001 0.6375 0.3593750000000001 0.6375 0.3781250000000001 0.6796875 0.3781250000000001
0 0.7828125 0.36406250000000007 0.7125 0.36406250000000007 0.7125 0.37968750000000007 0.7828125 0.37968750000000007
0 0.8390625 0.3609375000000001 0.809375 0.3609375000000001 0.809375 0.3781250000000001 0.8390625 0.3781250000000001
0 0.2750000000000001 0.40625 0.14531250000000004 0.40625 0.14531250000000004 0.43125 0.2750000000000001 0.43125
0 0.34843750000000007 0.4140625 0.3140625000000001 0.4140625 0.3140625000000001 0.425 0.34843750000000007 0.425
0 0.5171875 0.4109375 0.3890625000000001 0.4109375 0.3890625000000001 0.4265625 0.5171875 0.4265625
0 0.671875 0.4109375 0.5546875 0.4109375 0.5546875 0.43125 0.671875 0.43125
0 0.8546875 0.4062500000000001 0.7203125 0.40625 0.7203125 0.4281250000000001 0.8546875 0.4281250000000002
0 0.8671875 0.4234375000000002 0.8609375 0.4234375000000002 0.8609375 0.4312500000000002 0.8671875 0.4312500000000002
0 0.27031250000000007 0.446875 0.14531250000000004 0.446875 0.14531250000000004 0.4765625 0.27031250000000007 0.4765625
0 0.4125 0.4546875 0.3078125000000001 0.4546875 0.3078125000000001 0.490625 0.4125 0.490625
0 0.5171875 0.4578125 0.446875 0.4578125 0.446875 0.478125 0.5171875 0.478125
0 0.625 0.4578125 0.54375 0.4578125 0.54375 0.4796875 0.625 0.4796875
0 0.6859375 0.4609375 0.6609375 0.4609375 0.6609375 0.4796875 0.6859375 0.4796875
0 0.7046875 0.478125 0.7 0.478125 0.7 0.48125 0.7046875 0.48125
0 0.7609375 0.45781250000000007 0.7109375 0.4578125 0.7109375 0.4796875000000001 0.7609375 0.47968750000000016
0 0.890625 0.4515625000000002 0.79375 0.4515625000000002 0.79375 0.4812500000000002 0.890625 0.4812500000000002
0 0.23593750000000008 0.5125 0.13593750000000004 0.5125 0.13593750000000004 0.5265625 0.23593750000000008 0.5265625
0 0.3734375000000001 0.5078125 0.2984375000000001 0.5078125 0.2984375000000001 0.528125 0.3734375000000001 0.528125
0 0.4515625 0.5078125 0.39531250000000007 0.5078125 0.39531250000000007 0.5265625 0.4515625 0.5265625
0 0.5609375 0.5125 0.4890625 0.5125 0.4890625 0.5359375 0.5609375 0.5359375
0 0.6609375 0.515625 0.5921875 0.515625 0.5921875 0.5296875 0.6609375 0.5296875
0 0.8484375 0.5062500000000001 0.69375 0.50625 0.69375 0.5406250000000001 0.8484375 0.5406250000000001
0 0.86875 0.5187500000000002 0.853125 0.5187500000000002 0.853125 0.5375000000000002 0.86875 0.5375000000000002
0 0.20468750000000008 0.55625 0.1375000000000001 0.55625 0.1375000000000001 0.5734375 0.20468750000000008 0.5734375
0 0.2953125000000001 0.55625 0.2453125000000001 0.55625 0.2453125000000001 0.5796875 0.2953125000000001 0.5796875
0 0.4375 0.55625 0.3296875000000001 0.55625 0.3296875000000001 0.5796875 0.4375 0.5796875
0 0.6125 0.5578125 0.4921875 0.5578125 0.4921875 0.5859375 0.6125 0.5859375
0 0.6265625 0.5765625 0.6203125 0.5765625 0.6203125 0.5796875 0.6265625 0.5796875