0 0.17812500000000003 0.196875 0.15937500000000004 0.196875 0.15937500000000004 0.2125 0.17812500000000003 0.2125
0 0.26875 0.19531250000000006 0.19687500000000005 0.19531250000000006 0.19687500000000005 0.2140625 0.26875 0.2140625
0 0.3078125 0.19531250000000006 0.28125 0.19531250000000006 0.28125 0.2109375 0.3078125 0.2109375
0 0.35625 0.19375000000000003 0.321875 0.19375000000000003 0.321875 0.2109375 0.35625 0.2109375
0 0.3578125 0.20625 0.3546875 0.20625 0.3546875 0.2109375 0.3578125 0.2109375
0 0.4296875 0.19687500000000005 0.378125 0.19687500000000005 0.378125 0.21093750000000008 0.4296875 0.21093750000000008
0 0.5328125 0.19531250000000006 0.453125 0.19531250000000006 0.453125 0.2140625000000001 0.5328125 0.2140625000000001
0 0.6 0.1937500000000001 0.5546875 0.1937500000000001 0.5546875 0.21250000000000008 0.6 0.21250000000000008
0 0.6375 0.19531250000000008 0.621875 0.19531250000000008 0.621875 0.21093750000000008 0.6375 0.21093750000000008
0 0.6734375 0.2015625000000001 0.6625 0.2015625000000001 0.6625 0.2140625000000001 0.6734375 0.2140625000000001
0 0.75 0.2000000000000001 0.696875 0.2000000000000001 0.696875 0.2171875000000001 0.75 0.2171875000000001
0 0.803125 0.1984375000000001 0.7796875 0.1984375000000001 0.7796875 0.21875000000000008 0.803125 0.21875000000000008
0 0.8703125 0.19531250000000008 0.828125 0.19531250000000008 0.828125 0.21250000000000008 0.8703125 0.21250000000000008
0 0.8765625 0.2078125000000001 0.8703125 0.2078125000000001 0.8703125 0.21875000000000008 0.8765625 0.21875000000000008
0 0.19531250000000006 0.24375 0.16406250000000006 0.24375 0.16406250000000006 0.2609375 0.19531250000000006 0.2609375
0 0.3390625 0.24375 0.221875 0.24375 0.221875 0.2609375 0.3390625 0.2609375
0 0.4 0.24531250000000004 0.3609375 0.2453125 0.3609375 0.2671875 0.4 0.2671875000000001
0 0.496875 0.2468750000000001 0.421875 0.2468750000000001 0.421875 0.2687500000000001 0.496875 0.2687500000000001
0 0.5546875 0.2500000000000001 0.5125 0.2500000000000001 0.5125 0.26250000000000007 0.5546875 0.26250000000000007
0 0.6015625 0.2484375000000001 0.5734375 0.2484375000000001 0.5734375 0.2640625000000001 0.6015625 0.2640625000000001
0 0.7140625 0.2484375000000001 0.625 0.2484375000000001 0.625 0.2734375000000001 0.7140625 0.2734375000000001
0 0.7671875 0.2500000000000001 0.740625 0.2500000000000001 0.740625 0.27031250000000007 0.7671875 0.27031250000000007
0 0.8296875 0.2500000000000001 0.7921875 0.2500000000000001 0.7921875 0.2656250000000001 0.8296875 0.2656250000000001
0 0.2203125 0.29375 0.16718750000000004 0.29375 0.16718750000000004 0.3125 0.2203125 0.3125
0 0.2609375 0.2921875 0.24375 0.2921875 0.24375 0.3125 0.2609375 0.3125
0 0.321875 0.2953125 0.29375 0.2953125 0.29375 0.3125 0.321875 0.3125
0 0.396875 0.29375000000000007 0.353125 0.29375 0.353125 0.31875000000000003 0.396875 0.3187500000000001
0 0.4890625 0.2968750000000001 0.4203125 0.2968750000000001 0.4203125 0.3140625000000001 0.4890625 0.3140625000000001
0 0.496875 0.30937500000000007 0.49375 0.30937500000000007 0.49375 0.3140625000000001 0.496875 0.3140625000000001
0 0.5578125 0.2968750000000001 0.525 0.2968750000000001 0.525 0.3140625000000001 0.5578125 0.3140625000000001
0 0.6515625 0.2984375000000001 0.58125 0.2984375000000001 0.58125 0.3140625000000001 0.6515625 0.3140625000000001
0 0.71875 0.3000000000000001 0.68125 0.3000000000000001 0.68125 0.3156250000000001 0.71875 0.3156250000000001
0 0.803125 0.2984375000000001 0.7328125 0.2984375000000001 0.7328125 0.3218750000000001 0.803125 0.3218750000000001
0 0.846875 0.30156250000000007 0.825 0.30156250000000007 0.825 0.3140625000000001 0.846875 0.3140625000000001
0 0.25312500000000004 0.34375 0.16406250000000006 0.34375 0.16406250000000006 0.3703125 0.2531250000000001 0.3703125
0 0.3046875 0.353125 0.2796875 0.353125 0.2796875 0.3625 0.3046875 0.3625
0 0.4109375 0.34843750000000007 0.334375 0.3484375 0.334375 0.36250000000000004 0.4109375 0.3625000000000001
0 0.5015625 0.3437500000000001 0.4375 0.3437500000000001 0.4375 0.3734375000000001 0.5015625 0.3734375000000001
0 0.5953125 0.3515625000000001 0.528125 0.3515625000000001 0.528125 0.3656250000000001 0.5953125 0.3656250000000001
0 0.69375 0.3468750000000001 0.625 0.3468750000000001 0.625 0.3656250000000001 0.69375 0.3656250000000001
0 0.8234375 0.3500000000000001 0.7203125 0.3500000000000001 0.7203125 0.3671875000000001 0.8234375 0.3671875000000001
0 0.2156250000000001 0.396875 0.15781250000000005 0.396875 0.15781250000000005 0.4234375 0.2156250000000001 0.4234375
0 0.2250000000000001 0.409375 0.22031250000000008 0.409375 0.22031250000000008 0.4203125 0.2250000000000001 0.4203125
0 0.28593750000000007 0.3953125 0.24375000000000008 0.3953125 0.24375000000000008 0.4125 0.28593750000000007 0.4125
0 0.3281250000000001 0.396875 0.3078125000000001 0.396875 0.3078125000000001 0.4125 0.3281250000000001 0.4125
0 0.421875 0.39843750000000006 0.3625000000000001 0.3984375 0.3625000000000001 0.4140625 0.421875 0.4140625
0 0.4734375 0.4046875 0.446875 0.4046875 0.446875 0.415625 0.4734375 0.415625
0 0.565625 0.39531250000000007 0.5015625 0.39531250000000007 0.5015625 0.4234375 0.565625 0.4234375
0 0.6078125 0.3968750000000001 0.590625 0.3968750000000001 0.590625 0.415625 0.6078125 0.415625
0 0.659375 0.4046875 0.6328125 0.4046875 0.6328125 0.415625 0.659375 0.415625
0 0.74375 0.4062500000000001 0.6765625 0.40625 0.6765625 0.4156250000000001 0.74375 0.4156250000000002
0 0.79375 0.4000000000000002 0.7703125 0.4000000000000002 0.7703125 0.4203125000000002 0.79375 0.4203125000000002
0 0.34843750000000007 0.4484375 0.16093750000000004 0.4484375 0.16093750000000004 0.46875 0.34843750000000007 0.46875
0 0.3531250000000001 0.4578125 0.34843750000000007 0.4578125 0.34843750000000007 0.46875 0.3531250000000001 0.46875
0 0.4171875 0.446875 0.3703125000000001 0.446875 0.3703125000000001 0.4625 0.4171875 0.4625
0 0.53125 0.45 0.440625 0.45 0.440625 0.4640625 0.53125 0.4640625
0 0.6 0.4515625 0.55625 0.4515625 0.55625 0.465625 0.6 0.465625
0 0.690625 0.45 0.6234375 0.45 0.6234375 0.4671875 0.690625 0.4671875
0 0.7625 0.4562500000000001 0.7125 0.45625 0.7125 0.4671875000000001 0.7625 0.4671875000000002
0 0.81875 0.44843750000000016 0.78125 0.44843750000000016 0.78125 0.4671875000000002 0.81875 0.4671875000000002
0 0.8328125 0.46406250000000016 0.8265625 0.46406250000000016 0.8265625 0.4750000000000002 0.8328125 0.4750000000000002
0 0.23593750000000008 0.4984375 0.16718750000000004 0.4984375 0.16718750000000004 0.5125 0.23593750000000008 0.5125
0 0.2953125000000001 0.49375 0.2593750000000001 0.49375 0.2593750000000001 0.5125 0.2953125000000001 0.5125
0 0.3078125000000001 0.50625 0.30156250000000007 0.50625 0.30156250000000007 0.5171875 0.3078125000000001 0.5171875
0 0.3468750000000001 0.49375 0.3296875000000001 0.49375 0.3296875000000001 0.5140625 0.3468750000000001 0.5140625
0 0.40625 0.4953125 0.3703125000000001 0.4953125 0.3703125000000001 0.5125 0.40625 0.5125
0 0.4671875 0.503125 0.425 0.503125 0.425 0.515625 0.4671875 0.515625
0 0.59375 0.4984375 0.4921875 0.4984375 0.4921875 0.521875 0.59375 0.521875
0 0.6578125 0.4984375 0.6234375 0.4984375 0.6234375 0.515625 0.6578125 0.515625
0 0.6953125 0.5109375 0.6734375 0.5109375 0.6734375 0.515625 0.6953125 0.515625