0 0.19531250000000006 0.19062500000000002 0.15312500000000004 0.190625 0.15312500000000004 0.2125 0.19531250000000006 0.2125
0 0.2359375 0.19843750000000004 0.2109375 0.19843750000000004 0.2109375 0.2125 0.2359375 0.2125
0 0.328125 0.18906250000000005 0.25625 0.18906250000000005 0.25625 0.215625 0.328125 0.215625
0 0.3421875 0.203125 0.334375 0.203125 0.334375 0.2125 0.3421875 0.2125
0 0.40625 0.18906250000000005 0.35 0.18906250000000005 0.35 0.21250000000000005 0.40625 0.21250000000000008
0 0.4921875 0.19375000000000003 0.4234375 0.19375000000000003 0.4234375 0.21875000000000008 0.4921875 0.21875000000000008
0 0.5484375 0.2000000000000001 0.5015625 0.2000000000000001 0.5015625 0.2218750000000001 0.5484375 0.2218750000000001
0 0.6921875 0.1937500000000001 0.5625 0.1937500000000001 0.5625 0.22031250000000008 0.6921875 0.22031250000000008
0 0.6984375 0.2062500000000001 0.69375 0.2062500000000001 0.69375 0.2140625000000001 0.6984375 0.2140625000000001
0 0.809375 0.1937500000000001 0.7140625 0.1937500000000001 0.7140625 0.2218750000000001 0.809375 0.2218750000000001
0 0.8484375 0.1921875000000001 0.8203125 0.1921875000000001 0.8203125 0.2140625000000001 0.8484375 0.2140625000000001
0 0.17343750000000005 0.2515625 0.15312500000000004 0.2515625 0.15312500000000004 0.2640625 0.17343750000000005 0.2640625
0 0.3125 0.2421875 0.203125 0.2421875 0.203125 0.2703125 0.3125 0.2703125
0 0.3265625 0.259375 0.3234375 0.259375 0.3234375 0.2625 0.3265625 0.2625
0 0.375 0.24687500000000004 0.3578125 0.246875 0.3578125 0.26562500000000006 0.375 0.2656250000000001
0 0.39375 0.2453125000000001 0.3796875 0.2453125000000001 0.3796875 0.26250000000000007 0.39375 0.26250000000000007
0 0.421875 0.2515625000000001 0.4078125 0.2515625000000001 0.4078125 0.2656250000000001 0.421875 0.2656250000000001
0 0.4984375 0.2500000000000001 0.4421875 0.2500000000000001 0.4421875 0.26250000000000007 0.4984375 0.26250000000000007
0 0.5140625 0.24218750000000008 0.509375 0.24218750000000008 0.509375 0.2609375000000001 0.5140625 0.2609375000000001
0 0.56875 0.24375000000000008 0.5359375 0.24375000000000008 0.5359375 0.26250000000000007 0.56875 0.26250000000000007
0 0.6375 0.24375000000000008 0.5828125 0.24375000000000008 0.5828125 0.26250000000000007 0.6375 0.26250000000000007
0 0.653125 0.2593750000000001 0.6484375 0.2593750000000001 0.6484375 0.26250000000000007 0.653125 0.26250000000000007
0 0.7140625 0.2453125000000001 0.6625 0.2453125000000001 0.6625 0.2656250000000001 0.7140625 0.2656250000000001
0 0.796875 0.2453125000000001 0.725 0.2453125000000001 0.725 0.2656250000000001 0.796875 0.2656250000000001
0 0.20625 0.29375 0.15312500000000004 0.29375 0.15312500000000004 0.3171875 0.20625 0.3171875
0 0.3484375 0.2984375 0.2296875 0.2984375 0.2296875 0.3234375 0.3484375 0.3234375
0 0.3609375 0.30625 0.35625 0.30625 0.35625 0.3171875 0.3609375 0.3171875
0 0.421875 0.2921875000000001 0.3765625 0.2921875000000001 0.3765625 0.3203125000000001 0.421875 0.3203125000000001
0 0.4921875 0.2968750000000001 0.4359375 0.2968750000000001 0.4359375 0.3218750000000001 0.4921875 0.3218750000000001
0 0.559375 0.2968750000000001 0.5015625 0.2968750000000001 0.5015625 0.3140625000000001 0.559375 0.3140625000000001
0 0.63125 0.2921875000000001 0.58125 0.2921875000000001 0.58125 0.3125000000000001 0.63125 0.3125000000000001
0 0.690625 0.30156250000000007 0.646875 0.30156250000000007 0.646875 0.31718750000000007 0.690625 0.31718750000000007
0 0.7734375 0.2953125000000001 0.703125 0.2953125000000001 0.703125 0.3156250000000001 0.7734375 0.3156250000000001
0 0.8375 0.2921875000000001 0.7875 0.2921875000000001 0.7875 0.3140625000000001 0.8375 0.3140625000000001
0 0.20937500000000003 0.3453125 0.15781250000000005 0.3453125 0.15781250000000005 0.371875 0.2093750000000001 0.371875
0 0.27968750000000003 0.353125 0.2234375 0.353125 0.22343750000000004 0.3703125 0.2796875000000001 0.3703125
0 0.3765625 0.3453125 0.296875 0.3453125 0.29687500000000006 0.36875 0.3765625000000001 0.3687500000000001
0 0.4578125 0.3468750000000001 0.3921875 0.3468750000000001 0.3921875 0.3656250000000001 0.4578125 0.3656250000000001
0 0.4671875 0.3609375000000001 0.4640625 0.3609375000000001 0.4640625 0.36406250000000007 0.4671875 0.36406250000000007
0 0.53125 0.3468750000000001 0.4890625 0.3468750000000001 0.4890625 0.3656250000000001 0.53125 0.3656250000000001
0 0.6234375 0.3453125000000001 0.54375 0.3453125000000001 0.54375 0.36406250000000007 0.6234375 0.36406250000000007
0 0.7234375 0.3453125000000001 0.6375 0.3453125000000001 0.6375 0.37187500000000007 0.7234375 0.37187500000000007
0 0.7828125 0.3531250000000001 0.734375 0.3531250000000001 0.734375 0.3703125000000001 0.7828125 0.3703125000000001
0 0.8578125 0.3531250000000001 0.79375 0.3531250000000001 0.79375 0.3656250000000001 0.8578125 0.3656250000000001
0 0.18437500000000004 0.4015625 0.15781250000000005 0.4015625 0.15781250000000005 0.41875 0.18437500000000004 0.41875
0 0.2531250000000001 0.4046875 0.2093750000000001 0.4046875 0.2093750000000001 0.425 0.2531250000000001 0.425
0 0.3109375000000001 0.3984375 0.2750000000000001 0.3984375 0.2750000000000001 0.4171875 0.3109375000000001 0.4171875
0 0.4 0.39687500000000003 0.3296875000000001 0.396875 0.3296875000000001 0.4171875 0.4 0.4171875
0 0.4828125 0.3984375000000001 0.4203125 0.3984375000000001 0.4203125 0.4171875 0.4828125 0.4171875
0 0.615625 0.4 0.5046875 0.4 0.5046875 0.4203125 0.615625 0.4203125
0 0.6546875 0.4015625 0.6265625 0.4015625 0.6265625 0.41875 0.6546875 0.41875
0 0.728125 0.4000000000000001 0.6734375 0.4 0.6734375 0.41875000000000007 0.728125 0.4187500000000002
0 0.778125 0.4000000000000002 0.75 0.4000000000000002 0.75 0.4187500000000002 0.778125 0.4187500000000002
0 0.8265625 0.3984375000000001 0.8015625 0.3984375000000001 0.8015625 0.4187500000000002 0.8265625 0.4187500000000002
0 0.19062500000000004 0.45 0.16093750000000004 0.45 0.16093750000000004 0.46875 0.19062500000000004 0.46875
0 0.30156250000000007 0.45 0.2140625000000001 0.45 0.2140625000000001 0.46875 0.30156250000000007 0.46875
0 0.3156250000000001 0.4625 0.30937500000000007 0.4625 0.30937500000000007 0.4671875 0.3156250000000001 0.4671875
0 0.4328125 0.4453125 0.3437500000000001 0.4453125 0.3437500000000001 0.4671875 0.4328125 0.4671875
0 0.490625 0.4484375 0.4515625 0.4484375 0.4515625 0.46875 0.490625 0.46875
0 0.5703125 0.4453125 0.50625 0.4453125 0.50625 0.465625 0.5703125 0.465625
0 0.5859375 0.45625 0.5796875 0.45625 0.5796875 0.465625 0.5859375 0.465625
0 0.66875 0.446875 0.6140625 0.446875 0.6140625 0.46875 0.66875 0.46875
0 0.7484375 0.4453125000000001 0.690625 0.4453125 0.690625 0.4703125000000001 0.7484375 0.4703125000000002
0 0.803125 0.4500000000000002 0.7625 0.4500000000000002 0.7625 0.47187500000000016 0.803125 0.47187500000000016
0 0.2296875000000001 0.4953125 0.15312500000000004 0.4953125 0.15312500000000004 0.51875 0.2296875000000001 0.51875
0 0.26250000000000007 0.49375 0.2484375000000001 0.49375 0.2484375000000001 0.51875 0.26250000000000007 0.51875
0 0.3531250000000001 0.496875 0.2875000000000001 0.496875 0.2875000000000001 0.51875 0.3531250000000001 0.51875
0 0.4625 0.4984375 0.3625000000000001 0.4984375 0.3625000000000001 0.51875 0.4625 0.51875
0 0.478125 0.509375 0.471875 0.509375 0.471875 0.5171875 0.478125 0.5171875