0 0.19218750000000004 0.2078125 0.13437500000000005 0.2078125 0.13437500000000005 0.2421875 0.19218750000000004 0.2421875
0 0.353125 0.2078125 0.2203125 0.2078125 0.2203125 0.2359375 0.353125 0.2359375
0 0.6 0.21093750000000008 0.39375 0.21093750000000008 0.39375 0.22656250000000008 0.6 0.22656250000000008
0 0.60625 0.22031250000000008 0.596875 0.22031250000000008 0.596875 0.2328125000000001 0.60625 0.2328125000000001
0 0.6890625 0.2156250000000001 0.634375 0.2156250000000001 0.634375 0.24375000000000008 0.6890625 0.24375000000000008
0 0.8609375 0.2062500000000001 0.7234375 0.2062500000000001 0.7234375 0.2250000000000001 0.8609375 0.2250000000000001
0 0.203125 0.2625 0.14218750000000005 0.2625 0.14218750000000005 0.2796875 0.203125 0.2796875
0 0.2109375 0.271875 0.2078125 0.271875 0.2078125 0.275 0.2109375 0.275
0 0.3203125 0.2578125 0.234375 0.2578125 0.234375 0.278125 0.3203125 0.278125
0 0.4 0.26406250000000003 0.35 0.2640625 0.35 0.27656250000000004 0.4 0.2765625000000001
0 0.51875 0.2578125000000001 0.4390625 0.2578125000000001 0.4390625 0.2765625000000001 0.51875 0.2765625000000001
0 0.6 0.2640625000000001 0.5453125 0.2640625000000001 0.5453125 0.2906250000000001 0.6 0.2906250000000001
0 0.68125 0.2640625000000001 0.6328125 0.2640625000000001 0.6328125 0.2765625000000001 0.68125 0.2765625000000001
0 0.75625 0.2609375000000001 0.71875 0.2609375000000001 0.71875 0.2765625000000001 0.75625 0.2765625000000001
0 0.8515625 0.2578125000000001 0.7921875 0.2578125000000001 0.7921875 0.2750000000000001 0.8515625 0.2750000000000001
0 0.15781250000000005 0.3140625 0.14062500000000006 0.3140625 0.14062500000000006 0.33125 0.15781250000000005 0.33125
0 0.2078125 0.3125 0.16562500000000005 0.3125 0.16562500000000005 0.3296875 0.2078125 0.3296875
0 0.2921875 0.3125 0.2390625 0.3125 0.2390625 0.3296875 0.2921875 0.3296875
0 0.384375 0.31562500000000004 0.325 0.315625 0.325 0.34218750000000003 0.384375 0.3421875000000001
0 0.4640625 0.3125000000000001 0.421875 0.3125000000000001 0.421875 0.34062500000000007 0.4640625 0.34062500000000007
0 0.55 0.31718750000000007 0.5 0.31718750000000007 0.5 0.34062500000000007 0.55 0.34062500000000007
0 0.6609375 0.3140625000000001 0.590625 0.3140625000000001 0.590625 0.3296875000000001 0.6609375 0.3296875000000001
0 0.7703125 0.3109375000000001 0.69375 0.3109375000000001 0.69375 0.3343750000000001 0.7703125 0.3343750000000001
0 0.7859375 0.3203125000000001 0.7828125 0.3203125000000001 0.7828125 0.3218750000000001 0.7859375 0.3218750000000001
0 0.2015625000000001 0.3671875 0.14375000000000004 0.3671875 0.14375000000000004 0.384375 0.2015625000000001 0.384375
0 0.2890625000000001 0.365625 0.2468750000000001 0.365625 0.2468750000000001 0.3828125 0.2890625000000001 0.3828125
0 0.4078125 0.36875 0.3265625000000001 0.36875 0.3265625000000001 0.38281250000000006 0.4078125 0.3828125000000001
0 0.5296875 0.3625000000000001 0.4515625 0.3625000000000001 0.4515625 0.3812500000000001 0.5296875 0.3812500000000001
0 0.5984375 0.36406250000000007 0.571875 0.36406250000000007 0.571875 0.3812500000000001 0.5984375 0.3812500000000001
0 0.684375 0.3609375000000001 0.6390625 0.3609375000000001 0.6390625 0.3812500000000001 0.684375 0.3812500000000001
0 0.83125 0.3593750000000001 0.71875 0.3593750000000001 0.71875 0.3890625000000001 0.83125 0.3890625000000001
0 0.17500000000000004 0.4171875 0.14062500000000006 0.4171875 0.14062500000000006 0.440625 0.17500000000000004 0.440625
0 0.2468750000000001 0.415625 0.19843750000000004 0.415625 0.19843750000000004 0.4328125 0.2468750000000001 0.4328125
0 0.43125 0.4125 0.2875000000000001 0.4125 0.2875000000000001 0.446875 0.43125 0.446875
0 0.5359375 0.4125 0.4734375 0.4125 0.4734375 0.428125 0.5359375 0.428125
0 0.68125 0.4125 0.58125 0.4125 0.58125 0.4296875 0.68125 0.4296875
0 0.7828125 0.41093750000000007 0.7203125 0.4109375 0.7203125 0.4281250000000001 0.7828125 0.4281250000000002
0 0.8765625 0.40937500000000016 0.8171875 0.40937500000000016 0.8171875 0.4390625000000002 0.8765625 0.4390625000000002
0 0.18437500000000004 0.465625 0.13437500000000005 0.465625 0.13437500000000005 0.4828125 0.18437500000000004 0.4828125
0 0.27812500000000007 0.46875 0.2250000000000001 0.46875 0.2250000000000001 0.4796875 0.27812500000000007 0.4796875
0 0.4046875 0.4671875 0.3218750000000001 0.4671875 0.3218750000000001 0.49375 0.4046875 0.49375
0 0.4796875 0.4625 0.453125 0.4625 0.453125 0.4796875 0.4796875 0.4796875
0 0.6265625 0.4671875 0.5171875 0.4671875 0.5171875 0.4921875 0.6265625 0.4921875
0 0.7203125 0.4609375 0.6640625 0.4609375 0.6640625 0.4796875 0.7203125 0.4796875
0 0.896875 0.4593750000000002 0.7515625 0.4593750000000002 0.7515625 0.4859375000000002 0.896875 0.4859375000000002
0 0.909375 0.4703125000000002 0.90625 0.4703125000000002 0.90625 0.47187500000000016 0.909375 0.47187500000000016
0 0.2687500000000001 0.515625 0.13906250000000003 0.515625 0.13906250000000003 0.5328125 0.2687500000000001 0.5328125
0 0.3390625000000001 0.5109375 0.3156250000000001 0.5109375 0.3156250000000001 0.528125 0.3390625000000001 0.528125
0 0.446875 0.509375 0.3671875000000001 0.509375 0.3671875000000001 0.528125 0.446875 0.528125
0 0.571875 0.50625 0.490625 0.50625 0.490625 0.5265625 0.571875 0.5265625
0 0.590625 0.5203125 0.58125 0.5203125 0.58125 0.5328125 0.590625 0.5328125
0 0.665625 0.5125 0.6296875 0.5125 0.6296875 0.5375 0.665625 0.5375
0 0.8015625 0.5156250000000001 0.696875 0.515625 0.696875 0.5296875000000001 0.8015625 0.5296875000000002
0 0.821875 0.5250000000000001 0.8171875 0.5250000000000001 0.8171875 0.5265625000000002 0.821875 0.5265625000000002
0 0.21093750000000008 0.5640625 0.1375000000000001 0.5640625 0.1375000000000001 0.58125 0.21093750000000008 0.58125
0 0.3062500000000001 0.5625 0.2671875000000001 0.5625 0.2671875000000001 0.5796875 0.3062500000000001 0.5796875
0 0.4078125 0.565625 0.3515625000000001 0.565625 0.3515625000000001 0.59375 0.4078125 0.59375
0 0.553125 0.5609375 0.4546875 0.5609375 0.4546875 0.58125 0.553125 0.58125
0 0.590625 0.5578125 0.575 0.5578125 0.575 0.58125 0.590625 0.58125