0 0.2 0.203125 0.15781250000000005 0.203125 0.15781250000000005 0.225 0.2 0.225
0 0.3515625 0.2015625 0.2234375 0.2015625 0.2234375 0.2234375 0.3515625 0.2234375
0 0.425 0.19687500000000005 0.3640625 0.19687500000000005 0.3640625 0.2250000000000001 0.425 0.2250000000000001
0 0.54375 0.2000000000000001 0.44375 0.2000000000000001 0.44375 0.22031250000000008 0.54375 0.22031250000000008
0 0.6171875 0.2015625000000001 0.553125 0.2015625000000001 0.553125 0.22031250000000008 0.6171875 0.22031250000000008
0 0.665625 0.20312500000000008 0.625 0.20312500000000008 0.625 0.2218750000000001 0.665625 0.2218750000000001
0 0.73125 0.19687500000000008 0.6796875 0.19687500000000008 0.6796875 0.22031250000000008 0.73125 0.22031250000000008
0 0.8234375 0.2000000000000001 0.7390625 0.2000000000000001 0.7390625 0.2234375000000001 0.8234375 0.2234375000000001
0 0.2359375 0.2453125 0.15937500000000004 0.2453125 0.15937500000000004 0.26875 0.2359375 0.26875
0 0.3125 0.246875 0.25625 0.246875 0.25625 0.2671875 0.3125 0.2671875
0 0.378125 0.24375000000000005 0.33125 0.24375 0.33125 0.2671875 0.378125 0.2671875000000001
0 0.4953125 0.24375000000000008 0.3953125 0.24375000000000008 0.3953125 0.2671875000000001 0.4953125 0.2671875000000001
0 0.6046875 0.2531250000000001 0.51875 0.2531250000000001 0.51875 0.2656250000000001 0.6046875 0.2656250000000001
0 0.709375 0.24218750000000008 0.6171875 0.24218750000000008 0.6171875 0.2750000000000001 0.709375 0.2750000000000001
0 0.7125 0.2640625000000001 0.709375 0.2640625000000001 0.709375 0.2718750000000001 0.7125 0.2718750000000001
0 0.771875 0.2453125000000001 0.734375 0.2453125000000001 0.734375 0.2718750000000001 0.771875 0.2718750000000001
0 0.8484375 0.2562500000000001 0.7875 0.2562500000000001 0.7875 0.27031250000000007 0.8484375 0.27031250000000007
0 0.221875 0.290625 0.16250000000000003 0.290625 0.16250000000000003 0.3125 0.221875 0.3125
0 0.334375 0.290625 0.2359375 0.290625 0.2359375 0.3203125 0.334375 0.3203125
0 0.446875 0.29218750000000004 0.3421875 0.2921875 0.3421875 0.31718750000000007 0.446875 0.31718750000000007
0 0.5046875 0.2921875000000001 0.465625 0.2921875000000001 0.465625 0.3218750000000001 0.5046875 0.3218750000000001
0 0.6078125 0.2906250000000001 0.51875 0.2906250000000001 0.51875 0.3156250000000001 0.6078125 0.3156250000000001
0 0.7078125 0.30156250000000007 0.61875 0.30156250000000007 0.61875 0.3140625000000001 0.7078125 0.3140625000000001
0 0.784375 0.2968750000000001 0.7203125 0.2968750000000001 0.7203125 0.31718750000000007 0.784375 0.31718750000000007
0 0.85625 0.3062500000000001 0.796875 0.3062500000000001 0.796875 0.3187500000000001 0.85625 0.3187500000000001
0 0.21406250000000004 0.3484375 0.15937500000000004 0.3484375 0.15937500000000004 0.36875 0.2140625000000001 0.36875
0 0.39062500000000006 0.34843750000000007 0.234375 0.3484375 0.23437500000000006 0.3765625 0.3906250000000001 0.3765625000000001
0 0.4734375 0.34843750000000007 0.4015625 0.34843750000000007 0.4015625 0.3671875000000001 0.4734375 0.3671875000000001
0 0.553125 0.34843750000000007 0.4921875 0.34843750000000007 0.4921875 0.3687500000000001 0.553125 0.3687500000000001
0 0.6140625 0.3531250000000001 0.5671875 0.3531250000000001 0.5671875 0.3671875000000001 0.6140625 0.3671875000000001
0 0.678125 0.3437500000000001 0.6265625 0.3437500000000001 0.6265625 0.3656250000000001 0.678125 0.3656250000000001
0 0.7609375 0.3500000000000001 0.6875 0.3500000000000001 0.6875 0.3656250000000001 0.7609375 0.3656250000000001
0 0.2140625000000001 0.396875 0.15156250000000004 0.396875 0.15156250000000004 0.41875 0.2140625000000001 0.41875
0 0.4125 0.39375000000000004 0.2328125000000001 0.39375 0.2328125000000001 0.4171875 0.4125 0.4171875
0 0.5421875 0.3921875000000001 0.428125 0.3921875000000001 0.428125 0.415625 0.5421875 0.415625
0 0.5515625 0.4078125 0.546875 0.4078125 0.546875 0.4109375 0.5515625 0.4109375
0 0.6109375 0.39531250000000007 0.56875 0.39531250000000007 0.56875 0.4140625 0.6109375 0.4140625
0 0.6890625 0.3921875000000001 0.621875 0.3921875000000001 0.621875 0.4125 0.6890625 0.4125
0 0.746875 0.3921875000000001 0.696875 0.3921875000000001 0.696875 0.4140625000000001 0.746875 0.41406250000000017
0 0.8296875 0.39531250000000007 0.7609375 0.39531250000000007 0.7609375 0.41718750000000016 0.8296875 0.41718750000000016
0 0.18750000000000006 0.453125 0.14375000000000004 0.453125 0.14375000000000004 0.4734375 0.18750000000000006 0.4734375
0 0.2453125000000001 0.4578125 0.20468750000000008 0.4578125 0.20468750000000008 0.46875 0.2453125000000001 0.46875
0 0.3500000000000001 0.44375 0.25468750000000007 0.44375 0.25468750000000007 0.475 0.3500000000000001 0.475
0 0.403125 0.4453125 0.36406250000000007 0.4453125 0.36406250000000007 0.471875 0.403125 0.471875
0 0.525 0.4546875 0.421875 0.4546875 0.421875 0.4703125 0.525 0.4703125
0 0.5703125 0.4578125 0.5421875 0.4578125 0.5421875 0.4703125 0.5703125 0.4703125
0 0.678125 0.45625 0.5890625 0.45625 0.5890625 0.4703125 0.678125 0.4703125
0 0.7265625 0.4484375000000001 0.6953125 0.4484375 0.6953125 0.4687500000000001 0.7265625 0.46875000000000017
0 0.8 0.4578125000000002 0.74375 0.4578125000000002 0.74375 0.46875000000000017 0.8 0.46875000000000017
0 0.2906250000000001 0.496875 0.15312500000000004 0.496875 0.15312500000000004 0.5234375 0.2906250000000001 0.5234375
0 0.4625 0.4953125 0.30156250000000007 0.4953125 0.30156250000000007 0.5234375 0.4625 0.5234375
0 0.471875 0.50625 0.4609375 0.50625 0.4609375 0.51875 0.471875 0.51875
0 0.5078125 0.4984375 0.4859375 0.4984375 0.4859375 0.5140625 0.5078125 0.5140625
0 0.5890625 0.4953125 0.525 0.4953125 0.525 0.515625 0.5890625 0.515625
0 0.65 0.4953125 0.6 0.4953125 0.6 0.515625 0.65 0.515625
0 0.853125 0.49687500000000007 0.6546875 0.496875 0.6546875 0.5250000000000001 0.853125 0.5250000000000001
0 0.2312500000000001 0.5578125 0.1546875000000001 0.5578125 0.1546875000000001 0.5703125 0.2312500000000001 0.5703125
0 0.28593750000000007 0.5484375 0.2468750000000001 0.5484375 0.2468750000000001 0.5765625 0.28593750000000007 0.5765625
0 0.3781250000000001 0.54375 0.29375000000000007 0.54375 0.29375000000000007 0.575 0.3781250000000001 0.575
0 0.5578125 0.5484375 0.3937500000000001 0.5484375 0.3937500000000001 0.578125 0.5578125 0.578125
0 0.64375 0.553125 0.5734375 0.553125 0.5734375 0.5703125 0.64375 0.5703125
0 0.715625 0.54375 0.6515625 0.54375 0.6515625 0.578125 0.715625 0.578125
0 0.78125 0.5484375000000001 0.73125 0.5484375000000001 0.73125 0.5734375000000002 0.78125 0.5734375000000002
0 0.2843750000000001 0.6 0.1515625000000001 0.6 0.1515625000000001 0.6265625 0.2843750000000001 0.6265625
0 0.2921875000000001 0.6109375 0.2765625000000001 0.6109375 0.2765625000000001 0.6234375 0.2921875000000001 0.6234375
0 0.421875 0.5984375 0.3156250000000001 0.5984375 0.3156250000000001 0.6234375 0.421875 0.6234375
0 0.5734375 0.6 0.434375 0.6 0.434375 0.61875 0.5734375 0.61875
0 0.5796875 0.6140625 0.575 0.6140625 0.575 0.61875 0.5796875 0.61875