0 0.19843750000000004 0.19375000000000003 0.15000000000000005 0.19375 0.15000000000000005 0.221875 0.19843750000000004 0.221875
0 0.425 0.19375000000000003 0.2359375 0.19375000000000003 0.2359375 0.22031250000000005 0.425 0.22031250000000008
0 0.6 0.18906250000000008 0.4796875 0.18906250000000005 0.4796875 0.2156250000000001 0.6 0.2156250000000001
0 0.8671875 0.18750000000000008 0.6484375 0.18750000000000008 0.6484375 0.2062500000000001 0.8671875 0.2062500000000001
0 0.321875 0.2359375 0.14843750000000006 0.2359375 0.14843750000000006 0.26875 0.321875 0.26875
0 0.3359375 0.2453125 0.3328125 0.2453125 0.3328125 0.246875 0.3359375 0.246875
0 0.45 0.2390625000000001 0.390625 0.2390625000000001 0.390625 0.2718750000000001 0.45 0.2718750000000001
0 0.553125 0.24375000000000008 0.4953125 0.24375000000000008 0.4953125 0.2562500000000001 0.553125 0.2562500000000001
0 0.671875 0.2390625000000001 0.5984375 0.2390625000000001 0.5984375 0.2562500000000001 0.671875 0.2562500000000001
0 0.7375 0.2406250000000001 0.7078125 0.2406250000000001 0.7078125 0.2578125000000001 0.7375 0.2578125000000001
0 0.8546875 0.23593750000000008 0.775 0.23593750000000008 0.775 0.2640625000000001 0.8546875 0.2640625000000001
0 0.19062500000000004 0.2953125 0.14218750000000005 0.2953125 0.14218750000000005 0.3109375 0.19062500000000004 0.3109375
0 0.29375 0.2890625 0.2234375 0.2890625 0.2234375 0.309375 0.29375 0.309375
0 0.3921875 0.29218750000000004 0.346875 0.2921875 0.346875 0.31093750000000003 0.3921875 0.3109375000000001
0 0.4921875 0.2953125000000001 0.4375 0.2953125000000001 0.4375 0.30937500000000007 0.4921875 0.30937500000000007
0 0.6015625 0.2906250000000001 0.5328125 0.2906250000000001 0.5328125 0.3062500000000001 0.6015625 0.3062500000000001
0 0.715625 0.2906250000000001 0.6453125 0.2906250000000001 0.6453125 0.3062500000000001 0.715625 0.3062500000000001
0 0.7234375 0.3000000000000001 0.721875 0.3000000000000001 0.721875 0.30156250000000007 0.7234375 0.30156250000000007
0 0.8296875 0.2890625000000001 0.771875 0.2890625000000001 0.771875 0.3062500000000001 0.8296875 0.3062500000000001
0 0.2125 0.346875 0.13281250000000006 0.346875 0.13281250000000006 0.3625 0.2125 0.3625
0 0.30156250000000007 0.34375 0.2578125 0.34375 0.25781250000000006 0.3734375 0.30156250000000007 0.3734375
0 0.375 0.34062500000000007 0.33125 0.340625 0.33125 0.35937500000000006 0.375 0.3593750000000001
0 0.49375 0.3437500000000001 0.421875 0.3437500000000001 0.421875 0.3609375000000001 0.49375 0.3609375000000001
0 0.6703125 0.34062500000000007 0.5328125 0.34062500000000007 0.5328125 0.3703125000000001 0.6703125 0.3703125000000001
0 0.7375 0.3421875000000001 0.715625 0.3421875000000001 0.715625 0.3593750000000001 0.7375 0.3593750000000001
0 0.7671875 0.34062500000000007 0.74375 0.34062500000000007 0.74375 0.3609375000000001 0.7671875 0.3609375000000001
0 0.8828125 0.3343750000000001 0.8015625 0.3343750000000001 0.8015625 0.3609375000000001 0.8828125 0.3609375000000001
0 0.2156250000000001 0.3953125 0.13750000000000004 0.3953125 0.13750000000000004 0.415625 0.2156250000000001 0.415625
0 0.34062500000000007 0.39375 0.27031250000000007 0.39375 0.27031250000000007 0.4125 0.34062500000000007 0.4125
0 0.465625 0.3906250000000001 0.3812500000000001 0.3906250000000001 0.3812500000000001 0.4078125 0.465625 0.4078125
0 0.5890625 0.3921875000000001 0.5109375 0.3921875000000001 0.5109375 0.4125 0.5890625 0.4125
0 0.6046875 0.403125 0.6015625 0.403125 0.6015625 0.40625 0.6046875 0.40625
0 0.7484375 0.3921875000000001 0.6625 0.3921875000000001 0.6625 0.41093750000000007 0.7484375 0.4109375000000002
0 0.8484375 0.3937500000000001 0.7921875 0.3937500000000001 0.7921875 0.40937500000000016 0.8484375 0.40937500000000016
0 0.21875000000000008 0.44375 0.13593750000000004 0.44375 0.13593750000000004 0.4640625 0.21875000000000008 0.4640625
0 0.2984375000000001 0.4453125 0.2671875000000001 0.4453125 0.2671875000000001 0.4625 0.2984375000000001 0.4625
0 0.3906250000000001 0.446875 0.3312500000000001 0.446875 0.3312500000000001 0.459375 0.3906250000000001 0.459375
0 0.5125 0.446875 0.440625 0.446875 0.440625 0.4734375 0.5125 0.4734375
0 0.5671875 0.4390625 0.5265625 0.4390625 0.5265625 0.4578125 0.5671875 0.4578125
0 0.709375 0.446875 0.61875 0.446875 0.61875 0.4625 0.709375 0.4625
0 0.8453125 0.4390625000000002 0.7421875 0.4390625000000002 0.7421875 0.46093750000000017 0.8453125 0.46093750000000017
0 0.85625 0.45312500000000017 0.8515625 0.45312500000000017 0.8515625 0.4546875000000002 0.85625 0.4546875000000002
0 0.2250000000000001 0.49375 0.13906250000000003 0.49375 0.13906250000000003 0.5125 0.2250000000000001 0.5125
0 0.3296875000000001 0.4984375 0.2718750000000001 0.4984375 0.2718750000000001 0.5234375 0.3296875000000001 0.5234375
0 0.4484375 0.49375 0.37187500000000007 0.49375 0.37187500000000007 0.5234375 0.4484375 0.5234375
0 0.621875 0.4953125 0.5015625 0.4953125 0.5015625 0.5265625 0.621875 0.5265625
0 0.7703125 0.4859375000000001 0.6578125 0.4859375 0.6578125 0.5250000000000001 0.7703125 0.5250000000000001
0 0.8875 0.4906250000000002 0.8078125 0.4906250000000002 0.8078125 0.5109375000000002 0.8875 0.5109375000000002
0 0.1781250000000001 0.5515625 0.1281250000000001 0.5515625 0.1281250000000001 0.565625 0.1781250000000001 0.565625
0 0.20468750000000008 0.5359375 0.18906250000000005 0.5359375 0.18906250000000008 0.5609375 0.20468750000000008 0.5609375
0 0.3359375000000001 0.5453125 0.24375000000000008 0.5453125 0.24375000000000008 0.571875 0.3359375000000001 0.571875
0 0.3578125000000001 0.540625 0.3453125000000001 0.540625 0.3453125000000001 0.559375 0.3578125000000001 0.559375
0 0.490625 0.54375 0.4046875 0.54375 0.4046875 0.5625 0.490625 0.5625
0 0.584375 0.546875 0.521875 0.546875 0.521875 0.575 0.584375 0.575
0 0.6109375 0.5390625 0.6 0.5390625 0.6 0.5578125 0.6109375 0.5578125
0 0.75 0.5484375000000001 0.653125 0.5484375 0.653125 0.5781250000000001 0.75 0.5781250000000002
0 0.846875 0.5406250000000001 0.7703125 0.5406250000000001 0.7703125 0.5593750000000002 0.846875 0.5593750000000002
0 0.2609375000000001 0.59375 0.13281250000000008 0.59375 0.13281250000000008 0.6140625 0.2609375000000001 0.6140625
0 0.3828125000000001 0.5953125 0.3218750000000001 0.5953125 0.3218750000000001 0.6140625 0.3828125000000001 0.6140625
0 0.4953125 0.5921875 0.425 0.5921875 0.425 0.6140625 0.4953125 0.6140625
0 0.6484375 0.5921875 0.5296875 0.5921875 0.5296875 0.6109375 0.6484375 0.6109375
0 0.7765625 0.6000000000000001 0.6890625 0.6 0.6890625 0.6140625000000001 0.7765625 0.6140625000000002
0 0.8765625 0.5937500000000002 0.8046875 0.5937500000000002 0.8046875 0.6125000000000002 0.8765625 0.6125000000000002
0 0.2015625000000001 0.65 0.1453125000000001 0.65 0.1453125000000001 0.6796875 0.2015625000000001 0.6796875
0 0.3109375000000001 0.6421875 0.24375000000000008 0.6421875 0.24375000000000008 0.6609375 0.3109375000000001 0.6609375
0 0.3921875000000001 0.64375 0.35625000000000007 0.64375 0.35625000000000007 0.6625 0.3921875000000001 0.6625
0 0.503125 0.6453125 0.4296875 0.6453125 0.4296875 0.6609375 0.503125 0.6609375
0 0.7296875 0.6406250000000001 0.546875 0.640625 0.546875 0.6625000000000001 0.7296875 0.6625000000000002
0 0.8515625 0.6421875000000001 0.759375 0.6421875000000001 0.759375 0.6593750000000002 0.8515625 0.6593750000000002
0 0.915625 0.6390625000000002 0.8796875 0.6390625000000002 0.8796875 0.6593750000000002 0.915625 0.6593750000000002
0 0.3531250000000001 0.690625 0.14843750000000008 0.690625 0.14843750000000008 0.7125 0.3531250000000001 0.7125
0 0.45 0.6921875 0.3984375000000001 0.6921875 0.3984375000000001 0.7125 0.45 0.7125
0 0.63125 0.6890625 0.4984375 0.6890625 0.4984375 0.709375 0.63125 0.709375
0 0.8625 0.6937500000000001 0.6953125 0.69375 0.6953125 0.7125000000000001 0.8625 0.7125000000000001
0 0.19531250000000008 0.7421875 0.1515625000000001 0.7421875 0.1515625000000001 0.7625 0.19531250000000008 0.7625
0 0.3546875000000001 0.7390625 0.25468750000000007 0.7390625 0.25468750000000007 0.7578125 0.3546875000000001 0.7578125
0 0.4437500000000002 0.74375 0.41406250000000017 0.74375 0.41406250000000017 0.7578125 0.4437500000000002 0.7578125
0 0.5953125000000001 0.7390625 0.4781250000000002 0.7390625 0.4781250000000002 0.7625 0.5953125000000001 0.7625
0 0.7203125000000001 0.7390625 0.6390625000000002 0.7390625 0.6390625000000002 0.75625 0.7203125000000001 0.75625
0 0.8171875 0.7390625000000002 0.7546875000000002 0.7390625000000002 0.7546875000000002 0.7562500000000002 0.8171875 0.7562500000000002
0 0.8359375 0.7500000000000002 0.8328125 0.7500000000000002 0.8328125 0.7515625000000001 0.8359375 0.7515625000000001