0 0.17187500000000006 0.190625 0.15781250000000005 0.190625 0.15781250000000005 0.2140625 0.17187500000000006 0.2140625
0 0.19843750000000004 0.19062500000000002 0.18125000000000005 0.190625 0.18125000000000005 0.2125 0.19843750000000004 0.2125
0 0.29375 0.19375000000000003 0.2125 0.19375000000000003 0.2125 0.2125 0.29375 0.2125
0 0.39375 0.19375000000000003 0.3046875 0.19375000000000003 0.3046875 0.21093750000000006 0.39375 0.21093750000000008
0 0.43125 0.19218750000000004 0.409375 0.19218750000000004 0.409375 0.2140625000000001 0.43125 0.2140625000000001
0 0.51875 0.19062500000000004 0.45 0.19062500000000004 0.45 0.21250000000000008 0.51875 0.21250000000000008
0 0.5875 0.19531250000000006 0.53125 0.19531250000000006 0.53125 0.2156250000000001 0.5875 0.2156250000000001
0 0.6296875 0.19531250000000008 0.6078125 0.19531250000000008 0.6078125 0.2156250000000001 0.6296875 0.2156250000000001
0 0.7203125 0.19531250000000008 0.6484375 0.19531250000000008 0.6484375 0.2156250000000001 0.7203125 0.2156250000000001
0 0.81875 0.1937500000000001 0.740625 0.1937500000000001 0.740625 0.2156250000000001 0.81875 0.2156250000000001
0 0.19531250000000006 0.2515625 0.14843750000000006 0.2515625 0.14843750000000006 0.2671875 0.19531250000000006 0.2671875
0 0.3015625 0.2453125 0.209375 0.2453125 0.209375 0.265625 0.3015625 0.265625
0 0.34375 0.2484375 0.315625 0.2484375 0.315625 0.2671875 0.34375 0.2671875
0 0.4640625 0.2468750000000001 0.3640625 0.2468750000000001 0.3640625 0.2671875000000001 0.4640625 0.2671875000000001
0 0.603125 0.2453125000000001 0.4765625 0.2453125000000001 0.4765625 0.2718750000000001 0.603125 0.2718750000000001
0 0.6171875 0.2609375000000001 0.6125 0.2609375000000001 0.6125 0.2656250000000001 0.6171875 0.2656250000000001
0 0.6953125 0.24375000000000008 0.63125 0.24375000000000008 0.63125 0.2671875000000001 0.6953125 0.2671875000000001
0 0.7578125 0.2453125000000001 0.709375 0.2453125000000001 0.709375 0.2656250000000001 0.7578125 0.2656250000000001
0 0.2390625 0.2953125 0.14375000000000004 0.2953125 0.14375000000000004 0.3265625 0.2390625 0.3265625
0 0.3109375 0.2953125 0.2609375 0.2953125 0.2609375 0.3140625 0.3109375 0.3140625
0 0.325 0.303125 0.3203125 0.303125 0.3203125 0.3140625 0.325 0.3140625
0 0.4015625 0.29375000000000007 0.34375 0.29375 0.34375 0.31718750000000007 0.4015625 0.31718750000000007
0 0.4953125 0.29375000000000007 0.4265625 0.29375000000000007 0.4265625 0.3156250000000001 0.4953125 0.3156250000000001
0 0.59375 0.2921875000000001 0.509375 0.2921875000000001 0.509375 0.3234375000000001 0.59375 0.3234375000000001
0 0.6421875 0.2953125000000001 0.6109375 0.2953125000000001 0.6109375 0.3156250000000001 0.6421875 0.3156250000000001
0 0.7484375 0.2953125000000001 0.6609375 0.2953125000000001 0.6609375 0.3187500000000001 0.7484375 0.3187500000000001
0 0.81875 0.29375000000000007 0.7546875 0.29375000000000007 0.7546875 0.3203125000000001 0.81875 0.3203125000000001
0 0.23593750000000005 0.3484375 0.14218750000000005 0.3484375 0.14218750000000005 0.378125 0.23593750000000008 0.378125
0 0.30156250000000007 0.3546875 0.2578125 0.3546875 0.25781250000000006 0.36875 0.30156250000000007 0.36875
0 0.31718750000000007 0.3625 0.3125 0.3625 0.31250000000000006 0.365625 0.31718750000000007 0.365625
0 0.38906250000000003 0.3453125 0.334375 0.3453125 0.33437500000000003 0.37812500000000004 0.3890625000000001 0.3781250000000001
0 0.46875 0.3468750000000001 0.4 0.3468750000000001 0.4 0.3687500000000001 0.46875 0.3687500000000001
0 0.5453125 0.3453125000000001 0.478125 0.3453125000000001 0.478125 0.3781250000000001 0.5453125 0.3781250000000001
0 0.6234375 0.3453125000000001 0.5625 0.3453125000000001 0.5625 0.3687500000000001 0.6234375 0.3687500000000001
0 0.6875 0.3437500000000001 0.628125 0.3437500000000001 0.628125 0.3750000000000001 0.6875 0.3750000000000001
0 0.778125 0.34843750000000007 0.70625 0.34843750000000007 0.70625 0.3703125000000001 0.778125 0.3703125000000001
0 0.846875 0.35625000000000007 0.790625 0.35625000000000007 0.790625 0.3781250000000001 0.846875 0.3781250000000001
0 0.2578125000000001 0.396875 0.15625000000000006 0.396875 0.15625000000000006 0.4234375 0.2578125000000001 0.4234375
0 0.30156250000000007 0.4015625 0.27812500000000007 0.4015625 0.27812500000000007 0.4203125 0.30156250000000007 0.4203125
0 0.3703125000000001 0.39687500000000003 0.3125000000000001 0.396875 0.3125000000000001 0.41875 0.3703125000000001 0.41875
0 0.4546875 0.3921875000000001 0.3828125000000001 0.3921875000000001 0.3828125000000001 0.4171875 0.4546875 0.4171875
0 0.4703125 0.4125 0.465625 0.4125 0.465625 0.4171875 0.4703125 0.4171875
0 0.5515625 0.39531250000000007 0.4828125 0.39531250000000007 0.4828125 0.41875 0.5515625 0.41875
0 0.6109375 0.3968750000000001 0.55625 0.3968750000000001 0.55625 0.41875 0.6109375 0.41875
0 0.709375 0.40625 0.6296875 0.40625 0.6296875 0.425 0.709375 0.425
0 0.809375 0.3984375000000001 0.7203125 0.3984375000000001 0.7203125 0.4218750000000001 0.809375 0.42187500000000017
0 0.2734375000000001 0.453125 0.15312500000000004 0.453125 0.15312500000000004 0.4703125 0.2734375000000001 0.4703125
0 0.3671875000000001 0.446875 0.2906250000000001 0.446875 0.2906250000000001 0.471875 0.3671875000000001 0.471875
0 0.446875 0.446875 0.3781250000000001 0.446875 0.3781250000000001 0.4703125 0.446875 0.4703125
0 0.4546875 0.465625 0.4484375 0.465625 0.4484375 0.46875 0.4546875 0.46875
0 0.571875 0.45 0.4828125 0.45 0.4828125 0.471875 0.571875 0.471875
0 0.640625 0.4515625 0.5890625 0.4515625 0.5890625 0.46875 0.640625 0.46875
0 0.7765625 0.45000000000000007 0.6546875 0.45 0.6546875 0.4828125000000001 0.7765625 0.4828125000000002
0 0.24218750000000008 0.496875 0.14843750000000006 0.496875 0.14843750000000006 0.528125 0.24218750000000008 0.528125
0 0.3281250000000001 0.4984375 0.2718750000000001 0.4984375 0.2718750000000001 0.5171875 0.3281250000000001 0.5171875
0 0.409375 0.4953125 0.3421875000000001 0.4953125 0.3421875000000001 0.5171875 0.409375 0.5171875
0 0.5109375 0.4953125 0.4296875 0.4953125 0.4296875 0.51875 0.5109375 0.51875
0 0.56875 0.49375 0.5265625 0.49375 0.5265625 0.5203125 0.56875 0.5203125
0 0.675 0.5 0.5796875 0.5 0.5796875 0.5234375 0.675 0.5234375
0 0.75 0.5000000000000001 0.6953125 0.5 0.6953125 0.51875 0.75 0.5187500000000002
0 0.8078125 0.4984375000000002 0.7671875 0.4984375000000002 0.7671875 0.5187500000000002 0.8078125 0.5187500000000002
0 0.23437500000000008 0.546875 0.15000000000000008 0.546875 0.15000000000000008 0.5828125 0.23437500000000008 0.5828125
0 0.3109375000000001 0.546875 0.25468750000000007 0.546875 0.25468750000000007 0.56875 0.3109375000000001 0.56875
0 0.3656250000000001 0.54375 0.33281250000000007 0.54375 0.33281250000000007 0.56875 0.3656250000000001 0.56875
0 0.4515625 0.55 0.3937500000000001 0.55 0.3937500000000001 0.5640625 0.4515625 0.5640625
0 0.46875 0.5515625 0.459375 0.5515625 0.459375 0.5640625 0.46875 0.5640625