0 0.17968750000000006 0.196875 0.15312500000000004 0.196875 0.15312500000000004 0.2140625 0.17968750000000006 0.2140625
0 0.18750000000000006 0.2078125 0.18437500000000004 0.2078125 0.18437500000000004 0.2109375 0.18750000000000006 0.2109375
0 0.2125 0.19843750000000004 0.20625 0.19843750000000004 0.20625 0.2109375 0.2125 0.2109375
0 0.240625 0.19687500000000005 0.2171875 0.19687500000000005 0.2171875 0.2125 0.240625 0.2125
0 0.3046875 0.19843750000000004 0.2671875 0.19843750000000004 0.2671875 0.2125 0.3046875 0.2125
0 0.3796875 0.20312500000000006 0.3265625 0.203125 0.3265625 0.21875000000000006 0.3796875 0.21875000000000008
0 0.4453125 0.19687500000000005 0.3984375 0.19687500000000005 0.3984375 0.22031250000000008 0.4453125 0.22031250000000008
0 0.45 0.2093750000000001 0.446875 0.2093750000000001 0.446875 0.21250000000000008 0.45 0.21250000000000008
0 0.484375 0.19843750000000004 0.478125 0.19843750000000004 0.478125 0.21093750000000008 0.484375 0.21093750000000008
0 0.5109375 0.19687500000000005 0.490625 0.19687500000000005 0.490625 0.21250000000000008 0.5109375 0.21250000000000008
0 0.5859375 0.19687500000000008 0.5296875 0.19687500000000005 0.5296875 0.2140625000000001 0.5859375 0.2140625000000001
0 0.653125 0.20312500000000008 0.60625 0.20312500000000008 0.60625 0.22031250000000008 0.653125 0.22031250000000008
0 0.7984375 0.1984375000000001 0.6765625 0.1984375000000001 0.6765625 0.2156250000000001 0.7984375 0.2156250000000001
0 0.8046875 0.2093750000000001 0.8015625 0.2093750000000001 0.8015625 0.21250000000000008 0.8046875 0.21250000000000008
0 0.828125 0.1984375000000001 0.8203125 0.1984375000000001 0.8203125 0.21250000000000008 0.828125 0.21250000000000008
0 0.2203125 0.253125 0.15468750000000003 0.253125 0.15468750000000003 0.265625 0.2203125 0.265625
0 0.29375 0.246875 0.2453125 0.246875 0.2453125 0.2640625 0.29375 0.2640625
0 0.2984375 0.259375 0.296875 0.259375 0.296875 0.2640625 0.2984375 0.2640625
0 0.334375 0.246875 0.3265625 0.246875 0.3265625 0.2640625 0.334375 0.2640625
0 0.3609375 0.246875 0.340625 0.246875 0.340625 0.2640625 0.3609375 0.2640625
0 0.4328125 0.2531250000000001 0.3890625 0.2531250000000001 0.3890625 0.27031250000000007 0.4328125 0.27031250000000007
0 0.5578125 0.2484375000000001 0.4515625 0.2484375000000001 0.4515625 0.2734375000000001 0.5578125 0.2734375000000001
0 0.6 0.2468750000000001 0.578125 0.2468750000000001 0.578125 0.2656250000000001 0.6 0.2656250000000001
0 0.753125 0.2453125000000001 0.61875 0.2453125000000001 0.61875 0.2718750000000001 0.753125 0.2718750000000001
0 0.828125 0.2531250000000001 0.7765625 0.2531250000000001 0.7765625 0.2671875000000001 0.828125 0.2671875000000001
0 0.2078125 0.2921875 0.15468750000000003 0.2921875 0.15468750000000003 0.3125 0.2078125 0.3125
0 0.234375 0.29375 0.2140625 0.29375 0.2140625 0.3140625 0.234375 0.3140625
0 0.296875 0.2953125 0.259375 0.2953125 0.259375 0.3125 0.296875 0.3125
0 0.359375 0.303125 0.3125 0.303125 0.3125 0.31875 0.359375 0.31875
0 0.3640625 0.30937500000000007 0.3609375 0.309375 0.3609375 0.31250000000000006 0.3640625 0.3125000000000001
0 0.44375 0.2984375000000001 0.3921875 0.2984375000000001 0.3921875 0.3140625000000001 0.44375 0.3140625000000001
0 0.46875 0.2953125000000001 0.4625 0.2953125000000001 0.4625 0.30937500000000007 0.46875 0.30937500000000007
0 0.490625 0.2953125000000001 0.4734375 0.2953125000000001 0.4734375 0.3109375000000001 0.490625 0.3109375000000001
0 0.5328125 0.2968750000000001 0.5109375 0.2968750000000001 0.5109375 0.3125000000000001 0.5328125 0.3125000000000001
0 0.69375 0.2953125000000001 0.55625 0.2953125000000001 0.55625 0.3203125000000001 0.69375 0.3203125000000001
0 0.75 0.2984375000000001 0.7125 0.2984375000000001 0.7125 0.3156250000000001 0.75 0.3156250000000001
0 0.759375 0.30937500000000007 0.7515625 0.30937500000000007 0.7515625 0.3218750000000001 0.759375 0.3218750000000001
0 0.8046875 0.3000000000000001 0.778125 0.3000000000000001 0.778125 0.3140625000000001 0.8046875 0.3140625000000001
0 0.8859375 0.2953125000000001 0.8265625 0.2953125000000001 0.8265625 0.31718750000000007 0.8859375 0.31718750000000007
0 0.20000000000000004 0.353125 0.15468750000000003 0.353125 0.15468750000000003 0.371875 0.2000000000000001 0.371875
0 0.23593750000000005 0.353125 0.221875 0.353125 0.22187500000000004 0.365625 0.23593750000000008 0.365625
0 0.3296875 0.346875 0.2609375 0.346875 0.26093750000000004 0.3640625 0.3296875000000001 0.3640625
0 0.3390625 0.359375 0.3359375 0.359375 0.3359375 0.3625 0.3390625 0.3625
0 0.3796875 0.34687500000000004 0.3609375 0.346875 0.3609375 0.3609375 0.3796875 0.3609375000000001
0 0.525 0.3453125000000001 0.4046875 0.3453125000000001 0.4046875 0.36406250000000007 0.525 0.36406250000000007
0 0.6109375 0.34843750000000007 0.5546875 0.34843750000000007 0.5546875 0.36406250000000007 0.6109375 0.36406250000000007
0 0.6203125 0.3578125000000001 0.615625 0.3578125000000001 0.615625 0.3625000000000001 0.6203125 0.3625000000000001
0 0.6734375 0.3468750000000001 0.6515625 0.3468750000000001 0.6515625 0.36406250000000007 0.6734375 0.36406250000000007
0 0.7046875 0.3453125000000001 0.6765625 0.3453125000000001 0.6765625 0.36406250000000007 0.7046875 0.36406250000000007
0 0.7609375 0.34843750000000007 0.7296875 0.34843750000000007 0.7296875 0.36406250000000007 0.7609375 0.36406250000000007
0 0.8046875 0.3468750000000001 0.7828125 0.3468750000000001 0.7828125 0.36406250000000007 0.8046875 0.36406250000000007
0 0.846875 0.34843750000000007 0.8203125 0.34843750000000007 0.8203125 0.36406250000000007 0.846875 0.36406250000000007
0 0.2140625000000001 0.396875 0.15625000000000006 0.396875 0.15625000000000006 0.4203125 0.2140625000000001 0.4203125
0 0.2609375000000001 0.403125 0.23593750000000008 0.403125 0.23593750000000008 0.4125 0.2609375000000001 0.4125
0 0.2718750000000001 0.409375 0.2687500000000001 0.409375 0.2687500000000001 0.4125 0.2718750000000001 0.4125
0 0.3109375000000001 0.396875 0.30156250000000007 0.396875 0.30156250000000007 0.4140625 0.3109375000000001 0.4140625
0 0.415625 0.4 0.33281250000000007 0.4 0.33281250000000007 0.415625 0.415625 0.415625
0 0.50625 0.403125 0.4390625 0.403125 0.4390625 0.4140625 0.50625 0.4140625
0 0.5640625 0.3984375000000001 0.53125 0.3984375000000001 0.53125 0.4140625 0.5640625 0.4140625
0 0.60625 0.3968750000000001 0.5859375 0.3968750000000001 0.5859375 0.415625 0.60625 0.415625
0 0.6765625 0.3968750000000001 0.6359375 0.3968750000000001 0.6359375 0.4203125 0.6765625 0.4203125
0 0.7515625 0.3968750000000001 0.69375 0.3968750000000001 0.69375 0.4171875000000001 0.7515625 0.41718750000000016
0 0.846875 0.4046875000000002 0.7734375 0.4046875000000002 0.7734375 0.4156250000000002 0.846875 0.4156250000000002
0 0.8578125 0.4125000000000002 0.8546875 0.4125000000000002 0.8546875 0.4156250000000002 0.8578125 0.4156250000000002
0 0.17031250000000003 0.446875 0.15000000000000005 0.446875 0.15000000000000005 0.4640625 0.17031250000000003 0.4640625
0 0.22031250000000008 0.45625 0.19218750000000004 0.45625 0.19218750000000004 0.4671875 0.22031250000000008 0.4671875
0 0.26250000000000007 0.4453125 0.2453125000000001 0.4453125 0.2453125000000001 0.4625 0.26250000000000007 0.4625
0 0.28593750000000007 0.446875 0.2656250000000001 0.446875 0.2656250000000001 0.4640625 0.28593750000000007 0.4640625
0 0.3359375000000001 0.446875 0.3125000000000001 0.446875 0.3125000000000001 0.4625 0.3359375000000001 0.4625
0 0.503125 0.44375 0.3609375000000001 0.44375 0.3609375000000001 0.465625 0.503125 0.465625
0 0.63125 0.4484375 0.5359375 0.4484375 0.5359375 0.465625 0.63125 0.465625
0 0.6953125 0.45625 0.653125 0.45625 0.653125 0.471875 0.6953125 0.471875
0 0.7203125 0.45 0.7 0.45 0.7 0.465625 0.7203125 0.465625
0 0.8453125 0.44843750000000016 0.734375 0.44843750000000016 0.734375 0.4671875000000002 0.8453125 0.4671875000000002
0 0.17343750000000005 0.503125 0.15156250000000004 0.503125 0.15156250000000004 0.5140625 0.17343750000000005 0.5140625
0 0.22656250000000008 0.5015625 0.19218750000000004 0.5015625 0.19218750000000004 0.515625 0.22656250000000008 0.515625
0 0.2328125000000001 0.5109375 0.2296875000000001 0.5109375 0.2296875000000001 0.5140625 0.2328125000000001 0.5140625
0 0.30156250000000007 0.4953125 0.2640625000000001 0.4953125 0.2640625000000001 0.5125 0.30156250000000007 0.5125
0 0.3296875000000001 0.4953125 0.30937500000000007 0.4953125 0.30937500000000007 0.5125 0.3296875000000001 0.5125
0 0.3781250000000001 0.503125 0.3515625000000001 0.503125 0.3515625000000001 0.5203125 0.3781250000000001 0.5203125
0 0.4859375 0.5046875 0.4171875 0.5046875 0.4171875 0.525 0.4859375 0.525
0 0.5296875 0.496875 0.5109375 0.496875 0.5109375 0.521875 0.5296875 0.521875
0 0.6109375 0.496875 0.559375 0.496875 0.559375 0.5125 0.6109375 0.5125
0 0.74375 0.49687500000000007 0.6296875 0.496875 0.6296875 0.5156250000000001 0.74375 0.5156250000000002
0 0.8375 0.5031250000000002 0.778125 0.5031250000000002 0.778125 0.5140625000000002 0.8375 0.5140625000000002
0 0.8453125 0.5109375000000002 0.8421875 0.5109375000000002 0.8421875 0.5140625000000002 0.8453125 0.5140625000000002