0 0.18437500000000004 0.18906250000000002 0.12187500000000004 0.1890625 0.12187500000000004 0.2203125 0.18437500000000004 0.2203125
0 0.3984375 0.19687500000000005 0.2296875 0.19687500000000005 0.2296875 0.23906250000000004 0.3984375 0.2390625000000001
0 0.4703125 0.19843750000000004 0.4046875 0.19843750000000004 0.4046875 0.2328125000000001 0.4703125 0.2328125000000001
0 0.5265625 0.2015625000000001 0.4765625 0.2015625000000001 0.4765625 0.2250000000000001 0.5265625 0.2250000000000001
0 0.6515625 0.19531250000000008 0.5546875 0.19531250000000008 0.5546875 0.2234375000000001 0.6515625 0.2234375000000001
0 0.69375 0.1984375000000001 0.659375 0.1984375000000001 0.659375 0.2218750000000001 0.69375 0.2218750000000001
0 0.8125 0.1984375000000001 0.709375 0.1984375000000001 0.709375 0.2234375000000001 0.8125 0.2234375000000001
0 0.18437500000000004 0.2453125 0.10468750000000004 0.2453125 0.10468750000000004 0.284375 0.18437500000000004 0.284375
0 0.3078125 0.2484375 0.2046875 0.2484375 0.2046875 0.284375 0.3078125 0.284375
0 0.384375 0.24218750000000006 0.3421875 0.2421875 0.3421875 0.27031250000000007 0.384375 0.27031250000000007
0 0.4859375 0.2562500000000001 0.4078125 0.2562500000000001 0.4078125 0.2750000000000001 0.4859375 0.2750000000000001
0 0.4921875 0.2687500000000001 0.4890625 0.2687500000000001 0.4890625 0.27031250000000007 0.4921875 0.27031250000000007
0 0.5890625 0.2453125000000001 0.5171875 0.2453125000000001 0.5171875 0.2718750000000001 0.5890625 0.2718750000000001
0 0.6796875 0.2406250000000001 0.609375 0.2406250000000001 0.609375 0.2750000000000001 0.6796875 0.2750000000000001
0 0.7734375 0.24218750000000008 0.6953125 0.24218750000000008 0.6953125 0.2750000000000001 0.7734375 0.2750000000000001
0 0.8265625 0.2484375000000001 0.79375 0.2484375000000001 0.79375 0.2765625000000001 0.8265625 0.2765625000000001
0 0.2296875 0.2984375 0.10937500000000004 0.2984375 0.10937500000000004 0.33125 0.2296875 0.33125
0 0.4234375 0.30156250000000007 0.275 0.3015625 0.275 0.32343750000000004 0.4234375 0.3234375000000001
0 0.5328125 0.2984375000000001 0.45625 0.2984375000000001 0.45625 0.3359375000000001 0.5328125 0.3359375000000001
0 0.646875 0.3125000000000001 0.55625 0.3125000000000001 0.55625 0.3234375000000001 0.646875 0.3234375000000001
0 0.778125 0.29375000000000007 0.6734375 0.29375000000000007 0.6734375 0.3234375000000001 0.778125 0.3234375000000001
0 0.275 0.3421875 0.12343750000000005 0.3421875 0.12343750000000005 0.39375 0.2750000000000001 0.39375
0 0.2796875000000001 0.36875 0.2750000000000001 0.36875 0.2750000000000001 0.3703125 0.2796875000000001 0.3703125
0 0.33593750000000006 0.34375 0.303125 0.34375 0.30312500000000003 0.375 0.3359375000000001 0.375
0 0.4703125 0.3453125 0.3546875 0.3453125 0.35468750000000004 0.38281250000000006 0.4703125 0.3828125000000001
0 0.5046875 0.3468750000000001 0.475 0.3468750000000001 0.475 0.3734375000000001 0.5046875 0.3734375000000001
0 0.521875 0.36406250000000007 0.509375 0.36406250000000007 0.509375 0.3671875000000001 0.521875 0.3671875000000001
0 0.68125 0.3390625000000001 0.521875 0.3390625000000001 0.521875 0.3859375000000001 0.68125 0.3859375000000001
0 0.846875 0.3421875000000001 0.7078125 0.3421875000000001 0.7078125 0.3828125000000001 0.846875 0.3828125000000001
0 0.8546875 0.37187500000000007 0.8359375 0.37187500000000007 0.8359375 0.3812500000000001 0.8546875 0.3812500000000001
0 0.19843750000000004 0.40625 0.11718750000000004 0.40625 0.11718750000000004 0.4234375 0.19843750000000004 0.4234375
0 0.3906250000000001 0.4 0.2234375000000001 0.4 0.2234375000000001 0.43125 0.3906250000000001 0.43125
0 0.5765625 0.3984375000000001 0.415625 0.3984375000000001 0.415625 0.4390625 0.5765625 0.4390625
0 0.5859375 0.4234375 0.58125 0.4234375 0.58125 0.425 0.5859375 0.425
0 0.690625 0.4015625 0.609375 0.4015625 0.609375 0.425 0.690625 0.425
0 0.88125 0.4015625000000001 0.7109375 0.4015625 0.7109375 0.42656250000000007 0.88125 0.4265625000000002
0 0.19843750000000004 0.4421875 0.11406250000000004 0.4421875 0.11406250000000004 0.475 0.19843750000000004 0.475
0 0.2500000000000001 0.446875 0.2156250000000001 0.446875 0.2156250000000001 0.475 0.2500000000000001 0.475
0 0.2765625000000001 0.4671875 0.2406250000000001 0.4671875 0.2406250000000001 0.4875 0.2765625000000001 0.4875
0 0.403125 0.446875 0.2687500000000001 0.446875 0.2687500000000001 0.484375 0.403125 0.484375
0 0.4125 0.471875 0.3968750000000001 0.471875 0.3968750000000001 0.4828125 0.4125 0.4828125
0 0.5015625 0.4484375 0.425 0.4484375 0.425 0.475 0.5015625 0.475
0 0.5875 0.4515625 0.50625 0.4515625 0.50625 0.48125 0.5875 0.48125
0 0.71875 0.4453125 0.621875 0.4453125 0.621875 0.478125 0.71875 0.478125
0 0.7828125 0.44531250000000017 0.728125 0.44531250000000017 0.728125 0.47656250000000017 0.7828125 0.47656250000000017
0 0.821875 0.4437500000000002 0.78125 0.4437500000000002 0.78125 0.4781250000000002 0.821875 0.4781250000000002
0 0.915625 0.46406250000000016 0.828125 0.46406250000000016 0.828125 0.4781250000000002 0.915625 0.4781250000000002
0 0.90625 0.4750000000000002 0.903125 0.4750000000000002 0.903125 0.4781250000000002 0.90625 0.4781250000000002
0 0.2375000000000001 0.49375 0.12500000000000006 0.49375 0.12500000000000006 0.5328125 0.2375000000000001 0.5328125
0 0.3203125000000001 0.4953125 0.2531250000000001 0.4953125 0.2531250000000001 0.525 0.3203125000000001 0.525
0 0.528125 0.49375 0.3375000000000001 0.49375 0.3375000000000001 0.5296875 0.528125 0.5296875
0 0.6484375 0.5015625 0.5546875 0.5015625 0.5546875 0.525 0.6484375 0.525
0 0.7046875 0.5 0.65625 0.5 0.65625 0.5296875 0.7046875 0.5296875
0 0.80625 0.5015625000000001 0.709375 0.5015625 0.709375 0.534375 0.80625 0.5343750000000002
0 0.93125 0.5000000000000002 0.8296875 0.5000000000000002 0.8296875 0.5421875000000002 0.93125 0.5421875000000002
0 0.16562500000000008 0.5390625 0.12812500000000004 0.5390625 0.12812500000000007 0.5734375 0.16562500000000008 0.5734375
0 0.27812500000000007 0.5453125 0.1859375000000001 0.5453125 0.1859375000000001 0.584375 0.27812500000000007 0.584375
0 0.2984375000000001 0.571875 0.2906250000000001 0.571875 0.2906250000000001 0.575 0.2984375000000001 0.575
0 0.3703125000000001 0.5484375 0.3281250000000001 0.5484375 0.3281250000000001 0.571875 0.3703125000000001 0.571875
0 0.4765625 0.5515625 0.3937500000000001 0.5515625 0.3937500000000001 0.58125 0.4765625 0.58125
0 0.546875 0.5453125 0.49375 0.5453125 0.49375 0.5765625 0.546875 0.5765625
0 0.7078125 0.5421875 0.5734375 0.5421875 0.5734375 0.5890625 0.7078125 0.5890625
0 0.8046875 0.5453125000000002 0.7328125 0.5453125000000002 0.7328125 0.5765625000000002 0.8046875 0.5765625000000002
0 0.890625 0.5640625000000001 0.821875 0.5640625000000001 0.821875 0.5750000000000002 0.890625 0.5750000000000002
0 0.2593750000000001 0.596875 0.14062500000000008 0.596875 0.14062500000000008 0.6453125 0.2593750000000001 0.6453125
0 0.3609375000000001 0.596875 0.2984375000000001 0.596875 0.2984375000000001 0.625 0.3609375000000001 0.625
0 0.4796875 0.609375 0.3843750000000001 0.609375 0.3843750000000001 0.6265625 0.4796875 0.6265625
0 0.6046875 0.609375 0.515625 0.609375 0.515625 0.6265625 0.6046875 0.6265625
0 0.6234375 0.625 0.61875 0.625 0.61875 0.628125 0.6234375 0.628125