0 0.18906250000000005 0.184375 0.13593750000000004 0.184375 0.13593750000000004 0.221875 0.18906250000000005 0.221875
0 0.2734375 0.19062500000000004 0.19218750000000004 0.19062500000000004 0.19218750000000004 0.225 0.2734375 0.225
0 0.36875 0.19375000000000003 0.2828125 0.19375000000000003 0.2828125 0.23750000000000004 0.36875 0.2375000000000001
0 0.371875 0.2171875000000001 0.365625 0.2171875000000001 0.365625 0.2218750000000001 0.371875 0.2218750000000001
0 0.5109375 0.18750000000000006 0.3859375 0.18750000000000006 0.3859375 0.23593750000000008 0.5109375 0.23593750000000008
0 0.5609375 0.19375000000000006 0.5046875 0.19375000000000003 0.5046875 0.2234375000000001 0.5609375 0.2234375000000001
0 0.6765625 0.1921875000000001 0.5640625 0.1921875000000001 0.5640625 0.2234375000000001 0.6765625 0.2234375000000001
0 0.840625 0.18906250000000008 0.6828125 0.18906250000000008 0.6828125 0.2234375000000001 0.840625 0.2234375000000001
0 0.7390625 0.22812500000000008 0.7359375 0.22812500000000008 0.7359375 0.2296875000000001 0.7390625 0.2296875000000001
0 0.2953125 0.25 0.12500000000000006 0.25 0.12500000000000006 0.2765625 0.2953125 0.2765625
0 0.3796875 0.23750000000000004 0.309375 0.2375 0.309375 0.27187500000000003 0.3796875 0.2718750000000001
0 0.4875 0.2484375000000001 0.3859375 0.2484375000000001 0.3859375 0.2718750000000001 0.4875 0.2718750000000001
0 0.6796875 0.24218750000000008 0.490625 0.24218750000000008 0.490625 0.2968750000000001 0.6796875 0.2968750000000001
0 0.7453125 0.2453125000000001 0.684375 0.2453125000000001 0.684375 0.2953125000000001 0.7453125 0.2953125000000001
0 0.8140625 0.2484375000000001 0.759375 0.2484375000000001 0.759375 0.2734375000000001 0.8140625 0.2734375000000001
0 0.9 0.24218750000000008 0.81875 0.24218750000000008 0.81875 0.2750000000000001 0.9 0.2750000000000001
0 0.284375 0.290625 0.12031250000000004 0.290625 0.12031250000000004 0.325 0.284375 0.325
0 0.303125 0.31875 0.2953125 0.31875 0.2953125 0.325 0.303125 0.325
0 0.578125 0.28437500000000004 0.334375 0.284375 0.334375 0.32812500000000006 0.578125 0.3281250000000001
0 0.8234375 0.2953125000000001 0.5828125 0.2953125000000001 0.5828125 0.3421875000000001 0.8234375 0.3421875000000001
0 0.878125 0.29375000000000007 0.8203125 0.29375000000000007 0.8203125 0.3265625000000001 0.878125 0.3265625000000001
0 0.22656250000000006 0.3421875 0.12031250000000004 0.3421875 0.12031250000000004 0.3765625 0.22656250000000008 0.3765625
0 0.31250000000000006 0.3375 0.2328125 0.3375 0.23281250000000003 0.3734375 0.3125000000000001 0.3734375
0 0.540625 0.34062500000000007 0.3265625 0.340625 0.32656250000000003 0.38750000000000007 0.540625 0.38750000000000007
0 0.5515625 0.3656250000000001 0.5453125 0.3656250000000001 0.5453125 0.37187500000000007 0.5515625 0.37187500000000007
0 0.6515625 0.34062500000000007 0.5828125 0.34062500000000007 0.5828125 0.3750000000000001 0.6515625 0.3750000000000001
0 0.790625 0.3531250000000001 0.64375 0.3531250000000001 0.64375 0.3781250000000001 0.790625 0.3781250000000001
0 0.9328125 0.3421875000000001 0.803125 0.3421875000000001 0.803125 0.3750000000000001 0.9328125 0.3750000000000001
0 0.2015625000000001 0.390625 0.12187500000000004 0.390625 0.12187500000000004 0.4265625 0.2015625000000001 0.4265625
0 0.33281250000000007 0.3984375 0.2234375000000001 0.3984375 0.2234375000000001 0.4265625 0.33281250000000007 0.4265625
0 0.428125 0.4 0.3453125000000001 0.4 0.3453125000000001 0.4234375 0.428125 0.4234375
0 0.5796875 0.3921875000000001 0.425 0.3921875000000001 0.425 0.4234375 0.5796875 0.4234375
0 0.7640625 0.3906250000000001 0.5734375 0.3906250000000001 0.5734375 0.44218750000000007 0.7640625 0.4421875000000002
0 0.9453125 0.40156250000000016 0.7625 0.40156250000000016 0.7625 0.42500000000000016 0.9453125 0.42500000000000016
0 0.9359375 0.4234375000000002 0.915625 0.4234375000000002 0.915625 0.4390625000000002 0.9359375 0.4390625000000002
0 0.2312500000000001 0.4375 0.12187500000000004 0.4375 0.12187500000000004 0.490625 0.2312500000000001 0.490625
0 0.3046875000000001 0.4359375 0.22812500000000008 0.4359375 0.22812500000000008 0.475 0.3046875000000001 0.475
0 0.33281250000000007 0.45625 0.3031250000000001 0.45625 0.3031250000000001 0.475 0.33281250000000007 0.475
0 0.6421875 0.44375 0.3390625000000001 0.44375 0.3390625000000001 0.478125 0.6421875 0.478125
0 0.6953125 0.440625 0.6328125 0.440625 0.6328125 0.4765625 0.6953125 0.4765625
0 0.809375 0.4437500000000001 0.696875 0.44375 0.696875 0.4750000000000001 0.809375 0.4750000000000002
0 0.8890625 0.4515625000000002 0.8109375 0.4515625000000002 0.8109375 0.4781250000000002 0.8890625 0.4781250000000002
0 0.20468750000000008 0.4953125 0.12968750000000004 0.4953125 0.12968750000000004 0.5265625 0.20468750000000008 0.5265625
0 0.3343750000000001 0.490625 0.2078125000000001 0.490625 0.2078125000000001 0.5234375 0.3343750000000001 0.5234375
0 0.453125 0.4890625 0.3312500000000001 0.4890625 0.3312500000000001 0.525 0.453125 0.525
0 0.5890625 0.4890625 0.4578125 0.4890625 0.4578125 0.5234375 0.5890625 0.5234375
0 0.590625 0.5171875 0.5859375 0.5171875 0.5859375 0.51875 0.590625 0.51875
0 0.6875 0.4890625 0.60625 0.4890625 0.60625 0.528125 0.6875 0.528125
0 0.86875 0.4953125000000001 0.7 0.4953125 0.7 0.5281250000000001 0.86875 0.5281250000000002
0 0.22656250000000008 0.5421875 0.12812500000000004 0.5421875 0.12812500000000007 0.578125 0.22656250000000008 0.578125
0 0.51875 0.5421875 0.2234375000000001 0.5421875 0.2234375000000001 0.5953125 0.51875 0.5953125
0 0.5359375 0.56875 0.53125 0.56875 0.53125 0.571875 0.5359375 0.571875
0 0.63125 0.5359375 0.55625 0.5359375 0.55625 0.5796875 0.63125 0.5796875
0 0.7953125 0.5437500000000001 0.6328125 0.54375 0.6328125 0.596875 0.7953125 0.5968750000000002
0 0.8984375 0.5468750000000002 0.8015625 0.5468750000000002 0.8015625 0.5734375000000002 0.8984375 0.5734375000000002
0 0.25468750000000007 0.5921875 0.1218750000000001 0.5921875 0.1218750000000001 0.628125 0.25468750000000007 0.628125
0 0.3265625000000001 0.5921875 0.2500000000000001 0.5921875 0.2500000000000001 0.628125 0.3265625000000001 0.628125
0 0.478125 0.6015625 0.3312500000000001 0.6015625 0.3312500000000001 0.628125 0.478125 0.628125
0 0.5484375 0.5984375 0.4921875 0.5984375 0.4921875 0.63125 0.5484375 0.63125
0 0.628125 0.5890625 0.5421875 0.5890625 0.5421875 0.6265625 0.628125 0.6265625
0 0.6828125 0.590625 0.6328125 0.590625 0.6328125 0.6265625 0.6828125 0.6265625
0 0.953125 0.5890625 0.6578125 0.5890625 0.6578125 0.628125 0.953125 0.6281250000000002
0 0.2812500000000001 0.6359375 0.12343750000000009 0.6359375 0.12343750000000009 0.68125 0.2812500000000001 0.68125
0 0.3078125000000001 0.6609375 0.2843750000000001 0.6609375 0.2843750000000001 0.665625 0.3078125000000001 0.665625
0 0.41875 0.6515625 0.2984375000000001 0.6515625 0.2984375000000001 0.6796875 0.41875 0.6796875
0 0.578125 0.63125 0.4234375 0.63125 0.4234375 0.675 0.578125 0.675
0 0.7078125 0.6421875 0.56875 0.6421875 0.56875 0.69375 0.7078125 0.69375
0 0.7625 0.6500000000000001 0.7140625 0.65 0.7140625 0.6734375000000001 0.7625 0.6734375000000001
0 0.8734375 0.6421875000000001 0.76875 0.6421875000000001 0.76875 0.6921875000000002 0.8734375 0.6921875000000002
0 0.2015625000000001 0.696875 0.1218750000000001 0.696875 0.1218750000000001 0.728125 0.2015625000000001 0.728125
0 0.2921875000000001 0.7046875 0.2093750000000001 0.7046875 0.2093750000000001 0.7296875 0.2921875000000001 0.7296875
0 0.3578125000000001 0.7 0.30937500000000007 0.7 0.30937500000000007 0.746875 0.3578125000000001 0.746875
0 0.4531250000000001 0.690625 0.3593750000000001 0.690625 0.3593750000000001 0.73125 0.45312500000000017 0.73125
0 0.6718750000000001 0.6859375 0.46875 0.6859375 0.4687500000000001 0.728125 0.6718750000000002 0.728125
0 0.8703125 0.6937500000000001 0.678125 0.69375 0.6781250000000001 0.7265625000000001 0.8703125 0.7265625000000002
0 0.8921875 0.7265625000000002 0.88125 0.7265625000000002 0.88125 0.7328125000000002 0.8921875 0.7328125000000002