0 0.18906250000000005 0.21875 0.13593750000000004 0.21875 0.13593750000000004 0.234375 0.18906250000000005 0.234375
0 0.23125 0.2203125 0.19843750000000004 0.2203125 0.19843750000000004 0.2375 0.23125 0.2375
0 0.2875 0.2203125 0.2421875 0.2203125 0.2421875 0.234375 0.2875 0.234375
0 0.3875 0.22187500000000004 0.3015625 0.221875 0.3015625 0.23437500000000006 0.3875 0.23437500000000008
0 0.4515625 0.2250000000000001 0.396875 0.2250000000000001 0.396875 0.23437500000000008 0.4515625 0.23437500000000008
0 0.4625 0.2312500000000001 0.459375 0.2312500000000001 0.459375 0.2328125000000001 0.4625 0.2328125000000001
0 0.546875 0.22031250000000008 0.48125 0.22031250000000008 0.48125 0.23437500000000008 0.546875 0.23437500000000008
0 0.55625 0.2312500000000001 0.553125 0.2312500000000001 0.553125 0.2406250000000001 0.55625 0.2406250000000001
0 0.621875 0.2171875000000001 0.5671875 0.2171875000000001 0.5671875 0.23437500000000008 0.621875 0.23437500000000008
0 0.64375 0.21875000000000008 0.625 0.21875000000000008 0.625 0.2328125000000001 0.64375 0.2328125000000001
0 0.6765625 0.2171875000000001 0.65625 0.2171875000000001 0.65625 0.23437500000000008 0.6765625 0.23437500000000008
0 0.690625 0.2312500000000001 0.6859375 0.2312500000000001 0.6859375 0.2328125000000001 0.690625 0.2328125000000001
0 0.75625 0.21875000000000008 0.6921875 0.21875000000000008 0.6921875 0.23437500000000008 0.75625 0.23437500000000008
0 0.8765625 0.2171875000000001 0.771875 0.2171875000000001 0.771875 0.23437500000000008 0.8765625 0.23437500000000008
0 0.2 0.2703125 0.13593750000000004 0.2703125 0.13593750000000004 0.284375 0.2 0.284375
0 0.240625 0.2703125 0.2171875 0.2703125 0.2171875 0.2859375 0.240625 0.2859375
0 0.31875 0.271875 0.2515625 0.271875 0.2515625 0.2859375 0.31875 0.2859375
0 0.40625 0.26875000000000004 0.3375 0.26875 0.3375 0.28437500000000004 0.40625 0.2843750000000001
0 0.5453125 0.2687500000000001 0.4234375 0.2687500000000001 0.4234375 0.2906250000000001 0.5453125 0.2906250000000001
0 0.6296875 0.2687500000000001 0.559375 0.2687500000000001 0.559375 0.2843750000000001 0.6296875 0.2843750000000001
0 0.640625 0.2828125000000001 0.6375 0.2828125000000001 0.6375 0.2843750000000001 0.640625 0.2843750000000001
0 0.80625 0.2687500000000001 0.659375 0.2687500000000001 0.659375 0.2843750000000001 0.80625 0.2843750000000001
0 0.8875 0.27031250000000007 0.821875 0.27031250000000007 0.821875 0.2843750000000001 0.8875 0.2843750000000001
0 0.20625 0.3203125 0.13593750000000004 0.3203125 0.13593750000000004 0.3359375 0.20625 0.3359375
0 0.2171875 0.33125 0.2125 0.33125 0.2125 0.334375 0.2171875 0.334375
0 0.265625 0.3203125 0.2234375 0.3203125 0.2234375 0.334375 0.265625 0.334375
0 0.3328125 0.3234375 0.275 0.3234375 0.275 0.34375 0.3328125 0.34375
0 0.39375 0.321875 0.3453125 0.321875 0.3453125 0.33593750000000006 0.39375 0.3359375000000001
0 0.478125 0.3265625000000001 0.409375 0.3265625000000001 0.409375 0.3359375000000001 0.478125 0.3359375000000001
0 0.590625 0.32500000000000007 0.496875 0.32500000000000007 0.496875 0.3421875000000001 0.590625 0.3421875000000001
0 0.6671875 0.3218750000000001 0.6078125 0.3218750000000001 0.6078125 0.3343750000000001 0.6671875 0.3343750000000001
0 0.8484375 0.3203125000000001 0.684375 0.3203125000000001 0.684375 0.3343750000000001 0.8484375 0.3343750000000001
0 0.18125000000000005 0.3703125 0.13593750000000004 0.3703125 0.13593750000000004 0.3859375 0.18125000000000005 0.3859375
0 0.2921875000000001 0.36875 0.19531250000000006 0.36875 0.19531250000000006 0.3921875 0.2921875000000001 0.3921875
0 0.30156250000000007 0.3828125 0.2984375000000001 0.3828125 0.2984375000000001 0.3859375 0.30156250000000007 0.3859375
0 0.3421875000000001 0.3703125 0.30937500000000007 0.3703125 0.30937500000000007 0.3859375 0.3421875000000001 0.3859375
0 0.3984375000000001 0.37187500000000007 0.3531250000000001 0.371875 0.3531250000000001 0.38593750000000004 0.3984375000000001 0.3859375000000001
0 0.46875 0.3734375000000001 0.4125 0.3734375000000001 0.4125 0.3859375000000001 0.46875 0.3859375000000001
0 0.51875 0.3734375000000001 0.4828125 0.3734375000000001 0.4828125 0.3859375000000001 0.51875 0.3859375000000001
0 0.6265625 0.3703125000000001 0.534375 0.3703125000000001 0.534375 0.3906250000000001 0.6265625 0.3906250000000001
0 0.66875 0.3687500000000001 0.6421875 0.3687500000000001 0.6421875 0.3843750000000001 0.66875 0.3843750000000001
0 0.7375 0.3703125000000001 0.6828125 0.3703125000000001 0.6828125 0.3843750000000001 0.7375 0.3843750000000001
0 0.86875 0.3671875000000001 0.7546875 0.3671875000000001 0.7546875 0.3906250000000001 0.86875 0.3906250000000001
0 0.8765625 0.3828125000000001 0.871875 0.3828125000000001 0.871875 0.3859375000000001 0.8765625 0.3859375000000001
0 0.19062500000000004 0.4234375 0.13281250000000006 0.4234375 0.13281250000000006 0.4375 0.19062500000000004 0.4375
0 0.3140625000000001 0.421875 0.20468750000000008 0.421875 0.20468750000000008 0.4359375 0.3140625000000001 0.4359375
0 0.3859375000000001 0.421875 0.3265625000000001 0.421875 0.3265625000000001 0.4390625 0.3859375000000001 0.4390625
0 0.4546875 0.421875 0.4015625 0.421875 0.4015625 0.4359375 0.4546875 0.4359375
0 0.5375 0.4234375 0.4734375 0.4234375 0.4734375 0.4421875 0.5375 0.4421875
0 0.5609375 0.4296875 0.55 0.4296875 0.55 0.4328125 0.5609375 0.4328125
0 0.696875 0.4234375 0.571875 0.4234375 0.571875 0.4375 0.696875 0.4375
0 0.7625 0.4218750000000001 0.7078125 0.421875 0.7078125 0.4375000000000001 0.7625 0.43750000000000017
0 0.859375 0.42187500000000017 0.778125 0.42187500000000017 0.778125 0.4359375000000002 0.859375 0.4359375000000002
0 0.8671875 0.4343750000000002 0.8640625 0.4343750000000002 0.8640625 0.43750000000000017 0.8671875 0.43750000000000017
0 0.2093750000000001 0.4703125 0.13750000000000004 0.4703125 0.13750000000000004 0.4859375 0.2093750000000001 0.4859375
0 0.2765625000000001 0.4734375 0.22031250000000008 0.4734375 0.22031250000000008 0.4875 0.2765625000000001 0.4875
0 0.3593750000000001 0.4734375 0.2875000000000001 0.4734375 0.2875000000000001 0.4875 0.3593750000000001 0.4875
0 0.3937500000000001 0.4796875 0.3734375000000001 0.4796875 0.3734375000000001 0.4875 0.3937500000000001 0.4875
0 0.40625 0.471875 0.3921875000000001 0.471875 0.3921875000000001 0.4859375 0.40625 0.4859375
0 0.5125 0.4703125 0.421875 0.4703125 0.421875 0.4859375 0.5125 0.4859375
0 0.525 0.48125 0.521875 0.48125 0.521875 0.484375 0.525 0.484375