0 0.13437500000000005 0.2171875 0.12343750000000005 0.2171875 0.12343750000000005 0.225 0.13437500000000005 0.225
0 0.2828125 0.2078125 0.15312500000000004 0.2078125 0.15312500000000004 0.234375 0.2828125 0.234375
0 0.3328125 0.209375 0.2921875 0.209375 0.2921875 0.225 0.3328125 0.225
0 0.340625 0.2234375 0.3328125 0.2234375 0.3328125 0.2296875 0.340625 0.2296875
0 0.425 0.20781250000000004 0.353125 0.2078125 0.353125 0.22656250000000006 0.425 0.22656250000000008
0 0.434375 0.2218750000000001 0.4265625 0.2218750000000001 0.4265625 0.22812500000000008 0.434375 0.22812500000000008
0 0.51875 0.2078125000000001 0.4546875 0.2078125000000001 0.4546875 0.2312500000000001 0.51875 0.2312500000000001
0 0.60625 0.2093750000000001 0.5328125 0.2093750000000001 0.5328125 0.2250000000000001 0.60625 0.2250000000000001
0 0.6640625 0.2093750000000001 0.6125 0.2093750000000001 0.6125 0.2250000000000001 0.6640625 0.2250000000000001
0 0.715625 0.2093750000000001 0.68125 0.2093750000000001 0.68125 0.22812500000000008 0.715625 0.22812500000000008
0 0.88125 0.2062500000000001 0.7234375 0.2062500000000001 0.7234375 0.22812500000000008 0.88125 0.22812500000000008
0 0.19531250000000006 0.259375 0.12812500000000004 0.259375 0.12812500000000004 0.2734375 0.19531250000000006 0.2734375
0 0.3015625 0.2609375 0.19843750000000004 0.2609375 0.19843750000000004 0.2796875 0.3015625 0.2796875
0 0.3609375 0.2640625 0.30625 0.2640625 0.30625 0.2796875 0.3609375 0.2796875
0 0.471875 0.2609375000000001 0.38125 0.2609375000000001 0.38125 0.2765625000000001 0.471875 0.2765625000000001
0 0.546875 0.2593750000000001 0.4953125 0.2593750000000001 0.4953125 0.2765625000000001 0.546875 0.2765625000000001
0 0.6375 0.2593750000000001 0.571875 0.2593750000000001 0.571875 0.2843750000000001 0.6375 0.2843750000000001
0 0.7625 0.2609375000000001 0.65625 0.2609375000000001 0.65625 0.2796875000000001 0.7625 0.2796875000000001
0 0.89375 0.2593750000000001 0.775 0.2593750000000001 0.775 0.2890625000000001 0.89375 0.2890625000000001
0 0.17031250000000003 0.309375 0.12187500000000004 0.309375 0.12187500000000004 0.325 0.17031250000000003 0.325
0 0.259375 0.3140625 0.18906250000000005 0.3140625 0.18906250000000005 0.325 0.259375 0.325
0 0.2671875 0.3234375 0.259375 0.3234375 0.259375 0.33125 0.2671875 0.33125
0 0.353125 0.3125 0.2921875 0.3125 0.2921875 0.325 0.353125 0.325
0 0.41875 0.3156250000000001 0.3640625 0.3156250000000001 0.3640625 0.3265625000000001 0.41875 0.3265625000000001
0 0.6375 0.30937500000000007 0.434375 0.30937500000000007 0.434375 0.3343750000000001 0.6375 0.3343750000000001
0 0.7453125 0.3109375000000001 0.6546875 0.3109375000000001 0.6546875 0.3296875000000001 0.7453125 0.3296875000000001
0 0.8453125 0.3125000000000001 0.7578125 0.3125000000000001 0.7578125 0.3265625000000001 0.8453125 0.3265625000000001
0 0.2015625000000001 0.3640625 0.12187500000000004 0.3640625 0.12187500000000004 0.38125 0.2015625000000001 0.38125
0 0.2906250000000001 0.3640625 0.21875000000000008 0.3640625 0.21875000000000008 0.38125 0.2906250000000001 0.38125
0 0.3859375000000001 0.36562500000000003 0.3140625000000001 0.365625 0.3140625000000001 0.3765625 0.3859375000000001 0.3765625000000001
0 0.54375 0.3609375000000001 0.40625 0.3609375000000001 0.40625 0.3765625000000001 0.54375 0.3765625000000001
0 0.61875 0.3656250000000001 0.5515625 0.3656250000000001 0.5515625 0.3765625000000001 0.61875 0.3765625000000001
0 0.7125 0.3625000000000001 0.6265625 0.3625000000000001 0.6265625 0.3765625000000001 0.7125 0.3765625000000001
0 0.7984375 0.3593750000000001 0.728125 0.3593750000000001 0.728125 0.3765625000000001 0.7984375 0.3765625000000001
0 0.8703125 0.3609375000000001 0.815625 0.3609375000000001 0.815625 0.3765625000000001 0.8703125 0.3765625000000001
0 0.18281250000000004 0.4109375 0.12500000000000006 0.4109375 0.12500000000000006 0.4265625 0.18281250000000004 0.4265625
0 0.27031250000000007 0.4109375 0.19531250000000006 0.4109375 0.19531250000000006 0.428125 0.27031250000000007 0.428125
0 0.3750000000000001 0.4140625 0.2828125000000001 0.4140625 0.2828125000000001 0.428125 0.3750000000000001 0.428125
0 0.4703125 0.4140625 0.3921875000000001 0.4140625 0.3921875000000001 0.428125 0.4703125 0.428125
0 0.53125 0.4109375 0.5 0.4109375 0.5 0.43125 0.53125 0.43125
0 0.5671875 0.4140625 0.546875 0.4140625 0.546875 0.425 0.5671875 0.425
0 0.6640625 0.4140625 0.5875 0.4140625 0.5875 0.4265625 0.6640625 0.4265625
0 0.759375 0.41093750000000007 0.6765625 0.4109375 0.6765625 0.4281250000000001 0.759375 0.4281250000000002
0 0.76875 0.4265625000000002 0.765625 0.4265625000000002 0.765625 0.4281250000000002 0.76875 0.4281250000000002
0 0.859375 0.4109375000000002 0.790625 0.4109375000000002 0.790625 0.4265625000000002 0.859375 0.4265625000000002
0 0.16406250000000006 0.4640625 0.12656250000000005 0.4640625 0.12656250000000005 0.475 0.16406250000000006 0.475
0 0.2484375000000001 0.4609375 0.17656250000000004 0.4609375 0.17656250000000004 0.478125 0.2484375000000001 0.478125
0 0.3140625000000001 0.4625 0.27031250000000007 0.4625 0.27031250000000007 0.4796875 0.3140625000000001 0.4796875
0 0.4359375 0.4609375 0.3359375000000001 0.4609375 0.3359375000000001 0.484375 0.4359375 0.484375
0 0.53125 0.4625 0.45 0.4625 0.45 0.478125 0.53125 0.478125
0 0.5421875 0.475 0.5328125 0.475 0.5328125 0.4828125 0.5421875 0.4828125
0 0.66875 0.4609375 0.55625 0.4609375 0.55625 0.478125 0.66875 0.478125
0 0.75625 0.4640625000000001 0.68125 0.4640625 0.68125 0.4828125000000001 0.75625 0.4828125000000002
0 0.778125 0.4703125000000002 0.7671875 0.4703125000000002 0.7671875 0.4734375000000002 0.778125 0.4734375000000002
0 0.8671875 0.46093750000000017 0.7828125 0.46093750000000017 0.7828125 0.4781250000000002 0.8671875 0.4781250000000002
0 0.2250000000000001 0.50625 0.12500000000000006 0.50625 0.12500000000000006 0.5265625 0.2250000000000001 0.5265625
0 0.21250000000000008 0.521875 0.2093750000000001 0.521875 0.2093750000000001 0.5234375 0.21250000000000008 0.5234375
0 0.3187500000000001 0.5171875 0.2468750000000001 0.5171875 0.2468750000000001 0.528125 0.3187500000000001 0.528125
0 0.3671875000000001 0.5078125 0.3468750000000001 0.5078125 0.3468750000000001 0.5234375 0.3671875000000001 0.5234375
0 0.409375 0.509375 0.3765625000000001 0.509375 0.3765625000000001 0.525 0.409375 0.525
0 0.4765625 0.515625 0.4265625 0.515625 0.4265625 0.5328125 0.4765625 0.5328125
0 0.534375 0.5109375 0.4875 0.5109375 0.4875 0.528125 0.534375 0.528125
0 0.5359375 0.525 0.5328125 0.525 0.5328125 0.5265625 0.5359375 0.5265625
0 0.6390625 0.5125 0.5671875 0.5125 0.5671875 0.528125 0.6390625 0.528125
0 0.71875 0.515625 0.6546875 0.515625 0.6546875 0.5265625 0.71875 0.5265625
0 0.846875 0.5140625000000002 0.7359375 0.5140625000000002 0.7359375 0.5281250000000002 0.846875 0.5281250000000002
0 0.2000000000000001 0.5609375 0.1218750000000001 0.5609375 0.1218750000000001 0.5765625 0.2000000000000001 0.5765625
0 0.2062500000000001 0.578125 0.1984375000000001 0.578125 0.1984375000000001 0.584375 0.2062500000000001 0.584375
0 0.2953125000000001 0.565625 0.2250000000000001 0.565625 0.2250000000000001 0.5859375 0.2953125000000001 0.5859375
0 0.40625 0.5640625 0.3062500000000001 0.5640625 0.3062500000000001 0.5796875 0.40625 0.5796875
0 0.5 0.5671875 0.421875 0.5671875 0.421875 0.584375 0.5 0.584375
0 0.590625 0.5625 0.5140625 0.5625 0.5140625 0.5796875 0.590625 0.5796875
0 0.6328125 0.55625 0.621875 0.55625 0.621875 0.5625 0.6328125 0.5625
0 0.6109375 0.575 0.60625 0.575 0.60625 0.5796875 0.6109375 0.5796875