0 0.19062500000000004 0.19375000000000003 0.15625000000000006 0.19375 0.15625000000000006 0.225 0.19062500000000004 0.225
0 0.3015625 0.19531250000000006 0.225 0.19531250000000006 0.225 0.209375 0.3015625 0.209375
0 0.3796875 0.19375000000000003 0.3265625 0.19375000000000003 0.3265625 0.20937500000000003 0.3796875 0.2093750000000001
0 0.465625 0.19531250000000006 0.40625 0.19531250000000006 0.40625 0.2078125000000001 0.465625 0.2078125000000001
0 0.5234375 0.19531250000000006 0.4953125 0.19531250000000006 0.4953125 0.2078125000000001 0.5234375 0.2078125000000001
0 0.615625 0.1937500000000001 0.5546875 0.1937500000000001 0.5546875 0.2093750000000001 0.615625 0.2093750000000001
0 0.61875 0.20468750000000008 0.615625 0.20468750000000008 0.615625 0.2062500000000001 0.61875 0.2062500000000001
0 0.6640625 0.1937500000000001 0.6484375 0.1937500000000001 0.6484375 0.2078125000000001 0.6640625 0.2078125000000001
0 0.74375 0.1937500000000001 0.6890625 0.1937500000000001 0.6890625 0.2078125000000001 0.74375 0.2078125000000001
0 0.80625 0.18125000000000008 0.7765625 0.18125000000000008 0.7765625 0.2062500000000001 0.80625 0.2062500000000001
0 0.203125 0.246875 0.15468750000000003 0.246875 0.15468750000000003 0.2609375 0.203125 0.2609375
0 0.2671875 0.2421875 0.2375 0.2421875 0.2375 0.2609375 0.2671875 0.2609375
0 0.271875 0.2578125 0.26875 0.2578125 0.26875 0.259375 0.271875 0.259375
0 0.321875 0.24375 0.303125 0.24375 0.303125 0.259375 0.321875 0.259375
0 0.403125 0.24687500000000004 0.34375 0.246875 0.34375 0.26093750000000004 0.403125 0.2609375000000001
0 0.496875 0.23593750000000008 0.421875 0.23593750000000008 0.421875 0.2750000000000001 0.496875 0.2750000000000001
0 0.5578125 0.24375000000000008 0.528125 0.24375000000000008 0.528125 0.2578125000000001 0.5578125 0.2578125000000001
0 0.66875 0.24375000000000008 0.5734375 0.24375000000000008 0.5734375 0.2593750000000001 0.66875 0.2593750000000001
0 0.746875 0.23593750000000008 0.6984375 0.23593750000000008 0.6984375 0.2578125000000001 0.746875 0.2578125000000001
0 0.8140625 0.2468750000000001 0.7828125 0.2468750000000001 0.7828125 0.2578125000000001 0.8140625 0.2578125000000001
0 0.17968750000000006 0.2984375 0.15312500000000004 0.2984375 0.15312500000000004 0.3125 0.17968750000000006 0.3125
0 0.2734375 0.296875 0.2234375 0.296875 0.2234375 0.3109375 0.2734375 0.3109375
0 0.3734375 0.290625 0.3046875 0.290625 0.3046875 0.31093750000000003 0.3734375 0.3109375000000001
0 0.475 0.2906250000000001 0.4078125 0.2906250000000001 0.4078125 0.3109375000000001 0.475 0.3109375000000001
0 0.5265625 0.2953125000000001 0.5 0.2953125000000001 0.5 0.30937500000000007 0.5265625 0.30937500000000007
0 0.6421875 0.29375000000000007 0.54375 0.29375000000000007 0.54375 0.30937500000000007 0.6421875 0.30937500000000007
0 0.7171875 0.2968750000000001 0.68125 0.2968750000000001 0.68125 0.30937500000000007 0.7171875 0.30937500000000007
0 0.73125 0.3046875000000001 0.728125 0.3046875000000001 0.728125 0.3062500000000001 0.73125 0.3062500000000001
0 0.778125 0.2921875000000001 0.7640625 0.2921875000000001 0.7640625 0.3187500000000001 0.778125 0.3187500000000001
0 0.825 0.2906250000000001 0.784375 0.2906250000000001 0.784375 0.30937500000000007 0.825 0.30937500000000007
0 0.20781250000000004 0.35 0.15312500000000004 0.35 0.15312500000000004 0.3765625 0.2078125000000001 0.3765625
0 0.21875000000000006 0.35625 0.2125 0.35625 0.21250000000000005 0.3640625 0.21875000000000008 0.3640625
0 0.3109375 0.340625 0.2359375 0.340625 0.2359375 0.3609375 0.3109375 0.3609375
0 0.4 0.34375000000000006 0.3390625 0.34375 0.3390625 0.3609375 0.4 0.3609375000000001
0 0.578125 0.3453125000000001 0.434375 0.3453125000000001 0.434375 0.3734375000000001 0.578125 0.3734375000000001
0 0.5921875 0.35625000000000007 0.5875 0.35625000000000007 0.5875 0.3625000000000001 0.5921875 0.3625000000000001
0 0.678125 0.34843750000000007 0.6203125 0.34843750000000007 0.6203125 0.3609375000000001 0.678125 0.3609375000000001
0 0.778125 0.3421875000000001 0.7015625 0.3421875000000001 0.7015625 0.3703125000000001 0.778125 0.3703125000000001
0 0.846875 0.3468750000000001 0.8171875 0.3468750000000001 0.8171875 0.3578125000000001 0.846875 0.3578125000000001
0 0.21250000000000008 0.3984375 0.15625000000000006 0.3984375 0.15625000000000006 0.428125 0.21250000000000008 0.428125
0 0.2250000000000001 0.4109375 0.2218750000000001 0.4109375 0.2218750000000001 0.4140625 0.2250000000000001 0.4140625
0 0.3218750000000001 0.3953125 0.26250000000000007 0.3953125 0.26250000000000007 0.425 0.3218750000000001 0.425
0 0.46875 0.39687500000000003 0.3593750000000001 0.396875 0.3593750000000001 0.425 0.46875 0.425
0 0.56875 0.3937500000000001 0.503125 0.3937500000000001 0.503125 0.4109375 0.56875 0.4109375
0 0.6421875 0.3968750000000001 0.5890625 0.3968750000000001 0.5890625 0.4296875 0.6421875 0.4296875
0 0.7296875 0.3937500000000001 0.6796875 0.3937500000000001 0.6796875 0.4093750000000001 0.7296875 0.40937500000000016
0 0.809375 0.39531250000000007 0.7546875 0.39531250000000007 0.7546875 0.4109375000000002 0.809375 0.4109375000000002
0 0.19843750000000004 0.4515625 0.15312500000000004 0.4515625 0.15312500000000004 0.465625 0.19843750000000004 0.465625
0 0.3000000000000001 0.4375 0.24375000000000008 0.4375 0.24375000000000008 0.4609375 0.3000000000000001 0.4609375
0 0.3109375000000001 0.4578125 0.3078125000000001 0.4578125 0.3078125000000001 0.4609375 0.3109375000000001 0.4609375
0 0.3296875000000001 0.440625 0.3125000000000001 0.440625 0.3125000000000001 0.471875 0.3296875000000001 0.471875
0 0.37968750000000007 0.4453125 0.3593750000000001 0.4453125 0.3593750000000001 0.4609375 0.37968750000000007 0.4609375
0 0.4734375 0.4453125 0.4125 0.4453125 0.4125 0.4609375 0.4734375 0.4609375
0 0.6546875 0.4453125 0.5140625 0.4453125 0.5140625 0.4609375 0.6546875 0.4609375
0 0.71875 0.4453125 0.6859375 0.4453125 0.6859375 0.4609375 0.71875 0.4609375
0 0.7625 0.4468750000000001 0.7203125 0.446875 0.7203125 0.47343750000000007 0.7625 0.4734375000000002
0 0.8171875 0.44531250000000017 0.7875 0.44531250000000017 0.7875 0.46093750000000017 0.8171875 0.46093750000000017
0 0.2093750000000001 0.5 0.15937500000000004 0.5 0.15937500000000004 0.5140625 0.2093750000000001 0.5140625
0 0.2984375000000001 0.496875 0.24218750000000008 0.496875 0.24218750000000008 0.5140625 0.2984375000000001 0.5140625
0 0.4078125 0.496875 0.3281250000000001 0.496875 0.3281250000000001 0.5171875 0.4078125 0.5171875
0 0.534375 0.4953125 0.4390625 0.4953125 0.4390625 0.5265625 0.534375 0.5265625
0 0.64375 0.4953125 0.5609375 0.4953125 0.5609375 0.5125 0.64375 0.5125
0 0.70625 0.4953125 0.671875 0.4953125 0.671875 0.5125 0.70625 0.5125
0 0.8 0.49531250000000016 0.7359375 0.49531250000000016 0.7359375 0.5109375000000002 0.8 0.5109375000000002
0 0.22656250000000008 0.553125 0.1593750000000001 0.553125 0.1593750000000001 0.5671875 0.22656250000000008 0.5671875
0 0.2906250000000001 0.546875 0.2578125000000001 0.546875 0.2578125000000001 0.5640625 0.2906250000000001 0.5640625
0 0.4515625 0.546875 0.3390625000000001 0.546875 0.3390625000000001 0.5625 0.4515625 0.5625
0 0.5421875 0.5453125 0.4890625 0.5453125 0.4890625 0.5625 0.5421875 0.5625
0 0.6265625 0.54375 0.58125 0.54375 0.58125 0.5625 0.6265625 0.5625
0 0.7890625 0.5437500000000001 0.6625 0.54375 0.6625 0.5781250000000001 0.7890625 0.5781250000000002
0 0.7953125 0.5578125000000002 0.7921875 0.5578125000000002 0.7921875 0.5593750000000002 0.7953125 0.5593750000000002
0 0.18750000000000008 0.5984375 0.15625000000000008 0.5984375 0.15625000000000008 0.615625 0.18750000000000008 0.615625
0 0.2718750000000001 0.59375 0.2218750000000001 0.59375 0.2218750000000001 0.6171875 0.2718750000000001 0.6171875
0 0.3343750000000001 0.6015625 0.30156250000000007 0.6015625 0.30156250000000007 0.6140625 0.3343750000000001 0.6140625
0 0.39531250000000007 0.596875 0.36406250000000007 0.596875 0.36406250000000007 0.6140625 0.39531250000000007 0.6140625
0 0.4859375 0.6015625 0.4234375 0.6015625 0.4234375 0.615625 0.4859375 0.615625
0 0.571875 0.5953125 0.509375 0.5953125 0.509375 0.6140625 0.571875 0.6140625
0 0.5921875 0.609375 0.5875 0.609375 0.5875 0.6109375 0.5921875 0.6109375