0 0.16875000000000004 0.184375 0.15156250000000004 0.184375 0.15156250000000004 0.2046875 0.16875000000000004 0.2046875
0 0.2875 0.18906250000000005 0.19531250000000006 0.18906250000000005 0.19531250000000006 0.2125 0.2875 0.2125
0 0.38125 0.18593750000000003 0.315625 0.18593750000000003 0.315625 0.20468750000000005 0.38125 0.20468750000000008
0 0.425 0.18906250000000005 0.4015625 0.18906250000000005 0.4015625 0.20468750000000008 0.425 0.20468750000000008
0 0.5015625 0.19375000000000003 0.4484375 0.19375000000000003 0.4484375 0.20468750000000008 0.5015625 0.20468750000000008
0 0.5734375 0.19062500000000007 0.5328125 0.19062500000000004 0.5328125 0.2062500000000001 0.5734375 0.2062500000000001
0 0.6546875 0.1921875000000001 0.59375 0.1921875000000001 0.59375 0.21875000000000008 0.6546875 0.21875000000000008
0 0.7546875 0.18906250000000008 0.6828125 0.18906250000000008 0.6828125 0.21093750000000008 0.7546875 0.21093750000000008
0 0.846875 0.18906250000000008 0.7734375 0.18906250000000008 0.7734375 0.20468750000000008 0.846875 0.20468750000000008
0 0.18906250000000005 0.2359375 0.15781250000000005 0.2359375 0.15781250000000005 0.2546875 0.18906250000000005 0.2546875
0 0.29375 0.2421875 0.2171875 0.2421875 0.2171875 0.25625 0.29375 0.25625
0 0.34375 0.2390625 0.3265625 0.2390625 0.3265625 0.25625 0.34375 0.25625
0 0.415625 0.2390625000000001 0.3671875 0.2390625000000001 0.3671875 0.26250000000000007 0.415625 0.26250000000000007
0 0.5046875 0.23593750000000008 0.4421875 0.23593750000000008 0.4421875 0.2609375000000001 0.5046875 0.2609375000000001
0 0.584375 0.2375000000000001 0.5328125 0.2375000000000001 0.5328125 0.25468750000000007 0.584375 0.25468750000000007
0 0.6046875 0.2515625000000001 0.6015625 0.2515625000000001 0.6015625 0.25468750000000007 0.6046875 0.25468750000000007
0 0.63125 0.2375000000000001 0.6234375 0.2375000000000001 0.6234375 0.2453125000000001 0.63125 0.2453125000000001
0 0.678125 0.23593750000000008 0.6421875 0.23593750000000008 0.6421875 0.25468750000000007 0.678125 0.25468750000000007
0 0.7453125 0.2375000000000001 0.696875 0.2375000000000001 0.696875 0.25468750000000007 0.7453125 0.25468750000000007
0 0.765625 0.2515625000000001 0.7484375 0.2515625000000001 0.7484375 0.2640625000000001 0.765625 0.2640625000000001
0 0.846875 0.23437500000000008 0.7875 0.23437500000000008 0.7875 0.25468750000000007 0.846875 0.25468750000000007
0 0.8546875 0.25468750000000007 0.8453125 0.25468750000000007 0.8453125 0.2640625000000001 0.8546875 0.2640625000000001
0 0.88125 0.23437500000000008 0.871875 0.23437500000000008 0.871875 0.24218750000000008 0.88125 0.24218750000000008
0 0.23125 0.2890625 0.16093750000000004 0.2890625 0.16093750000000004 0.3046875 0.23125 0.3046875
0 0.3453125 0.2890625 0.26875 0.2890625 0.26875 0.3140625 0.3453125 0.3140625
0 0.365625 0.30312500000000003 0.3625 0.303125 0.3625 0.30468750000000006 0.365625 0.3046875000000001
0 0.4 0.28593750000000007 0.3921875 0.28593750000000007 0.3921875 0.2906250000000001 0.4 0.2906250000000001
0 0.4609375 0.28593750000000007 0.4140625 0.28593750000000007 0.4140625 0.30937500000000007 0.4609375 0.30937500000000007
0 0.5515625 0.2890625000000001 0.4796875 0.2890625000000001 0.4796875 0.3046875000000001 0.5515625 0.3046875000000001
0 0.653125 0.28593750000000007 0.5984375 0.28593750000000007 0.5984375 0.3046875000000001 0.653125 0.3046875000000001
0 0.671875 0.2906250000000001 0.6578125 0.2906250000000001 0.6578125 0.3062500000000001 0.671875 0.3062500000000001
0 0.784375 0.2906250000000001 0.6890625 0.2906250000000001 0.6890625 0.3156250000000001 0.784375 0.3156250000000001
0 0.909375 0.2906250000000001 0.815625 0.2906250000000001 0.815625 0.3140625000000001 0.909375 0.3140625000000001
0 0.9109375 0.3031250000000001 0.909375 0.3031250000000001 0.909375 0.3046875000000001 0.9109375 0.3046875000000001
0 0.9296875 0.2875000000000001 0.91875 0.2875000000000001 0.91875 0.2953125000000001 0.9296875 0.2953125000000001
0 0.17500000000000004 0.3390625 0.16718750000000004 0.3390625 0.16718750000000004 0.3453125 0.17500000000000004 0.3453125
0 0.24843750000000003 0.3375 0.18906250000000005 0.3375 0.18906250000000005 0.36875 0.2484375000000001 0.36875
0 0.31718750000000007 0.340625 0.2671875 0.340625 0.2671875 0.365625 0.31718750000000007 0.365625
0 0.3609375 0.34375 0.3390625 0.34375 0.3390625 0.3546875 0.3609375 0.3546875
0 0.4109375 0.34062500000000007 0.3734375 0.34062500000000007 0.3734375 0.3546875000000001 0.4109375 0.3546875000000001
0 0.5046875 0.3390625000000001 0.43125 0.3390625000000001 0.43125 0.35625000000000007 0.5046875 0.35625000000000007
0 0.5078125 0.35625000000000007 0.4953125 0.35625000000000007 0.4953125 0.3703125000000001 0.5078125 0.3703125000000001
0 0.53125 0.34062500000000007 0.5234375 0.34062500000000007 0.5234375 0.3468750000000001 0.53125 0.3468750000000001
0 0.6203125 0.3375000000000001 0.5609375 0.3375000000000001 0.5609375 0.3578125000000001 0.6203125 0.3578125000000001
0 0.7078125 0.3421875000000001 0.6421875 0.3421875000000001 0.6421875 0.35625000000000007 0.7078125 0.35625000000000007
0 0.7203125 0.3515625000000001 0.7171875 0.3515625000000001 0.7171875 0.3531250000000001 0.7203125 0.3531250000000001
0 0.74375 0.3359375000000001 0.7390625 0.3359375000000001 0.7390625 0.3421875000000001 0.74375 0.3421875000000001
0 0.8375 0.3375000000000001 0.75625 0.3375000000000001 0.75625 0.3546875000000001 0.8375 0.3546875000000001
0 0.890625 0.34843750000000007 0.8625 0.34843750000000007 0.8625 0.35625000000000007 0.890625 0.35625000000000007
0 0.2015625000000001 0.3859375 0.19218750000000004 0.3859375 0.19218750000000004 0.4078125 0.2015625000000001 0.4078125
0 0.2375000000000001 0.3875 0.21250000000000008 0.3875 0.21250000000000008 0.409375 0.2375000000000001 0.409375
0 0.3609375000000001 0.390625 0.2609375000000001 0.390625 0.2609375000000001 0.415625 0.3609375000000001 0.415625
0 0.4546875 0.3921875000000001 0.38750000000000007 0.3921875000000001 0.38750000000000007 0.40625 0.4546875 0.40625
0 0.4640625 0.4046875 0.4546875 0.4046875 0.4546875 0.4140625 0.4640625 0.4140625
0 0.5921875 0.39531250000000007 0.4921875 0.39531250000000007 0.4921875 0.40625 0.5921875 0.40625
0 0.6765625 0.3890625000000001 0.628125 0.3890625000000001 0.628125 0.4046875 0.6765625 0.4046875
0 0.7359375 0.3921875000000001 0.6984375 0.3921875000000001 0.6984375 0.4046875000000001 0.7359375 0.4046875000000002
0 0.83125 0.3906250000000001 0.7640625 0.3906250000000001 0.7640625 0.4046875000000002 0.83125 0.4046875000000002
0 0.909375 0.3906250000000001 0.8453125 0.3906250000000001 0.8453125 0.4031250000000002 0.909375 0.4031250000000002
0 0.2296875000000001 0.4453125 0.19062500000000004 0.4453125 0.19062500000000004 0.45625 0.2296875000000001 0.45625
0 0.32500000000000007 0.44375 0.2531250000000001 0.44375 0.2531250000000001 0.45625 0.32500000000000007 0.45625
0 0.3515625000000001 0.4375 0.3390625000000001 0.4375 0.3390625000000001 0.45625 0.3515625000000001 0.45625
0 0.4359375 0.4375 0.3812500000000001 0.4375 0.3812500000000001 0.4625 0.4359375 0.4625
0 0.521875 0.440625 0.4609375 0.440625 0.4609375 0.4609375 0.521875 0.4609375
0 0.584375 0.440625 0.5421875 0.440625 0.5421875 0.4546875 0.584375 0.4546875
0 0.5984375 0.453125 0.5953125 0.453125 0.5953125 0.4546875 0.5984375 0.4546875
0 0.73125 0.4390625000000001 0.6484375 0.4390625 0.6484375 0.4625000000000001 0.73125 0.4625000000000002
0 0.78125 0.43750000000000017 0.7578125 0.43750000000000017 0.7578125 0.45312500000000017 0.78125 0.45312500000000017
0 0.8234375 0.43750000000000017 0.8015625 0.43750000000000017 0.8015625 0.4515625000000002 0.8234375 0.4515625000000002
0 0.875 0.4437500000000002 0.85 0.4437500000000002 0.85 0.45312500000000017 0.875 0.45312500000000017
0 0.2484375000000001 0.4875 0.18906250000000005 0.4875 0.18906250000000005 0.5078125 0.2484375000000001 0.5078125
0 0.3281250000000001 0.4953125 0.2750000000000001 0.4953125 0.2750000000000001 0.521875 0.3281250000000001 0.521875
0 0.3765625000000001 0.490625 0.34843750000000007 0.490625 0.34843750000000007 0.5171875 0.3765625000000001 0.5171875
0 0.4640625 0.490625 0.3968750000000001 0.490625 0.3968750000000001 0.5234375 0.4640625 0.5234375
0 0.5890625 0.4859375 0.5046875 0.4859375 0.5046875 0.5140625 0.5890625 0.5140625
0 0.603125 0.503125 0.6015625 0.503125 0.6015625 0.50625 0.603125 0.50625
0 0.70625 0.4875 0.6375 0.4875 0.6375 0.50625 0.70625 0.50625
0 0.78125 0.48437500000000017 0.7296875 0.48437500000000017 0.7296875 0.5046875000000002 0.78125 0.5046875000000002
0 0.7953125 0.5031250000000002 0.7921875 0.5031250000000002 0.7921875 0.5046875000000002 0.7953125 0.5046875000000002
0 0.815625 0.4859375000000002 0.8109375 0.4859375000000002 0.8109375 0.49218750000000017 0.815625 0.49218750000000017
0 0.8765625 0.4859375000000002 0.8375 0.4859375000000002 0.8375 0.5046875000000002 0.8765625 0.5046875000000002
0 0.27812500000000007 0.5390625 0.19218750000000004 0.5390625 0.19218750000000007 0.55625 0.27812500000000007 0.55625
0 0.3296875000000001 0.546875 0.2984375000000001 0.546875 0.2984375000000001 0.55625 0.3296875000000001 0.55625
0 0.40625 0.54375 0.36406250000000007 0.54375 0.36406250000000007 0.56875 0.40625 0.56875
0 0.5578125 0.5375 0.440625 0.5375 0.440625 0.5671875 0.5578125 0.5671875
0 0.5734375 0.553125 0.5703125 0.553125 0.5703125 0.5546875 0.5734375 0.5546875