0 0.17343750000000005 0.2140625 0.16875000000000004 0.2140625 0.16875000000000004 0.21875 0.17343750000000005 0.21875
0 0.2515625 0.2140625 0.17968750000000006 0.2140625 0.17968750000000006 0.23125 0.2515625 0.23125
0 0.3015625 0.221875 0.2578125 0.221875 0.2578125 0.234375 0.3015625 0.234375
0 0.3375 0.2171875 0.309375 0.2171875 0.309375 0.23125 0.3375 0.23125
0 0.3890625 0.21875000000000006 0.346875 0.21875 0.346875 0.24843750000000003 0.3890625 0.2484375000000001
0 0.478125 0.2171875000000001 0.4109375 0.2171875000000001 0.4109375 0.2484375000000001 0.478125 0.2484375000000001
0 0.5171875 0.22656250000000008 0.4921875 0.22656250000000008 0.4921875 0.24375000000000008 0.5171875 0.24375000000000008
0 0.540625 0.22656250000000008 0.5234375 0.22656250000000008 0.5234375 0.23437500000000008 0.540625 0.23437500000000008
0 0.584375 0.2218750000000001 0.55625 0.2218750000000001 0.55625 0.23593750000000008 0.584375 0.23593750000000008
0 0.725 0.22031250000000008 0.59375 0.22031250000000008 0.59375 0.2484375000000001 0.725 0.2484375000000001
0 0.7421875 0.2312500000000001 0.7390625 0.2312500000000001 0.7390625 0.2328125000000001 0.7421875 0.2328125000000001
0 0.846875 0.2250000000000001 0.7515625 0.2250000000000001 0.7515625 0.2515625000000001 0.846875 0.2515625000000001
0 0.9140625 0.2250000000000001 0.8609375 0.2250000000000001 0.8609375 0.2390625000000001 0.9140625 0.2390625000000001
0 0.19062500000000004 0.2703125 0.16718750000000004 0.2703125 0.16718750000000004 0.2875 0.19062500000000004 0.2875
0 0.2671875 0.26875 0.19843750000000004 0.26875 0.19843750000000004 0.2859375 0.2671875 0.2859375
0 0.3171875 0.2671875 0.2828125 0.2671875 0.2828125 0.290625 0.3171875 0.290625
0 0.3265625 0.2828125 0.3234375 0.2828125 0.3234375 0.284375 0.3265625 0.284375
0 0.3359375 0.265625 0.33125 0.265625 0.33125 0.26875 0.3359375 0.26875
0 0.3609375 0.265625 0.3546875 0.265625 0.3546875 0.2703125 0.3609375 0.2703125
0 0.4046875 0.26875000000000004 0.3625 0.26875 0.3625 0.2828125 0.4046875 0.2828125000000001
0 0.4484375 0.2765625000000001 0.4140625 0.2765625000000001 0.4140625 0.2953125000000001 0.4484375 0.2953125000000001
0 0.5390625 0.2718750000000001 0.46875 0.2718750000000001 0.46875 0.3031250000000001 0.5390625 0.3031250000000001
0 0.58125 0.2734375000000001 0.55625 0.2734375000000001 0.55625 0.28593750000000007 0.58125 0.28593750000000007
0 0.6359375 0.2718750000000001 0.5875 0.2718750000000001 0.5875 0.2875000000000001 0.6359375 0.2875000000000001
0 0.6703125 0.2718750000000001 0.64375 0.2718750000000001 0.64375 0.2843750000000001 0.6703125 0.2843750000000001
0 0.70625 0.27812500000000007 0.675 0.27812500000000007 0.675 0.2968750000000001 0.70625 0.2968750000000001
0 0.74375 0.2734375000000001 0.7265625 0.2734375000000001 0.7265625 0.28593750000000007 0.74375 0.28593750000000007
0 0.7828125 0.2750000000000001 0.7546875 0.2750000000000001 0.7546875 0.2875000000000001 0.7828125 0.2875000000000001
0 0.8984375 0.27031250000000007 0.79375 0.27031250000000007 0.79375 0.2875000000000001 0.8984375 0.2875000000000001
0 0.9015625 0.2890625000000001 0.89375 0.2890625000000001 0.89375 0.2953125000000001 0.9015625 0.2953125000000001
0 0.18125000000000005 0.321875 0.17656250000000004 0.321875 0.17656250000000004 0.325 0.18125000000000005 0.325
0 0.2484375 0.3203125 0.18750000000000006 0.3203125 0.18750000000000006 0.3359375 0.2484375 0.3359375
0 0.3 0.3234375 0.2546875 0.3234375 0.2546875 0.3359375 0.3 0.3359375
0 0.30625 0.3328125 0.303125 0.3328125 0.303125 0.334375 0.30625 0.334375
0 0.328125 0.321875 0.3234375 0.321875 0.3234375 0.325 0.328125 0.325
0 0.3796875 0.32031250000000006 0.3328125 0.3203125 0.3328125 0.34687500000000004 0.3796875 0.3468750000000001
0 0.4046875 0.3281250000000001 0.3921875 0.3281250000000001 0.3921875 0.3343750000000001 0.4046875 0.3343750000000001
0 0.4734375 0.31718750000000007 0.421875 0.31718750000000007 0.421875 0.3359375000000001 0.4734375 0.3359375000000001
0 0.503125 0.31718750000000007 0.484375 0.31718750000000007 0.484375 0.34062500000000007 0.503125 0.34062500000000007
0 0.55625 0.3187500000000001 0.5140625 0.3187500000000001 0.5140625 0.33281250000000007 0.55625 0.33281250000000007
0 0.565625 0.33281250000000007 0.5609375 0.33281250000000007 0.5609375 0.3390625000000001 0.565625 0.3390625000000001
0 0.596875 0.3281250000000001 0.575 0.3281250000000001 0.575 0.3375000000000001 0.596875 0.3375000000000001
0 0.590625 0.3234375000000001 0.5875 0.3234375000000001 0.5875 0.32500000000000007 0.590625 0.32500000000000007
0 0.609375 0.3203125000000001 0.6046875 0.3203125000000001 0.6046875 0.3234375000000001 0.609375 0.3234375000000001
0 0.6625 0.3218750000000001 0.6265625 0.3218750000000001 0.6265625 0.3515625000000001 0.6625 0.3515625000000001
0 0.7171875 0.3218750000000001 0.671875 0.3218750000000001 0.671875 0.3359375000000001 0.7171875 0.3359375000000001
0 0.7328125 0.3343750000000001 0.7296875 0.3343750000000001 0.7296875 0.3359375000000001 0.7328125 0.3359375000000001
0 0.753125 0.3218750000000001 0.7484375 0.3218750000000001 0.7484375 0.32500000000000007 0.753125 0.32500000000000007
0 0.7921875 0.3234375000000001 0.753125 0.3234375000000001 0.753125 0.3375000000000001 0.7921875 0.3375000000000001
0 0.821875 0.3281250000000001 0.80625 0.3281250000000001 0.80625 0.3359375000000001 0.821875 0.3359375000000001
0 0.8640625 0.3218750000000001 0.8296875 0.3218750000000001 0.8296875 0.3343750000000001 0.8640625 0.3343750000000001
0 0.8734375 0.3359375000000001 0.8671875 0.3359375000000001 0.8671875 0.3421875000000001 0.8734375 0.3421875000000001
0 0.2406250000000001 0.3671875 0.17656250000000004 0.3671875 0.17656250000000004 0.3953125 0.2406250000000001 0.3953125
0 0.2531250000000001 0.3828125 0.2500000000000001 0.3828125 0.2500000000000001 0.390625 0.2531250000000001 0.390625
0 0.2812500000000001 0.36875 0.26250000000000007 0.36875 0.26250000000000007 0.384375 0.2812500000000001 0.384375
0 0.3390625000000001 0.3765625 0.2984375000000001 0.3765625 0.2984375000000001 0.3859375 0.3390625000000001 0.3859375
0 0.3703125000000001 0.37031250000000004 0.3453125000000001 0.3703125 0.3453125000000001 0.38281250000000006 0.3703125000000001 0.3828125000000001
0 0.4203125 0.3703125000000001 0.3765625000000001 0.3703125000000001 0.3765625000000001 0.38750000000000007 0.4203125 0.38750000000000007
0 0.5546875 0.3703125000000001 0.4296875 0.3703125000000001 0.4296875 0.4 0.5546875 0.4
0 0.5921875 0.37187500000000007 0.56875 0.37187500000000007 0.56875 0.3984375000000001 0.5921875 0.3984375000000001
0 0.628125 0.3812500000000001 0.6046875 0.3812500000000001 0.6046875 0.3890625000000001 0.628125 0.3890625000000001
0 0.634375 0.3859375000000001 0.63125 0.3859375000000001 0.63125 0.38750000000000007 0.634375 0.38750000000000007
0 0.7 0.3734375000000001 0.65 0.3734375000000001 0.65 0.38750000000000007 0.7 0.38750000000000007
0 0.73125 0.3750000000000001 0.7171875 0.3750000000000001 0.7171875 0.3890625000000001 0.73125 0.3890625000000001
0 0.78125 0.3765625000000001 0.7453125 0.3765625000000001 0.7453125 0.38750000000000007 0.78125 0.38750000000000007
0 0.85 0.3750000000000001 0.7984375 0.3750000000000001 0.7984375 0.3921875000000001 0.85 0.3921875000000001
0 0.9078125 0.3781250000000001 0.865625 0.3781250000000001 0.865625 0.4046875000000002 0.9078125 0.4046875000000002
0 0.2156250000000001 0.4234375 0.17968750000000006 0.4234375 0.17968750000000006 0.4453125 0.2156250000000001 0.4453125
0 0.2234375000000001 0.43125 0.2218750000000001 0.43125 0.2218750000000001 0.4328125 0.2234375000000001 0.4328125
0 0.25468750000000007 0.4203125 0.2515625000000001 0.4203125 0.2515625000000001 0.4234375 0.25468750000000007 0.4234375
0 0.29375000000000007 0.4203125 0.2562500000000001 0.4203125 0.2562500000000001 0.446875 0.29375000000000007 0.446875
0 0.3656250000000001 0.41875 0.3156250000000001 0.41875 0.3156250000000001 0.4328125 0.3656250000000001 0.4328125
0 0.39531250000000007 0.425 0.3734375000000001 0.425 0.3734375000000001 0.446875 0.39531250000000007 0.446875
0 0.46875 0.425 0.4109375 0.425 0.4109375 0.4515625 0.46875 0.4515625
0 0.484375 0.41875 0.4796875 0.41875 0.4796875 0.4328125 0.484375 0.4328125
0 0.4984375 0.4171875 0.4953125 0.4171875 0.4953125 0.421875 0.4984375 0.421875
0 0.5171875 0.4171875 0.5109375 0.4171875 0.5109375 0.421875 0.5171875 0.421875