0 0.2640625 0.2015625 0.14062500000000006 0.2015625 0.14062500000000006 0.2234375 0.2640625 0.2234375
0 0.278125 0.2203125 0.2734375 0.2203125 0.2734375 0.228125 0.278125 0.228125
0 0.3734375 0.20468750000000005 0.3 0.2046875 0.3 0.22500000000000003 0.3734375 0.2250000000000001
0 0.459375 0.19843750000000004 0.4 0.19843750000000004 0.4 0.2234375000000001 0.459375 0.2234375000000001
0 0.590625 0.2015625000000001 0.48125 0.2015625000000001 0.48125 0.22656250000000008 0.590625 0.22656250000000008
0 0.653125 0.2000000000000001 0.61875 0.2000000000000001 0.61875 0.2328125000000001 0.653125 0.2328125000000001
0 0.74375 0.2000000000000001 0.678125 0.2000000000000001 0.678125 0.2296875000000001 0.74375 0.2296875000000001
0 0.88125 0.20312500000000008 0.7734375 0.20312500000000008 0.7734375 0.2250000000000001 0.88125 0.2250000000000001
0 0.253125 0.2484375 0.14062500000000006 0.2484375 0.14062500000000006 0.2765625 0.253125 0.2765625
0 0.3609375 0.25625 0.2921875 0.25625 0.2921875 0.2765625 0.3609375 0.2765625
0 0.459375 0.25468750000000007 0.378125 0.25468750000000007 0.378125 0.2750000000000001 0.459375 0.2750000000000001
0 0.6140625 0.25468750000000007 0.475 0.25468750000000007 0.475 0.2921875000000001 0.6140625 0.2921875000000001
0 0.7375 0.2593750000000001 0.6390625 0.2593750000000001 0.6390625 0.2765625000000001 0.7375 0.2765625000000001
0 0.796875 0.26250000000000007 0.75625 0.26250000000000007 0.75625 0.2765625000000001 0.796875 0.2765625000000001
0 0.9109375 0.2515625000000001 0.8203125 0.2515625000000001 0.8203125 0.2796875000000001 0.9109375 0.2796875000000001
0 0.2171875 0.309375 0.13281250000000006 0.309375 0.13281250000000006 0.3375 0.2171875 0.3375
0 0.234375 0.315625 0.2296875 0.315625 0.2296875 0.3171875 0.234375 0.3171875
0 0.396875 0.30468750000000006 0.2609375 0.3046875 0.2609375 0.32343750000000004 0.396875 0.3234375000000001
0 0.5359375 0.3046875000000001 0.425 0.3046875000000001 0.425 0.3312500000000001 0.5359375 0.3312500000000001
0 0.628125 0.3046875000000001 0.559375 0.3046875000000001 0.559375 0.3281250000000001 0.628125 0.3281250000000001
0 0.803125 0.3078125000000001 0.653125 0.3078125000000001 0.653125 0.3265625000000001 0.803125 0.3265625000000001
0 0.9265625 0.3046875000000001 0.83125 0.3046875000000001 0.83125 0.32500000000000007 0.9265625 0.32500000000000007
0 0.21718750000000003 0.353125 0.13437500000000005 0.353125 0.13437500000000005 0.3765625 0.2171875000000001 0.3765625
0 0.2234375000000001 0.3734375 0.22031250000000008 0.3734375 0.22031250000000008 0.384375 0.2234375000000001 0.384375
0 0.33281250000000007 0.353125 0.25625 0.353125 0.25625000000000003 0.3734375 0.33281250000000007 0.3734375
0 0.5203125 0.3531250000000001 0.3734375 0.3531250000000001 0.37343750000000003 0.3765625000000001 0.5203125 0.3765625000000001
0 0.6203125 0.3546875000000001 0.55 0.3546875000000001 0.55 0.3750000000000001 0.6203125 0.3750000000000001
0 0.7375 0.35625000000000007 0.6359375 0.35625000000000007 0.6359375 0.3765625000000001 0.7375 0.3765625000000001
0 0.7984375 0.35625000000000007 0.759375 0.35625000000000007 0.759375 0.3765625000000001 0.7984375 0.3765625000000001
0 0.8875 0.3546875000000001 0.8203125 0.3546875000000001 0.8203125 0.3781250000000001 0.8875 0.3781250000000001
0 0.20312500000000008 0.4046875 0.13750000000000004 0.4046875 0.13750000000000004 0.4265625 0.20312500000000008 0.4265625
0 0.3375000000000001 0.4046875 0.22812500000000008 0.4046875 0.22812500000000008 0.4265625 0.3375000000000001 0.4265625
0 0.440625 0.40625 0.3578125000000001 0.40625 0.3578125000000001 0.4265625 0.440625 0.4265625
0 0.540625 0.40625 0.4765625 0.40625 0.4765625 0.425 0.540625 0.425
0 0.6015625 0.409375 0.565625 0.409375 0.565625 0.428125 0.6015625 0.428125
0 0.6703125 0.4046875 0.6125 0.4046875 0.6125 0.425 0.6703125 0.425
0 0.859375 0.4078125000000001 0.69375 0.4078125 0.69375 0.4390625000000001 0.859375 0.4390625000000002
0 0.915625 0.4078125000000002 0.8875 0.4078125000000002 0.8875 0.4234375000000002 0.915625 0.4234375000000002
0 0.18750000000000006 0.453125 0.13125000000000003 0.453125 0.13125000000000003 0.475 0.18750000000000006 0.475
0 0.2750000000000001 0.459375 0.20468750000000008 0.459375 0.20468750000000008 0.478125 0.2750000000000001 0.478125
0 0.2921875000000001 0.471875 0.2875000000000001 0.471875 0.2875000000000001 0.4734375 0.2921875000000001 0.4734375
0 0.3734375000000001 0.4546875 0.3078125000000001 0.4546875 0.3078125000000001 0.475 0.3734375000000001 0.475
0 0.68125 0.459375 0.3968750000000001 0.459375 0.3968750000000001 0.478125 0.68125 0.478125
0 0.8328125 0.4562500000000001 0.7046875 0.45625 0.7046875 0.4781250000000001 0.8328125 0.4781250000000002
0 0.9515625 0.4625000000000002 0.8484375 0.4625000000000002 0.8484375 0.4750000000000002 0.9515625 0.4750000000000002
0 0.2156250000000001 0.50625 0.13281250000000006 0.50625 0.13281250000000006 0.528125 0.2156250000000001 0.528125
0 0.3000000000000001 0.5046875 0.23593750000000008 0.5046875 0.23593750000000008 0.5265625 0.3000000000000001 0.5265625
0 0.4234375 0.5078125 0.3203125000000001 0.5078125 0.3203125000000001 0.528125 0.4234375 0.528125
0 0.490625 0.5109375 0.4453125 0.5109375 0.4453125 0.5265625 0.490625 0.5265625
0 0.5484375 0.5078125 0.5171875 0.5078125 0.5171875 0.53125 0.5484375 0.53125
0 0.590625 0.50625 0.5703125 0.50625 0.5703125 0.525 0.590625 0.525
0 0.7 0.503125 0.61875 0.503125 0.61875 0.5265625 0.7 0.5265625
0 0.8140625 0.5031250000000002 0.7296875 0.5031250000000002 0.7296875 0.5281250000000002 0.8140625 0.5281250000000002
0 0.946875 0.5046875000000002 0.834375 0.5046875000000002 0.834375 0.5390625000000002 0.946875 0.5390625000000002
0 0.959375 0.5265625000000002 0.9484375 0.5265625000000002 0.9484375 0.5328125000000001 0.959375 0.5328125000000001
0 0.20312500000000008 0.55625 0.1312500000000001 0.55625 0.1312500000000001 0.5765625 0.20312500000000008 0.5765625
0 0.22031250000000008 0.5734375 0.2140625000000001 0.5734375 0.2140625000000001 0.590625 0.22031250000000008 0.590625
0 0.29375000000000007 0.5515625 0.22656250000000008 0.5515625 0.22656250000000008 0.5828125 0.29375000000000007 0.5828125
0 0.3109375000000001 0.5765625 0.30937500000000007 0.5765625 0.30937500000000007 0.5828125 0.3109375000000001 0.5828125
0 0.4640625 0.5546875 0.3343750000000001 0.5546875 0.3343750000000001 0.5921875 0.4640625 0.5921875
0 0.546875 0.553125 0.478125 0.553125 0.478125 0.5796875 0.546875 0.5796875
0 0.6625 0.5578125 0.5703125 0.5578125 0.5703125 0.578125 0.6625 0.578125
0 0.75625 0.5578125 0.6890625 0.5578125 0.6890625 0.5796875000000001 0.75625 0.5796875000000001
0 0.95 0.5562500000000001 0.7796875 0.5562500000000001 0.7796875 0.5953125000000001 0.95 0.5953125000000001
0 0.959375 0.5843750000000002 0.9546875 0.5843750000000002 0.9546875 0.5937500000000002 0.959375 0.5937500000000002
0 0.18125000000000008 0.6078125 0.1375000000000001 0.6078125 0.1375000000000001 0.628125 0.18125000000000008 0.628125
0 0.3140625000000001 0.6078125 0.2078125000000001 0.6078125 0.2078125000000001 0.628125 0.3140625000000001 0.628125
0 0.4953125 0.6078125 0.3421875000000001 0.6078125 0.3421875000000001 0.6375 0.4953125 0.6375
0 0.65625 0.615625 0.51875 0.615625 0.51875 0.6296875 0.65625 0.6296875
0 0.7453125 0.6078125000000001 0.68125 0.6078125 0.68125 0.6296875000000001 0.7453125 0.6296875000000002
0 0.8625 0.6078125000000002 0.759375 0.6078125000000002 0.759375 0.6343750000000001 0.8625 0.6343750000000001
0 0.2984375000000001 0.653125 0.1312500000000001 0.653125 0.1312500000000001 0.678125 0.2984375000000001 0.678125
0 0.3890625000000001 0.6546875 0.3234375000000001 0.6546875 0.3234375000000001 0.6765625 0.3890625000000001 0.6765625
0 0.5484375 0.6578125 0.41875 0.6578125 0.41875 0.678125 0.5484375 0.678125
0 0.5859375 0.665625 0.553125 0.665625 0.553125 0.6796875 0.5859375 0.6796875