0 0.17656250000000004 0.2015625 0.15468750000000003 0.2015625 0.15468750000000003 0.2234375 0.17656250000000004 0.2234375
0 0.3015625 0.19531250000000006 0.203125 0.19531250000000006 0.203125 0.2234375 0.3015625 0.2234375
0 0.3671875 0.20312500000000006 0.334375 0.203125 0.334375 0.22343750000000004 0.3671875 0.2234375000000001
0 0.4984375 0.2015625000000001 0.40625 0.2015625000000001 0.40625 0.2312500000000001 0.4984375 0.2312500000000001
0 0.6109375 0.2015625000000001 0.5234375 0.2015625000000001 0.5234375 0.2234375000000001 0.6109375 0.2234375000000001
0 0.7046875 0.19687500000000008 0.6328125 0.19687500000000008 0.6328125 0.2234375000000001 0.7046875 0.2234375000000001
0 0.784375 0.2000000000000001 0.725 0.2000000000000001 0.725 0.2218750000000001 0.784375 0.2218750000000001
0 0.871875 0.20312500000000008 0.81875 0.20312500000000008 0.81875 0.2390625000000001 0.871875 0.2390625000000001
0 0.19687500000000005 0.253125 0.15468750000000003 0.253125 0.15468750000000003 0.2796875 0.19687500000000005 0.2796875
0 0.253125 0.2484375 0.2140625 0.2484375 0.2140625 0.2734375 0.253125 0.2734375
0 0.340625 0.25 0.2765625 0.25 0.2765625 0.2734375 0.340625 0.2734375
0 0.4421875 0.2531250000000001 0.3734375 0.2531250000000001 0.3734375 0.2875000000000001 0.4421875 0.2875000000000001
0 0.553125 0.2453125000000001 0.4796875 0.2453125000000001 0.4796875 0.2750000000000001 0.553125 0.2750000000000001
0 0.7046875 0.2484375000000001 0.5890625 0.2484375000000001 0.5890625 0.2734375000000001 0.7046875 0.2734375000000001
0 0.7359375 0.2640625000000001 0.7203125 0.2640625000000001 0.7203125 0.2734375000000001 0.7359375 0.2734375000000001
0 0.8375 0.25468750000000007 0.759375 0.25468750000000007 0.759375 0.2828125000000001 0.8375 0.2828125000000001
0 0.18906250000000005 0.3046875 0.15468750000000003 0.3046875 0.15468750000000003 0.334375 0.18906250000000005 0.334375
0 0.353125 0.3046875 0.209375 0.3046875 0.209375 0.3453125 0.353125 0.3453125
0 0.4671875 0.30156250000000007 0.378125 0.30156250000000007 0.378125 0.32500000000000007 0.4671875 0.32500000000000007
0 0.55 0.2953125000000001 0.4921875 0.2953125000000001 0.4921875 0.3234375000000001 0.55 0.3234375000000001
0 0.609375 0.2968750000000001 0.5625 0.2968750000000001 0.5625 0.3234375000000001 0.609375 0.3234375000000001
0 0.6796875 0.3000000000000001 0.628125 0.3000000000000001 0.628125 0.3312500000000001 0.6796875 0.3312500000000001
0 0.771875 0.30937500000000007 0.7015625 0.30937500000000007 0.7015625 0.3437500000000001 0.771875 0.3437500000000001
0 0.8859375 0.3078125000000001 0.7921875 0.3078125000000001 0.7921875 0.32500000000000007 0.8859375 0.32500000000000007
0 0.22656250000000006 0.35 0.14687500000000003 0.35 0.14687500000000003 0.39375 0.22656250000000008 0.39375
0 0.23437500000000008 0.3734375 0.2312500000000001 0.3734375 0.2312500000000001 0.3765625 0.23437500000000008 0.3765625
0 0.425 0.35937500000000006 0.2515625 0.359375 0.2515625 0.3765625 0.425 0.3765625000000001
0 0.4859375 0.3578125000000001 0.45 0.3578125000000001 0.45 0.3765625000000001 0.4859375 0.3765625000000001
0 0.6328125 0.34843750000000007 0.521875 0.34843750000000007 0.521875 0.3750000000000001 0.6328125 0.3750000000000001
0 0.709375 0.3500000000000001 0.6640625 0.3500000000000001 0.6640625 0.38750000000000007 0.709375 0.38750000000000007
0 0.8609375 0.34843750000000007 0.734375 0.34843750000000007 0.734375 0.3968750000000001 0.8609375 0.3968750000000001
0 0.2500000000000001 0.4 0.15625000000000006 0.4 0.15625000000000006 0.4421875 0.2500000000000001 0.4421875
0 0.428125 0.39843750000000006 0.2828125000000001 0.3984375 0.2828125000000001 0.434375 0.428125 0.434375
0 0.5015625 0.403125 0.440625 0.403125 0.440625 0.434375 0.5015625 0.434375
0 0.58125 0.403125 0.5296875 0.403125 0.5296875 0.4296875 0.58125 0.4296875
0 0.6734375 0.4046875 0.6109375 0.4046875 0.6109375 0.425 0.6734375 0.425
0 0.7671875 0.3984375000000001 0.7046875 0.3984375000000001 0.7046875 0.4250000000000001 0.7671875 0.42500000000000016
0 0.896875 0.3984375000000001 0.7828125 0.3984375000000001 0.7828125 0.42500000000000016 0.896875 0.42500000000000016
0 0.19687500000000005 0.453125 0.14843750000000006 0.453125 0.14843750000000006 0.484375 0.19687500000000005 0.484375
0 0.2390625000000001 0.4671875 0.2234375000000001 0.4671875 0.2234375000000001 0.475 0.2390625000000001 0.475
0 0.3265625000000001 0.4640625 0.2687500000000001 0.4640625 0.2687500000000001 0.4765625 0.3265625000000001 0.4765625
0 0.578125 0.4515625 0.3531250000000001 0.4515625 0.3531250000000001 0.4921875 0.578125 0.4921875
0 0.6046875 0.4515625 0.590625 0.4515625 0.590625 0.4796875 0.6046875 0.4796875
0 0.64375 0.453125 0.5984375 0.453125 0.5984375 0.478125 0.64375 0.478125
0 0.74375 0.4562500000000001 0.6828125 0.45625 0.6828125 0.4921875000000001 0.74375 0.49218750000000017
0 0.803125 0.45312500000000017 0.775 0.45312500000000017 0.775 0.47656250000000017 0.803125 0.47656250000000017
0 0.9046875 0.4468750000000002 0.8296875 0.4468750000000002 0.8296875 0.4750000000000002 0.9046875 0.4750000000000002
0 0.8921875 0.4703125000000002 0.8828125 0.4703125000000002 0.8828125 0.47968750000000016 0.8921875 0.47968750000000016
0 0.24375000000000008 0.5015625 0.15625000000000006 0.5015625 0.15625000000000006 0.528125 0.24375000000000008 0.528125
0 0.3375000000000001 0.5 0.27031250000000007 0.5 0.27031250000000007 0.528125 0.3375000000000001 0.528125
0 0.484375 0.5140625 0.36406250000000007 0.5140625 0.36406250000000007 0.54375 0.484375 0.54375
0 0.5015625 0.525 0.496875 0.525 0.496875 0.53125 0.5015625 0.53125
0 0.65625 0.50625 0.5265625 0.50625 0.5265625 0.528125 0.65625 0.528125
0 0.728125 0.5078125000000001 0.6859375 0.5078125 0.6859375 0.5281250000000001 0.728125 0.5281250000000002
0 0.9125 0.5125000000000002 0.775 0.5125000000000002 0.775 0.5281250000000002 0.9125 0.5281250000000002
0 0.19687500000000008 0.5546875 0.1390625000000001 0.5546875 0.1390625000000001 0.5875 0.19687500000000008 0.5875
0 0.27812500000000007 0.56875 0.2375000000000001 0.56875 0.2375000000000001 0.578125 0.27812500000000007 0.578125
0 0.50625 0.5578125 0.32500000000000007 0.5578125 0.32500000000000007 0.5796875 0.50625 0.5796875
0 0.6203125 0.5625 0.5390625 0.5625 0.5390625 0.575 0.6203125 0.575
0 0.646875 0.5640625 0.625 0.5640625 0.625 0.575 0.646875 0.575
0 0.803125 0.5531250000000001 0.6859375 0.553125 0.6859375 0.5875000000000001 0.803125 0.5875000000000001
0 0.803125 0.5734375000000002 0.8 0.5734375000000002 0.8 0.5750000000000002 0.803125 0.5750000000000002