0 0.2484375 0.19843750000000002 0.12812500000000004 0.1984375 0.12812500000000004 0.2265625 0.2484375 0.2265625
0 0.415625 0.20312500000000006 0.28125 0.203125 0.28125 0.22343750000000004 0.415625 0.2234375000000001
0 0.525 0.20312500000000008 0.434375 0.20312500000000008 0.434375 0.2234375000000001 0.525 0.2234375000000001
0 0.5984375 0.2015625000000001 0.5453125 0.2015625000000001 0.5453125 0.22031250000000008 0.5984375 0.22031250000000008
0 0.7046875 0.20312500000000008 0.621875 0.20312500000000008 0.621875 0.2218750000000001 0.7046875 0.2218750000000001
0 0.6984375 0.22031250000000008 0.6921875 0.22031250000000008 0.6921875 0.2234375000000001 0.6984375 0.2234375000000001
0 0.7625 0.20468750000000008 0.7171875 0.20468750000000008 0.7171875 0.2218750000000001 0.7625 0.2218750000000001
0 0.86875 0.20312500000000008 0.784375 0.20312500000000008 0.784375 0.2218750000000001 0.86875 0.2218750000000001
0 0.3484375 0.2546875 0.15312500000000004 0.2546875 0.15312500000000004 0.28125 0.3484375 0.28125
0 0.496875 0.25468750000000007 0.384375 0.25468750000000007 0.384375 0.2750000000000001 0.496875 0.2750000000000001
0 0.6671875 0.2578125000000001 0.5328125 0.2578125000000001 0.5328125 0.2921875000000001 0.6671875 0.2921875000000001
0 0.7328125 0.26250000000000007 0.684375 0.26250000000000007 0.684375 0.2734375000000001 0.7328125 0.2734375000000001
0 0.875 0.25468750000000007 0.7609375 0.25468750000000007 0.7609375 0.2734375000000001 0.875 0.2734375000000001
0 0.18906250000000005 0.3125 0.15000000000000005 0.3125 0.15000000000000005 0.3234375 0.18906250000000005 0.3234375
0 0.265625 0.30625 0.2109375 0.30625 0.2109375 0.3234375 0.265625 0.3234375
0 0.4546875 0.30312500000000003 0.3046875 0.303125 0.3046875 0.33593750000000006 0.4546875 0.3359375000000001
0 0.609375 0.3031250000000001 0.4734375 0.3031250000000001 0.4734375 0.3234375000000001 0.609375 0.3234375000000001
0 0.6171875 0.3218750000000001 0.6140625 0.3218750000000001 0.6140625 0.3234375000000001 0.6171875 0.3234375000000001
0 0.671875 0.3000000000000001 0.6359375 0.3000000000000001 0.6359375 0.3234375000000001 0.671875 0.3234375000000001
0 0.73125 0.30156250000000007 0.69375 0.30156250000000007 0.69375 0.3218750000000001 0.73125 0.3218750000000001
0 0.875 0.3062500000000001 0.7546875 0.3062500000000001 0.7546875 0.32500000000000007 0.875 0.32500000000000007
0 0.19062500000000004 0.3578125 0.15156250000000004 0.3578125 0.15156250000000004 0.375 0.19062500000000004 0.375
0 0.4578125 0.35781250000000003 0.221875 0.3578125 0.22187500000000004 0.37500000000000006 0.4578125 0.3750000000000001
0 0.509375 0.36406250000000007 0.46875 0.36406250000000007 0.46875 0.3750000000000001 0.509375 0.3750000000000001
0 0.5765625 0.3546875000000001 0.53125 0.3546875000000001 0.53125 0.3750000000000001 0.5765625 0.3750000000000001
0 0.7375 0.3531250000000001 0.5953125 0.3531250000000001 0.5953125 0.37968750000000007 0.7375 0.37968750000000007
0 0.809375 0.3531250000000001 0.75625 0.3531250000000001 0.75625 0.3734375000000001 0.809375 0.3734375000000001
0 0.2515625000000001 0.4046875 0.14687500000000003 0.4046875 0.14687500000000003 0.425 0.2515625000000001 0.425
0 0.39531250000000007 0.403125 0.2750000000000001 0.403125 0.2750000000000001 0.4265625 0.39531250000000007 0.4265625
0 0.38750000000000007 0.421875 0.3859375000000001 0.421875 0.3859375000000001 0.4234375 0.38750000000000007 0.4234375
0 0.4640625 0.4015625 0.3984375000000001 0.4015625 0.3984375000000001 0.434375 0.4640625 0.434375
0 0.7078125 0.4125 0.4890625 0.4125 0.4890625 0.434375 0.7078125 0.434375
0 0.8015625 0.4046875000000001 0.7234375 0.4046875 0.7234375 0.4250000000000001 0.8015625 0.42500000000000016
0 0.884375 0.40156250000000016 0.8265625 0.40156250000000016 0.8265625 0.4234375000000002 0.884375 0.4234375000000002
0 0.29375000000000007 0.4625 0.15156250000000004 0.4625 0.15156250000000004 0.478125 0.29375000000000007 0.478125
0 0.34062500000000007 0.4609375 0.3046875000000001 0.4609375 0.3046875000000001 0.478125 0.34062500000000007 0.478125
0 0.4578125 0.459375 0.3734375000000001 0.459375 0.3734375000000001 0.4765625 0.4578125 0.4765625
0 0.5265625 0.459375 0.484375 0.459375 0.484375 0.4765625 0.5265625 0.4765625
0 0.6203125 0.459375 0.55 0.459375 0.55 0.4765625 0.6203125 0.4765625
0 0.8390625 0.45781250000000007 0.6515625 0.4578125 0.6515625 0.4875000000000001 0.8390625 0.48750000000000016
0 0.23437500000000008 0.5046875 0.15312500000000004 0.5046875 0.15312500000000004 0.5296875 0.23437500000000008 0.5296875
0 0.4328125 0.5046875 0.2609375000000001 0.5046875 0.2609375000000001 0.5265625 0.4328125 0.5265625
0 0.4921875 0.509375 0.44375 0.509375 0.44375 0.5265625 0.4921875 0.5265625
0 0.728125 0.5093750000000001 0.5296875 0.509375 0.5296875 0.5296875000000001 0.728125 0.5296875000000002
0 0.790625 0.5093750000000001 0.7453125 0.5093750000000001 0.7453125 0.5265625000000002 0.790625 0.5265625000000002
0 0.81875 0.5171875000000001 0.7984375 0.5171875000000001 0.7984375 0.5250000000000001 0.81875 0.5250000000000001
0 0.2500000000000001 0.55625 0.15000000000000008 0.55625 0.15000000000000008 0.578125 0.2500000000000001 0.578125
0 0.3515625000000001 0.5625 0.2812500000000001 0.5625 0.2812500000000001 0.5875 0.3515625000000001 0.5875
0 0.459375 0.5546875 0.37968750000000007 0.5546875 0.37968750000000007 0.578125 0.459375 0.578125
0 0.640625 0.5578125 0.4828125 0.5578125 0.4828125 0.5984375 0.640625 0.5984375
0 0.79375 0.5609375000000001 0.6609375 0.5609375 0.6609375 0.5781250000000001 0.79375 0.5781250000000002
0 0.8546875 0.5671875000000002 0.80625 0.5671875000000002 0.80625 0.5796875000000001 0.8546875 0.5796875000000001
0 0.2312500000000001 0.6140625 0.15625000000000008 0.6140625 0.15625000000000008 0.6359375 0.2312500000000001 0.6359375
0 0.4796875 0.6109375 0.2640625000000001 0.6109375 0.2640625000000001 0.646875 0.4796875 0.646875
0 0.5109375 0.6234375 0.48125 0.6234375 0.48125 0.6265625 0.5109375 0.6265625
0 0.625 0.615625 0.540625 0.615625 0.540625 0.6296875 0.625 0.6296875
0 0.6921875 0.6109375 0.65625 0.6109375 0.65625 0.628125 0.6921875 0.628125
0 0.721875 0.615625 0.696875 0.615625 0.696875 0.628125 0.721875 0.628125
0 0.8015625 0.6140625000000002 0.734375 0.6140625000000002 0.734375 0.6265625000000001 0.8015625 0.6265625000000001
0 0.2093750000000001 0.6578125 0.1593750000000001 0.6578125 0.1593750000000001 0.678125 0.2093750000000001 0.678125
0 0.3312500000000001 0.6609375 0.24375000000000008 0.6609375 0.24375000000000008 0.6765625 0.3312500000000001 0.6765625
0 0.38750000000000007 0.6609375 0.3578125000000001 0.6609375 0.3578125000000001 0.678125 0.38750000000000007 0.678125
0 0.4390625 0.659375 0.4109375 0.659375 0.4109375 0.678125 0.4390625 0.678125
0 0.4484375 0.675 0.4453125 0.675 0.4453125 0.6765625 0.4484375 0.6765625