0 0.17656250000000004 0.1953125 0.15312500000000004 0.1953125 0.15312500000000004 0.21875 0.17656250000000004 0.21875
0 0.215625 0.2046875 0.18281250000000004 0.2046875 0.18281250000000004 0.225 0.215625 0.225
0 0.2390625 0.2 0.228125 0.2 0.228125 0.21875 0.2390625 0.21875
0 0.2890625 0.2046875 0.24375 0.2046875 0.24375 0.2234375 0.2890625 0.2234375
0 0.2984375 0.2203125 0.29375 0.2203125 0.29375 0.2265625 0.2984375 0.2265625
0 0.4078125 0.20312500000000006 0.3125 0.203125 0.3125 0.22187500000000004 0.4078125 0.2218750000000001
0 0.459375 0.2140625000000001 0.425 0.2140625000000001 0.425 0.2250000000000001 0.459375 0.2250000000000001
0 0.5109375 0.2140625000000001 0.4765625 0.2140625000000001 0.4765625 0.2234375000000001 0.5109375 0.2234375000000001
0 0.51875 0.2171875000000001 0.5171875 0.2171875000000001 0.5171875 0.21875000000000008 0.51875 0.21875000000000008
0 0.528125 0.20312500000000008 0.5234375 0.20312500000000008 0.5234375 0.2093750000000001 0.528125 0.2093750000000001
0 0.59375 0.20312500000000008 0.546875 0.20312500000000008 0.546875 0.2296875000000001 0.59375 0.2296875000000001
0 0.6875 0.2078125000000001 0.6109375 0.2078125000000001 0.6109375 0.2234375000000001 0.6875 0.2234375000000001
0 0.7375 0.2078125000000001 0.709375 0.2078125000000001 0.709375 0.22031250000000008 0.7375 0.22031250000000008
0 0.8140625 0.2078125000000001 0.759375 0.2078125000000001 0.759375 0.22812500000000008 0.8140625 0.22812500000000008
0 0.86875 0.21250000000000008 0.8328125 0.21250000000000008 0.8328125 0.2234375000000001 0.86875 0.2234375000000001
0 0.23125 0.25625 0.15000000000000005 0.25625 0.15000000000000005 0.2703125 0.23125 0.2703125
0 0.2953125 0.2625 0.2546875 0.2625 0.2546875 0.2703125 0.2953125 0.2703125
0 0.365625 0.26250000000000007 0.3171875 0.2625 0.3171875 0.27187500000000003 0.365625 0.2718750000000001
0 0.440625 0.2578125000000001 0.384375 0.2578125000000001 0.384375 0.2718750000000001 0.440625 0.2718750000000001
0 0.45625 0.27031250000000007 0.453125 0.27031250000000007 0.453125 0.2718750000000001 0.45625 0.2718750000000001
0 0.478125 0.2515625000000001 0.475 0.2515625000000001 0.475 0.2562500000000001 0.478125 0.2562500000000001
0 0.4921875 0.2515625000000001 0.4859375 0.2515625000000001 0.4859375 0.27031250000000007 0.4921875 0.27031250000000007
0 0.515625 0.2515625000000001 0.496875 0.2515625000000001 0.496875 0.2718750000000001 0.515625 0.2718750000000001
0 0.6015625 0.2578125000000001 0.5296875 0.2578125000000001 0.5296875 0.2734375000000001 0.6015625 0.2734375000000001
0 0.734375 0.2578125000000001 0.6296875 0.2578125000000001 0.6296875 0.2796875000000001 0.734375 0.2796875000000001
0 0.76875 0.26250000000000007 0.746875 0.26250000000000007 0.746875 0.2718750000000001 0.76875 0.2718750000000001
0 0.8328125 0.2515625000000001 0.7859375 0.2515625000000001 0.7859375 0.2734375000000001 0.8328125 0.2734375000000001
0 0.8640625 0.2640625000000001 0.853125 0.2640625000000001 0.853125 0.27031250000000007 0.8640625 0.27031250000000007
0 0.8828125 0.2578125000000001 0.8703125 0.2578125000000001 0.8703125 0.27031250000000007 0.8828125 0.27031250000000007
0 0.18437500000000004 0.3078125 0.14843750000000006 0.3078125 0.14843750000000006 0.3234375 0.18437500000000004 0.3234375
0 0.21875 0.315625 0.20625 0.315625 0.20625 0.3234375 0.21875 0.3234375
0 0.2609375 0.3078125 0.228125 0.3078125 0.228125 0.321875 0.2609375 0.321875
0 0.3125 0.3046875 0.290625 0.3046875 0.290625 0.321875 0.3125 0.321875
0 0.3375 0.315625 0.3265625 0.315625 0.3265625 0.3234375 0.3375 0.3234375
0 0.425 0.3140625 0.3625 0.3140625 0.3625 0.32500000000000007 0.425 0.32500000000000007
0 0.4703125 0.3046875000000001 0.4484375 0.3046875000000001 0.4484375 0.3218750000000001 0.4703125 0.3218750000000001
0 0.525 0.30937500000000007 0.478125 0.30937500000000007 0.478125 0.32500000000000007 0.525 0.32500000000000007
0 0.54375 0.3218750000000001 0.5390625 0.3218750000000001 0.5390625 0.3265625000000001 0.54375 0.3265625000000001
0 0.634375 0.3156250000000001 0.559375 0.3156250000000001 0.559375 0.32500000000000007 0.634375 0.32500000000000007
0 0.64375 0.3234375000000001 0.6421875 0.3234375000000001 0.6421875 0.32500000000000007 0.64375 0.32500000000000007
0 0.6625 0.3109375000000001 0.659375 0.3109375000000001 0.659375 0.3218750000000001 0.6625 0.3218750000000001
0 0.6953125 0.3062500000000001 0.66875 0.3062500000000001 0.66875 0.3218750000000001 0.6953125 0.3218750000000001
0 0.76875 0.30937500000000007 0.7171875 0.30937500000000007 0.7171875 0.3234375000000001 0.76875 0.3234375000000001
0 0.8984375 0.3078125000000001 0.790625 0.3078125000000001 0.790625 0.3265625000000001 0.8984375 0.3265625000000001
0 0.22031250000000005 0.3609375 0.15000000000000005 0.3609375 0.15000000000000005 0.378125 0.22031250000000008 0.378125
0 0.275 0.35625 0.25 0.35625 0.25000000000000006 0.3734375 0.2750000000000001 0.3734375
0 0.38906250000000003 0.35468750000000004 0.29375 0.3546875 0.29375000000000007 0.37343750000000003 0.3890625000000001 0.3734375000000001
0 0.453125 0.3578125000000001 0.415625 0.3578125000000001 0.415625 0.37187500000000007 0.453125 0.37187500000000007
0 0.5546875 0.3593750000000001 0.4828125 0.3593750000000001 0.4828125 0.3828125000000001 0.5546875 0.3828125000000001
0 0.63125 0.35625000000000007 0.5765625 0.35625000000000007 0.5765625 0.3750000000000001 0.63125 0.3750000000000001
0 0.7578125 0.3593750000000001 0.6609375 0.3593750000000001 0.6609375 0.3828125000000001 0.7578125 0.3828125000000001
0 0.8015625 0.3531250000000001 0.76875 0.3531250000000001 0.76875 0.3750000000000001 0.8015625 0.3750000000000001
0 0.8703125 0.3531250000000001 0.8171875 0.3531250000000001 0.8171875 0.3750000000000001 0.8703125 0.3750000000000001
0 0.2234375000000001 0.4046875 0.14843750000000006 0.4046875 0.14843750000000006 0.4234375 0.2234375000000001 0.4234375
0 0.2921875000000001 0.4140625 0.2562500000000001 0.4140625 0.2562500000000001 0.4234375 0.2921875000000001 0.4234375
0 0.3000000000000001 0.421875 0.2968750000000001 0.421875 0.2968750000000001 0.4265625 0.3000000000000001 0.4265625
0 0.34843750000000007 0.4125 0.3156250000000001 0.4125 0.3156250000000001 0.425 0.34843750000000007 0.425
0 0.409375 0.4078125 0.3750000000000001 0.4078125 0.3750000000000001 0.425 0.409375 0.425
0 0.503125 0.40625 0.4375 0.40625 0.4375 0.425 0.503125 0.425
0 0.5609375 0.4046875 0.53125 0.4046875 0.53125 0.425 0.5609375 0.425
0 0.6265625 0.4109375 0.584375 0.4109375 0.584375 0.425 0.6265625 0.425
0 0.7265625 0.41093750000000007 0.6546875 0.4109375 0.6546875 0.42656250000000007 0.7265625 0.4265625000000002
0 0.8265625 0.4125000000000002 0.7484375 0.4125000000000002 0.7484375 0.4234375000000002 0.8265625 0.4234375000000002
0 0.86875 0.41406250000000017 0.85 0.41406250000000017 0.85 0.42500000000000016 0.86875 0.42500000000000016
0 0.2531250000000001 0.459375 0.15000000000000005 0.459375 0.15000000000000005 0.48125 0.2531250000000001 0.48125
0 0.3234375000000001 0.4671875 0.2812500000000001 0.4671875 0.2812500000000001 0.4765625 0.3234375000000001 0.4765625
0 0.421875 0.4640625 0.3593750000000001 0.4640625 0.3593750000000001 0.4765625 0.421875 0.4765625
0 0.509375 0.4625 0.4625 0.4625 0.4625 0.4765625 0.509375 0.4765625
0 0.64375 0.465625 0.5484375 0.465625 0.5484375 0.478125 0.64375 0.478125
0 0.6546875 0.4734375 0.6515625 0.4734375 0.6515625 0.475 0.6546875 0.475
0 0.665625 0.459375 0.6609375 0.459375 0.6609375 0.4671875 0.665625 0.4671875