0 0.14843750000000006 0.2015625 0.14218750000000005 0.2015625 0.14218750000000005 0.209375 0.14843750000000006 0.209375
0 0.18593750000000003 0.203125 0.15468750000000003 0.203125 0.15468750000000003 0.221875 0.18593750000000003 0.221875
0 0.2703125 0.2125 0.20625 0.2125 0.20625 0.2234375 0.2703125 0.2234375
0 0.2796875 0.2203125 0.2734375 0.2203125 0.2734375 0.225 0.2796875 0.225
0 0.359375 0.203125 0.309375 0.203125 0.309375 0.23125 0.359375 0.23125
0 0.371875 0.20468750000000008 0.365625 0.20468750000000008 0.365625 0.21093750000000008 0.371875 0.21093750000000008
0 0.378125 0.2218750000000001 0.371875 0.2218750000000001 0.371875 0.22656250000000008 0.378125 0.22656250000000008
0 0.4203125 0.2062500000000001 0.396875 0.2062500000000001 0.396875 0.2234375000000001 0.4203125 0.2234375000000001
0 0.484375 0.20468750000000008 0.4421875 0.20468750000000008 0.4421875 0.2250000000000001 0.484375 0.2250000000000001
0 0.6171875 0.2062500000000001 0.515625 0.2062500000000001 0.515625 0.22656250000000008 0.6171875 0.22656250000000008
0 0.628125 0.2218750000000001 0.6234375 0.2218750000000001 0.6234375 0.22656250000000008 0.628125 0.22656250000000008
0 0.6734375 0.20468750000000008 0.646875 0.20468750000000008 0.646875 0.2218750000000001 0.6734375 0.2218750000000001
0 0.73125 0.21093750000000008 0.6828125 0.21093750000000008 0.6828125 0.2328125000000001 0.73125 0.2328125000000001
0 0.8125 0.2062500000000001 0.75 0.2062500000000001 0.75 0.22812500000000008 0.8125 0.22812500000000008
0 0.215625 0.253125 0.15000000000000005 0.253125 0.15000000000000005 0.275 0.215625 0.275
0 0.29375 0.2546875 0.240625 0.2546875 0.240625 0.271875 0.29375 0.271875
0 0.365625 0.25312500000000004 0.3140625 0.253125 0.3140625 0.275 0.365625 0.2750000000000001
0 0.446875 0.25468750000000007 0.390625 0.25468750000000007 0.390625 0.2718750000000001 0.446875 0.2718750000000001
0 0.45625 0.27031250000000007 0.453125 0.27031250000000007 0.453125 0.2718750000000001 0.45625 0.2718750000000001
0 0.4875 0.2531250000000001 0.48125 0.2531250000000001 0.48125 0.2609375000000001 0.4875 0.2609375000000001
0 0.5375 0.2515625000000001 0.49375 0.2515625000000001 0.49375 0.2734375000000001 0.5375 0.2734375000000001
0 0.5421875 0.2718750000000001 0.534375 0.2718750000000001 0.534375 0.27812500000000007 0.5421875 0.27812500000000007
0 0.5890625 0.2515625000000001 0.5625 0.2515625000000001 0.5625 0.2750000000000001 0.5890625 0.2750000000000001
0 0.6390625 0.2531250000000001 0.6125 0.2531250000000001 0.6125 0.2734375000000001 0.6390625 0.2734375000000001
0 0.690625 0.2531250000000001 0.6578125 0.2531250000000001 0.6578125 0.2734375000000001 0.690625 0.2734375000000001
0 0.7453125 0.2609375000000001 0.7015625 0.2609375000000001 0.7015625 0.2718750000000001 0.7453125 0.2718750000000001
0 0.753125 0.27031250000000007 0.75 0.27031250000000007 0.75 0.2718750000000001 0.753125 0.2718750000000001
0 0.8015625 0.2531250000000001 0.7671875 0.2531250000000001 0.7671875 0.2734375000000001 0.8015625 0.2734375000000001
0 0.8640625 0.26250000000000007 0.815625 0.26250000000000007 0.815625 0.2843750000000001 0.8640625 0.2843750000000001
0 0.2546875 0.3046875 0.15312500000000004 0.3046875 0.15312500000000004 0.3234375 0.2546875 0.3234375
0 0.2875 0.3203125 0.2640625 0.3203125 0.2640625 0.3234375 0.2875 0.3234375
0 0.3390625 0.3046875 0.3015625 0.3046875 0.3015625 0.3234375 0.3390625 0.3234375
0 0.4296875 0.3046875000000001 0.36875 0.3046875000000001 0.36875 0.32500000000000007 0.4296875 0.32500000000000007
0 0.490625 0.3156250000000001 0.446875 0.3156250000000001 0.446875 0.33281250000000007 0.490625 0.33281250000000007
0 0.521875 0.3203125000000001 0.496875 0.3203125000000001 0.496875 0.3234375000000001 0.521875 0.3234375000000001
0 0.5359375 0.3062500000000001 0.53125 0.3062500000000001 0.53125 0.3125000000000001 0.5359375 0.3125000000000001
0 0.559375 0.3078125000000001 0.5546875 0.3078125000000001 0.5546875 0.3125000000000001 0.559375 0.3125000000000001
0 0.5796875 0.3031250000000001 0.5671875 0.3031250000000001 0.5671875 0.3234375000000001 0.5796875 0.3234375000000001
0 0.5890625 0.31718750000000007 0.5796875 0.31718750000000007 0.5796875 0.3234375000000001 0.5890625 0.3234375000000001
0 0.659375 0.3062500000000001 0.60625 0.3062500000000001 0.60625 0.3296875000000001 0.659375 0.3296875000000001
0 0.6703125 0.3218750000000001 0.6640625 0.3218750000000001 0.6640625 0.3281250000000001 0.6703125 0.3281250000000001
0 0.7296875 0.3078125000000001 0.6875 0.3078125000000001 0.6875 0.32500000000000007 0.7296875 0.32500000000000007
0 0.7421875 0.30156250000000007 0.7359375 0.30156250000000007 0.7359375 0.3078125000000001 0.7421875 0.3078125000000001
0 0.753125 0.3218750000000001 0.746875 0.3218750000000001 0.746875 0.3281250000000001 0.753125 0.3281250000000001
0 0.809375 0.3062500000000001 0.7703125 0.3062500000000001 0.7703125 0.3218750000000001 0.809375 0.3218750000000001
0 0.8640625 0.3031250000000001 0.81875 0.3031250000000001 0.81875 0.3218750000000001 0.8640625 0.3218750000000001
0 0.8703125 0.3218750000000001 0.8609375 0.3218750000000001 0.8609375 0.32500000000000007 0.8703125 0.32500000000000007
0 0.22187500000000004 0.3609375 0.15156250000000004 0.3609375 0.15156250000000004 0.384375 0.2218750000000001 0.384375
0 0.290625 0.359375 0.25 0.359375 0.25000000000000006 0.375 0.2906250000000001 0.375
0 0.37343750000000003 0.35625000000000007 0.31875 0.35625 0.31875000000000003 0.37343750000000003 0.3734375000000001 0.3734375000000001
0 0.4125 0.3546875000000001 0.3921875 0.3546875000000001 0.3921875 0.3750000000000001 0.4125 0.3750000000000001
0 0.48125 0.3609375000000001 0.4359375 0.3609375000000001 0.4359375 0.3750000000000001 0.48125 0.3750000000000001
0 0.4875 0.37187500000000007 0.484375 0.37187500000000007 0.484375 0.3750000000000001 0.4875 0.3750000000000001
0 0.56875 0.3546875000000001 0.5140625 0.3546875000000001 0.5140625 0.3843750000000001 0.56875 0.3843750000000001
0 0.6765625 0.3546875000000001 0.590625 0.3546875000000001 0.590625 0.3750000000000001 0.6765625 0.3750000000000001
0 0.74375 0.35625000000000007 0.696875 0.35625000000000007 0.696875 0.3734375000000001 0.74375 0.3734375000000001
0 0.78125 0.35625000000000007 0.7609375 0.35625000000000007 0.7609375 0.3750000000000001 0.78125 0.3750000000000001
0 0.83125 0.3578125000000001 0.790625 0.3578125000000001 0.790625 0.3750000000000001 0.83125 0.3750000000000001
0 0.19375000000000003 0.40625 0.14843750000000006 0.40625 0.14843750000000006 0.425 0.19375000000000003 0.425
0 0.20468750000000008 0.425 0.2000000000000001 0.425 0.2000000000000001 0.4296875 0.20468750000000008 0.4296875
0 0.29375000000000007 0.4046875 0.22812500000000008 0.4046875 0.22812500000000008 0.43125 0.29375000000000007 0.43125
0 0.33281250000000007 0.409375 0.3187500000000001 0.409375 0.3187500000000001 0.425 0.33281250000000007 0.425
0 0.3843750000000001 0.409375 0.34843750000000007 0.409375 0.34843750000000007 0.425 0.3843750000000001 0.425
0 0.4453125 0.409375 0.4 0.409375 0.4 0.425 0.4453125 0.425
0 0.5015625 0.4046875 0.465625 0.4046875 0.465625 0.4234375 0.5015625 0.4234375
0 0.5828125 0.4078125 0.5296875 0.4078125 0.5296875 0.425 0.5828125 0.425
0 0.6859375 0.4078125 0.6171875 0.4078125 0.6171875 0.425 0.6859375 0.425
0 0.7359375 0.4156250000000001 0.709375 0.415625 0.709375 0.4250000000000001 0.7359375 0.42500000000000016
0 0.78125 0.4078125000000002 0.74375 0.4078125000000002 0.74375 0.4234375000000002 0.78125 0.4234375000000002
0 0.8375 0.4109375000000002 0.7984375 0.4109375000000002 0.7984375 0.4312500000000002 0.8375 0.4312500000000002
0 0.85 0.42500000000000016 0.8421875 0.42500000000000016 0.8421875 0.42968750000000017 0.85 0.42968750000000017
0 0.2250000000000001 0.459375 0.14531250000000004 0.459375 0.14531250000000004 0.48125 0.2250000000000001 0.48125
0 0.2796875000000001 0.465625 0.2515625000000001 0.465625 0.2515625000000001 0.484375 0.2796875000000001 0.484375
0 0.3390625000000001 0.4609375 0.31718750000000007 0.4609375 0.31718750000000007 0.475 0.3390625000000001 0.475
0 0.3984375000000001 0.4578125 0.3625000000000001 0.4578125 0.3625000000000001 0.475 0.3984375000000001 0.475
0 0.4625 0.4625 0.4203125 0.4625 0.4203125 0.484375 0.4625 0.484375
0 0.4828125 0.4734375 0.4765625 0.4734375 0.4765625 0.478125 0.4828125 0.478125
0 0.5734375 0.459375 0.5046875 0.459375 0.5046875 0.4765625 0.5734375 0.4765625
0 0.60625 0.4671875 0.5921875 0.4671875 0.5921875 0.475 0.60625 0.475
0 0.6578125 0.4578125 0.61875 0.4578125 0.61875 0.475 0.6578125 0.475
0 0.715625 0.459375 0.6703125 0.459375 0.6703125 0.4859375 0.715625 0.4859375
0 0.7875 0.46093750000000017 0.73125 0.46093750000000017 0.73125 0.4750000000000002 0.7875 0.4750000000000002
0 0.865625 0.46093750000000017 0.8015625 0.46093750000000017 0.8015625 0.4750000000000002 0.865625 0.4750000000000002
0 0.23437500000000008 0.5046875 0.15312500000000004 0.5046875 0.15312500000000004 0.5265625 0.23437500000000008 0.5265625
0 0.3281250000000001 0.5109375 0.2750000000000001 0.5109375 0.2750000000000001 0.534375 0.3281250000000001 0.534375
0 0.37187500000000007 0.5109375 0.3515625000000001 0.5109375 0.3515625000000001 0.525 0.37187500000000007 0.525
0 0.465625 0.509375 0.409375 0.509375 0.409375 0.5359375 0.465625 0.5359375
0 0.584375 0.509375 0.5046875 0.509375 0.5046875 0.5296875 0.584375 0.5296875
0 0.6703125 0.503125 0.6109375 0.503125 0.6109375 0.5265625 0.6703125 0.5265625
0 0.68125 0.5234375 0.678125 0.5234375 0.678125 0.525 0.68125 0.525