0 0.18750000000000006 0.228125 0.15156250000000004 0.228125 0.15156250000000004 0.25 0.18750000000000006 0.25
0 0.35625 0.2328125 0.21875 0.2328125 0.21875 0.2578125 0.35625 0.2578125
0 0.3546875 0.25 0.3484375 0.25 0.3484375 0.253125 0.3546875 0.253125
0 0.503125 0.22656250000000008 0.384375 0.22656250000000008 0.384375 0.2500000000000001 0.503125 0.2500000000000001
0 0.58125 0.2328125000000001 0.5359375 0.2328125000000001 0.5359375 0.2515625000000001 0.58125 0.2515625000000001
0 0.709375 0.22812500000000008 0.6015625 0.22812500000000008 0.6015625 0.2515625000000001 0.709375 0.2515625000000001
0 0.85 0.22812500000000008 0.74375 0.22812500000000008 0.74375 0.2515625000000001 0.85 0.2515625000000001
0 0.2453125 0.284375 0.14375000000000004 0.284375 0.14375000000000004 0.3171875 0.2453125 0.3171875
0 0.35625 0.278125 0.275 0.278125 0.275 0.3015625 0.35625 0.3015625
0 0.484375 0.2843750000000001 0.378125 0.2843750000000001 0.378125 0.31718750000000007 0.484375 0.31718750000000007
0 0.5234375 0.2843750000000001 0.490625 0.2843750000000001 0.490625 0.3031250000000001 0.5234375 0.3031250000000001
0 0.58125 0.2812500000000001 0.5390625 0.2812500000000001 0.5390625 0.30156250000000007 0.58125 0.30156250000000007
0 0.7328125 0.27812500000000007 0.6140625 0.27812500000000007 0.6140625 0.3031250000000001 0.7328125 0.3031250000000001
0 0.7265625 0.3031250000000001 0.725 0.3031250000000001 0.725 0.3046875000000001 0.7265625 0.3046875000000001
0 0.14843750000000006 0.3234375 0.14062500000000006 0.3234375 0.14062500000000006 0.328125 0.14843750000000006 0.328125
0 0.2109375 0.3296875 0.14218750000000005 0.3296875 0.14218750000000005 0.353125 0.2109375 0.353125
0 0.271875 0.3359375 0.2390625 0.3359375 0.2390625 0.3515625 0.271875 0.3515625
0 0.3 0.340625 0.2609375 0.340625 0.2609375 0.3515625 0.3 0.3515625
0 0.4046875 0.3296875 0.3234375 0.3296875 0.3234375 0.35468750000000004 0.4046875 0.3546875000000001
0 0.4421875 0.3421875000000001 0.415625 0.3421875000000001 0.415625 0.3515625000000001 0.4421875 0.3515625000000001
0 0.540625 0.3390625000000001 0.4640625 0.3390625000000001 0.4640625 0.3609375000000001 0.540625 0.3609375000000001
0 0.6 0.3359375000000001 0.5578125 0.3359375000000001 0.5578125 0.3531250000000001 0.6 0.3531250000000001
0 0.7234375 0.3375000000000001 0.5984375 0.3375000000000001 0.5984375 0.3703125000000001 0.7234375 0.3703125000000001
0 0.78125 0.3390625000000001 0.734375 0.3390625000000001 0.734375 0.3531250000000001 0.78125 0.3531250000000001
0 0.853125 0.3265625000000001 0.7921875 0.3265625000000001 0.7921875 0.3531250000000001 0.853125 0.3531250000000001
0 0.2234375000000001 0.38125 0.14375000000000004 0.38125 0.14375000000000004 0.403125 0.2234375000000001 0.403125
0 0.3656250000000001 0.384375 0.2562500000000001 0.384375 0.2562500000000001 0.4140625 0.3656250000000001 0.4140625
0 0.3750000000000001 0.4015625 0.3687500000000001 0.4015625 0.3687500000000001 0.40625 0.3750000000000001 0.40625
0 0.5234375 0.3828125000000001 0.3968750000000001 0.3828125000000001 0.3968750000000001 0.40625 0.5234375 0.40625
0 0.521875 0.4 0.515625 0.4 0.515625 0.403125 0.521875 0.403125
0 0.590625 0.3859375000000001 0.5390625 0.3859375000000001 0.5390625 0.403125 0.590625 0.403125
0 0.5953125 0.4 0.5921875 0.4 0.5921875 0.403125 0.5953125 0.403125
0 0.7234375 0.3828125000000001 0.6078125 0.3828125000000001 0.6078125 0.4046875 0.7234375 0.4046875
0 0.765625 0.38750000000000007 0.7328125 0.38750000000000007 0.7328125 0.4031250000000002 0.765625 0.4031250000000002
0 0.8046875 0.3890625000000001 0.7765625 0.3890625000000001 0.7765625 0.4031250000000002 0.8046875 0.4031250000000002
0 0.8703125 0.3921875000000001 0.8125 0.3921875000000001 0.8125 0.4031250000000002 0.8703125 0.4031250000000002
0 0.86875 0.4000000000000002 0.865625 0.4000000000000002 0.865625 0.4031250000000002 0.86875 0.4031250000000002
0 0.8953125 0.3859375000000001 0.890625 0.3859375000000001 0.890625 0.3890625000000001 0.8953125 0.3890625000000001
0 0.15468750000000003 0.421875 0.14531250000000004 0.421875 0.14531250000000004 0.428125 0.15468750000000003 0.428125
0 0.2140625000000001 0.4359375 0.16093750000000004 0.4359375 0.16093750000000004 0.453125 0.2140625000000001 0.453125
0 0.2312500000000001 0.453125 0.2250000000000001 0.453125 0.2250000000000001 0.45625 0.2312500000000001 0.45625
0 0.3265625000000001 0.4328125 0.24375000000000008 0.4328125 0.24375000000000008 0.45625 0.3265625000000001 0.45625
0 0.33281250000000007 0.4515625 0.3281250000000001 0.4515625 0.3281250000000001 0.45625 0.33281250000000007 0.45625
0 0.43125 0.434375 0.3593750000000001 0.434375 0.3593750000000001 0.4546875 0.43125 0.4546875
0 0.5703125 0.4359375 0.4546875 0.4359375 0.4546875 0.4546875 0.5703125 0.4546875
0 0.678125 0.4421875 0.584375 0.4421875 0.584375 0.459375 0.678125 0.459375
0 0.79375 0.4359375000000001 0.696875 0.4359375 0.696875 0.4625000000000001 0.79375 0.4625000000000002
0 0.7890625 0.4515625000000002 0.7859375 0.4515625000000002 0.7859375 0.45312500000000017 0.7890625 0.45312500000000017
0 0.8390625 0.43281250000000016 0.8078125 0.43281250000000016 0.8078125 0.4515625000000002 0.8390625 0.4515625000000002
0 0.8796875 0.4390625000000002 0.83125 0.4390625000000002 0.83125 0.45312500000000017 0.8796875 0.45312500000000017
0 0.16562500000000005 0.4921875 0.14062500000000006 0.4921875 0.14062500000000006 0.5046875 0.16562500000000005 0.5046875
0 0.2875000000000001 0.484375 0.19062500000000004 0.484375 0.19062500000000004 0.51875 0.2875000000000001 0.51875
0 0.503125 0.490625 0.3203125000000001 0.490625 0.3203125000000001 0.5046875 0.503125 0.5046875
0 0.496875 0.5046875 0.4921875 0.5046875 0.4921875 0.5078125 0.496875 0.5078125
0 0.6140625 0.4890625 0.5203125 0.4890625 0.5203125 0.5046875 0.6140625 0.5046875
0 0.68125 0.49375 0.634375 0.49375 0.634375 0.509375 0.68125 0.509375
0 0.7921875 0.4843750000000001 0.6953125 0.484375 0.6953125 0.5046875000000001 0.7921875 0.5046875000000002
0 0.8109375 0.48437500000000017 0.80625 0.48437500000000017 0.80625 0.48750000000000016 0.8109375 0.48750000000000016
0 0.8453125 0.47656250000000017 0.7984375 0.47656250000000017 0.7984375 0.5109375000000002 0.8453125 0.5109375000000002
0 0.890625 0.4906250000000002 0.8328125 0.4906250000000002 0.8328125 0.5093750000000001 0.890625 0.5093750000000001
0 0.22031250000000008 0.5375 0.14062500000000006 0.5375 0.14062500000000006 0.5546875 0.22031250000000008 0.5546875
0 0.2687500000000001 0.5390625 0.23437500000000008 0.5390625 0.23437500000000008 0.5546875 0.2687500000000001 0.5546875
0 0.31718750000000007 0.54375 0.2921875000000001 0.54375 0.2921875000000001 0.5546875 0.31718750000000007 0.5546875
0 0.4109375 0.5390625 0.34062500000000007 0.5390625 0.34062500000000007 0.5546875 0.4109375 0.5546875
0 0.5109375 0.5375 0.428125 0.5375 0.428125 0.5546875 0.5109375 0.5546875
0 0.51875 0.55 0.515625 0.55 0.515625 0.553125 0.51875 0.553125
0 0.6375 0.5296875 0.528125 0.5296875 0.528125 0.55625 0.6375 0.55625
0 0.771875 0.534375 0.665625 0.534375 0.665625 0.5546875000000001 0.771875 0.5546875000000002
0 0.903125 0.5328125000000001 0.771875 0.5328125000000001 0.771875 0.5562500000000001 0.903125 0.5562500000000001
0 0.18125000000000008 0.590625 0.1515625000000001 0.590625 0.1515625000000001 0.60625 0.18125000000000008 0.60625
0 0.25468750000000007 0.5859375 0.20312500000000008 0.5859375 0.20312500000000008 0.60625 0.25468750000000007 0.60625
0 0.4515625 0.5828125 0.2843750000000001 0.5828125 0.2843750000000001 0.60625 0.4515625 0.60625
0 0.465625 0.6046875 0.4625 0.6046875 0.4625 0.6078125 0.465625 0.6078125
0 0.5125 0.584375 0.5046875 0.584375 0.5046875 0.5890625 0.5125 0.5890625
0 0.5375 0.5875 0.521875 0.5875 0.521875 0.6046875 0.5375 0.6046875
0 0.590625 0.590625 0.5453125 0.590625 0.5453125 0.6046875 0.590625 0.6046875
0 0.78125 0.5906250000000001 0.6046875 0.590625 0.6046875 0.6078125000000001 0.78125 0.6078125000000002
0 0.7828125 0.6046875000000002 0.7765625 0.6046875000000002 0.7765625 0.6078125000000002 0.7828125 0.6078125000000002
0 0.796875 0.5921875000000002 0.7921875 0.5921875000000002 0.7921875 0.5953125000000001 0.796875 0.5953125000000001
0 0.8328125 0.5875000000000001 0.8 0.5875000000000001 0.8 0.6062500000000002 0.8328125 0.6062500000000002
0 0.9109375 0.5890625000000002 0.840625 0.5890625000000002 0.840625 0.6062500000000002 0.9109375 0.6062500000000002
0 0.909375 0.6046875000000002 0.90625 0.6046875000000002 0.90625 0.6078125000000002 0.909375 0.6078125000000002
0 0.1531250000000001 0.6296875 0.14843750000000008 0.6296875 0.14843750000000008 0.6359375 0.1531250000000001 0.6359375
0 0.2468750000000001 0.634375 0.14843750000000008 0.634375 0.14843750000000008 0.65625 0.2468750000000001 0.65625
0 0.34843750000000007 0.6375 0.2500000000000001 0.6375 0.2500000000000001 0.671875 0.34843750000000007 0.671875
0 0.35625000000000007 0.6546875 0.34843750000000007 0.6546875 0.34843750000000007 0.659375 0.35625000000000007 0.659375
0 0.484375 0.6359375 0.3812500000000001 0.6359375 0.3812500000000001 0.6640625 0.484375 0.6640625
0 0.5015625 0.6390625 0.496875 0.6390625 0.496875 0.64375 0.5015625 0.64375
0 0.4953125 0.6546875 0.4921875 0.6546875 0.4921875 0.6578125 0.4953125 0.6578125
0 0.5484375 0.6375 0.5421875 0.6375 0.5421875 0.640625 0.5484375 0.640625
0 0.665625 0.6359375 0.55625 0.6359375 0.55625 0.6578125 0.665625 0.6578125
0 0.7515625 0.6375000000000001 0.675 0.6375 0.675 0.6734375000000001 0.7515625 0.6734375000000001
0 0.7765625 0.6406250000000002 0.753125 0.6406250000000002 0.753125 0.6593750000000002 0.7765625 0.6593750000000002
0 0.878125 0.6328125000000002 0.7796875 0.6328125000000002 0.7796875 0.6593750000000002 0.878125 0.6593750000000002
0 0.88125 0.6562500000000002 0.878125 0.6562500000000002 0.878125 0.6578125000000001 0.88125 0.6578125000000001
0 0.90625 0.6375000000000002 0.9 0.6375000000000002 0.9 0.6421875000000001 0.90625 0.6421875000000001