0 0.21875 0.18593750000000003 0.16562500000000005 0.1859375 0.16562500000000005 0.2125 0.21875 0.2125
0 0.3515625 0.18906250000000005 0.2328125 0.18906250000000005 0.2328125 0.21875 0.3515625 0.21875
0 0.4296875 0.19218750000000004 0.384375 0.19218750000000004 0.384375 0.2093750000000001 0.4296875 0.2093750000000001
0 0.58125 0.18593750000000006 0.475 0.18593750000000003 0.475 0.21093750000000008 0.58125 0.21093750000000008
0 0.6796875 0.20312500000000008 0.6109375 0.20312500000000008 0.6109375 0.21250000000000008 0.6796875 0.21250000000000008
0 0.7546875 0.19531250000000008 0.7109375 0.19531250000000008 0.7109375 0.21250000000000008 0.7546875 0.21250000000000008
0 0.24375 0.2421875 0.13906250000000003 0.2421875 0.13906250000000003 0.2640625 0.24375 0.2640625
0 0.2578125 0.2609375 0.25625 0.2609375 0.25625 0.2640625 0.2578125 0.2640625
0 0.290625 0.246875 0.284375 0.246875 0.284375 0.2515625 0.290625 0.2515625
0 0.3703125 0.24062500000000003 0.2953125 0.240625 0.2953125 0.26093750000000004 0.3703125 0.2609375000000001
0 0.4578125 0.24375000000000008 0.3828125 0.24375000000000008 0.3828125 0.27031250000000007 0.4578125 0.27031250000000007
0 0.475 0.2406250000000001 0.4609375 0.2406250000000001 0.4609375 0.2609375000000001 0.475 0.2609375000000001
0 0.6109375 0.24218750000000008 0.509375 0.24218750000000008 0.509375 0.2671875000000001 0.6109375 0.2671875000000001
0 0.696875 0.24375000000000008 0.6421875 0.24375000000000008 0.6421875 0.2609375000000001 0.696875 0.2609375000000001
0 0.7390625 0.2515625000000001 0.725 0.2515625000000001 0.725 0.2593750000000001 0.7390625 0.2593750000000001
0 0.840625 0.2406250000000001 0.7546875 0.2406250000000001 0.7546875 0.2609375000000001 0.840625 0.2609375000000001
0 0.17812500000000003 0.290625 0.13906250000000003 0.290625 0.13906250000000003 0.3125 0.17812500000000003 0.3125
0 0.3328125 0.2890625 0.228125 0.2890625 0.228125 0.3125 0.3328125 0.3125
0 0.346875 0.309375 0.3390625 0.309375 0.3390625 0.3140625 0.346875 0.3140625
0 0.40625 0.2953125000000001 0.3953125 0.2953125000000001 0.3953125 0.3078125000000001 0.40625 0.3078125000000001
0 0.4421875 0.2921875000000001 0.4140625 0.2921875000000001 0.4140625 0.3109375000000001 0.4421875 0.3109375000000001
0 0.590625 0.2953125000000001 0.4734375 0.2953125000000001 0.4734375 0.31718750000000007 0.590625 0.31718750000000007
0 0.6625 0.3031250000000001 0.596875 0.3031250000000001 0.596875 0.3218750000000001 0.6625 0.3218750000000001
0 0.6859375 0.2968750000000001 0.6671875 0.2968750000000001 0.6671875 0.3125000000000001 0.6859375 0.3125000000000001
0 0.721875 0.29375000000000007 0.715625 0.29375000000000007 0.715625 0.3000000000000001 0.721875 0.3000000000000001
0 0.740625 0.2906250000000001 0.7265625 0.2906250000000001 0.7265625 0.30937500000000007 0.740625 0.30937500000000007
0 0.7984375 0.2906250000000001 0.7453125 0.2906250000000001 0.7453125 0.3187500000000001 0.7984375 0.3187500000000001
0 0.828125 0.29375000000000007 0.8109375 0.29375000000000007 0.8109375 0.30937500000000007 0.828125 0.30937500000000007
0 0.19687500000000005 0.34375 0.13750000000000004 0.34375 0.13750000000000004 0.3640625 0.19687500000000005 0.3640625
0 0.2984375 0.34375 0.225 0.34375 0.22500000000000003 0.371875 0.2984375000000001 0.371875
0 0.3109375 0.3453125 0.30625 0.3453125 0.30625 0.3515625 0.3109375 0.3515625
0 0.32031250000000006 0.3609375 0.3140625 0.3609375 0.3140625 0.365625 0.3203125000000001 0.365625
0 0.4234375 0.34062500000000007 0.3375 0.340625 0.3375 0.36562500000000003 0.4234375 0.3656250000000001
0 0.6328125 0.3390625000000001 0.459375 0.3390625000000001 0.459375 0.3625000000000001 0.6328125 0.3625000000000001
0 0.7640625 0.3390625000000001 0.6609375 0.3390625000000001 0.6609375 0.3656250000000001 0.7640625 0.3656250000000001
0 0.775 0.3609375000000001 0.7703125 0.3609375000000001 0.7703125 0.3625000000000001 0.775 0.3625000000000001
0 0.7984375 0.3421875000000001 0.790625 0.3421875000000001 0.790625 0.3468750000000001 0.7984375 0.3468750000000001
0 0.8359375 0.3390625000000001 0.80625 0.3390625000000001 0.80625 0.3609375000000001 0.8359375 0.3609375000000001
0 0.859375 0.3421875000000001 0.8390625 0.3421875000000001 0.8390625 0.3609375000000001 0.859375 0.3609375000000001
0 0.18281250000000004 0.3921875 0.13906250000000003 0.3921875 0.13906250000000003 0.4140625 0.18281250000000004 0.4140625
0 0.4015625 0.38906250000000003 0.21875000000000008 0.3890625 0.21875000000000008 0.415625 0.4015625 0.415625
0 0.484375 0.3906250000000001 0.4328125 0.3906250000000001 0.4328125 0.4125 0.484375 0.4125
0 0.521875 0.39531250000000007 0.4890625 0.39531250000000007 0.4890625 0.4140625 0.521875 0.4140625
0 0.6140625 0.3906250000000001 0.559375 0.3906250000000001 0.559375 0.4109375 0.6140625 0.4109375
0 0.7640625 0.3906250000000001 0.6484375 0.3906250000000001 0.6484375 0.4125000000000001 0.7640625 0.4125000000000002
0 0.7859375 0.4125000000000002 0.7828125 0.4125000000000002 0.7828125 0.41406250000000017 0.7859375 0.41406250000000017
0 0.85625 0.3937500000000001 0.8140625 0.3937500000000001 0.8140625 0.41406250000000017 0.85625 0.41406250000000017
0 0.17343750000000005 0.453125 0.13906250000000003 0.453125 0.13906250000000003 0.4640625 0.17343750000000005 0.4640625
0 0.3109375000000001 0.4453125 0.2171875000000001 0.4453125 0.2171875000000001 0.4625 0.3109375000000001 0.4625
0 0.3984375000000001 0.446875 0.3312500000000001 0.446875 0.3312500000000001 0.4734375 0.3984375000000001 0.4734375
0 0.4890625 0.44375 0.43125 0.44375 0.43125 0.4640625 0.4890625 0.4640625
0 0.5453125 0.4453125 0.50625 0.4453125 0.50625 0.4671875 0.5453125 0.4671875
0 0.628125 0.44375 0.571875 0.44375 0.571875 0.4625 0.628125 0.4625
0 0.6625 0.459375 0.6328125 0.459375 0.6328125 0.4609375 0.6625 0.4609375
0 0.684375 0.44375 0.678125 0.44375 0.678125 0.4515625 0.684375 0.4515625
0 0.8046875 0.4375000000000001 0.6859375 0.4375 0.6859375 0.4687500000000001 0.8046875 0.46875000000000017
0 0.2484375000000001 0.49375 0.13750000000000004 0.49375 0.13750000000000004 0.515625 0.2484375000000001 0.515625
0 0.3265625000000001 0.49375 0.2875000000000001 0.49375 0.2875000000000001 0.515625 0.3265625000000001 0.515625
0 0.515625 0.4921875 0.3390625000000001 0.4921875 0.3390625000000001 0.525 0.515625 0.525
0 0.621875 0.496875 0.546875 0.496875 0.546875 0.5140625 0.621875 0.5140625
0 0.7296875 0.4921875000000001 0.6515625 0.4921875 0.6515625 0.5140625000000001 0.7296875 0.5140625000000002
0 0.8 0.5062500000000002 0.7671875 0.5062500000000002 0.7671875 0.5140625000000002 0.8 0.5140625000000002
0 0.8953125 0.4937500000000002 0.8265625 0.4937500000000002 0.8265625 0.5156250000000002 0.8953125 0.5156250000000002
0 0.23437500000000008 0.5453125 0.1375000000000001 0.5453125 0.1375000000000001 0.565625 0.23437500000000008 0.565625
0 0.2531250000000001 0.5625 0.2484375000000001 0.5625 0.2484375000000001 0.5640625 0.2531250000000001 0.5640625
0 0.2968750000000001 0.546875 0.2875000000000001 0.546875 0.2875000000000001 0.5546875 0.2968750000000001 0.5546875
0 0.3656250000000001 0.540625 0.3125000000000001 0.540625 0.3125000000000001 0.565625 0.3656250000000001 0.565625
0 0.40625 0.5421875 0.3781250000000001 0.5421875 0.3781250000000001 0.5640625 0.40625 0.5640625
0 0.525 0.5453125 0.4453125 0.5453125 0.4453125 0.5734375 0.525 0.5734375
0 0.6140625 0.54375 0.540625 0.54375 0.540625 0.5640625 0.6140625 0.5640625
0 0.621875 0.5640625 0.615625 0.5640625 0.615625 0.56875 0.621875 0.56875
0 0.7359375 0.5390625000000001 0.640625 0.5390625 0.640625 0.565625 0.7359375 0.5656250000000002
0 0.7578125 0.5453125000000002 0.75 0.5453125000000002 0.75 0.5500000000000002 0.7578125 0.5500000000000002
0 0.7640625 0.5671875000000002 0.75625 0.5671875000000002 0.75625 0.5718750000000001 0.7640625 0.5718750000000001
0 0.8328125 0.5468750000000002 0.7953125 0.5468750000000002 0.7953125 0.5640625000000001 0.8328125 0.5640625000000001
0 0.2796875000000001 0.59375 0.14062500000000008 0.59375 0.14062500000000008 0.615625 0.2796875000000001 0.615625
0 0.2843750000000001 0.6109375 0.2796875000000001 0.6109375 0.2796875000000001 0.6140625 0.2843750000000001 0.6140625
0 0.3375000000000001 0.5921875 0.32500000000000007 0.5921875 0.32500000000000007 0.6015625 0.3375000000000001 0.6015625
0 0.4015625 0.5890625 0.3296875000000001 0.5890625 0.3296875000000001 0.61875 0.4015625 0.61875
0 0.4640625 0.5984375 0.4390625 0.5984375 0.4390625 0.615625 0.4640625 0.615625
0 0.4859375 0.5984375 0.471875 0.5984375 0.471875 0.615625 0.4859375 0.615625
0 0.596875 0.6 0.5171875 0.6 0.5171875 0.615625 0.596875 0.615625
0 0.7046875 0.5953125 0.628125 0.5953125 0.628125 0.6140625 0.7046875 0.6140625
0 0.7984375 0.5937500000000002 0.7328125 0.5937500000000002 0.7328125 0.6156250000000002 0.7984375 0.6156250000000002
0 0.8703125 0.5906250000000002 0.8140625 0.5906250000000002 0.8140625 0.6156250000000002 0.8703125 0.6156250000000002
0 0.8765625 0.6125000000000002 0.8734375 0.6125000000000002 0.8734375 0.6140625000000002 0.8765625 0.6140625000000002