0 0.2078125 0.19531250000000003 0.15468750000000003 0.1953125 0.15468750000000003 0.2234375 0.2078125 0.2234375
0 0.2578125 0.209375 0.23125 0.209375 0.23125 0.221875 0.2578125 0.221875
0 0.3125 0.2 0.28125 0.2 0.28125 0.2234375 0.3125 0.2234375
0 0.4109375 0.19843750000000004 0.3390625 0.19843750000000004 0.3390625 0.22656250000000006 0.4109375 0.22656250000000008
0 0.5921875 0.19531250000000006 0.4421875 0.19531250000000006 0.4421875 0.2234375000000001 0.5921875 0.2234375000000001
0 0.715625 0.19687500000000008 0.6125 0.19687500000000008 0.6125 0.22812500000000008 0.715625 0.22812500000000008
0 0.771875 0.2015625000000001 0.725 0.2015625000000001 0.725 0.2218750000000001 0.771875 0.2218750000000001
0 0.8453125 0.2000000000000001 0.7921875 0.2000000000000001 0.7921875 0.21875000000000008 0.8453125 0.21875000000000008
0 0.21875 0.259375 0.14531250000000004 0.259375 0.14531250000000004 0.275 0.21875 0.275
0 0.334375 0.2453125 0.25 0.2453125 0.25 0.271875 0.334375 0.271875
0 0.41875 0.25000000000000006 0.3578125 0.25 0.3578125 0.27031250000000007 0.41875 0.27031250000000007
0 0.503125 0.2500000000000001 0.446875 0.2500000000000001 0.446875 0.27031250000000007 0.503125 0.27031250000000007
0 0.64375 0.2500000000000001 0.5265625 0.2500000000000001 0.5265625 0.2765625000000001 0.64375 0.2765625000000001
0 0.6890625 0.2468750000000001 0.6609375 0.2468750000000001 0.6609375 0.2734375000000001 0.6890625 0.2734375000000001
0 0.721875 0.2593750000000001 0.7 0.2593750000000001 0.7 0.27031250000000007 0.721875 0.27031250000000007
0 0.8328125 0.2468750000000001 0.7421875 0.2468750000000001 0.7421875 0.27031250000000007 0.8328125 0.27031250000000007
0 0.2078125 0.296875 0.14843750000000006 0.296875 0.14843750000000006 0.325 0.2078125 0.325
0 0.2796875 0.3125 0.2265625 0.3125 0.2265625 0.328125 0.2796875 0.328125
0 0.38125 0.30156250000000007 0.2984375 0.3015625 0.2984375 0.32656250000000003 0.38125 0.3265625000000001
0 0.459375 0.2968750000000001 0.4046875 0.2968750000000001 0.4046875 0.32500000000000007 0.459375 0.32500000000000007
0 0.5421875 0.3000000000000001 0.484375 0.3000000000000001 0.484375 0.3218750000000001 0.5421875 0.3218750000000001
0 0.6515625 0.3078125000000001 0.5640625 0.3078125000000001 0.5640625 0.3312500000000001 0.6515625 0.3312500000000001
0 0.6625 0.31718750000000007 0.659375 0.31718750000000007 0.659375 0.3187500000000001 0.6625 0.3187500000000001
0 0.7046875 0.3031250000000001 0.675 0.3031250000000001 0.675 0.3234375000000001 0.7046875 0.3234375000000001
0 0.8421875 0.2984375000000001 0.7296875 0.2984375000000001 0.7296875 0.3218750000000001 0.8421875 0.3218750000000001
0 0.8828125 0.2984375000000001 0.859375 0.2984375000000001 0.859375 0.3203125000000001 0.8828125 0.3203125000000001
0 0.2671875 0.3484375 0.13750000000000004 0.3484375 0.13750000000000004 0.3734375 0.2671875000000001 0.3734375
0 0.321875 0.3484375 0.290625 0.3484375 0.290625 0.378125 0.3218750000000001 0.378125
0 0.3656250000000001 0.36406250000000007 0.34843750000000007 0.3640625 0.34843750000000007 0.37187500000000007 0.3656250000000001 0.37187500000000007
0 0.4390625 0.36406250000000007 0.3843750000000001 0.36406250000000007 0.3843750000000001 0.3734375000000001 0.4390625 0.3734375000000001
0 0.484375 0.3578125000000001 0.4625 0.3578125000000001 0.4625 0.37187500000000007 0.484375 0.37187500000000007
0 0.5484375 0.3500000000000001 0.5125 0.3500000000000001 0.5125 0.3750000000000001 0.5484375 0.3750000000000001
0 0.6546875 0.3515625000000001 0.56875 0.3515625000000001 0.56875 0.3828125000000001 0.6546875 0.3828125000000001
0 0.6921875 0.3546875000000001 0.671875 0.3546875000000001 0.671875 0.37187500000000007 0.6921875 0.37187500000000007
0 0.775 0.3546875000000001 0.7109375 0.3546875000000001 0.7109375 0.3734375000000001 0.775 0.3734375000000001
0 0.896875 0.3578125000000001 0.7890625 0.3578125000000001 0.7890625 0.3781250000000001 0.896875 0.3781250000000001
0 0.16875000000000004 0.4015625 0.14062500000000006 0.4015625 0.14062500000000006 0.43125 0.16875000000000004 0.43125
0 0.2171875000000001 0.4140625 0.19062500000000004 0.4140625 0.19062500000000004 0.4234375 0.2171875000000001 0.4234375
0 0.3421875000000001 0.4015625 0.2453125000000001 0.4015625 0.2453125000000001 0.425 0.3421875000000001 0.425
0 0.4734375 0.4015625 0.3625000000000001 0.4015625 0.3625000000000001 0.428125 0.4734375 0.428125
0 0.515625 0.4125 0.490625 0.4125 0.490625 0.4234375 0.515625 0.4234375
0 0.6015625 0.4046875 0.5296875 0.4046875 0.5296875 0.4234375 0.6015625 0.4234375
0 0.6796875 0.403125 0.6171875 0.403125 0.6171875 0.4234375 0.6796875 0.4234375
0 0.728125 0.40312500000000007 0.7015625 0.403125 0.7015625 0.4218750000000001 0.728125 0.42187500000000017
0 0.8609375 0.4046875000000002 0.7453125 0.4046875000000002 0.7453125 0.4359375000000002 0.8609375 0.4359375000000002
0 0.16250000000000003 0.4640625 0.13906250000000003 0.4640625 0.13906250000000003 0.475 0.16250000000000003 0.475
0 0.30937500000000007 0.4546875 0.18906250000000005 0.4546875 0.18906250000000005 0.484375 0.30937500000000007 0.484375
0 0.39531250000000007 0.4546875 0.33281250000000007 0.4546875 0.33281250000000007 0.4765625 0.39531250000000007 0.4765625
0 0.440625 0.45625 0.4125 0.45625 0.4125 0.478125 0.440625 0.478125
0 0.5421875 0.4578125 0.45625 0.4578125 0.45625 0.478125 0.5421875 0.478125
0 0.6359375 0.4546875 0.565625 0.4546875 0.565625 0.478125 0.6359375 0.478125
0 0.734375 0.4546875000000001 0.6578125 0.4546875 0.6578125 0.4859375000000001 0.734375 0.4859375000000002
0 0.7890625 0.4546875000000002 0.7515625 0.4546875000000002 0.7515625 0.4734375000000002 0.7890625 0.4734375000000002
0 0.859375 0.46406250000000016 0.809375 0.46406250000000016 0.809375 0.4734375000000002 0.859375 0.4734375000000002
0 0.19687500000000005 0.5046875 0.15000000000000005 0.5046875 0.15000000000000005 0.5328125 0.19687500000000005 0.5328125
0 0.2093750000000001 0.525 0.2062500000000001 0.525 0.2062500000000001 0.5265625 0.2093750000000001 0.5265625
0 0.2671875000000001 0.5046875 0.2250000000000001 0.5046875 0.2250000000000001 0.5265625 0.2671875000000001 0.5265625
0 0.2828125000000001 0.515625 0.2718750000000001 0.515625 0.2718750000000001 0.53125 0.2828125000000001 0.53125
0 0.4203125 0.503125 0.30156250000000007 0.503125 0.30156250000000007 0.5375 0.4203125 0.5375
0 0.43125 0.521875 0.4265625 0.521875 0.4265625 0.53125 0.43125 0.53125
0 0.5109375 0.50625 0.440625 0.50625 0.440625 0.525 0.5109375 0.525
0 0.5515625 0.5125 0.5109375 0.5125 0.5109375 0.5234375 0.5515625 0.5234375
0 0.634375 0.5046875 0.55625 0.5046875 0.55625 0.5328125 0.634375 0.5328125
0 0.678125 0.5046875 0.659375 0.5046875 0.659375 0.5234375 0.678125 0.5234375
0 0.75625 0.503125 0.6984375 0.503125 0.6984375 0.5265625 0.75625 0.5265625000000002
0 0.815625 0.5046875000000002 0.775 0.5046875000000002 0.775 0.5250000000000001 0.815625 0.5250000000000001
0 0.2156250000000001 0.5640625 0.14843750000000008 0.5640625 0.14843750000000008 0.578125 0.2156250000000001 0.578125
0 0.3578125000000001 0.553125 0.2515625000000001 0.553125 0.2515625000000001 0.5765625 0.3578125000000001 0.5765625
0 0.4390625 0.5546875 0.3828125000000001 0.5546875 0.3828125000000001 0.575 0.4390625 0.575
0 0.5203125 0.55625 0.4640625 0.55625 0.4640625 0.5765625 0.5203125 0.5765625
0 0.6484375 0.55625 0.54375 0.55625 0.54375 0.58125 0.6484375 0.58125
0 0.69375 0.553125 0.665625 0.553125 0.665625 0.578125 0.69375 0.578125
0 0.8171875 0.5609375000000001 0.7125 0.5609375 0.7125 0.5734375 0.8171875 0.5734375000000002
0 0.2375000000000001 0.609375 0.1453125000000001 0.609375 0.1453125000000001 0.6359375 0.2375000000000001 0.6359375
0 0.3000000000000001 0.6078125 0.2609375000000001 0.6078125 0.2609375000000001 0.628125 0.3000000000000001 0.628125
0 0.3609375000000001 0.6171875 0.3218750000000001 0.6171875 0.3218750000000001 0.6265625 0.3609375000000001 0.6265625
0 0.4578125 0.60625 0.3859375000000001 0.60625 0.3859375000000001 0.6296875 0.4578125 0.6296875
0 0.53125 0.615625 0.478125 0.615625 0.478125 0.63125 0.53125 0.63125
0 0.640625 0.603125 0.55 0.603125 0.55 0.6296875 0.640625 0.6296875
0 0.7109375 0.6140625 0.6578125 0.6140625 0.6578125 0.625 0.7109375 0.625
0 0.8078125 0.6031250000000001 0.728125 0.6031250000000001 0.728125 0.6250000000000002 0.8078125 0.6250000000000002
0 0.8125 0.6218750000000002 0.8109375 0.6218750000000002 0.8109375 0.6218750000000002 0.8125 0.6218750000000002