0 0.225 0.203125 0.14843750000000006 0.203125 0.14843750000000006 0.2234375 0.225 0.2234375
0 0.290625 0.2109375 0.2546875 0.2109375 0.2546875 0.2234375 0.290625 0.2234375
0 0.3484375 0.2125 0.30625 0.2125 0.30625 0.2265625 0.3484375 0.2265625
0 0.4140625 0.2093750000000001 0.371875 0.2093750000000001 0.371875 0.2375000000000001 0.4140625 0.2375000000000001
0 0.4421875 0.21093750000000008 0.428125 0.21093750000000008 0.428125 0.2218750000000001 0.4421875 0.2218750000000001
0 0.55 0.2015625000000001 0.4609375 0.2015625000000001 0.4609375 0.2234375000000001 0.55 0.2234375000000001
0 0.6203125 0.2093750000000001 0.575 0.2093750000000001 0.575 0.2250000000000001 0.6203125 0.2250000000000001
0 0.66875 0.21093750000000008 0.640625 0.21093750000000008 0.640625 0.2218750000000001 0.66875 0.2218750000000001
0 0.7265625 0.20312500000000008 0.6859375 0.20312500000000008 0.6859375 0.2234375000000001 0.7265625 0.2234375000000001
0 0.765625 0.2078125000000001 0.746875 0.2078125000000001 0.746875 0.22031250000000008 0.765625 0.22031250000000008
0 0.78125 0.2062500000000001 0.7703125 0.2062500000000001 0.7703125 0.22031250000000008 0.78125 0.22031250000000008
0 0.234375 0.25 0.14218750000000005 0.25 0.14218750000000005 0.28125 0.234375 0.28125
0 0.271875 0.2671875 0.24375 0.2671875 0.24375 0.2703125 0.271875 0.2703125
0 0.2828125 0.26875 0.28125 0.26875 0.28125 0.26875 0.2828125 0.26875
0 0.29375 0.2546875 0.2890625 0.2546875 0.2890625 0.2609375 0.29375 0.2609375
0 0.3078125 0.2546875 0.303125 0.2546875 0.303125 0.2609375 0.3078125 0.2609375
0 0.43125 0.24062500000000003 0.309375 0.240625 0.309375 0.27187500000000003 0.43125 0.2718750000000001
0 0.5 0.2578125000000001 0.453125 0.2578125000000001 0.453125 0.2718750000000001 0.5 0.2718750000000001
0 0.5625 0.2578125000000001 0.515625 0.2578125000000001 0.515625 0.2750000000000001 0.5625 0.2750000000000001
0 0.6078125 0.26250000000000007 0.578125 0.26250000000000007 0.578125 0.2828125000000001 0.6078125 0.2828125000000001
0 0.6609375 0.2609375000000001 0.6171875 0.2609375000000001 0.6171875 0.2734375000000001 0.6609375 0.2734375000000001
0 0.7203125 0.25468750000000007 0.675 0.25468750000000007 0.675 0.28593750000000007 0.7203125 0.28593750000000007
0 0.7328125 0.2687500000000001 0.7265625 0.2687500000000001 0.7265625 0.27812500000000007 0.7328125 0.27812500000000007
0 0.7828125 0.26250000000000007 0.7453125 0.26250000000000007 0.7453125 0.28593750000000007 0.7828125 0.28593750000000007
0 0.8078125 0.2562500000000001 0.7859375 0.2562500000000001 0.7859375 0.2718750000000001 0.8078125 0.2718750000000001
0 0.8578125 0.2609375000000001 0.825 0.2609375000000001 0.825 0.2718750000000001 0.8578125 0.2718750000000001
0 0.8671875 0.27031250000000007 0.8609375 0.27031250000000007 0.8609375 0.2796875000000001 0.8671875 0.2796875000000001
0 0.8703125 0.2562500000000001 0.8625 0.2562500000000001 0.8625 0.2609375000000001 0.8703125 0.2609375000000001
0 0.215625 0.303125 0.13906250000000003 0.303125 0.13906250000000003 0.3359375 0.215625 0.3359375
0 0.290625 0.3078125 0.2375 0.3078125 0.2375 0.325 0.290625 0.325
0 0.4421875 0.30625 0.3140625 0.30625 0.3140625 0.33593750000000006 0.4421875 0.3359375000000001
0 0.45 0.3203125000000001 0.446875 0.3203125000000001 0.446875 0.3218750000000001 0.45 0.3218750000000001
0 0.475 0.3046875000000001 0.4578125 0.3046875000000001 0.4578125 0.3234375000000001 0.475 0.3234375000000001
0 0.4953125 0.3000000000000001 0.4640625 0.3000000000000001 0.4640625 0.32500000000000007 0.4953125 0.32500000000000007
0 0.5390625 0.3140625000000001 0.50625 0.3140625000000001 0.50625 0.32500000000000007 0.5390625 0.32500000000000007
0 0.603125 0.3078125000000001 0.5515625 0.3078125000000001 0.5515625 0.3359375000000001 0.603125 0.3359375000000001
0 0.6828125 0.3109375000000001 0.615625 0.3109375000000001 0.615625 0.33281250000000007 0.6828125 0.33281250000000007
0 0.734375 0.3109375000000001 0.7 0.3109375000000001 0.7 0.3234375000000001 0.734375 0.3234375000000001
0 0.7859375 0.3078125000000001 0.746875 0.3078125000000001 0.746875 0.3218750000000001 0.7859375 0.3218750000000001
0 0.8703125 0.3046875000000001 0.8078125 0.3046875000000001 0.8078125 0.3234375000000001 0.8703125 0.3234375000000001
0 0.17343750000000005 0.3625 0.14062500000000006 0.3625 0.14062500000000006 0.375 0.17343750000000005 0.375
0 0.22812500000000005 0.35625 0.18906250000000005 0.35625 0.18906250000000005 0.375 0.22812500000000008 0.375
0 0.25468750000000007 0.3640625 0.22656250000000008 0.3640625 0.22656250000000008 0.375 0.25468750000000007 0.375
0 0.26250000000000007 0.3703125 0.2593750000000001 0.3703125 0.2593750000000001 0.371875 0.26250000000000007 0.371875
0 0.28125000000000006 0.35625 0.2671875 0.35625 0.2671875 0.371875 0.2812500000000001 0.371875
0 0.29218750000000004 0.3546875 0.2875 0.3546875 0.28750000000000003 0.3640625 0.2921875000000001 0.3640625
0 0.32656250000000003 0.3515625 0.2921875 0.3515625 0.29218750000000004 0.3765625 0.3265625000000001 0.3765625
0 0.39062500000000006 0.35781250000000003 0.340625 0.3578125 0.34062500000000007 0.384375 0.3906250000000001 0.3843750000000001
0 0.4421875 0.3593750000000001 0.4046875 0.3593750000000001 0.4046875 0.3750000000000001 0.4421875 0.3750000000000001
0 0.5171875 0.3593750000000001 0.4546875 0.3593750000000001 0.4546875 0.3843750000000001 0.5171875 0.3843750000000001
0 0.6046875 0.35625000000000007 0.5328125 0.35625000000000007 0.5328125 0.3734375000000001 0.6046875 0.3734375000000001
0 0.6453125 0.35625000000000007 0.6171875 0.35625000000000007 0.6171875 0.3750000000000001 0.6453125 0.3750000000000001
0 0.7734375 0.3578125000000001 0.659375 0.3578125000000001 0.659375 0.3859375000000001 0.7734375 0.3859375000000001
0 0.80625 0.3687500000000001 0.7828125 0.3687500000000001 0.7828125 0.3703125000000001 0.80625 0.3703125000000001
0 0.8203125 0.35625000000000007 0.8140625 0.35625000000000007 0.8140625 0.3609375000000001 0.8203125 0.3609375000000001
0 0.884375 0.3531250000000001 0.828125 0.3531250000000001 0.828125 0.3843750000000001 0.884375 0.3843750000000001
0 0.20468750000000008 0.4078125 0.14843750000000006 0.4078125 0.14843750000000006 0.425 0.20468750000000008 0.425
0 0.2656250000000001 0.4109375 0.2250000000000001 0.4109375 0.2250000000000001 0.4265625 0.2656250000000001 0.4265625
0 0.3031250000000001 0.4125 0.2843750000000001 0.4125 0.2843750000000001 0.428125 0.3031250000000001 0.428125
0 0.475 0.4078125 0.32500000000000007 0.4078125 0.32500000000000007 0.4359375 0.475 0.4359375
0 0.4828125 0.421875 0.4796875 0.421875 0.4796875 0.4234375 0.4828125 0.4234375
0 0.5015625 0.4046875 0.4953125 0.4046875 0.4953125 0.4125 0.5015625 0.4125
0 0.51875 0.403125 0.496875 0.403125 0.496875 0.425 0.51875 0.425
0 0.5453125 0.40625 0.521875 0.40625 0.521875 0.425 0.5453125 0.425
0 0.596875 0.409375 0.5546875 0.409375 0.5546875 0.43125 0.596875 0.43125
0 0.7328125 0.4125000000000001 0.6171875 0.4125 0.6171875 0.4375000000000001 0.7328125 0.43750000000000017
0 0.765625 0.40625000000000017 0.7453125 0.40625000000000017 0.7453125 0.4234375000000002 0.765625 0.4234375000000002
0 0.8328125 0.4078125000000002 0.7734375 0.4078125000000002 0.7734375 0.4234375000000002 0.8328125 0.4234375000000002
0 0.21875000000000008 0.459375 0.15000000000000005 0.459375 0.15000000000000005 0.478125 0.21875000000000008 0.478125
0 0.3031250000000001 0.459375 0.2468750000000001 0.459375 0.2468750000000001 0.4765625 0.3031250000000001 0.4765625
0 0.3265625000000001 0.4703125 0.30937500000000007 0.4703125 0.30937500000000007 0.475 0.3265625000000001 0.475
0 0.3359375000000001 0.471875 0.3312500000000001 0.471875 0.3312500000000001 0.475 0.3359375000000001 0.475
0 0.3500000000000001 0.4578125 0.3453125000000001 0.4578125 0.3453125000000001 0.4640625 0.3500000000000001 0.4640625