0 0.2421875 0.18125000000000002 0.15 0.18125 0.15000000000000002 0.221875 0.2421875 0.221875
0 0.4328125 0.20000000000000004 0.2796875 0.2 0.2796875 0.21875000000000006 0.4328125 0.21875000000000008
0 0.5140625 0.19375000000000003 0.4640625 0.19375000000000003 0.4640625 0.2093750000000001 0.5140625 0.2093750000000001
0 0.525 0.2078125000000001 0.51875 0.2078125000000001 0.51875 0.21250000000000008 0.525 0.21250000000000008
0 0.5984375 0.18906250000000008 0.5484375 0.18906250000000008 0.5484375 0.21093750000000008 0.5984375 0.21093750000000008
0 0.609375 0.2078125000000001 0.60625 0.2078125000000001 0.60625 0.2078125000000001 0.609375 0.2078125000000001
0 0.6890625 0.1859375000000001 0.6328125 0.1859375000000001 0.6328125 0.2093750000000001 0.6890625 0.2093750000000001
0 0.7796875 0.1921875000000001 0.7171875 0.1921875000000001 0.7171875 0.2078125000000001 0.7796875 0.2078125000000001
0 0.790625 0.2062500000000001 0.7828125 0.2062500000000001 0.7828125 0.21093750000000008 0.790625 0.21093750000000008
0 0.8453125 0.2000000000000001 0.8125 0.2000000000000001 0.8125 0.2093750000000001 0.8453125 0.2093750000000001
0 0.3015625 0.240625 0.15000000000000005 0.240625 0.15000000000000005 0.2671875 0.3015625 0.2671875
0 0.3328125 0.25625 0.328125 0.25625 0.328125 0.2625 0.3328125 0.2625
0 0.3890625 0.2515625 0.3578125 0.2515625 0.3578125 0.26093750000000004 0.3890625 0.2609375000000001
0 0.534375 0.2406250000000001 0.425 0.2406250000000001 0.425 0.2718750000000001 0.534375 0.2718750000000001
0 0.64375 0.2484375000000001 0.55625 0.2484375000000001 0.55625 0.2687500000000001 0.64375 0.2687500000000001
0 0.703125 0.2515625000000001 0.6703125 0.2515625000000001 0.6703125 0.2609375000000001 0.703125 0.2609375000000001
0 0.765625 0.2390625000000001 0.71875 0.2390625000000001 0.71875 0.26250000000000007 0.765625 0.26250000000000007
0 0.8171875 0.2500000000000001 0.790625 0.2500000000000001 0.790625 0.2593750000000001 0.8171875 0.2593750000000001
0 0.85625 0.2390625000000001 0.84375 0.2390625000000001 0.84375 0.25468750000000007 0.85625 0.25468750000000007
0 0.18593750000000003 0.3015625 0.14531250000000004 0.3015625 0.14531250000000004 0.3109375 0.18593750000000003 0.3109375
0 0.296875 0.2953125 0.225 0.2953125 0.225 0.3125 0.296875 0.3125
0 0.371875 0.30156250000000007 0.3375 0.3015625 0.3375 0.31093750000000003 0.371875 0.3109375000000001
0 0.3921875 0.29375000000000007 0.3796875 0.29375000000000007 0.3796875 0.3078125000000001 0.3921875 0.3078125000000001
0 0.5609375 0.28593750000000007 0.403125 0.28593750000000007 0.403125 0.3203125000000001 0.5609375 0.3203125000000001
0 0.634375 0.3031250000000001 0.603125 0.3031250000000001 0.603125 0.30937500000000007 0.634375 0.30937500000000007
0 0.7109375 0.2921875000000001 0.659375 0.2921875000000001 0.659375 0.30937500000000007 0.7109375 0.30937500000000007
0 0.7921875 0.30156250000000007 0.73125 0.30156250000000007 0.73125 0.30937500000000007 0.7921875 0.30937500000000007
0 0.815625 0.2968750000000001 0.8 0.2968750000000001 0.8 0.30937500000000007 0.815625 0.30937500000000007
0 0.20312500000000006 0.3359375 0.12812500000000004 0.3359375 0.12812500000000004 0.365625 0.20312500000000008 0.365625
0 0.3171875 0.34375 0.24375 0.34375 0.24375 0.3609375 0.3171875 0.3609375
0 0.40625 0.35156250000000006 0.334375 0.3515625 0.33437500000000003 0.37187500000000007 0.40625 0.37187500000000007
0 0.478125 0.3515625000000001 0.43125 0.3515625000000001 0.43125 0.3609375000000001 0.478125 0.3609375000000001
0 0.4875 0.3593750000000001 0.4828125 0.3593750000000001 0.4828125 0.36406250000000007 0.4875 0.36406250000000007
0 0.5734375 0.3437500000000001 0.521875 0.3437500000000001 0.521875 0.3609375000000001 0.5734375 0.3609375000000001
0 0.6671875 0.3437500000000001 0.5859375 0.3437500000000001 0.5859375 0.37187500000000007 0.6671875 0.37187500000000007
0 0.6890625 0.3421875000000001 0.6734375 0.3421875000000001 0.6734375 0.3593750000000001 0.6890625 0.3593750000000001
0 0.790625 0.34062500000000007 0.7140625 0.34062500000000007 0.7140625 0.3609375000000001 0.790625 0.3609375000000001
0 0.8609375 0.34062500000000007 0.8015625 0.34062500000000007 0.8015625 0.3609375000000001 0.8609375 0.3609375000000001
0 0.2984375000000001 0.3921875 0.14375000000000004 0.3921875 0.14375000000000004 0.4203125 0.2984375000000001 0.4203125
0 0.3203125000000001 0.409375 0.3078125000000001 0.409375 0.3078125000000001 0.415625 0.3203125000000001 0.415625
0 0.4 0.38750000000000007 0.37187500000000007 0.38750000000000007 0.37187500000000007 0.4125 0.4 0.4125
0 0.50625 0.3937500000000001 0.4171875 0.3937500000000001 0.4171875 0.4125 0.50625 0.4125
0 0.5734375 0.3921875000000001 0.540625 0.3921875000000001 0.540625 0.4109375 0.5734375 0.4109375
0 0.7203125 0.3921875000000001 0.6078125 0.3921875000000001 0.6078125 0.421875 0.7203125 0.421875
0 0.8171875 0.3921875000000001 0.753125 0.3921875000000001 0.753125 0.40937500000000016 0.8171875 0.40937500000000016
0 0.865625 0.3937500000000001 0.8359375 0.3937500000000001 0.8359375 0.4109375000000002 0.865625 0.4109375000000002
0 0.88125 0.39531250000000007 0.8734375 0.39531250000000007 0.8734375 0.4000000000000002 0.88125 0.4000000000000002
0 0.88125 0.40937500000000016 0.8765625 0.40937500000000016 0.8765625 0.4109375000000002 0.88125 0.4109375000000002
0 0.15156250000000004 0.44375 0.14218750000000005 0.44375 0.14218750000000005 0.453125 0.15156250000000004 0.453125
0 0.24375000000000008 0.4359375 0.15312500000000004 0.4359375 0.15312500000000004 0.465625 0.24375000000000008 0.465625
0 0.31718750000000007 0.4546875 0.2843750000000001 0.4546875 0.2843750000000001 0.4640625 0.31718750000000007 0.4640625
0 0.3296875000000001 0.4546875 0.31718750000000007 0.4546875 0.31718750000000007 0.4625 0.3296875000000001 0.4625
0 0.3609375000000001 0.453125 0.3187500000000001 0.453125 0.3187500000000001 0.475 0.3609375000000001 0.475
0 0.3812500000000001 0.446875 0.3750000000000001 0.446875 0.3750000000000001 0.453125 0.3812500000000001 0.453125
0 0.3859375000000001 0.4625 0.3781250000000001 0.4625 0.3781250000000001 0.46875 0.3859375000000001 0.46875
0 0.4703125 0.440625 0.415625 0.440625 0.415625 0.4609375 0.4703125 0.4609375
0 0.596875 0.440625 0.5125 0.440625 0.5125 0.4640625 0.596875 0.4640625
0 0.71875 0.446875 0.6359375 0.446875 0.6359375 0.4625 0.71875 0.4625
0 0.86875 0.44531250000000017 0.74375 0.44531250000000017 0.74375 0.47187500000000016 0.86875 0.47187500000000016
0 0.875 0.46093750000000017 0.871875 0.46093750000000017 0.871875 0.4625000000000002 0.875 0.4625000000000002
0 0.15468750000000003 0.49375 0.14375000000000004 0.49375 0.14375000000000004 0.5 0.15468750000000003 0.5
0 0.18593750000000003 0.4859375 0.15625000000000006 0.4859375 0.15625000000000006 0.5140625 0.18593750000000003 0.5140625
0 0.3031250000000001 0.490625 0.21093750000000008 0.490625 0.21093750000000008 0.515625 0.3031250000000001 0.515625
0 0.4140625 0.4953125 0.3359375000000001 0.4953125 0.3359375000000001 0.5140625 0.4140625 0.5140625
0 0.4671875 0.503125 0.453125 0.503125 0.453125 0.5140625 0.4671875 0.5140625
0 0.5859375 0.4921875 0.509375 0.4921875 0.509375 0.5140625 0.5859375 0.5140625
0 0.678125 0.4953125 0.6265625 0.4953125 0.6265625 0.5171875 0.678125 0.5171875
0 0.85 0.4953125000000001 0.7125 0.4953125 0.7125 0.5250000000000001 0.85 0.5250000000000001
0 0.8515625 0.5109375000000002 0.8484375 0.5109375000000002 0.8484375 0.5125000000000002 0.8515625 0.5125000000000002
0 0.2171875000000001 0.534375 0.14375000000000004 0.534375 0.14375000000000007 0.578125 0.2171875000000001 0.578125
0 0.3593750000000001 0.546875 0.27031250000000007 0.546875 0.27031250000000007 0.565625 0.3593750000000001 0.565625
0 0.4359375 0.55625 0.4203125 0.55625 0.4203125 0.5640625 0.4359375 0.5640625
0 0.546875 0.5453125 0.4453125 0.5453125 0.4453125 0.5734375 0.546875 0.5734375
0 0.6859375 0.540625 0.584375 0.540625 0.584375 0.5640625 0.6859375 0.5640625
0 0.7421875 0.5531250000000001 0.709375 0.553125 0.709375 0.5640625000000001 0.7421875 0.5640625000000001
0 0.76875 0.5468750000000002 0.746875 0.5468750000000002 0.746875 0.5640625000000001 0.76875 0.5640625000000001
0 0.8546875 0.5421875000000002 0.79375 0.5421875000000002 0.79375 0.5625000000000002 0.8546875 0.5625000000000002
0 0.2375000000000001 0.59375 0.1453125000000001 0.59375 0.1453125000000001 0.63125 0.2375000000000001 0.63125
0 0.32500000000000007 0.596875 0.29375000000000007 0.596875 0.29375000000000007 0.6140625 0.32500000000000007 0.6140625
0 0.4421875 0.59375 0.3750000000000001 0.59375 0.3750000000000001 0.615625 0.4421875 0.615625
0 0.4453125 0.6125 0.4421875 0.6125 0.4421875 0.615625 0.4453125 0.615625
0 0.475 0.596875 0.4625 0.596875 0.4625 0.609375 0.475 0.609375