0 0.2046875 0.2140625 0.17187500000000006 0.2140625 0.17187500000000006 0.234375 0.2046875 0.234375
0 0.234375 0.215625 0.2046875 0.215625 0.2046875 0.234375 0.234375 0.234375
0 0.2984375 0.2171875 0.2640625 0.2171875 0.2640625 0.246875 0.2984375 0.246875
0 0.3453125 0.2203125 0.315625 0.2203125 0.315625 0.234375 0.3453125 0.234375
0 0.4328125 0.2250000000000001 0.3671875 0.2250000000000001 0.3671875 0.2406250000000001 0.4328125 0.2406250000000001
0 0.4984375 0.22031250000000008 0.4421875 0.22031250000000008 0.4421875 0.23437500000000008 0.4984375 0.23437500000000008
0 0.5390625 0.21875000000000008 0.521875 0.21875000000000008 0.521875 0.2312500000000001 0.5390625 0.2312500000000001
0 0.6125 0.22031250000000008 0.559375 0.22031250000000008 0.559375 0.2328125000000001 0.6125 0.2328125000000001
0 0.6515625 0.2250000000000001 0.628125 0.2250000000000001 0.628125 0.2328125000000001 0.6515625 0.2328125000000001
0 0.690625 0.2171875000000001 0.6625 0.2171875000000001 0.6625 0.2328125000000001 0.690625 0.2328125000000001
0 0.7875 0.2171875000000001 0.7046875 0.2171875000000001 0.7046875 0.2375000000000001 0.7875 0.2375000000000001
0 0.8265625 0.2156250000000001 0.79375 0.2156250000000001 0.79375 0.2312500000000001 0.8265625 0.2312500000000001
0 0.16562500000000005 0.2703125 0.14375000000000004 0.2703125 0.14375000000000004 0.2921875 0.16562500000000005 0.2921875
0 0.19843750000000004 0.271875 0.16875000000000004 0.271875 0.16875000000000004 0.2859375 0.19843750000000004 0.2859375
0 0.19843750000000004 0.284375 0.19218750000000004 0.284375 0.19218750000000004 0.2890625 0.19843750000000004 0.2890625
0 0.2859375 0.2703125 0.215625 0.2703125 0.215625 0.29375 0.2859375 0.29375
0 0.409375 0.27031250000000007 0.30625 0.2703125 0.30625 0.290625 0.409375 0.2906250000000001
0 0.5046875 0.27031250000000007 0.415625 0.27031250000000007 0.415625 0.2921875000000001 0.5046875 0.2921875000000001
0 0.5109375 0.2828125000000001 0.5078125 0.2828125000000001 0.5078125 0.2843750000000001 0.5109375 0.2843750000000001
0 0.5515625 0.2656250000000001 0.534375 0.2656250000000001 0.534375 0.2812500000000001 0.5515625 0.2812500000000001
0 0.584375 0.2671875000000001 0.55 0.2671875000000001 0.55 0.2828125000000001 0.584375 0.2828125000000001
0 0.65625 0.2734375000000001 0.60625 0.2734375000000001 0.60625 0.2828125000000001 0.65625 0.2828125000000001
0 0.7296875 0.2656250000000001 0.675 0.2656250000000001 0.675 0.2796875000000001 0.7296875 0.2796875000000001
0 0.771875 0.2656250000000001 0.7453125 0.2656250000000001 0.7453125 0.27812500000000007 0.771875 0.27812500000000007
0 0.828125 0.27031250000000007 0.78125 0.27031250000000007 0.78125 0.27812500000000007 0.828125 0.27812500000000007
0 0.18281250000000004 0.321875 0.13593750000000004 0.321875 0.13593750000000004 0.3375 0.18281250000000004 0.3375
0 0.228125 0.3203125 0.19218750000000004 0.3203125 0.19218750000000004 0.3375 0.228125 0.3375
0 0.29375 0.321875 0.2421875 0.321875 0.2421875 0.3375 0.29375 0.3375
0 0.38125 0.32812500000000006 0.315625 0.328125 0.315625 0.34843750000000007 0.38125 0.34843750000000007
0 0.45625 0.3203125000000001 0.403125 0.3203125000000001 0.403125 0.3343750000000001 0.45625 0.3343750000000001
0 0.503125 0.3203125000000001 0.4734375 0.3203125000000001 0.4734375 0.3343750000000001 0.503125 0.3343750000000001
0 0.6078125 0.32500000000000007 0.5265625 0.32500000000000007 0.5265625 0.34062500000000007 0.6078125 0.34062500000000007
0 0.71875 0.3187500000000001 0.628125 0.3187500000000001 0.628125 0.34062500000000007 0.71875 0.34062500000000007
0 0.803125 0.3156250000000001 0.7265625 0.3156250000000001 0.7265625 0.3421875000000001 0.803125 0.3421875000000001
0 0.8234375 0.3156250000000001 0.8046875 0.3156250000000001 0.8046875 0.3281250000000001 0.8234375 0.3281250000000001
0 0.17187500000000006 0.36875 0.14062500000000006 0.36875 0.14062500000000006 0.3890625 0.17187500000000006 0.3890625
0 0.24218750000000008 0.36875 0.18593750000000003 0.36875 0.18593750000000003 0.3875 0.24218750000000008 0.3875
0 0.24375000000000008 0.3875 0.2375000000000001 0.3875 0.2375000000000001 0.39375 0.24375000000000008 0.39375
0 0.35625000000000007 0.371875 0.2609375000000001 0.371875 0.2609375000000001 0.3875 0.35625000000000007 0.3875
0 0.3921875000000001 0.37187500000000007 0.3671875000000001 0.37187500000000007 0.3671875000000001 0.3843750000000001 0.3921875000000001 0.3843750000000001
0 0.44375 0.3750000000000001 0.4 0.3750000000000001 0.4 0.3859375000000001 0.44375 0.3859375000000001
0 0.5515625 0.3687500000000001 0.4640625 0.3687500000000001 0.4640625 0.39531250000000007 0.5515625 0.39531250000000007
0 0.6234375 0.3687500000000001 0.5640625 0.3687500000000001 0.5640625 0.3828125000000001 0.6234375 0.3828125000000001
0 0.73125 0.3656250000000001 0.6515625 0.3656250000000001 0.6515625 0.3812500000000001 0.73125 0.3812500000000001
0 0.78125 0.3656250000000001 0.746875 0.3656250000000001 0.746875 0.3968750000000001 0.78125 0.3968750000000001
0 0.8421875 0.3671875000000001 0.8 0.3671875000000001 0.8 0.3812500000000001 0.8421875 0.3812500000000001
0 0.2390625000000001 0.4234375 0.14375000000000004 0.4234375 0.14375000000000004 0.4390625 0.2390625000000001 0.4390625
0 0.2796875000000001 0.421875 0.25468750000000007 0.421875 0.25468750000000007 0.45 0.2796875000000001 0.45
0 0.3296875000000001 0.421875 0.2984375000000001 0.421875 0.2984375000000001 0.4390625 0.3296875000000001 0.4390625
0 0.4296875 0.4203125 0.34843750000000007 0.4203125 0.34843750000000007 0.4359375 0.4296875 0.4359375
0 0.521875 0.4171875 0.453125 0.4171875 0.453125 0.4359375 0.521875 0.4359375
0 0.559375 0.4296875 0.534375 0.4296875 0.534375 0.434375 0.559375 0.434375
0 0.684375 0.41875 0.56875 0.41875 0.56875 0.4453125 0.684375 0.4453125
0 0.7453125 0.4156250000000001 0.703125 0.415625 0.703125 0.4312500000000001 0.7453125 0.4312500000000002
0 0.81875 0.41718750000000016 0.7609375 0.41718750000000016 0.7609375 0.43281250000000016 0.81875 0.43281250000000016
0 0.17187500000000006 0.4796875 0.14062500000000006 0.4796875 0.14062500000000006 0.4890625 0.17187500000000006 0.4890625
0 0.2687500000000001 0.471875 0.18593750000000003 0.471875 0.18593750000000003 0.4890625 0.2687500000000001 0.4890625
0 0.43125 0.46875 0.2875000000000001 0.46875 0.2875000000000001 0.4890625 0.43125 0.4890625
0 0.51875 0.46875 0.453125 0.46875 0.453125 0.4859375 0.51875 0.4859375
0 0.53125 0.4703125 0.5171875 0.4703125 0.5171875 0.4859375 0.53125 0.4859375
0 0.5640625 0.4703125 0.5421875 0.4703125 0.5421875 0.484375 0.5640625 0.484375
0 0.609375 0.471875 0.5578125 0.471875 0.5578125 0.5015625 0.609375 0.5015625
0 0.6796875 0.475 0.6328125 0.475 0.6328125 0.4859375 0.6796875 0.4859375
0 0.8109375 0.46562500000000007 0.703125 0.465625 0.703125 0.4937500000000001 0.8109375 0.4937500000000002
0 0.85 0.4656250000000002 0.8234375 0.4656250000000002 0.8234375 0.4937500000000002 0.85 0.4937500000000002
0 0.17656250000000004 0.5234375 0.14375000000000004 0.5234375 0.14375000000000004 0.5390625 0.17656250000000004 0.5390625
0 0.27812500000000007 0.525 0.19687500000000005 0.525 0.19687500000000005 0.540625 0.27812500000000007 0.540625
0 0.27812500000000007 0.5390625 0.2734375000000001 0.5390625 0.2734375000000001 0.5421875 0.27812500000000007 0.5421875
0 0.3546875000000001 0.521875 0.3031250000000001 0.521875 0.3031250000000001 0.5390625 0.3546875000000001 0.5390625
0 0.428125 0.5203125 0.36406250000000007 0.5203125 0.36406250000000007 0.5390625 0.428125 0.5390625
0 0.525 0.5203125 0.43125 0.5203125 0.43125 0.546875 0.525 0.546875
0 0.5296875 0.534375 0.5265625 0.534375 0.5265625 0.5359375 0.5296875 0.5359375
0 0.61875 0.5203125 0.5546875 0.5203125 0.5546875 0.55 0.61875 0.55
0 0.684375 0.5171875 0.63125 0.5171875 0.63125 0.534375 0.684375 0.534375
0 0.678125 0.5328125 0.671875 0.5328125 0.671875 0.5359375 0.678125 0.5359375
0 0.796875 0.5171875000000001 0.69375 0.5171875 0.69375 0.5437500000000001 0.796875 0.5437500000000002
0 0.878125 0.5171875000000001 0.81875 0.5171875000000001 0.81875 0.5328125000000001 0.878125 0.5328125000000001
0 0.21875000000000008 0.5734375 0.1468750000000001 0.5734375 0.1468750000000001 0.5921875 0.21875000000000008 0.5921875
0 0.2906250000000001 0.5796875 0.2375000000000001 0.5796875 0.2375000000000001 0.5953125 0.2906250000000001 0.5953125
0 0.428125 0.5703125 0.3140625000000001 0.5703125 0.3140625000000001 0.603125 0.428125 0.603125
0 0.496875 0.5703125 0.4421875 0.5703125 0.4421875 0.5875 0.496875 0.5875
0 0.5546875 0.575 0.51875 0.575 0.51875 0.5890625 0.5546875 0.5890625
0 0.675 0.5703125 0.5796875 0.5703125 0.5796875 0.6 0.675 0.6
0 0.6828125 0.584375 0.6765625 0.584375 0.6765625 0.590625 0.6828125 0.590625
0 0.79375 0.5671875000000001 0.7 0.5671875 0.7 0.5921875000000001 0.79375 0.5921875000000002
0 0.2468750000000001 0.6234375 0.1468750000000001 0.6234375 0.1468750000000001 0.64375 0.2468750000000001 0.64375
0 0.2578125000000001 0.6421875 0.2531250000000001 0.6421875 0.2531250000000001 0.6453125 0.2578125000000001 0.6453125
0 0.3703125000000001 0.6203125 0.2734375000000001 0.6203125 0.2734375000000001 0.653125 0.3703125000000001 0.653125
0 0.50625 0.6203125 0.3906250000000001 0.6203125 0.3906250000000001 0.6375 0.50625 0.6375
0 0.5453125 0.621875 0.521875 0.621875 0.521875 0.640625 0.5453125 0.640625
0 0.6546875 0.621875 0.565625 0.621875 0.565625 0.6390625 0.6546875 0.6390625
0 0.7046875 0.621875 0.6703125 0.621875 0.6703125 0.6359375 0.7046875 0.6359375
0 0.8296875 0.6203125 0.725 0.6203125 0.725 0.6359375 0.8296875 0.6359375000000002
0 0.21250000000000008 0.675 0.15000000000000008 0.675 0.15000000000000008 0.690625 0.21250000000000008 0.690625
0 0.2156250000000001 0.6765625 0.20312500000000008 0.6765625 0.20312500000000008 0.6921875 0.2156250000000001 0.6921875