0 0.1578125 0.15 0.1375 0.15 0.1375 0.1703125 0.1578125 0.1703125
0 0.2484375 0.15937500000000004 0.1828125 0.15937500000000004 0.1828125 0.17031250000000003 0.2484375 0.17031250000000003
0 0.3 0.16250000000000003 0.284375 0.16250000000000003 0.284375 0.17031250000000003 0.3 0.17031250000000003
0 0.4015625 0.15625000000000006 0.3359375 0.15625000000000006 0.3359375 0.17343750000000005 0.4015625 0.17343750000000005
0 0.5109375 0.15468750000000003 0.4359375 0.15468750000000003 0.4359375 0.17187500000000006 0.5109375 0.17187500000000006
0 0.6046875 0.1546875000000001 0.5453125 0.1546875000000001 0.5453125 0.17187500000000008 0.6046875 0.17187500000000008
0 0.6078125 0.16562500000000008 0.6046875 0.16562500000000008 0.6046875 0.1687500000000001 0.6078125 0.1687500000000001
0 0.684375 0.1531250000000001 0.628125 0.1531250000000001 0.628125 0.1843750000000001 0.684375 0.1843750000000001
0 0.7859375 0.1515625000000001 0.7046875 0.1515625000000001 0.7046875 0.17187500000000008 0.7859375 0.17187500000000008
0 0.8703125 0.15000000000000008 0.8046875 0.15000000000000008 0.8046875 0.17187500000000008 0.8703125 0.17187500000000008
0 0.871875 0.1703125000000001 0.86875 0.1703125000000001 0.86875 0.17187500000000008 0.871875 0.17187500000000008
0 0.13125000000000003 0.2015625 0.12812500000000004 0.2015625 0.12812500000000004 0.209375 0.13125000000000003 0.209375
0 0.15156250000000004 0.2015625 0.14062500000000006 0.2015625 0.14062500000000006 0.2203125 0.15156250000000004 0.2203125
0 0.2171875 0.2109375 0.17187500000000006 0.2109375 0.17187500000000006 0.221875 0.2171875 0.221875
0 0.334375 0.209375 0.2734375 0.209375 0.2734375 0.2328125 0.334375 0.2328125
0 0.38125 0.20625000000000004 0.3578125 0.20625 0.3578125 0.22500000000000003 0.38125 0.2250000000000001
0 0.45 0.2015625000000001 0.4078125 0.2015625000000001 0.4078125 0.2218750000000001 0.45 0.2218750000000001
0 0.5453125 0.20468750000000008 0.4765625 0.20468750000000008 0.4765625 0.2250000000000001 0.5453125 0.2250000000000001
0 0.6265625 0.21250000000000008 0.571875 0.21250000000000008 0.571875 0.2328125000000001 0.6265625 0.2328125000000001
0 0.7015625 0.20312500000000008 0.6515625 0.20312500000000008 0.6515625 0.2218750000000001 0.7015625 0.2218750000000001
0 0.765625 0.2093750000000001 0.7265625 0.2093750000000001 0.7265625 0.2250000000000001 0.765625 0.2250000000000001
0 0.8265625 0.2093750000000001 0.784375 0.2093750000000001 0.784375 0.2250000000000001 0.8265625 0.2250000000000001
0 0.19687500000000005 0.2578125 0.13281250000000006 0.2578125 0.13281250000000006 0.2796875 0.19687500000000005 0.2796875
0 0.20625 0.2546875 0.2046875 0.2546875 0.2046875 0.259375 0.20625 0.259375
0 0.228125 0.271875 0.2234375 0.271875 0.2234375 0.278125 0.228125 0.278125
0 0.30625 0.25625 0.259375 0.25625 0.259375 0.275 0.30625 0.275
0 0.4046875 0.26250000000000007 0.353125 0.2625 0.353125 0.27343750000000006 0.4046875 0.2734375000000001
0 0.5109375 0.2531250000000001 0.4484375 0.2531250000000001 0.4484375 0.2734375000000001 0.5109375 0.2734375000000001
0 0.5703125 0.2578125000000001 0.5484375 0.2578125000000001 0.5484375 0.2750000000000001 0.5703125 0.2750000000000001
0 0.665625 0.2515625000000001 0.6078125 0.2515625000000001 0.6078125 0.2828125000000001 0.665625 0.2828125000000001
0 0.7125 0.2562500000000001 0.6953125 0.2562500000000001 0.6953125 0.2718750000000001 0.7125 0.2718750000000001
0 0.7625 0.2656250000000001 0.75 0.2656250000000001 0.75 0.2734375000000001 0.7625 0.2734375000000001
0 0.8609375 0.2578125000000001 0.790625 0.2578125000000001 0.790625 0.2750000000000001 0.8609375 0.2750000000000001
0 0.19843750000000004 0.3078125 0.13750000000000004 0.3078125 0.13750000000000004 0.3234375 0.19843750000000004 0.3234375
0 0.340625 0.303125 0.265625 0.303125 0.265625 0.3234375 0.340625 0.3234375
0 0.428125 0.3078125000000001 0.384375 0.3078125000000001 0.384375 0.32500000000000007 0.428125 0.32500000000000007
0 0.546875 0.3078125000000001 0.4640625 0.3078125000000001 0.4640625 0.32500000000000007 0.546875 0.32500000000000007
0 0.6015625 0.3046875000000001 0.5796875 0.3046875000000001 0.5796875 0.3281250000000001 0.6015625 0.3281250000000001
0 0.6546875 0.3156250000000001 0.640625 0.3156250000000001 0.640625 0.32500000000000007 0.6546875 0.32500000000000007
0 0.7828125 0.3062500000000001 0.6859375 0.3062500000000001 0.6859375 0.3359375000000001 0.7828125 0.3359375000000001
0 0.878125 0.3109375000000001 0.815625 0.3109375000000001 0.815625 0.32500000000000007 0.878125 0.32500000000000007
0 0.88125 0.3187500000000001 0.878125 0.3187500000000001 0.878125 0.3203125000000001 0.88125 0.3203125000000001
0 0.13593750000000004 0.3484375 0.13281250000000006 0.3484375 0.13281250000000006 0.3578125 0.13593750000000004 0.3578125
0 0.15781250000000005 0.35 0.14375000000000004 0.35 0.14375000000000004 0.375 0.15781250000000005 0.375
0 0.23125000000000004 0.3609375 0.18125000000000005 0.3609375 0.18125000000000005 0.3734375 0.2312500000000001 0.3734375
0 0.3765625 0.353125 0.2796875 0.353125 0.27968750000000003 0.38593750000000004 0.3765625000000001 0.3859375000000001
0 0.4703125 0.3625000000000001 0.4109375 0.3625000000000001 0.4109375 0.3890625000000001 0.4703125 0.3890625000000001
0 0.58125 0.3531250000000001 0.5 0.3531250000000001 0.5 0.37968750000000007 0.58125 0.37968750000000007
0 0.671875 0.35625000000000007 0.61875 0.35625000000000007 0.61875 0.3750000000000001 0.671875 0.3750000000000001
0 0.7296875 0.3625000000000001 0.703125 0.3625000000000001 0.703125 0.3750000000000001 0.7296875 0.3750000000000001
0 0.834375 0.36406250000000007 0.76875 0.36406250000000007 0.76875 0.3750000000000001 0.834375 0.3750000000000001
0 0.14843750000000006 0.40625 0.13125000000000003 0.40625 0.13125000000000003 0.4234375 0.14843750000000006 0.4234375
0 0.2390625000000001 0.409375 0.18750000000000006 0.409375 0.18750000000000006 0.4265625 0.2390625000000001 0.4265625
0 0.3187500000000001 0.409375 0.2687500000000001 0.409375 0.2687500000000001 0.425 0.3187500000000001 0.425
0 0.440625 0.4140625 0.3843750000000001 0.4140625 0.3843750000000001 0.4390625 0.440625 0.4390625
0 0.5578125 0.4078125 0.48125 0.4078125 0.48125 0.4375 0.5578125 0.4375
0 0.61875 0.4078125 0.5890625 0.4078125 0.5890625 0.425 0.61875 0.425
0 0.725 0.40625 0.6484375 0.40625 0.6484375 0.4328125 0.725 0.4328125
0 0.834375 0.41718750000000016 0.7578125 0.41718750000000016 0.7578125 0.4343750000000002 0.834375 0.4343750000000002
0 0.84375 0.4234375000000002 0.840625 0.4234375000000002 0.840625 0.42500000000000016 0.84375 0.42500000000000016
0 0.853125 0.4078125000000002 0.84375 0.4078125000000002 0.84375 0.4156250000000002 0.853125 0.4156250000000002