0 0.20625 0.2 0.14218750000000005 0.2 0.14218750000000005 0.228125 0.20625 0.228125
0 0.31875 0.209375 0.2421875 0.209375 0.2421875 0.2234375 0.31875 0.2234375
0 0.471875 0.20312500000000006 0.3515625 0.203125 0.3515625 0.22812500000000005 0.471875 0.22812500000000008
0 0.55 0.2093750000000001 0.5 0.2093750000000001 0.5 0.2234375000000001 0.55 0.2234375000000001
0 0.6265625 0.21093750000000008 0.5859375 0.21093750000000008 0.5859375 0.2234375000000001 0.6265625 0.2234375000000001
0 0.8125 0.2062500000000001 0.6671875 0.2062500000000001 0.6671875 0.2328125000000001 0.8125 0.2328125000000001
0 0.8828125 0.2062500000000001 0.8390625 0.2062500000000001 0.8390625 0.2218750000000001 0.8828125 0.2218750000000001
0 0.18125000000000005 0.2609375 0.14218750000000005 0.2609375 0.14218750000000005 0.2703125 0.18125000000000005 0.2703125
0 0.271875 0.25625 0.2125 0.25625 0.2125 0.271875 0.271875 0.271875
0 0.3640625 0.25312500000000004 0.3 0.253125 0.3 0.27968750000000003 0.3640625 0.2796875000000001
0 0.425 0.2531250000000001 0.3859375 0.2531250000000001 0.3859375 0.2718750000000001 0.425 0.2718750000000001
0 0.5375 0.2531250000000001 0.4609375 0.2531250000000001 0.4609375 0.2718750000000001 0.5375 0.2718750000000001
0 0.59375 0.2640625000000001 0.5703125 0.2640625000000001 0.5703125 0.2750000000000001 0.59375 0.2750000000000001
0 0.596875 0.2718750000000001 0.59375 0.2718750000000001 0.59375 0.2718750000000001 0.596875 0.2718750000000001
0 0.634375 0.2562500000000001 0.615625 0.2562500000000001 0.615625 0.2734375000000001 0.634375 0.2734375000000001
0 0.6953125 0.2640625000000001 0.6546875 0.2640625000000001 0.6546875 0.2750000000000001 0.6953125 0.2750000000000001
0 0.7859375 0.25468750000000007 0.71875 0.25468750000000007 0.71875 0.2828125000000001 0.7859375 0.2828125000000001
0 0.85 0.2562500000000001 0.8046875 0.2562500000000001 0.8046875 0.2734375000000001 0.85 0.2734375000000001
0 0.309375 0.3 0.13593750000000004 0.3 0.13593750000000004 0.33125 0.309375 0.33125
0 0.384375 0.31093750000000003 0.34375 0.3109375 0.34375 0.32500000000000007 0.384375 0.32500000000000007
0 0.4953125 0.3031250000000001 0.4171875 0.3031250000000001 0.4171875 0.3234375000000001 0.4953125 0.3234375000000001
0 0.596875 0.3062500000000001 0.528125 0.3062500000000001 0.528125 0.3234375000000001 0.596875 0.3234375000000001
0 0.6828125 0.3125000000000001 0.621875 0.3125000000000001 0.621875 0.3312500000000001 0.6828125 0.3312500000000001
0 0.7421875 0.3125000000000001 0.7015625 0.3125000000000001 0.7015625 0.3265625000000001 0.7421875 0.3265625000000001
0 0.8171875 0.30937500000000007 0.765625 0.30937500000000007 0.765625 0.3234375000000001 0.8171875 0.3234375000000001
0 0.8671875 0.30937500000000007 0.8265625 0.30937500000000007 0.8265625 0.32500000000000007 0.8671875 0.32500000000000007
0 0.21093750000000006 0.3578125 0.13125000000000003 0.3578125 0.13125000000000003 0.38125 0.21093750000000008 0.38125
0 0.34375000000000006 0.3546875 0.24375 0.3546875 0.24375000000000005 0.375 0.3437500000000001 0.375
0 0.4609375 0.3593750000000001 0.38125 0.3593750000000001 0.38125000000000003 0.3859375000000001 0.4609375 0.3859375000000001
0 0.565625 0.3578125000000001 0.484375 0.3578125000000001 0.484375 0.3765625000000001 0.565625 0.3765625000000001
0 0.6625 0.3578125000000001 0.6015625 0.3578125000000001 0.6015625 0.3750000000000001 0.6625 0.3750000000000001
0 0.7390625 0.3578125000000001 0.696875 0.3578125000000001 0.696875 0.3750000000000001 0.7390625 0.3750000000000001
0 0.7734375 0.3656250000000001 0.7609375 0.3656250000000001 0.7609375 0.3750000000000001 0.7734375 0.3750000000000001
0 0.8296875 0.3609375000000001 0.7953125 0.3609375000000001 0.7953125 0.3859375000000001 0.8296875 0.3859375000000001
0 0.8375 0.3750000000000001 0.8328125 0.3750000000000001 0.8328125 0.3812500000000001 0.8375 0.3812500000000001
0 0.21875000000000008 0.4046875 0.14062500000000006 0.4046875 0.14062500000000006 0.4328125 0.21875000000000008 0.4328125
0 0.3906250000000001 0.4109375 0.2500000000000001 0.4109375 0.2500000000000001 0.428125 0.3906250000000001 0.428125
0 0.453125 0.4109375 0.4078125 0.4109375 0.4078125 0.4265625 0.453125 0.4265625
0 0.5609375 0.409375 0.478125 0.409375 0.478125 0.434375 0.5609375 0.434375
0 0.6171875 0.415625 0.59375 0.415625 0.59375 0.4296875 0.6171875 0.4296875
0 0.7234375 0.4125 0.653125 0.4125 0.653125 0.428125 0.7234375 0.428125
0 0.871875 0.4078125000000002 0.7578125 0.4078125000000002 0.7578125 0.4312500000000002 0.871875 0.4312500000000002
0 0.8765625 0.42968750000000017 0.8734375 0.42968750000000017 0.8734375 0.43281250000000016 0.8765625 0.43281250000000016
0 0.13593750000000004 0.4578125 0.13281250000000006 0.4578125 0.13281250000000006 0.4640625 0.13593750000000004 0.4640625
0 0.15781250000000005 0.4578125 0.13906250000000003 0.4578125 0.13906250000000003 0.4765625 0.15781250000000005 0.4765625
0 0.2328125000000001 0.465625 0.19531250000000006 0.465625 0.19531250000000006 0.4765625 0.2328125000000001 0.4765625
0 0.3437500000000001 0.4609375 0.26250000000000007 0.4609375 0.26250000000000007 0.4859375 0.3437500000000001 0.4859375
0 0.409375 0.4640625 0.3671875000000001 0.4640625 0.3671875000000001 0.478125 0.409375 0.478125
0 0.50625 0.459375 0.434375 0.459375 0.434375 0.4796875 0.50625 0.4796875
0 0.6140625 0.4609375 0.5375 0.4609375 0.5375 0.4875 0.6140625 0.4875
0 0.6828125 0.4578125 0.6359375 0.4578125 0.6359375 0.4796875 0.6828125 0.4796875
0 0.70625 0.4796875 0.703125 0.4796875 0.703125 0.4875 0.70625 0.4875
0 0.753125 0.46562500000000007 0.7171875 0.465625 0.7171875 0.4796875000000001 0.753125 0.47968750000000016
0 0.7828125 0.4734375000000002 0.7625 0.4734375000000002 0.7625 0.47656250000000017 0.7828125 0.47656250000000017
0 0.79375 0.4593750000000002 0.7890625 0.4593750000000002 0.7890625 0.4656250000000002 0.79375 0.4656250000000002
0 0.8421875 0.46406250000000016 0.803125 0.46406250000000016 0.803125 0.4781250000000002 0.8421875 0.4781250000000002
0 0.18281250000000004 0.5171875 0.13437500000000005 0.5171875 0.13437500000000005 0.5265625 0.18281250000000004 0.5265625
0 0.27812500000000007 0.5078125 0.2234375000000001 0.5078125 0.2234375000000001 0.528125 0.27812500000000007 0.528125
0 0.3312500000000001 0.5171875 0.3109375000000001 0.5171875 0.3109375000000001 0.5296875 0.3312500000000001 0.5296875
0 0.3734375000000001 0.5171875 0.3593750000000001 0.5171875 0.3593750000000001 0.5265625 0.3734375000000001 0.5265625
0 0.4546875 0.50625 0.403125 0.50625 0.403125 0.5265625 0.4546875 0.5265625
0 0.5796875 0.509375 0.4921875 0.509375 0.4921875 0.53125 0.5796875 0.53125
0 0.59375 0.5234375 0.590625 0.5234375 0.590625 0.525 0.59375 0.525
0 0.6171875 0.50625 0.6140625 0.50625 0.6140625 0.5125 0.6171875 0.5125
0 0.73125 0.5062500000000001 0.6328125 0.50625 0.6328125 0.5328125000000001 0.73125 0.5328125000000001
0 0.7859375 0.5140625000000002 0.75625 0.5140625000000002 0.75625 0.5234375000000002 0.7859375 0.5234375000000002
0 0.8640625 0.5046875000000002 0.8171875 0.5046875000000002 0.8171875 0.5265625000000002 0.8640625 0.5265625000000002
0 0.1750000000000001 0.5671875 0.1390625000000001 0.5671875 0.1390625000000001 0.58125 0.1750000000000001 0.58125
0 0.18750000000000008 0.5625 0.1843750000000001 0.5625 0.1843750000000001 0.56875 0.18750000000000008 0.56875
0 0.2140625000000001 0.5765625 0.2093750000000001 0.5765625 0.2093750000000001 0.5828125 0.2140625000000001 0.5828125
0 0.2562500000000001 0.559375 0.2328125000000001 0.559375 0.2328125000000001 0.578125 0.2562500000000001 0.578125
0 0.3828125000000001 0.5578125 0.30156250000000007 0.5578125 0.30156250000000007 0.578125 0.3828125000000001 0.578125
0 0.4171875 0.575 0.4125 0.575 0.4125 0.584375 0.4171875 0.584375
0 0.5265625 0.5578125 0.4390625 0.5578125 0.4390625 0.5859375 0.5265625 0.5859375
0 0.5921875 0.565625 0.559375 0.565625 0.559375 0.578125 0.5921875 0.578125
0 0.6765625 0.5578125 0.6234375 0.5578125 0.6234375 0.584375 0.6765625 0.584375
0 0.684375 0.5703125 0.68125 0.5703125 0.68125 0.571875 0.684375 0.571875