0 0.15937500000000004 0.2125 0.14375000000000004 0.2125 0.14375000000000004 0.2328125 0.15937500000000004 0.2328125
0 0.2359375 0.215625 0.17500000000000004 0.215625 0.17500000000000004 0.2328125 0.2359375 0.2328125
0 0.2734375 0.2140625 0.246875 0.2140625 0.246875 0.23125 0.2734375 0.23125
0 0.378125 0.21406250000000004 0.2875 0.2140625 0.2875 0.23281250000000003 0.378125 0.2328125000000001
0 0.3921875 0.2234375000000001 0.3859375 0.2234375000000001 0.3859375 0.23593750000000008 0.3921875 0.23593750000000008
0 0.465625 0.21093750000000008 0.40625 0.21093750000000008 0.40625 0.2312500000000001 0.465625 0.2312500000000001
0 0.6015625 0.21093750000000008 0.478125 0.21093750000000008 0.478125 0.2406250000000001 0.6015625 0.2406250000000001
0 0.61875 0.22031250000000008 0.6109375 0.22031250000000008 0.6109375 0.2375000000000001 0.61875 0.2375000000000001
0 0.6875 0.21093750000000008 0.63125 0.21093750000000008 0.63125 0.2296875000000001 0.6875 0.2296875000000001
0 0.784375 0.21250000000000008 0.7046875 0.21250000000000008 0.7046875 0.23593750000000008 0.784375 0.23593750000000008
0 0.8375 0.21093750000000008 0.8015625 0.21093750000000008 0.8015625 0.2390625000000001 0.8375 0.2390625000000001
0 0.2125 0.2625 0.14218750000000005 0.2625 0.14218750000000005 0.29375 0.2125 0.29375
0 0.3046875 0.2625 0.23125 0.2625 0.23125 0.2828125 0.3046875 0.2828125
0 0.375 0.26093750000000004 0.3171875 0.2609375 0.3171875 0.28125000000000006 0.375 0.2812500000000001
0 0.503125 0.2609375000000001 0.396875 0.2609375000000001 0.396875 0.2921875000000001 0.503125 0.2921875000000001
0 0.6265625 0.2609375000000001 0.525 0.2609375000000001 0.525 0.28593750000000007 0.6265625 0.28593750000000007
0 0.684375 0.26250000000000007 0.64375 0.26250000000000007 0.64375 0.2875000000000001 0.684375 0.2875000000000001
0 0.75 0.2609375000000001 0.6953125 0.2609375000000001 0.6953125 0.2828125000000001 0.75 0.2828125000000001
0 0.8796875 0.2593750000000001 0.76875 0.2593750000000001 0.76875 0.29375000000000007 0.8796875 0.29375000000000007
0 0.21875 0.3140625 0.14062500000000006 0.3140625 0.14062500000000006 0.3328125 0.21875 0.3328125
0 0.396875 0.31093750000000003 0.2421875 0.3109375 0.2421875 0.34062500000000007 0.396875 0.34062500000000007
0 0.5546875 0.30937500000000007 0.4171875 0.30937500000000007 0.4171875 0.3421875000000001 0.5546875 0.3421875000000001
0 0.65625 0.3125000000000001 0.575 0.3125000000000001 0.575 0.34062500000000007 0.65625 0.34062500000000007
0 0.74375 0.3125000000000001 0.678125 0.3125000000000001 0.678125 0.3375000000000001 0.74375 0.3375000000000001
0 0.86875 0.3140625000000001 0.7625 0.3140625000000001 0.7625 0.3343750000000001 0.86875 0.3343750000000001
0 0.884375 0.3281250000000001 0.8734375 0.3281250000000001 0.8734375 0.3421875000000001 0.884375 0.3421875000000001
0 0.2015625000000001 0.3640625 0.13437500000000005 0.3640625 0.13437500000000005 0.3859375 0.2015625000000001 0.3859375
0 0.23593750000000005 0.3625 0.2328125 0.3625 0.23281250000000003 0.384375 0.23593750000000008 0.384375
0 0.3656250000000001 0.36406250000000007 0.2515625000000001 0.3640625 0.2515625000000001 0.39531250000000007 0.3656250000000001 0.39531250000000007
0 0.4171875 0.3656250000000001 0.3828125000000001 0.3656250000000001 0.3828125000000001 0.3843750000000001 0.4171875 0.3843750000000001
0 0.5234375 0.36406250000000007 0.446875 0.36406250000000007 0.446875 0.3843750000000001 0.5234375 0.3843750000000001
0 0.66875 0.3609375000000001 0.540625 0.3609375000000001 0.540625 0.3921875000000001 0.66875 0.3921875000000001
0 0.7265625 0.3625000000000001 0.6890625 0.3625000000000001 0.6890625 0.3828125000000001 0.7265625 0.3828125000000001
0 0.7984375 0.3671875000000001 0.7359375 0.3671875000000001 0.7359375 0.3890625000000001 0.7984375 0.3890625000000001
0 0.878125 0.3593750000000001 0.8203125 0.3593750000000001 0.8203125 0.3890625000000001 0.878125 0.3890625000000001
0 0.18593750000000003 0.415625 0.13906250000000003 0.415625 0.13906250000000003 0.434375 0.18593750000000003 0.434375
0 0.2515625000000001 0.4140625 0.19531250000000006 0.4140625 0.19531250000000006 0.4359375 0.2515625000000001 0.4359375
0 0.37187500000000007 0.415625 0.27812500000000007 0.415625 0.27812500000000007 0.4375 0.37187500000000007 0.4375
0 0.37968750000000007 0.4296875 0.3765625000000001 0.4296875 0.3765625000000001 0.4328125 0.37968750000000007 0.4328125
0 0.4421875 0.4140625 0.3984375000000001 0.4140625 0.3984375000000001 0.4359375 0.4421875 0.4359375
0 0.5328125 0.4125 0.4640625 0.4125 0.4640625 0.434375 0.5328125 0.434375
0 0.5921875 0.4125 0.5484375 0.4125 0.5484375 0.434375 0.5921875 0.434375
0 0.85 0.4125000000000001 0.6140625 0.4125 0.6140625 0.4406250000000001 0.85 0.44062500000000016
0 0.19687500000000005 0.465625 0.14062500000000006 0.465625 0.14062500000000006 0.484375 0.19687500000000005 0.484375
0 0.4109375 0.4640625 0.2250000000000001 0.4640625 0.2250000000000001 0.490625 0.4109375 0.490625
0 0.4890625 0.4640625 0.425 0.4640625 0.425 0.484375 0.4890625 0.484375
0 0.6390625 0.4640625 0.51875 0.4640625 0.51875 0.484375 0.6390625 0.484375
0 0.6953125 0.4625 0.6609375 0.4625 0.6609375 0.484375 0.6953125 0.484375
0 0.8 0.4625000000000001 0.7078125 0.4625 0.7078125 0.4843750000000001 0.8 0.48437500000000017
0 0.9078125 0.46406250000000016 0.81875 0.46406250000000016 0.81875 0.48437500000000017 0.9078125 0.48437500000000017
0 0.14375000000000004 0.5109375 0.13906250000000003 0.5109375 0.13906250000000003 0.5328125 0.14375000000000004 0.5328125
0 0.27812500000000007 0.5140625 0.17500000000000004 0.5140625 0.17500000000000004 0.5359375 0.27812500000000007 0.5359375
0 0.3531250000000001 0.515625 0.3046875000000001 0.515625 0.3046875000000001 0.534375 0.3531250000000001 0.534375
0 0.496875 0.5140625 0.3781250000000001 0.5140625 0.3781250000000001 0.546875 0.496875 0.546875
0 0.55625 0.5109375 0.5234375 0.5109375 0.5234375 0.534375 0.55625 0.534375
0 0.5640625 0.5296875 0.5609375 0.5296875 0.5609375 0.5328125 0.5640625 0.5328125