0 0.19687500000000005 0.2171875 0.16406250000000006 0.2171875 0.16406250000000006 0.24375 0.19687500000000005 0.24375
0 0.2578125 0.225 0.2078125 0.225 0.2078125 0.2453125 0.2578125 0.2453125
0 0.2828125 0.228125 0.2671875 0.228125 0.2671875 0.234375 0.2828125 0.234375
0 0.3546875 0.225 0.309375 0.225 0.309375 0.2421875 0.3546875 0.2421875
0 0.3703125 0.23593750000000008 0.365625 0.23593750000000008 0.365625 0.24218750000000008 0.3703125 0.24218750000000008
0 0.415625 0.2312500000000001 0.3765625 0.2312500000000001 0.3765625 0.2484375000000001 0.415625 0.2484375000000001
0 0.471875 0.2312500000000001 0.43125 0.2312500000000001 0.43125 0.2468750000000001 0.471875 0.2468750000000001
0 0.5109375 0.2234375000000001 0.490625 0.2234375000000001 0.490625 0.2390625000000001 0.5109375 0.2390625000000001
0 0.54375 0.2296875000000001 0.528125 0.2296875000000001 0.528125 0.2390625000000001 0.54375 0.2390625000000001
0 0.628125 0.2296875000000001 0.5625 0.2296875000000001 0.5625 0.2406250000000001 0.628125 0.2406250000000001
0 0.725 0.2250000000000001 0.65 0.2250000000000001 0.65 0.2484375000000001 0.725 0.2484375000000001
0 0.79375 0.21875000000000008 0.740625 0.21875000000000008 0.740625 0.2453125000000001 0.79375 0.2453125000000001
0 0.8625 0.2234375000000001 0.80625 0.2234375000000001 0.80625 0.24375000000000008 0.8625 0.24375000000000008
0 0.878125 0.2328125000000001 0.871875 0.2328125000000001 0.871875 0.23593750000000008 0.878125 0.23593750000000008
0 0.19843750000000004 0.2703125 0.15468750000000003 0.2703125 0.15468750000000003 0.284375 0.19843750000000004 0.284375
0 0.2265625 0.2703125 0.20625 0.2703125 0.20625 0.29375 0.2265625 0.29375
0 0.271875 0.28125 0.2375 0.28125 0.2375 0.2953125 0.271875 0.2953125
0 0.3078125 0.275 0.2796875 0.275 0.2796875 0.2859375 0.3078125 0.2859375
0 0.396875 0.27968750000000003 0.34375 0.2796875 0.34375 0.29687500000000006 0.396875 0.2968750000000001
0 0.4515625 0.2828125000000001 0.4078125 0.2828125000000001 0.4078125 0.2984375000000001 0.4515625 0.2984375000000001
0 0.4875 0.2750000000000001 0.4625 0.2750000000000001 0.4625 0.2875000000000001 0.4875 0.2875000000000001
0 0.5640625 0.2765625000000001 0.51875 0.2765625000000001 0.51875 0.2890625000000001 0.5640625 0.2890625000000001
0 0.6859375 0.2750000000000001 0.5953125 0.2750000000000001 0.5953125 0.2953125000000001 0.6859375 0.2953125000000001
0 0.7265625 0.2718750000000001 0.7046875 0.2718750000000001 0.7046875 0.2875000000000001 0.7265625 0.2875000000000001
0 0.75625 0.27812500000000007 0.740625 0.27812500000000007 0.740625 0.28593750000000007 0.75625 0.28593750000000007
0 0.834375 0.2750000000000001 0.771875 0.2750000000000001 0.771875 0.2921875000000001 0.834375 0.2921875000000001
0 0.9046875 0.2765625000000001 0.853125 0.2765625000000001 0.853125 0.2875000000000001 0.9046875 0.2875000000000001
0 0.18437500000000004 0.325 0.14218750000000005 0.325 0.14218750000000005 0.34375 0.18437500000000004 0.34375
0 0.2625 0.31875 0.2125 0.31875 0.2125 0.3359375 0.2625 0.3359375
0 0.3953125 0.31718750000000007 0.3015625 0.3171875 0.3015625 0.3453125 0.3953125 0.3453125000000001
0 0.4265625 0.3265625000000001 0.415625 0.3265625000000001 0.415625 0.33281250000000007 0.4265625 0.33281250000000007
0 0.4921875 0.3203125000000001 0.440625 0.3203125000000001 0.440625 0.33281250000000007 0.4921875 0.33281250000000007
0 0.50625 0.31718750000000007 0.5 0.31718750000000007 0.5 0.3218750000000001 0.50625 0.3218750000000001
0 0.5171875 0.31718750000000007 0.5109375 0.31718750000000007 0.5109375 0.3359375000000001 0.5171875 0.3359375000000001
0 0.584375 0.3187500000000001 0.55625 0.3187500000000001 0.55625 0.33281250000000007 0.584375 0.33281250000000007
0 0.6796875 0.32500000000000007 0.6125 0.32500000000000007 0.6125 0.34062500000000007 0.6796875 0.34062500000000007
0 0.7140625 0.3296875000000001 0.6890625 0.3296875000000001 0.6890625 0.34062500000000007 0.7140625 0.34062500000000007
0 0.765625 0.3218750000000001 0.7375 0.3218750000000001 0.7375 0.3343750000000001 0.765625 0.3343750000000001
0 0.8234375 0.3203125000000001 0.7703125 0.3203125000000001 0.7703125 0.3390625000000001 0.8234375 0.3390625000000001
0 0.884375 0.3234375000000001 0.84375 0.3234375000000001 0.84375 0.3343750000000001 0.884375 0.3343750000000001
0 0.20468750000000008 0.3640625 0.15937500000000004 0.3640625 0.15937500000000004 0.3796875 0.20468750000000008 0.3796875
0 0.2375000000000001 0.36875 0.22031250000000008 0.36875 0.22031250000000008 0.38125 0.2375000000000001 0.38125
0 0.2812500000000001 0.371875 0.2609375000000001 0.371875 0.2609375000000001 0.38125 0.2812500000000001 0.38125
0 0.3359375000000001 0.3671875 0.2953125000000001 0.3671875 0.2953125000000001 0.38125 0.3359375000000001 0.38125
0 0.4234375 0.36875 0.3625000000000001 0.36875 0.3625000000000001 0.38125000000000003 0.4234375 0.3812500000000001
0 0.4328125 0.37968750000000007 0.428125 0.37968750000000007 0.428125 0.3859375000000001 0.4328125 0.3859375000000001
0 0.5328125 0.36406250000000007 0.4640625 0.36406250000000007 0.4640625 0.3890625000000001 0.5328125 0.3890625000000001
0 0.5828125 0.3687500000000001 0.55625 0.3687500000000001 0.55625 0.3812500000000001 0.5828125 0.3812500000000001
0 0.625 0.3765625000000001 0.596875 0.3765625000000001 0.596875 0.3843750000000001 0.625 0.3843750000000001
0 0.7953125 0.3656250000000001 0.6640625 0.3656250000000001 0.6640625 0.3937500000000001 0.7953125 0.3937500000000001
0 0.85 0.3765625000000001 0.8140625 0.3765625000000001 0.8140625 0.3843750000000001 0.85 0.3843750000000001
0 0.89375 0.37187500000000007 0.8671875 0.37187500000000007 0.8671875 0.3843750000000001 0.89375 0.3843750000000001
0 0.19062500000000004 0.4109375 0.16093750000000004 0.4109375 0.16093750000000004 0.440625 0.19062500000000004 0.440625
0 0.23437500000000008 0.4140625 0.2093750000000001 0.4140625 0.2093750000000001 0.440625 0.23437500000000008 0.440625
0 0.27031250000000007 0.4203125 0.2515625000000001 0.4203125 0.2515625000000001 0.43125 0.27031250000000007 0.43125
0 0.2796875000000001 0.43125 0.2765625000000001 0.43125 0.2765625000000001 0.4328125 0.2796875000000001 0.4328125
0 0.33281250000000007 0.41875 0.3234375000000001 0.41875 0.3234375000000001 0.425 0.33281250000000007 0.425
0 0.3812500000000001 0.41875 0.3531250000000001 0.41875 0.3531250000000001 0.4328125 0.3812500000000001 0.4328125
0 0.3906250000000001 0.4328125 0.3843750000000001 0.4328125 0.3843750000000001 0.4390625 0.3906250000000001 0.4390625
0 0.4171875 0.41875 0.4078125 0.41875 0.4078125 0.425 0.4171875 0.425
0 0.4546875 0.4203125 0.4375 0.4203125 0.4375 0.434375 0.4546875 0.434375
0 0.5125 0.425 0.4703125 0.425 0.4703125 0.4359375 0.5125 0.4359375
0 0.5609375 0.421875 0.5375 0.421875 0.5375 0.434375 0.5609375 0.434375
0 0.625 0.4203125 0.5828125 0.4203125 0.5828125 0.4359375 0.625 0.4359375
0 0.634375 0.4328125 0.6296875 0.4328125 0.6296875 0.4375 0.634375 0.4375
0 0.665625 0.421875 0.6546875 0.421875 0.6546875 0.4265625 0.665625 0.4265625
0 0.696875 0.4234375 0.675 0.4234375 0.675 0.4359375 0.696875 0.4359375
0 0.771875 0.4250000000000001 0.7109375 0.425 0.7109375 0.4359375000000001 0.771875 0.4359375000000002
0 0.8515625 0.42500000000000016 0.7953125 0.42500000000000016 0.7953125 0.4390625000000002 0.8515625 0.4390625000000002
0 0.9 0.4265625000000002 0.8625 0.4265625000000002 0.8625 0.44062500000000016 0.9 0.44062500000000016
0 0.9515625 0.4265625000000002 0.9125 0.4265625000000002 0.9125 0.44531250000000017 0.9515625 0.44531250000000017
0 0.17343750000000005 0.475 0.15312500000000004 0.475 0.15312500000000004 0.4921875 0.17343750000000005 0.4921875
0 0.18437500000000004 0.4921875 0.17812500000000003 0.4921875 0.17812500000000003 0.496875 0.18437500000000004 0.496875
0 0.2062500000000001 0.475 0.19687500000000005 0.475 0.19687500000000005 0.4828125 0.2062500000000001 0.4828125