0 0.16875000000000004 0.190625 0.14843750000000006 0.190625 0.14843750000000006 0.2015625 0.16875000000000004 0.2015625
0 0.2375 0.19062500000000002 0.17187500000000006 0.190625 0.17187500000000006 0.215625 0.2375 0.215625
0 0.2859375 0.19375000000000003 0.259375 0.19375000000000003 0.259375 0.2140625 0.2859375 0.2140625
0 0.40625 0.18906250000000005 0.309375 0.18906250000000005 0.309375 0.21406250000000004 0.40625 0.2140625000000001
0 0.5421875 0.18906250000000005 0.440625 0.18906250000000005 0.440625 0.2140625000000001 0.5421875 0.2140625000000001
0 0.6515625 0.18906250000000008 0.575 0.18906250000000008 0.575 0.2156250000000001 0.6515625 0.2156250000000001
0 0.6796875 0.1906250000000001 0.671875 0.1906250000000001 0.671875 0.1984375000000001 0.6796875 0.1984375000000001
0 0.6921875 0.1906250000000001 0.6828125 0.1906250000000001 0.6828125 0.2000000000000001 0.6921875 0.2000000000000001
0 0.7359375 0.1906250000000001 0.7078125 0.1906250000000001 0.7078125 0.21093750000000008 0.7359375 0.21093750000000008
0 0.83125 0.18750000000000008 0.753125 0.18750000000000008 0.753125 0.21093750000000008 0.83125 0.21093750000000008
0 0.8375 0.2062500000000001 0.834375 0.2062500000000001 0.834375 0.21093750000000008 0.8375 0.21093750000000008
0 0.16875000000000004 0.240625 0.14843750000000006 0.240625 0.14843750000000006 0.2515625 0.16875000000000004 0.2515625
0 0.340625 0.2375 0.17031250000000003 0.2375 0.17031250000000003 0.265625 0.340625 0.265625
0 0.34375 0.259375 0.3359375 0.259375 0.3359375 0.2703125 0.34375 0.2703125
0 0.3828125 0.24531250000000004 0.3625 0.2453125 0.3625 0.25468750000000007 0.3828125 0.25468750000000007
0 0.48125 0.2375000000000001 0.4 0.2375000000000001 0.4 0.2640625000000001 0.48125 0.2640625000000001
0 0.5984375 0.24218750000000008 0.51875 0.24218750000000008 0.51875 0.2656250000000001 0.5984375 0.2656250000000001
0 0.60625 0.2578125000000001 0.603125 0.2578125000000001 0.603125 0.2609375000000001 0.60625 0.2609375000000001
0 0.6671875 0.2390625000000001 0.6421875 0.2390625000000001 0.6421875 0.2500000000000001 0.6671875 0.2500000000000001
0 0.7125 0.23593750000000008 0.6703125 0.23593750000000008 0.6703125 0.26250000000000007 0.7125 0.26250000000000007
0 0.71875 0.2562500000000001 0.7078125 0.2562500000000001 0.7078125 0.2671875000000001 0.71875 0.2671875000000001
0 0.775 0.23593750000000008 0.740625 0.23593750000000008 0.740625 0.2593750000000001 0.775 0.2593750000000001
0 0.8703125 0.23593750000000008 0.7953125 0.23593750000000008 0.7953125 0.2593750000000001 0.8703125 0.2593750000000001
0 0.865625 0.25468750000000007 0.8609375 0.25468750000000007 0.8609375 0.2593750000000001 0.865625 0.2593750000000001
0 0.16718750000000004 0.2921875 0.14531250000000004 0.2921875 0.14531250000000004 0.3140625 0.16718750000000004 0.3140625
0 0.203125 0.2921875 0.17500000000000004 0.2921875 0.17500000000000004 0.3140625 0.203125 0.3140625
0 0.465625 0.28593750000000007 0.2328125 0.2859375 0.2328125 0.31562500000000004 0.465625 0.3156250000000001
0 0.546875 0.2890625000000001 0.5140625 0.2890625000000001 0.5140625 0.3140625000000001 0.546875 0.3140625000000001
0 0.61875 0.3000000000000001 0.5734375 0.3000000000000001 0.5734375 0.3187500000000001 0.61875 0.3187500000000001
0 0.68125 0.3000000000000001 0.6609375 0.3000000000000001 0.6609375 0.3125000000000001 0.68125 0.3125000000000001
0 0.73125 0.2843750000000001 0.6828125 0.2843750000000001 0.6828125 0.3125000000000001 0.73125 0.3125000000000001
0 0.7953125 0.2890625000000001 0.7546875 0.2890625000000001 0.7546875 0.3156250000000001 0.7953125 0.3156250000000001
0 0.9 0.2828125000000001 0.8109375 0.2828125000000001 0.8109375 0.3140625000000001 0.9 0.3140625000000001
0 0.8984375 0.30156250000000007 0.8953125 0.30156250000000007 0.8953125 0.3125000000000001 0.8984375 0.3125000000000001
0 0.321875 0.340625 0.14687500000000003 0.340625 0.14687500000000003 0.365625 0.3218750000000001 0.365625
0 0.4234375 0.34687500000000004 0.3609375 0.346875 0.3609375 0.36875 0.4234375 0.3687500000000001
0 0.5203125 0.34843750000000007 0.459375 0.34843750000000007 0.459375 0.3656250000000001 0.5203125 0.3656250000000001
0 0.5234375 0.3578125000000001 0.51875 0.3578125000000001 0.51875 0.3609375000000001 0.5234375 0.3609375000000001
0 0.571875 0.3421875000000001 0.5515625 0.3421875000000001 0.5515625 0.3531250000000001 0.571875 0.3531250000000001
0 0.628125 0.3421875000000001 0.6046875 0.3421875000000001 0.6046875 0.3515625000000001 0.628125 0.3515625000000001
0 0.65625 0.34062500000000007 0.628125 0.34062500000000007 0.628125 0.3656250000000001 0.65625 0.3656250000000001
0 0.7390625 0.3515625000000001 0.675 0.3515625000000001 0.675 0.36406250000000007 0.7390625 0.36406250000000007
0 0.865625 0.3375000000000001 0.76875 0.3375000000000001 0.76875 0.36406250000000007 0.865625 0.36406250000000007
0 0.9078125 0.3390625000000001 0.875 0.3390625000000001 0.875 0.37187500000000007 0.9078125 0.37187500000000007
0 0.22812500000000008 0.390625 0.14687500000000003 0.390625 0.14687500000000003 0.415625 0.22812500000000008 0.415625
0 0.2296875000000001 0.4109375 0.2250000000000001 0.4109375 0.2250000000000001 0.415625 0.2296875000000001 0.415625
0 0.2750000000000001 0.3921875 0.2578125000000001 0.3921875 0.2578125000000001 0.403125 0.2750000000000001 0.403125
0 0.34062500000000007 0.390625 0.29375000000000007 0.390625 0.29375000000000007 0.415625 0.34062500000000007 0.415625
0 0.515625 0.3859375000000001 0.3687500000000001 0.3859375000000001 0.3687500000000001 0.4125 0.515625 0.4125
0 0.7109375 0.3859375000000001 0.54375 0.3859375000000001 0.54375 0.4140625 0.7109375 0.4140625
0 0.7984375 0.3859375000000001 0.7375 0.3859375000000001 0.7375 0.40937500000000016 0.7984375 0.40937500000000016
0 0.9046875 0.3937500000000001 0.815625 0.3937500000000001 0.815625 0.4078125000000002 0.9046875 0.4078125000000002
0 0.21093750000000008 0.44375 0.15312500000000004 0.44375 0.15312500000000004 0.465625 0.21093750000000008 0.465625
0 0.3390625000000001 0.440625 0.2515625000000001 0.440625 0.2515625000000001 0.465625 0.3390625000000001 0.465625
0 0.55 0.4359375 0.3937500000000001 0.4359375 0.3937500000000001 0.46875 0.55 0.46875
0 0.55 0.453125 0.546875 0.453125 0.546875 0.45625 0.55 0.45625
0 0.61875 0.4359375 0.596875 0.4359375 0.596875 0.446875 0.61875 0.446875
0 0.68125 0.4375 0.6203125 0.4375 0.6203125 0.4609375 0.68125 0.4609375
0 0.7328125 0.44218750000000007 0.69375 0.4421875 0.69375 0.4609375000000001 0.7328125 0.46093750000000017
0 0.7859375 0.44843750000000016 0.7671875 0.44843750000000016 0.7671875 0.46093750000000017 0.7859375 0.46093750000000017
0 0.8890625 0.44531250000000017 0.8078125 0.44531250000000017 0.8078125 0.4625000000000002 0.8890625 0.4625000000000002
0 0.2921875000000001 0.4859375 0.16250000000000003 0.4859375 0.16250000000000003 0.5171875 0.2921875000000001 0.5171875
0 0.4796875 0.5 0.3390625000000001 0.5 0.3390625000000001 0.515625 0.4796875 0.515625
0 0.5953125 0.4875 0.53125 0.4875 0.53125 0.5125 0.5953125 0.5125
0 0.6515625 0.490625 0.63125 0.490625 0.63125 0.5125 0.6515625 0.5125
0 0.7078125 0.4859375 0.6609375 0.4859375 0.6609375 0.5109375 0.7078125 0.5109375
0 0.875 0.4906250000000002 0.7390625 0.4906250000000002 0.7390625 0.5203125000000002 0.875 0.5203125000000002
0 0.2484375000000001 0.546875 0.15625000000000008 0.546875 0.15625000000000008 0.5671875 0.2484375000000001 0.5671875
0 0.39531250000000007 0.534375 0.2921875000000001 0.534375 0.2921875000000001 0.5625 0.39531250000000007 0.5625
0 0.4796875 0.5359375 0.4171875 0.5359375 0.4171875 0.565625 0.4796875 0.565625
0 0.609375 0.5453125 0.540625 0.5453125 0.540625 0.56875 0.609375 0.56875
0 0.7140625 0.546875 0.646875 0.546875 0.646875 0.5609375 0.7140625 0.5609375
0 0.8015625 0.5343750000000002 0.7578125 0.5343750000000002 0.7578125 0.5671875000000002 0.8015625 0.5671875000000002
0 0.89375 0.5390625000000002 0.8125 0.5390625000000002 0.8125 0.5609375000000002 0.89375 0.5609375000000002
0 0.2609375000000001 0.5921875 0.1593750000000001 0.5921875 0.1593750000000001 0.621875 0.2609375000000001 0.621875
0 0.2750000000000001 0.6109375 0.2687500000000001 0.6109375 0.2687500000000001 0.6171875 0.2750000000000001 0.6171875