0 0.14062500000000006 0.2109375 0.13437500000000005 0.2109375 0.13437500000000005 0.2140625 0.14062500000000006 0.2140625
0 0.2109375 0.2125 0.14843750000000006 0.2125 0.14843750000000006 0.2328125 0.2109375 0.2328125
0 0.2328125 0.2109375 0.221875 0.2109375 0.221875 0.2265625 0.2328125 0.2265625
0 0.2296875 0.228125 0.2265625 0.228125 0.2265625 0.2296875 0.2296875 0.2296875
0 0.271875 0.215625 0.2546875 0.215625 0.2546875 0.228125 0.271875 0.228125
0 0.3484375 0.2203125 0.2953125 0.2203125 0.2953125 0.2296875 0.3484375 0.2296875
0 0.4125 0.22031250000000005 0.3625 0.2203125 0.3625 0.23593750000000005 0.4125 0.23593750000000008
0 0.41875 0.22812500000000008 0.4171875 0.22812500000000008 0.4171875 0.22812500000000008 0.41875 0.22812500000000008
0 0.4296875 0.2156250000000001 0.4265625 0.2156250000000001 0.4265625 0.21875000000000008 0.4296875 0.21875000000000008
0 0.45 0.2156250000000001 0.43125 0.2156250000000001 0.43125 0.2296875000000001 0.45 0.2296875000000001
0 0.5 0.2234375000000001 0.4671875 0.2234375000000001 0.4671875 0.2312500000000001 0.5 0.2312500000000001
0 0.5578125 0.2140625000000001 0.525 0.2140625000000001 0.525 0.2312500000000001 0.5578125 0.2312500000000001
0 0.5953125 0.2156250000000001 0.5765625 0.2156250000000001 0.5765625 0.2375000000000001 0.5953125 0.2375000000000001
0 0.653125 0.2218750000000001 0.6046875 0.2218750000000001 0.6046875 0.23593750000000008 0.653125 0.23593750000000008
0 0.7109375 0.22031250000000008 0.66875 0.22031250000000008 0.66875 0.2296875000000001 0.7109375 0.2296875000000001
0 0.7625 0.2140625000000001 0.725 0.2140625000000001 0.725 0.22812500000000008 0.7625 0.22812500000000008
0 0.790625 0.21093750000000008 0.771875 0.21093750000000008 0.771875 0.22656250000000008 0.790625 0.22656250000000008
0 0.86875 0.22031250000000008 0.809375 0.22031250000000008 0.809375 0.22812500000000008 0.86875 0.22812500000000008
0 0.16093750000000004 0.271875 0.15156250000000004 0.271875 0.15156250000000004 0.278125 0.16093750000000004 0.278125
0 0.19843750000000004 0.2640625 0.17343750000000005 0.2640625 0.17343750000000005 0.28125 0.19843750000000004 0.28125
0 0.2296875 0.265625 0.215625 0.265625 0.215625 0.28125 0.2296875 0.28125
0 0.2703125 0.275 0.234375 0.275 0.234375 0.2875 0.2703125 0.2875
0 0.2796875 0.2796875 0.275 0.2796875 0.275 0.284375 0.2796875 0.284375
0 0.3234375 0.2671875 0.2890625 0.2671875 0.2890625 0.28125 0.3234375 0.28125
0 0.35 0.2703125 0.334375 0.2703125 0.334375 0.28125 0.35 0.28125
0 0.3875 0.26875000000000004 0.3609375 0.26875 0.3609375 0.28125000000000006 0.3875 0.2812500000000001
0 0.4796875 0.2656250000000001 0.40625 0.2656250000000001 0.40625 0.2812500000000001 0.4796875 0.2812500000000001
0 0.521875 0.2609375000000001 0.496875 0.2609375000000001 0.496875 0.2906250000000001 0.521875 0.2906250000000001
0 0.55 0.2671875000000001 0.53125 0.2671875000000001 0.53125 0.2765625000000001 0.55 0.2765625000000001
0 0.6 0.2718750000000001 0.565625 0.2718750000000001 0.565625 0.27812500000000007 0.6 0.27812500000000007
0 0.6328125 0.2718750000000001 0.609375 0.2718750000000001 0.609375 0.2796875000000001 0.6328125 0.2796875000000001
0 0.675 0.2640625000000001 0.65 0.2640625000000001 0.65 0.27812500000000007 0.675 0.27812500000000007
0 0.75625 0.27031250000000007 0.6953125 0.27031250000000007 0.6953125 0.2796875000000001 0.75625 0.2796875000000001
0 0.771875 0.27812500000000007 0.7671875 0.27812500000000007 0.7671875 0.2812500000000001 0.771875 0.2812500000000001
0 0.80625 0.2687500000000001 0.7828125 0.2687500000000001 0.7828125 0.2828125000000001 0.80625 0.2828125000000001
0 0.8265625 0.27031250000000007 0.8109375 0.27031250000000007 0.8109375 0.2812500000000001 0.8265625 0.2812500000000001
0 0.8671875 0.2687500000000001 0.8390625 0.2687500000000001 0.8390625 0.2812500000000001 0.8671875 0.2812500000000001
0 0.89375 0.2750000000000001 0.8734375 0.2750000000000001 0.8734375 0.2828125000000001 0.89375 0.2828125000000001
0 0.16718750000000004 0.3109375 0.14843750000000006 0.3109375 0.14843750000000006 0.3375 0.16718750000000004 0.3375
0 0.21875 0.321875 0.18281250000000004 0.321875 0.18281250000000004 0.3375 0.21875 0.3375
0 0.2859375 0.3203125 0.2390625 0.3203125 0.2390625 0.328125 0.2859375 0.328125
0 0.3546875 0.3140625 0.3203125 0.3140625 0.3203125 0.328125 0.3546875 0.328125
0 0.40625 0.3156250000000001 0.3734375 0.3156250000000001 0.3734375 0.3296875000000001 0.40625 0.3296875000000001
0 0.46875 0.3140625000000001 0.41875 0.3140625000000001 0.41875 0.3390625000000001 0.46875 0.3390625000000001
0 0.509375 0.3140625000000001 0.4828125 0.3140625000000001 0.4828125 0.3390625000000001 0.509375 0.3390625000000001
0 0.5734375 0.3140625000000001 0.525 0.3140625000000001 0.525 0.3296875000000001 0.5734375 0.3296875000000001
0 0.584375 0.3265625000000001 0.58125 0.3265625000000001 0.58125 0.3281250000000001 0.584375 0.3281250000000001
0 0.5984375 0.31718750000000007 0.590625 0.31718750000000007 0.590625 0.3218750000000001 0.5984375 0.3218750000000001
0 0.6421875 0.31718750000000007 0.615625 0.31718750000000007 0.615625 0.3312500000000001 0.6421875 0.3312500000000001
0 0.6890625 0.3234375000000001 0.65625 0.3234375000000001 0.65625 0.3312500000000001 0.6890625 0.3312500000000001
0 0.815625 0.31718750000000007 0.70625 0.31718750000000007 0.70625 0.3375000000000001 0.815625 0.3375000000000001
0 0.85 0.3156250000000001 0.828125 0.3156250000000001 0.828125 0.3375000000000001 0.85 0.3375000000000001
0 0.89375 0.31718750000000007 0.865625 0.31718750000000007 0.865625 0.3296875000000001 0.89375 0.3296875000000001
0 0.2250000000000001 0.3640625 0.15000000000000005 0.3640625 0.15000000000000005 0.3796875 0.2250000000000001 0.3796875
0 0.2656250000000001 0.3640625 0.24218750000000008 0.3640625 0.24218750000000008 0.3890625 0.2656250000000001 0.3890625
0 0.2953125000000001 0.36875 0.2718750000000001 0.36875 0.2718750000000001 0.38125 0.2953125000000001 0.38125
0 0.3625000000000001 0.3640625 0.30937500000000007 0.3640625 0.30937500000000007 0.3921875 0.3625000000000001 0.3921875
0 0.4265625 0.3687500000000001 0.3843750000000001 0.3687500000000001 0.3843750000000001 0.3828125000000001 0.4265625 0.3828125000000001
0 0.471875 0.3734375000000001 0.4296875 0.3734375000000001 0.4296875 0.3828125000000001 0.471875 0.3828125000000001
0 0.4828125 0.3812500000000001 0.4796875 0.3812500000000001 0.4796875 0.3828125000000001 0.4828125 0.3828125000000001
0 0.5671875 0.3656250000000001 0.5125 0.3656250000000001 0.5125 0.3828125000000001 0.5671875 0.3828125000000001
0 0.615625 0.3671875000000001 0.590625 0.3671875000000001 0.590625 0.3812500000000001 0.615625 0.3812500000000001
0 0.715625 0.3765625000000001 0.6453125 0.3765625000000001 0.6453125 0.3968750000000001 0.715625 0.3968750000000001
0 0.75 0.3828125000000001 0.7328125 0.3828125000000001 0.7328125 0.3890625000000001 0.75 0.3890625000000001
0 0.771875 0.3812500000000001 0.7515625 0.3812500000000001 0.7515625 0.38750000000000007 0.771875 0.38750000000000007
0 0.8328125 0.3781250000000001 0.7875 0.3781250000000001 0.7875 0.3906250000000001 0.8328125 0.3906250000000001
0 0.8671875 0.37187500000000007 0.8484375 0.37187500000000007 0.8484375 0.3843750000000001 0.8671875 0.3843750000000001
0 0.20312500000000008 0.41875 0.15468750000000003 0.41875 0.15468750000000003 0.43125 0.20312500000000008 0.43125
0 0.2390625000000001 0.425 0.21875000000000008 0.425 0.21875000000000008 0.43125 0.2390625000000001 0.43125
0 0.2671875000000001 0.421875 0.2609375000000001 0.421875 0.2609375000000001 0.4328125 0.2671875000000001 0.4328125