0 0.17031250000000003 0.190625 0.15468750000000003 0.190625 0.15468750000000003 0.2 0.17031250000000003 0.2
0 0.2390625 0.19218750000000004 0.18281250000000004 0.19218750000000004 0.18281250000000004 0.2140625 0.2390625 0.2140625
0 0.3578125 0.19218750000000004 0.2703125 0.19218750000000004 0.2703125 0.2140625 0.3578125 0.2140625
0 0.475 0.2015625000000001 0.3921875 0.2015625000000001 0.3921875 0.22031250000000008 0.475 0.22031250000000008
0 0.6125 0.19062500000000007 0.5171875 0.19062500000000004 0.5171875 0.2140625000000001 0.6125 0.2140625000000001
0 0.709375 0.1906250000000001 0.6375 0.1906250000000001 0.6375 0.2171875000000001 0.709375 0.2171875000000001
0 0.790625 0.2000000000000001 0.7390625 0.2000000000000001 0.7390625 0.21250000000000008 0.790625 0.21250000000000008
0 0.7953125 0.2078125000000001 0.7921875 0.2078125000000001 0.7921875 0.21093750000000008 0.7953125 0.21093750000000008
0 0.8234375 0.1937500000000001 0.8046875 0.1937500000000001 0.8046875 0.20468750000000008 0.8234375 0.20468750000000008
0 0.8609375 0.1937500000000001 0.8390625 0.1937500000000001 0.8390625 0.2062500000000001 0.8609375 0.2062500000000001
0 0.88125 0.1921875000000001 0.8578125 0.1921875000000001 0.8578125 0.21250000000000008 0.88125 0.21250000000000008
0 0.9296875 0.2015625000000001 0.8890625 0.2015625000000001 0.8890625 0.21250000000000008 0.9296875 0.21250000000000008
0 0.18593750000000003 0.2421875 0.15000000000000005 0.2421875 0.15000000000000005 0.265625 0.18593750000000003 0.265625
0 0.3453125 0.2421875 0.2140625 0.2421875 0.2140625 0.265625 0.3453125 0.265625
0 0.471875 0.2468750000000001 0.3921875 0.2468750000000001 0.3921875 0.2671875000000001 0.471875 0.2671875000000001
0 0.58125 0.24375000000000008 0.503125 0.24375000000000008 0.503125 0.2656250000000001 0.58125 0.2656250000000001
0 0.5765625 0.2609375000000001 0.571875 0.2609375000000001 0.571875 0.2656250000000001 0.5765625 0.2656250000000001
0 0.6546875 0.24375000000000008 0.6140625 0.24375000000000008 0.6140625 0.27031250000000007 0.6546875 0.27031250000000007
0 0.7265625 0.25468750000000007 0.6765625 0.25468750000000007 0.6765625 0.2671875000000001 0.7265625 0.2671875000000001
0 0.84375 0.2531250000000001 0.7640625 0.2531250000000001 0.7640625 0.2656250000000001 0.84375 0.2656250000000001
0 0.8859375 0.2468750000000001 0.8609375 0.2468750000000001 0.8609375 0.2671875000000001 0.8859375 0.2671875000000001
0 0.21875 0.2890625 0.15625000000000006 0.2890625 0.15625000000000006 0.3140625 0.21875 0.3140625
0 0.4265625 0.28906250000000006 0.2609375 0.2890625 0.2609375 0.3140625 0.4265625 0.3140625000000001
0 0.55625 0.30156250000000007 0.4703125 0.30156250000000007 0.4703125 0.3140625000000001 0.55625 0.3140625000000001
0 0.6140625 0.2968750000000001 0.590625 0.2968750000000001 0.590625 0.3125000000000001 0.6140625 0.3125000000000001
0 0.753125 0.28593750000000007 0.6390625 0.28593750000000007 0.6390625 0.3156250000000001 0.753125 0.3156250000000001
0 0.86875 0.30156250000000007 0.76875 0.30156250000000007 0.76875 0.31718750000000007 0.86875 0.31718750000000007
0 0.234375 0.3375 0.15625000000000006 0.3375 0.15625000000000006 0.3609375 0.234375 0.3609375
0 0.3296875 0.346875 0.2609375 0.346875 0.26093750000000004 0.3671875 0.3296875000000001 0.3671875
0 0.340625 0.3546875 0.334375 0.3546875 0.334375 0.3609375 0.340625 0.3609375
0 0.3734375 0.34375000000000006 0.3515625 0.34375 0.3515625 0.35468750000000004 0.3734375 0.3546875000000001
0 0.4203125 0.3390625000000001 0.3921875 0.3390625000000001 0.3921875 0.3609375000000001 0.4203125 0.3609375000000001
0 0.5734375 0.3359375000000001 0.4375 0.3359375000000001 0.4375 0.36406250000000007 0.5734375 0.36406250000000007
0 0.7109375 0.3343750000000001 0.6078125 0.3343750000000001 0.6078125 0.3625000000000001 0.7109375 0.3625000000000001
0 0.790625 0.3375000000000001 0.7453125 0.3375000000000001 0.7453125 0.36406250000000007 0.790625 0.36406250000000007
0 0.86875 0.3500000000000001 0.8046875 0.3500000000000001 0.8046875 0.3703125000000001 0.86875 0.3703125000000001
0 0.26250000000000007 0.3890625 0.15625000000000006 0.3890625 0.15625000000000006 0.4140625 0.26250000000000007 0.4140625
0 0.27812500000000007 0.40625 0.2671875000000001 0.40625 0.2671875000000001 0.4171875 0.27812500000000007 0.4171875
0 0.3765625000000001 0.38906250000000003 0.3156250000000001 0.3890625 0.3156250000000001 0.4125 0.3765625000000001 0.4125
0 0.5515625 0.3890625000000001 0.41875 0.3890625000000001 0.41875 0.41875 0.5515625 0.41875
0 0.63125 0.3906250000000001 0.5953125 0.3906250000000001 0.5953125 0.415625 0.63125 0.415625
0 0.725 0.3921875000000001 0.665625 0.3921875000000001 0.665625 0.4171875 0.725 0.4171875
0 0.821875 0.3937500000000001 0.7515625 0.3937500000000001 0.7515625 0.41718750000000016 0.821875 0.41718750000000016
0 0.890625 0.3984375000000001 0.8453125 0.3984375000000001 0.8453125 0.41406250000000017 0.890625 0.41406250000000017
0 0.23437500000000008 0.440625 0.15781250000000005 0.440625 0.15781250000000005 0.4671875 0.23437500000000008 0.4671875
0 0.3828125000000001 0.4421875 0.2812500000000001 0.4421875 0.2812500000000001 0.4640625 0.3828125000000001 0.4640625
0 0.475 0.4421875 0.4203125 0.4421875 0.4203125 0.4640625 0.475 0.4640625
0 0.6015625 0.4328125 0.5203125 0.4328125 0.5203125 0.4640625 0.6015625 0.4640625
0 0.8171875 0.43437500000000007 0.65 0.434375 0.65 0.4671875000000001 0.8171875 0.4671875000000002
0 0.878125 0.43281250000000016 0.8484375 0.43281250000000016 0.8484375 0.46406250000000016 0.878125 0.46406250000000016
0 0.2078125000000001 0.5015625 0.15468750000000003 0.5015625 0.15468750000000003 0.5140625 0.2078125000000001 0.5140625
0 0.22031250000000008 0.5109375 0.21093750000000008 0.5109375 0.21093750000000008 0.5203125 0.22031250000000008 0.5203125
0 0.46875 0.490625 0.2562500000000001 0.490625 0.2562500000000001 0.5234375 0.46875 0.5234375
0 0.659375 0.490625 0.509375 0.490625 0.509375 0.5234375 0.659375 0.5234375
0 0.759375 0.4937500000000001 0.6890625 0.49375 0.6890625 0.51875 0.759375 0.5187500000000002
0 0.81875 0.4937500000000002 0.7921875 0.4937500000000002 0.7921875 0.5140625000000002 0.81875 0.5140625000000002
0 0.90625 0.48750000000000016 0.8453125 0.48750000000000016 0.8453125 0.5171875000000001 0.90625 0.5171875000000001
0 0.24218750000000008 0.5421875 0.15156250000000004 0.5421875 0.15156250000000007 0.575 0.24218750000000008 0.575
0 0.3828125000000001 0.5421875 0.2906250000000001 0.5421875 0.2906250000000001 0.565625 0.3828125000000001 0.565625
0 0.515625 0.5359375 0.4296875 0.5359375 0.4296875 0.5625 0.515625 0.5625
0 0.6453125 0.5359375 0.5546875 0.5359375 0.5546875 0.5625 0.6453125 0.5625
0 0.71875 0.55 0.690625 0.55 0.690625 0.5609375 0.71875 0.5609375
0 0.8515625 0.5406250000000001 0.75625 0.5406250000000001 0.75625 0.5687500000000002 0.8515625 0.5687500000000002
0 0.3375000000000001 0.5984375 0.15000000000000008 0.5984375 0.15000000000000008 0.6234375 0.3375000000000001 0.6234375
0 0.44375 0.5984375 0.3984375000000001 0.5984375 0.3984375000000001 0.6203125 0.44375 0.6203125
0 0.546875 0.5921875 0.4859375 0.5921875 0.4859375 0.6203125 0.546875 0.6203125
0 0.65 0.59375 0.5828125 0.59375 0.5828125 0.6203125 0.65 0.6203125
0 0.775 0.596875 0.6765625 0.596875 0.6765625 0.6203125 0.775 0.6203125000000002
0 0.8625 0.5953125000000001 0.8046875 0.5953125000000001 0.8046875 0.6203125000000002 0.8625 0.6203125000000002
0 0.2796875000000001 0.6421875 0.1609375000000001 0.6421875 0.1609375000000001 0.671875 0.2796875000000001 0.671875
0 0.44375 0.64375 0.34062500000000007 0.64375 0.34062500000000007 0.671875 0.44375 0.671875
0 0.4578125 0.6640625 0.453125 0.6640625 0.453125 0.6703125 0.4578125 0.6703125