0 0.18125000000000005 0.2046875 0.17343750000000005 0.2046875 0.17343750000000005 0.2171875 0.18125000000000005 0.2171875
0 0.2578125 0.20625 0.20625 0.20625 0.20625 0.2265625 0.2578125 0.2265625
0 0.2828125 0.2265625 0.278125 0.2265625 0.278125 0.234375 0.2828125 0.234375
0 0.321875 0.209375 0.29375 0.209375 0.29375 0.2296875 0.321875 0.2296875
0 0.4984375 0.20625000000000004 0.346875 0.20625 0.346875 0.23125000000000004 0.4984375 0.2312500000000001
0 0.5921875 0.2078125000000001 0.5296875 0.2078125000000001 0.5296875 0.2328125000000001 0.5921875 0.2328125000000001
0 0.6359375 0.2140625000000001 0.61875 0.2140625000000001 0.61875 0.2328125000000001 0.6359375 0.2328125000000001
0 0.7515625 0.20468750000000008 0.6625 0.20468750000000008 0.6625 0.2296875000000001 0.7515625 0.2296875000000001
0 0.828125 0.2093750000000001 0.771875 0.2093750000000001 0.771875 0.22656250000000008 0.828125 0.22656250000000008
0 0.2625 0.265625 0.17031250000000003 0.265625 0.17031250000000003 0.28125 0.2625 0.28125
0 0.325 0.2578125 0.2921875 0.2578125 0.2921875 0.29375 0.325 0.29375
0 0.434375 0.25625000000000003 0.346875 0.25625 0.346875 0.27968750000000003 0.434375 0.2796875000000001
0 0.559375 0.25468750000000007 0.4609375 0.25468750000000007 0.4609375 0.27812500000000007 0.559375 0.27812500000000007
0 0.6015625 0.2562500000000001 0.575 0.2562500000000001 0.575 0.2765625000000001 0.6015625 0.2765625000000001
0 0.615625 0.27031250000000007 0.6109375 0.27031250000000007 0.6109375 0.2718750000000001 0.615625 0.2718750000000001
0 0.6921875 0.25468750000000007 0.625 0.25468750000000007 0.625 0.2796875000000001 0.6921875 0.2796875000000001
0 0.7171875 0.2734375000000001 0.7078125 0.2734375000000001 0.7078125 0.2812500000000001 0.7171875 0.2812500000000001
0 0.7421875 0.2593750000000001 0.71875 0.2593750000000001 0.71875 0.27812500000000007 0.7421875 0.27812500000000007
0 0.83125 0.2500000000000001 0.759375 0.2500000000000001 0.759375 0.27812500000000007 0.83125 0.27812500000000007
0 0.9015625 0.2531250000000001 0.85 0.2531250000000001 0.85 0.2796875000000001 0.9015625 0.2796875000000001
0 0.2734375 0.30625 0.14218750000000005 0.30625 0.14218750000000005 0.328125 0.2734375 0.328125
0 0.36875 0.30937500000000007 0.2984375 0.309375 0.2984375 0.33125000000000004 0.36875 0.3312500000000001
0 0.440625 0.30937500000000007 0.39375 0.30937500000000007 0.39375 0.3265625000000001 0.440625 0.3265625000000001
0 0.540625 0.3031250000000001 0.4578125 0.3031250000000001 0.4578125 0.3390625000000001 0.540625 0.3390625000000001
0 0.5515625 0.32500000000000007 0.5453125 0.32500000000000007 0.5453125 0.3312500000000001 0.5515625 0.3312500000000001
0 0.6015625 0.3140625000000001 0.56875 0.3140625000000001 0.56875 0.3390625000000001 0.6015625 0.3390625000000001
0 0.6921875 0.3109375000000001 0.621875 0.3109375000000001 0.621875 0.3421875000000001 0.6921875 0.3421875000000001
0 0.8140625 0.3046875000000001 0.71875 0.3046875000000001 0.71875 0.3281250000000001 0.8140625 0.3281250000000001
0 0.89375 0.2921875000000001 0.840625 0.2921875000000001 0.840625 0.3203125000000001 0.89375 0.3203125000000001
0 0.22812500000000005 0.3453125 0.17031250000000003 0.3453125 0.17031250000000003 0.3703125 0.22812500000000008 0.3703125
0 0.29531250000000003 0.35625 0.2671875 0.35625 0.2671875 0.3703125 0.2953125000000001 0.3703125
0 0.38906250000000003 0.34687500000000004 0.3328125 0.346875 0.33281250000000007 0.36875 0.3890625000000001 0.3687500000000001
0 0.39843750000000006 0.3500000000000001 0.39375 0.3500000000000001 0.39375000000000004 0.3703125000000001 0.3984375000000001 0.3703125000000001
0 0.546875 0.3468750000000001 0.425 0.3468750000000001 0.425 0.37187500000000007 0.546875 0.37187500000000007
0 0.5609375 0.3656250000000001 0.5578125 0.3656250000000001 0.5578125 0.3734375000000001 0.5609375 0.3734375000000001
0 0.6125 0.35625000000000007 0.58125 0.35625000000000007 0.58125 0.37187500000000007 0.6125 0.37187500000000007
0 0.7203125 0.34843750000000007 0.6421875 0.34843750000000007 0.6421875 0.37187500000000007 0.7203125 0.37187500000000007
0 0.834375 0.34843750000000007 0.75 0.34843750000000007 0.75 0.3812500000000001 0.834375 0.3812500000000001
0 0.9390625 0.3453125000000001 0.8546875 0.3453125000000001 0.8546875 0.3859375000000001 0.9390625 0.3859375000000001
0 0.2921875000000001 0.39375 0.17656250000000004 0.39375 0.17656250000000004 0.4265625 0.2921875000000001 0.4265625
0 0.3671875000000001 0.39687500000000003 0.3140625000000001 0.396875 0.3140625000000001 0.4140625 0.3671875000000001 0.4140625
0 0.4515625 0.4 0.3828125000000001 0.4 0.3828125000000001 0.4125 0.4515625 0.4125
0 0.5671875 0.3984375000000001 0.46875 0.3984375000000001 0.46875 0.4359375 0.5671875 0.4359375
0 0.5890625 0.4125 0.5796875 0.4125 0.5796875 0.4234375 0.5890625 0.4234375
0 0.73125 0.39531250000000007 0.621875 0.39531250000000007 0.621875 0.43437500000000007 0.73125 0.4343750000000002
0 0.80625 0.4000000000000002 0.759375 0.4000000000000002 0.759375 0.42187500000000017 0.80625 0.42187500000000017
0 0.903125 0.3937500000000001 0.8265625 0.3937500000000001 0.8265625 0.4343750000000002 0.903125 0.4343750000000002
0 0.9640625 0.3937500000000001 0.91875 0.3937500000000001 0.91875 0.4203125000000002 0.9640625 0.4203125000000002
0 0.2671875000000001 0.4296875 0.17812500000000003 0.4296875 0.17812500000000003 0.45 0.2671875000000001 0.45
0 0.4359375 0.43125 0.30937500000000007 0.43125 0.30937500000000007 0.4609375 0.4359375 0.4609375
0 0.5234375 0.4484375 0.4671875 0.4484375 0.4671875 0.4609375 0.5234375 0.4609375
0 0.625 0.45 0.553125 0.45 0.553125 0.4625 0.625 0.4625
0 0.734375 0.4406250000000001 0.6515625 0.440625 0.6515625 0.4625000000000001 0.734375 0.4625000000000002
0 0.8453125 0.4390625000000002 0.7578125 0.4390625000000002 0.7578125 0.4625000000000002 0.8453125 0.4625000000000002
0 0.9609375 0.43750000000000017 0.871875 0.43750000000000017 0.871875 0.47968750000000016 0.9609375 0.47968750000000016
0 0.96875 0.4593750000000002 0.965625 0.4593750000000002 0.965625 0.4625000000000002 0.96875 0.4625000000000002
0 0.2328125000000001 0.475 0.17187500000000006 0.475 0.17187500000000006 0.503125 0.2328125000000001 0.503125
0 0.3500000000000001 0.48125 0.2593750000000001 0.48125 0.2593750000000001 0.5015625 0.3500000000000001 0.5015625
0 0.3687500000000001 0.5 0.3625000000000001 0.5 0.3625000000000001 0.5078125 0.3687500000000001 0.5078125
0 0.41875 0.4828125 0.3859375000000001 0.4828125 0.3859375000000001 0.5046875 0.41875 0.5046875
0 0.5421875 0.48125 0.4484375 0.48125 0.4484375 0.5171875 0.5421875 0.5171875
0 0.6609375 0.484375 0.5703125 0.484375 0.5703125 0.50625 0.6609375 0.50625
0 0.8171875 0.4781250000000001 0.6875 0.478125 0.6875 0.503125 0.8171875 0.5031250000000002
0 0.971875 0.48437500000000017 0.846875 0.48437500000000017 0.846875 0.5109375000000002 0.971875 0.5109375000000002
0 0.9828125 0.5093750000000001 0.9796875 0.5093750000000001 0.9796875 0.5125000000000002 0.9828125 0.5125000000000002
0 0.22656250000000008 0.5640625 0.18750000000000008 0.5640625 0.18750000000000008 0.584375 0.22656250000000008 0.584375
0 0.3812500000000001 0.5578125 0.2656250000000001 0.5578125 0.2656250000000001 0.584375 0.3812500000000001 0.584375
0 0.5234375 0.5609375 0.421875 0.5609375 0.421875 0.5859375 0.5234375 0.5859375
0 0.6109375 0.5609375 0.5703125 0.5609375 0.5703125 0.5875 0.6109375 0.5875
0 0.690625 0.571875 0.64375 0.571875 0.64375 0.5859375 0.690625 0.5859375
0 0.7984375 0.5718750000000001 0.7296875 0.5718750000000001 0.7296875 0.5843750000000002 0.7984375 0.5843750000000002
0 0.925 0.5546875000000002 0.8203125 0.5546875000000002 0.8203125 0.5859375000000002 0.925 0.5859375000000002
0 0.3359375000000001 0.6171875 0.21250000000000008 0.6171875 0.21250000000000008 0.6375 0.3359375000000001 0.6375
0 0.35625000000000007 0.63125 0.3546875000000001 0.63125 0.3546875000000001 0.6328125 0.35625000000000007 0.6328125