0 0.14531250000000004 0.1984375 0.14218750000000005 0.1984375 0.14218750000000005 0.2046875 0.14531250000000004 0.2046875
0 0.2078125 0.203125 0.14843750000000006 0.203125 0.14843750000000006 0.23125 0.2078125 0.23125
0 0.2890625 0.19218750000000004 0.221875 0.19218750000000004 0.221875 0.221875 0.2890625 0.221875
0 0.3875 0.19218750000000004 0.3015625 0.19218750000000004 0.3015625 0.22187500000000004 0.3875 0.2218750000000001
0 0.4046875 0.19218750000000004 0.3875 0.19218750000000004 0.3875 0.2171875000000001 0.4046875 0.2171875000000001
0 0.4125 0.19531250000000006 0.4078125 0.19531250000000006 0.4078125 0.2015625000000001 0.4125 0.2015625000000001
0 0.465625 0.19687500000000005 0.43125 0.19687500000000005 0.43125 0.2234375000000001 0.465625 0.2234375000000001
0 0.5546875 0.20312500000000008 0.4828125 0.20312500000000008 0.4828125 0.22656250000000008 0.5546875 0.22656250000000008
0 0.7203125 0.1984375000000001 0.575 0.1984375000000001 0.575 0.2328125000000001 0.7203125 0.2328125000000001
0 0.734375 0.2234375000000001 0.7296875 0.2234375000000001 0.7296875 0.2296875000000001 0.734375 0.2296875000000001
0 0.8640625 0.18125000000000008 0.746875 0.18125000000000008 0.746875 0.23437500000000008 0.8640625 0.23437500000000008
0 0.9171875 0.2000000000000001 0.875 0.2000000000000001 0.875 0.22656250000000008 0.9171875 0.22656250000000008
0 0.2359375 0.2453125 0.14843750000000006 0.2453125 0.14843750000000006 0.275 0.2359375 0.275
0 0.390625 0.24687500000000004 0.2578125 0.246875 0.2578125 0.28593750000000007 0.390625 0.28593750000000007
0 0.54375 0.2453125000000001 0.4015625 0.2453125000000001 0.4015625 0.2734375000000001 0.54375 0.2734375000000001
0 0.6078125 0.2468750000000001 0.5625 0.2468750000000001 0.5625 0.2750000000000001 0.6078125 0.2750000000000001
0 0.7109375 0.2453125000000001 0.625 0.2453125000000001 0.625 0.2750000000000001 0.7109375 0.2750000000000001
0 0.790625 0.2531250000000001 0.7328125 0.2531250000000001 0.7328125 0.2750000000000001 0.790625 0.2750000000000001
0 0.9171875 0.24375000000000008 0.8125 0.24375000000000008 0.8125 0.2843750000000001 0.9171875 0.2843750000000001
0 0.2765625 0.29375 0.14218750000000005 0.29375 0.14218750000000005 0.3234375 0.2765625 0.3234375
0 0.2859375 0.3203125 0.2828125 0.3203125 0.2828125 0.321875 0.2859375 0.321875
0 0.3078125 0.2984375 0.3015625 0.2984375 0.3015625 0.30625 0.3078125 0.30625
0 0.384375 0.2984375 0.3171875 0.2984375 0.3171875 0.32343750000000004 0.384375 0.3234375000000001
0 0.41875 0.2953125000000001 0.4 0.2953125000000001 0.4 0.3187500000000001 0.41875 0.3187500000000001
0 0.4546875 0.3078125000000001 0.4375 0.3078125000000001 0.4375 0.3203125000000001 0.4546875 0.3203125000000001
0 0.5921875 0.2984375000000001 0.4765625 0.2984375000000001 0.4765625 0.3359375000000001 0.5921875 0.3359375000000001
0 0.690625 0.2953125000000001 0.6234375 0.2953125000000001 0.6234375 0.3312500000000001 0.690625 0.3312500000000001
0 0.7046875 0.29375000000000007 0.7 0.29375000000000007 0.7 0.3218750000000001 0.7046875 0.3218750000000001
0 0.8 0.2921875000000001 0.7296875 0.2921875000000001 0.7296875 0.33281250000000007 0.8 0.33281250000000007
0 0.9328125 0.2968750000000001 0.8140625 0.2968750000000001 0.8140625 0.3218750000000001 0.9328125 0.3218750000000001
0 0.3453125 0.3421875 0.14531250000000004 0.3421875 0.14531250000000004 0.3671875 0.3453125000000001 0.3671875
0 0.4453125 0.3390625000000001 0.3671875 0.3390625000000001 0.36718750000000006 0.3671875000000001 0.4453125 0.3671875000000001
0 0.459375 0.3656250000000001 0.4578125 0.3656250000000001 0.4578125 0.37187500000000007 0.459375 0.37187500000000007
0 0.5234375 0.3421875000000001 0.484375 0.3421875000000001 0.484375 0.3671875000000001 0.5234375 0.3671875000000001
0 0.678125 0.3421875000000001 0.553125 0.3421875000000001 0.553125 0.3671875000000001 0.678125 0.3671875000000001
0 0.7953125 0.3390625000000001 0.7046875 0.3390625000000001 0.7046875 0.36406250000000007 0.7953125 0.36406250000000007
0 0.85625 0.3390625000000001 0.8125 0.3390625000000001 0.8125 0.36406250000000007 0.85625 0.36406250000000007
0 0.9078125 0.3421875000000001 0.8578125 0.3421875000000001 0.8578125 0.36406250000000007 0.9078125 0.36406250000000007
0 0.2687500000000001 0.3921875 0.14218750000000005 0.3921875 0.14218750000000005 0.41875 0.2687500000000001 0.41875
0 0.4078125 0.39375000000000004 0.3000000000000001 0.39375 0.3000000000000001 0.428125 0.4078125 0.428125
0 0.48125 0.3968750000000001 0.4390625 0.3968750000000001 0.4390625 0.4203125 0.48125 0.4203125
0 0.5765625 0.4 0.5109375 0.4 0.5109375 0.4203125 0.5765625 0.4203125
0 0.5890625 0.3890625000000001 0.584375 0.3890625000000001 0.584375 0.41875 0.5890625 0.41875
0 0.6703125 0.3890625000000001 0.609375 0.3890625000000001 0.609375 0.4125 0.6703125 0.4125
0 0.8265625 0.3859375000000001 0.6953125 0.3859375000000001 0.6953125 0.4218750000000001 0.8265625 0.42187500000000017
0 0.875 0.3828125000000001 0.8421875 0.3828125000000001 0.8421875 0.4125000000000002 0.875 0.4125000000000002
0 0.934375 0.3843750000000001 0.8921875 0.3843750000000001 0.8921875 0.40937500000000016 0.934375 0.40937500000000016
0 0.22031250000000008 0.4390625 0.14531250000000004 0.4390625 0.14531250000000004 0.465625 0.22031250000000008 0.465625
0 0.28593750000000007 0.4390625 0.2578125000000001 0.4390625 0.2578125000000001 0.4625 0.28593750000000007 0.4625
0 0.33281250000000007 0.4375 0.3062500000000001 0.4375 0.3062500000000001 0.4625 0.33281250000000007 0.4625
0 0.4359375 0.4359375 0.36406250000000007 0.4359375 0.36406250000000007 0.4625 0.4359375 0.4625
0 0.4515625 0.4359375 0.446875 0.4359375 0.446875 0.4578125 0.4515625 0.4578125
0 0.4734375 0.4359375 0.4640625 0.4359375 0.4640625 0.44375 0.4734375 0.44375
0 0.5328125 0.440625 0.496875 0.440625 0.496875 0.4640625 0.5328125 0.4640625
0 0.6640625 0.4375 0.5546875 0.4375 0.5546875 0.4640625 0.6640625 0.4640625
0 0.81875 0.4406250000000001 0.6875 0.440625 0.6875 0.47343750000000007 0.81875 0.4734375000000002
0 0.915625 0.4468750000000002 0.834375 0.4468750000000002 0.834375 0.4750000000000002 0.915625 0.4750000000000002
0 0.2843750000000001 0.49375 0.14375000000000004 0.49375 0.14375000000000004 0.5234375 0.2843750000000001 0.5234375
0 0.37187500000000007 0.49375 0.30937500000000007 0.49375 0.30937500000000007 0.515625 0.37187500000000007 0.515625
0 0.4953125 0.4859375 0.4078125 0.4859375 0.4078125 0.5171875 0.4953125 0.5171875
0 0.56875 0.4890625 0.5234375 0.4890625 0.5234375 0.51875 0.56875 0.51875
0 0.671875 0.490625 0.5890625 0.490625 0.5890625 0.51875 0.671875 0.51875
0 0.815625 0.4875000000000001 0.7 0.4875 0.7 0.5234375000000001 0.815625 0.5234375000000002
0 0.9171875 0.4859375000000002 0.84375 0.4859375000000002 0.84375 0.5156250000000002 0.9171875 0.5156250000000002
0 0.21093750000000008 0.5484375 0.14062500000000008 0.5484375 0.14062500000000008 0.578125 0.21093750000000008 0.578125
0 0.28593750000000007 0.5484375 0.2500000000000001 0.5484375 0.2500000000000001 0.575 0.28593750000000007 0.575
0 0.3968750000000001 0.5484375 0.3265625000000001 0.5484375 0.3265625000000001 0.578125 0.3968750000000001 0.578125
0 0.4203125 0.5765625 0.4171875 0.5765625 0.4171875 0.578125 0.4203125 0.578125