0 0.209375 0.25 0.16562500000000005 0.25 0.16562500000000005 0.2765625 0.209375 0.2765625
0 0.321875 0.253125 0.23125 0.253125 0.23125 0.2765625 0.321875 0.2765625
0 0.4875 0.24531250000000004 0.346875 0.2453125 0.346875 0.27812500000000007 0.4875 0.27812500000000007
0 0.590625 0.2640625000000001 0.51875 0.2640625000000001 0.51875 0.2796875000000001 0.590625 0.2796875000000001
0 0.6375 0.2671875000000001 0.6140625 0.2671875000000001 0.6140625 0.27812500000000007 0.6375 0.27812500000000007
0 0.803125 0.25468750000000007 0.653125 0.25468750000000007 0.653125 0.2812500000000001 0.803125 0.2812500000000001
0 0.875 0.2578125000000001 0.825 0.2578125000000001 0.825 0.2906250000000001 0.875 0.2906250000000001
0 0.4 0.30156250000000007 0.16406250000000006 0.3015625 0.16406250000000006 0.33906250000000004 0.4 0.3390625000000001
0 0.6015625 0.3062500000000001 0.4421875 0.3062500000000001 0.4421875 0.36406250000000007 0.6015625 0.36406250000000007
0 0.68125 0.3187500000000001 0.6328125 0.3187500000000001 0.6328125 0.33281250000000007 0.68125 0.33281250000000007
0 0.878125 0.3046875000000001 0.7171875 0.3046875000000001 0.7171875 0.33281250000000007 0.878125 0.33281250000000007
0 0.4640625 0.35781250000000003 0.15156250000000004 0.3578125 0.15156250000000004 0.38281250000000006 0.4640625 0.3828125000000001
0 0.5625 0.35625000000000007 0.4890625 0.35625000000000007 0.4890625 0.3828125000000001 0.5625 0.3828125000000001
0 0.63125 0.3578125000000001 0.5859375 0.3578125000000001 0.5859375 0.3984375000000001 0.63125 0.3984375000000001
0 0.6890625 0.3703125000000001 0.6625 0.3703125000000001 0.6625 0.3812500000000001 0.6890625 0.3812500000000001
0 0.825 0.3671875000000001 0.7171875 0.3671875000000001 0.7171875 0.41093750000000007 0.825 0.4109375000000002
0 0.3593750000000001 0.4078125 0.15937500000000004 0.4078125 0.15937500000000004 0.4609375 0.3593750000000001 0.4609375
0 0.6046875 0.4109375 0.3937500000000001 0.4109375 0.3937500000000001 0.45625 0.6046875 0.45625
0 0.7 0.4125 0.6421875 0.4125 0.6421875 0.4328125 0.7 0.4328125
0 0.9453125 0.41406250000000017 0.7328125 0.41406250000000017 0.7328125 0.46093750000000017 0.9453125 0.46093750000000017
0 0.2218750000000001 0.4546875 0.14375000000000004 0.4546875 0.14375000000000004 0.4796875 0.2218750000000001 0.4796875
0 0.3156250000000001 0.45625 0.2468750000000001 0.45625 0.2468750000000001 0.4828125 0.3156250000000001 0.4828125
0 0.49375 0.4671875 0.3390625000000001 0.4671875 0.3390625000000001 0.49375 0.49375 0.49375
0 0.5671875 0.4640625 0.50625 0.4640625 0.50625 0.484375 0.5671875 0.484375
0 0.659375 0.4703125 0.5921875 0.4703125 0.5921875 0.484375 0.659375 0.484375
0 0.7234375 0.4625 0.684375 0.4625 0.684375 0.4828125 0.7234375 0.4828125
0 0.8546875 0.46875000000000017 0.7515625 0.46875000000000017 0.7515625 0.4828125000000002 0.8546875 0.4828125000000002
0 0.8734375 0.47968750000000016 0.8703125 0.47968750000000016 0.8703125 0.4812500000000002 0.8734375 0.4812500000000002
0 0.2828125000000001 0.509375 0.15000000000000005 0.509375 0.15000000000000008 0.55 0.2828125000000001 0.55
0 0.3234375000000001 0.5140625 0.30156250000000007 0.5140625 0.30156250000000007 0.53125 0.3234375000000001 0.53125
0 0.3890625000000001 0.509375 0.3265625000000001 0.509375 0.3265625000000001 0.55625 0.3890625000000001 0.55625
0 0.4546875 0.5203125 0.4171875 0.5203125 0.4171875 0.53125 0.4546875 0.53125
0 0.609375 0.5109375 0.471875 0.5109375 0.471875 0.5609375 0.609375 0.5609375
0 0.6578125 0.525 0.6171875 0.525 0.6171875 0.5375 0.6578125 0.5375
0 0.7453125 0.5109375 0.6671875 0.5109375 0.6671875 0.5328125000000001 0.7453125 0.5328125000000001
0 0.83125 0.5203125000000002 0.7765625 0.5203125000000002 0.7765625 0.5328125000000001 0.83125 0.5328125000000001
0 0.8453125 0.5265625000000002 0.83125 0.5265625000000002 0.83125 0.5453125000000002 0.8453125 0.5453125000000002
0 0.2687500000000001 0.5625 0.1593750000000001 0.5625 0.1593750000000001 0.584375 0.2687500000000001 0.584375
0 0.35625000000000007 0.5609375 0.2890625000000001 0.5609375 0.2890625000000001 0.584375 0.35625000000000007 0.584375
0 0.471875 0.5640625 0.37187500000000007 0.5640625 0.37187500000000007 0.5828125 0.471875 0.5828125
0 0.5625 0.5609375 0.4953125 0.5609375 0.4953125 0.5828125 0.5625 0.5828125
0 0.6328125 0.565625 0.5984375 0.565625 0.5984375 0.584375 0.6328125 0.584375
0 0.7515625 0.565625 0.6640625 0.565625 0.6640625 0.5859375000000001 0.7515625 0.5859375000000002
0 0.95625 0.5609375000000002 0.7828125 0.5609375000000002 0.7828125 0.5875000000000001 0.95625 0.5875000000000001
0 0.2015625000000001 0.6109375 0.1625000000000001 0.6109375 0.1625000000000001 0.634375 0.2015625000000001 0.634375
0 0.3109375000000001 0.6109375 0.22031250000000008 0.6109375 0.22031250000000008 0.63125 0.3109375000000001 0.63125
0 0.3281250000000001 0.628125 0.3234375000000001 0.628125 0.3234375000000001 0.6328125 0.3281250000000001 0.6328125
0 0.4578125 0.615625 0.3453125000000001 0.615625 0.3453125000000001 0.6390625 0.4578125 0.6390625
0 0.6484375 0.609375 0.4734375 0.609375 0.4734375 0.640625 0.6484375 0.640625
0 0.703125 0.6203125 0.6640625 0.6203125 0.6640625 0.6359375 0.703125 0.6359375
0 0.8140625 0.6109375000000001 0.7125 0.6109375 0.7125 0.6375000000000001 0.8140625 0.6375000000000002
0 0.31718750000000007 0.6609375 0.15625000000000008 0.6609375 0.15625000000000008 0.6953125 0.31718750000000007 0.6953125
0 0.3296875000000001 0.6765625 0.3203125000000001 0.6765625 0.3203125000000001 0.69375 0.3296875000000001 0.69375
0 0.54375 0.6609375 0.3437500000000001 0.6609375 0.3437500000000001 0.684375 0.54375 0.684375
0 0.6578125 0.665625 0.56875 0.665625 0.56875 0.6859375 0.6578125 0.6859375
0 0.746875 0.6656250000000001 0.6796875 0.665625 0.6796875 0.6890625000000001 0.746875 0.6890625000000001
0 0.9859375 0.6671875000000002 0.765625 0.6671875000000002 0.765625 0.7078125000000002 0.9859375 0.7078125000000002
0 0.2640625000000001 0.70625 0.15781250000000008 0.70625 0.15781250000000008 0.734375 0.2640625000000001 0.734375
0 0.34062500000000007 0.709375 0.2828125000000001 0.709375 0.2828125000000001 0.7359375 0.34062500000000007 0.7359375
0 0.4671875000000001 0.7078125 0.3625000000000001 0.7078125 0.3625000000000001 0.759375 0.4671875000000002 0.759375
0 0.5796875000000001 0.7125 0.5 0.7125 0.5000000000000001 0.7390625 0.5796875000000001 0.7390625
0 0.7406250000000001 0.7140625 0.6015625 0.7140625 0.6015625000000001 0.7593750000000001 0.7406250000000002 0.7593750000000001
0 0.803125 0.7171875000000002 0.7609375 0.7171875000000002 0.7609375 0.7375000000000002 0.803125 0.7375000000000002
0 0.8953125 0.7140625000000002 0.825 0.7140625000000002 0.825 0.7375000000000002 0.8953125 0.7375000000000002
0 0.21093750000000008 0.7625 0.1546875000000001 0.7625 0.1546875000000001 0.7859375 0.21093750000000008 0.7859375
0 0.871875 0.7625000000000001 0.1703125000000001 0.7625 0.1703125000000001 0.7906250000000001 0.871875 0.7906250000000001
0 0.871875 0.7625000000000001 0.1703125000000001 0.7625 0.1703125000000001 0.7906250000000001 0.871875 0.7906250000000001
0 0.871875 0.7625000000000001 0.1703125000000001 0.7625 0.1703125000000001 0.7906250000000001 0.871875 0.7906250000000001
0 0.88125 0.7593750000000001 0.1703125000000001 0.759375 0.1703125000000001 0.7906250000000001 0.88125 0.7906250000000001
0 0.9203125 0.7640625000000002 0.88125 0.7640625000000002 0.88125 0.7843750000000002 0.9203125 0.7843750000000002
0 0.946875 0.7640625000000002 0.91875 0.7640625000000002 0.91875 0.7859375000000002 0.946875 0.7859375000000002