0 0.203125 0.2140625 0.14218750000000005 0.2140625 0.14218750000000005 0.25 0.203125 0.25
0 0.26875 0.2171875 0.2125 0.2171875 0.2125 0.234375 0.26875 0.234375
0 0.3625 0.2234375 0.2828125 0.2234375 0.2828125 0.2359375 0.3625 0.2359375
0 0.403125 0.22656250000000008 0.3734375 0.22656250000000008 0.3734375 0.23437500000000008 0.403125 0.23437500000000008
0 0.496875 0.2218750000000001 0.4203125 0.2218750000000001 0.4203125 0.23437500000000008 0.496875 0.23437500000000008
0 0.5890625 0.2218750000000001 0.509375 0.2218750000000001 0.509375 0.24218750000000008 0.5890625 0.24218750000000008
0 0.6359375 0.2140625000000001 0.603125 0.2140625000000001 0.603125 0.2500000000000001 0.6359375 0.2500000000000001
0 0.7390625 0.21875000000000008 0.640625 0.21875000000000008 0.640625 0.2390625000000001 0.7390625 0.2390625000000001
0 0.7484375 0.2328125000000001 0.74375 0.2328125000000001 0.74375 0.2390625000000001 0.7484375 0.2390625000000001
0 0.7953125 0.21875000000000008 0.759375 0.21875000000000008 0.759375 0.23437500000000008 0.7953125 0.23437500000000008
0 0.8515625 0.22031250000000008 0.80625 0.22031250000000008 0.80625 0.23437500000000008 0.8515625 0.23437500000000008
0 0.20625 0.2703125 0.14843750000000006 0.2703125 0.14843750000000006 0.2859375 0.20625 0.2859375
0 0.2484375 0.2765625 0.2203125 0.2765625 0.2203125 0.2859375 0.2484375 0.2859375
0 0.2796875 0.2703125 0.2609375 0.2703125 0.2609375 0.2859375 0.2796875 0.2859375
0 0.375 0.27343750000000006 0.2953125 0.2734375 0.2953125 0.28593750000000007 0.375 0.28593750000000007
0 0.41875 0.2718750000000001 0.3875 0.2718750000000001 0.3875 0.28593750000000007 0.41875 0.28593750000000007
0 0.5375 0.2718750000000001 0.4328125 0.2718750000000001 0.4328125 0.3000000000000001 0.5375 0.3000000000000001
0 0.584375 0.2671875000000001 0.553125 0.2671875000000001 0.553125 0.2921875000000001 0.584375 0.2921875000000001
0 0.621875 0.2718750000000001 0.5890625 0.2718750000000001 0.5890625 0.2843750000000001 0.621875 0.2843750000000001
0 0.73125 0.2640625000000001 0.6421875 0.2640625000000001 0.6421875 0.2843750000000001 0.73125 0.2843750000000001
0 0.8265625 0.2687500000000001 0.746875 0.2687500000000001 0.746875 0.2953125000000001 0.8265625 0.2953125000000001
0 0.17656250000000004 0.31875 0.14531250000000004 0.31875 0.14531250000000004 0.3359375 0.17656250000000004 0.3359375
0 0.278125 0.3140625 0.2015625 0.3140625 0.2015625 0.3375 0.278125 0.3375
0 0.2859375 0.3359375 0.2796875 0.3359375 0.2796875 0.340625 0.2859375 0.340625
0 0.3296875 0.315625 0.2984375 0.315625 0.2984375 0.3359375 0.3296875 0.3359375
0 0.3890625 0.32343750000000004 0.35 0.3234375 0.35 0.33593750000000006 0.3890625 0.3359375000000001
0 0.4390625 0.3203125000000001 0.4046875 0.3203125000000001 0.4046875 0.3359375000000001 0.4390625 0.3359375000000001
0 0.54375 0.3187500000000001 0.453125 0.3187500000000001 0.453125 0.3375000000000001 0.54375 0.3375000000000001
0 0.65 0.3203125000000001 0.559375 0.3203125000000001 0.559375 0.3359375000000001 0.65 0.3359375000000001
0 0.6546875 0.33281250000000007 0.6515625 0.33281250000000007 0.6515625 0.3343750000000001 0.6546875 0.3343750000000001
0 0.7296875 0.3156250000000001 0.671875 0.3156250000000001 0.671875 0.3343750000000001 0.7296875 0.3343750000000001
0 0.784375 0.3203125000000001 0.7453125 0.3203125000000001 0.7453125 0.3343750000000001 0.784375 0.3343750000000001
0 0.8640625 0.3234375000000001 0.7984375 0.3234375000000001 0.7984375 0.3343750000000001 0.8640625 0.3343750000000001
0 0.2093750000000001 0.371875 0.14843750000000006 0.371875 0.14843750000000006 0.3875 0.2093750000000001 0.3875
0 0.2828125000000001 0.3734375 0.22812500000000008 0.3734375 0.22812500000000008 0.3875 0.2828125000000001 0.3875
0 0.3625000000000001 0.36875 0.2953125000000001 0.36875 0.2953125000000001 0.4 0.3625000000000001 0.4
0 0.3781250000000001 0.3843750000000001 0.3703125000000001 0.3843750000000001 0.3703125000000001 0.3921875000000001 0.3781250000000001 0.3921875000000001
0 0.4453125 0.3734375000000001 0.3921875000000001 0.3734375000000001 0.3921875000000001 0.3859375000000001 0.4453125 0.3859375000000001
0 0.5171875 0.3671875000000001 0.4578125 0.3671875000000001 0.4578125 0.38750000000000007 0.5171875 0.38750000000000007
0 0.5890625 0.3687500000000001 0.528125 0.3687500000000001 0.528125 0.3843750000000001 0.5890625 0.3843750000000001
0 0.63125 0.3781250000000001 0.6015625 0.3781250000000001 0.6015625 0.3859375000000001 0.63125 0.3859375000000001
0 0.7640625 0.3687500000000001 0.6453125 0.3687500000000001 0.6453125 0.38750000000000007 0.7640625 0.38750000000000007
0 0.8171875 0.36406250000000007 0.7734375 0.36406250000000007 0.7734375 0.3937500000000001 0.8171875 0.3937500000000001
0 0.2718750000000001 0.415625 0.14218750000000005 0.415625 0.14218750000000005 0.4546875 0.2718750000000001 0.4546875
0 0.2765625000000001 0.434375 0.2734375000000001 0.434375 0.2734375000000001 0.4375 0.2765625000000001 0.4375
0 0.3234375000000001 0.41875 0.2921875000000001 0.41875 0.2921875000000001 0.440625 0.3234375000000001 0.440625
0 0.3765625000000001 0.4265625 0.3343750000000001 0.4265625 0.3343750000000001 0.4359375 0.3765625000000001 0.4359375
0 0.40625 0.428125 0.3906250000000001 0.428125 0.3906250000000001 0.4375 0.40625 0.4375
0 0.540625 0.4140625 0.4171875 0.4140625 0.4171875 0.45 0.540625 0.45
0 0.5953125 0.421875 0.55 0.421875 0.55 0.4453125 0.5953125 0.4453125
0 0.6046875 0.434375 0.596875 0.434375 0.596875 0.440625 0.6046875 0.440625
0 0.6453125 0.425 0.615625 0.425 0.615625 0.4375 0.6453125 0.4375
0 0.840625 0.4156250000000001 0.64375 0.415625 0.64375 0.4546875000000001 0.840625 0.4546875000000002
0 0.24375000000000008 0.465625 0.14531250000000004 0.465625 0.14531250000000004 0.4890625 0.24375000000000008 0.4890625
0 0.2843750000000001 0.4703125 0.2593750000000001 0.4703125 0.2593750000000001 0.4859375 0.2843750000000001 0.4859375
0 0.2906250000000001 0.4859375 0.2875000000000001 0.4859375 0.2875000000000001 0.4875 0.2906250000000001 0.4875
0 0.3703125000000001 0.465625 0.3109375000000001 0.465625 0.3109375000000001 0.4890625 0.3703125000000001 0.4890625
0 0.4296875 0.4734375 0.3828125000000001 0.4734375 0.3828125000000001 0.4984375 0.4296875 0.4984375
0 0.4875 0.4734375 0.4375 0.4734375 0.4375 0.4875 0.4875 0.4875
0 0.534375 0.471875 0.4953125 0.471875 0.4953125 0.4890625 0.534375 0.4890625
0 0.584375 0.4765625 0.546875 0.4765625 0.546875 0.4875 0.584375 0.4875
0 0.6515625 0.475 0.5953125 0.475 0.5953125 0.4890625 0.6515625 0.4890625
0 0.78125 0.4671875000000001 0.665625 0.4671875 0.665625 0.4875000000000001 0.78125 0.48750000000000016
0 0.8328125 0.4671875000000002 0.79375 0.4671875000000002 0.79375 0.4859375000000002 0.8328125 0.4859375000000002
0 0.19843750000000004 0.525 0.13906250000000003 0.525 0.13906250000000003 0.5390625 0.19843750000000004 0.5390625
0 0.3000000000000001 0.5234375 0.21875000000000008 0.5234375 0.21875000000000008 0.546875 0.3000000000000001 0.546875
0 0.3906250000000001 0.5203125 0.3140625000000001 0.5203125 0.3140625000000001 0.5390625 0.3906250000000001 0.5390625
0 0.4375 0.528125 0.4078125 0.528125 0.4078125 0.5390625 0.4375 0.5390625
0 0.484375 0.5203125 0.4484375 0.5203125 0.4484375 0.5359375 0.484375 0.5359375
0 0.5609375 0.5203125 0.5046875 0.5203125 0.5046875 0.5375 0.5609375 0.5375
0 0.615625 0.5203125 0.5765625 0.5203125 0.5765625 0.5375 0.615625 0.5375
0 0.71875 0.5203125 0.634375 0.5203125 0.634375 0.55 0.71875 0.55
0 0.8078125 0.5156250000000002 0.73125 0.5156250000000002 0.73125 0.5531250000000002 0.8078125 0.5531250000000002
0 0.81875 0.5328125000000001 0.8046875 0.5328125000000001 0.8046875 0.5406250000000001 0.81875 0.5406250000000001
0 0.1671875000000001 0.571875 0.1468750000000001 0.571875 0.1468750000000001 0.590625 0.1671875000000001 0.590625
0 0.2484375000000001 0.56875 0.1921875000000001 0.56875 0.1921875000000001 0.5953125 0.2484375000000001 0.5953125
0 0.3046875000000001 0.578125 0.2687500000000001 0.578125 0.2687500000000001 0.5953125 0.3046875000000001 0.5953125
0 0.49375 0.575 0.3218750000000001 0.575 0.3218750000000001 0.596875 0.49375 0.596875
0 0.5796875 0.56875 0.5140625 0.56875 0.5140625 0.5875 0.5796875 0.5875
0 0.703125 0.5640625 0.6 0.5640625 0.6 0.5921875 0.703125 0.5921875
0 0.70625 0.584375 0.7015625 0.584375 0.7015625 0.5875 0.70625 0.5875