0 0.2265625 0.2109375 0.15937500000000004 0.2109375 0.15937500000000004 0.2375 0.2265625 0.2375
0 0.275 0.2171875 0.240625 0.2171875 0.240625 0.24375 0.275 0.24375
0 0.353125 0.2109375 0.2890625 0.2109375 0.2890625 0.2515625 0.353125 0.2515625
0 0.3890625 0.22031250000000008 0.3671875 0.22031250000000008 0.3671875 0.2375000000000001 0.3890625 0.2375000000000001
0 0.475 0.2093750000000001 0.4046875 0.2093750000000001 0.4046875 0.25468750000000007 0.475 0.25468750000000007
0 0.5515625 0.21093750000000008 0.4890625 0.21093750000000008 0.4890625 0.2390625000000001 0.5515625 0.2390625000000001
0 0.6109375 0.2218750000000001 0.5640625 0.2218750000000001 0.5640625 0.2375000000000001 0.6109375 0.2375000000000001
0 0.69375 0.22031250000000008 0.6234375 0.22031250000000008 0.6234375 0.2593750000000001 0.69375 0.2593750000000001
0 0.8359375 0.2171875000000001 0.70625 0.2171875000000001 0.70625 0.2375000000000001 0.8359375 0.2375000000000001
0 0.2421875 0.271875 0.15156250000000004 0.271875 0.15156250000000004 0.29375 0.2421875 0.29375
0 0.4109375 0.26406250000000003 0.25625 0.2640625 0.25625 0.29531250000000003 0.4109375 0.2953125000000001
0 0.4203125 0.28593750000000007 0.4140625 0.28593750000000007 0.4140625 0.30156250000000007 0.4203125 0.30156250000000007
0 0.5015625 0.2640625000000001 0.4421875 0.2640625000000001 0.4421875 0.2875000000000001 0.5015625 0.2875000000000001
0 0.584375 0.2609375000000001 0.5140625 0.2609375000000001 0.5140625 0.3031250000000001 0.584375 0.3031250000000001
0 0.6203125 0.27031250000000007 0.6 0.27031250000000007 0.6 0.2843750000000001 0.6203125 0.2843750000000001
0 0.703125 0.2687500000000001 0.6375 0.2687500000000001 0.6375 0.3031250000000001 0.703125 0.3031250000000001
0 0.753125 0.2609375000000001 0.71875 0.2609375000000001 0.71875 0.2968750000000001 0.753125 0.2968750000000001
0 0.8640625 0.2578125000000001 0.7609375 0.2578125000000001 0.7609375 0.3062500000000001 0.8640625 0.3062500000000001
0 0.228125 0.315625 0.15937500000000004 0.315625 0.15937500000000004 0.340625 0.228125 0.340625
0 0.2828125 0.315625 0.24375 0.315625 0.24375 0.340625 0.2828125 0.340625
0 0.3703125 0.31250000000000006 0.296875 0.3125 0.296875 0.33906250000000004 0.3703125 0.3390625000000001
0 0.38125 0.3343750000000001 0.378125 0.3343750000000001 0.378125 0.3359375000000001 0.38125 0.3359375000000001
0 0.3984375 0.3140625000000001 0.3890625 0.3140625000000001 0.3890625 0.3234375000000001 0.3984375 0.3234375000000001
0 0.521875 0.3156250000000001 0.4140625 0.3156250000000001 0.4140625 0.3593750000000001 0.521875 0.3593750000000001
0 0.640625 0.3125000000000001 0.540625 0.3125000000000001 0.540625 0.35625000000000007 0.640625 0.35625000000000007
0 0.6421875 0.3390625000000001 0.6359375 0.3390625000000001 0.6359375 0.3500000000000001 0.6421875 0.3500000000000001
0 0.7203125 0.3156250000000001 0.6546875 0.3156250000000001 0.6546875 0.3390625000000001 0.7203125 0.3390625000000001
0 0.8921875 0.3125000000000001 0.7296875 0.3125000000000001 0.7296875 0.3593750000000001 0.8921875 0.3593750000000001
0 0.22656250000000006 0.3609375 0.15937500000000004 0.3609375 0.15937500000000004 0.3859375 0.22656250000000008 0.3859375
0 0.3031250000000001 0.365625 0.2390625000000001 0.365625 0.2390625000000001 0.4109375 0.3031250000000001 0.4109375
0 0.3703125000000001 0.37343750000000003 0.31718750000000007 0.3734375 0.31718750000000007 0.38906250000000003 0.3703125000000001 0.3890625000000001
0 0.4546875 0.36406250000000007 0.3906250000000001 0.36406250000000007 0.3906250000000001 0.3890625000000001 0.4546875 0.3890625000000001
0 0.503125 0.37187500000000007 0.46875 0.37187500000000007 0.46875 0.38750000000000007 0.503125 0.38750000000000007
0 0.54375 0.3750000000000001 0.5203125 0.3750000000000001 0.5203125 0.38750000000000007 0.54375 0.38750000000000007
0 0.7 0.3671875000000001 0.5578125 0.3671875000000001 0.5578125 0.4046875 0.7 0.4046875
0 0.9015625 0.36406250000000007 0.7234375 0.36406250000000007 0.7234375 0.3890625000000001 0.9015625 0.3890625000000001
0 0.2156250000000001 0.4171875 0.16093750000000004 0.4171875 0.16093750000000004 0.465625 0.2156250000000001 0.465625
0 0.3031250000000001 0.4171875 0.23437500000000008 0.4171875 0.23437500000000008 0.4421875 0.3031250000000001 0.4421875
0 0.3656250000000001 0.415625 0.3218750000000001 0.415625 0.3218750000000001 0.4390625 0.3656250000000001 0.4390625
0 0.4921875 0.4140625 0.3859375000000001 0.4140625 0.3859375000000001 0.4421875 0.4921875 0.4421875
0 0.7484375 0.4125000000000001 0.5125 0.4125 0.5125 0.4437500000000001 0.7484375 0.4437500000000002
0 0.8359375 0.41406250000000017 0.7703125 0.41406250000000017 0.7703125 0.43750000000000017 0.8359375 0.43750000000000017
0 0.909375 0.41406250000000017 0.840625 0.41406250000000017 0.840625 0.43750000000000017 0.909375 0.43750000000000017
0 0.2796875000000001 0.46875 0.15000000000000005 0.46875 0.15000000000000005 0.5171875 0.2796875000000001 0.5171875
0 0.3515625000000001 0.4671875 0.2968750000000001 0.4671875 0.2968750000000001 0.490625 0.3515625000000001 0.490625
0 0.3609375000000001 0.4890625 0.3578125000000001 0.4890625 0.3578125000000001 0.490625 0.3609375000000001 0.490625
0 0.4078125 0.465625 0.3859375000000001 0.465625 0.3859375000000001 0.4890625 0.4078125 0.4890625
0 0.5375 0.4671875 0.415625 0.4671875 0.415625 0.490625 0.5375 0.490625
0 0.58125 0.4640625 0.5484375 0.4640625 0.5484375 0.4921875 0.58125 0.4921875
0 0.6671875 0.465625 0.6 0.465625 0.6 0.4890625 0.6671875 0.4890625
0 0.74375 0.46562500000000007 0.6828125 0.465625 0.6828125 0.48906250000000007 0.74375 0.4890625000000002
0 0.8140625 0.4656250000000002 0.75625 0.4656250000000002 0.75625 0.48750000000000016 0.8140625 0.48750000000000016
0 0.9078125 0.47187500000000016 0.8265625 0.47187500000000016 0.8265625 0.5078125000000002 0.9078125 0.5078125000000002
0 0.2171875000000001 0.51875 0.15156250000000004 0.51875 0.15156250000000007 0.5484375 0.2171875000000001 0.5484375
0 0.3109375000000001 0.5171875 0.2312500000000001 0.5171875 0.2312500000000001 0.5421875 0.3109375000000001 0.5421875
0 0.403125 0.5140625 0.3296875000000001 0.5140625 0.3296875000000001 0.54375 0.403125 0.54375
0 0.546875 0.5125 0.4375 0.5125 0.4375 0.5578125 0.546875 0.5578125
0 0.60625 0.5234375 0.5671875 0.5234375 0.5671875 0.5390625 0.60625 0.5390625
0 0.7625 0.5156250000000001 0.6328125 0.515625 0.6328125 0.5562500000000001 0.7625 0.5562500000000001
0 0.9390625 0.5187500000000002 0.784375 0.5187500000000002 0.784375 0.5578125000000002 0.9390625 0.5578125000000002
0 0.2000000000000001 0.5796875 0.15781250000000008 0.5796875 0.15781250000000008 0.5953125 0.2000000000000001 0.5953125
0 0.2687500000000001 0.565625 0.21875000000000008 0.565625 0.21875000000000008 0.5921875 0.2687500000000001 0.5921875
0 0.3468750000000001 0.56875 0.2765625000000001 0.56875 0.2765625000000001 0.6109375 0.3468750000000001 0.6109375
0 0.3593750000000001 0.5796875 0.3500000000000001 0.5796875 0.3500000000000001 0.6046875 0.3593750000000001 0.6046875
0 0.434375 0.565625 0.37187500000000007 0.565625 0.37187500000000007 0.59375 0.434375 0.59375
0 0.4859375 0.5625 0.4453125 0.5625 0.4453125 0.5890625 0.4859375 0.5890625
0 0.6359375 0.565625 0.5046875 0.565625 0.5046875 0.6140625 0.6359375 0.6140625
0 0.6796875 0.5640625 0.64375 0.5640625 0.64375 0.5875 0.6796875 0.5875
0 0.7203125 0.5734375 0.696875 0.5734375 0.696875 0.5890625 0.7203125 0.5890625
0 0.8078125 0.5640625000000001 0.728125 0.5640625000000001 0.728125 0.6125000000000002 0.8078125 0.6125000000000002
0 0.8921875 0.5656250000000002 0.815625 0.5656250000000002 0.815625 0.5937500000000002 0.8921875 0.5937500000000002
0 0.3031250000000001 0.615625 0.1546875000000001 0.615625 0.1546875000000001 0.6453125 0.3031250000000001 0.6453125
0 0.3390625000000001 0.6234375 0.30156250000000007 0.6234375 0.30156250000000007 0.6421875 0.3390625000000001 0.6421875