0 0.2578125 0.2203125 0.14218750000000005 0.2203125 0.14218750000000005 0.2484375 0.2578125 0.2484375
0 0.4046875 0.21718750000000003 0.2875 0.2171875 0.2875 0.23750000000000004 0.4046875 0.2375000000000001
0 0.41875 0.2328125000000001 0.4109375 0.2328125000000001 0.4109375 0.2453125000000001 0.41875 0.2453125000000001
0 0.5453125 0.21875000000000008 0.440625 0.21875000000000008 0.440625 0.2515625000000001 0.5453125 0.2515625000000001
0 0.68125 0.2218750000000001 0.578125 0.2218750000000001 0.578125 0.2453125000000001 0.68125 0.2453125000000001
0 0.703125 0.21250000000000008 0.696875 0.21250000000000008 0.696875 0.23437500000000008 0.703125 0.23437500000000008
0 0.228125 0.2734375 0.14687500000000003 0.2734375 0.14687500000000003 0.2890625 0.228125 0.2890625
0 0.421875 0.27187500000000003 0.2609375 0.271875 0.2609375 0.28906250000000006 0.421875 0.2890625000000001
0 0.5265625 0.2718750000000001 0.4578125 0.2718750000000001 0.4578125 0.2984375000000001 0.5265625 0.2984375000000001
0 0.6109375 0.2734375000000001 0.5515625 0.2734375000000001 0.5515625 0.2875000000000001 0.6109375 0.2875000000000001
0 0.771875 0.27031250000000007 0.6421875 0.27031250000000007 0.6421875 0.2890625000000001 0.771875 0.2890625000000001
0 0.8359375 0.2765625000000001 0.8015625 0.2765625000000001 0.8015625 0.2890625000000001 0.8359375 0.2890625000000001
0 0.19375000000000003 0.3234375 0.14687500000000003 0.3234375 0.14687500000000003 0.3375 0.19375000000000003 0.3375
0 0.309375 0.325 0.21875 0.325 0.21875 0.3515625 0.309375 0.3515625
0 0.365625 0.32812500000000006 0.340625 0.328125 0.340625 0.33906250000000004 0.365625 0.3390625000000001
0 0.4234375 0.3203125000000001 0.3671875 0.3203125000000001 0.3671875 0.3390625000000001 0.4234375 0.3390625000000001
0 0.4859375 0.32500000000000007 0.4578125 0.32500000000000007 0.4578125 0.3390625000000001 0.4859375 0.3390625000000001
0 0.5734375 0.3218750000000001 0.50625 0.3218750000000001 0.50625 0.3437500000000001 0.5734375 0.3437500000000001
0 0.68125 0.3234375000000001 0.5984375 0.3234375000000001 0.5984375 0.3390625000000001 0.68125 0.3390625000000001
0 0.7421875 0.32500000000000007 0.7078125 0.32500000000000007 0.7078125 0.3390625000000001 0.7421875 0.3390625000000001
0 0.8453125 0.3234375000000001 0.7703125 0.3234375000000001 0.7703125 0.34062500000000007 0.8453125 0.34062500000000007
0 0.19687500000000005 0.375 0.14218750000000005 0.375 0.14218750000000005 0.3890625 0.19687500000000005 0.3890625
0 0.2656250000000001 0.3734375 0.2171875000000001 0.3734375 0.2171875000000001 0.3890625 0.2656250000000001 0.3890625
0 0.4625 0.37187500000000007 0.2875000000000001 0.371875 0.2875000000000001 0.403125 0.4625 0.403125
0 0.540625 0.37187500000000007 0.4859375 0.37187500000000007 0.4859375 0.38750000000000007 0.540625 0.38750000000000007
0 0.65 0.3765625000000001 0.571875 0.3765625000000001 0.571875 0.4046875 0.65 0.4046875
0 0.74375 0.3734375000000001 0.6859375 0.3734375000000001 0.6859375 0.3984375000000001 0.74375 0.3984375000000001
0 0.7875 0.3765625000000001 0.7671875 0.3765625000000001 0.7671875 0.3890625000000001 0.7875 0.3890625000000001
0 0.8609375 0.37187500000000007 0.8125 0.37187500000000007 0.8125 0.38750000000000007 0.8609375 0.38750000000000007
0 0.2796875000000001 0.425 0.14843750000000006 0.425 0.14843750000000006 0.4546875 0.2796875000000001 0.4546875
0 0.4125 0.425 0.30937500000000007 0.425 0.30937500000000007 0.440625 0.4125 0.440625
0 0.4234375 0.4375 0.4203125 0.4375 0.4203125 0.4390625 0.4234375 0.4390625
0 0.484375 0.425 0.45 0.425 0.45 0.440625 0.484375 0.440625
0 0.5671875 0.4234375 0.5078125 0.4234375 0.5078125 0.4390625 0.5671875 0.4390625
0 0.6640625 0.421875 0.5953125 0.421875 0.5953125 0.4515625 0.6640625 0.4515625
0 0.8234375 0.4203125000000001 0.6984375 0.4203125 0.6984375 0.4437500000000001 0.8234375 0.4437500000000002
0 0.2718750000000001 0.475 0.14531250000000004 0.475 0.14531250000000004 0.5 0.2718750000000001 0.5
0 0.3734375000000001 0.4703125 0.2984375000000001 0.4703125 0.2984375000000001 0.490625 0.3734375000000001 0.490625
0 0.4203125 0.4734375 0.4015625 0.4734375 0.4015625 0.490625 0.4203125 0.490625
0 0.53125 0.478125 0.4421875 0.478125 0.4421875 0.490625 0.53125 0.490625
0 0.5984375 0.48125 0.5578125 0.48125 0.5578125 0.4921875 0.5984375 0.4921875
0 0.6125 0.4859375 0.6 0.4859375 0.6 0.5078125 0.6125 0.5078125
0 0.6984375 0.471875 0.640625 0.471875 0.640625 0.490625 0.6984375 0.490625
0 0.746875 0.4781250000000001 0.7234375 0.478125 0.7234375 0.48906250000000007 0.746875 0.4890625000000002
0 0.834375 0.4703125000000002 0.771875 0.4703125000000002 0.771875 0.4937500000000002 0.834375 0.4937500000000002
0 0.22656250000000008 0.5234375 0.15312500000000004 0.5234375 0.15312500000000004 0.540625 0.22656250000000008 0.540625
0 0.4015625 0.5234375 0.2593750000000001 0.5234375 0.2593750000000001 0.553125 0.4015625 0.553125
0 0.415625 0.53125 0.4109375 0.53125 0.4109375 0.540625 0.415625 0.540625
0 0.44375 0.5171875 0.4359375 0.5171875 0.4359375 0.525 0.44375 0.525
0 0.515625 0.521875 0.446875 0.521875 0.446875 0.5390625 0.515625 0.5390625
0 0.5640625 0.5234375 0.5359375 0.5234375 0.5359375 0.5390625 0.5640625 0.5390625
0 0.665625 0.525 0.59375 0.525 0.59375 0.540625 0.665625 0.540625
0 0.8078125 0.5234375000000001 0.7 0.5234375 0.7 0.5593750000000001 0.8078125 0.5593750000000002
0 0.20468750000000008 0.5890625 0.15781250000000008 0.5890625 0.15781250000000008 0.590625 0.20468750000000008 0.590625
0 0.2796875000000001 0.5765625 0.22031250000000008 0.5765625 0.22031250000000008 0.5921875 0.2796875000000001 0.5921875
0 0.3375000000000001 0.5765625 0.3078125000000001 0.5765625 0.3078125000000001 0.5921875 0.3375000000000001 0.5921875
0 0.440625 0.578125 0.3687500000000001 0.578125 0.3687500000000001 0.5921875 0.440625 0.5921875
0 0.575 0.5765625 0.471875 0.5765625 0.471875 0.6078125 0.575 0.6078125
0 0.6375 0.5859375 0.584375 0.5859375 0.584375 0.590625 0.6375 0.590625
0 0.6609375 0.559375 0.65 0.559375 0.65 0.56875 0.6609375 0.56875