0 0.2125 0.19687500000000002 0.14531250000000004 0.196875 0.14531250000000004 0.2234375 0.2125 0.2234375
0 0.2421875 0.2078125 0.2203125 0.2078125 0.2203125 0.2203125 0.2421875 0.2203125
0 0.3234375 0.19687500000000005 0.25625 0.19687500000000005 0.25625 0.225 0.3234375 0.225
0 0.4234375 0.19843750000000004 0.3359375 0.19843750000000004 0.3359375 0.22343750000000004 0.4234375 0.2234375000000001
0 0.45 0.2093750000000001 0.4296875 0.2093750000000001 0.4296875 0.2218750000000001 0.45 0.2218750000000001
0 0.5203125 0.19843750000000004 0.465625 0.19843750000000004 0.465625 0.2218750000000001 0.5203125 0.2218750000000001
0 0.675 0.2015625000000001 0.5375 0.2015625000000001 0.5375 0.2296875000000001 0.675 0.2296875000000001
0 0.7609375 0.2015625000000001 0.6921875 0.2015625000000001 0.6921875 0.2234375000000001 0.7609375 0.2234375000000001
0 0.83125 0.2000000000000001 0.7671875 0.2000000000000001 0.7671875 0.22656250000000008 0.83125 0.22656250000000008
0 0.2625 0.2484375 0.13281250000000006 0.2484375 0.13281250000000006 0.28125 0.2625 0.28125
0 0.31875 0.25 0.271875 0.25 0.271875 0.275 0.31875 0.275
0 0.45 0.2515625 0.334375 0.2515625 0.334375 0.27812500000000007 0.45 0.27812500000000007
0 0.53125 0.2500000000000001 0.4703125 0.2500000000000001 0.4703125 0.2718750000000001 0.53125 0.2718750000000001
0 0.65625 0.2500000000000001 0.546875 0.2500000000000001 0.546875 0.2734375000000001 0.65625 0.2734375000000001
0 0.6640625 0.2687500000000001 0.6546875 0.2687500000000001 0.6546875 0.27812500000000007 0.6640625 0.27812500000000007
0 0.7625 0.2515625000000001 0.671875 0.2515625000000001 0.671875 0.2796875000000001 0.7625 0.2796875000000001
0 0.2125 0.2984375 0.13437500000000005 0.2984375 0.13437500000000005 0.325 0.2125 0.325
0 0.3046875 0.3109375 0.234375 0.3109375 0.234375 0.325 0.3046875 0.325
0 0.390625 0.31250000000000006 0.3203125 0.3125 0.3203125 0.32656250000000003 0.390625 0.3265625000000001
0 0.5109375 0.2984375000000001 0.4046875 0.2984375000000001 0.4046875 0.3234375000000001 0.5109375 0.3234375000000001
0 0.590625 0.2984375000000001 0.51875 0.2984375000000001 0.51875 0.3234375000000001 0.590625 0.3234375000000001
0 0.603125 0.3187500000000001 0.6015625 0.3187500000000001 0.6015625 0.3203125000000001 0.603125 0.3203125000000001
0 0.690625 0.2984375000000001 0.6125 0.2984375000000001 0.6125 0.3234375000000001 0.690625 0.3234375000000001
0 0.7640625 0.30937500000000007 0.7015625 0.30937500000000007 0.7015625 0.3218750000000001 0.7640625 0.3218750000000001
0 0.26093750000000004 0.3515625 0.12968750000000004 0.3515625 0.12968750000000004 0.3859375 0.2609375000000001 0.3859375
0 0.30937500000000007 0.3515625 0.275 0.3515625 0.275 0.375 0.30937500000000007 0.375
0 0.384375 0.34687500000000004 0.3203125 0.346875 0.32031250000000006 0.37812500000000004 0.3843750000000001 0.3781250000000001
0 0.4375 0.34843750000000007 0.3921875 0.34843750000000007 0.3921875 0.3750000000000001 0.4375 0.3750000000000001
0 0.6125 0.3468750000000001 0.45625 0.3468750000000001 0.45625 0.3843750000000001 0.6125 0.3843750000000001
0 0.6171875 0.3671875000000001 0.6109375 0.3671875000000001 0.6109375 0.3765625000000001 0.6171875 0.3765625000000001
0 0.7390625 0.34843750000000007 0.6296875 0.34843750000000007 0.6296875 0.3781250000000001 0.7390625 0.3781250000000001
0 0.7484375 0.3687500000000001 0.740625 0.3687500000000001 0.740625 0.3765625000000001 0.7484375 0.3765625000000001
0 0.846875 0.3468750000000001 0.753125 0.3468750000000001 0.753125 0.3843750000000001 0.846875 0.3843750000000001
0 0.2093750000000001 0.4 0.12812500000000004 0.4 0.12812500000000004 0.4328125 0.2093750000000001 0.4328125
0 0.3031250000000001 0.4125 0.22656250000000008 0.4125 0.22656250000000008 0.4328125 0.3031250000000001 0.4328125
0 0.5078125 0.39843750000000006 0.3234375000000001 0.3984375 0.3234375000000001 0.43125 0.5078125 0.43125
0 0.528125 0.415625 0.515625 0.415625 0.515625 0.43125 0.528125 0.43125
0 0.603125 0.4015625 0.5359375 0.4015625 0.5359375 0.4265625 0.603125 0.4265625
0 0.709375 0.3968750000000001 0.603125 0.3968750000000001 0.603125 0.43125 0.709375 0.43125
0 0.7765625 0.4000000000000002 0.73125 0.4000000000000002 0.73125 0.42500000000000016 0.7765625 0.42500000000000016
0 0.2453125000000001 0.4515625 0.13125000000000003 0.4515625 0.13125000000000003 0.4765625 0.2453125000000001 0.4765625
0 0.2968750000000001 0.453125 0.2578125000000001 0.453125 0.2578125000000001 0.478125 0.2968750000000001 0.478125
0 0.3921875000000001 0.453125 0.3078125000000001 0.453125 0.3078125000000001 0.4796875 0.3921875000000001 0.4796875
0 0.434375 0.465625 0.409375 0.465625 0.409375 0.4765625 0.434375 0.4765625
0 0.5640625 0.453125 0.4453125 0.453125 0.4453125 0.4765625 0.5640625 0.4765625
0 0.6828125 0.4515625 0.578125 0.4515625 0.578125 0.478125 0.6828125 0.478125
0 0.7265625 0.4546875000000001 0.6890625 0.4546875 0.6890625 0.4781250000000001 0.7265625 0.4781250000000002
0 0.7921875 0.44843750000000016 0.7421875 0.44843750000000016 0.7421875 0.4750000000000002 0.7921875 0.4750000000000002
0 0.2828125000000001 0.5 0.13437500000000005 0.5 0.13437500000000005 0.53125 0.2828125000000001 0.53125
0 0.3843750000000001 0.5046875 0.3125000000000001 0.5046875 0.3125000000000001 0.5359375 0.3843750000000001 0.5359375
0 0.546875 0.503125 0.421875 0.503125 0.421875 0.53125 0.546875 0.53125
0 0.6125 0.5125 0.55625 0.5125 0.55625 0.528125 0.6125 0.528125