0 0.18906250000000005 0.19843750000000002 0.15468750000000003 0.1984375 0.15468750000000003 0.221875 0.18906250000000005 0.221875
0 0.3046875 0.19687500000000005 0.209375 0.19687500000000005 0.209375 0.221875 0.3046875 0.221875
0 0.378125 0.20312500000000006 0.321875 0.203125 0.321875 0.22031250000000005 0.378125 0.22031250000000008
0 0.425 0.2000000000000001 0.3921875 0.2000000000000001 0.3921875 0.22031250000000008 0.425 0.22031250000000008
0 0.4640625 0.20468750000000008 0.4328125 0.20468750000000008 0.4328125 0.22031250000000008 0.4640625 0.22031250000000008
0 0.5171875 0.19843750000000004 0.4734375 0.19843750000000004 0.4734375 0.2218750000000001 0.5171875 0.2218750000000001
0 0.5296875 0.19687500000000005 0.5265625 0.19687500000000005 0.5265625 0.22031250000000008 0.5296875 0.22031250000000008
0 0.5703125 0.19687500000000008 0.55 0.19687500000000008 0.55 0.22031250000000008 0.5703125 0.22031250000000008
0 0.6359375 0.1984375000000001 0.5859375 0.1984375000000001 0.5859375 0.2218750000000001 0.6359375 0.2218750000000001
0 0.7625 0.2000000000000001 0.646875 0.2000000000000001 0.646875 0.22031250000000008 0.7625 0.22031250000000008
0 0.8546875 0.20312500000000008 0.7796875 0.20312500000000008 0.7796875 0.22031250000000008 0.8546875 0.22031250000000008
0 0.17500000000000004 0.246875 0.15468750000000003 0.246875 0.15468750000000003 0.26875 0.17500000000000004 0.26875
0 0.3 0.2484375 0.19375000000000003 0.2484375 0.19375000000000003 0.2734375 0.3 0.2734375
0 0.3734375 0.25000000000000006 0.3203125 0.25 0.3203125 0.27187500000000003 0.3734375 0.2718750000000001
0 0.4390625 0.2562500000000001 0.3921875 0.2562500000000001 0.3921875 0.2718750000000001 0.4390625 0.2718750000000001
0 0.49375 0.2484375000000001 0.45625 0.2484375000000001 0.45625 0.27031250000000007 0.49375 0.27031250000000007
0 0.5671875 0.2562500000000001 0.5046875 0.2562500000000001 0.5046875 0.27031250000000007 0.5671875 0.27031250000000007
0 0.659375 0.2484375000000001 0.5890625 0.2484375000000001 0.5890625 0.28593750000000007 0.659375 0.28593750000000007
0 0.771875 0.2562500000000001 0.675 0.2562500000000001 0.675 0.27031250000000007 0.771875 0.27031250000000007
0 0.8171875 0.2593750000000001 0.784375 0.2593750000000001 0.784375 0.2718750000000001 0.8171875 0.2718750000000001
0 0.19531250000000006 0.2984375 0.15312500000000004 0.2984375 0.15312500000000004 0.321875 0.19531250000000006 0.321875
0 0.2609375 0.3078125 0.215625 0.3078125 0.215625 0.3359375 0.2609375 0.3359375
0 0.275 0.3171875 0.2734375 0.3171875 0.2734375 0.31875 0.275 0.31875
0 0.38125 0.2984375 0.2953125 0.2984375 0.2953125 0.321875 0.38125 0.3218750000000001
0 0.446875 0.3046875000000001 0.3984375 0.3046875000000001 0.3984375 0.3218750000000001 0.446875 0.3218750000000001
0 0.515625 0.3078125000000001 0.465625 0.3078125000000001 0.465625 0.3343750000000001 0.515625 0.3343750000000001
0 0.6484375 0.3031250000000001 0.5359375 0.3031250000000001 0.5359375 0.3218750000000001 0.6484375 0.3218750000000001
0 0.6875 0.30156250000000007 0.6640625 0.30156250000000007 0.6640625 0.3234375000000001 0.6875 0.3234375000000001
0 0.746875 0.3031250000000001 0.7 0.3031250000000001 0.7 0.3234375000000001 0.746875 0.3234375000000001
0 0.8078125 0.3031250000000001 0.75625 0.3031250000000001 0.75625 0.3218750000000001 0.8078125 0.3218750000000001
0 0.8578125 0.3046875000000001 0.828125 0.3046875000000001 0.828125 0.3234375000000001 0.8578125 0.3234375000000001
0 0.21406250000000004 0.3546875 0.15781250000000005 0.3546875 0.15781250000000005 0.371875 0.2140625000000001 0.371875
0 0.22187500000000004 0.359375 0.215625 0.359375 0.21562500000000004 0.38125 0.2218750000000001 0.38125
0 0.28437500000000004 0.3515625 0.240625 0.3515625 0.24062500000000003 0.3734375 0.2843750000000001 0.3734375
0 0.35000000000000003 0.35 0.2953125 0.35 0.29531250000000003 0.371875 0.3500000000000001 0.371875
0 0.45625 0.34843750000000007 0.36875 0.34843750000000007 0.36875 0.37187500000000007 0.45625 0.37187500000000007
0 0.5203125 0.3515625000000001 0.465625 0.3515625000000001 0.465625 0.37187500000000007 0.5203125 0.37187500000000007
0 0.5890625 0.3531250000000001 0.534375 0.3531250000000001 0.534375 0.3843750000000001 0.5890625 0.3843750000000001
0 0.7 0.3515625000000001 0.6046875 0.3515625000000001 0.6046875 0.3734375000000001 0.7 0.3734375000000001
0 0.7703125 0.3500000000000001 0.7171875 0.3500000000000001 0.7171875 0.37968750000000007 0.7703125 0.37968750000000007
0 0.884375 0.3515625000000001 0.7828125 0.3515625000000001 0.7828125 0.3734375000000001 0.884375 0.3734375000000001
0 0.21875000000000008 0.3984375 0.15781250000000005 0.3984375 0.15781250000000005 0.4234375 0.21875000000000008 0.4234375
0 0.3500000000000001 0.3984375 0.23593750000000008 0.3984375 0.23593750000000008 0.425 0.3500000000000001 0.425
0 0.3656250000000001 0.4203125 0.3578125000000001 0.4203125 0.3578125000000001 0.4359375 0.3656250000000001 0.4359375
0 0.41875 0.409375 0.3812500000000001 0.409375 0.3812500000000001 0.4234375 0.41875 0.4234375
0 0.475 0.4 0.4296875 0.4 0.4296875 0.434375 0.475 0.434375
0 0.5265625 0.4109375 0.4921875 0.4109375 0.4921875 0.4234375 0.5265625 0.4234375
0 0.5640625 0.403125 0.5453125 0.403125 0.5453125 0.4234375 0.5640625 0.4234375
0 0.653125 0.403125 0.5734375 0.403125 0.5734375 0.4234375 0.653125 0.4234375
0 0.70625 0.40625 0.6703125 0.40625 0.6703125 0.4234375 0.70625 0.4234375
0 0.85625 0.4031250000000002 0.728125 0.4031250000000002 0.728125 0.4265625000000002 0.85625 0.4265625000000002
0 0.8640625 0.42187500000000017 0.853125 0.42187500000000017 0.853125 0.4359375000000002 0.8640625 0.4359375000000002
0 0.2250000000000001 0.45 0.16406250000000006 0.45 0.16406250000000006 0.4734375 0.2250000000000001 0.4734375
0 0.2671875000000001 0.4515625 0.24218750000000008 0.4515625 0.24218750000000008 0.4734375 0.2671875000000001 0.4734375
0 0.3687500000000001 0.4546875 0.28593750000000007 0.4546875 0.28593750000000007 0.475 0.3687500000000001 0.475
0 0.41875 0.4609375 0.3859375000000001 0.4609375 0.3859375000000001 0.475 0.41875 0.475
0 0.509375 0.453125 0.4390625 0.453125 0.4390625 0.475 0.509375 0.475
0 0.6265625 0.4515625 0.5171875 0.4515625 0.5171875 0.475 0.6265625 0.475
0 0.665625 0.4515625 0.6375 0.4515625 0.6375 0.475 0.665625 0.475
0 0.7109375 0.4546875 0.6796875 0.4546875 0.6796875 0.475 0.7109375 0.475
0 0.771875 0.4546875000000001 0.7234375 0.4546875 0.7234375 0.4765625000000001 0.771875 0.47656250000000017
0 0.853125 0.45312500000000017 0.79375 0.45312500000000017 0.79375 0.4750000000000002 0.853125 0.4750000000000002
0 0.2250000000000001 0.50625 0.17187500000000006 0.50625 0.17187500000000006 0.5390625 0.2250000000000001 0.5390625
0 0.2765625000000001 0.4984375 0.2468750000000001 0.4984375 0.2468750000000001 0.5359375 0.2765625000000001 0.5359375
0 0.3984375000000001 0.5015625 0.29375000000000007 0.5015625 0.29375000000000007 0.5390625 0.3984375000000001 0.5390625
0 0.428125 0.5015625 0.409375 0.5015625 0.409375 0.525 0.428125 0.525
0 0.4359375 0.51875 0.4328125 0.51875 0.4328125 0.521875 0.4359375 0.521875