0 0.2640625 0.2109375 0.16875000000000004 0.2109375 0.16875000000000004 0.234375 0.2640625 0.234375
0 0.3421875 0.2203125 0.2890625 0.2203125 0.2890625 0.2296875 0.3421875 0.2296875
0 0.4125 0.2093750000000001 0.3828125 0.2093750000000001 0.3828125 0.22812500000000008 0.4125 0.22812500000000008
0 0.5078125 0.2093750000000001 0.45 0.2093750000000001 0.45 0.22812500000000008 0.5078125 0.22812500000000008
0 0.61875 0.21093750000000008 0.5359375 0.21093750000000008 0.5359375 0.22812500000000008 0.61875 0.22812500000000008
0 0.7 0.21250000000000008 0.6390625 0.21250000000000008 0.6390625 0.2312500000000001 0.7 0.2312500000000001
0 0.7578125 0.2078125000000001 0.721875 0.2078125000000001 0.721875 0.2406250000000001 0.7578125 0.2406250000000001
0 0.803125 0.2093750000000001 0.7578125 0.2093750000000001 0.7578125 0.22812500000000008 0.803125 0.22812500000000008
0 0.2796875 0.25625 0.16718750000000004 0.25625 0.16718750000000004 0.2796875 0.2796875 0.2796875
0 0.4171875 0.26250000000000007 0.2984375 0.2625 0.2984375 0.27812500000000007 0.4171875 0.27812500000000007
0 0.49375 0.2656250000000001 0.446875 0.2656250000000001 0.446875 0.2765625000000001 0.49375 0.2765625000000001
0 0.684375 0.26250000000000007 0.5390625 0.26250000000000007 0.5390625 0.27812500000000007 0.684375 0.27812500000000007
0 0.90625 0.2609375000000001 0.7046875 0.2609375000000001 0.7046875 0.2843750000000001 0.90625 0.2843750000000001
0 0.2328125 0.3078125 0.16093750000000004 0.3078125 0.16093750000000004 0.3375 0.2328125 0.3375
0 0.340625 0.3140625 0.2796875 0.3140625 0.2796875 0.3328125 0.340625 0.3328125
0 0.4734375 0.3140625 0.3421875 0.3140625 0.3421875 0.34062500000000007 0.4734375 0.34062500000000007
0 0.59375 0.3156250000000001 0.528125 0.3156250000000001 0.528125 0.34062500000000007 0.59375 0.34062500000000007
0 0.6671875 0.3203125000000001 0.6265625 0.3203125000000001 0.6265625 0.3296875000000001 0.6671875 0.3296875000000001
0 0.7734375 0.3078125000000001 0.696875 0.3078125000000001 0.696875 0.3296875000000001 0.7734375 0.3296875000000001
0 0.9390625 0.3078125000000001 0.8125 0.3078125000000001 0.8125 0.3421875000000001 0.9390625 0.3421875000000001
0 0.34687500000000004 0.3546875 0.17187500000000006 0.3546875 0.17187500000000006 0.378125 0.3468750000000001 0.378125
0 0.3468750000000001 0.371875 0.3437500000000001 0.371875 0.3437500000000001 0.375 0.3468750000000001 0.375
0 0.4359375 0.3515625000000001 0.4046875 0.3515625000000001 0.4046875 0.3812500000000001 0.4359375 0.3812500000000001
0 0.490625 0.36406250000000007 0.45625 0.36406250000000007 0.45625 0.3750000000000001 0.490625 0.3750000000000001
0 0.58125 0.3671875000000001 0.525 0.3671875000000001 0.525 0.3765625000000001 0.58125 0.3765625000000001
0 0.7203125 0.3625000000000001 0.6125 0.3625000000000001 0.6125 0.37968750000000007 0.7203125 0.37968750000000007
0 0.85625 0.3656250000000001 0.74375 0.3656250000000001 0.74375 0.3828125000000001 0.85625 0.3828125000000001
0 0.3515625000000001 0.41875 0.16093750000000004 0.41875 0.16093750000000004 0.44375 0.3515625000000001 0.44375
0 0.3671875000000001 0.4328125 0.3578125000000001 0.4328125 0.3578125000000001 0.44375 0.3671875000000001 0.44375
0 0.453125 0.4140625 0.4234375 0.4140625 0.4234375 0.4328125 0.453125 0.4328125
0 0.553125 0.421875 0.4828125 0.421875 0.4828125 0.4375 0.553125 0.4375
0 0.6203125 0.415625 0.5921875 0.415625 0.5921875 0.4328125 0.6203125 0.4328125
0 0.7203125 0.4140625 0.646875 0.4140625 0.646875 0.43125 0.7203125 0.43125
0 0.7734375 0.4281250000000002 0.7421875 0.4281250000000002 0.7421875 0.4359375000000002 0.7734375 0.4359375000000002
0 0.85625 0.4265625000000002 0.8 0.4265625000000002 0.8 0.4359375000000002 0.85625 0.4359375000000002
0 0.2406250000000001 0.4703125 0.16250000000000003 0.4703125 0.16250000000000003 0.48125 0.2406250000000001 0.48125
0 0.39531250000000007 0.465625 0.3109375000000001 0.465625 0.3109375000000001 0.484375 0.39531250000000007 0.484375
0 0.53125 0.4625 0.4375 0.4625 0.4375 0.4953125 0.53125 0.4953125
0 0.6640625 0.4546875 0.5625 0.4546875 0.5625 0.4890625 0.6640625 0.4890625
0 0.8171875 0.4609375000000001 0.696875 0.4609375 0.696875 0.4828125000000001 0.8171875 0.4828125000000002
0 0.33281250000000007 0.5125 0.17968750000000006 0.5125 0.17968750000000006 0.5375 0.33281250000000007 0.5375
0 0.3531250000000001 0.528125 0.3500000000000001 0.528125 0.3500000000000001 0.5296875 0.3531250000000001 0.5296875
0 0.4484375 0.5078125 0.425 0.5078125 0.425 0.5296875 0.4484375 0.5296875
0 0.48125 0.51875 0.4515625 0.51875 0.4515625 0.5296875 0.48125 0.5296875
0 0.5640625 0.5203125 0.5296875 0.5203125 0.5296875 0.53125 0.5640625 0.53125
0 0.6078125 0.5203125 0.5875 0.5203125 0.5875 0.5234375 0.6078125 0.5234375
0 0.6921875 0.515625 0.63125 0.515625 0.63125 0.5359375 0.6921875 0.5359375
0 0.6921875 0.5375 0.6828125 0.5375 0.6828125 0.5453125 0.6921875 0.5453125
0 0.7859375 0.5156250000000001 0.7046875 0.515625 0.7046875 0.5390625000000001 0.7859375 0.5390625000000002
0 0.8625 0.5218750000000002 0.8265625 0.5218750000000002 0.8265625 0.5343750000000002 0.8625 0.5343750000000002
0 0.22812500000000008 0.5765625 0.1687500000000001 0.5765625 0.1687500000000001 0.596875 0.22812500000000008 0.596875
0 0.32500000000000007 0.5703125 0.3000000000000001 0.5703125 0.3000000000000001 0.5875 0.32500000000000007 0.5875
0 0.4296875 0.56875 0.3734375000000001 0.56875 0.3734375000000001 0.5890625 0.4296875 0.5890625
0 0.50625 0.5671875 0.475 0.5671875 0.475 0.590625 0.50625 0.590625
0 0.715625 0.565625 0.55625 0.565625 0.55625 0.59375 0.715625 0.59375
0 0.796875 0.5765625000000002 0.7640625 0.5765625000000002 0.7640625 0.5843750000000002 0.796875 0.5843750000000002
0 0.821875 0.5765625000000002 0.80625 0.5765625000000002 0.80625 0.5828125000000002 0.821875 0.5828125000000002
0 0.31718750000000007 0.6140625 0.1765625000000001 0.6140625 0.1765625000000001 0.6375 0.31718750000000007 0.6375
0 0.3500000000000001 0.63125 0.3468750000000001 0.63125 0.3468750000000001 0.634375 0.3500000000000001 0.634375
0 0.4921875 0.6140625 0.4015625 0.6140625 0.4015625 0.634375 0.4921875 0.634375
0 0.6484375 0.6125 0.5625 0.6125 0.5625 0.6359375 0.6484375 0.6359375
0 0.8546875 0.6140625000000001 0.703125 0.6140625 0.703125 0.6359375 0.8546875 0.6359375000000002
0 0.2296875000000001 0.6734375 0.17187500000000008 0.6734375 0.17187500000000008 0.6828125 0.2296875000000001 0.6828125
0 0.2687500000000001 0.6859375 0.2593750000000001 0.6859375 0.2593750000000001 0.6984375 0.2687500000000001 0.6984375
0 0.46875 0.665625 0.31718750000000007 0.665625 0.31718750000000007 0.7015625 0.46875 0.7015625
0 0.665625 0.665625 0.4953125 0.665625 0.4953125 0.69375 0.665625 0.69375
0 0.865625 0.6656250000000001 0.7140625 0.665625 0.7140625 0.690625 0.865625 0.6906250000000002
0 0.8765625 0.6890625000000001 0.8640625 0.6890625000000001 0.8640625 0.7031250000000002 0.8765625 0.7031250000000002
0 0.1906250000000001 0.71875 0.18125000000000008 0.71875 0.18125000000000008 0.734375 0.1906250000000001 0.734375
0 0.3500000000000001 0.7140625 0.2171875000000001 0.7140625 0.2171875000000001 0.7359375 0.3500000000000001 0.7359375
0 0.4031250000000002 0.7265625 0.3921875000000001 0.7265625 0.3921875000000001 0.73125 0.4031250000000002 0.73125
0 0.5062500000000001 0.7125 0.434375 0.7125 0.43437500000000007 0.7359375 0.5062500000000002 0.7359375
0 0.5250000000000001 0.7265625 0.5093750000000001 0.7265625 0.5093750000000001 0.7515625 0.5250000000000001 0.7515625
0 0.64375 0.7109375 0.584375 0.7109375 0.5843750000000001 0.734375 0.6437500000000002 0.734375
0 0.6484375000000002 0.7375 0.6421875000000001 0.7375 0.6421875000000001 0.7453125 0.6484375000000002 0.7453125
0 0.7359375000000001 0.7156250000000001 0.6765625 0.715625 0.6765625000000001 0.7343750000000001 0.7359375000000001 0.7343750000000002
0 0.8828125 0.7171875000000002 0.7765625 0.7171875000000002 0.7765625 0.7375000000000002 0.8828125 0.7375000000000002
0 0.89375 0.7375000000000002 0.8796875 0.7375000000000002 0.8796875 0.7500000000000002 0.89375 0.7500000000000002
0 0.2218750000000001 0.775 0.1843750000000001 0.775 0.1843750000000001 0.7859375 0.2218750000000001 0.7859375
0 0.8734375 0.7562500000000001 0.23437500000000008 0.75625 0.23437500000000008 0.7906250000000001 0.8734375 0.7906250000000001
0 0.2812500000000001 0.775 0.26250000000000007 0.775 0.26250000000000007 0.7828125 0.2812500000000001 0.7828125
0 0.8734375 0.7562500000000001 0.23437500000000008 0.75625 0.23437500000000008 0.7906250000000001 0.8734375 0.7906250000000001
0 0.884375 0.7562500000000001 0.2328125000000001 0.75625 0.2328125000000001 0.7906250000000001 0.884375 0.7906250000000001
0 0.94375 0.7703125000000002 0.8875 0.7703125000000002 0.8875 0.7859375000000002 0.94375 0.7859375000000002
0 0.9546875 0.7843750000000002 0.9515625 0.7843750000000002 0.9515625 0.7859375000000002 0.9546875 0.7859375000000002