0 0.2015625 0.25625 0.15468750000000003 0.25625 0.15468750000000003 0.2796875 0.2015625 0.2796875
0 0.2765625 0.26875 0.2171875 0.26875 0.2171875 0.2765625 0.2765625 0.2765625
0 0.3703125 0.259375 0.2984375 0.259375 0.2984375 0.2828125 0.3703125 0.2828125000000001
0 0.490625 0.2656250000000001 0.4046875 0.2656250000000001 0.4046875 0.2812500000000001 0.490625 0.2812500000000001
0 0.5875 0.2671875000000001 0.5203125 0.2671875000000001 0.5203125 0.2812500000000001 0.5875 0.2812500000000001
0 0.6921875 0.2671875000000001 0.6046875 0.2671875000000001 0.6046875 0.2843750000000001 0.6921875 0.2843750000000001
0 0.74375 0.2734375000000001 0.7140625 0.2734375000000001 0.7140625 0.2828125000000001 0.74375 0.2828125000000001
0 0.8359375 0.2671875000000001 0.7515625 0.2671875000000001 0.7515625 0.2875000000000001 0.8359375 0.2875000000000001
0 0.8796875 0.2671875000000001 0.853125 0.2671875000000001 0.853125 0.28593750000000007 0.8796875 0.28593750000000007
0 0.18437500000000004 0.31875 0.15312500000000004 0.31875 0.15312500000000004 0.3296875 0.18437500000000004 0.3296875
0 0.2328125 0.309375 0.2140625 0.309375 0.2140625 0.3296875 0.2328125 0.3296875
0 0.296875 0.3109375 0.275 0.3109375 0.275 0.3296875 0.296875 0.3296875
0 0.3640625 0.30781250000000004 0.321875 0.3078125 0.321875 0.3296875 0.3640625 0.3296875000000001
0 0.4515625 0.3078125000000001 0.3890625 0.3078125000000001 0.3890625 0.3312500000000001 0.4515625 0.3312500000000001
0 0.525 0.3140625000000001 0.4734375 0.3140625000000001 0.4734375 0.33281250000000007 0.525 0.33281250000000007
0 0.603125 0.3140625000000001 0.540625 0.3140625000000001 0.540625 0.3375000000000001 0.603125 0.3375000000000001
0 0.615625 0.3312500000000001 0.6078125 0.3312500000000001 0.6078125 0.3390625000000001 0.615625 0.3390625000000001
0 0.6765625 0.3187500000000001 0.6265625 0.3187500000000001 0.6265625 0.33281250000000007 0.6765625 0.33281250000000007
0 0.75625 0.31718750000000007 0.6890625 0.31718750000000007 0.6890625 0.33281250000000007 0.75625 0.33281250000000007
0 0.8390625 0.3156250000000001 0.76875 0.3156250000000001 0.76875 0.3375000000000001 0.8390625 0.3375000000000001
0 0.25312500000000004 0.3625 0.15156250000000004 0.3625 0.15156250000000004 0.384375 0.2531250000000001 0.384375
0 0.3578125000000001 0.3640625 0.2843750000000001 0.3640625 0.2843750000000001 0.3796875 0.3578125000000001 0.3796875
0 0.4640625 0.36406250000000007 0.3703125000000001 0.36406250000000007 0.3703125000000001 0.3828125000000001 0.4640625 0.3828125000000001
0 0.5484375 0.3734375000000001 0.4828125 0.3734375000000001 0.4828125 0.3843750000000001 0.5484375 0.3843750000000001
0 0.6671875 0.3656250000000001 0.565625 0.3656250000000001 0.565625 0.3843750000000001 0.6671875 0.3843750000000001
0 0.6859375 0.3812500000000001 0.678125 0.3812500000000001 0.678125 0.38750000000000007 0.6859375 0.38750000000000007
0 0.8265625 0.3656250000000001 0.696875 0.3656250000000001 0.696875 0.3843750000000001 0.8265625 0.3843750000000001
0 0.875 0.3656250000000001 0.8484375 0.3656250000000001 0.8484375 0.3859375000000001 0.875 0.3859375000000001
0 0.2171875000000001 0.4125 0.14531250000000004 0.4125 0.14531250000000004 0.4296875 0.2171875000000001 0.4296875
0 0.3062500000000001 0.409375 0.2531250000000001 0.409375 0.2531250000000001 0.4296875 0.3062500000000001 0.4296875
0 0.3984375000000001 0.425 0.33281250000000007 0.425 0.33281250000000007 0.4421875 0.3984375000000001 0.4421875
0 0.50625 0.4171875 0.4234375 0.4171875 0.4234375 0.4375 0.50625 0.4375
0 0.5734375 0.425 0.528125 0.425 0.528125 0.4328125 0.5734375 0.4328125
0 0.6765625 0.415625 0.5875 0.415625 0.5875 0.44375 0.6765625 0.44375
0 0.8078125 0.41875000000000007 0.7 0.41875 0.7 0.4390625000000001 0.8078125 0.4390625000000002
0 0.8546875 0.4156250000000002 0.8265625 0.4156250000000002 0.8265625 0.4343750000000002 0.8546875 0.4343750000000002
0 0.25468750000000007 0.4625 0.13593750000000004 0.4625 0.13593750000000004 0.48125 0.25468750000000007 0.48125
0 0.3531250000000001 0.465625 0.2921875000000001 0.465625 0.2921875000000001 0.4796875 0.3531250000000001 0.4796875
0 0.49375 0.4625 0.37187500000000007 0.4625 0.37187500000000007 0.4875 0.49375 0.4875
0 0.596875 0.4671875 0.5078125 0.4671875 0.5078125 0.4875 0.596875 0.4875
0 0.6890625 0.46875 0.6078125 0.46875 0.6078125 0.4859375 0.6890625 0.4859375
0 0.70625 0.4828125 0.7 0.4828125 0.7 0.4890625 0.70625 0.4890625
0 0.8578125 0.4687500000000001 0.7140625 0.46875 0.7140625 0.5046875000000001 0.8578125 0.5046875000000002
0 0.865625 0.48437500000000017 0.85625 0.48437500000000017 0.85625 0.4937500000000002 0.865625 0.4937500000000002
0 0.21250000000000008 0.515625 0.14375000000000004 0.515625 0.14375000000000004 0.5296875 0.21250000000000008 0.5296875
0 0.3031250000000001 0.515625 0.2406250000000001 0.515625 0.2406250000000001 0.55 0.3031250000000001 0.55
0 0.3937500000000001 0.525 0.3140625000000001 0.525 0.3140625000000001 0.5359375 0.3937500000000001 0.5359375
0 0.4046875 0.53125 0.4015625 0.53125 0.4015625 0.534375 0.4046875 0.534375
0 0.4609375 0.5125 0.43125 0.5125 0.43125 0.5296875 0.4609375 0.5296875
0 0.478125 0.5296875 0.4703125 0.5296875 0.4703125 0.5375 0.478125 0.5375
0 0.5875 0.51875 0.4859375 0.51875 0.4859375 0.54375 0.5875 0.54375
0 0.6671875 0.515625 0.6140625 0.515625 0.6140625 0.5359375 0.6671875 0.5359375
0 0.8 0.51875 0.6859375 0.51875 0.6859375 0.5359375000000001 0.8 0.5359375000000002
0 0.8546875 0.5203125000000002 0.8265625 0.5203125000000002 0.8265625 0.5359375000000002 0.8546875 0.5359375000000002
0 0.22812500000000008 0.5578125 0.1453125000000001 0.5578125 0.1453125000000001 0.5796875 0.22812500000000008 0.5796875
0 0.22812500000000008 0.58125 0.21875000000000008 0.58125 0.21875000000000008 0.5875 0.22812500000000008 0.5875
0 0.3109375000000001 0.5609375 0.2500000000000001 0.5609375 0.2500000000000001 0.6015625 0.3109375000000001 0.6015625
0 0.3937500000000001 0.5609375 0.34062500000000007 0.5609375 0.34062500000000007 0.5875 0.3937500000000001 0.5875
0 0.446875 0.5671875 0.3937500000000001 0.5671875 0.3937500000000001 0.5875 0.446875 0.5875
0 0.5625 0.5578125 0.46875 0.5578125 0.46875 0.5953125 0.5625 0.5953125
0 0.65 0.5625 0.5828125 0.5625 0.5828125 0.5859375 0.65 0.5859375
0 0.7484375 0.5640625000000001 0.6640625 0.5640625 0.6640625 0.5843750000000001 0.7484375 0.5843750000000002
0 0.7828125 0.5656250000000002 0.7671875 0.5656250000000002 0.7671875 0.5859375000000002 0.7828125 0.5859375000000002
0 0.803125 0.5781250000000002 0.7796875 0.5781250000000002 0.7796875 0.5843750000000002 0.803125 0.5843750000000002
0 0.89375 0.5640625000000001 0.815625 0.5640625000000001 0.815625 0.5890625000000002 0.89375 0.5890625000000002
0 0.2218750000000001 0.6125 0.1468750000000001 0.6125 0.1468750000000001 0.6328125 0.2218750000000001 0.6328125
0 0.4 0.615625 0.2484375000000001 0.615625 0.2484375000000001 0.6484375 0.4 0.6484375
0 0.471875 0.6234375 0.4296875 0.6234375 0.4296875 0.634375 0.471875 0.634375
0 0.6625 0.61875 0.4765625 0.61875 0.4765625 0.6515625 0.6625 0.6515625
0 0.8390625 0.6171875000000001 0.6921875 0.6171875 0.6921875 0.6453125000000001 0.8390625 0.6453125000000002
0 0.840625 0.6328125000000002 0.8296875 0.6328125000000002 0.8296875 0.6421875000000001 0.840625 0.6421875000000001
0 0.90625 0.6281250000000002 0.8484375 0.6281250000000002 0.8484375 0.6578125000000001 0.90625 0.6578125000000001
0 0.2062500000000001 0.6703125 0.15000000000000008 0.6703125 0.15000000000000008 0.7078125 0.2062500000000001 0.7078125
0 0.2734375000000001 0.6671875 0.2484375000000001 0.6671875 0.2484375000000001 0.6859375 0.2734375000000001 0.6859375
0 0.39531250000000007 0.6609375 0.3000000000000001 0.6609375 0.3000000000000001 0.6984375 0.39531250000000007 0.6984375
0 0.503125 0.6671875 0.421875 0.6671875 0.421875 0.684375 0.503125 0.684375
0 0.5171875 0.6625 0.4984375 0.6625 0.4984375 0.690625 0.5171875 0.690625
0 0.596875 0.6640625 0.53125 0.6640625 0.53125 0.684375 0.596875 0.684375
0 0.68125 0.6640625 0.6078125 0.6640625 0.6078125 0.684375 0.68125 0.684375
0 0.815625 0.6687500000000001 0.7046875 0.66875 0.7046875 0.690625 0.815625 0.6906250000000002
0 0.89375 0.6781250000000002 0.80625 0.6781250000000002 0.80625 0.7031250000000002 0.89375 0.7031250000000002
0 0.2250000000000001 0.7171875 0.14218750000000008 0.7171875 0.14218750000000008 0.7453125 0.2250000000000001 0.7453125
0 0.2796875000000001 0.7125 0.25468750000000007 0.7125 0.25468750000000007 0.7453125 0.2796875000000001 0.7453125
0 0.3531250000000001 0.7125 0.30156250000000007 0.7125 0.30156250000000007 0.7359375 0.3531250000000001 0.7359375
0 0.4531250000000001 0.7140625 0.3765625000000001 0.7140625 0.3765625000000001 0.7375 0.45312500000000017 0.7375
0 0.5281250000000001 0.715625 0.465625 0.715625 0.46562500000000007 0.7359375 0.5281250000000002 0.7359375
0 0.5343750000000002 0.734375 0.5234375000000002 0.734375 0.5234375000000002 0.74375 0.5343750000000002 0.74375
0 0.6171875000000001 0.7171875 0.55 0.7171875 0.55 0.7375 0.6171875000000002 0.7375
0 0.6843750000000002 0.728125 0.6234375000000002 0.728125 0.6234375000000002 0.7375 0.6843750000000002 0.7375
0 0.8234375 0.7140625 0.6984375 0.7140625 0.6984375 0.7437500000000001 0.8234375 0.7437500000000001
0 0.9046875 0.7156250000000002 0.84375 0.7156250000000002 0.84375 0.7375000000000002 0.9046875 0.7375000000000002
0 0.95 0.7390625000000002 0.9203125 0.7390625000000002 0.9203125 0.7437500000000001 0.95 0.7437500000000001