0 0.228125 0.2 0.14531250000000004 0.2 0.14531250000000004 0.2234375 0.228125 0.2234375
0 0.328125 0.2015625 0.2671875 0.2015625 0.2671875 0.2234375 0.328125 0.2234375
0 0.3875 0.20156250000000003 0.3546875 0.2015625 0.3546875 0.22187500000000004 0.3875 0.2218750000000001
0 0.4765625 0.2000000000000001 0.4140625 0.2000000000000001 0.4140625 0.2218750000000001 0.4765625 0.2218750000000001
0 0.5171875 0.20312500000000008 0.4875 0.20312500000000008 0.4875 0.2218750000000001 0.5171875 0.2218750000000001
0 0.5359375 0.20312500000000008 0.5203125 0.20312500000000008 0.5203125 0.2218750000000001 0.5359375 0.2218750000000001
0 0.6015625 0.20312500000000008 0.5625 0.20312500000000008 0.5625 0.2234375000000001 0.6015625 0.2234375000000001
0 0.6296875 0.20312500000000008 0.6125 0.20312500000000008 0.6125 0.2234375000000001 0.6296875 0.2234375000000001
0 0.759375 0.20468750000000008 0.659375 0.20468750000000008 0.659375 0.2234375000000001 0.759375 0.2234375000000001
0 0.8265625 0.21093750000000008 0.7890625 0.21093750000000008 0.7890625 0.2218750000000001 0.8265625 0.2218750000000001
0 0.19218750000000004 0.2515625 0.15000000000000005 0.2515625 0.15000000000000005 0.2734375 0.19218750000000004 0.2734375
0 0.4234375 0.2515625 0.228125 0.2515625 0.228125 0.290625 0.4234375 0.2906250000000001
0 0.425 0.27031250000000007 0.4234375 0.27031250000000007 0.4234375 0.2734375000000001 0.425 0.2734375000000001
0 0.4796875 0.2578125000000001 0.446875 0.2578125000000001 0.446875 0.2734375000000001 0.4796875 0.2734375000000001
0 0.58125 0.2531250000000001 0.50625 0.2531250000000001 0.50625 0.2750000000000001 0.58125 0.2750000000000001
0 0.659375 0.2578125000000001 0.6265625 0.2578125000000001 0.6265625 0.2734375000000001 0.659375 0.2734375000000001
0 0.8234375 0.2562500000000001 0.7 0.2562500000000001 0.7 0.2765625000000001 0.8234375 0.2765625000000001
0 0.9125 0.26250000000000007 0.834375 0.26250000000000007 0.834375 0.2750000000000001 0.9125 0.2750000000000001
0 0.303125 0.303125 0.14843750000000006 0.303125 0.14843750000000006 0.325 0.303125 0.325
0 0.3609375 0.3171875 0.321875 0.3171875 0.321875 0.3265625 0.3609375 0.3265625
0 0.4734375 0.3062500000000001 0.3953125 0.3062500000000001 0.3953125 0.32500000000000007 0.4734375 0.32500000000000007
0 0.5078125 0.3062500000000001 0.4890625 0.3062500000000001 0.4890625 0.3265625000000001 0.5078125 0.3265625000000001
0 0.56875 0.3140625000000001 0.5046875 0.3140625000000001 0.5046875 0.32500000000000007 0.56875 0.32500000000000007
0 0.628125 0.30937500000000007 0.603125 0.30937500000000007 0.603125 0.3234375000000001 0.628125 0.3234375000000001
0 0.6828125 0.3140625000000001 0.646875 0.3140625000000001 0.646875 0.32500000000000007 0.6828125 0.32500000000000007
0 0.909375 0.30937500000000007 0.7140625 0.30937500000000007 0.7140625 0.3390625000000001 0.909375 0.3390625000000001
0 0.32500000000000007 0.35625 0.14531250000000004 0.35625 0.14531250000000004 0.375 0.32500000000000007 0.375
0 0.403125 0.36406250000000007 0.3546875000000001 0.3640625 0.3546875000000001 0.3765625 0.403125 0.3765625000000001
0 0.4390625 0.35625000000000007 0.403125 0.35625000000000007 0.403125 0.3812500000000001 0.4390625 0.3812500000000001
0 0.5203125 0.35625000000000007 0.46875 0.35625000000000007 0.46875 0.3765625000000001 0.5203125 0.3765625000000001
0 0.6078125 0.36406250000000007 0.55 0.36406250000000007 0.55 0.38750000000000007 0.6078125 0.38750000000000007
0 0.778125 0.35625000000000007 0.6515625 0.35625000000000007 0.6515625 0.3750000000000001 0.778125 0.3750000000000001
0 0.8328125 0.3656250000000001 0.778125 0.3656250000000001 0.778125 0.3921875000000001 0.8328125 0.3921875000000001
0 0.9 0.36406250000000007 0.8640625 0.36406250000000007 0.8640625 0.3843750000000001 0.9 0.3843750000000001
0 0.9140625 0.3734375000000001 0.8984375 0.3734375000000001 0.8984375 0.3828125000000001 0.9140625 0.3828125000000001
0 0.18125000000000005 0.4125 0.14531250000000004 0.4125 0.14531250000000004 0.4265625 0.18125000000000005 0.4265625
0 0.2984375000000001 0.4140625 0.2171875000000001 0.4140625 0.2171875000000001 0.428125 0.2984375000000001 0.428125
0 0.3671875000000001 0.415625 0.3296875000000001 0.415625 0.3296875000000001 0.4265625 0.3671875000000001 0.4265625
0 0.4390625 0.40625 0.4046875 0.40625 0.4046875 0.425 0.4390625 0.425
0 0.553125 0.409375 0.4765625 0.409375 0.4765625 0.4265625 0.553125 0.4265625
0 0.6859375 0.4078125 0.5671875 0.4078125 0.5671875 0.43125 0.6859375 0.43125
0 0.7375 0.4140625000000001 0.715625 0.4140625 0.715625 0.42656250000000007 0.7375 0.4265625000000002
0 0.846875 0.3984375000000001 0.7671875 0.3984375000000001 0.7671875 0.43281250000000016 0.846875 0.43281250000000016
0 0.3187500000000001 0.4546875 0.14375000000000004 0.4546875 0.14375000000000004 0.4796875 0.3187500000000001 0.4796875
0 0.4046875 0.4484375 0.3609375000000001 0.4484375 0.3609375000000001 0.4859375 0.4046875 0.4859375
0 0.4796875 0.459375 0.4359375 0.459375 0.4359375 0.4765625 0.4796875 0.4765625
0 0.6328125 0.4578125 0.5109375 0.4578125 0.5109375 0.4859375 0.6328125 0.4859375
0 0.6484375 0.4671875 0.6375 0.4671875 0.6375 0.475 0.6484375 0.475
0 0.6765625 0.453125 0.671875 0.453125 0.671875 0.459375 0.6765625 0.459375
0 0.7421875 0.4562500000000001 0.684375 0.45625 0.684375 0.4765625000000001 0.7421875 0.47656250000000017
0 0.81875 0.4578125000000002 0.7640625 0.4578125000000002 0.7640625 0.4781250000000002 0.81875 0.4781250000000002
0 0.2734375000000001 0.5078125 0.13593750000000004 0.5078125 0.13593750000000004 0.534375 0.2734375000000001 0.534375
0 0.2812500000000001 0.5234375 0.27031250000000007 0.5234375 0.27031250000000007 0.5296875 0.2812500000000001 0.5296875
0 0.4109375 0.5078125 0.3125000000000001 0.5078125 0.3125000000000001 0.528125 0.4109375 0.528125
0 0.4171875 0.525 0.409375 0.525 0.409375 0.53125 0.4171875 0.53125
0 0.51875 0.509375 0.4375 0.509375 0.4375 0.546875 0.51875 0.546875
0 0.596875 0.515625 0.5640625 0.515625 0.5640625 0.528125 0.596875 0.528125
0 0.8015625 0.5078125000000001 0.63125 0.5078125 0.63125 0.5468750000000001 0.8015625 0.5468750000000002
0 0.8734375 0.5171875000000001 0.8296875 0.5171875000000001 0.8296875 0.5296875000000002 0.8734375 0.5296875000000002
0 0.2234375000000001 0.5640625 0.1375000000000001 0.5640625 0.1375000000000001 0.5890625 0.2234375000000001 0.5890625
0 0.4828125 0.55625 0.2609375000000001 0.55625 0.2609375000000001 0.5953125 0.4828125 0.5953125
0 0.496875 0.5734375 0.4921875 0.5734375 0.4921875 0.5765625 0.496875 0.5765625
0 0.521875 0.55625 0.5171875 0.55625 0.5171875 0.5609375 0.521875 0.5609375