0 0.19687500000000005 0.2078125 0.14687500000000003 0.2078125 0.14687500000000003 0.228125 0.19687500000000005 0.228125
0 0.2578125 0.209375 0.2296875 0.209375 0.2296875 0.228125 0.2578125 0.228125
0 0.3484375 0.2109375 0.28125 0.2109375 0.28125 0.2296875 0.3484375 0.2296875
0 0.39375 0.22343750000000004 0.359375 0.2234375 0.359375 0.24218750000000006 0.39375 0.24218750000000008
0 0.46875 0.21093750000000008 0.4078125 0.21093750000000008 0.4078125 0.23437500000000008 0.46875 0.23437500000000008
0 0.5125 0.21093750000000008 0.4859375 0.21093750000000008 0.4859375 0.23437500000000008 0.5125 0.23437500000000008
0 0.5890625 0.21093750000000008 0.5296875 0.21093750000000008 0.5296875 0.23437500000000008 0.5890625 0.23437500000000008
0 0.64375 0.2093750000000001 0.6015625 0.2093750000000001 0.6015625 0.2468750000000001 0.64375 0.2468750000000001
0 0.6765625 0.22812500000000008 0.6625 0.22812500000000008 0.6625 0.23593750000000008 0.6765625 0.23593750000000008
0 0.7484375 0.2062500000000001 0.684375 0.2062500000000001 0.684375 0.2468750000000001 0.7484375 0.2468750000000001
0 0.8171875 0.21093750000000008 0.7546875 0.21093750000000008 0.7546875 0.24375000000000008 0.8171875 0.24375000000000008
0 0.8609375 0.2093750000000001 0.8234375 0.2093750000000001 0.8234375 0.24218750000000008 0.8609375 0.24218750000000008
0 0.19531250000000006 0.25625 0.14843750000000006 0.25625 0.14843750000000006 0.2765625 0.19531250000000006 0.2765625
0 0.2640625 0.2578125 0.2125 0.2578125 0.2125 0.2875 0.2640625 0.2875
0 0.3421875 0.2625 0.2890625 0.2625 0.2890625 0.2796875 0.3421875 0.2796875
0 0.434375 0.26093750000000004 0.3625 0.2609375 0.3625 0.28125000000000006 0.434375 0.2812500000000001
0 0.5109375 0.2578125000000001 0.4421875 0.2578125000000001 0.4421875 0.2828125000000001 0.5109375 0.2828125000000001
0 0.553125 0.26250000000000007 0.5265625 0.26250000000000007 0.5265625 0.2828125000000001 0.553125 0.2828125000000001
0 0.6390625 0.26250000000000007 0.5828125 0.26250000000000007 0.5828125 0.2843750000000001 0.6390625 0.2843750000000001
0 0.7078125 0.26250000000000007 0.6484375 0.26250000000000007 0.6484375 0.2875000000000001 0.7078125 0.2875000000000001
0 0.75625 0.2656250000000001 0.734375 0.2656250000000001 0.734375 0.2828125000000001 0.75625 0.2828125000000001
0 0.828125 0.2593750000000001 0.775 0.2593750000000001 0.775 0.28593750000000007 0.828125 0.28593750000000007
0 0.2578125 0.3078125 0.14062500000000006 0.3078125 0.14062500000000006 0.3421875 0.2578125 0.3421875
0 0.3109375 0.31875 0.2828125 0.31875 0.2828125 0.3296875 0.3109375 0.3296875
0 0.3984375 0.30781250000000004 0.334375 0.3078125 0.334375 0.3375 0.3984375 0.3375000000000001
0 0.5453125 0.30937500000000007 0.4265625 0.30937500000000007 0.4265625 0.3437500000000001 0.5453125 0.3437500000000001
0 0.55 0.3296875000000001 0.546875 0.3296875000000001 0.546875 0.33281250000000007 0.55 0.33281250000000007
0 0.6890625 0.3109375000000001 0.5796875 0.3109375000000001 0.5796875 0.34843750000000007 0.6890625 0.34843750000000007
0 0.79375 0.3156250000000001 0.7125 0.3156250000000001 0.7125 0.3515625000000001 0.79375 0.3515625000000001
0 0.846875 0.3156250000000001 0.80625 0.3156250000000001 0.80625 0.3375000000000001 0.846875 0.3375000000000001
0 0.8859375 0.3078125000000001 0.86875 0.3078125000000001 0.86875 0.3359375000000001 0.8859375 0.3359375000000001
0 0.20156250000000003 0.3546875 0.14687500000000003 0.3546875 0.14687500000000003 0.38125 0.2015625000000001 0.38125
0 0.30937500000000007 0.36875 0.2375000000000001 0.36875 0.2375000000000001 0.3984375 0.30937500000000007 0.3984375
0 0.37343750000000003 0.35781250000000003 0.3390625 0.3578125 0.33906250000000004 0.39531250000000007 0.3734375000000001 0.39531250000000007
0 0.4125 0.37187500000000007 0.3812500000000001 0.37187500000000007 0.3812500000000001 0.3812500000000001 0.4125 0.3812500000000001
0 0.4875 0.3734375000000001 0.434375 0.3734375000000001 0.434375 0.3828125000000001 0.4875 0.3828125000000001
0 0.5796875 0.3578125000000001 0.5265625 0.3578125000000001 0.5265625 0.3843750000000001 0.5796875 0.3843750000000001
0 0.659375 0.3578125000000001 0.5921875 0.3578125000000001 0.5921875 0.3859375000000001 0.659375 0.3859375000000001
0 0.7203125 0.3546875000000001 0.6796875 0.3546875000000001 0.6796875 0.39531250000000007 0.7203125 0.39531250000000007
0 0.8796875 0.36406250000000007 0.7484375 0.36406250000000007 0.7484375 0.38750000000000007 0.8796875 0.38750000000000007
0 0.18281250000000004 0.4171875 0.15468750000000003 0.4171875 0.15468750000000003 0.428125 0.18281250000000004 0.428125
0 0.3437500000000001 0.4109375 0.2140625000000001 0.4109375 0.2140625000000001 0.4484375 0.3437500000000001 0.4484375
0 0.35625000000000007 0.4265625 0.3437500000000001 0.4265625 0.3437500000000001 0.4390625 0.35625000000000007 0.4390625
0 0.4390625 0.40625 0.3843750000000001 0.40625 0.3843750000000001 0.43125 0.4390625 0.43125
0 0.503125 0.409375 0.4671875 0.409375 0.4671875 0.434375 0.503125 0.434375
0 0.6640625 0.409375 0.5375 0.409375 0.5375 0.434375 0.6640625 0.434375
0 0.7984375 0.41093750000000007 0.6828125 0.4109375 0.6828125 0.4406250000000001 0.7984375 0.44062500000000016
0 0.8453125 0.4125000000000002 0.8078125 0.4125000000000002 0.8078125 0.44531250000000017 0.8453125 0.44531250000000017
0 0.26250000000000007 0.45625 0.15468750000000003 0.45625 0.15468750000000003 0.49375 0.26250000000000007 0.49375
0 0.36406250000000007 0.4609375 0.2921875000000001 0.4609375 0.2921875000000001 0.4859375 0.36406250000000007 0.4859375
0 0.415625 0.4609375 0.37968750000000007 0.4609375 0.37968750000000007 0.4859375 0.415625 0.4859375
0 0.50625 0.4609375 0.4375 0.4609375 0.4375 0.4828125 0.50625 0.4828125
0 0.659375 0.4625 0.54375 0.4625 0.54375 0.5015625 0.659375 0.5015625
0 0.7734375 0.46562500000000007 0.6859375 0.465625 0.6859375 0.4875000000000001 0.7734375 0.48750000000000016
0 0.8484375 0.4656250000000002 0.78125 0.4656250000000002 0.78125 0.49218750000000017 0.8484375 0.49218750000000017
0 0.23437500000000008 0.5046875 0.15000000000000005 0.5046875 0.15000000000000005 0.5390625 0.23437500000000008 0.5390625
0 0.3140625000000001 0.5046875 0.2750000000000001 0.5046875 0.2750000000000001 0.5390625 0.3140625000000001 0.5390625
0 0.4015625 0.5078125 0.33281250000000007 0.5078125 0.33281250000000007 0.534375 0.4015625 0.534375
0 0.5609375 0.509375 0.4421875 0.509375 0.4421875 0.5546875 0.5609375 0.5546875
0 0.609375 0.5171875 0.578125 0.5171875 0.578125 0.5390625 0.609375 0.5390625
0 0.6734375 0.509375 0.628125 0.509375 0.628125 0.5359375 0.6734375 0.5359375
0 0.778125 0.5093750000000001 0.6875 0.509375 0.6875 0.5437500000000001 0.778125 0.5437500000000002
0 0.7984375 0.5312500000000002 0.7921875 0.5312500000000002 0.7921875 0.5359375000000002 0.7984375 0.5359375000000002
0 0.8859375 0.5125000000000002 0.8234375 0.5125000000000002 0.8234375 0.5359375000000002 0.8859375 0.5359375000000002
0 0.24218750000000008 0.5578125 0.1531250000000001 0.5578125 0.1531250000000001 0.584375 0.24218750000000008 0.584375
0 0.3453125000000001 0.559375 0.2750000000000001 0.559375 0.2750000000000001 0.5828125 0.3453125000000001 0.5828125
0 0.4609375 0.5609375 0.3843750000000001 0.5609375 0.3843750000000001 0.584375 0.4609375 0.584375
0 0.5640625 0.5671875 0.5 0.5671875 0.5 0.5859375 0.5640625 0.5859375
0 0.578125 0.58125 0.55625 0.58125 0.55625 0.6 0.578125 0.6
0 0.6203125 0.5609375 0.5859375 0.5609375 0.5859375 0.5953125 0.6203125 0.5953125
0 0.671875 0.5734375 0.61875 0.5734375 0.61875 0.584375 0.671875 0.584375
0 0.6796875 0.58125 0.66875 0.58125 0.66875 0.590625 0.6796875 0.590625
0 0.7375 0.5625000000000001 0.70625 0.5625 0.70625 0.5843750000000001 0.7375 0.5843750000000002
0 0.846875 0.5640625000000001 0.7578125 0.5640625000000001 0.7578125 0.5859375000000002 0.846875 0.5859375000000002
0 0.8828125 0.5640625000000001 0.85 0.5640625000000001 0.85 0.5890625000000002 0.8828125 0.5890625000000002
0 0.2234375000000001 0.609375 0.15000000000000008 0.609375 0.15000000000000008 0.6359375 0.2234375000000001 0.6359375
0 0.2953125000000001 0.621875 0.25468750000000007 0.621875 0.25468750000000007 0.6328125 0.2953125000000001 0.6328125
0 0.3984375000000001 0.6140625 0.3265625000000001 0.6140625 0.3265625000000001 0.6375 0.3984375000000001 0.6375
0 0.5140625 0.61875 0.43125 0.61875 0.43125 0.65 0.5140625 0.65
0 0.5296875 0.6328125 0.5203125 0.6328125 0.5203125 0.64375 0.5296875 0.64375
0 0.625 0.6203125 0.546875 0.6203125 0.546875 0.640625 0.625 0.640625
0 0.709375 0.6140625 0.65625 0.6140625 0.65625 0.640625 0.709375 0.640625
0 0.765625 0.6171875000000002 0.734375 0.6171875000000002 0.734375 0.6421875000000001 0.765625 0.6421875000000001
0 0.821875 0.6218750000000002 0.7890625 0.6218750000000002 0.7890625 0.6421875000000001 0.821875 0.6421875000000001
0 0.2484375000000001 0.6625 0.1375000000000001 0.6625 0.1375000000000001 0.6828125 0.2484375000000001 0.6828125
0 0.30937500000000007 0.6578125 0.27031250000000007 0.6578125 0.27031250000000007 0.684375 0.30937500000000007 0.684375
0 0.38750000000000007 0.6578125 0.3140625000000001 0.6578125 0.3140625000000001 0.6984375 0.38750000000000007 0.6984375
0 0.5015625 0.6609375 0.4046875 0.6609375 0.4046875 0.6859375 0.5015625 0.6859375
0 0.58125 0.665625 0.521875 0.665625 0.521875 0.6890625 0.58125 0.6890625
0 0.7 0.6671875 0.609375 0.6671875 0.609375 0.690625 0.7 0.690625
0 0.7671875 0.6796875000000002 0.7296875 0.6796875000000002 0.7296875 0.6890625000000001 0.7671875 0.6890625000000001
0 0.8546875 0.6734375000000001 0.7921875 0.6734375000000001 0.7921875 0.6921875000000002 0.8546875 0.6921875000000002
0 0.1750000000000001 0.7078125 0.1312500000000001 0.7078125 0.1312500000000001 0.734375 0.1750000000000001 0.734375
0 0.27812500000000007 0.703125 0.1843750000000001 0.703125 0.1843750000000001 0.7484375 0.27812500000000007 0.7484375
0 0.3468750000000001 0.7046875 0.3062500000000001 0.7046875 0.3062500000000001 0.74375 0.3468750000000001 0.74375
0 0.4843750000000001 0.725 0.3687500000000001 0.725 0.3687500000000001 0.7484375 0.48437500000000017 0.7484375
0 0.4984375000000002 0.7328125 0.4781250000000002 0.7328125 0.4781250000000002 0.7515625 0.4984375000000002 0.7515625
0 0.6375000000000001 0.71875 0.5140625 0.71875 0.5140625000000001 0.75625 0.6375000000000002 0.75625
0 0.7734375000000001 0.7156250000000001 0.65625 0.715625 0.6562500000000001 0.7609375 0.7734375000000002 0.7609375000000002
0 0.7843750000000002 0.7390625000000002 0.7734375000000002 0.7390625000000002 0.7734375000000002 0.7500000000000002 0.7843750000000002 0.7500000000000002
0 0.878125 0.7250000000000002 0.79375 0.7250000000000002 0.7937500000000001 0.7515625000000001 0.878125 0.7515625000000001
0 0.896875 0.7421875000000002 0.884375 0.7421875000000002 0.884375 0.7468750000000002 0.896875 0.7468750000000002