0 0.2 0.20625 0.14531250000000004 0.20625 0.14531250000000004 0.2234375 0.2 0.2234375
0 0.3484375 0.2046875 0.215625 0.2046875 0.215625 0.23125 0.3484375 0.23125
0 0.4203125 0.20781250000000004 0.3625 0.2078125 0.3625 0.22656250000000006 0.4203125 0.22656250000000008
0 0.465625 0.2062500000000001 0.434375 0.2062500000000001 0.434375 0.22656250000000008 0.465625 0.22656250000000008
0 0.615625 0.2062500000000001 0.48125 0.2062500000000001 0.48125 0.2250000000000001 0.615625 0.2250000000000001
0 0.7265625 0.2078125000000001 0.6328125 0.2078125000000001 0.6328125 0.2234375000000001 0.7265625 0.2234375000000001
0 0.8015625 0.21250000000000008 0.7328125 0.21250000000000008 0.7328125 0.2234375000000001 0.8015625 0.2234375000000001
0 0.8625 0.2093750000000001 0.809375 0.2093750000000001 0.809375 0.2250000000000001 0.8625 0.2250000000000001
0 0.9421875 0.21250000000000008 0.871875 0.21250000000000008 0.871875 0.2218750000000001 0.9421875 0.2218750000000001
0 0.203125 0.2546875 0.14062500000000006 0.2546875 0.14062500000000006 0.271875 0.203125 0.271875
0 0.2359375 0.2640625 0.215625 0.2640625 0.215625 0.2734375 0.2359375 0.2734375
0 0.421875 0.259375 0.2515625 0.259375 0.2515625 0.28125000000000006 0.421875 0.2812500000000001
0 0.4640625 0.2578125000000001 0.4359375 0.2578125000000001 0.4359375 0.27812500000000007 0.4640625 0.27812500000000007
0 0.60625 0.2593750000000001 0.4765625 0.2593750000000001 0.4765625 0.2750000000000001 0.60625 0.2750000000000001
0 0.7609375 0.25468750000000007 0.621875 0.25468750000000007 0.621875 0.2750000000000001 0.7609375 0.2750000000000001
0 0.8078125 0.2593750000000001 0.7765625 0.2593750000000001 0.7765625 0.2734375000000001 0.8078125 0.2734375000000001
0 0.884375 0.25468750000000007 0.821875 0.25468750000000007 0.821875 0.2734375000000001 0.884375 0.2734375000000001
0 0.2234375 0.3109375 0.14062500000000006 0.3109375 0.14062500000000006 0.33125 0.2234375 0.33125
0 0.340625 0.30625 0.2375 0.30625 0.2375 0.325 0.340625 0.325
0 0.3546875 0.3203125 0.3484375 0.3203125 0.3484375 0.328125 0.3546875 0.328125
0 0.4109375 0.30781250000000004 0.3578125 0.3078125 0.3578125 0.3296875 0.4109375 0.3296875000000001
0 0.4984375 0.3078125000000001 0.421875 0.3078125000000001 0.421875 0.3312500000000001 0.4984375 0.3312500000000001
0 0.684375 0.3046875000000001 0.5140625 0.3046875000000001 0.5140625 0.33281250000000007 0.684375 0.33281250000000007
0 0.7453125 0.3046875000000001 0.690625 0.3046875000000001 0.690625 0.3234375000000001 0.7453125 0.3234375000000001
0 0.9109375 0.3078125000000001 0.75625 0.3078125000000001 0.75625 0.33281250000000007 0.9109375 0.33281250000000007
0 0.17031250000000003 0.35625 0.14062500000000006 0.35625 0.14062500000000006 0.3796875 0.17031250000000003 0.3796875
0 0.24062500000000003 0.3578125 0.18593750000000003 0.3578125 0.18593750000000003 0.3828125 0.2406250000000001 0.3828125
0 0.32500000000000007 0.365625 0.2515625000000001 0.365625 0.2515625000000001 0.375 0.32500000000000007 0.375
0 0.50625 0.35781250000000003 0.334375 0.3578125 0.33437500000000003 0.384375 0.50625 0.3843750000000001
0 0.515625 0.37187500000000007 0.5109375 0.37187500000000007 0.5109375 0.3812500000000001 0.515625 0.3812500000000001
0 0.6171875 0.3578125000000001 0.51875 0.3578125000000001 0.51875 0.3750000000000001 0.6171875 0.3750000000000001
0 0.7140625 0.3593750000000001 0.625 0.3593750000000001 0.625 0.3859375000000001 0.7140625 0.3859375000000001
0 0.80625 0.3609375000000001 0.721875 0.3609375000000001 0.721875 0.3828125000000001 0.80625 0.3828125000000001
0 0.896875 0.3546875000000001 0.821875 0.3546875000000001 0.821875 0.3750000000000001 0.896875 0.3750000000000001
0 0.909375 0.3703125000000001 0.903125 0.3703125000000001 0.903125 0.3734375000000001 0.909375 0.3734375000000001
0 0.2156250000000001 0.4078125 0.13593750000000004 0.4078125 0.13593750000000004 0.428125 0.2156250000000001 0.428125
0 0.3187500000000001 0.40625 0.22812500000000008 0.40625 0.22812500000000008 0.4265625 0.3187500000000001 0.4265625
0 0.3671875000000001 0.40625 0.3312500000000001 0.40625 0.3312500000000001 0.43125 0.3671875000000001 0.43125
0 0.4328125 0.40625 0.3812500000000001 0.40625 0.3812500000000001 0.4265625 0.4328125 0.4265625
0 0.5859375 0.409375 0.4390625 0.409375 0.4390625 0.428125 0.5859375 0.428125
0 0.6515625 0.40625 0.596875 0.40625 0.596875 0.4296875 0.6515625 0.4296875
0 0.68125 0.40625 0.65625 0.40625 0.65625 0.4265625 0.68125 0.4265625
0 0.7484375 0.4093750000000001 0.690625 0.409375 0.690625 0.42656250000000007 0.7484375 0.4265625000000002
0 0.8234375 0.4078125000000002 0.75625 0.4078125000000002 0.75625 0.4265625000000002 0.8234375 0.4265625000000002
0 0.890625 0.41718750000000016 0.8328125 0.41718750000000016 0.8328125 0.4343750000000002 0.890625 0.4343750000000002
0 0.22812500000000008 0.4546875 0.13750000000000004 0.4546875 0.13750000000000004 0.484375 0.22812500000000008 0.484375
0 0.3750000000000001 0.4578125 0.24375000000000008 0.4578125 0.24375000000000008 0.478125 0.3750000000000001 0.478125
0 0.4125 0.46875 0.38750000000000007 0.46875 0.38750000000000007 0.478125 0.4125 0.478125
0 0.6046875 0.459375 0.4265625 0.459375 0.4265625 0.4875 0.6046875 0.4875
0 0.79375 0.4531250000000001 0.615625 0.453125 0.615625 0.4921875000000001 0.79375 0.49218750000000017
0 0.934375 0.4593750000000002 0.803125 0.4593750000000002 0.803125 0.48437500000000017 0.934375 0.48437500000000017
0 0.24375000000000008 0.5078125 0.12968750000000004 0.5078125 0.12968750000000004 0.528125 0.24375000000000008 0.528125
0 0.3578125000000001 0.509375 0.25468750000000007 0.509375 0.25468750000000007 0.534375 0.3578125000000001 0.534375
0 0.403125 0.50625 0.36406250000000007 0.50625 0.36406250000000007 0.5265625 0.403125 0.5265625
0 0.4890625 0.509375 0.41875 0.509375 0.41875 0.528125 0.4890625 0.528125
0 0.628125 0.509375 0.4984375 0.509375 0.4984375 0.528125 0.628125 0.528125
0 0.7546875 0.5093750000000001 0.64375 0.509375 0.64375 0.5296875000000001 0.7546875 0.5296875000000002
0 0.85 0.5078125000000002 0.7671875 0.5078125000000002 0.7671875 0.5328125000000001 0.85 0.5328125000000001
0 0.2015625000000001 0.559375 0.14062500000000008 0.559375 0.14062500000000008 0.5765625 0.2015625000000001 0.5765625
0 0.3984375000000001 0.559375 0.21875000000000008 0.559375 0.21875000000000008 0.5765625 0.3984375000000001 0.5765625
0 0.4734375 0.5609375 0.4171875 0.5609375 0.4171875 0.5765625 0.4734375 0.5765625
0 0.65625 0.559375 0.490625 0.559375 0.490625 0.58125 0.65625 0.58125
0 0.771875 0.5609375000000001 0.671875 0.5609375 0.671875 0.58125 0.771875 0.5812500000000002
0 0.94375 0.5640625000000001 0.78125 0.5640625000000001 0.78125 0.5828125000000002 0.94375 0.5828125000000002
0 0.2468750000000001 0.6046875 0.12656250000000008 0.6046875 0.12656250000000008 0.6265625 0.2468750000000001 0.6265625
0 0.3296875000000001 0.6078125 0.2562500000000001 0.6078125 0.2562500000000001 0.628125 0.3296875000000001 0.628125
0 0.465625 0.6171875 0.3468750000000001 0.6171875 0.3468750000000001 0.6375 0.465625 0.6375
0 0.5390625 0.6171875 0.4875 0.6171875 0.4875 0.634375 0.5390625 0.634375
0 0.66875 0.6046875 0.553125 0.6046875 0.553125 0.6421875 0.66875 0.6421875
0 0.7390625 0.6093750000000001 0.678125 0.609375 0.678125 0.6296875000000001 0.7390625 0.6296875000000002
0 0.871875 0.6078125000000002 0.759375 0.6078125000000002 0.759375 0.6312500000000002 0.871875 0.6312500000000002
0 0.2078125000000001 0.6546875 0.1375000000000001 0.6546875 0.1375000000000001 0.6859375 0.2078125000000001 0.6859375
0 0.2890625000000001 0.65625 0.2328125000000001 0.65625 0.2328125000000001 0.6765625 0.2890625000000001 0.6765625
0 0.4609375 0.6546875 0.3125000000000001 0.6546875 0.3125000000000001 0.678125 0.4609375 0.678125
0 0.5046875 0.65625 0.46875 0.65625 0.46875 0.6765625 0.5046875 0.6765625