0 0.18281250000000004 0.2078125 0.13593750000000004 0.2078125 0.13593750000000004 0.228125 0.18281250000000004 0.228125
0 0.3046875 0.2125 0.19375000000000003 0.2125 0.19375000000000003 0.2359375 0.3046875 0.2359375
0 0.359375 0.215625 0.3296875 0.215625 0.3296875 0.23125 0.359375 0.23125
0 0.465625 0.2140625000000001 0.38125 0.2140625000000001 0.38125 0.2312500000000001 0.465625 0.2312500000000001
0 0.5359375 0.2156250000000001 0.4921875 0.2156250000000001 0.4921875 0.2296875000000001 0.5359375 0.2296875000000001
0 0.578125 0.2171875000000001 0.553125 0.2171875000000001 0.553125 0.2312500000000001 0.578125 0.2312500000000001
0 0.6328125 0.2171875000000001 0.603125 0.2171875000000001 0.603125 0.2312500000000001 0.6328125 0.2312500000000001
0 0.690625 0.2218750000000001 0.6625 0.2218750000000001 0.6625 0.2312500000000001 0.690625 0.2312500000000001
0 0.8140625 0.2140625000000001 0.715625 0.2140625000000001 0.715625 0.23593750000000008 0.8140625 0.23593750000000008
0 0.8609375 0.2218750000000001 0.83125 0.2218750000000001 0.83125 0.2296875000000001 0.8609375 0.2296875000000001
0 0.16562500000000005 0.2640625 0.13437500000000005 0.2640625 0.13437500000000005 0.28125 0.16562500000000005 0.28125
0 0.2296875 0.2640625 0.17968750000000006 0.2640625 0.17968750000000006 0.2828125 0.2296875 0.2828125
0 0.290625 0.2625 0.2515625 0.2625 0.2515625 0.2796875 0.290625 0.2796875
0 0.3609375 0.2640625 0.3109375 0.2640625 0.3109375 0.2796875 0.3609375 0.2796875
0 0.5484375 0.2656250000000001 0.3828125 0.2656250000000001 0.3828125 0.2812500000000001 0.5484375 0.2812500000000001
0 0.553125 0.27812500000000007 0.5421875 0.27812500000000007 0.5421875 0.2875000000000001 0.553125 0.2875000000000001
0 0.5875 0.2671875000000001 0.5640625 0.2671875000000001 0.5640625 0.2812500000000001 0.5875 0.2812500000000001
0 0.65625 0.2656250000000001 0.6078125 0.2656250000000001 0.6078125 0.2812500000000001 0.65625 0.2812500000000001
0 0.703125 0.2671875000000001 0.6703125 0.2671875000000001 0.6703125 0.2812500000000001 0.703125 0.2812500000000001
0 0.76875 0.2718750000000001 0.709375 0.2718750000000001 0.709375 0.2828125000000001 0.76875 0.2828125000000001
0 0.915625 0.2656250000000001 0.796875 0.2656250000000001 0.796875 0.2843750000000001 0.915625 0.2843750000000001
0 0.228125 0.3203125 0.12812500000000004 0.3203125 0.12812500000000004 0.334375 0.228125 0.334375
0 0.3046875 0.3140625 0.2453125 0.3140625 0.2453125 0.33125 0.3046875 0.33125
0 0.4234375 0.3140625 0.3203125 0.3140625 0.3203125 0.33125000000000004 0.4234375 0.3312500000000001
0 0.43125 0.3296875000000001 0.4234375 0.3296875000000001 0.4234375 0.3375000000000001 0.43125 0.3375000000000001
0 0.5234375 0.3156250000000001 0.4421875 0.3156250000000001 0.4421875 0.3453125000000001 0.5234375 0.3453125000000001
0 0.6390625 0.3156250000000001 0.5390625 0.3156250000000001 0.5390625 0.3375000000000001 0.6390625 0.3375000000000001
0 0.7 0.3140625000000001 0.653125 0.3140625000000001 0.653125 0.33281250000000007 0.7 0.33281250000000007
0 0.74375 0.3140625000000001 0.7109375 0.3140625000000001 0.7109375 0.3312500000000001 0.74375 0.3312500000000001
0 0.821875 0.3234375000000001 0.7578125 0.3234375000000001 0.7578125 0.33281250000000007 0.821875 0.33281250000000007
0 0.2531250000000001 0.3640625 0.12968750000000004 0.3640625 0.12968750000000004 0.3875 0.2531250000000001 0.3875
0 0.2593750000000001 0.3796875 0.2562500000000001 0.3796875 0.2562500000000001 0.38125 0.2593750000000001 0.38125
0 0.3109375000000001 0.365625 0.2671875000000001 0.365625 0.2671875000000001 0.38125 0.3109375000000001 0.38125
0 0.503125 0.36406250000000007 0.3312500000000001 0.3640625 0.3312500000000001 0.38281250000000006 0.503125 0.3828125000000001
0 0.578125 0.36406250000000007 0.5171875 0.36406250000000007 0.5171875 0.3812500000000001 0.578125 0.3812500000000001
0 0.6265625 0.3656250000000001 0.5984375 0.3656250000000001 0.5984375 0.3812500000000001 0.6265625 0.3812500000000001
0 0.696875 0.37187500000000007 0.6484375 0.37187500000000007 0.6484375 0.3828125000000001 0.696875 0.3828125000000001
0 0.7265625 0.37187500000000007 0.7078125 0.37187500000000007 0.7078125 0.3828125000000001 0.7265625 0.3828125000000001
0 0.8375 0.3656250000000001 0.7484375 0.3656250000000001 0.7484375 0.38750000000000007 0.8375 0.38750000000000007
0 0.16875000000000004 0.415625 0.13437500000000005 0.415625 0.13437500000000005 0.4375 0.16875000000000004 0.4375
0 0.2906250000000001 0.415625 0.19062500000000004 0.415625 0.19062500000000004 0.44375 0.2906250000000001 0.44375
0 0.3078125000000001 0.428125 0.3000000000000001 0.428125 0.3000000000000001 0.4359375 0.3078125000000001 0.4359375
0 0.3750000000000001 0.415625 0.3187500000000001 0.415625 0.3187500000000001 0.43125 0.3750000000000001 0.43125
0 0.5421875 0.415625 0.3968750000000001 0.415625 0.3968750000000001 0.4359375 0.5421875 0.4359375
0 0.6125 0.415625 0.565625 0.415625 0.565625 0.43125 0.6125 0.43125
0 0.66875 0.4171875 0.6265625 0.4171875 0.6265625 0.4328125 0.66875 0.4328125
0 0.7625 0.4156250000000001 0.6796875 0.415625 0.6796875 0.4375000000000001 0.7625 0.43750000000000017
0 0.8109375 0.4156250000000002 0.7796875 0.4156250000000002 0.7796875 0.4312500000000002 0.8109375 0.4312500000000002
0 0.8828125 0.4156250000000002 0.825 0.4156250000000002 0.825 0.4312500000000002 0.8828125 0.4312500000000002
0 0.16093750000000004 0.471875 0.12968750000000004 0.471875 0.12968750000000004 0.4828125 0.16093750000000004 0.4828125
0 0.2890625000000001 0.465625 0.17656250000000004 0.465625 0.17656250000000004 0.4890625 0.2890625000000001 0.4890625
0 0.3437500000000001 0.465625 0.3140625000000001 0.465625 0.3140625000000001 0.48125 0.3437500000000001 0.48125
0 0.53125 0.465625 0.3546875000000001 0.465625 0.3546875000000001 0.484375 0.53125 0.484375
0 0.6453125 0.465625 0.5421875 0.465625 0.5421875 0.4875 0.6453125 0.4875
0 0.734375 0.47343750000000007 0.6734375 0.4734375 0.6734375 0.4828125000000001 0.734375 0.4828125000000002
0 0.796875 0.4734375000000002 0.7609375 0.4734375000000002 0.7609375 0.48437500000000017 0.796875 0.48437500000000017
0 0.90625 0.4656250000000002 0.815625 0.4656250000000002 0.815625 0.4828125000000002 0.90625 0.4828125000000002
0 0.16718750000000004 0.5171875 0.13437500000000005 0.5171875 0.13437500000000005 0.534375 0.16718750000000004 0.534375
0 0.2500000000000001 0.515625 0.19375000000000003 0.515625 0.19375000000000003 0.5328125 0.2500000000000001 0.5328125
0 0.30937500000000007 0.5234375 0.27812500000000007 0.5234375 0.27812500000000007 0.5328125 0.30937500000000007 0.5328125
0 0.3906250000000001 0.515625 0.3296875000000001 0.515625 0.3296875000000001 0.5328125 0.3906250000000001 0.5328125
0 0.440625 0.5234375 0.421875 0.5234375 0.421875 0.5328125 0.440625 0.5328125
0 0.5640625 0.515625 0.471875 0.515625 0.471875 0.5390625 0.5640625 0.5390625
0 0.678125 0.5171875 0.59375 0.5171875 0.59375 0.5328125 0.678125 0.5328125
0 0.7328125 0.5171875000000001 0.7015625 0.5171875 0.7015625 0.5328125000000001 0.7328125 0.5328125000000001
0 0.7609375 0.5250000000000001 0.7421875 0.5250000000000001 0.7421875 0.5343750000000002 0.7609375 0.5343750000000002
0 0.859375 0.5156250000000002 0.7859375 0.5156250000000002 0.7859375 0.5328125000000001 0.859375 0.5328125000000001
0 0.1671875000000001 0.5609375 0.1281250000000001 0.5609375 0.1281250000000001 0.58125 0.1671875000000001 0.58125
0 0.2453125000000001 0.5625 0.18906250000000008 0.5625 0.18906250000000008 0.58125 0.2453125000000001 0.58125
0 0.2500000000000001 0.58125 0.2468750000000001 0.58125 0.2468750000000001 0.5828125 0.2500000000000001 0.5828125