0 0.18281250000000004 0.2140625 0.14062500000000006 0.2140625 0.14062500000000006 0.2359375 0.18281250000000004 0.2359375
0 0.2890625 0.2125 0.19531250000000006 0.2125 0.19531250000000006 0.2359375 0.2890625 0.2359375
0 0.334375 0.225 0.303125 0.225 0.303125 0.234375 0.334375 0.234375
0 0.4171875 0.21406250000000004 0.3484375 0.2140625 0.3484375 0.23750000000000004 0.4171875 0.2375000000000001
0 0.4515625 0.2140625000000001 0.41875 0.2140625000000001 0.41875 0.23593750000000008 0.4515625 0.23593750000000008
0 0.48125 0.2156250000000001 0.45625 0.2156250000000001 0.45625 0.23593750000000008 0.48125 0.23593750000000008
0 0.5328125 0.21250000000000008 0.490625 0.21250000000000008 0.490625 0.23437500000000008 0.5328125 0.23437500000000008
0 0.54375 0.2328125000000001 0.5375 0.2328125000000001 0.5375 0.2390625000000001 0.54375 0.2390625000000001
0 0.603125 0.21250000000000008 0.55625 0.21250000000000008 0.55625 0.23437500000000008 0.603125 0.23437500000000008
0 0.6328125 0.21250000000000008 0.60625 0.21250000000000008 0.60625 0.2484375000000001 0.6328125 0.2484375000000001
0 0.678125 0.21093750000000008 0.646875 0.21093750000000008 0.646875 0.23593750000000008 0.678125 0.23593750000000008
0 0.7875 0.2093750000000001 0.6828125 0.2093750000000001 0.6828125 0.24218750000000008 0.7875 0.24218750000000008
0 0.8203125 0.21093750000000008 0.7875 0.21093750000000008 0.7875 0.2390625000000001 0.8203125 0.2390625000000001
0 0.85625 0.21093750000000008 0.8171875 0.21093750000000008 0.8171875 0.2375000000000001 0.85625 0.2375000000000001
0 0.18593750000000003 0.26875 0.13593750000000004 0.26875 0.13593750000000004 0.2859375 0.18593750000000003 0.2859375
0 0.334375 0.259375 0.203125 0.259375 0.203125 0.284375 0.334375 0.284375
0 0.4171875 0.25781250000000006 0.35 0.2578125 0.35 0.2828125 0.4171875 0.2828125000000001
0 0.415625 0.2828125000000001 0.409375 0.2828125000000001 0.409375 0.2875000000000001 0.415625 0.2875000000000001
0 0.4734375 0.2593750000000001 0.4265625 0.2593750000000001 0.4265625 0.2843750000000001 0.4734375 0.2843750000000001
0 0.50625 0.26250000000000007 0.475 0.26250000000000007 0.475 0.3000000000000001 0.50625 0.3000000000000001
0 0.534375 0.2718750000000001 0.5171875 0.2718750000000001 0.5171875 0.2843750000000001 0.534375 0.2843750000000001
0 0.621875 0.2562500000000001 0.5515625 0.2562500000000001 0.5515625 0.2968750000000001 0.621875 0.2968750000000001
0 0.6859375 0.2656250000000001 0.6296875 0.2656250000000001 0.6296875 0.2843750000000001 0.6859375 0.2843750000000001
0 0.721875 0.2671875000000001 0.6953125 0.2671875000000001 0.6953125 0.28593750000000007 0.721875 0.28593750000000007
0 0.778125 0.2656250000000001 0.7359375 0.2656250000000001 0.7359375 0.28593750000000007 0.778125 0.28593750000000007
0 0.86875 0.2593750000000001 0.7890625 0.2593750000000001 0.7890625 0.2890625000000001 0.86875 0.2890625000000001
0 0.19843750000000004 0.3109375 0.13125000000000003 0.3109375 0.13125000000000003 0.3375 0.19843750000000004 0.3375
0 0.2453125 0.3140625 0.2140625 0.3140625 0.2140625 0.34375 0.2453125 0.34375
0 0.2859375 0.3109375 0.2484375 0.3109375 0.2484375 0.3375 0.2859375 0.3375
0 0.353125 0.3234375 0.2984375 0.3234375 0.2984375 0.3375 0.353125 0.3375
0 0.3640625 0.33281250000000007 0.3609375 0.3328125 0.3609375 0.33593750000000006 0.3640625 0.3359375000000001
0 0.403125 0.31718750000000007 0.38125 0.31718750000000007 0.38125 0.3343750000000001 0.403125 0.3343750000000001
0 0.471875 0.3156250000000001 0.40625 0.3156250000000001 0.40625 0.3390625000000001 0.471875 0.3390625000000001
0 0.5609375 0.3125000000000001 0.4890625 0.3125000000000001 0.4890625 0.3359375000000001 0.5609375 0.3359375000000001
0 0.6109375 0.32500000000000007 0.575 0.32500000000000007 0.575 0.3343750000000001 0.6109375 0.3343750000000001
0 0.68125 0.3109375000000001 0.625 0.3109375000000001 0.625 0.3359375000000001 0.68125 0.3359375000000001
0 0.7703125 0.3125000000000001 0.703125 0.3125000000000001 0.703125 0.3343750000000001 0.7703125 0.3343750000000001
0 0.8515625 0.3125000000000001 0.7796875 0.3125000000000001 0.7796875 0.3531250000000001 0.8515625 0.3531250000000001
0 0.2562500000000001 0.365625 0.13593750000000004 0.365625 0.13593750000000004 0.39375 0.2562500000000001 0.39375
0 0.3593750000000001 0.3671875 0.2718750000000001 0.3671875 0.2718750000000001 0.4015625 0.3593750000000001 0.4015625
0 0.3968750000000001 0.3703125000000001 0.3687500000000001 0.3703125000000001 0.3687500000000001 0.3921875000000001 0.3968750000000001 0.3921875000000001
0 0.4875 0.36406250000000007 0.41875 0.36406250000000007 0.41875 0.3890625000000001 0.4875 0.3890625000000001
0 0.540625 0.3593750000000001 0.5046875 0.3593750000000001 0.5046875 0.3968750000000001 0.540625 0.3968750000000001
0 0.65 0.3671875000000001 0.546875 0.3671875000000001 0.546875 0.3906250000000001 0.65 0.3906250000000001
0 0.709375 0.3781250000000001 0.6703125 0.3781250000000001 0.6703125 0.3906250000000001 0.709375 0.3906250000000001
0 0.7484375 0.3671875000000001 0.7203125 0.3671875000000001 0.7203125 0.3906250000000001 0.7484375 0.3906250000000001
0 0.8328125 0.3671875000000001 0.75 0.3671875000000001 0.75 0.3968750000000001 0.8328125 0.3968750000000001
0 0.2953125000000001 0.40625 0.13125000000000003 0.40625 0.13125000000000003 0.43125 0.2953125000000001 0.43125
0 0.3203125000000001 0.4109375 0.2984375000000001 0.4109375 0.2984375000000001 0.43125 0.3203125000000001 0.43125
0 0.3625000000000001 0.4125 0.3437500000000001 0.4125 0.3437500000000001 0.43125 0.3625000000000001 0.43125
0 0.4125 0.4109375 0.3750000000000001 0.4109375 0.3750000000000001 0.4328125 0.4125 0.4328125
0 0.4203125 0.4296875 0.4109375 0.4296875 0.4109375 0.4375 0.4203125 0.4375
0 0.5390625 0.4 0.43125 0.4 0.43125 0.4296875 0.5390625 0.4296875
0 0.64375 0.403125 0.5515625 0.403125 0.5515625 0.425 0.64375 0.425
0 0.7078125 0.3984375000000001 0.6484375 0.3984375000000001 0.6484375 0.428125 0.7078125 0.428125
0 0.8109375 0.3984375000000001 0.7171875 0.3984375000000001 0.7171875 0.4312500000000001 0.8109375 0.4312500000000002
0 0.8484375 0.40625000000000017 0.828125 0.40625000000000017 0.828125 0.42500000000000016 0.8484375 0.42500000000000016
0 0.19218750000000004 0.45 0.13906250000000003 0.45 0.13906250000000003 0.478125 0.19218750000000004 0.478125
0 0.3203125000000001 0.459375 0.19218750000000004 0.459375 0.19218750000000004 0.4890625 0.3203125000000001 0.4890625
0 0.4328125 0.45 0.3296875000000001 0.45 0.3296875000000001 0.48125 0.4328125 0.48125
0 0.45625 0.4671875 0.4359375 0.4671875 0.4359375 0.475 0.45625 0.475
0 0.534375 0.4546875 0.4734375 0.4546875 0.4734375 0.4828125 0.534375 0.4828125
0 0.64375 0.4515625 0.54375 0.4515625 0.54375 0.4796875 0.64375 0.4796875
0 0.7984375 0.4453125000000001 0.6640625 0.4453125 0.6640625 0.4828125000000001 0.7984375 0.4828125000000002
0 0.8125 0.47187500000000016 0.80625 0.47187500000000016 0.80625 0.4750000000000002 0.8125 0.4750000000000002