0 0.15468750000000003 0.1953125 0.14843750000000006 0.1953125 0.14843750000000006 0.203125 0.15468750000000003 0.203125
0 0.28125 0.2015625 0.15000000000000005 0.2015625 0.15000000000000005 0.234375 0.28125 0.234375
0 0.2859375 0.2046875 0.284375 0.2046875 0.284375 0.209375 0.2859375 0.209375
0 0.315625 0.2078125 0.3 0.2078125 0.3 0.228125 0.315625 0.228125
0 0.3578125 0.2078125 0.315625 0.2078125 0.315625 0.228125 0.3578125 0.228125
0 0.5234375 0.2015625000000001 0.396875 0.2015625000000001 0.396875 0.2250000000000001 0.5234375 0.2250000000000001
0 0.6140625 0.20468750000000008 0.55625 0.20468750000000008 0.55625 0.22656250000000008 0.6140625 0.22656250000000008
0 0.6203125 0.2250000000000001 0.6125 0.2250000000000001 0.6125 0.2328125000000001 0.6203125 0.2328125000000001
0 0.721875 0.21250000000000008 0.64375 0.21250000000000008 0.64375 0.2375000000000001 0.721875 0.2375000000000001
0 0.8640625 0.2140625000000001 0.7515625 0.2140625000000001 0.7515625 0.23593750000000008 0.8640625 0.23593750000000008
0 0.17656250000000004 0.2625 0.15156250000000004 0.2625 0.15156250000000004 0.2765625 0.17656250000000004 0.2765625
0 0.25 0.2609375 0.2109375 0.2609375 0.2109375 0.28125 0.25 0.28125
0 0.3515625 0.265625 0.28125 0.265625 0.28125 0.2796875 0.3515625 0.2796875
0 0.49375 0.2609375000000001 0.378125 0.2609375000000001 0.378125 0.27812500000000007 0.49375 0.27812500000000007
0 0.503125 0.2765625000000001 0.4984375 0.2765625000000001 0.4984375 0.27812500000000007 0.503125 0.27812500000000007
0 0.525 0.2578125000000001 0.51875 0.2578125000000001 0.51875 0.2640625000000001 0.525 0.2640625000000001
0 0.5515625 0.2609375000000001 0.521875 0.2609375000000001 0.521875 0.2796875000000001 0.5515625 0.2796875000000001
0 0.634375 0.2593750000000001 0.578125 0.2593750000000001 0.578125 0.27812500000000007 0.634375 0.27812500000000007
0 0.7125 0.26250000000000007 0.65625 0.26250000000000007 0.65625 0.2796875000000001 0.7125 0.2796875000000001
0 0.725 0.27812500000000007 0.7203125 0.27812500000000007 0.7203125 0.2812500000000001 0.725 0.2812500000000001
0 0.784375 0.2640625000000001 0.7421875 0.2640625000000001 0.7421875 0.2828125000000001 0.784375 0.2828125000000001
0 0.825 0.26250000000000007 0.81875 0.26250000000000007 0.81875 0.2796875000000001 0.825 0.2796875000000001
0 0.853125 0.26250000000000007 0.834375 0.26250000000000007 0.834375 0.27812500000000007 0.853125 0.27812500000000007
0 0.16406250000000006 0.3171875 0.15156250000000004 0.3171875 0.15156250000000004 0.328125 0.16406250000000006 0.328125
0 0.2296875 0.3109375 0.19687500000000005 0.3109375 0.19687500000000005 0.325 0.2296875 0.325
0 0.3890625 0.31093750000000003 0.2703125 0.3109375 0.2703125 0.32812500000000006 0.3890625 0.3281250000000001
0 0.5 0.3109375000000001 0.425 0.3109375000000001 0.425 0.3375000000000001 0.5 0.3375000000000001
0 0.50625 0.3265625000000001 0.5015625 0.3265625000000001 0.5015625 0.33281250000000007 0.50625 0.33281250000000007
0 0.5875 0.3125000000000001 0.525 0.3125000000000001 0.525 0.33281250000000007 0.5875 0.33281250000000007
0 0.5984375 0.3281250000000001 0.59375 0.3281250000000001 0.59375 0.33281250000000007 0.5984375 0.33281250000000007
0 0.628125 0.3140625000000001 0.621875 0.3140625000000001 0.621875 0.3296875000000001 0.628125 0.3296875000000001
0 0.6640625 0.3125000000000001 0.634375 0.3125000000000001 0.634375 0.3296875000000001 0.6640625 0.3296875000000001
0 0.734375 0.3156250000000001 0.690625 0.3156250000000001 0.690625 0.3359375000000001 0.734375 0.3359375000000001
0 0.778125 0.3203125000000001 0.7640625 0.3203125000000001 0.7640625 0.3296875000000001 0.778125 0.3296875000000001
0 0.8671875 0.31718750000000007 0.8015625 0.31718750000000007 0.8015625 0.3390625000000001 0.8671875 0.3390625000000001
0 0.23906250000000004 0.3609375 0.15937500000000004 0.3609375 0.15937500000000004 0.3875 0.2390625000000001 0.3875
0 0.2531250000000001 0.378125 0.2484375000000001 0.378125 0.2484375000000001 0.3859375 0.2531250000000001 0.3859375
0 0.3062500000000001 0.3640625 0.2765625000000001 0.3640625 0.2765625000000001 0.38125 0.3062500000000001 0.38125
0 0.3421875000000001 0.3640625 0.3359375000000001 0.3640625 0.3359375000000001 0.3796875 0.3421875000000001 0.3796875
0 0.4453125 0.3625000000000001 0.375 0.3625000000000001 0.37500000000000006 0.3859375000000001 0.4453125 0.3859375000000001
0 0.5 0.3656250000000001 0.4671875 0.3656250000000001 0.4671875 0.3890625000000001 0.5 0.3890625000000001
0 0.59375 0.3687500000000001 0.5375 0.3687500000000001 0.5375 0.3859375000000001 0.59375 0.3859375000000001
0 0.7625 0.3656250000000001 0.634375 0.3656250000000001 0.634375 0.3890625000000001 0.7625 0.3890625000000001
0 0.27031250000000007 0.4140625 0.15781250000000005 0.4140625 0.15781250000000005 0.43125 0.27031250000000007 0.43125
0 0.29375000000000007 0.4140625 0.27812500000000007 0.4140625 0.27812500000000007 0.4296875 0.29375000000000007 0.4296875
0 0.3765625000000001 0.4171875 0.3218750000000001 0.4171875 0.3218750000000001 0.440625 0.3765625000000001 0.440625
0 0.4265625 0.41875 0.409375 0.41875 0.409375 0.4328125 0.4265625 0.4328125
0 0.521875 0.4140625 0.4546875 0.4140625 0.4546875 0.44375 0.521875 0.44375
0 0.534375 0.4296875 0.53125 0.4296875 0.53125 0.4328125 0.534375 0.4328125
0 0.61875 0.4140625 0.55625 0.4140625 0.55625 0.43125 0.61875 0.43125
0 0.64375 0.415625 0.6296875 0.415625 0.6296875 0.4296875 0.64375 0.4296875
0 0.753125 0.4125000000000001 0.678125 0.4125 0.678125 0.4390625000000001 0.753125 0.4390625000000002
0 0.8625 0.4156250000000002 0.784375 0.4156250000000002 0.784375 0.43750000000000017 0.8625 0.43750000000000017
0 0.17812500000000003 0.46875 0.16250000000000003 0.46875 0.16250000000000003 0.4859375 0.17812500000000003 0.4859375
0 0.2578125000000001 0.4765625 0.2140625000000001 0.4765625 0.2140625000000001 0.490625 0.2578125000000001 0.490625
0 0.3296875000000001 0.465625 0.2906250000000001 0.465625 0.2906250000000001 0.4859375 0.3296875000000001 0.4859375
0 0.3906250000000001 0.471875 0.3609375000000001 0.471875 0.3609375000000001 0.4828125 0.3906250000000001 0.4828125
0 0.40625 0.4796875 0.403125 0.4796875 0.403125 0.48125 0.40625 0.48125
0 0.4984375 0.4640625 0.4328125 0.4640625 0.4328125 0.4890625 0.4984375 0.4890625
0 0.5390625 0.46875 0.5203125 0.46875 0.5203125 0.48125 0.5390625 0.48125
0 0.64375 0.4640625 0.5625 0.4640625 0.5625 0.4890625 0.64375 0.4890625
0 0.653125 0.478125 0.646875 0.478125 0.646875 0.4828125 0.653125 0.4828125
0 0.7328125 0.4609375000000001 0.66875 0.4609375 0.66875 0.4921875000000001 0.7328125 0.49218750000000017
0 0.7765625 0.4656250000000002 0.7546875 0.4656250000000002 0.7546875 0.47968750000000016 0.7765625 0.47968750000000016
0 0.80625 0.4781250000000002 0.78125 0.4781250000000002 0.78125 0.4812500000000002 0.80625 0.4812500000000002
0 0.2953125000000001 0.5109375 0.16093750000000004 0.5109375 0.16093750000000004 0.5328125 0.2953125000000001 0.5328125
0 0.3234375000000001 0.5203125 0.2984375000000001 0.5203125 0.2984375000000001 0.534375 0.3234375000000001 0.534375
0 0.15468750000000003 0.1953125 0.14843750000000006 0.1953125 0.14843750000000006 0.203125 0.15468750000000003 0.203125
0 0.28125 0.2015625 0.15000000000000005 0.2015625 0.15000000000000005 0.234375 0.28125 0.234375
0 0.2859375 0.2046875 0.284375 0.2046875 0.284375 0.209375 0.2859375 0.209375
0 0.315625 0.2078125 0.3 0.2078125 0.3 0.228125 0.315625 0.228125
0 0.3578125 0.2078125 0.315625 0.2078125 0.315625 0.228125 0.3578125 0.228125
0 0.5234375 0.2015625000000001 0.396875 0.2015625000000001 0.396875 0.2250000000000001 0.5234375 0.2250000000000001
0 0.6140625 0.20468750000000008 0.55625 0.20468750000000008 0.55625 0.22656250000000008 0.6140625 0.22656250000000008
0 0.6203125 0.2250000000000001 0.6125 0.2250000000000001 0.6125 0.2328125000000001 0.6203125 0.2328125000000001
0 0.721875 0.21250000000000008 0.64375 0.21250000000000008 0.64375 0.2375000000000001 0.721875 0.2375000000000001
0 0.8640625 0.2140625000000001 0.7515625 0.2140625000000001 0.7515625 0.23593750000000008 0.8640625 0.23593750000000008
0 0.17656250000000004 0.2625 0.15156250000000004 0.2625 0.15156250000000004 0.2765625 0.17656250000000004 0.2765625
0 0.25 0.2609375 0.2109375 0.2609375 0.2109375 0.28125 0.25 0.28125
0 0.3515625 0.265625 0.28125 0.265625 0.28125 0.2796875 0.3515625 0.2796875
0 0.49375 0.2609375000000001 0.378125 0.2609375000000001 0.378125 0.27812500000000007 0.49375 0.27812500000000007
0 0.503125 0.2765625000000001 0.4984375 0.2765625000000001 0.4984375 0.27812500000000007 0.503125 0.27812500000000007
0 0.525 0.2578125000000001 0.51875 0.2578125000000001 0.51875 0.2640625000000001 0.525 0.2640625000000001
0 0.5515625 0.2609375000000001 0.521875 0.2609375000000001 0.521875 0.2796875000000001 0.5515625 0.2796875000000001
0 0.634375 0.2593750000000001 0.578125 0.2593750000000001 0.578125 0.27812500000000007 0.634375 0.27812500000000007
0 0.7125 0.26250000000000007 0.65625 0.26250000000000007 0.65625 0.2796875000000001 0.7125 0.2796875000000001
0 0.725 0.27812500000000007 0.7203125 0.27812500000000007 0.7203125 0.2812500000000001 0.725 0.2812500000000001
0 0.784375 0.2640625000000001 0.7421875 0.2640625000000001 0.7421875 0.2828125000000001 0.784375 0.2828125000000001
0 0.825 0.26250000000000007 0.81875 0.26250000000000007 0.81875 0.2796875000000001 0.825 0.2796875000000001
0 0.853125 0.26250000000000007 0.834375 0.26250000000000007 0.834375 0.27812500000000007 0.853125 0.27812500000000007
0 0.16406250000000006 0.3171875 0.15156250000000004 0.3171875 0.15156250000000004 0.328125 0.16406250000000006 0.328125
0 0.2296875 0.3109375 0.19687500000000005 0.3109375 0.19687500000000005 0.325 0.2296875 0.325
0 0.3890625 0.31093750000000003 0.2703125 0.3109375 0.2703125 0.32812500000000006 0.3890625 0.3281250000000001
0 0.5 0.3109375000000001 0.425 0.3109375000000001 0.425 0.3375000000000001 0.5 0.3375000000000001
0 0.50625 0.3265625000000001 0.5015625 0.3265625000000001 0.5015625 0.33281250000000007 0.50625 0.33281250000000007
0 0.5875 0.3125000000000001 0.525 0.3125000000000001 0.525 0.33281250000000007 0.5875 0.33281250000000007
0 0.5984375 0.3281250000000001 0.59375 0.3281250000000001 0.59375 0.33281250000000007 0.5984375 0.33281250000000007
0 0.628125 0.3140625000000001 0.621875 0.3140625000000001 0.621875 0.3296875000000001 0.628125 0.3296875000000001
0 0.6640625 0.3125000000000001 0.634375 0.3125000000000001 0.634375 0.3296875000000001 0.6640625 0.3296875000000001
0 0.734375 0.3156250000000001 0.690625 0.3156250000000001 0.690625 0.3359375000000001 0.734375 0.3359375000000001
0 0.778125 0.3203125000000001 0.7640625 0.3203125000000001 0.7640625 0.3296875000000001 0.778125 0.3296875000000001
0 0.8671875 0.31718750000000007 0.8015625 0.31718750000000007 0.8015625 0.3390625000000001 0.8671875 0.3390625000000001
0 0.23906250000000004 0.3609375 0.15937500000000004 0.3609375 0.15937500000000004 0.3875 0.2390625000000001 0.3875
0 0.2531250000000001 0.378125 0.2484375000000001 0.378125 0.2484375000000001 0.3859375 0.2531250000000001 0.3859375
0 0.3062500000000001 0.3640625 0.2765625000000001 0.3640625 0.2765625000000001 0.38125 0.3062500000000001 0.38125
0 0.3421875000000001 0.3640625 0.3359375000000001 0.3640625 0.3359375000000001 0.3796875 0.3421875000000001 0.3796875
0 0.4453125 0.3625000000000001 0.375 0.3625000000000001 0.37500000000000006 0.3859375000000001 0.4453125 0.3859375000000001
0 0.5 0.3656250000000001 0.4671875 0.3656250000000001 0.4671875 0.3890625000000001 0.5 0.3890625000000001
0 0.59375 0.3687500000000001 0.5375 0.3687500000000001 0.5375 0.3859375000000001 0.59375 0.3859375000000001
0 0.7625 0.3656250000000001 0.634375 0.3656250000000001 0.634375 0.3890625000000001 0.7625 0.3890625000000001
0 0.27031250000000007 0.4140625 0.15781250000000005 0.4140625 0.15781250000000005 0.43125 0.27031250000000007 0.43125
0 0.29375000000000007 0.4140625 0.27812500000000007 0.4140625 0.27812500000000007 0.4296875 0.29375000000000007 0.4296875
0 0.3765625000000001 0.4171875 0.3218750000000001 0.4171875 0.3218750000000001 0.440625 0.3765625000000001 0.440625
0 0.4265625 0.41875 0.409375 0.41875 0.409375 0.4328125 0.4265625 0.4328125
0 0.521875 0.4140625 0.4546875 0.4140625 0.4546875 0.44375 0.521875 0.44375
0 0.534375 0.4296875 0.53125 0.4296875 0.53125 0.4328125 0.534375 0.4328125
0 0.61875 0.4140625 0.55625 0.4140625 0.55625 0.43125 0.61875 0.43125
0 0.64375 0.415625 0.6296875 0.415625 0.6296875 0.4296875 0.64375 0.4296875
0 0.753125 0.4125000000000001 0.678125 0.4125 0.678125 0.4390625000000001 0.753125 0.4390625000000002
0 0.8625 0.4156250000000002 0.784375 0.4156250000000002 0.784375 0.43750000000000017 0.8625 0.43750000000000017
0 0.17812500000000003 0.46875 0.16250000000000003 0.46875 0.16250000000000003 0.4859375 0.17812500000000003 0.4859375
0 0.2578125000000001 0.4765625 0.2140625000000001 0.4765625 0.2140625000000001 0.490625 0.2578125000000001 0.490625
0 0.3296875000000001 0.465625 0.2906250000000001 0.465625 0.2906250000000001 0.4859375 0.3296875000000001 0.4859375
0 0.3906250000000001 0.471875 0.3609375000000001 0.471875 0.3609375000000001 0.4828125 0.3906250000000001 0.4828125
0 0.40625 0.4796875 0.403125 0.4796875 0.403125 0.48125 0.40625 0.48125
0 0.4984375 0.4640625 0.4328125 0.4640625 0.4328125 0.4890625 0.4984375 0.4890625
0 0.5390625 0.46875 0.5203125 0.46875 0.5203125 0.48125 0.5390625 0.48125
0 0.64375 0.4640625 0.5625 0.4640625 0.5625 0.4890625 0.64375 0.4890625
0 0.653125 0.478125 0.646875 0.478125 0.646875 0.4828125 0.653125 0.4828125
0 0.7328125 0.4609375000000001 0.66875 0.4609375 0.66875 0.4921875000000001 0.7328125 0.49218750000000017
0 0.7765625 0.4656250000000002 0.7546875 0.4656250000000002 0.7546875 0.47968750000000016 0.7765625 0.47968750000000016
0 0.80625 0.4781250000000002 0.78125 0.4781250000000002 0.78125 0.4812500000000002 0.80625 0.4812500000000002
0 0.2953125000000001 0.5109375 0.16093750000000004 0.5109375 0.16093750000000004 0.5328125 0.2953125000000001 0.5328125
0 0.3234375000000001 0.5203125 0.2984375000000001 0.5203125 0.2984375000000001 0.534375 0.3234375000000001 0.534375