0 0.2125 0.246875 0.15625000000000006 0.246875 0.15625000000000006 0.275 0.2125 0.275
0 0.2828125 0.246875 0.2375 0.246875 0.2375 0.275 0.2828125 0.275
0 0.3984375 0.24375000000000005 0.31875 0.24375 0.31875 0.27656250000000004 0.3984375 0.2765625000000001
0 0.496875 0.2609375000000001 0.4328125 0.2609375000000001 0.4328125 0.2796875000000001 0.496875 0.2796875000000001
0 0.5578125 0.2484375000000001 0.525 0.2484375000000001 0.525 0.2718750000000001 0.5578125 0.2718750000000001
0 0.6265625 0.2484375000000001 0.5796875 0.2484375000000001 0.5796875 0.27812500000000007 0.6265625 0.27812500000000007
0 0.76875 0.2500000000000001 0.6546875 0.2500000000000001 0.6546875 0.27812500000000007 0.76875 0.27812500000000007
0 0.321875 0.3 0.14843750000000006 0.3 0.14843750000000006 0.3265625 0.321875 0.3265625
0 0.3828125 0.30156250000000007 0.3625 0.3015625 0.3625 0.33125000000000004 0.3828125 0.3312500000000001
0 0.525 0.3031250000000001 0.40625 0.3031250000000001 0.40625 0.3359375000000001 0.525 0.3359375000000001
0 0.675 0.2984375000000001 0.55625 0.2984375000000001 0.55625 0.34062500000000007 0.675 0.34062500000000007
0 0.8421875 0.2984375000000001 0.7046875 0.2984375000000001 0.7046875 0.34062500000000007 0.8421875 0.34062500000000007
0 0.8625 0.3156250000000001 0.8484375 0.3156250000000001 0.8484375 0.3437500000000001 0.8625 0.3437500000000001
0 0.19062500000000004 0.3515625 0.15781250000000005 0.3515625 0.15781250000000005 0.378125 0.19062500000000004 0.378125
0 0.3765625 0.35156250000000006 0.2359375 0.3515625 0.23593750000000005 0.38750000000000007 0.3765625000000001 0.38750000000000007
0 0.5125 0.35625000000000007 0.4125 0.35625000000000007 0.4125 0.3781250000000001 0.5125 0.3781250000000001
0 0.5953125 0.35625000000000007 0.5390625 0.35625000000000007 0.5390625 0.3781250000000001 0.5953125 0.3781250000000001
0 0.7703125 0.3515625000000001 0.634375 0.3515625000000001 0.634375 0.3968750000000001 0.7703125 0.3968750000000001
0 0.859375 0.3625000000000001 0.8015625 0.3625000000000001 0.8015625 0.3984375000000001 0.859375 0.3984375000000001
0 0.3125000000000001 0.3984375 0.15625000000000006 0.3984375 0.15625000000000006 0.446875 0.3125000000000001 0.446875
0 0.3390625000000001 0.421875 0.3359375000000001 0.421875 0.3359375000000001 0.434375 0.3390625000000001 0.434375
0 0.4 0.4015625 0.3500000000000001 0.4015625 0.3500000000000001 0.4265625 0.4 0.4265625
0 0.49375 0.3984375000000001 0.4265625 0.3984375000000001 0.4265625 0.428125 0.49375 0.428125
0 0.5734375 0.4125 0.5203125 0.4125 0.5203125 0.428125 0.5734375 0.428125
0 0.65625 0.4046875 0.609375 0.4046875 0.609375 0.4265625 0.65625 0.4265625
0 0.7515625 0.4015625000000001 0.6828125 0.4015625 0.6828125 0.42656250000000007 0.7515625 0.4265625000000002
0 0.771875 0.42500000000000016 0.76875 0.42500000000000016 0.76875 0.4265625000000002 0.771875 0.4265625000000002
0 0.878125 0.4031250000000002 0.7921875 0.4031250000000002 0.7921875 0.42968750000000017 0.878125 0.42968750000000017
0 0.18750000000000006 0.4625 0.15000000000000005 0.4625 0.15000000000000005 0.4765625 0.18750000000000006 0.4765625
0 0.2968750000000001 0.4625 0.22031250000000008 0.4625 0.22031250000000008 0.478125 0.2968750000000001 0.478125
0 0.3625000000000001 0.45 0.3265625000000001 0.45 0.3265625000000001 0.4765625 0.3625000000000001 0.4765625
0 0.5140625 0.45 0.4078125 0.45 0.4078125 0.4796875 0.5140625 0.4796875
0 0.58125 0.4484375 0.5484375 0.4484375 0.5484375 0.490625 0.58125 0.490625
0 0.6234375 0.4640625 0.603125 0.4640625 0.603125 0.478125 0.6234375 0.478125
0 0.7125 0.4578125 0.6421875 0.4578125 0.6421875 0.4796875 0.7125 0.4796875
0 0.878125 0.4468750000000002 0.7453125 0.4468750000000002 0.7453125 0.49531250000000016 0.878125 0.49531250000000016
0 0.22812500000000008 0.5015625 0.14843750000000006 0.5015625 0.14843750000000006 0.5265625 0.22812500000000008 0.5265625
0 0.2515625000000001 0.5234375 0.2453125000000001 0.5234375 0.2453125000000001 0.5265625 0.2515625000000001 0.5265625
0 0.3500000000000001 0.5015625 0.27812500000000007 0.5015625 0.27812500000000007 0.5265625 0.3500000000000001 0.5265625
0 0.415625 0.5 0.3671875000000001 0.5 0.3671875000000001 0.5265625 0.415625 0.5265625
0 0.5484375 0.5015625 0.453125 0.5015625 0.453125 0.528125 0.5484375 0.528125
0 0.6734375 0.5015625 0.5671875 0.5015625 0.5671875 0.5296875 0.6734375 0.5296875
0 0.8234375 0.5000000000000001 0.709375 0.5 0.709375 0.5296875000000001 0.8234375 0.5296875000000002
0 0.840625 0.5250000000000001 0.8359375 0.5250000000000001 0.8359375 0.5328125000000001 0.840625 0.5328125000000001
0 0.9625 0.5046875000000002 0.846875 0.5046875000000002 0.846875 0.5484375000000001 0.9625 0.5484375000000001
0 0.98125 0.5328125000000001 0.9734375 0.5328125000000001 0.9734375 0.5406250000000001 0.98125 0.5406250000000001
0 0.1781250000000001 0.5640625 0.1468750000000001 0.5640625 0.1468750000000001 0.5765625 0.1781250000000001 0.5765625
0 0.25468750000000007 0.5546875 0.21875000000000008 0.5546875 0.21875000000000008 0.575 0.25468750000000007 0.575
0 0.409375 0.5515625 0.2750000000000001 0.5515625 0.2750000000000001 0.5953125 0.409375 0.5953125
0 0.5109375 0.55 0.4453125 0.55 0.4453125 0.5765625 0.5109375 0.5765625
0 0.5671875 0.5640625 0.5328125 0.5640625 0.5328125 0.578125 0.5671875 0.578125
0 0.5984375 0.575 0.5953125 0.575 0.5953125 0.590625 0.5984375 0.590625
0 0.678125 0.5515625 0.615625 0.5515625 0.615625 0.5796875 0.678125 0.5796875
0 0.7515625 0.5531250000000001 0.7015625 0.553125 0.7015625 0.5781250000000001 0.7515625 0.5781250000000002
0 0.8296875 0.5531250000000002 0.765625 0.5531250000000002 0.765625 0.5812500000000002 0.8296875 0.5812500000000002
0 0.925 0.5578125000000002 0.8625 0.5578125000000002 0.8625 0.5828125000000002 0.925 0.5828125000000002
0 0.2390625000000001 0.6140625 0.1437500000000001 0.6140625 0.1437500000000001 0.6421875 0.2390625000000001 0.6421875
0 0.34843750000000007 0.5984375 0.27031250000000007 0.5984375 0.27031250000000007 0.6265625 0.34843750000000007 0.6265625
0 0.434375 0.6140625 0.3687500000000001 0.6140625 0.3687500000000001 0.628125 0.434375 0.628125
0 0.609375 0.6046875 0.4625 0.6046875 0.4625 0.6359375 0.609375 0.6359375
0 0.7171875 0.6015625 0.6515625 0.6015625 0.6515625 0.628125 0.7171875 0.628125
0 0.846875 0.6156250000000002 0.753125 0.6156250000000002 0.753125 0.6500000000000001 0.846875 0.6500000000000001
0 0.8625 0.6203125000000002 0.8578125 0.6203125000000002 0.8578125 0.6328125000000002 0.8625 0.6328125000000002
0 0.9109375 0.6093750000000002 0.878125 0.6093750000000002 0.878125 0.6328125000000002 0.9109375 0.6328125000000002
0 0.2140625000000001 0.6640625 0.14843750000000008 0.6640625 0.14843750000000008 0.69375 0.2140625000000001 0.69375
0 0.3140625000000001 0.653125 0.2562500000000001 0.653125 0.2562500000000001 0.6796875 0.3140625000000001 0.6796875
0 0.409375 0.653125 0.3468750000000001 0.653125 0.3468750000000001 0.6921875 0.409375 0.6921875
0 0.571875 0.659375 0.4421875 0.659375 0.4421875 0.68125 0.571875 0.68125
0 0.690625 0.6546875 0.6140625 0.6546875 0.6140625 0.68125 0.690625 0.68125
0 0.7390625 0.6687500000000001 0.70625 0.66875 0.70625 0.6812500000000001 0.7390625 0.6812500000000001
0 0.7625 0.6765625000000002 0.7578125 0.6765625000000002 0.7578125 0.6875000000000002 0.7625 0.6875000000000002
0 0.8875 0.6531250000000002 0.771875 0.6531250000000002 0.771875 0.6921875000000002 0.8875 0.6921875000000002
0 0.1828125000000001 0.7 0.1453125000000001 0.7 0.1453125000000001 0.7359375 0.1828125000000001 0.7359375
0 0.2906250000000001 0.70625 0.2140625000000001 0.70625 0.2140625000000001 0.7296875 0.2906250000000001 0.7296875
0 0.4546875000000001 0.703125 0.3234375000000001 0.703125 0.3234375000000001 0.7359375 0.4546875000000002 0.7359375
0 0.5296875000000001 0.7140625 0.496875 0.7140625 0.49687500000000007 0.728125 0.5296875000000002 0.728125
0 0.6078125000000001 0.715625 0.5515625 0.715625 0.5515625000000001 0.728125 0.6078125000000002 0.728125
0 0.7750000000000001 0.7125000000000001 0.6359375 0.7125 0.6359375 0.7343750000000001 0.7750000000000001 0.7343750000000002
0 0.7968750000000001 0.7250000000000002 0.7921875 0.7250000000000002 0.7921875 0.7328125000000002 0.7968750000000002 0.7328125000000002
0 0.8390625 0.7187500000000002 0.80625 0.7187500000000002 0.80625 0.7312500000000002 0.8390625 0.7312500000000002
0 0.921875 0.7093750000000002 0.8671875 0.7093750000000002 0.8671875 0.7343750000000002 0.921875 0.7343750000000002