0 0.16406250000000006 0.1984375 0.13125000000000003 0.1984375 0.13125000000000003 0.2265625 0.16406250000000006 0.2265625
0 0.2609375 0.2 0.18750000000000006 0.2 0.18750000000000006 0.221875 0.2609375 0.221875
0 0.2859375 0.209375 0.265625 0.209375 0.265625 0.221875 0.2859375 0.221875
0 0.453125 0.20156250000000003 0.3109375 0.2015625 0.3109375 0.22343750000000004 0.453125 0.2234375000000001
0 0.665625 0.2062500000000001 0.475 0.2062500000000001 0.475 0.23593750000000008 0.665625 0.23593750000000008
0 0.7734375 0.2062500000000001 0.6859375 0.2062500000000001 0.6859375 0.2250000000000001 0.7734375 0.2250000000000001
0 0.871875 0.2062500000000001 0.796875 0.2062500000000001 0.796875 0.2250000000000001 0.871875 0.2250000000000001
0 0.19062500000000004 0.253125 0.13281250000000006 0.253125 0.13281250000000006 0.2734375 0.19062500000000004 0.2734375
0 0.284375 0.253125 0.2046875 0.253125 0.2046875 0.275 0.284375 0.275
0 0.4421875 0.25625000000000003 0.303125 0.25625 0.303125 0.290625 0.4421875 0.2906250000000001
0 0.5671875 0.25468750000000007 0.475 0.25468750000000007 0.475 0.2750000000000001 0.5671875 0.2750000000000001
0 0.7546875 0.2515625000000001 0.5890625 0.2515625000000001 0.5890625 0.2734375000000001 0.7546875 0.2734375000000001
0 0.878125 0.2578125000000001 0.7765625 0.2578125000000001 0.7765625 0.2750000000000001 0.878125 0.2750000000000001
0 0.3078125 0.3109375 0.12656250000000005 0.3109375 0.12656250000000005 0.3390625 0.3078125 0.3390625
0 0.390625 0.30937500000000007 0.3234375 0.309375 0.3234375 0.33906250000000004 0.390625 0.3390625000000001
0 0.55 0.3062500000000001 0.3984375 0.3062500000000001 0.3984375 0.32500000000000007 0.55 0.32500000000000007
0 0.5671875 0.3203125000000001 0.5625 0.3203125000000001 0.5625 0.3234375000000001 0.5671875 0.3234375000000001
0 0.65625 0.3078125000000001 0.603125 0.3078125000000001 0.603125 0.32500000000000007 0.65625 0.32500000000000007
0 0.8109375 0.3062500000000001 0.68125 0.3062500000000001 0.68125 0.3265625000000001 0.8109375 0.3265625000000001
0 0.89375 0.3062500000000001 0.825 0.3062500000000001 0.825 0.3265625000000001 0.89375 0.3265625000000001
0 0.17812500000000003 0.3625 0.12656250000000005 0.3625 0.12656250000000005 0.375 0.17812500000000003 0.375
0 0.2968750000000001 0.3640625 0.18906250000000005 0.3640625 0.18906250000000005 0.378125 0.2968750000000001 0.378125
0 0.35625000000000007 0.3578125 0.3234375 0.3578125 0.32343750000000004 0.3734375 0.35625000000000007 0.3734375
0 0.415625 0.3625000000000001 0.375 0.3625000000000001 0.37500000000000006 0.3921875000000001 0.415625 0.3921875000000001
0 0.46875 0.3656250000000001 0.43125 0.3656250000000001 0.43125 0.3781250000000001 0.46875 0.3781250000000001
0 0.6390625 0.3531250000000001 0.4921875 0.3531250000000001 0.4921875 0.3921875000000001 0.6390625 0.3921875000000001
0 0.7609375 0.3593750000000001 0.6515625 0.3593750000000001 0.6515625 0.37968750000000007 0.7609375 0.37968750000000007
0 0.8890625 0.3609375000000001 0.7921875 0.3609375000000001 0.7921875 0.3781250000000001 0.8890625 0.3781250000000001
0 0.2140625000000001 0.40625 0.12343750000000005 0.40625 0.12343750000000005 0.425 0.2140625000000001 0.425
0 0.2734375000000001 0.4109375 0.2296875000000001 0.4109375 0.2296875000000001 0.425 0.2734375000000001 0.425
0 0.403125 0.415625 0.3046875000000001 0.415625 0.3046875000000001 0.428125 0.403125 0.428125
0 0.5125 0.4078125 0.4265625 0.4078125 0.4265625 0.4296875 0.5125 0.4296875
0 0.578125 0.409375 0.521875 0.409375 0.521875 0.440625 0.578125 0.440625
0 0.5796875 0.425 0.5703125 0.425 0.5703125 0.4359375 0.5796875 0.4359375
0 0.8484375 0.4062500000000001 0.6015625 0.40625 0.6015625 0.4453125000000001 0.8484375 0.44531250000000017
0 0.2750000000000001 0.45625 0.12031250000000004 0.45625 0.12031250000000004 0.4765625 0.2750000000000001 0.4765625
0 0.5109375 0.4546875 0.3000000000000001 0.4546875 0.3000000000000001 0.4875 0.5109375 0.4875
0 0.6125 0.45625 0.51875 0.45625 0.51875 0.478125 0.6125 0.478125
0 0.796875 0.4562500000000001 0.6390625 0.45625 0.6390625 0.4781250000000001 0.796875 0.4781250000000002
0 0.9078125 0.46406250000000016 0.8140625 0.46406250000000016 0.8140625 0.4812500000000002 0.9078125 0.4812500000000002
0 0.2015625000000001 0.509375 0.11875000000000005 0.509375 0.11875000000000005 0.528125 0.2015625000000001 0.528125
0 0.3421875000000001 0.5140625 0.2312500000000001 0.5140625 0.2312500000000001 0.528125 0.3421875000000001 0.528125
0 0.528125 0.5046875 0.3609375000000001 0.5046875 0.3609375000000001 0.5421875 0.528125 0.5421875
0 0.5390625 0.525 0.5265625 0.525 0.5265625 0.5390625 0.5390625 0.5390625
0 0.70625 0.5109375 0.5625 0.5109375 0.5625 0.54375 0.70625 0.54375
0 0.734375 0.5234375000000001 0.7234375 0.5234375 0.7234375 0.5359375000000001 0.734375 0.5359375000000002
0 0.871875 0.5078125000000002 0.7515625 0.5078125000000002 0.7515625 0.5296875000000002 0.871875 0.5296875000000002
0 0.2062500000000001 0.5546875 0.13437500000000008 0.5546875 0.13437500000000008 0.5796875 0.2062500000000001 0.5796875
0 0.3109375000000001 0.56875 0.23593750000000008 0.56875 0.23593750000000008 0.5828125 0.3109375000000001 0.5828125
0 0.3781250000000001 0.5578125 0.3390625000000001 0.5578125 0.3390625000000001 0.5765625 0.3781250000000001 0.5765625
0 0.525 0.5578125 0.3984375000000001 0.5578125 0.3984375000000001 0.578125 0.525 0.578125
0 0.6421875 0.5578125 0.546875 0.5578125 0.546875 0.5765625 0.6421875 0.5765625
0 0.7296875 0.5625000000000001 0.6765625 0.5625 0.6765625 0.5750000000000001 0.7296875 0.5750000000000002
0 0.86875 0.5546875000000002 0.7671875 0.5546875000000002 0.7671875 0.5781250000000002 0.86875 0.5781250000000002
0 0.22812500000000008 0.60625 0.1296875000000001 0.60625 0.1296875000000001 0.6296875 0.22812500000000008 0.6296875
0 0.3906250000000001 0.6140625 0.2593750000000001 0.6140625 0.2593750000000001 0.6296875 0.3906250000000001 0.6296875
0 0.4484375 0.609375 0.4078125 0.609375 0.4078125 0.6375 0.4484375 0.6375
0 0.6625 0.60625 0.4796875 0.60625 0.4796875 0.640625 0.6625 0.640625
0 0.6875 0.625 0.684375 0.625 0.684375 0.628125 0.6875 0.628125
0 0.16406250000000006 0.1984375 0.13125000000000003 0.1984375 0.13125000000000003 0.2265625 0.16406250000000006 0.2265625
0 0.2609375 0.2 0.18750000000000006 0.2 0.18750000000000006 0.221875 0.2609375 0.221875
0 0.2859375 0.209375 0.265625 0.209375 0.265625 0.221875 0.2859375 0.221875
0 0.453125 0.20156250000000003 0.3109375 0.2015625 0.3109375 0.22343750000000004 0.453125 0.2234375000000001
0 0.665625 0.2062500000000001 0.475 0.2062500000000001 0.475 0.23593750000000008 0.665625 0.23593750000000008
0 0.7734375 0.2062500000000001 0.6859375 0.2062500000000001 0.6859375 0.2250000000000001 0.7734375 0.2250000000000001
0 0.871875 0.2062500000000001 0.796875 0.2062500000000001 0.796875 0.2250000000000001 0.871875 0.2250000000000001
0 0.19062500000000004 0.253125 0.13281250000000006 0.253125 0.13281250000000006 0.2734375 0.19062500000000004 0.2734375
0 0.284375 0.253125 0.2046875 0.253125 0.2046875 0.275 0.284375 0.275
0 0.4421875 0.25625000000000003 0.303125 0.25625 0.303125 0.290625 0.4421875 0.2906250000000001
0 0.5671875 0.25468750000000007 0.475 0.25468750000000007 0.475 0.2750000000000001 0.5671875 0.2750000000000001
0 0.7546875 0.2515625000000001 0.5890625 0.2515625000000001 0.5890625 0.2734375000000001 0.7546875 0.2734375000000001
0 0.878125 0.2578125000000001 0.7765625 0.2578125000000001 0.7765625 0.2750000000000001 0.878125 0.2750000000000001
0 0.3078125 0.3109375 0.12656250000000005 0.3109375 0.12656250000000005 0.3390625 0.3078125 0.3390625
0 0.390625 0.30937500000000007 0.3234375 0.309375 0.3234375 0.33906250000000004 0.390625 0.3390625000000001
0 0.55 0.3062500000000001 0.3984375 0.3062500000000001 0.3984375 0.32500000000000007 0.55 0.32500000000000007
0 0.5671875 0.3203125000000001 0.5625 0.3203125000000001 0.5625 0.3234375000000001 0.5671875 0.3234375000000001
0 0.65625 0.3078125000000001 0.603125 0.3078125000000001 0.603125 0.32500000000000007 0.65625 0.32500000000000007
0 0.8109375 0.3062500000000001 0.68125 0.3062500000000001 0.68125 0.3265625000000001 0.8109375 0.3265625000000001
0 0.89375 0.3062500000000001 0.825 0.3062500000000001 0.825 0.3265625000000001 0.89375 0.3265625000000001
0 0.17812500000000003 0.3625 0.12656250000000005 0.3625 0.12656250000000005 0.375 0.17812500000000003 0.375
0 0.2968750000000001 0.3640625 0.18906250000000005 0.3640625 0.18906250000000005 0.378125 0.2968750000000001 0.378125
0 0.35625000000000007 0.3578125 0.3234375 0.3578125 0.32343750000000004 0.3734375 0.35625000000000007 0.3734375
0 0.415625 0.3625000000000001 0.375 0.3625000000000001 0.37500000000000006 0.3921875000000001 0.415625 0.3921875000000001
0 0.46875 0.3656250000000001 0.43125 0.3656250000000001 0.43125 0.3781250000000001 0.46875 0.3781250000000001
0 0.6390625 0.3531250000000001 0.4921875 0.3531250000000001 0.4921875 0.3921875000000001 0.6390625 0.3921875000000001
0 0.7609375 0.3593750000000001 0.6515625 0.3593750000000001 0.6515625 0.37968750000000007 0.7609375 0.37968750000000007
0 0.8890625 0.3609375000000001 0.7921875 0.3609375000000001 0.7921875 0.3781250000000001 0.8890625 0.3781250000000001
0 0.2140625000000001 0.40625 0.12343750000000005 0.40625 0.12343750000000005 0.425 0.2140625000000001 0.425
0 0.2734375000000001 0.4109375 0.2296875000000001 0.4109375 0.2296875000000001 0.425 0.2734375000000001 0.425
0 0.403125 0.415625 0.3046875000000001 0.415625 0.3046875000000001 0.428125 0.403125 0.428125
0 0.5125 0.4078125 0.4265625 0.4078125 0.4265625 0.4296875 0.5125 0.4296875
0 0.578125 0.409375 0.521875 0.409375 0.521875 0.440625 0.578125 0.440625
0 0.5796875 0.425 0.5703125 0.425 0.5703125 0.4359375 0.5796875 0.4359375
0 0.8484375 0.4062500000000001 0.6015625 0.40625 0.6015625 0.4453125000000001 0.8484375 0.44531250000000017
0 0.2750000000000001 0.45625 0.12031250000000004 0.45625 0.12031250000000004 0.4765625 0.2750000000000001 0.4765625
0 0.5109375 0.4546875 0.3000000000000001 0.4546875 0.3000000000000001 0.4875 0.5109375 0.4875
0 0.6125 0.45625 0.51875 0.45625 0.51875 0.478125 0.6125 0.478125
0 0.796875 0.4562500000000001 0.6390625 0.45625 0.6390625 0.4781250000000001 0.796875 0.4781250000000002
0 0.9078125 0.46406250000000016 0.8140625 0.46406250000000016 0.8140625 0.4812500000000002 0.9078125 0.4812500000000002
0 0.2015625000000001 0.509375 0.11875000000000005 0.509375 0.11875000000000005 0.528125 0.2015625000000001 0.528125
0 0.3421875000000001 0.5140625 0.2312500000000001 0.5140625 0.2312500000000001 0.528125 0.3421875000000001 0.528125
0 0.528125 0.5046875 0.3609375000000001 0.5046875 0.3609375000000001 0.5421875 0.528125 0.5421875
0 0.5390625 0.525 0.5265625 0.525 0.5265625 0.5390625 0.5390625 0.5390625
0 0.70625 0.5109375 0.5625 0.5109375 0.5625 0.54375 0.70625 0.54375
0 0.734375 0.5234375000000001 0.7234375 0.5234375 0.7234375 0.5359375000000001 0.734375 0.5359375000000002
0 0.871875 0.5078125000000002 0.7515625 0.5078125000000002 0.7515625 0.5296875000000002 0.871875 0.5296875000000002
0 0.2062500000000001 0.5546875 0.13437500000000008 0.5546875 0.13437500000000008 0.5796875 0.2062500000000001 0.5796875
0 0.3109375000000001 0.56875 0.23593750000000008 0.56875 0.23593750000000008 0.5828125 0.3109375000000001 0.5828125
0 0.3781250000000001 0.5578125 0.3390625000000001 0.5578125 0.3390625000000001 0.5765625 0.3781250000000001 0.5765625
0 0.525 0.5578125 0.3984375000000001 0.5578125 0.3984375000000001 0.578125 0.525 0.578125
0 0.6421875 0.5578125 0.546875 0.5578125 0.546875 0.5765625 0.6421875 0.5765625
0 0.7296875 0.5625000000000001 0.6765625 0.5625 0.6765625 0.5750000000000001 0.7296875 0.5750000000000002
0 0.86875 0.5546875000000002 0.7671875 0.5546875000000002 0.7671875 0.5781250000000002 0.86875 0.5781250000000002
0 0.22812500000000008 0.60625 0.1296875000000001 0.60625 0.1296875000000001 0.6296875 0.22812500000000008 0.6296875
0 0.3906250000000001 0.6140625 0.2593750000000001 0.6140625 0.2593750000000001 0.6296875 0.3906250000000001 0.6296875
0 0.4484375 0.609375 0.4078125 0.609375 0.4078125 0.6375 0.4484375 0.6375
0 0.6625 0.60625 0.4796875 0.60625 0.4796875 0.640625 0.6625 0.640625
0 0.6875 0.625 0.684375 0.625 0.684375 0.628125 0.6875 0.628125