0 0.19218750000000004 0.2046875 0.14375000000000004 0.2046875 0.14375000000000004 0.2234375 0.19218750000000004 0.2234375
0 0.265625 0.2046875 0.203125 0.2046875 0.203125 0.2234375 0.265625 0.2234375
0 0.340625 0.2046875 0.290625 0.2046875 0.290625 0.2234375 0.340625 0.2234375
0 0.4015625 0.21562500000000004 0.3625 0.215625 0.3625 0.22343750000000004 0.4015625 0.2234375000000001
0 0.578125 0.20468750000000008 0.4203125 0.20468750000000008 0.4203125 0.2375000000000001 0.578125 0.2375000000000001
0 0.7125 0.20468750000000008 0.6 0.20468750000000008 0.6 0.23437500000000008 0.7125 0.23437500000000008
0 0.784375 0.2062500000000001 0.728125 0.2062500000000001 0.728125 0.2250000000000001 0.784375 0.2250000000000001
0 0.8203125 0.2171875000000001 0.803125 0.2171875000000001 0.803125 0.2250000000000001 0.8203125 0.2250000000000001
0 0.3125 0.25625 0.14843750000000006 0.25625 0.14843750000000006 0.284375 0.3125 0.284375
0 0.4125 0.25468750000000007 0.3453125 0.2546875 0.3453125 0.27812500000000007 0.4125 0.27812500000000007
0 0.478125 0.2578125000000001 0.4375 0.2578125000000001 0.4375 0.27812500000000007 0.478125 0.27812500000000007
0 0.5640625 0.25468750000000007 0.496875 0.25468750000000007 0.496875 0.27812500000000007 0.5640625 0.27812500000000007
0 0.653125 0.25468750000000007 0.590625 0.25468750000000007 0.590625 0.2765625000000001 0.653125 0.2765625000000001
0 0.83125 0.2515625000000001 0.684375 0.2515625000000001 0.684375 0.2875000000000001 0.83125 0.2875000000000001
0 0.203125 0.303125 0.15468750000000003 0.303125 0.15468750000000003 0.3265625 0.203125 0.3265625
0 0.25 0.3171875 0.228125 0.3171875 0.228125 0.3265625 0.25 0.3265625
0 0.2953125 0.303125 0.25625 0.303125 0.25625 0.3265625 0.2953125 0.3265625
0 0.3015625 0.3234375 0.2984375 0.3234375 0.2984375 0.3265625 0.3015625 0.3265625
0 0.475 0.30312500000000003 0.35625 0.303125 0.35625 0.3375 0.475 0.3375000000000001
0 0.5390625 0.31718750000000007 0.503125 0.31718750000000007 0.503125 0.3375000000000001 0.5390625 0.3375000000000001
0 0.6140625 0.31718750000000007 0.571875 0.31718750000000007 0.571875 0.3265625000000001 0.6140625 0.3265625000000001
0 0.6703125 0.3031250000000001 0.6359375 0.3031250000000001 0.6359375 0.3265625000000001 0.6703125 0.3265625000000001
0 0.7625 0.3140625000000001 0.696875 0.3140625000000001 0.696875 0.3375000000000001 0.7625 0.3375000000000001
0 0.8 0.3156250000000001 0.7875 0.3156250000000001 0.7875 0.3234375000000001 0.8 0.3234375000000001
0 0.8671875 0.30156250000000007 0.8234375 0.30156250000000007 0.8234375 0.3281250000000001 0.8671875 0.3281250000000001
0 0.19687500000000005 0.3515625 0.16093750000000004 0.3515625 0.16093750000000004 0.378125 0.19687500000000005 0.378125
0 0.33125000000000004 0.353125 0.221875 0.353125 0.22187500000000004 0.3875 0.3312500000000001 0.3875
0 0.34843750000000007 0.375 0.3453125000000001 0.375 0.3453125000000001 0.38125 0.34843750000000007 0.38125
0 0.44375 0.35625000000000007 0.3828125 0.35625000000000007 0.38281250000000006 0.3781250000000001 0.44375 0.3781250000000001
0 0.6171875 0.35625000000000007 0.484375 0.35625000000000007 0.484375 0.3890625000000001 0.6171875 0.3890625000000001
0 0.76875 0.35625000000000007 0.6546875 0.35625000000000007 0.6546875 0.3781250000000001 0.76875 0.3781250000000001
0 0.803125 0.3515625000000001 0.7921875 0.3515625000000001 0.7921875 0.3750000000000001 0.803125 0.3750000000000001
0 0.2656250000000001 0.40625 0.15781250000000005 0.40625 0.15781250000000005 0.4375 0.2656250000000001 0.4375
0 0.3375000000000001 0.4046875 0.3078125000000001 0.4046875 0.3078125000000001 0.4359375 0.3375000000000001 0.4359375
0 0.3593750000000001 0.4171875 0.3453125000000001 0.4171875 0.3453125000000001 0.4265625 0.3593750000000001 0.4265625
0 0.48125 0.4078125 0.3859375000000001 0.4078125 0.3859375000000001 0.4296875 0.48125 0.4296875
0 0.56875 0.4046875 0.515625 0.4046875 0.515625 0.4359375 0.56875 0.4359375
0 0.6265625 0.403125 0.5921875 0.403125 0.5921875 0.434375 0.6265625 0.434375
0 0.73125 0.40312500000000007 0.6453125 0.403125 0.6453125 0.42656250000000007 0.73125 0.4265625000000002
0 0.7625 0.4046875000000002 0.7484375 0.4046875000000002 0.7484375 0.4265625000000002 0.7625 0.4265625000000002
0 0.8234375 0.4031250000000002 0.79375 0.4031250000000002 0.79375 0.42500000000000016 0.8234375 0.42500000000000016
0 0.3546875000000001 0.4515625 0.16093750000000004 0.4515625 0.16093750000000004 0.4796875 0.3546875000000001 0.4796875
0 0.4265625 0.4515625 0.3859375000000001 0.4515625 0.3859375000000001 0.484375 0.4265625 0.484375
0 0.4859375 0.45625 0.446875 0.45625 0.446875 0.4765625 0.4859375 0.4765625
0 0.584375 0.4515625 0.5203125 0.4515625 0.5203125 0.4765625 0.584375 0.4765625
0 0.6234375 0.4515625 0.60625 0.4515625 0.60625 0.4765625 0.6234375 0.4765625
0 0.69375 0.45625 0.653125 0.45625 0.653125 0.4796875 0.69375 0.4796875
0 0.75625 0.46562500000000007 0.7171875 0.465625 0.7171875 0.4796875000000001 0.75625 0.47968750000000016
0 0.8640625 0.4625000000000002 0.7828125 0.4625000000000002 0.7828125 0.4781250000000002 0.8640625 0.4781250000000002
0 0.18281250000000004 0.50625 0.15781250000000005 0.50625 0.15781250000000005 0.5296875 0.18281250000000004 0.5296875
0 0.2828125000000001 0.50625 0.2078125000000001 0.50625 0.2078125000000001 0.5296875 0.2828125000000001 0.5296875
0 0.2890625000000001 0.528125 0.28593750000000007 0.528125 0.28593750000000007 0.5328125 0.2890625000000001 0.5328125
0 0.3921875000000001 0.5046875 0.3343750000000001 0.5046875 0.3343750000000001 0.528125 0.3921875000000001 0.528125
0 0.4578125 0.509375 0.421875 0.509375 0.421875 0.528125 0.4578125 0.528125
0 0.5453125 0.50625 0.475 0.50625 0.475 0.534375 0.5453125 0.534375
0 0.684375 0.5109375 0.5640625 0.5109375 0.5640625 0.528125 0.684375 0.528125
0 0.7890625 0.503125 0.709375 0.503125 0.709375 0.5281250000000001 0.7890625 0.5281250000000002
0 0.8578125 0.5031250000000002 0.8078125 0.5031250000000002 0.8078125 0.5390625000000002 0.8578125 0.5390625000000002
0 0.2328125000000001 0.553125 0.1531250000000001 0.553125 0.1531250000000001 0.5828125 0.2328125000000001 0.5828125
0 0.3031250000000001 0.5578125 0.2468750000000001 0.5578125 0.2468750000000001 0.578125 0.3031250000000001 0.578125
0 0.4109375 0.5546875 0.3375000000000001 0.5546875 0.3375000000000001 0.578125 0.4109375 0.578125
0 0.465625 0.5578125 0.4390625 0.5578125 0.4390625 0.5796875 0.465625 0.5796875
0 0.553125 0.55625 0.5 0.55625 0.5 0.5796875 0.553125 0.5796875
0 0.55625 0.578125 0.553125 0.578125 0.553125 0.58125 0.55625 0.58125