0 0.16093750000000004 0.1984375 0.15000000000000005 0.1984375 0.15000000000000005 0.2078125 0.16093750000000004 0.2078125
0 0.24375 0.203125 0.16250000000000003 0.203125 0.16250000000000003 0.2203125 0.24375 0.2203125
0 0.3015625 0.2109375 0.2703125 0.2109375 0.2703125 0.228125 0.3015625 0.228125
0 0.44375 0.20312500000000006 0.33125 0.203125 0.33125 0.22812500000000005 0.44375 0.22812500000000008
0 0.5890625 0.20468750000000008 0.484375 0.20468750000000008 0.484375 0.2234375000000001 0.5890625 0.2234375000000001
0 0.659375 0.2140625000000001 0.6296875 0.2140625000000001 0.6296875 0.2234375000000001 0.659375 0.2234375000000001
0 0.7375 0.2078125000000001 0.6859375 0.2078125000000001 0.6859375 0.2234375000000001 0.7375 0.2234375000000001
0 0.8125 0.2078125000000001 0.7640625 0.2078125000000001 0.7640625 0.2234375000000001 0.8125 0.2234375000000001
0 0.8171875 0.2218750000000001 0.8109375 0.2218750000000001 0.8109375 0.2296875000000001 0.8171875 0.2296875000000001
0 0.8421875 0.20312500000000008 0.834375 0.20312500000000008 0.834375 0.21250000000000008 0.8421875 0.21250000000000008
0 0.18437500000000004 0.259375 0.14375000000000004 0.259375 0.14375000000000004 0.2765625 0.18437500000000004 0.2765625
0 0.34375 0.2609375 0.2078125 0.2609375 0.2078125 0.278125 0.34375 0.278125
0 0.4265625 0.2640625000000001 0.3703125 0.2640625000000001 0.3703125 0.27812500000000007 0.4265625 0.27812500000000007
0 0.546875 0.26250000000000007 0.45625 0.26250000000000007 0.45625 0.2828125000000001 0.546875 0.2828125000000001
0 0.5546875 0.2765625000000001 0.5515625 0.2765625000000001 0.5515625 0.2796875000000001 0.5546875 0.2796875000000001
0 0.5890625 0.2593750000000001 0.578125 0.2593750000000001 0.578125 0.2687500000000001 0.5890625 0.2687500000000001
0 0.7109375 0.2609375000000001 0.5953125 0.2609375000000001 0.5953125 0.2843750000000001 0.7109375 0.2843750000000001
0 0.7578125 0.26250000000000007 0.734375 0.26250000000000007 0.734375 0.27812500000000007 0.7578125 0.27812500000000007
0 0.8203125 0.2609375000000001 0.7796875 0.2609375000000001 0.7796875 0.27812500000000007 0.8203125 0.27812500000000007
0 0.29375 0.3109375 0.14218750000000005 0.3109375 0.14218750000000005 0.334375 0.29375 0.334375
0 0.471875 0.30781250000000004 0.3203125 0.3078125 0.3203125 0.33125000000000004 0.471875 0.3312500000000001
0 0.478125 0.3265625000000001 0.4734375 0.3265625000000001 0.4734375 0.3281250000000001 0.478125 0.3281250000000001
0 0.5015625 0.3062500000000001 0.4921875 0.3062500000000001 0.4921875 0.3156250000000001 0.5015625 0.3156250000000001
0 0.5375 0.30937500000000007 0.51875 0.30937500000000007 0.51875 0.3265625000000001 0.5375 0.3265625000000001
0 0.553125 0.30937500000000007 0.5375 0.30937500000000007 0.5375 0.3265625000000001 0.553125 0.3265625000000001
0 0.653125 0.31718750000000007 0.571875 0.31718750000000007 0.571875 0.3296875000000001 0.653125 0.3296875000000001
0 0.715625 0.3109375000000001 0.6703125 0.3109375000000001 0.6703125 0.3281250000000001 0.715625 0.3281250000000001
0 0.7171875 0.3265625000000001 0.7125 0.3265625000000001 0.7125 0.33281250000000007 0.7171875 0.33281250000000007
0 0.7453125 0.30937500000000007 0.7359375 0.30937500000000007 0.7359375 0.31718750000000007 0.7453125 0.31718750000000007
0 0.8453125 0.31718750000000007 0.75625 0.31718750000000007 0.75625 0.3312500000000001 0.8453125 0.3312500000000001
0 0.18281250000000004 0.3609375 0.14375000000000004 0.3609375 0.14375000000000004 0.378125 0.18281250000000004 0.378125
0 0.31718750000000007 0.3625 0.2046875 0.3625 0.20468750000000005 0.38125 0.31718750000000007 0.38125
0 0.3234375000000001 0.3765625 0.3203125000000001 0.3765625 0.3203125000000001 0.3796875 0.3234375000000001 0.3796875
0 0.35781250000000003 0.3578125 0.34375 0.3578125 0.34375000000000006 0.3671875 0.3578125000000001 0.3671875
0 0.3921875 0.36250000000000004 0.3609375 0.3625 0.3609375 0.37968750000000007 0.3921875000000001 0.37968750000000007
0 0.4 0.3765625000000001 0.39531250000000007 0.3765625000000001 0.39531250000000007 0.3828125000000001 0.4 0.3828125000000001
0 0.45 0.3687500000000001 0.41875 0.3687500000000001 0.41875 0.3781250000000001 0.45 0.3781250000000001
0 0.5140625 0.3609375000000001 0.465625 0.3609375000000001 0.465625 0.3781250000000001 0.5140625 0.3781250000000001
0 0.625 0.36406250000000007 0.53125 0.36406250000000007 0.53125 0.37968750000000007 0.625 0.37968750000000007
0 0.6984375 0.3687500000000001 0.646875 0.3687500000000001 0.646875 0.3859375000000001 0.6984375 0.3859375000000001
0 0.75 0.36406250000000007 0.7171875 0.36406250000000007 0.7171875 0.3812500000000001 0.75 0.3812500000000001
0 0.8921875 0.36406250000000007 0.7640625 0.36406250000000007 0.7640625 0.3843750000000001 0.8921875 0.3843750000000001
0 0.18281250000000004 0.41875 0.13906250000000003 0.41875 0.13906250000000003 0.43125 0.18281250000000004 0.43125
0 0.3046875000000001 0.4125 0.2015625000000001 0.4125 0.2015625000000001 0.4328125 0.3046875000000001 0.4328125
0 0.3156250000000001 0.4265625 0.3109375000000001 0.4265625 0.3109375000000001 0.428125 0.3156250000000001 0.428125
0 0.3812500000000001 0.4125 0.3437500000000001 0.4125 0.3437500000000001 0.428125 0.3812500000000001 0.428125
0 0.48125 0.4125 0.403125 0.4125 0.403125 0.4296875 0.48125 0.4296875
0 0.5828125 0.415625 0.5109375 0.415625 0.5109375 0.43125 0.5828125 0.43125
0 0.6859375 0.415625 0.6125 0.415625 0.6125 0.43125 0.6859375 0.43125
0 0.746875 0.4140625000000001 0.709375 0.4140625 0.709375 0.4296875000000001 0.746875 0.42968750000000017
0 0.81875 0.4125000000000002 0.7671875 0.4125000000000002 0.7671875 0.42968750000000017 0.81875 0.42968750000000017
0 0.3062500000000001 0.4609375 0.14218750000000005 0.4609375 0.14218750000000005 0.484375 0.3062500000000001 0.484375
0 0.3140625000000001 0.478125 0.3109375000000001 0.478125 0.3109375000000001 0.48125 0.3140625000000001 0.48125
0 0.3359375000000001 0.459375 0.3265625000000001 0.459375 0.3265625000000001 0.46875 0.3359375000000001 0.46875
0 0.41875 0.4625 0.35625000000000007 0.4625 0.35625000000000007 0.4796875 0.41875 0.4796875
0 0.4859375 0.4625 0.4390625 0.4625 0.4390625 0.478125 0.4859375 0.478125
0 0.5125 0.46875 0.496875 0.46875 0.496875 0.478125 0.5125 0.478125
0 0.58125 0.4625 0.528125 0.4625 0.528125 0.48125 0.58125 0.48125
0 0.5890625 0.4765625 0.5859375 0.4765625 0.5859375 0.484375 0.5890625 0.484375
0 0.6484375 0.4640625 0.6078125 0.4640625 0.6078125 0.478125 0.6484375 0.478125
0 0.740625 0.4640625000000001 0.6640625 0.4640625 0.6640625 0.48125000000000007 0.740625 0.4812500000000002
0 0.81875 0.4625000000000002 0.765625 0.4625000000000002 0.765625 0.4812500000000002 0.81875 0.4812500000000002
0 0.81875 0.47656250000000017 0.815625 0.47656250000000017 0.815625 0.47968750000000016 0.81875 0.47968750000000016
0 0.15468750000000003 0.5078125 0.14531250000000004 0.5078125 0.14531250000000004 0.5171875 0.15468750000000003 0.5171875
0 0.22812500000000008 0.5125 0.16093750000000004 0.5125 0.16093750000000004 0.5296875 0.22812500000000008 0.5296875
0 0.2984375000000001 0.5203125 0.25468750000000007 0.5203125 0.25468750000000007 0.5359375 0.2984375000000001 0.5359375
0 0.3890625000000001 0.5140625 0.3187500000000001 0.5140625 0.3187500000000001 0.53125 0.3890625000000001 0.53125
0 0.4421875 0.51875 0.4109375 0.51875 0.4109375 0.5296875 0.4421875 0.5296875
0 0.5015625 0.5203125 0.4609375 0.5203125 0.4609375 0.53125 0.5015625 0.53125
0 0.521875 0.5140625 0.5125 0.5140625 0.5125 0.5328125 0.521875 0.5328125
0 0.5375 0.5109375 0.5296875 0.5109375 0.5296875 0.5171875 0.5375 0.5171875
0 0.584375 0.5140625 0.55625 0.5140625 0.55625 0.5296875 0.584375 0.5296875
0 0.6875 0.5140625 0.6046875 0.5140625 0.6046875 0.53125 0.6875 0.53125
0 0.79375 0.5140625000000001 0.709375 0.5140625 0.709375 0.534375 0.79375 0.5343750000000002
0 0.7984375 0.5281250000000002 0.7953125 0.5281250000000002 0.7953125 0.5296875000000002 0.7984375 0.5296875000000002
0 0.1531250000000001 0.5578125 0.1437500000000001 0.5578125 0.1437500000000001 0.565625 0.1531250000000001 0.565625
0 0.2406250000000001 0.5625 0.16406250000000008 0.5625 0.16406250000000008 0.58125 0.2406250000000001 0.58125
0 0.3281250000000001 0.5609375 0.2687500000000001 0.5609375 0.2687500000000001 0.584375 0.3281250000000001 0.584375
0 0.4359375 0.5640625 0.3578125000000001 0.5640625 0.3578125000000001 0.58125 0.4359375 0.58125
0 0.4578125 0.56875 0.446875 0.56875 0.446875 0.5859375 0.4578125 0.5859375
0 0.4765625 0.565625 0.4671875 0.565625 0.4671875 0.5734375 0.4765625 0.5734375