0 0.12187500000000004 0.2140625 0.11562500000000005 0.2140625 0.11562500000000005 0.221875 0.12187500000000004 0.221875
0 0.21875 0.215625 0.12656250000000005 0.215625 0.12656250000000005 0.25 0.21875 0.25
0 0.23125 0.2359375 0.2296875 0.2359375 0.2296875 0.240625 0.23125 0.240625
0 0.2703125 0.221875 0.2328125 0.221875 0.2328125 0.2375 0.2703125 0.2375
0 0.2796875 0.2375 0.2765625 0.2375 0.2765625 0.240625 0.2796875 0.240625
0 0.2875 0.21875 0.28125 0.21875 0.28125 0.2234375 0.2875 0.2234375
0 0.3453125 0.21875 0.30625 0.21875 0.30625 0.2390625 0.3453125 0.2390625
0 0.421875 0.21406250000000004 0.3515625 0.2140625 0.3515625 0.25000000000000006 0.421875 0.2500000000000001
0 0.428125 0.2312500000000001 0.4265625 0.2312500000000001 0.4265625 0.2375000000000001 0.428125 0.2375000000000001
0 0.5078125 0.2156250000000001 0.4390625 0.2156250000000001 0.4390625 0.2484375000000001 0.5078125 0.2484375000000001
0 0.5609375 0.21250000000000008 0.515625 0.21250000000000008 0.515625 0.2406250000000001 0.5609375 0.2406250000000001
0 0.5953125 0.2156250000000001 0.56875 0.2156250000000001 0.56875 0.23593750000000008 0.5953125 0.23593750000000008
0 0.665625 0.21250000000000008 0.6015625 0.21250000000000008 0.6015625 0.23593750000000008 0.665625 0.23593750000000008
0 0.7171875 0.2140625000000001 0.678125 0.2140625000000001 0.678125 0.24375000000000008 0.7171875 0.24375000000000008
0 0.7234375 0.23593750000000008 0.721875 0.23593750000000008 0.721875 0.2390625000000001 0.7234375 0.2390625000000001
0 0.11250000000000004 0.2578125 0.10468750000000004 0.2578125 0.10468750000000004 0.2640625 0.11250000000000004 0.2640625
0 0.2859375 0.25625 0.11718750000000004 0.25625 0.11718750000000004 0.290625 0.2859375 0.290625
0 0.2921875 0.2765625 0.2890625 0.2765625 0.2890625 0.2796875 0.2921875 0.2796875
0 0.296875 0.25625 0.2921875 0.25625 0.2921875 0.2625 0.296875 0.2625
0 0.3375 0.2625 0.3140625 0.2625 0.3140625 0.284375 0.3375 0.284375
0 0.4046875 0.25468750000000007 0.346875 0.2546875 0.346875 0.29218750000000004 0.4046875 0.2921875000000001
0 0.4421875 0.2562500000000001 0.4109375 0.2562500000000001 0.4109375 0.2796875000000001 0.4421875 0.2796875000000001
0 0.50625 0.25468750000000007 0.45 0.25468750000000007 0.45 0.2890625000000001 0.50625 0.2890625000000001
0 0.5453125 0.2578125000000001 0.509375 0.2578125000000001 0.509375 0.2796875000000001 0.5453125 0.2796875000000001
0 0.578125 0.2718750000000001 0.55625 0.2718750000000001 0.55625 0.2796875000000001 0.578125 0.2796875000000001
0 0.565625 0.2640625000000001 0.5640625 0.2640625000000001 0.5640625 0.2671875000000001 0.565625 0.2671875000000001
0 0.6125 0.2593750000000001 0.5859375 0.2593750000000001 0.5859375 0.2812500000000001 0.6125 0.2812500000000001
0 0.6734375 0.27031250000000007 0.6234375 0.27031250000000007 0.6234375 0.2796875000000001 0.6734375 0.2796875000000001
0 0.684375 0.2765625000000001 0.68125 0.2765625000000001 0.68125 0.2796875000000001 0.684375 0.2796875000000001
0 0.725 0.25468750000000007 0.6921875 0.25468750000000007 0.6921875 0.27812500000000007 0.725 0.27812500000000007
0 0.7546875 0.2562500000000001 0.73125 0.2562500000000001 0.73125 0.27812500000000007 0.7546875 0.27812500000000007
0 0.7875 0.2687500000000001 0.7609375 0.2687500000000001 0.7609375 0.27812500000000007 0.7875 0.27812500000000007
0 0.8296875 0.2578125000000001 0.79375 0.2578125000000001 0.79375 0.2796875000000001 0.8296875 0.2796875000000001
0 0.871875 0.2531250000000001 0.8328125 0.2531250000000001 0.8328125 0.27812500000000007 0.871875 0.27812500000000007
0 0.88125 0.27812500000000007 0.878125 0.27812500000000007 0.878125 0.2812500000000001 0.88125 0.2812500000000001
0 0.15312500000000004 0.3 0.11718750000000004 0.3 0.11718750000000004 0.31875 0.15312500000000004 0.31875
0 0.19843750000000004 0.3078125 0.16406250000000006 0.3078125 0.16406250000000006 0.31875 0.19843750000000004 0.31875
0 0.278125 0.29375 0.2125 0.29375 0.2125 0.328125 0.278125 0.328125
0 0.328125 0.309375 0.296875 0.309375 0.296875 0.3296875 0.328125 0.3296875
0 0.365625 0.30000000000000004 0.3328125 0.3 0.3328125 0.321875 0.365625 0.3218750000000001
0 0.4078125 0.2984375000000001 0.3765625 0.2984375000000001 0.3765625 0.3187500000000001 0.4078125 0.3187500000000001
0 0.4734375 0.2921875000000001 0.4234375 0.2921875000000001 0.4234375 0.3265625000000001 0.4734375 0.3265625000000001
0 0.484375 0.31718750000000007 0.48125 0.31718750000000007 0.48125 0.3234375000000001 0.484375 0.3234375000000001
0 0.525 0.2968750000000001 0.49375 0.2968750000000001 0.49375 0.3203125000000001 0.525 0.3203125000000001
0 0.559375 0.2968750000000001 0.528125 0.2968750000000001 0.528125 0.3203125000000001 0.559375 0.3203125000000001
0 0.603125 0.30156250000000007 0.5671875 0.30156250000000007 0.5671875 0.3218750000000001 0.603125 0.3218750000000001
0 0.6453125 0.30937500000000007 0.6125 0.30937500000000007 0.6125 0.3203125000000001 0.6453125 0.3203125000000001
0 0.7015625 0.3062500000000001 0.6546875 0.3062500000000001 0.6546875 0.33281250000000007 0.7015625 0.33281250000000007
0 0.7109375 0.31718750000000007 0.7078125 0.31718750000000007 0.7078125 0.3187500000000001 0.7109375 0.3187500000000001
0 0.7578125 0.3000000000000001 0.7203125 0.3000000000000001 0.7203125 0.3218750000000001 0.7578125 0.3218750000000001
0 0.83125 0.2968750000000001 0.765625 0.2968750000000001 0.765625 0.3265625000000001 0.83125 0.3265625000000001
0 0.8875 0.30156250000000007 0.840625 0.30156250000000007 0.840625 0.31718750000000007 0.8875 0.31718750000000007
0 0.18437500000000004 0.3328125 0.11875000000000005 0.3328125 0.11875000000000005 0.3640625 0.18437500000000004 0.3640625
0 0.19062500000000004 0.3484375 0.18750000000000006 0.3484375 0.18750000000000006 0.3546875 0.19062500000000004 0.3546875
0 0.2734375 0.33125 0.2 0.33125 0.2 0.353125 0.2734375 0.353125
0 0.2875 0.35 0.284375 0.35 0.284375 0.35625 0.2875 0.35625
0 0.3390625 0.334375 0.29375 0.334375 0.29375 0.3578125 0.3390625 0.3578125
0 0.3796875 0.33437500000000003 0.346875 0.334375 0.346875 0.35625000000000007 0.3796875 0.35625000000000007
0 0.453125 0.3312500000000001 0.3890625 0.3312500000000001 0.3890625 0.35625000000000007 0.453125 0.35625000000000007
0 0.4640625 0.3546875000000001 0.4609375 0.3546875000000001 0.4609375 0.3578125000000001 0.4640625 0.3578125000000001
0 0.5140625 0.3312500000000001 0.46875 0.3312500000000001 0.46875 0.3578125000000001 0.5140625 0.3578125000000001
0 0.5640625 0.3359375000000001 0.51875 0.3359375000000001 0.51875 0.3546875000000001 0.5640625 0.3546875000000001
0 0.5765625 0.3531250000000001 0.5734375 0.3531250000000001 0.5734375 0.3593750000000001 0.5765625 0.3593750000000001
0 0.609375 0.3468750000000001 0.584375 0.3468750000000001 0.584375 0.3546875000000001 0.609375 0.3546875000000001
0 0.646875 0.3343750000000001 0.6140625 0.3343750000000001 0.6140625 0.35625000000000007 0.646875 0.35625000000000007
0 0.740625 0.33281250000000007 0.6578125 0.33281250000000007 0.6578125 0.3656250000000001 0.740625 0.3656250000000001
0 0.75 0.3546875000000001 0.7484375 0.3546875000000001 0.7484375 0.3578125000000001 0.75 0.3578125000000001
0 0.834375 0.3359375000000001 0.7546875 0.3359375000000001 0.7546875 0.3781250000000001 0.834375 0.3781250000000001
0 0.8609375 0.3421875000000001 0.8390625 0.3421875000000001 0.8390625 0.3578125000000001 0.8609375 0.3578125000000001
0 0.9 0.3375000000000001 0.865625 0.3375000000000001 0.865625 0.3609375000000001 0.9 0.3609375000000001
0 0.16718750000000004 0.36875 0.11406250000000004 0.36875 0.11406250000000004 0.390625 0.16718750000000004 0.390625
0 0.22656250000000008 0.365625 0.17968750000000006 0.365625 0.17968750000000006 0.3921875 0.22656250000000008 0.3921875
0 0.3109375000000001 0.365625 0.2328125000000001 0.365625 0.2328125000000001 0.4046875 0.3109375000000001 0.4046875
0 0.3546875000000001 0.3796875 0.3187500000000001 0.3796875 0.3187500000000001 0.390625 0.3546875000000001 0.390625
0 0.4375 0.36875 0.3609375000000001 0.36875 0.3609375000000001 0.403125 0.4375 0.403125
0 0.490625 0.3671875000000001 0.44375 0.3671875000000001 0.44375 0.3906250000000001 0.490625 0.3906250000000001
0 0.528125 0.3812500000000001 0.50625 0.3812500000000001 0.50625 0.3906250000000001 0.528125 0.3906250000000001
0 0.5953125 0.3671875000000001 0.540625 0.3671875000000001 0.540625 0.4046875 0.5953125 0.4046875
0 0.6296875 0.3828125000000001 0.609375 0.3828125000000001 0.609375 0.3921875000000001 0.6296875 0.3921875000000001
0 0.6640625 0.3765625000000001 0.6390625 0.3765625000000001 0.6390625 0.3937500000000001 0.6640625 0.3937500000000001
0 0.7125 0.3828125000000001 0.678125 0.3828125000000001 0.678125 0.3937500000000001 0.7125 0.3937500000000001
0 0.790625 0.3765625000000001 0.7234375 0.3765625000000001 0.7234375 0.4156250000000001 0.790625 0.4156250000000002
0 0.85625 0.37968750000000007 0.79375 0.37968750000000007 0.79375 0.3984375000000001 0.85625 0.3984375000000001
0 0.865625 0.40156250000000016 0.8609375 0.40156250000000016 0.8609375 0.4046875000000002 0.865625 0.4046875000000002