0 0.17031250000000003 0.2578125 0.14375000000000004 0.2578125 0.14375000000000004 0.2765625 0.17031250000000003 0.2765625
0 0.2921875 0.259375 0.19218750000000004 0.259375 0.19218750000000004 0.2796875 0.2921875 0.2796875
0 0.296875 0.2734375 0.29375 0.2734375 0.29375 0.28125 0.296875 0.28125
0 0.371875 0.26093750000000004 0.3171875 0.2609375 0.3171875 0.27656250000000004 0.371875 0.2765625000000001
0 0.4453125 0.2593750000000001 0.3921875 0.2593750000000001 0.3921875 0.27812500000000007 0.4453125 0.27812500000000007
0 0.503125 0.2578125000000001 0.4640625 0.2578125000000001 0.4640625 0.2765625000000001 0.503125 0.2765625000000001
0 0.640625 0.2640625000000001 0.515625 0.2640625000000001 0.515625 0.2812500000000001 0.640625 0.2812500000000001
0 0.653125 0.2734375000000001 0.6484375 0.2734375000000001 0.6484375 0.2828125000000001 0.653125 0.2828125000000001
0 0.740625 0.2656250000000001 0.6828125 0.2656250000000001 0.6828125 0.2812500000000001 0.740625 0.2812500000000001
0 0.896875 0.2593750000000001 0.765625 0.2593750000000001 0.765625 0.2750000000000001 0.896875 0.2750000000000001
0 0.9265625 0.2750000000000001 0.9015625 0.2750000000000001 0.9015625 0.2765625000000001 0.9265625 0.2765625000000001
0 0.2 0.309375 0.14062500000000006 0.309375 0.14062500000000006 0.3296875 0.2 0.3296875
0 0.3109375 0.3125 0.2234375 0.3125 0.2234375 0.3328125 0.3109375 0.3328125
0 0.3171875 0.3265625 0.3125 0.3265625 0.3125 0.3296875 0.3171875 0.3296875
0 0.3984375 0.31250000000000006 0.353125 0.3125 0.353125 0.32812500000000006 0.3984375 0.3281250000000001
0 0.465625 0.3109375000000001 0.4234375 0.3109375000000001 0.4234375 0.3281250000000001 0.465625 0.3281250000000001
0 0.6078125 0.30937500000000007 0.490625 0.30937500000000007 0.490625 0.3265625000000001 0.6078125 0.3265625000000001
0 0.6125 0.3234375000000001 0.6078125 0.3234375000000001 0.6078125 0.33281250000000007 0.6125 0.33281250000000007
0 0.6890625 0.3125000000000001 0.6328125 0.3125000000000001 0.6328125 0.3265625000000001 0.6890625 0.3265625000000001
0 0.78125 0.3125000000000001 0.7109375 0.3125000000000001 0.7109375 0.3265625000000001 0.78125 0.3265625000000001
0 0.9015625 0.3109375000000001 0.8015625 0.3109375000000001 0.8015625 0.3343750000000001 0.9015625 0.3343750000000001
0 0.18593750000000003 0.359375 0.14218750000000005 0.359375 0.14218750000000005 0.3765625 0.18593750000000003 0.3765625
0 0.28125000000000006 0.359375 0.209375 0.359375 0.20937500000000003 0.378125 0.2812500000000001 0.378125
0 0.2812500000000001 0.375 0.27812500000000007 0.375 0.27812500000000007 0.378125 0.2812500000000001 0.378125
0 0.37187500000000007 0.35937500000000006 0.315625 0.359375 0.31562500000000004 0.37812500000000004 0.37187500000000007 0.3781250000000001
0 0.471875 0.36406250000000007 0.3843750000000001 0.36406250000000007 0.3843750000000001 0.3843750000000001 0.471875 0.3843750000000001
0 0.471875 0.3750000000000001 0.46875 0.3750000000000001 0.46875 0.3781250000000001 0.471875 0.3781250000000001
0 0.55 0.3609375000000001 0.5046875 0.3609375000000001 0.5046875 0.3765625000000001 0.55 0.3765625000000001
0 0.6390625 0.3546875000000001 0.58125 0.3546875000000001 0.58125 0.3765625000000001 0.6390625 0.3765625000000001
0 0.7890625 0.3546875000000001 0.6609375 0.3546875000000001 0.6609375 0.3781250000000001 0.7890625 0.3781250000000001
0 0.8953125 0.3578125000000001 0.8109375 0.3578125000000001 0.8109375 0.3828125000000001 0.8953125 0.3828125000000001
0 0.2750000000000001 0.4109375 0.14375000000000004 0.4109375 0.14375000000000004 0.428125 0.2750000000000001 0.428125
0 0.3843750000000001 0.4109375 0.2984375000000001 0.4109375 0.2984375000000001 0.4359375 0.3843750000000001 0.4359375
0 0.3921875000000001 0.4234375 0.3906250000000001 0.4234375 0.3906250000000001 0.425 0.3921875000000001 0.425
0 0.484375 0.409375 0.4203125 0.409375 0.4203125 0.4265625 0.484375 0.4265625
0 0.5234375 0.4171875 0.5015625 0.4171875 0.5015625 0.428125 0.5234375 0.428125
0 0.5953125 0.4125 0.54375 0.4125 0.54375 0.428125 0.5953125 0.428125
0 0.6546875 0.4125 0.6125 0.4125 0.6125 0.4296875 0.6546875 0.4296875
0 0.7484375 0.4156250000000001 0.68125 0.415625 0.68125 0.42656250000000007 0.7484375 0.4265625000000002
0 0.8078125 0.4109375000000002 0.778125 0.4109375000000002 0.778125 0.4281250000000002 0.8078125 0.4281250000000002
0 0.875 0.40937500000000016 0.828125 0.40937500000000016 0.828125 0.42500000000000016 0.875 0.42500000000000016
0 0.2156250000000001 0.4578125 0.14687500000000003 0.4578125 0.14687500000000003 0.4828125 0.2156250000000001 0.4828125
0 0.22656250000000008 0.475 0.2234375000000001 0.475 0.2234375000000001 0.478125 0.22656250000000008 0.478125
0 0.31718750000000007 0.4578125 0.2687500000000001 0.4578125 0.2687500000000001 0.478125 0.31718750000000007 0.478125
0 0.4328125 0.4625 0.3468750000000001 0.4625 0.3468750000000001 0.4796875 0.4328125 0.4796875
0 0.5203125 0.4609375 0.4609375 0.4609375 0.4609375 0.484375 0.5203125 0.484375
0 0.5671875 0.4609375 0.5390625 0.4609375 0.5390625 0.4765625 0.5671875 0.4765625
0 0.7203125 0.459375 0.59375 0.459375 0.59375 0.478125 0.7203125 0.478125
0 0.728125 0.47343750000000007 0.725 0.4734375 0.725 0.48125000000000007 0.728125 0.4812500000000002
0 0.825 0.4593750000000002 0.7578125 0.4593750000000002 0.7578125 0.47656250000000017 0.825 0.47656250000000017
0 0.8828125 0.46093750000000017 0.84375 0.46093750000000017 0.84375 0.47968750000000016 0.8828125 0.47968750000000016
0 0.2468750000000001 0.509375 0.14218750000000005 0.509375 0.14218750000000005 0.5296875 0.2468750000000001 0.5296875
0 0.3234375000000001 0.51875 0.2765625000000001 0.51875 0.2765625000000001 0.53125 0.3234375000000001 0.53125
0 0.45 0.5109375 0.3500000000000001 0.5109375 0.3500000000000001 0.5359375 0.45 0.5359375
0 0.525 0.5125 0.4796875 0.5125 0.4796875 0.5296875 0.525 0.5296875
0 0.6140625 0.509375 0.5515625 0.509375 0.5515625 0.528125 0.6140625 0.528125
0 0.66875 0.5109375 0.6390625 0.5109375 0.6390625 0.528125 0.66875 0.528125
0 0.88125 0.5125000000000001 0.684375 0.5125 0.684375 0.5281250000000001 0.88125 0.5281250000000002
0 0.3203125000000001 0.5625 0.14218750000000008 0.5625 0.14218750000000008 0.5875 0.3203125000000001 0.5875
0 0.475 0.5625 0.3468750000000001 0.5625 0.3468750000000001 0.584375 0.475 0.584375
0 0.4875 0.575 0.484375 0.575 0.484375 0.584375 0.4875 0.584375
0 0.6 0.5609375 0.5046875 0.5609375 0.5046875 0.584375 0.6 0.584375
0 0.6546875 0.56875 0.625 0.56875 0.625 0.5796875 0.6546875 0.5796875
0 0.815625 0.5609375000000001 0.6765625 0.5609375 0.6765625 0.58125 0.815625 0.5812500000000002
0 0.8328125 0.5625000000000002 0.821875 0.5625000000000002 0.821875 0.5812500000000002 0.8328125 0.5812500000000002
0 0.19531250000000008 0.6125 0.1390625000000001 0.6125 0.1390625000000001 0.6328125 0.19531250000000008 0.6328125
0 0.2921875000000001 0.6140625 0.21250000000000008 0.6140625 0.21250000000000008 0.6359375 0.2921875000000001 0.6359375
0 0.3046875000000001 0.6296875 0.30156250000000007 0.6296875 0.30156250000000007 0.63125 0.3046875000000001 0.63125
0 0.44375 0.6140625 0.3265625000000001 0.6140625 0.3265625000000001 0.6375 0.44375 0.6375
0 0.5171875 0.6171875 0.4625 0.6171875 0.4625 0.63125 0.5171875 0.63125
0 0.525 0.6296875 0.5203125 0.6296875 0.5203125 0.6375 0.525 0.6375
0 0.5578125 0.6078125 0.546875 0.6078125 0.546875 0.6140625 0.5578125 0.6140625
0 0.6234375 0.6109375 0.565625 0.6109375 0.565625 0.6359375 0.6234375 0.6359375
0 0.721875 0.6109375 0.640625 0.6109375 0.640625 0.6296875 0.721875 0.6296875
0 0.83125 0.6140625000000002 0.7421875 0.6140625000000002 0.7421875 0.6359375000000002 0.83125 0.6359375000000002
0 0.23437500000000008 0.6671875 0.1390625000000001 0.6671875 0.1390625000000001 0.684375 0.23437500000000008 0.684375
0 0.2453125000000001 0.68125 0.2406250000000001 0.68125 0.2406250000000001 0.6875 0.2453125000000001 0.6875
0 0.35625000000000007 0.665625 0.2640625000000001 0.665625 0.2640625000000001 0.6828125 0.35625000000000007 0.6828125
0 0.3734375000000001 0.665625 0.3593750000000001 0.665625 0.3593750000000001 0.6828125 0.3734375000000001 0.6828125
0 0.3828125000000001 0.678125 0.3765625000000001 0.678125 0.3765625000000001 0.6859375 0.3828125000000001 0.6859375
0 0.4078125 0.6609375 0.3984375000000001 0.6609375 0.3984375000000001 0.66875 0.4078125 0.66875
0 0.4484375 0.671875 0.4234375 0.671875 0.4234375 0.6828125 0.4484375 0.6828125
0 0.559375 0.6671875 0.4703125 0.6671875 0.4703125 0.6859375 0.559375 0.6859375
0 0.621875 0.6640625 0.5703125 0.6640625 0.5703125 0.6859375 0.621875 0.6859375
0 0.7171875 0.6640625 0.634375 0.6640625 0.634375 0.68125 0.7171875 0.68125
0 0.809375 0.6640625000000002 0.734375 0.6640625000000002 0.734375 0.6875000000000002 0.809375 0.6875000000000002
0 0.884375 0.6640625000000002 0.825 0.6640625000000002 0.825 0.6796875000000002 0.884375 0.6796875000000002
0 0.16406250000000008 0.7125 0.1375000000000001 0.7125 0.1375000000000001 0.7328125 0.16406250000000008 0.7328125
0 0.2171875000000001 0.721875 0.1781250000000001 0.721875 0.1781250000000001 0.7328125 0.2171875000000001 0.7328125
0 0.2562500000000001 0.725 0.2406250000000001 0.725 0.2406250000000001 0.734375 0.2562500000000001 0.734375
0 0.3312500000000001 0.715625 0.2796875000000001 0.715625 0.2796875000000001 0.7375 0.3312500000000001 0.7375
0 0.3828125000000001 0.7140625 0.3500000000000001 0.7140625 0.3500000000000001 0.7328125 0.3828125000000001 0.7328125
0 0.4453125000000001 0.7140625 0.4 0.7140625 0.4000000000000001 0.73125 0.44531250000000017 0.73125
0 0.4531250000000001 0.7234375 0.44375 0.7234375 0.4437500000000001 0.7375 0.45312500000000017 0.7375
0 0.5109375 0.7203125 0.4828125 0.7203125 0.4828125000000001 0.73125 0.5109375000000002 0.73125
0 0.5187500000000002 0.7296875 0.5109375000000002 0.7296875 0.5109375000000002 0.7390625 0.5187500000000002 0.7390625
0 0.6421875000000001 0.715625 0.55 0.715625 0.55 0.7328125 0.6421875000000001 0.7328125
0 0.6531250000000002 0.7265625 0.6468750000000002 0.7265625 0.6468750000000002 0.734375 0.6531250000000002 0.734375
0 0.7234375000000001 0.715625 0.6640625 0.715625 0.6640625000000001 0.734375 0.7234375000000002 0.734375
0 0.8390625 0.7125000000000001 0.746875 0.7125000000000001 0.7468750000000001 0.7296875000000002 0.8390625 0.7296875000000002
0 0.840625 0.7265625000000002 0.8375 0.7265625000000002 0.8375 0.7296875000000002 0.840625 0.7296875000000002