0 0.15937500000000004 0.1875 0.15156250000000004 0.1875 0.15156250000000004 0.19375 0.15937500000000004 0.19375
0 0.228125 0.19375000000000003 0.16562500000000005 0.19375 0.16562500000000005 0.2140625 0.228125 0.2140625
0 0.2859375 0.2046875 0.253125 0.2046875 0.253125 0.2125 0.2859375 0.2125
0 0.3390625 0.20625 0.2984375 0.20625 0.2984375 0.2125 0.3390625 0.2125
0 0.4375 0.20000000000000004 0.3609375 0.2 0.3609375 0.21562500000000004 0.4375 0.2156250000000001
0 0.45 0.2093750000000001 0.446875 0.2093750000000001 0.446875 0.2156250000000001 0.45 0.2156250000000001
0 0.46875 0.19062500000000004 0.4625 0.19062500000000004 0.4625 0.19531250000000006 0.46875 0.19531250000000006
0 0.5578125 0.2000000000000001 0.4921875 0.2000000000000001 0.4921875 0.2140625000000001 0.5578125 0.2140625000000001
0 0.6234375 0.1984375000000001 0.5921875 0.1984375000000001 0.5921875 0.2171875000000001 0.6234375 0.2171875000000001
0 0.696875 0.2000000000000001 0.6484375 0.2000000000000001 0.6484375 0.2156250000000001 0.696875 0.2156250000000001
0 0.8296875 0.19687500000000008 0.725 0.19687500000000008 0.725 0.21250000000000008 0.8296875 0.21250000000000008
0 0.8484375 0.2078125000000001 0.8453125 0.2078125000000001 0.8453125 0.2093750000000001 0.8484375 0.2093750000000001
0 0.2390625 0.25625 0.16093750000000004 0.25625 0.16093750000000004 0.2859375 0.2390625 0.2859375
0 0.2546875 0.2734375 0.25 0.2734375 0.25 0.2828125 0.2546875 0.2828125
0 0.38125 0.25625000000000003 0.2765625 0.25625 0.2765625 0.2828125 0.38125 0.2828125000000001
0 0.465625 0.2593750000000001 0.40625 0.2593750000000001 0.40625 0.2718750000000001 0.465625 0.2718750000000001
0 0.59375 0.2609375000000001 0.4796875 0.2609375000000001 0.4796875 0.2796875000000001 0.59375 0.2796875000000001
0 0.6234375 0.2687500000000001 0.6109375 0.2687500000000001 0.6109375 0.2750000000000001 0.6234375 0.2750000000000001
0 0.6953125 0.2578125000000001 0.640625 0.2578125000000001 0.640625 0.2750000000000001 0.6953125 0.2750000000000001
0 0.7359375 0.2593750000000001 0.7109375 0.2593750000000001 0.7109375 0.2812500000000001 0.7359375 0.2812500000000001
0 0.2796875 0.3015625 0.16562500000000005 0.3015625 0.16562500000000005 0.325 0.2796875 0.325
0 0.2921875 0.3203125 0.290625 0.3203125 0.290625 0.3234375 0.2921875 0.3234375