0 0.16406250000000006 0.221875 0.12187500000000004 0.221875 0.12187500000000004 0.253125 0.16406250000000006 0.253125
0 0.20625 0.228125 0.16875000000000004 0.228125 0.16875000000000004 0.2484375 0.20625 0.2484375
0 0.2421875 0.221875 0.215625 0.221875 0.215625 0.24375 0.2421875 0.24375
0 0.3015625 0.221875 0.25 0.221875 0.25 0.25625 0.3015625 0.25625
0 0.359375 0.225 0.3015625 0.225 0.3015625 0.25 0.359375 0.25
0 0.334375 0.2296875 0.33125 0.2296875 0.33125 0.2328125 0.334375 0.2328125
0 0.403125 0.22812500000000008 0.36875 0.22812500000000008 0.36875 0.25468750000000007 0.403125 0.25468750000000007
0 0.425 0.22812500000000008 0.4140625 0.22812500000000008 0.4140625 0.2500000000000001 0.425 0.2500000000000001
0 0.4296875 0.2296875000000001 0.4265625 0.2296875000000001 0.4265625 0.23593750000000008 0.4296875 0.23593750000000008
0 0.6109375 0.22656250000000008 0.440625 0.22656250000000008 0.440625 0.2687500000000001 0.6109375 0.2687500000000001
0 0.6203125 0.2500000000000001 0.615625 0.2500000000000001 0.615625 0.2578125000000001 0.6203125 0.2578125000000001
0 0.653125 0.2453125000000001 0.6296875 0.2453125000000001 0.6296875 0.2531250000000001 0.653125 0.2531250000000001
0 0.684375 0.22812500000000008 0.653125 0.22812500000000008 0.653125 0.2562500000000001 0.684375 0.2562500000000001
0 0.728125 0.2296875000000001 0.6953125 0.2296875000000001 0.6953125 0.2531250000000001 0.728125 0.2531250000000001
0 0.7375 0.2500000000000001 0.734375 0.2500000000000001 0.734375 0.25468750000000007 0.7375 0.25468750000000007
0 0.7453125 0.2328125000000001 0.740625 0.2328125000000001 0.740625 0.2390625000000001 0.7453125 0.2390625000000001
0 0.7625 0.2375000000000001 0.75625 0.2375000000000001 0.75625 0.24375000000000008 0.7625 0.24375000000000008
0 0.790625 0.2375000000000001 0.76875 0.2375000000000001 0.76875 0.2593750000000001 0.790625 0.2593750000000001
0 0.8140625 0.23593750000000008 0.79375 0.23593750000000008 0.79375 0.2609375000000001 0.8140625 0.2609375000000001
0 0.2125 0.2671875 0.12812500000000004 0.2671875 0.12812500000000004 0.3015625 0.2125 0.3015625
0 0.24375 0.271875 0.21875 0.271875 0.21875 0.29375 0.24375 0.29375
0 0.296875 0.2734375 0.2515625 0.2734375 0.2515625 0.29375 0.296875 0.29375
0 0.3296875 0.2671875 0.3109375 0.2671875 0.3109375 0.2921875 0.3296875 0.2921875
0 0.528125 0.26875000000000004 0.34375 0.26875 0.34375 0.31250000000000006 0.528125 0.3125000000000001
0 0.5703125 0.27812500000000007 0.5265625 0.27812500000000007 0.5265625 0.2984375000000001 0.5703125 0.2984375000000001
0 0.621875 0.2890625000000001 0.5828125 0.2890625000000001 0.5828125 0.3109375000000001 0.621875 0.3109375000000001
0 0.653125 0.2890625000000001 0.6359375 0.2890625000000001 0.6359375 0.2984375000000001 0.653125 0.2984375000000001
0 0.66875 0.27812500000000007 0.6546875 0.27812500000000007 0.6546875 0.3000000000000001 0.66875 0.3000000000000001
0 0.6765625 0.2750000000000001 0.6703125 0.2750000000000001 0.6703125 0.2812500000000001 0.6765625 0.2812500000000001
0 0.6921875 0.27812500000000007 0.6875 0.27812500000000007 0.6875 0.2843750000000001 0.6921875 0.2843750000000001
0 0.7390625 0.2796875000000001 0.6921875 0.2796875000000001 0.6921875 0.3109375000000001 0.7390625 0.3109375000000001
0 0.8453125 0.2734375000000001 0.7515625 0.2734375000000001 0.7515625 0.30156250000000007 0.8453125 0.30156250000000007
0 0.85625 0.2984375000000001 0.853125 0.2984375000000001 0.853125 0.3031250000000001 0.85625 0.3031250000000001
0 0.8640625 0.2750000000000001 0.8578125 0.2750000000000001 0.8578125 0.2843750000000001 0.8640625 0.2843750000000001
0 0.12343750000000005 0.31875 0.12031250000000004 0.31875 0.12031250000000004 0.325 0.12343750000000005 0.325
0 0.19375000000000003 0.31875 0.12500000000000006 0.31875 0.12500000000000006 0.3390625 0.19375000000000003 0.3390625
0 0.246875 0.3171875 0.2046875 0.3171875 0.2046875 0.340625 0.246875 0.340625
0 0.2765625 0.31875 0.2546875 0.31875 0.2546875 0.3390625 0.2765625 0.3390625
0 0.3328125 0.3125 0.28125 0.3125 0.28125 0.340625 0.3328125 0.340625
0 0.3828125 0.31718750000000007 0.3453125 0.3171875 0.3453125 0.34062500000000007 0.3828125 0.34062500000000007
0 0.4453125 0.31718750000000007 0.390625 0.31718750000000007 0.390625 0.34062500000000007 0.4453125 0.34062500000000007
0 0.5125 0.31718750000000007 0.45625 0.31718750000000007 0.45625 0.34062500000000007 0.5125 0.34062500000000007
0 0.5453125 0.3125000000000001 0.525 0.3125000000000001 0.525 0.3437500000000001 0.5453125 0.3437500000000001
0 0.59375 0.3156250000000001 0.5515625 0.3156250000000001 0.5515625 0.3390625000000001 0.59375 0.3390625000000001
0 0.65 0.3140625000000001 0.6140625 0.3140625000000001 0.6140625 0.3390625000000001 0.65 0.3390625000000001
0 0.7609375 0.3140625000000001 0.6578125 0.3140625000000001 0.6578125 0.34062500000000007 0.7609375 0.34062500000000007
0 0.7734375 0.3390625000000001 0.7703125 0.3390625000000001 0.7703125 0.3453125000000001 0.7734375 0.3453125000000001
0 0.778125 0.3156250000000001 0.7703125 0.3156250000000001 0.7703125 0.3203125000000001 0.778125 0.3203125000000001
0 0.821875 0.3218750000000001 0.790625 0.3218750000000001 0.790625 0.3500000000000001 0.821875 0.3500000000000001
0 0.86875 0.3156250000000001 0.828125 0.3156250000000001 0.828125 0.3437500000000001 0.86875 0.3437500000000001
0 0.8765625 0.3390625000000001 0.8734375 0.3390625000000001 0.8734375 0.3468750000000001 0.8765625 0.3468750000000001
0 0.22500000000000003 0.35 0.12031250000000004 0.35 0.12031250000000004 0.396875 0.2250000000000001 0.396875
0 0.2375000000000001 0.375 0.23437500000000008 0.375 0.23437500000000008 0.3796875 0.2375000000000001 0.3796875
0 0.2546875 0.3578125 0.2453125 0.3578125 0.2453125 0.3625 0.2546875 0.3625
0 0.31093750000000003 0.3546875 0.2640625 0.3546875 0.26406250000000003 0.384375 0.3109375000000001 0.384375
0 0.4046875 0.36406250000000007 0.3265625000000001 0.3640625 0.3265625000000001 0.39687500000000003 0.4046875 0.3968750000000001
0 0.515625 0.3578125000000001 0.41875 0.3578125000000001 0.41875 0.39531250000000007 0.515625 0.39531250000000007
0 0.575 0.3546875000000001 0.5328125 0.3546875000000001 0.5328125 0.3828125000000001 0.575 0.3828125000000001
0 0.6296875 0.3578125000000001 0.5828125 0.3578125000000001 0.5828125 0.3828125000000001 0.6296875 0.3828125000000001
0 0.675 0.3687500000000001 0.6421875 0.3687500000000001 0.6421875 0.3812500000000001 0.675 0.3812500000000001
0 0.721875 0.3687500000000001 0.684375 0.3687500000000001 0.684375 0.4 0.721875 0.4
0 0.7375 0.3593750000000001 0.7265625 0.3593750000000001 0.7265625 0.3859375000000001 0.7375 0.3859375000000001
0 0.815625 0.3531250000000001 0.7546875 0.3531250000000001 0.7546875 0.38750000000000007 0.815625 0.38750000000000007
0 0.859375 0.3531250000000001 0.8265625 0.3531250000000001 0.8265625 0.39531250000000007 0.859375 0.39531250000000007
0 0.2312500000000001 0.3953125 0.11250000000000004 0.3953125 0.11250000000000004 0.434375 0.2312500000000001 0.434375
0 0.3125000000000001 0.3953125 0.2453125000000001 0.3953125 0.2453125000000001 0.421875 0.3125000000000001 0.421875
0 0.3265625000000001 0.41875 0.3203125000000001 0.41875 0.3203125000000001 0.425 0.3265625000000001 0.425
0 0.3812500000000001 0.4015625 0.3343750000000001 0.4015625 0.3343750000000001 0.4234375 0.3812500000000001 0.4234375
0 0.409375 0.4 0.38750000000000007 0.4 0.38750000000000007 0.4234375 0.409375 0.4234375
0 0.421875 0.4015625 0.4125 0.4015625 0.4125 0.4234375 0.421875 0.4234375
0 0.4796875 0.4 0.434375 0.4 0.434375 0.4390625 0.4796875 0.4390625
0 0.6046875 0.39531250000000007 0.4875 0.39531250000000007 0.4875 0.4390625 0.6046875 0.4390625
0 0.640625 0.4 0.609375 0.4 0.609375 0.4328125 0.640625 0.4328125
0 0.6734375 0.4140625 0.6484375 0.4140625 0.6484375 0.4234375 0.6734375 0.4234375
0 0.7234375 0.3984375000000001 0.6859375 0.3984375000000001 0.6859375 0.4265625 0.7234375 0.4265625
0 0.759375 0.4000000000000002 0.73125 0.4000000000000002 0.73125 0.4234375000000002 0.759375 0.4234375000000002
0 0.76875 0.4203125000000002 0.7625 0.4203125000000002 0.7625 0.4234375000000002 0.76875 0.4234375000000002
0 0.7765625 0.4000000000000002 0.7703125 0.4000000000000002 0.7703125 0.4078125000000002 0.7765625 0.4078125000000002