0 0.18906250000000005 0.2078125 0.14375000000000004 0.2078125 0.14375000000000004 0.228125 0.18906250000000005 0.228125
0 0.2890625 0.209375 0.2125 0.209375 0.2125 0.2296875 0.2890625 0.2296875
0 0.328125 0.2171875 0.3140625 0.2171875 0.3140625 0.225 0.328125 0.225
0 0.3890625 0.21093750000000006 0.346875 0.2109375 0.346875 0.22812500000000005 0.3890625 0.22812500000000008
0 0.4046875 0.2078125000000001 0.396875 0.2078125000000001 0.396875 0.22812500000000008 0.4046875 0.22812500000000008
0 0.5171875 0.2078125000000001 0.4328125 0.2078125000000001 0.4328125 0.2312500000000001 0.5171875 0.2312500000000001
0 0.609375 0.2156250000000001 0.553125 0.2156250000000001 0.553125 0.22656250000000008 0.609375 0.22656250000000008
0 0.740625 0.2062500000000001 0.64375 0.2062500000000001 0.64375 0.2328125000000001 0.740625 0.2328125000000001
0 0.853125 0.2093750000000001 0.771875 0.2093750000000001 0.771875 0.2296875000000001 0.853125 0.2296875000000001
0 0.2171875 0.2609375 0.13906250000000003 0.2609375 0.13906250000000003 0.284375 0.2171875 0.284375
0 0.2296875 0.275 0.2265625 0.275 0.2265625 0.278125 0.2296875 0.278125
0 0.309375 0.259375 0.2625 0.259375 0.2625 0.284375 0.309375 0.284375
0 0.3453125 0.2625 0.31875 0.2625 0.31875 0.2796875 0.3453125 0.2796875
0 0.403125 0.26250000000000007 0.375 0.26250000000000007 0.375 0.2765625000000001 0.403125 0.2765625000000001
0 0.5625 0.2640625000000001 0.4359375 0.2640625000000001 0.4359375 0.2828125000000001 0.5625 0.2828125000000001
0 0.571875 0.2750000000000001 0.5671875 0.2750000000000001 0.5671875 0.2828125000000001 0.571875 0.2828125000000001
0 0.6484375 0.2656250000000001 0.5875 0.2656250000000001 0.5875 0.2828125000000001 0.6484375 0.2828125000000001
0 0.7375 0.2609375000000001 0.6734375 0.2609375000000001 0.6734375 0.2765625000000001 0.7375 0.2765625000000001
0 0.7390625 0.2750000000000001 0.734375 0.2750000000000001 0.734375 0.2765625000000001 0.7390625 0.2765625000000001
0 0.7890625 0.26250000000000007 0.7671875 0.26250000000000007 0.7671875 0.27812500000000007 0.7890625 0.27812500000000007
0 0.8390625 0.2593750000000001 0.8125 0.2593750000000001 0.8125 0.2750000000000001 0.8390625 0.2750000000000001
0 0.2296875 0.315625 0.13750000000000004 0.315625 0.13750000000000004 0.3296875 0.2296875 0.3296875
0 0.2375 0.325 0.234375 0.325 0.234375 0.33125 0.2375 0.33125
0 0.2890625 0.3140625 0.2578125 0.3140625 0.2578125 0.328125 0.2890625 0.328125
0 0.3265625 0.3171875 0.3109375 0.3171875 0.3109375 0.3265625 0.3265625 0.3265625
0 0.4015625 0.31093750000000003 0.3453125 0.3109375 0.3453125 0.32812500000000006 0.4015625 0.3281250000000001
0 0.4125 0.32500000000000007 0.4078125 0.32500000000000007 0.4078125 0.3312500000000001 0.4125 0.3312500000000001
0 0.4859375 0.3109375000000001 0.428125 0.3109375000000001 0.428125 0.3281250000000001 0.4859375 0.3281250000000001
0 0.5515625 0.3109375000000001 0.509375 0.3109375000000001 0.509375 0.3281250000000001 0.5515625 0.3281250000000001
0 0.6515625 0.3109375000000001 0.5828125 0.3109375000000001 0.5828125 0.3281250000000001 0.6515625 0.3281250000000001
0 0.7359375 0.3125000000000001 0.665625 0.3125000000000001 0.665625 0.3296875000000001 0.7359375 0.3296875000000001
0 0.8453125 0.3109375000000001 0.7625 0.3109375000000001 0.7625 0.3281250000000001 0.8453125 0.3281250000000001
0 0.16250000000000003 0.3625 0.13750000000000004 0.3625 0.13750000000000004 0.378125 0.16250000000000003 0.378125
0 0.28125000000000006 0.3625 0.19062500000000004 0.3625 0.19062500000000004 0.3796875 0.2812500000000001 0.3796875
0 0.34062500000000007 0.3640625 0.3031250000000001 0.3640625 0.3031250000000001 0.38125 0.34062500000000007 0.38125
0 0.3906250000000001 0.36875 0.3625000000000001 0.36875 0.3625000000000001 0.37968750000000007 0.3906250000000001 0.37968750000000007
0 0.4625 0.3687500000000001 0.41875 0.3687500000000001 0.41875 0.37968750000000007 0.4625 0.37968750000000007
0 0.5171875 0.3625000000000001 0.484375 0.3625000000000001 0.484375 0.3781250000000001 0.5171875 0.3781250000000001
0 0.603125 0.3609375000000001 0.54375 0.3609375000000001 0.54375 0.3781250000000001 0.603125 0.3781250000000001
0 0.8 0.3609375000000001 0.63125 0.3609375000000001 0.63125 0.3828125000000001 0.8 0.3828125000000001
0 0.26250000000000007 0.4140625 0.13906250000000003 0.4140625 0.13906250000000003 0.434375 0.26250000000000007 0.434375
0 0.2718750000000001 0.428125 0.2687500000000001 0.428125 0.2687500000000001 0.4359375 0.2718750000000001 0.4359375
0 0.3437500000000001 0.409375 0.2984375000000001 0.409375 0.2984375000000001 0.428125 0.3437500000000001 0.428125
0 0.40625 0.4125 0.3703125000000001 0.4125 0.3703125000000001 0.4296875 0.40625 0.4296875
0 0.503125 0.4125 0.43125 0.4125 0.43125 0.428125 0.503125 0.428125
0 0.6046875 0.4125 0.51875 0.4125 0.51875 0.4296875 0.6046875 0.4296875
0 0.61875 0.425 0.6140625 0.425 0.6140625 0.428125 0.61875 0.428125
0 0.7046875 0.4109375 0.6484375 0.4109375 0.6484375 0.4265625 0.7046875 0.4265625
0 0.8203125 0.4109375000000002 0.7328125 0.4109375000000002 0.7328125 0.43281250000000016 0.8203125 0.43281250000000016
0 0.21250000000000008 0.4609375 0.13906250000000003 0.4609375 0.13906250000000003 0.4859375 0.21250000000000008 0.4859375
0 0.2578125000000001 0.4640625 0.2390625000000001 0.4640625 0.2390625000000001 0.4796875 0.2578125000000001 0.4796875
0 0.3578125000000001 0.465625 0.2750000000000001 0.465625 0.2750000000000001 0.4859375 0.3578125000000001 0.4859375
0 0.3968750000000001 0.4765625 0.3703125000000001 0.4765625 0.3703125000000001 0.4796875 0.3968750000000001 0.4796875
0 0.4734375 0.4625 0.425 0.4625 0.425 0.4796875 0.4734375 0.4796875
0 0.5734375 0.4625 0.503125 0.4625 0.503125 0.48125 0.5734375 0.48125
0 0.6796875 0.4625 0.6 0.4625 0.6 0.4796875 0.6796875 0.4796875
0 0.7453125 0.4640625000000001 0.70625 0.4640625 0.70625 0.4796875000000001 0.7453125 0.47968750000000016
0 0.8765625 0.46875000000000017 0.7625 0.46875000000000017 0.7625 0.4859375000000002 0.8765625 0.4859375000000002
0 0.8890625 0.4656250000000002 0.88125 0.4656250000000002 0.88125 0.4828125000000002 0.8890625 0.4828125000000002
0 0.19531250000000006 0.5203125 0.14531250000000004 0.5203125 0.14531250000000004 0.5375 0.19531250000000006 0.5375
0 0.2875000000000001 0.5125 0.2296875000000001 0.5125 0.2296875000000001 0.5296875 0.2875000000000001 0.5296875
0 0.3437500000000001 0.5125 0.31718750000000007 0.5125 0.31718750000000007 0.53125 0.3437500000000001 0.53125
0 0.475 0.515625 0.3828125000000001 0.515625 0.3828125000000001 0.5359375 0.475 0.5359375
0 0.4890625 0.528125 0.484375 0.528125 0.484375 0.53125 0.4890625 0.53125