0 0.19843750000000004 0.2515625 0.14843750000000006 0.2515625 0.14843750000000006 0.275 0.19843750000000004 0.275
0 0.375 0.25625000000000003 0.2234375 0.25625 0.2234375 0.2828125 0.375 0.2828125000000001
0 0.4234375 0.2515625000000001 0.3984375 0.2515625000000001 0.3984375 0.2765625000000001 0.4234375 0.2765625000000001
0 0.5734375 0.25468750000000007 0.44375 0.25468750000000007 0.44375 0.29375000000000007 0.5734375 0.29375000000000007
0 0.6421875 0.2578125000000001 0.6 0.2578125000000001 0.6 0.27812500000000007 0.6421875 0.27812500000000007
0 0.7484375 0.2531250000000001 0.6546875 0.2531250000000001 0.6546875 0.2906250000000001 0.7484375 0.2906250000000001
0 0.8109375 0.2578125000000001 0.775 0.2578125000000001 0.775 0.27812500000000007 0.8109375 0.27812500000000007
0 0.2625 0.3078125 0.14375000000000004 0.3078125 0.14375000000000004 0.3328125 0.2625 0.3328125
0 0.33125 0.30625 0.2875 0.30625 0.2875 0.325 0.33125 0.325
0 0.453125 0.3140625 0.3609375 0.3140625 0.3609375 0.3296875 0.453125 0.3296875000000001
0 0.4578125 0.3265625000000001 0.4546875 0.3265625000000001 0.4546875 0.3281250000000001 0.4578125 0.3281250000000001
0 0.4828125 0.3031250000000001 0.4734375 0.3031250000000001 0.4734375 0.3125000000000001 0.4828125 0.3125000000000001
0 0.5796875 0.3062500000000001 0.5015625 0.3062500000000001 0.5015625 0.3296875000000001 0.5796875 0.3296875000000001
0 0.590625 0.32500000000000007 0.5828125 0.32500000000000007 0.5828125 0.3343750000000001 0.590625 0.3343750000000001
0 0.653125 0.30937500000000007 0.603125 0.30937500000000007 0.603125 0.3296875000000001 0.653125 0.3296875000000001
0 0.7125 0.30937500000000007 0.6609375 0.30937500000000007 0.6609375 0.3296875000000001 0.7125 0.3296875000000001
0 0.7296875 0.32500000000000007 0.7265625 0.32500000000000007 0.7265625 0.3265625000000001 0.7296875 0.3265625000000001
0 0.7953125 0.3062500000000001 0.7453125 0.3062500000000001 0.7453125 0.3281250000000001 0.7953125 0.3281250000000001
0 0.8703125 0.3078125000000001 0.8234375 0.3078125000000001 0.8234375 0.3312500000000001 0.8703125 0.3312500000000001
0 0.30937500000000007 0.3546875 0.13750000000000004 0.3546875 0.13750000000000004 0.38125 0.30937500000000007 0.38125
0 0.453125 0.35937500000000006 0.3375 0.359375 0.3375 0.3765625 0.453125 0.3765625000000001
0 0.4671875 0.3734375000000001 0.459375 0.3734375000000001 0.459375 0.3828125000000001 0.4671875 0.3828125000000001
0 0.528125 0.35625000000000007 0.48125 0.35625000000000007 0.48125 0.3859375000000001 0.528125 0.3859375000000001
0 0.6 0.3546875000000001 0.5453125 0.3546875000000001 0.5453125 0.3781250000000001 0.6 0.3781250000000001
0 0.609375 0.3734375000000001 0.6015625 0.3734375000000001 0.6015625 0.37968750000000007 0.609375 0.37968750000000007
0 0.6375 0.3671875000000001 0.6203125 0.3671875000000001 0.6203125 0.3781250000000001 0.6375 0.3781250000000001
0 0.7375 0.3671875000000001 0.65625 0.3671875000000001 0.65625 0.3906250000000001 0.7375 0.3906250000000001
0 0.8484375 0.3671875000000001 0.7578125 0.3671875000000001 0.7578125 0.3828125000000001 0.8484375 0.3828125000000001
0 0.2656250000000001 0.4125 0.13437500000000005 0.4125 0.13437500000000005 0.4328125 0.2656250000000001 0.4328125
0 0.36406250000000007 0.40625 0.2953125000000001 0.40625 0.2953125000000001 0.43125 0.36406250000000007 0.43125
0 0.4796875 0.40625 0.3828125000000001 0.40625 0.3828125000000001 0.440625 0.4796875 0.440625
0 0.5015625 0.4265625 0.4984375 0.4265625 0.4984375 0.428125 0.5015625 0.428125
0 0.6171875 0.4078125 0.521875 0.4078125 0.521875 0.44375 0.6171875 0.44375
0 0.7546875 0.4093750000000001 0.6453125 0.409375 0.6453125 0.4406250000000001 0.7546875 0.44062500000000016
0 0.8625 0.4078125000000002 0.78125 0.4078125000000002 0.78125 0.4312500000000002 0.8625 0.4312500000000002
0 0.18125000000000005 0.45625 0.13593750000000004 0.45625 0.13593750000000004 0.4734375 0.18125000000000005 0.4734375
0 0.19375000000000003 0.471875 0.18593750000000003 0.471875 0.18593750000000003 0.4796875 0.19375000000000003 0.4796875
0 0.24375000000000008 0.4640625 0.21093750000000008 0.4640625 0.21093750000000008 0.4796875 0.24375000000000008 0.4796875
0 0.2875000000000001 0.45625 0.2562500000000001 0.45625 0.2562500000000001 0.4796875 0.2875000000000001 0.4796875
0 0.409375 0.4578125 0.3125000000000001 0.4578125 0.3125000000000001 0.490625 0.409375 0.490625
0 0.428125 0.4703125 0.421875 0.4703125 0.421875 0.4796875 0.428125 0.4796875
0 0.5859375 0.45625 0.45 0.45625 0.45 0.4875 0.5859375 0.4875
0 0.6640625 0.459375 0.60625 0.459375 0.60625 0.4828125 0.6640625 0.4828125
0 0.7234375 0.459375 0.6765625 0.459375 0.6765625 0.4875 0.7234375 0.4875
0 0.7796875 0.4625000000000002 0.7359375 0.4625000000000002 0.7359375 0.4828125000000002 0.7796875 0.4828125000000002
0 0.8609375 0.4593750000000002 0.8078125 0.4593750000000002 0.8078125 0.4937500000000002 0.8609375 0.4937500000000002
0 0.8734375 0.47656250000000017 0.8625 0.47656250000000017 0.8625 0.48750000000000016 0.8734375 0.48750000000000016
0 0.17343750000000005 0.509375 0.14218750000000005 0.509375 0.14218750000000005 0.5296875 0.17343750000000005 0.5296875
0 0.2812500000000001 0.5046875 0.19531250000000006 0.5046875 0.19531250000000006 0.528125 0.2812500000000001 0.528125
0 0.3859375000000001 0.503125 0.3078125000000001 0.503125 0.3078125000000001 0.5296875 0.3859375000000001 0.5296875
0 0.44375 0.5078125 0.3984375000000001 0.5078125 0.3984375000000001 0.5296875 0.44375 0.5296875
0 0.5875 0.5078125 0.4734375 0.5078125 0.4734375 0.5390625 0.5875 0.5390625
0 0.6046875 0.5296875 0.6015625 0.5296875 0.6015625 0.5328125 0.6046875 0.5328125
0 0.74375 0.5109375 0.6234375 0.5109375 0.6234375 0.5406250000000001 0.74375 0.5406250000000001
0 0.7625 0.5281250000000002 0.7515625 0.5281250000000002 0.7515625 0.5406250000000001 0.7625 0.5406250000000001
0 0.8625 0.5156250000000002 0.7890625 0.5156250000000002 0.7890625 0.5328125000000001 0.8625 0.5328125000000001
0 0.1781250000000001 0.5671875 0.1453125000000001 0.5671875 0.1453125000000001 0.5828125 0.1781250000000001 0.5828125
0 0.2578125000000001 0.5546875 0.2015625000000001 0.5546875 0.2015625000000001 0.578125 0.2578125000000001 0.578125
0 0.453125 0.55625 0.28593750000000007 0.55625 0.28593750000000007 0.5953125 0.453125 0.5953125
0 0.5765625 0.5578125 0.4734375 0.5578125 0.4734375 0.5984375 0.5765625 0.5984375
0 0.6375 0.5578125 0.5984375 0.5578125 0.5984375 0.5828125 0.6375 0.5828125
0 0.80625 0.5578125 0.659375 0.5578125 0.659375 0.5953125000000001 0.80625 0.5953125000000001
0 0.8609375 0.5609375000000002 0.825 0.5609375000000002 0.825 0.5828125000000002 0.8609375 0.5828125000000002
0 0.25468750000000007 0.6078125 0.14062500000000008 0.6078125 0.14062500000000008 0.63125 0.25468750000000007 0.63125
0 0.3625000000000001 0.60625 0.2843750000000001 0.60625 0.2843750000000001 0.640625 0.3625000000000001 0.640625
0 0.37187500000000007 0.6296875 0.3656250000000001 0.6296875 0.3656250000000001 0.6359375 0.37187500000000007 0.6359375
0 0.44375 0.6046875 0.40625 0.6046875 0.40625 0.63125 0.44375 0.63125
0 0.5109375 0.621875 0.4578125 0.621875 0.4578125 0.6328125 0.5109375 0.6328125
0 0.615625 0.6171875 0.5328125 0.6171875 0.5328125 0.646875 0.615625 0.646875
0 0.69375 0.6078125 0.64375 0.6078125 0.64375 0.6328125 0.69375 0.6328125
0 0.790625 0.6078125000000001 0.715625 0.6078125 0.715625 0.6484375000000001 0.790625 0.6484375000000002
0 0.84375 0.6156250000000002 0.8203125 0.6156250000000002 0.8203125 0.6328125000000002 0.84375 0.6328125000000002
0 0.22656250000000008 0.6671875 0.13437500000000008 0.6671875 0.13437500000000008 0.684375 0.22656250000000008 0.684375
0 0.425 0.6546875 0.2687500000000001 0.6546875 0.2687500000000001 0.6890625 0.425 0.6890625
0 0.546875 0.66875 0.4453125 0.66875 0.4453125 0.6828125 0.546875 0.6828125
0 0.5703125 0.6765625 0.5625 0.6765625 0.5625 0.6875 0.5703125 0.6875
0 0.621875 0.6703125 0.5875 0.6703125 0.5875 0.6828125 0.621875 0.6828125
0 0.7265625 0.659375 0.64375 0.659375 0.64375 0.6828125 0.7265625 0.6828125000000002
0 0.803125 0.6593750000000002 0.75625 0.6593750000000002 0.75625 0.6937500000000002 0.803125 0.6937500000000002
0 0.25468750000000007 0.709375 0.1453125000000001 0.709375 0.1453125000000001 0.7328125 0.25468750000000007 0.7328125
0 0.2578125000000001 0.728125 0.2515625000000001 0.728125 0.2515625000000001 0.7359375 0.2578125000000001 0.7359375
0 0.3125000000000001 0.721875 0.2750000000000001 0.721875 0.2750000000000001 0.7328125 0.3125000000000001 0.7328125
0 0.4156250000000001 0.709375 0.3359375000000001 0.709375 0.3359375000000001 0.746875 0.4156250000000002 0.746875
0 0.5718750000000001 0.7109375 0.4515625 0.7109375 0.4515625000000001 0.734375 0.5718750000000001 0.734375
0 0.628125 0.709375 0.584375 0.709375 0.5843750000000001 0.74375 0.6281250000000002 0.74375
0 0.6843750000000001 0.7109375 0.6546875 0.7109375 0.6546875000000001 0.7328125 0.6843750000000002 0.7328125
0 0.8875 0.7093750000000001 0.715625 0.709375 0.7156250000000001 0.7468750000000001 0.8875 0.7468750000000002
0 0.23593750000000008 0.7640625 0.1546875000000001 0.7640625 0.1546875000000001 0.7875 0.23593750000000008 0.7875
0 0.3109375000000001 0.7640625 0.2640625000000001 0.7640625 0.2640625000000001 0.7875 0.3109375000000001 0.7875
0 0.32500000000000007 0.7828125 0.3187500000000001 0.7828125 0.3187500000000001 0.7859375 0.32500000000000007 0.7859375