0 0.2625 0.2203125 0.13750000000000004 0.2203125 0.13750000000000004 0.2390625 0.2625 0.2390625
0 0.3125 0.2234375 0.2765625 0.2234375 0.2765625 0.25 0.3125 0.25
0 0.325 0.234375 0.321875 0.234375 0.321875 0.240625 0.325 0.240625
0 0.4328125 0.22031250000000005 0.3484375 0.2203125 0.3484375 0.24843750000000003 0.4328125 0.2484375000000001
0 0.4859375 0.2218750000000001 0.4609375 0.2218750000000001 0.4609375 0.2406250000000001 0.4859375 0.2406250000000001
0 0.5515625 0.2250000000000001 0.503125 0.2250000000000001 0.503125 0.2406250000000001 0.5515625 0.2406250000000001
0 0.671875 0.2234375000000001 0.575 0.2234375000000001 0.575 0.24218750000000008 0.671875 0.24218750000000008
0 0.6765625 0.2375000000000001 0.671875 0.2375000000000001 0.671875 0.2453125000000001 0.6765625 0.2453125000000001
0 0.7453125 0.22031250000000008 0.6984375 0.22031250000000008 0.6984375 0.2375000000000001 0.7453125 0.2375000000000001
0 0.85 0.2156250000000001 0.7703125 0.2156250000000001 0.7703125 0.2375000000000001 0.85 0.2375000000000001
0 0.228125 0.271875 0.13437500000000005 0.271875 0.13437500000000005 0.3046875 0.228125 0.3046875
0 0.3578125 0.2671875 0.2453125 0.2671875 0.2453125 0.296875 0.3578125 0.296875
0 0.4 0.2796875000000001 0.375 0.2796875000000001 0.375 0.2875000000000001 0.4 0.2875000000000001
0 0.4796875 0.2687500000000001 0.409375 0.2687500000000001 0.409375 0.28593750000000007 0.4796875 0.28593750000000007
0 0.559375 0.2734375000000001 0.4953125 0.2734375000000001 0.4953125 0.28593750000000007 0.559375 0.28593750000000007
0 0.6640625 0.27031250000000007 0.5796875 0.27031250000000007 0.5796875 0.2984375000000001 0.6640625 0.2984375000000001
0 0.79375 0.2718750000000001 0.69375 0.2718750000000001 0.69375 0.2875000000000001 0.79375 0.2875000000000001
0 0.221875 0.321875 0.14843750000000006 0.321875 0.14843750000000006 0.3390625 0.221875 0.3390625
0 0.2328125 0.3328125 0.2296875 0.3328125 0.2296875 0.334375 0.2328125 0.334375
0 0.259375 0.321875 0.25 0.321875 0.25 0.325 0.259375 0.325
0 0.3375 0.31875 0.278125 0.31875 0.278125 0.3375 0.3375 0.3375
0 0.4015625 0.32031250000000006 0.3515625 0.3203125 0.3515625 0.33906250000000004 0.4015625 0.3390625000000001
0 0.4515625 0.3296875000000001 0.4109375 0.3296875000000001 0.4109375 0.3515625000000001 0.4515625 0.3515625000000001
0 0.5 0.3218750000000001 0.4625 0.3218750000000001 0.4625 0.3531250000000001 0.5 0.3531250000000001
0 0.5359375 0.32500000000000007 0.509375 0.32500000000000007 0.509375 0.3390625000000001 0.5359375 0.3390625000000001
0 0.5890625 0.3234375000000001 0.546875 0.3234375000000001 0.546875 0.3375000000000001 0.5890625 0.3375000000000001
0 0.690625 0.3218750000000001 0.6125 0.3218750000000001 0.6125 0.3390625000000001 0.690625 0.3390625000000001
0 0.7078125 0.3375000000000001 0.7046875 0.3375000000000001 0.7046875 0.3437500000000001 0.7078125 0.3437500000000001
0 0.7765625 0.3234375000000001 0.7265625 0.3234375000000001 0.7265625 0.3421875000000001 0.7765625 0.3421875000000001
0 0.790625 0.3281250000000001 0.784375 0.3281250000000001 0.784375 0.3453125000000001 0.790625 0.3453125000000001
0 0.809375 0.3218750000000001 0.803125 0.3218750000000001 0.803125 0.3281250000000001 0.809375 0.3281250000000001
0 0.17500000000000004 0.371875 0.15156250000000004 0.371875 0.15156250000000004 0.3890625 0.17500000000000004 0.3890625
0 0.2640625000000001 0.3734375 0.19062500000000004 0.3734375 0.19062500000000004 0.3875 0.2640625000000001 0.3875
0 0.27812500000000007 0.3859375 0.2750000000000001 0.3859375 0.2750000000000001 0.3890625 0.27812500000000007 0.3890625
0 0.4015625 0.37500000000000006 0.2984375000000001 0.375 0.2984375000000001 0.39375000000000004 0.4015625 0.3937500000000001
0 0.4234375 0.3859375000000001 0.4203125 0.3859375000000001 0.4203125 0.3921875000000001 0.4234375 0.3921875000000001
0 0.4828125 0.3734375000000001 0.4390625 0.3734375000000001 0.4390625 0.3890625000000001 0.4828125 0.3890625000000001
0 0.5515625 0.37187500000000007 0.4953125 0.37187500000000007 0.4953125 0.3890625000000001 0.5515625 0.3890625000000001
0 0.659375 0.3750000000000001 0.578125 0.3750000000000001 0.578125 0.3984375000000001 0.659375 0.3984375000000001
0 0.71875 0.37187500000000007 0.6703125 0.37187500000000007 0.6703125 0.3890625000000001 0.71875 0.3890625000000001
0 0.74375 0.37968750000000007 0.7328125 0.37968750000000007 0.7328125 0.38750000000000007 0.74375 0.38750000000000007
0 0.85 0.3812500000000001 0.7609375 0.3812500000000001 0.7609375 0.4046875000000002 0.85 0.4046875000000002
0 0.18593750000000003 0.421875 0.14375000000000004 0.421875 0.14375000000000004 0.440625 0.18593750000000003 0.440625
0 0.19531250000000006 0.4375 0.19218750000000004 0.4375 0.19218750000000004 0.44375 0.19531250000000006 0.44375
0 0.30156250000000007 0.421875 0.2171875000000001 0.421875 0.2171875000000001 0.4515625 0.30156250000000007 0.4515625
0 0.3609375000000001 0.421875 0.3265625000000001 0.421875 0.3265625000000001 0.4421875 0.3609375000000001 0.4421875
0 0.4671875 0.421875 0.3734375000000001 0.421875 0.3734375000000001 0.45 0.4671875 0.45
0 0.51875 0.4296875 0.4921875 0.4296875 0.4921875 0.45 0.51875 0.45
0 0.5546875 0.43125 0.5328125 0.43125 0.5328125 0.4390625 0.5546875 0.4390625
0 0.6078125 0.421875 0.571875 0.421875 0.571875 0.44375 0.6078125 0.44375
0 0.6796875 0.43125 0.6265625 0.43125 0.6265625 0.4390625 0.6796875 0.4390625
0 0.6875 0.4390625 0.6828125 0.4390625 0.6828125 0.446875 0.6875 0.446875
0 0.759375 0.42656250000000007 0.709375 0.4265625 0.709375 0.4390625000000001 0.759375 0.4390625000000002
0 0.21875000000000008 0.4734375 0.14843750000000006 0.4734375 0.14843750000000006 0.503125 0.21875000000000008 0.503125
0 0.2734375000000001 0.475 0.2515625000000001 0.475 0.2515625000000001 0.490625 0.2734375000000001 0.490625
0 0.3343750000000001 0.4765625 0.28593750000000007 0.4765625 0.28593750000000007 0.490625 0.3343750000000001 0.490625
0 0.3453125000000001 0.4875 0.34062500000000007 0.4875 0.34062500000000007 0.4890625 0.3453125000000001 0.4890625
0 0.3750000000000001 0.4734375 0.3687500000000001 0.4734375 0.3687500000000001 0.478125 0.3750000000000001 0.478125
0 0.415625 0.475 0.3828125000000001 0.475 0.3828125000000001 0.490625 0.415625 0.490625
0 0.5109375 0.475 0.4359375 0.475 0.4359375 0.4921875 0.5109375 0.4921875
0 0.5234375 0.490625 0.51875 0.490625 0.51875 0.496875 0.5234375 0.496875
0 0.59375 0.4734375 0.5375 0.4734375 0.5375 0.503125 0.59375 0.503125
0 0.6984375 0.478125 0.60625 0.478125 0.60625 0.503125 0.6984375 0.503125
0 0.7953125 0.47343750000000007 0.7234375 0.4734375 0.7234375 0.4921875000000001 0.7953125 0.49218750000000017
0 0.8078125 0.4890625000000002 0.8046875 0.4890625000000002 0.8046875 0.4968750000000002 0.8078125 0.4968750000000002
0 0.18593750000000003 0.5265625 0.14687500000000003 0.5265625 0.14687500000000003 0.5421875 0.18593750000000003 0.5421875
0 0.2843750000000001 0.528125 0.2015625000000001 0.528125 0.2015625000000001 0.5546875 0.2843750000000001 0.5546875
0 0.3921875000000001 0.534375 0.3125000000000001 0.534375 0.3125000000000001 0.5546875 0.3921875000000001 0.5546875
0 0.4015625 0.5421875 0.3984375000000001 0.5421875 0.3984375000000001 0.546875 0.4015625 0.546875
0 0.465625 0.53125 0.4203125 0.53125 0.4203125 0.5421875 0.465625 0.5421875
0 0.515625 0.525 0.48125 0.525 0.48125 0.5421875 0.515625 0.5421875
0 0.6421875 0.525 0.53125 0.525 0.53125 0.5515625 0.6421875 0.5515625
0 0.6546875 0.540625 0.6484375 0.540625 0.6484375 0.546875 0.6546875 0.546875
0 0.7140625 0.53125 0.6703125 0.53125 0.6703125 0.540625 0.7140625 0.540625
0 0.78125 0.5250000000000001 0.7375 0.5250000000000001 0.7375 0.5453125000000002 0.78125 0.5453125000000002
0 0.8515625 0.5265625000000002 0.80625 0.5265625000000002 0.80625 0.5421875000000002 0.8515625 0.5421875000000002
0 0.859375 0.5406250000000001 0.85625 0.5406250000000001 0.85625 0.5437500000000002 0.859375 0.5437500000000002
0 0.8703125 0.5218750000000002 0.8625 0.5218750000000002 0.8625 0.5265625000000002 0.8703125 0.5265625000000002