0 0.2984375 0.2078125 0.13750000000000004 0.2078125 0.13750000000000004 0.2296875 0.2984375 0.2296875
0 0.340625 0.2140625 0.3203125 0.2140625 0.3203125 0.228125 0.340625 0.228125
0 0.4109375 0.2078125000000001 0.371875 0.2078125000000001 0.371875 0.2312500000000001 0.4109375 0.2312500000000001
0 0.5203125 0.2093750000000001 0.4359375 0.2093750000000001 0.4359375 0.2328125000000001 0.5203125 0.2328125000000001
0 0.6953125 0.2062500000000001 0.55 0.2062500000000001 0.55 0.2296875000000001 0.6953125 0.2296875000000001
0 0.7078125 0.2250000000000001 0.7 0.2250000000000001 0.7 0.2312500000000001 0.7078125 0.2312500000000001
0 0.775 0.2171875000000001 0.7265625 0.2171875000000001 0.7265625 0.2312500000000001 0.775 0.2312500000000001
0 0.84375 0.2093750000000001 0.8015625 0.2093750000000001 0.8015625 0.2296875000000001 0.84375 0.2296875000000001
0 0.19218750000000004 0.25625 0.13437500000000005 0.25625 0.13437500000000005 0.2796875 0.19218750000000004 0.2796875
0 0.3375 0.2546875 0.2109375 0.2546875 0.2109375 0.28125 0.3375 0.28125
0 0.3484375 0.278125 0.346875 0.278125 0.346875 0.2796875 0.3484375 0.2796875
0 0.4328125 0.2609375000000001 0.3671875 0.2609375000000001 0.3671875 0.2812500000000001 0.4328125 0.2812500000000001
0 0.48125 0.2593750000000001 0.4484375 0.2593750000000001 0.4484375 0.2796875000000001 0.48125 0.2796875000000001
0 0.5484375 0.2578125000000001 0.4921875 0.2578125000000001 0.4921875 0.2890625000000001 0.5484375 0.2890625000000001
0 0.628125 0.2578125000000001 0.5625 0.2578125000000001 0.5625 0.2812500000000001 0.628125 0.2812500000000001
0 0.69375 0.25468750000000007 0.659375 0.25468750000000007 0.659375 0.2765625000000001 0.69375 0.2765625000000001
0 0.8140625 0.2656250000000001 0.721875 0.2656250000000001 0.721875 0.28593750000000007 0.8140625 0.28593750000000007
0 0.83125 0.2750000000000001 0.8234375 0.2750000000000001 0.8234375 0.2828125000000001 0.83125 0.2828125000000001
0 0.228125 0.30625 0.13906250000000003 0.30625 0.13906250000000003 0.3375 0.228125 0.3375
0 0.2640625 0.3078125 0.2421875 0.3078125 0.2421875 0.3328125 0.2640625 0.3328125
0 0.28125 0.328125 0.2734375 0.328125 0.2734375 0.3359375 0.28125 0.3359375
0 0.36875 0.30937500000000007 0.3046875 0.309375 0.3046875 0.33125000000000004 0.36875 0.3312500000000001
0 0.5078125 0.30937500000000007 0.3828125 0.30937500000000007 0.3828125 0.3468750000000001 0.5078125 0.3468750000000001
0 0.60625 0.3109375000000001 0.540625 0.3109375000000001 0.540625 0.3390625000000001 0.60625 0.3390625000000001
0 0.6875 0.30937500000000007 0.6296875 0.30937500000000007 0.6296875 0.3343750000000001 0.6875 0.3343750000000001
0 0.74375 0.30937500000000007 0.7 0.30937500000000007 0.7 0.3390625000000001 0.74375 0.3390625000000001
0 0.8015625 0.3156250000000001 0.7546875 0.3156250000000001 0.7546875 0.33281250000000007 0.8015625 0.33281250000000007
0 0.25625000000000003 0.3609375 0.14218750000000005 0.3609375 0.14218750000000005 0.3828125 0.2562500000000001 0.3828125
0 0.27812500000000007 0.378125 0.2734375000000001 0.378125 0.2734375000000001 0.38125 0.27812500000000007 0.38125
0 0.415625 0.35937500000000006 0.309375 0.359375 0.30937500000000007 0.384375 0.415625 0.3843750000000001
0 0.5125 0.3656250000000001 0.43125 0.3656250000000001 0.43125 0.4 0.5125 0.4
0 0.521875 0.3812500000000001 0.509375 0.3812500000000001 0.509375 0.3890625000000001 0.521875 0.3890625000000001
0 0.6125 0.3687500000000001 0.546875 0.3687500000000001 0.546875 0.3890625000000001 0.6125 0.3890625000000001
0 0.7609375 0.3593750000000001 0.6296875 0.3593750000000001 0.6296875 0.39531250000000007 0.7609375 0.39531250000000007
0 0.890625 0.36406250000000007 0.7828125 0.36406250000000007 0.7828125 0.3921875000000001 0.890625 0.3921875000000001
0 0.18437500000000004 0.4078125 0.14687500000000003 0.4078125 0.14687500000000003 0.4296875 0.18437500000000004 0.4296875
0 0.2984375000000001 0.4078125 0.2234375000000001 0.4078125 0.2234375000000001 0.434375 0.2984375000000001 0.434375
0 0.3140625000000001 0.4296875 0.3109375000000001 0.4296875 0.3109375000000001 0.43125 0.3140625000000001 0.43125
0 0.3546875000000001 0.409375 0.3421875000000001 0.409375 0.3421875000000001 0.415625 0.3546875000000001 0.415625
0 0.4203125 0.409375 0.3578125000000001 0.409375 0.3578125000000001 0.434375 0.4203125 0.434375
0 0.5234375 0.409375 0.4421875 0.409375 0.4421875 0.4328125 0.5234375 0.4328125
0 0.6203125 0.41875 0.55 0.41875 0.55 0.4421875 0.6203125 0.4421875
0 0.8234375 0.4078125000000001 0.6515625 0.4078125 0.6515625 0.43437500000000007 0.8234375 0.4343750000000002
0 0.896875 0.4109375000000002 0.821875 0.4109375000000002 0.821875 0.43281250000000016 0.896875 0.43281250000000016
0 0.89375 0.42968750000000017 0.8828125 0.42968750000000017 0.8828125 0.43750000000000017 0.89375 0.43750000000000017
0 0.915625 0.40937500000000016 0.9078125 0.40937500000000016 0.9078125 0.41406250000000017 0.915625 0.41406250000000017
0 0.17031250000000003 0.4609375 0.14062500000000006 0.4609375 0.14062500000000006 0.4828125 0.17031250000000003 0.4828125
0 0.26250000000000007 0.4625 0.18125000000000005 0.4625 0.18125000000000005 0.4828125 0.26250000000000007 0.4828125
0 0.2734375000000001 0.4796875 0.27031250000000007 0.4796875 0.27031250000000007 0.48125 0.2734375000000001 0.48125
0 0.3187500000000001 0.459375 0.3078125000000001 0.459375 0.3078125000000001 0.4703125 0.3187500000000001 0.4703125
0 0.4171875 0.465625 0.3296875000000001 0.465625 0.3296875000000001 0.4828125 0.4171875 0.4828125
0 0.546875 0.4625 0.4453125 0.4625 0.4453125 0.4828125 0.546875 0.4828125
0 0.65625 0.4703125 0.5578125 0.4703125 0.5578125 0.49375 0.65625 0.49375
0 0.8703125 0.45781250000000007 0.6890625 0.4578125 0.6890625 0.4828125000000001 0.8703125 0.4828125000000002
0 0.21250000000000008 0.509375 0.13593750000000004 0.509375 0.13593750000000004 0.5359375 0.21250000000000008 0.5359375
0 0.22812500000000008 0.53125 0.22031250000000008 0.53125 0.22031250000000008 0.5375 0.22812500000000008 0.5375
0 0.25468750000000007 0.509375 0.2453125000000001 0.509375 0.2453125000000001 0.515625 0.25468750000000007 0.515625
0 0.3421875000000001 0.5125 0.2750000000000001 0.5125 0.2750000000000001 0.5328125 0.3421875000000001 0.5328125
0 0.478125 0.5140625 0.3734375000000001 0.5140625 0.3734375000000001 0.553125 0.478125 0.553125
0 0.646875 0.5109375 0.5203125 0.5109375 0.5203125 0.534375 0.646875 0.534375
0 0.784375 0.5109375 0.68125 0.5109375 0.68125 0.5390625000000001 0.784375 0.5390625000000002
0 0.8046875 0.5250000000000001 0.8015625 0.5250000000000001 0.8015625 0.5296875000000002 0.8046875 0.5296875000000002
0 0.14062500000000008 0.5625 0.1312500000000001 0.5625 0.1312500000000001 0.5703125 0.14062500000000008 0.5703125
0 0.22031250000000008 0.5609375 0.15781250000000008 0.5609375 0.15781250000000008 0.5828125 0.22031250000000008 0.5828125
0 0.2875000000000001 0.5703125 0.2484375000000001 0.5703125 0.2484375000000001 0.5828125 0.2875000000000001 0.5828125
0 0.3625000000000001 0.5703125 0.3031250000000001 0.5703125 0.3031250000000001 0.5828125 0.3625000000000001 0.5828125
0 0.5453125 0.559375 0.3906250000000001 0.559375 0.3906250000000001 0.5984375 0.5453125 0.5984375
0 0.609375 0.565625 0.5640625 0.565625 0.5640625 0.5828125 0.609375 0.5828125
0 0.7625 0.5593750000000001 0.640625 0.559375 0.640625 0.5859375000000001 0.7625 0.5859375000000002
0 0.83125 0.5609375000000002 0.784375 0.5609375000000002 0.784375 0.5828125000000002 0.83125 0.5828125000000002
0 0.878125 0.5656250000000002 0.840625 0.5656250000000002 0.840625 0.5843750000000002 0.878125 0.5843750000000002
0 0.2078125000000001 0.621875 0.1375000000000001 0.621875 0.1375000000000001 0.6421875 0.2078125000000001 0.6421875
0 0.3734375000000001 0.615625 0.22812500000000008 0.615625 0.22812500000000008 0.6359375 0.3734375000000001 0.6359375
0 0.4828125 0.6125 0.403125 0.6125 0.403125 0.634375 0.4828125 0.634375
0 0.5625 0.621875 0.5125 0.621875 0.5125 0.634375 0.5625 0.634375
0 0.7140625 0.6125 0.5953125 0.6125 0.5953125 0.6359375 0.7140625 0.6359375
0 0.7796875 0.6140625000000002 0.74375 0.6140625000000002 0.74375 0.6343750000000001 0.7796875 0.6343750000000001
0 0.2812500000000001 0.6625 0.14062500000000008 0.6625 0.14062500000000008 0.7 0.2812500000000001 0.7
0 0.3828125000000001 0.6625 0.3125000000000001 0.6625 0.3125000000000001 0.6859375 0.3828125000000001 0.6859375
0 0.5921875 0.659375 0.4140625 0.659375 0.4140625 0.703125 0.5921875 0.703125
0 0.6859375 0.6609375 0.625 0.6609375 0.625 0.6859375 0.6859375 0.6859375
0 0.834375 0.6609375000000001 0.7140625 0.6609375 0.7140625 0.6875000000000001 0.834375 0.6875000000000002
0 0.85 0.6843750000000002 0.846875 0.6843750000000002 0.846875 0.6859375000000002 0.85 0.6859375000000002