0 0.16093750000000004 0.25 0.15000000000000005 0.25 0.15000000000000005 0.2578125 0.16093750000000004 0.2578125
0 0.2265625 0.2515625 0.16406250000000006 0.2515625 0.16406250000000006 0.2828125 0.2265625 0.2828125
0 0.303125 0.253125 0.253125 0.253125 0.253125 0.2828125 0.303125 0.2828125
0 0.3125 0.2734375 0.3078125 0.2734375 0.3078125 0.278125 0.3125 0.278125
0 0.340625 0.253125 0.3234375 0.253125 0.3234375 0.2625 0.340625 0.2625
0 0.440625 0.25468750000000007 0.36875 0.25468750000000007 0.36875 0.2750000000000001 0.440625 0.2750000000000001
0 0.6015625 0.2484375000000001 0.4625 0.2484375000000001 0.4625 0.2812500000000001 0.6015625 0.2812500000000001
0 0.6046875 0.2734375000000001 0.5984375 0.2734375000000001 0.5984375 0.2750000000000001 0.6046875 0.2750000000000001
0 0.7421875 0.25468750000000007 0.640625 0.25468750000000007 0.640625 0.2890625000000001 0.7421875 0.2890625000000001
0 0.821875 0.2531250000000001 0.7734375 0.2531250000000001 0.7734375 0.27812500000000007 0.821875 0.27812500000000007
0 0.24375 0.3 0.14843750000000006 0.3 0.14843750000000006 0.325 0.24375 0.325
0 0.309375 0.3015625 0.2578125 0.3015625 0.2578125 0.3265625 0.309375 0.3265625
0 0.39375 0.30312500000000003 0.3359375 0.303125 0.3359375 0.33437500000000003 0.39375 0.3343750000000001
0 0.5890625 0.3046875000000001 0.4296875 0.3046875000000001 0.4296875 0.3359375000000001 0.5890625 0.3359375000000001
0 0.7265625 0.3031250000000001 0.6234375 0.3031250000000001 0.6234375 0.3281250000000001 0.7265625 0.3281250000000001
0 0.746875 0.3234375000000001 0.7359375 0.3234375000000001 0.7359375 0.3343750000000001 0.746875 0.3343750000000001
0 0.8359375 0.3140625000000001 0.7734375 0.3140625000000001 0.7734375 0.3265625000000001 0.8359375 0.3265625000000001
0 0.9046875 0.3000000000000001 0.859375 0.3000000000000001 0.859375 0.3234375000000001 0.9046875 0.3234375000000001
0 0.22187500000000004 0.3515625 0.15468750000000003 0.3515625 0.15468750000000003 0.375 0.2218750000000001 0.375
0 0.4125 0.35000000000000003 0.2578125 0.35 0.25781250000000006 0.384375 0.4125 0.3843750000000001
0 0.478125 0.3625000000000001 0.4453125 0.3625000000000001 0.4453125 0.3765625000000001 0.478125 0.3765625000000001
0 0.534375 0.3625000000000001 0.521875 0.3625000000000001 0.521875 0.3734375000000001 0.534375 0.3734375000000001
0 0.7953125 0.3500000000000001 0.5484375 0.3500000000000001 0.5484375 0.3765625000000001 0.7953125 0.3765625000000001
0 0.8203125 0.37187500000000007 0.8125 0.37187500000000007 0.8125 0.37968750000000007 0.8203125 0.37968750000000007
0 0.903125 0.3609375000000001 0.828125 0.3609375000000001 0.828125 0.3843750000000001 0.903125 0.3843750000000001
0 0.21875000000000008 0.4015625 0.15156250000000004 0.4015625 0.15156250000000004 0.4296875 0.21875000000000008 0.4296875
0 0.3187500000000001 0.4046875 0.2671875000000001 0.4046875 0.2671875000000001 0.428125 0.3187500000000001 0.428125
0 0.4171875 0.41875 0.3578125000000001 0.41875 0.3578125000000001 0.428125 0.4171875 0.428125
0 0.528125 0.403125 0.45 0.403125 0.45 0.44375 0.528125 0.44375
0 0.6109375 0.40625 0.571875 0.40625 0.571875 0.4296875 0.6109375 0.4296875
0 0.7171875 0.415625 0.64375 0.415625 0.64375 0.4265625 0.7171875 0.4265625
0 0.80625 0.4031250000000002 0.759375 0.4031250000000002 0.759375 0.43750000000000017 0.80625 0.43750000000000017
0 0.89375 0.4031250000000002 0.8484375 0.4031250000000002 0.8484375 0.4265625000000002 0.89375 0.4265625000000002
0 0.9 0.4234375000000002 0.896875 0.4234375000000002 0.896875 0.4265625000000002 0.9 0.4265625000000002
0 0.18125000000000005 0.453125 0.14843750000000006 0.453125 0.14843750000000006 0.48125 0.18125000000000005 0.48125
0 0.24218750000000008 0.4640625 0.18281250000000004 0.4640625 0.18281250000000004 0.4796875 0.24218750000000008 0.4796875
0 0.3359375000000001 0.45 0.2796875000000001 0.45 0.2796875000000001 0.4875 0.3359375000000001 0.4875
0 0.4046875 0.4546875 0.3703125000000001 0.4546875 0.3703125000000001 0.4875 0.4046875 0.4875
0 0.5171875 0.465625 0.4265625 0.465625 0.4265625 0.478125 0.5171875 0.478125
0 0.5359375 0.475 0.5328125 0.475 0.5328125 0.478125 0.5359375 0.478125
0 0.6203125 0.4515625 0.5703125 0.4515625 0.5703125 0.478125 0.6203125 0.478125
0 0.771875 0.4562500000000001 0.6390625 0.45625 0.6390625 0.48906250000000007 0.771875 0.4890625000000002
0 0.8421875 0.4546875000000002 0.8125 0.4546875000000002 0.8125 0.4750000000000002 0.8421875 0.4750000000000002
0 0.9109375 0.44843750000000016 0.8734375 0.44843750000000016 0.8734375 0.4750000000000002 0.9109375 0.4750000000000002
0 0.20312500000000008 0.515625 0.14531250000000004 0.515625 0.14531250000000004 0.528125 0.20312500000000008 0.528125
0 0.3390625000000001 0.503125 0.2390625000000001 0.503125 0.2390625000000001 0.5296875 0.3390625000000001 0.5296875
0 0.43125 0.5046875 0.3765625000000001 0.5046875 0.3765625000000001 0.5296875 0.43125 0.5296875
0 0.5296875 0.5171875 0.4765625 0.5171875 0.4765625 0.5296875 0.5296875 0.5296875
0 0.7046875 0.5015625 0.5765625 0.5015625 0.5765625 0.540625 0.7046875 0.540625
0 0.8078125 0.5046875000000002 0.7390625 0.5046875000000002 0.7390625 0.5296875000000002 0.8078125 0.5296875000000002
0 0.925 0.5015625000000001 0.8390625 0.5015625000000001 0.8390625 0.5390625000000002 0.925 0.5390625000000002
0 0.17187500000000008 0.5546875 0.15000000000000008 0.5546875 0.15000000000000008 0.5796875 0.17187500000000008 0.5796875
0 0.2812500000000001 0.55625 0.2078125000000001 0.55625 0.2078125000000001 0.5875 0.2812500000000001 0.5875
0 0.4515625 0.5515625 0.32500000000000007 0.5515625 0.32500000000000007 0.590625 0.4515625 0.590625
0 0.5375 0.5609375 0.475 0.5609375 0.475 0.5765625 0.5375 0.5765625
0 0.55 0.5734375 0.5421875 0.5734375 0.5421875 0.5828125 0.55 0.5828125
0 0.6625 0.553125 0.5890625 0.553125 0.5890625 0.578125 0.6625 0.578125
0 0.7640625 0.5546875000000001 0.7 0.5546875 0.7 0.5781250000000001 0.7640625 0.5781250000000002
0 0.8515625 0.5562500000000001 0.79375 0.5562500000000001 0.79375 0.5890625000000002 0.8515625 0.5890625000000002
0 0.940625 0.5656250000000002 0.871875 0.5656250000000002 0.871875 0.5765625000000002 0.940625 0.5765625000000002
0 0.1843750000000001 0.60625 0.15781250000000008 0.60625 0.15781250000000008 0.628125 0.1843750000000001 0.628125
0 0.2906250000000001 0.6046875 0.2140625000000001 0.6046875 0.2140625000000001 0.6421875 0.2906250000000001 0.6421875
0 0.30156250000000007 0.625 0.2984375000000001 0.625 0.2984375000000001 0.628125 0.30156250000000007 0.628125
0 0.3937500000000001 0.6046875 0.3453125000000001 0.6046875 0.3453125000000001 0.628125 0.3937500000000001 0.628125
0 0.5984375 0.603125 0.434375 0.603125 0.434375 0.6296875 0.5984375 0.6296875
0 0.703125 0.61875 0.6359375 0.61875 0.6359375 0.6375 0.703125 0.6375
0 0.7875 0.6046875000000002 0.734375 0.6046875000000002 0.734375 0.6296875000000002 0.7875 0.6296875000000002
0 0.890625 0.6000000000000002 0.834375 0.6000000000000002 0.834375 0.6281250000000002 0.890625 0.6281250000000002
0 0.890625 0.6234375000000002 0.8859375 0.6234375000000002 0.8859375 0.6250000000000002 0.890625 0.6250000000000002