0 0.23125 0.215625 0.14375000000000004 0.215625 0.14375000000000004 0.240625 0.23125 0.240625
0 0.321875 0.2234375 0.2625 0.2234375 0.2625 0.2359375 0.321875 0.2359375
0 0.4109375 0.21718750000000003 0.3484375 0.2171875 0.3484375 0.23750000000000004 0.4109375 0.2375000000000001
0 0.4859375 0.2171875000000001 0.4296875 0.2171875000000001 0.4296875 0.2312500000000001 0.4859375 0.2312500000000001
0 0.56875 0.2250000000000001 0.5046875 0.2250000000000001 0.5046875 0.2375000000000001 0.56875 0.2375000000000001
0 0.6640625 0.2234375000000001 0.5984375 0.2234375000000001 0.5984375 0.2328125000000001 0.6640625 0.2328125000000001
0 0.721875 0.2234375000000001 0.690625 0.2234375000000001 0.690625 0.2312500000000001 0.721875 0.2312500000000001
0 0.796875 0.2218750000000001 0.7453125 0.2218750000000001 0.7453125 0.2312500000000001 0.796875 0.2312500000000001
0 0.7984375 0.2296875000000001 0.790625 0.2296875000000001 0.790625 0.23593750000000008 0.7984375 0.23593750000000008
0 0.19062500000000004 0.2734375 0.14531250000000004 0.2734375 0.14531250000000004 0.2859375 0.19062500000000004 0.2859375
0 0.284375 0.275 0.2203125 0.275 0.2203125 0.2875 0.284375 0.2875
0 0.3578125 0.2703125 0.3 0.2703125 0.3 0.2875 0.3578125 0.2875
0 0.4125 0.2734375000000001 0.3828125 0.2734375000000001 0.3828125 0.2812500000000001 0.4125 0.2812500000000001
0 0.4265625 0.2796875000000001 0.421875 0.2796875000000001 0.421875 0.2828125000000001 0.4265625 0.2828125000000001
0 0.44375 0.2671875000000001 0.440625 0.2671875000000001 0.440625 0.27031250000000007 0.44375 0.27031250000000007
0 0.465625 0.2671875000000001 0.4625 0.2671875000000001 0.4625 0.27031250000000007 0.465625 0.27031250000000007
0 0.490625 0.2671875000000001 0.4671875 0.2671875000000001 0.4671875 0.2796875000000001 0.490625 0.2796875000000001
0 0.5359375 0.2734375000000001 0.5 0.2734375000000001 0.5 0.2812500000000001 0.5359375 0.2812500000000001
0 0.6609375 0.2687500000000001 0.5671875 0.2687500000000001 0.5671875 0.2875000000000001 0.6609375 0.2875000000000001
0 0.6734375 0.2812500000000001 0.66875 0.2812500000000001 0.66875 0.2843750000000001 0.6734375 0.2843750000000001
0 0.7203125 0.2687500000000001 0.6890625 0.2687500000000001 0.6890625 0.2828125000000001 0.7203125 0.2828125000000001
0 0.7984375 0.2687500000000001 0.740625 0.2687500000000001 0.740625 0.2828125000000001 0.7984375 0.2828125000000001
0 0.17968750000000006 0.3234375 0.14375000000000004 0.3234375 0.14375000000000004 0.33125 0.17968750000000006 0.33125
0 0.30625 0.31875 0.2046875 0.31875 0.2046875 0.3328125 0.30625 0.3328125
0 0.3140625 0.328125 0.309375 0.328125 0.309375 0.33125 0.3140625 0.33125
0 0.378125 0.31718750000000007 0.340625 0.3171875 0.340625 0.33281250000000007 0.378125 0.33281250000000007
0 0.44375 0.3234375000000001 0.40625 0.3234375000000001 0.40625 0.3312500000000001 0.44375 0.3312500000000001
0 0.534375 0.3203125000000001 0.475 0.3203125000000001 0.475 0.3359375000000001 0.534375 0.3359375000000001
0 0.6609375 0.3218750000000001 0.559375 0.3218750000000001 0.559375 0.3390625000000001 0.6609375 0.3390625000000001
0 0.6703125 0.3281250000000001 0.665625 0.3281250000000001 0.665625 0.33281250000000007 0.6703125 0.33281250000000007
0 0.721875 0.3187500000000001 0.6890625 0.3187500000000001 0.6890625 0.33281250000000007 0.721875 0.33281250000000007
0 0.7859375 0.3187500000000001 0.7390625 0.3187500000000001 0.7390625 0.33281250000000007 0.7859375 0.33281250000000007
0 0.19062500000000004 0.36875 0.14218750000000005 0.36875 0.14218750000000005 0.3828125 0.19062500000000004 0.3828125
0 0.2531250000000001 0.36875 0.19687500000000005 0.36875 0.19687500000000005 0.3859375 0.2531250000000001 0.3859375
0 0.3343750000000001 0.375 0.27812500000000007 0.375 0.27812500000000007 0.3875 0.3343750000000001 0.3875
0 0.3500000000000001 0.3671875 0.3453125000000001 0.3671875 0.3453125000000001 0.371875 0.3500000000000001 0.371875
0 0.3921875000000001 0.3687500000000001 0.3687500000000001 0.3687500000000001 0.3687500000000001 0.3812500000000001 0.3921875000000001 0.3812500000000001
0 0.409375 0.3703125000000001 0.3843750000000001 0.3703125000000001 0.3843750000000001 0.3828125000000001 0.409375 0.3828125000000001
0 0.5390625 0.3703125000000001 0.4390625 0.3703125000000001 0.4390625 0.3890625000000001 0.5390625 0.3890625000000001
0 0.6796875 0.3687500000000001 0.5625 0.3687500000000001 0.5625 0.3906250000000001 0.6796875 0.3906250000000001
0 0.7265625 0.3687500000000001 0.7015625 0.3687500000000001 0.7015625 0.3812500000000001 0.7265625 0.3812500000000001
0 0.8484375 0.3671875000000001 0.75 0.3671875000000001 0.75 0.3812500000000001 0.8484375 0.3812500000000001
0 0.859375 0.3812500000000001 0.8546875 0.3812500000000001 0.8546875 0.3843750000000001 0.859375 0.3843750000000001
0 0.18593750000000003 0.4203125 0.14531250000000004 0.4203125 0.14531250000000004 0.4328125 0.18593750000000003 0.4328125
0 0.29375000000000007 0.4203125 0.22031250000000008 0.4203125 0.22031250000000008 0.4375 0.29375000000000007 0.4375
0 0.4015625 0.41875 0.3156250000000001 0.41875 0.3156250000000001 0.4375 0.4015625 0.4375
0 0.50625 0.4203125 0.4390625 0.4203125 0.4390625 0.4375 0.50625 0.4375
0 0.6125 0.421875 0.5421875 0.421875 0.5421875 0.4421875 0.6125 0.4421875
0 0.6296875 0.43125 0.625 0.43125 0.625 0.434375 0.6296875 0.434375
0 0.6546875 0.41875 0.65 0.41875 0.65 0.421875 0.6546875 0.421875
0 0.7421875 0.4203125000000001 0.65625 0.4203125 0.65625 0.4390625000000001 0.7421875 0.4390625000000002
0 0.8109375 0.4187500000000002 0.7640625 0.4187500000000002 0.7640625 0.43281250000000016 0.8109375 0.43281250000000016
0 0.2062500000000001 0.4703125 0.14531250000000004 0.4703125 0.14531250000000004 0.4828125 0.2062500000000001 0.4828125
0 0.29375000000000007 0.471875 0.2296875000000001 0.471875 0.2296875000000001 0.4890625 0.29375000000000007 0.4890625
0 0.3687500000000001 0.4765625 0.3203125000000001 0.4765625 0.3203125000000001 0.4890625 0.3687500000000001 0.4890625
0 0.428125 0.4703125 0.3968750000000001 0.4703125 0.3968750000000001 0.4859375 0.428125 0.4859375
0 0.48125 0.471875 0.4484375 0.471875 0.4484375 0.484375 0.48125 0.484375
0 0.5921875 0.471875 0.5140625 0.471875 0.5140625 0.4890625 0.5921875 0.4890625
0 0.69375 0.4703125 0.615625 0.4703125 0.615625 0.484375 0.69375 0.484375
0 0.709375 0.46875 0.6921875 0.46875 0.6921875 0.484375 0.709375 0.484375
0 0.765625 0.46875000000000017 0.7265625 0.46875000000000017 0.7265625 0.48437500000000017 0.765625 0.48437500000000017
0 0.8390625 0.4703125000000002 0.784375 0.4703125000000002 0.784375 0.4828125000000002 0.8390625 0.4828125000000002
0 0.2234375000000001 0.5203125 0.13281250000000006 0.5203125 0.13281250000000006 0.540625 0.2234375000000001 0.540625
0 0.27031250000000007 0.5265625 0.2390625000000001 0.5265625 0.2390625000000001 0.534375 0.27031250000000007 0.534375
0 0.3234375000000001 0.521875 0.3046875000000001 0.521875 0.3046875000000001 0.5328125 0.3234375000000001 0.5328125
0 0.34062500000000007 0.51875 0.30937500000000007 0.51875 0.30937500000000007 0.534375 0.34062500000000007 0.534375
0 0.4125 0.5265625 0.3765625000000001 0.5265625 0.3765625000000001 0.534375 0.4125 0.534375
0 0.5359375 0.521875 0.4421875 0.521875 0.4421875 0.5390625 0.5359375 0.5390625
0 0.546875 0.53125 0.5359375 0.53125 0.5359375 0.5375 0.546875 0.5375
0 0.5953125 0.5265625 0.5625 0.5265625 0.5625 0.5359375 0.5953125 0.5359375
0 0.653125 0.5265625 0.615625 0.5265625 0.615625 0.534375 0.653125 0.534375
0 0.759375 0.5203125000000001 0.68125 0.5203125 0.68125 0.534375 0.759375 0.5343750000000002
0 0.7671875 0.5312500000000002 0.7625 0.5312500000000002 0.7625 0.5328125000000001 0.7671875 0.5328125000000001
0 0.8296875 0.5203125000000002 0.790625 0.5203125000000002 0.790625 0.5343750000000002 0.8296875 0.5343750000000002
0 0.2156250000000001 0.5703125 0.1531250000000001 0.5703125 0.1531250000000001 0.584375 0.2156250000000001 0.584375
0 0.2718750000000001 0.571875 0.2296875000000001 0.571875 0.2296875000000001 0.584375 0.2718750000000001 0.584375
0 0.2921875000000001 0.58125 0.2843750000000001 0.58125 0.2843750000000001 0.5859375 0.2921875000000001 0.5859375
0 0.3390625000000001 0.5765625 0.3062500000000001 0.5765625 0.3062500000000001 0.5859375 0.3390625000000001 0.5859375
0 0.4265625 0.571875 0.3656250000000001 0.571875 0.3656250000000001 0.584375 0.4265625 0.584375
0 0.525 0.571875 0.446875 0.571875 0.446875 0.584375 0.525 0.584375
0 0.5328125 0.58125 0.5265625 0.58125 0.5265625 0.584375 0.5328125 0.584375
0 0.5484375 0.5703125 0.54375 0.5703125 0.54375 0.575 0.5484375 0.575