0 0.209375 0.2125 0.14375000000000004 0.2125 0.14375000000000004 0.2296875 0.209375 0.2296875
0 0.2796875 0.2125 0.2265625 0.2125 0.2265625 0.228125 0.2796875 0.228125
0 0.40625 0.21093750000000006 0.3 0.2109375 0.3 0.23593750000000005 0.40625 0.23593750000000008
0 0.45625 0.21875000000000008 0.428125 0.21875000000000008 0.428125 0.2296875000000001 0.45625 0.2296875000000001
0 0.5125 0.2156250000000001 0.478125 0.2156250000000001 0.478125 0.2312500000000001 0.5125 0.2312500000000001
0 0.5171875 0.22812500000000008 0.5140625 0.22812500000000008 0.5140625 0.2312500000000001 0.5171875 0.2312500000000001
0 0.5578125 0.21250000000000008 0.5375 0.21250000000000008 0.5375 0.2312500000000001 0.5578125 0.2312500000000001
0 0.6203125 0.22031250000000008 0.5703125 0.22031250000000008 0.5703125 0.2328125000000001 0.6203125 0.2328125000000001
0 0.784375 0.2140625000000001 0.640625 0.2140625000000001 0.640625 0.2328125000000001 0.784375 0.2328125000000001
0 0.7953125 0.21250000000000008 0.7890625 0.21250000000000008 0.7890625 0.2296875000000001 0.7953125 0.2296875000000001
0 0.14218750000000005 0.2640625 0.13906250000000003 0.2640625 0.13906250000000003 0.26875 0.14218750000000005 0.26875
0 0.19218750000000004 0.2640625 0.14687500000000003 0.2640625 0.14687500000000003 0.2796875 0.19218750000000004 0.2796875
0 0.2453125 0.2671875 0.2046875 0.2671875 0.2046875 0.2796875 0.2453125 0.2796875
0 0.25625 0.2765625 0.253125 0.2765625 0.253125 0.278125 0.25625 0.278125
0 0.3140625 0.2640625 0.2765625 0.2640625 0.2765625 0.2796875 0.3140625 0.2796875
0 0.425 0.26562500000000006 0.334375 0.265625 0.334375 0.28125000000000006 0.425 0.2812500000000001
0 0.5015625 0.2640625000000001 0.4421875 0.2640625000000001 0.4421875 0.2812500000000001 0.5015625 0.2812500000000001
0 0.55 0.2718750000000001 0.5203125 0.2718750000000001 0.5203125 0.2828125000000001 0.55 0.2828125000000001
0 0.6171875 0.2718750000000001 0.5640625 0.2718750000000001 0.5640625 0.2812500000000001 0.6171875 0.2812500000000001
0 0.6234375 0.2796875000000001 0.6203125 0.2796875000000001 0.6203125 0.2812500000000001 0.6234375 0.2812500000000001
0 0.6796875 0.2656250000000001 0.6390625 0.2656250000000001 0.6390625 0.2828125000000001 0.6796875 0.2828125000000001
0 0.734375 0.27031250000000007 0.696875 0.27031250000000007 0.696875 0.2812500000000001 0.734375 0.2812500000000001
0 0.7953125 0.2640625000000001 0.753125 0.2640625000000001 0.753125 0.2828125000000001 0.7953125 0.2828125000000001
0 0.2046875 0.3203125 0.14218750000000005 0.3203125 0.14218750000000005 0.340625 0.2046875 0.340625
0 0.2171875 0.3296875 0.2125 0.3296875 0.2125 0.3296875 0.2171875 0.3296875
0 0.2734375 0.3171875 0.234375 0.3171875 0.234375 0.33125 0.2734375 0.33125
0 0.3375 0.321875 0.2921875 0.321875 0.2921875 0.3375 0.3375 0.3375
0 0.384375 0.31718750000000007 0.359375 0.3171875 0.359375 0.33125000000000004 0.384375 0.3312500000000001
0 0.4515625 0.31718750000000007 0.403125 0.31718750000000007 0.403125 0.33281250000000007 0.4515625 0.33281250000000007
0 0.496875 0.3156250000000001 0.471875 0.3156250000000001 0.471875 0.33281250000000007 0.496875 0.33281250000000007
0 0.56875 0.3156250000000001 0.5109375 0.3156250000000001 0.5109375 0.33281250000000007 0.56875 0.33281250000000007
0 0.6546875 0.31718750000000007 0.5890625 0.31718750000000007 0.5890625 0.3343750000000001 0.6546875 0.3343750000000001
0 0.6640625 0.3312500000000001 0.659375 0.3312500000000001 0.659375 0.33281250000000007 0.6640625 0.33281250000000007
0 0.7390625 0.3203125000000001 0.678125 0.3203125000000001 0.678125 0.3343750000000001 0.7390625 0.3343750000000001
0 0.7796875 0.3156250000000001 0.7546875 0.3156250000000001 0.7546875 0.3359375000000001 0.7796875 0.3359375000000001
0 0.8640625 0.3156250000000001 0.8 0.3156250000000001 0.8 0.3343750000000001 0.8640625 0.3343750000000001
0 0.2140625000000001 0.3640625 0.14218750000000005 0.3640625 0.14218750000000005 0.38125 0.2140625000000001 0.38125
0 0.2890625000000001 0.3734375 0.23593750000000008 0.3734375 0.23593750000000008 0.3890625 0.2890625000000001 0.3890625
0 0.3343750000000001 0.36875 0.3031250000000001 0.36875 0.3031250000000001 0.384375 0.3343750000000001 0.384375
0 0.4015625 0.36875 0.3546875000000001 0.36875 0.3546875000000001 0.38593750000000004 0.4015625 0.3859375000000001
0 0.4765625 0.3671875000000001 0.425 0.3671875000000001 0.425 0.3828125000000001 0.4765625 0.3828125000000001
0 0.5609375 0.3656250000000001 0.4984375 0.3656250000000001 0.4984375 0.3937500000000001 0.5609375 0.3937500000000001
0 0.5703125 0.3812500000000001 0.56875 0.3812500000000001 0.56875 0.3828125000000001 0.5703125 0.3828125000000001
0 0.578125 0.3687500000000001 0.5765625 0.3687500000000001 0.5765625 0.3750000000000001 0.578125 0.3750000000000001
0 0.65 0.3703125000000001 0.6015625 0.3703125000000001 0.6015625 0.3859375000000001 0.65 0.3859375000000001
0 0.75 0.3703125000000001 0.6640625 0.3703125000000001 0.6640625 0.3937500000000001 0.75 0.3937500000000001
0 0.815625 0.3703125000000001 0.7671875 0.3703125000000001 0.7671875 0.3859375000000001 0.815625 0.3859375000000001
0 0.17812500000000003 0.41875 0.14062500000000006 0.41875 0.14062500000000006 0.43125 0.17812500000000003 0.43125
0 0.2984375000000001 0.4171875 0.19687500000000005 0.4171875 0.19687500000000005 0.4359375 0.2984375000000001 0.4359375
0 0.3765625000000001 0.4234375 0.3218750000000001 0.4234375 0.3218750000000001 0.434375 0.3765625000000001 0.434375
0 0.471875 0.41875 0.3968750000000001 0.41875 0.3968750000000001 0.4359375 0.471875 0.4359375
0 0.484375 0.4296875 0.4796875 0.4296875 0.4796875 0.4359375 0.484375 0.4359375
0 0.5015625 0.415625 0.4984375 0.415625 0.4984375 0.421875 0.5015625 0.421875
0 0.565625 0.41875 0.50625 0.41875 0.50625 0.434375 0.565625 0.434375
0 0.625 0.4265625 0.5796875 0.4265625 0.5796875 0.4421875 0.625 0.4421875
0 0.66875 0.4203125 0.6390625 0.4203125 0.6390625 0.4359375 0.66875 0.4359375
0 0.73125 0.4203125000000001 0.6828125 0.4203125 0.6828125 0.4375000000000001 0.73125 0.43750000000000017
0 0.8203125 0.4265625000000002 0.7484375 0.4265625000000002 0.7484375 0.4468750000000002 0.8203125 0.4468750000000002
0 0.8359375 0.4343750000000002 0.83125 0.4343750000000002 0.83125 0.44062500000000016 0.8359375 0.44062500000000016
0 0.17031250000000003 0.4703125 0.13906250000000003 0.4703125 0.13906250000000003 0.4828125 0.17031250000000003 0.4828125
0 0.22656250000000008 0.4703125 0.19531250000000006 0.4703125 0.19531250000000006 0.48125 0.22656250000000008 0.48125
0 0.2812500000000001 0.471875 0.2453125000000001 0.471875 0.2453125000000001 0.4828125 0.2812500000000001 0.4828125
0 0.2890625000000001 0.48125 0.28593750000000007 0.48125 0.28593750000000007 0.4828125 0.2890625000000001 0.4828125
0 0.3703125000000001 0.46875 0.30937500000000007 0.46875 0.30937500000000007 0.484375 0.3703125000000001 0.484375
0 0.4375 0.475 0.3859375000000001 0.475 0.3859375000000001 0.4921875 0.4375 0.4921875
0 0.484375 0.4703125 0.45625 0.4703125 0.45625 0.484375 0.484375 0.484375
0 0.5546875 0.46875 0.5046875 0.46875 0.5046875 0.4859375 0.5546875 0.4859375
0 0.6296875 0.471875 0.575 0.471875 0.575 0.4953125 0.6296875 0.4953125
0 0.6390625 0.484375 0.6359375 0.484375 0.6359375 0.4859375 0.6390625 0.4859375
0 0.646875 0.46875 0.64375 0.46875 0.64375 0.475 0.646875 0.475