0 0.14218750000000005 0.20625 0.14062500000000006 0.20625 0.14062500000000006 0.2140625 0.14218750000000005 0.2140625
0 0.17968750000000006 0.209375 0.14843750000000006 0.209375 0.14843750000000006 0.225 0.17968750000000006 0.225
0 0.18906250000000005 0.209375 0.18281250000000004 0.209375 0.18281250000000004 0.2265625 0.18906250000000005 0.2265625
0 0.19531250000000006 0.20625 0.19375000000000003 0.20625 0.19375000000000003 0.2125 0.19531250000000006 0.2125
0 0.2578125 0.209375 0.215625 0.209375 0.215625 0.2296875 0.2578125 0.2296875
0 0.3359375 0.209375 0.28125 0.209375 0.28125 0.234375 0.3359375 0.234375
0 0.440625 0.21250000000000005 0.359375 0.2125 0.359375 0.23750000000000004 0.440625 0.2375000000000001
0 0.509375 0.21093750000000008 0.4625 0.21093750000000008 0.4625 0.2296875000000001 0.509375 0.2296875000000001
0 0.59375 0.2140625000000001 0.5375 0.2140625000000001 0.5375 0.2296875000000001 0.59375 0.2296875000000001
0 0.6640625 0.21250000000000008 0.6109375 0.21250000000000008 0.6109375 0.2312500000000001 0.6640625 0.2312500000000001
0 0.7703125 0.2140625000000001 0.6828125 0.2140625000000001 0.6828125 0.2328125000000001 0.7703125 0.2328125000000001
0 0.7796875 0.22812500000000008 0.7765625 0.22812500000000008 0.7765625 0.2312500000000001 0.7796875 0.2312500000000001
0 0.14218750000000005 0.2578125 0.13906250000000003 0.2578125 0.13906250000000003 0.265625 0.14218750000000005 0.265625
0 0.2265625 0.259375 0.14687500000000003 0.259375 0.14687500000000003 0.2859375 0.2265625 0.2859375
0 0.2953125 0.2640625 0.2515625 0.2640625 0.2515625 0.28125 0.2953125 0.28125
0 0.3578125 0.26875 0.315625 0.26875 0.315625 0.278125 0.3578125 0.278125
0 0.4484375 0.2640625000000001 0.3828125 0.2640625000000001 0.3828125 0.2875000000000001 0.4484375 0.2875000000000001
0 0.4609375 0.2750000000000001 0.45625 0.2750000000000001 0.45625 0.2828125000000001 0.4609375 0.2828125000000001
0 0.559375 0.2656250000000001 0.4734375 0.2656250000000001 0.4734375 0.2890625000000001 0.559375 0.2890625000000001
0 0.6265625 0.2671875000000001 0.5796875 0.2671875000000001 0.5796875 0.2812500000000001 0.6265625 0.2812500000000001
0 0.6859375 0.2671875000000001 0.6453125 0.2671875000000001 0.6453125 0.2812500000000001 0.6859375 0.2812500000000001
0 0.8328125 0.2656250000000001 0.7046875 0.2656250000000001 0.7046875 0.2890625000000001 0.8328125 0.2890625000000001
0 0.19843750000000004 0.3140625 0.14062500000000006 0.3140625 0.14062500000000006 0.328125 0.19843750000000004 0.328125
0 0.2265625 0.3234375 0.2109375 0.3234375 0.2109375 0.3265625 0.2265625 0.3265625
0 0.2734375 0.3140625 0.228125 0.3140625 0.228125 0.33125 0.2734375 0.33125
0 0.35625 0.3140625 0.2921875 0.3140625 0.2921875 0.3296875 0.35625 0.3296875
0 0.425 0.3218750000000001 0.375 0.3218750000000001 0.375 0.3312500000000001 0.425 0.3312500000000001
0 0.5546875 0.3156250000000001 0.4453125 0.3156250000000001 0.4453125 0.33281250000000007 0.5546875 0.33281250000000007
0 0.590625 0.31718750000000007 0.571875 0.31718750000000007 0.571875 0.3312500000000001 0.590625 0.3312500000000001
0 0.6953125 0.31718750000000007 0.6125 0.31718750000000007 0.6125 0.3421875000000001 0.6953125 0.3421875000000001
0 0.8015625 0.31718750000000007 0.7125 0.31718750000000007 0.7125 0.33281250000000007 0.8015625 0.33281250000000007
0 0.83125 0.32500000000000007 0.8171875 0.32500000000000007 0.8171875 0.3281250000000001 0.83125 0.3281250000000001
0 0.20000000000000004 0.3625 0.13750000000000004 0.3625 0.13750000000000004 0.3796875 0.2000000000000001 0.3796875
0 0.2750000000000001 0.3640625 0.22031250000000008 0.3640625 0.22031250000000008 0.390625 0.2750000000000001 0.390625
0 0.3390625000000001 0.371875 0.2953125000000001 0.371875 0.2953125000000001 0.38125 0.3390625000000001 0.38125
0 0.4234375 0.36406250000000007 0.3625000000000001 0.3640625 0.3625000000000001 0.3921875 0.4234375 0.3921875000000001
0 0.496875 0.3656250000000001 0.446875 0.3656250000000001 0.446875 0.3906250000000001 0.496875 0.3906250000000001
0 0.5046875 0.37968750000000007 0.5015625 0.37968750000000007 0.5015625 0.3828125000000001 0.5046875 0.3828125000000001
0 0.515625 0.36406250000000007 0.5125 0.36406250000000007 0.5125 0.37187500000000007 0.515625 0.37187500000000007
0 0.540625 0.3671875000000001 0.5359375 0.3671875000000001 0.5359375 0.3734375000000001 0.540625 0.3734375000000001
0 0.584375 0.3656250000000001 0.54375 0.3656250000000001 0.54375 0.3828125000000001 0.584375 0.3828125000000001
0 0.6875 0.3687500000000001 0.6 0.3687500000000001 0.6 0.3859375000000001 0.6875 0.3859375000000001
0 0.6984375 0.3687500000000001 0.6921875 0.3687500000000001 0.6921875 0.3828125000000001 0.6984375 0.3828125000000001
0 0.7125 0.3671875000000001 0.709375 0.3671875000000001 0.709375 0.3734375000000001 0.7125 0.3734375000000001
0 0.8 0.3687500000000001 0.734375 0.3687500000000001 0.734375 0.3859375000000001 0.8 0.3859375000000001
0 0.2078125000000001 0.415625 0.13593750000000004 0.415625 0.13593750000000004 0.43125 0.2078125000000001 0.43125
0 0.2156250000000001 0.428125 0.21250000000000008 0.428125 0.21250000000000008 0.4296875 0.2156250000000001 0.4296875
0 0.24375000000000008 0.415625 0.2406250000000001 0.415625 0.2406250000000001 0.421875 0.24375000000000008 0.421875
0 0.3062500000000001 0.415625 0.2484375000000001 0.415625 0.2484375000000001 0.43125 0.3062500000000001 0.43125
0 0.3781250000000001 0.4171875 0.3265625000000001 0.4171875 0.3265625000000001 0.4328125 0.3781250000000001 0.4328125
0 0.3890625000000001 0.415625 0.3812500000000001 0.415625 0.3812500000000001 0.4328125 0.3890625000000001 0.4328125
0 0.4640625 0.4171875 0.4015625 0.4171875 0.4015625 0.4328125 0.4640625 0.4328125
0 0.53125 0.41875 0.4828125 0.41875 0.4828125 0.4328125 0.53125 0.4328125
0 0.640625 0.4171875 0.5546875 0.4171875 0.5546875 0.4421875 0.640625 0.4421875
0 0.6515625 0.43125 0.65 0.43125 0.65 0.4375 0.6515625 0.4375
0 0.7109375 0.425 0.66875 0.425 0.66875 0.4390625 0.7109375 0.4390625
0 0.8 0.4187500000000002 0.7265625 0.4187500000000002 0.7265625 0.4343750000000002 0.8 0.4343750000000002
0 0.17343750000000005 0.4671875 0.13593750000000004 0.4671875 0.13593750000000004 0.4828125 0.17343750000000005 0.4828125
0 0.18906250000000005 0.4734375 0.17500000000000004 0.4734375 0.17500000000000004 0.4828125 0.18906250000000005 0.4828125
0 0.2406250000000001 0.4671875 0.2140625000000001 0.4671875 0.2140625000000001 0.4828125 0.2406250000000001 0.4828125
0 0.3265625000000001 0.4671875 0.2640625000000001 0.4671875 0.2640625000000001 0.490625 0.3265625000000001 0.490625
0 0.4 0.4671875 0.3468750000000001 0.4671875 0.3468750000000001 0.484375 0.4 0.484375
0 0.40625 0.48125 0.4046875 0.48125 0.4046875 0.4828125 0.40625 0.4828125
0 0.540625 0.4671875 0.4265625 0.4671875 0.4265625 0.484375 0.540625 0.484375
0 0.5890625 0.4671875 0.5625 0.4671875 0.5625 0.4875 0.5890625 0.4875
0 0.6484375 0.46875 0.60625 0.46875 0.60625 0.4875 0.6484375 0.4875
0 0.7453125 0.4703125000000001 0.6703125 0.4703125 0.6703125 0.4921875000000001 0.7453125 0.49218750000000017
0 0.83125 0.4703125000000002 0.7625 0.4703125000000002 0.7625 0.48750000000000016 0.83125 0.48750000000000016
0 0.18593750000000003 0.5171875 0.13593750000000004 0.5171875 0.13593750000000004 0.5328125 0.18593750000000003 0.5328125
0 0.2453125000000001 0.5140625 0.2140625000000001 0.5140625 0.2140625000000001 0.53125 0.2453125000000001 0.53125
0 0.3609375000000001 0.521875 0.2734375000000001 0.521875 0.2734375000000001 0.5421875 0.3609375000000001 0.5421875
0 0.428125 0.515625 0.3890625000000001 0.515625 0.3890625000000001 0.5375 0.428125 0.5375
0 0.4859375 0.5234375 0.45 0.5234375 0.45 0.534375 0.4859375 0.534375
0 0.5421875 0.5171875 0.5015625 0.5171875 0.5015625 0.5359375 0.5421875 0.5359375
0 0.628125 0.51875 0.5625 0.51875 0.5625 0.540625 0.628125 0.540625
0 0.665625 0.5203125 0.6453125 0.5203125 0.6453125 0.5375 0.665625 0.5375
0 0.725 0.5265625 0.68125 0.5265625 0.68125 0.546875 0.725 0.546875
0 0.7359375 0.5359375000000002 0.7328125 0.5359375000000002 0.7328125 0.5375000000000002 0.7359375 0.5375000000000002