0 0.13750000000000004 0.2125 0.13593750000000004 0.2125 0.13593750000000004 0.2171875 0.13750000000000004 0.2171875
0 0.18750000000000006 0.2171875 0.14687500000000003 0.2171875 0.14687500000000003 0.234375 0.18750000000000006 0.234375
0 0.2390625 0.225 0.2 0.225 0.2 0.234375 0.2390625 0.234375
0 0.3015625 0.21875 0.259375 0.21875 0.259375 0.234375 0.3015625 0.234375
0 0.36875 0.21562500000000004 0.315625 0.215625 0.315625 0.23906250000000004 0.36875 0.2390625000000001
0 0.4171875 0.2171875000000001 0.39375 0.2171875000000001 0.39375 0.23437500000000008 0.4171875 0.23437500000000008
0 0.4734375 0.22031250000000008 0.4328125 0.22031250000000008 0.4328125 0.23593750000000008 0.4734375 0.23593750000000008
0 0.484375 0.21875000000000008 0.478125 0.21875000000000008 0.478125 0.23593750000000008 0.484375 0.23593750000000008
0 0.49375 0.2171875000000001 0.4890625 0.2171875000000001 0.4890625 0.22031250000000008 0.49375 0.22031250000000008
0 0.5796875 0.21875000000000008 0.5109375 0.21875000000000008 0.5109375 0.23593750000000008 0.5796875 0.23593750000000008
0 0.7 0.2234375000000001 0.6015625 0.2234375000000001 0.6015625 0.2453125000000001 0.7 0.2453125000000001
0 0.7046875 0.23437500000000008 0.703125 0.23437500000000008 0.703125 0.23437500000000008 0.7046875 0.23437500000000008
0 0.73125 0.22031250000000008 0.728125 0.22031250000000008 0.728125 0.22812500000000008 0.73125 0.22812500000000008
0 0.7890625 0.2218750000000001 0.7375 0.2218750000000001 0.7375 0.24375000000000008 0.7890625 0.24375000000000008
0 0.846875 0.22656250000000008 0.80625 0.22656250000000008 0.80625 0.23593750000000008 0.846875 0.23593750000000008
0 0.18281250000000004 0.2765625 0.14062500000000006 0.2765625 0.14062500000000006 0.290625 0.18281250000000004 0.290625
0 0.24375 0.2703125 0.2015625 0.2703125 0.2015625 0.2859375 0.24375 0.2859375
0 0.3328125 0.2703125 0.2609375 0.2703125 0.2609375 0.2859375 0.3328125 0.2859375
0 0.3421875 0.26875 0.334375 0.26875 0.334375 0.2859375 0.3421875 0.2859375
0 0.353125 0.2671875 0.35 0.2671875 0.35 0.2734375 0.353125 0.2734375
0 0.38125 0.2687500000000001 0.378125 0.2687500000000001 0.378125 0.2734375000000001 0.38125 0.2734375000000001
0 0.49375 0.2687500000000001 0.3890625 0.2687500000000001 0.3890625 0.28593750000000007 0.49375 0.28593750000000007
0 0.5421875 0.2765625000000001 0.5125 0.2765625000000001 0.5125 0.28593750000000007 0.5421875 0.28593750000000007
0 0.6234375 0.2734375000000001 0.5625 0.2734375000000001 0.5625 0.2875000000000001 0.6234375 0.2875000000000001
0 0.6671875 0.2734375000000001 0.6421875 0.2734375000000001 0.6421875 0.2875000000000001 0.6671875 0.2875000000000001
0 0.7609375 0.27031250000000007 0.684375 0.27031250000000007 0.684375 0.2968750000000001 0.7609375 0.2968750000000001
0 0.7703125 0.28593750000000007 0.765625 0.28593750000000007 0.765625 0.2921875000000001 0.7703125 0.2921875000000001
0 0.78125 0.2687500000000001 0.778125 0.2687500000000001 0.778125 0.2750000000000001 0.78125 0.2750000000000001
0 0.8421875 0.27031250000000007 0.803125 0.27031250000000007 0.803125 0.2875000000000001 0.8421875 0.2875000000000001
0 0.2109375 0.31875 0.14687500000000003 0.31875 0.14687500000000003 0.3375 0.2109375 0.3375
0 0.321875 0.3203125 0.234375 0.3203125 0.234375 0.34375 0.321875 0.34375
0 0.396875 0.321875 0.3421875 0.321875 0.3421875 0.33593750000000006 0.396875 0.3359375000000001
0 0.40625 0.3343750000000001 0.403125 0.3343750000000001 0.403125 0.3359375000000001 0.40625 0.3359375000000001
0 0.540625 0.3203125000000001 0.43125 0.3203125000000001 0.43125 0.3453125000000001 0.540625 0.3453125000000001
0 0.596875 0.3218750000000001 0.559375 0.3218750000000001 0.559375 0.3375000000000001 0.596875 0.3375000000000001
0 0.7015625 0.32500000000000007 0.615625 0.32500000000000007 0.615625 0.3375000000000001 0.7015625 0.3375000000000001
0 0.7859375 0.3234375000000001 0.721875 0.3234375000000001 0.721875 0.3375000000000001 0.7859375 0.3375000000000001
0 0.8875 0.3218750000000001 0.8046875 0.3218750000000001 0.8046875 0.3390625000000001 0.8875 0.3390625000000001
0 0.21250000000000008 0.3671875 0.14531250000000004 0.3671875 0.14531250000000004 0.3890625 0.21250000000000008 0.3890625
0 0.27812500000000007 0.371875 0.2328125000000001 0.371875 0.2328125000000001 0.3875 0.27812500000000007 0.3875
0 0.415625 0.37187500000000007 0.30156250000000007 0.371875 0.30156250000000007 0.38750000000000007 0.415625 0.38750000000000007
0 0.425 0.3828125000000001 0.421875 0.3828125000000001 0.421875 0.3906250000000001 0.425 0.3906250000000001
0 0.4453125 0.3703125000000001 0.4421875 0.3703125000000001 0.4421875 0.3765625000000001 0.4453125 0.3765625000000001
0 0.478125 0.3703125000000001 0.45 0.3703125000000001 0.45 0.38750000000000007 0.478125 0.38750000000000007
0 0.5234375 0.37187500000000007 0.4953125 0.37187500000000007 0.4953125 0.38750000000000007 0.5234375 0.38750000000000007
0 0.559375 0.3781250000000001 0.5390625 0.3781250000000001 0.5390625 0.38750000000000007 0.559375 0.38750000000000007
0 0.6328125 0.3750000000000001 0.5734375 0.3750000000000001 0.5734375 0.39531250000000007 0.6328125 0.39531250000000007
0 0.725 0.3750000000000001 0.6515625 0.3750000000000001 0.6515625 0.39531250000000007 0.725 0.39531250000000007
0 0.7671875 0.37187500000000007 0.7453125 0.37187500000000007 0.7453125 0.3906250000000001 0.7671875 0.3906250000000001
0 0.821875 0.37187500000000007 0.784375 0.37187500000000007 0.784375 0.3890625000000001 0.821875 0.3890625000000001
0 0.8671875 0.3750000000000001 0.840625 0.3750000000000001 0.840625 0.3906250000000001 0.8671875 0.3906250000000001
0 0.16562500000000005 0.421875 0.14531250000000004 0.421875 0.14531250000000004 0.4375 0.16562500000000005 0.4375
0 0.21875000000000008 0.4203125 0.17812500000000003 0.4203125 0.17812500000000003 0.4375 0.21875000000000008 0.4375
0 0.2312500000000001 0.4328125 0.22656250000000008 0.4328125 0.22656250000000008 0.434375 0.2312500000000001 0.434375
0 0.27031250000000007 0.421875 0.2406250000000001 0.421875 0.2406250000000001 0.4390625 0.27031250000000007 0.4390625
0 0.3593750000000001 0.421875 0.2953125000000001 0.421875 0.2953125000000001 0.440625 0.3593750000000001 0.440625
0 0.4 0.421875 0.3750000000000001 0.421875 0.3750000000000001 0.4390625 0.4 0.4390625
0 0.4625 0.421875 0.4125 0.421875 0.4125 0.4375 0.4625 0.4375
0 0.5390625 0.425 0.48125 0.425 0.48125 0.4453125 0.5390625 0.4453125
0 0.5484375 0.4359375 0.5453125 0.4359375 0.5453125 0.4375 0.5484375 0.4375
0 0.665625 0.4234375 0.5671875 0.4234375 0.5671875 0.4390625 0.665625 0.4390625
0 0.715625 0.4296875 0.684375 0.4296875 0.684375 0.4390625 0.715625 0.4390625
0 0.8078125 0.4203125000000002 0.7328125 0.4203125000000002 0.7328125 0.4390625000000002 0.8078125 0.4390625000000002
0 0.878125 0.4312500000000002 0.821875 0.4312500000000002 0.821875 0.44062500000000016 0.878125 0.44062500000000016
0 0.18906250000000005 0.4734375 0.14375000000000004 0.4734375 0.14375000000000004 0.4875 0.18906250000000005 0.4875
0 0.2468750000000001 0.478125 0.2140625000000001 0.478125 0.2140625000000001 0.4859375 0.2468750000000001 0.4859375
0 0.30937500000000007 0.478125 0.2656250000000001 0.478125 0.2656250000000001 0.4875 0.30937500000000007 0.4875
0 0.3421875000000001 0.4828125 0.33281250000000007 0.4828125 0.33281250000000007 0.484375 0.3421875000000001 0.484375
0 0.425 0.471875 0.3593750000000001 0.471875 0.3593750000000001 0.4890625 0.425 0.4890625
0 0.4296875 0.4875 0.428125 0.4875 0.428125 0.4890625 0.4296875 0.4890625
0 0.5015625 0.475 0.4515625 0.475 0.4515625 0.490625 0.5015625 0.490625
0 0.5828125 0.475 0.528125 0.475 0.528125 0.490625 0.5828125 0.490625
0 0.6265625 0.471875 0.603125 0.471875 0.603125 0.49375 0.6265625 0.49375
0 0.6921875 0.4734375 0.6515625 0.4734375 0.6515625 0.490625 0.6921875 0.490625
0 0.7625 0.47343750000000007 0.7078125 0.4734375 0.7078125 0.4906250000000001 0.7625 0.4906250000000002
0 0.85 0.4750000000000002 0.7859375 0.4750000000000002 0.7859375 0.4890625000000002 0.85 0.4890625000000002
0 0.16875000000000004 0.5296875 0.14843750000000006 0.5296875 0.14843750000000006 0.540625 0.16875000000000004 0.540625
0 0.2484375000000001 0.5265625 0.18906250000000005 0.5265625 0.18906250000000008 0.546875 0.2484375000000001 0.546875
0 0.3203125000000001 0.525 0.27031250000000007 0.525 0.27031250000000007 0.540625 0.3203125000000001 0.540625
0 0.4171875 0.5234375 0.3359375000000001 0.5234375 0.3359375000000001 0.540625 0.4171875 0.540625
0 0.5109375 0.525 0.4453125 0.525 0.4453125 0.5421875 0.5109375 0.5421875
0 0.6 0.525 0.5328125 0.525 0.5328125 0.55 0.6 0.55
0 0.6078125 0.5375 0.60625 0.5375 0.60625 0.5390625 0.6078125 0.5390625