0 0.2015625 0.209375 0.15625000000000006 0.209375 0.15625000000000006 0.2328125 0.2015625 0.2328125
0 0.2859375 0.21875 0.2203125 0.21875 0.2203125 0.23125 0.2859375 0.23125
0 0.4015625 0.21875000000000006 0.309375 0.21875 0.309375 0.23125000000000004 0.4015625 0.2312500000000001
0 0.4703125 0.2078125000000001 0.4203125 0.2078125000000001 0.4203125 0.23593750000000008 0.4703125 0.23593750000000008
0 0.6125 0.2078125000000001 0.496875 0.2078125000000001 0.496875 0.2328125000000001 0.6125 0.2328125000000001
0 0.696875 0.2093750000000001 0.640625 0.2093750000000001 0.640625 0.2312500000000001 0.696875 0.2312500000000001
0 0.840625 0.2078125000000001 0.7140625 0.2078125000000001 0.7140625 0.24218750000000008 0.840625 0.24218750000000008
0 0.17812500000000003 0.25625 0.14687500000000003 0.25625 0.14687500000000003 0.2828125 0.17812500000000003 0.2828125
0 0.29375 0.253125 0.19687500000000005 0.253125 0.19687500000000005 0.28125 0.29375 0.28125
0 0.3390625 0.26875 0.3125 0.26875 0.3125 0.28125 0.3390625 0.28125
0 0.3921875 0.25781250000000006 0.353125 0.2578125 0.353125 0.2828125 0.3921875 0.2828125000000001
0 0.4921875 0.2578125000000001 0.4140625 0.2578125000000001 0.4140625 0.2875000000000001 0.4921875 0.2875000000000001
0 0.5046875 0.2750000000000001 0.4875 0.2750000000000001 0.4875 0.3031250000000001 0.5046875 0.3031250000000001
0 0.590625 0.2609375000000001 0.5296875 0.2609375000000001 0.5296875 0.2828125000000001 0.590625 0.2828125000000001
0 0.6578125 0.2718750000000001 0.6078125 0.2718750000000001 0.6078125 0.2843750000000001 0.6578125 0.2843750000000001
0 0.71875 0.2718750000000001 0.6734375 0.2718750000000001 0.6734375 0.2843750000000001 0.71875 0.2843750000000001
0 0.8328125 0.2593750000000001 0.740625 0.2593750000000001 0.740625 0.2843750000000001 0.8328125 0.2843750000000001
0 0.8578125 0.2718750000000001 0.84375 0.2718750000000001 0.84375 0.2750000000000001 0.8578125 0.2750000000000001
0 0.2578125 0.3078125 0.14218750000000005 0.3078125 0.14218750000000005 0.3421875 0.2578125 0.3421875
0 0.3984375 0.30625 0.2765625 0.30625 0.2765625 0.34375000000000006 0.3984375 0.3437500000000001
0 0.48125 0.3218750000000001 0.41875 0.3218750000000001 0.41875 0.3343750000000001 0.48125 0.3343750000000001
0 0.71875 0.30937500000000007 0.503125 0.30937500000000007 0.503125 0.3421875000000001 0.71875 0.3421875000000001
0 0.828125 0.30937500000000007 0.734375 0.30937500000000007 0.734375 0.3468750000000001 0.828125 0.3468750000000001
0 0.8875 0.3156250000000001 0.840625 0.3156250000000001 0.840625 0.3500000000000001 0.8875 0.3500000000000001
0 0.30468750000000006 0.3546875 0.14062500000000006 0.3546875 0.14062500000000006 0.3875 0.3046875000000001 0.3875
0 0.36250000000000004 0.3546875 0.3203125 0.3546875 0.32031250000000006 0.396875 0.3625000000000001 0.396875
0 0.484375 0.3578125000000001 0.3765625 0.3578125000000001 0.3765625 0.3921875000000001 0.484375 0.3921875000000001
0 0.6125 0.3687500000000001 0.5046875 0.3687500000000001 0.5046875 0.3906250000000001 0.6125 0.3906250000000001
0 0.6265625 0.37968750000000007 0.621875 0.37968750000000007 0.621875 0.3812500000000001 0.6265625 0.3812500000000001
0 0.709375 0.3593750000000001 0.65625 0.3593750000000001 0.65625 0.37968750000000007 0.709375 0.37968750000000007
0 0.771875 0.3625000000000001 0.728125 0.3625000000000001 0.728125 0.3859375000000001 0.771875 0.3859375000000001
0 0.9046875 0.3734375000000001 0.7921875 0.3734375000000001 0.7921875 0.3859375000000001 0.9046875 0.3859375000000001
0 0.2312500000000001 0.4109375 0.13750000000000004 0.4109375 0.13750000000000004 0.4421875 0.2312500000000001 0.4421875
0 0.3703125000000001 0.40625 0.25468750000000007 0.40625 0.25468750000000007 0.4375 0.3703125000000001 0.4375
0 0.409375 0.40625 0.3750000000000001 0.40625 0.3750000000000001 0.4421875 0.409375 0.4421875
0 0.515625 0.4109375 0.41875 0.4109375 0.41875 0.4359375 0.515625 0.4359375
0 0.6109375 0.4125 0.528125 0.4125 0.528125 0.4359375 0.6109375 0.4359375
0 0.621875 0.4296875 0.6109375 0.4296875 0.6109375 0.44375 0.621875 0.44375
0 0.709375 0.421875 0.6359375 0.421875 0.6359375 0.4359375 0.709375 0.4359375
0 0.8046875 0.4078125000000002 0.7265625 0.4078125000000002 0.7265625 0.4343750000000002 0.8046875 0.4343750000000002
0 0.22656250000000008 0.4578125 0.12812500000000004 0.4578125 0.12812500000000004 0.4859375 0.22656250000000008 0.4859375
0 0.2375000000000001 0.48125 0.22812500000000008 0.48125 0.22812500000000008 0.4921875 0.2375000000000001 0.4921875
0 0.3062500000000001 0.471875 0.2484375000000001 0.471875 0.2484375000000001 0.484375 0.3062500000000001 0.484375
0 0.3843750000000001 0.459375 0.3187500000000001 0.459375 0.3187500000000001 0.4875 0.3843750000000001 0.4875
0 0.584375 0.4578125 0.3984375000000001 0.4578125 0.3984375000000001 0.490625 0.584375 0.490625
0 0.7109375 0.4734375 0.60625 0.4734375 0.60625 0.4953125 0.7109375 0.4953125
0 0.7765625 0.4640625000000001 0.725 0.4640625 0.725 0.48906250000000007 0.7765625 0.4890625000000002
0 0.875 0.4656250000000002 0.8 0.4656250000000002 0.8 0.4906250000000002 0.875 0.4906250000000002
0 0.18281250000000007 0.503125 0.14218750000000005 0.503125 0.14218750000000008 0.5515625 0.1828125000000001 0.5515625
0 0.2906250000000001 0.5078125 0.2093750000000001 0.5078125 0.2093750000000001 0.53125 0.2906250000000001 0.53125
0 0.3937500000000001 0.50625 0.31718750000000007 0.50625 0.31718750000000007 0.5375 0.3937500000000001 0.5375
0 0.4078125 0.53125 0.4046875 0.53125 0.4046875 0.5328125 0.4078125 0.5328125
0 0.4796875 0.5140625 0.4375 0.5140625 0.4375 0.5375 0.4796875 0.5375
0 0.6015625 0.5234375 0.5046875 0.5234375 0.5046875 0.5375 0.6015625 0.5375
0 0.6703125 0.5078125 0.628125 0.5078125 0.628125 0.5453125 0.6703125 0.5453125
0 0.7140625 0.5125 0.6671875 0.5125 0.6671875 0.5390625 0.7140625 0.5390625
0 0.8890625 0.5093750000000001 0.734375 0.5093750000000001 0.734375 0.5359375000000002 0.8890625 0.5359375000000002
0 0.2234375000000001 0.5625 0.13437500000000008 0.5625 0.13437500000000008 0.584375 0.2234375000000001 0.584375
0 0.3515625000000001 0.5625 0.2484375000000001 0.5625 0.2484375000000001 0.5890625 0.3515625000000001 0.5890625
0 0.3734375000000001 0.58125 0.3671875000000001 0.58125 0.3671875000000001 0.584375 0.3734375000000001 0.584375
0 0.584375 0.5609375 0.3937500000000001 0.5609375 0.3937500000000001 0.5953125 0.584375 0.5953125
0 0.709375 0.5609375 0.6125 0.5609375 0.6125 0.5859375 0.709375 0.5859375
0 0.8171875 0.5609375000000002 0.7296875 0.5609375000000002 0.7296875 0.5953125000000001 0.8171875 0.5953125000000001
0 0.27031250000000007 0.609375 0.1390625000000001 0.609375 0.1390625000000001 0.6453125 0.27031250000000007 0.6453125
0 0.3859375000000001 0.625 0.2953125000000001 0.625 0.2953125000000001 0.6359375 0.3859375000000001 0.6359375
0 0.4515625 0.6109375 0.4109375 0.6109375 0.4109375 0.6359375 0.4515625 0.6359375
0 0.5953125 0.6125 0.4859375 0.6125 0.4859375 0.64375 0.5953125 0.64375
0 0.6109375 0.63125 0.6 0.63125 0.6 0.6453125 0.6109375 0.6453125
0 0.6875 0.6109375 0.628125 0.6109375 0.628125 0.6375 0.6875 0.6375
0 0.7703125 0.6109375000000001 0.7 0.6109375 0.7 0.6359375 0.7703125 0.6359375000000002
0 0.8609375 0.6250000000000002 0.7953125 0.6250000000000002 0.7953125 0.6390625000000002 0.8609375 0.6390625000000002
0 0.18906250000000008 0.6734375 0.1359375000000001 0.6734375 0.1359375000000001 0.6875 0.18906250000000008 0.6875
0 0.3625000000000001 0.6640625 0.2171875000000001 0.6640625 0.2171875000000001 0.696875 0.3625000000000001 0.696875
0 0.50625 0.6734375 0.4 0.6734375 0.4 0.69375 0.50625 0.69375
0 0.4171875 0.6578125 0.4125 0.6578125 0.4125 0.6640625 0.4171875 0.6640625