0 0.17812500000000003 0.2046875 0.13593750000000004 0.2046875 0.13593750000000004 0.221875 0.17812500000000003 0.221875
0 0.265625 0.2109375 0.19687500000000005 0.2109375 0.19687500000000005 0.225 0.265625 0.225
0 0.3125 0.21875 0.2828125 0.21875 0.2828125 0.228125 0.3125 0.228125
0 0.44375 0.21093750000000006 0.3359375 0.2109375 0.3359375 0.22968750000000004 0.44375 0.2296875000000001
0 0.6296875 0.21250000000000008 0.4484375 0.21250000000000008 0.4484375 0.2390625000000001 0.6296875 0.2390625000000001
0 0.6453125 0.2312500000000001 0.6421875 0.2312500000000001 0.6421875 0.2328125000000001 0.6453125 0.2328125000000001
0 0.8125 0.20468750000000008 0.66875 0.20468750000000008 0.66875 0.2312500000000001 0.8125 0.2312500000000001
0 0.896875 0.2171875000000001 0.8359375 0.2171875000000001 0.8359375 0.2312500000000001 0.896875 0.2312500000000001
0 0.225 0.2546875 0.13281250000000006 0.2546875 0.13281250000000006 0.2859375 0.225 0.2859375
0 0.346875 0.25625 0.2484375 0.25625 0.2484375 0.275 0.346875 0.275
0 0.3953125 0.25468750000000007 0.3703125 0.25468750000000007 0.3703125 0.2750000000000001 0.3953125 0.2750000000000001
0 0.546875 0.2562500000000001 0.4125 0.2562500000000001 0.4125 0.2843750000000001 0.546875 0.2843750000000001
0 0.628125 0.2593750000000001 0.571875 0.2593750000000001 0.571875 0.2984375000000001 0.628125 0.2984375000000001
0 0.6890625 0.2593750000000001 0.6453125 0.2593750000000001 0.6453125 0.2812500000000001 0.6890625 0.2812500000000001
0 0.8140625 0.26250000000000007 0.70625 0.26250000000000007 0.70625 0.28593750000000007 0.8140625 0.28593750000000007
0 0.9078125 0.26250000000000007 0.80625 0.26250000000000007 0.80625 0.30156250000000007 0.9078125 0.30156250000000007
0 0.16250000000000003 0.30625 0.13281250000000006 0.30625 0.13281250000000006 0.3234375 0.16250000000000003 0.3234375
0 0.29375 0.3109375 0.2 0.3109375 0.2 0.328125 0.29375 0.328125
0 0.4953125 0.30781250000000004 0.3203125 0.3078125 0.3203125 0.34843750000000007 0.4953125 0.34843750000000007
0 0.553125 0.3125000000000001 0.51875 0.3125000000000001 0.51875 0.33281250000000007 0.553125 0.33281250000000007
0 0.6484375 0.3078125000000001 0.584375 0.3078125000000001 0.584375 0.3281250000000001 0.6484375 0.3281250000000001
0 0.6546875 0.3265625000000001 0.65 0.3265625000000001 0.65 0.3296875000000001 0.6546875 0.3296875000000001
0 0.775 0.3125000000000001 0.703125 0.3125000000000001 0.703125 0.3312500000000001 0.775 0.3312500000000001
0 0.89375 0.3156250000000001 0.79375 0.3156250000000001 0.79375 0.3531250000000001 0.89375 0.3531250000000001
0 0.20000000000000004 0.3515625 0.14687500000000003 0.3515625 0.14687500000000003 0.3734375 0.2000000000000001 0.3734375
0 0.34687500000000004 0.3515625 0.2203125 0.3515625 0.22031250000000005 0.375 0.3468750000000001 0.375
0 0.440625 0.35156250000000006 0.3546875 0.3515625 0.35468750000000004 0.3765625 0.440625 0.3765625000000001
0 0.50625 0.3546875000000001 0.453125 0.3546875000000001 0.453125 0.3765625000000001 0.50625 0.3765625000000001
0 0.7421875 0.3531250000000001 0.54375 0.3531250000000001 0.54375 0.37968750000000007 0.7421875 0.37968750000000007
0 0.7546875 0.3781250000000001 0.75 0.3781250000000001 0.75 0.3812500000000001 0.7546875 0.3812500000000001
0 0.834375 0.3625000000000001 0.7921875 0.3625000000000001 0.7921875 0.3828125000000001 0.834375 0.3828125000000001
0 0.89375 0.3734375000000001 0.8390625 0.3734375000000001 0.8390625 0.3859375000000001 0.89375 0.3859375000000001
0 0.2468750000000001 0.3984375 0.14062500000000006 0.3984375 0.14062500000000006 0.4234375 0.2468750000000001 0.4234375
0 0.3453125000000001 0.4015625 0.2671875000000001 0.4015625 0.2671875000000001 0.4296875 0.3453125000000001 0.4296875
0 0.3828125000000001 0.403125 0.3421875000000001 0.403125 0.3421875000000001 0.43125 0.3828125000000001 0.43125
0 0.4640625 0.4109375 0.4015625 0.4109375 0.4015625 0.43125 0.4640625 0.43125
0 0.5375 0.4078125 0.4765625 0.4078125 0.4765625 0.4328125 0.5375 0.4328125
0 0.6109375 0.40625 0.525 0.40625 0.525 0.4546875 0.6109375 0.4546875
0 0.65625 0.4109375 0.628125 0.4109375 0.628125 0.434375 0.65625 0.434375
0 0.83125 0.41093750000000007 0.6765625 0.4109375 0.6765625 0.44218750000000007 0.83125 0.4421875000000002
0 0.9125 0.4109375000000002 0.8515625 0.4109375000000002 0.8515625 0.4359375000000002 0.9125 0.4359375000000002
0 0.2468750000000001 0.45 0.13906250000000003 0.45 0.13906250000000003 0.4953125 0.2468750000000001 0.4953125
0 0.3750000000000001 0.4578125 0.2796875000000001 0.4578125 0.2796875000000001 0.48125 0.3750000000000001 0.48125
0 0.440625 0.4546875 0.3937500000000001 0.4546875 0.3937500000000001 0.4796875 0.440625 0.4796875
0 0.5140625 0.4703125 0.45625 0.4703125 0.45625 0.484375 0.5140625 0.484375
0 0.6234375 0.4625 0.51875 0.4625 0.51875 0.5109375 0.6234375 0.5109375
0 0.6875 0.4640625 0.65 0.4640625 0.65 0.4875 0.6875 0.4875
0 0.765625 0.45781250000000007 0.703125 0.4578125 0.703125 0.4859375000000001 0.765625 0.4859375000000002
0 0.8609375 0.4671875000000002 0.7859375 0.4671875000000002 0.7859375 0.4859375000000002 0.8609375 0.4859375000000002
0 0.2156250000000001 0.5234375 0.15625000000000006 0.5234375 0.15625000000000006 0.5375 0.2156250000000001 0.5375
0 0.3750000000000001 0.5234375 0.2312500000000001 0.5234375 0.2312500000000001 0.5546875 0.3750000000000001 0.5546875
0 0.4171875 0.5203125 0.3906250000000001 0.5203125 0.3906250000000001 0.54375 0.4171875 0.54375
0 0.5515625 0.521875 0.440625 0.521875 0.440625 0.5484375 0.5515625 0.5484375
0 0.625 0.525 0.5625 0.525 0.5625 0.5484375 0.625 0.5484375
0 0.8796875 0.5218750000000001 0.65 0.521875 0.65 0.5593750000000001 0.8796875 0.5593750000000002
0 0.8953125 0.5390625000000002 0.8921875 0.5390625000000002 0.8921875 0.5421875000000002 0.8953125 0.5421875000000002