0 0.17500000000000004 0.2046875 0.15937500000000004 0.2046875 0.15937500000000004 0.228125 0.17500000000000004 0.228125
0 0.246875 0.2078125 0.203125 0.2078125 0.203125 0.23125 0.246875 0.23125
0 0.390625 0.20625000000000004 0.2578125 0.20625 0.2578125 0.23750000000000004 0.390625 0.2375000000000001
0 0.515625 0.2062500000000001 0.415625 0.2062500000000001 0.415625 0.24218750000000008 0.515625 0.24218750000000008
0 0.5625 0.2093750000000001 0.534375 0.2093750000000001 0.534375 0.2296875000000001 0.5625 0.2296875000000001
0 0.61875 0.22031250000000008 0.575 0.22031250000000008 0.575 0.2328125000000001 0.61875 0.2328125000000001
0 0.69375 0.2171875000000001 0.6390625 0.2171875000000001 0.6390625 0.2312500000000001 0.69375 0.2312500000000001
0 0.771875 0.21093750000000008 0.715625 0.21093750000000008 0.715625 0.2328125000000001 0.771875 0.2328125000000001
0 0.8171875 0.21093750000000008 0.7875 0.21093750000000008 0.7875 0.2312500000000001 0.8171875 0.2312500000000001
0 0.221875 0.259375 0.15312500000000004 0.259375 0.15312500000000004 0.2828125 0.221875 0.2828125
0 0.265625 0.2703125 0.253125 0.2703125 0.253125 0.2828125 0.265625 0.2828125
0 0.3875 0.25781250000000006 0.2921875 0.2578125 0.2921875 0.28125000000000006 0.3875 0.2812500000000001
0 0.54375 0.2578125000000001 0.4 0.2578125000000001 0.4 0.2890625000000001 0.54375 0.2890625000000001
0 0.671875 0.2593750000000001 0.5671875 0.2593750000000001 0.5671875 0.2828125000000001 0.671875 0.2828125000000001
0 0.7375 0.2593750000000001 0.696875 0.2593750000000001 0.696875 0.2828125000000001 0.7375 0.2828125000000001
0 0.8328125 0.2609375000000001 0.7578125 0.2609375000000001 0.7578125 0.2828125000000001 0.8328125 0.2828125000000001
0 0.2359375 0.30625 0.15625000000000006 0.30625 0.15625000000000006 0.3390625 0.2359375 0.3390625
0 0.3109375 0.309375 0.2609375 0.309375 0.2609375 0.33125 0.3109375 0.33125
0 0.3671875 0.30937500000000007 0.328125 0.309375 0.328125 0.33281250000000007 0.3671875 0.33281250000000007
0 0.475 0.3109375000000001 0.3890625 0.3109375000000001 0.3890625 0.3390625000000001 0.475 0.3390625000000001
0 0.5859375 0.3078125000000001 0.4984375 0.3078125000000001 0.4984375 0.34062500000000007 0.5859375 0.34062500000000007
0 0.5890625 0.3312500000000001 0.584375 0.3312500000000001 0.584375 0.3343750000000001 0.5890625 0.3343750000000001
0 0.684375 0.3109375000000001 0.60625 0.3109375000000001 0.60625 0.3343750000000001 0.684375 0.3343750000000001
0 0.753125 0.30937500000000007 0.7046875 0.30937500000000007 0.7046875 0.34062500000000007 0.753125 0.34062500000000007
0 0.8140625 0.3109375000000001 0.7703125 0.3109375000000001 0.7703125 0.3343750000000001 0.8140625 0.3343750000000001
0 0.22812500000000005 0.359375 0.15625000000000006 0.359375 0.15625000000000006 0.3828125 0.22812500000000008 0.3828125
0 0.28750000000000003 0.359375 0.25625 0.359375 0.25625000000000003 0.3953125 0.2875000000000001 0.3953125
0 0.4359375 0.35937500000000006 0.30625 0.359375 0.30625 0.38750000000000007 0.4359375 0.38750000000000007
0 0.4546875 0.3687500000000001 0.440625 0.3687500000000001 0.440625 0.39531250000000007 0.4546875 0.39531250000000007
0 0.496875 0.3593750000000001 0.46875 0.3593750000000001 0.46875 0.3812500000000001 0.496875 0.3812500000000001
0 0.559375 0.3593750000000001 0.51875 0.3593750000000001 0.51875 0.3828125000000001 0.559375 0.3828125000000001
0 0.640625 0.3593750000000001 0.575 0.3593750000000001 0.575 0.3906250000000001 0.640625 0.3906250000000001
0 0.65625 0.3828125000000001 0.6484375 0.3828125000000001 0.6484375 0.3937500000000001 0.65625 0.3937500000000001
0 0.7328125 0.3609375000000001 0.66875 0.3609375000000001 0.66875 0.3859375000000001 0.7328125 0.3859375000000001
0 0.75 0.3750000000000001 0.7359375 0.3750000000000001 0.7359375 0.39531250000000007 0.75 0.39531250000000007
0 0.7921875 0.36406250000000007 0.765625 0.36406250000000007 0.765625 0.3859375000000001 0.7921875 0.3859375000000001
0 0.8515625 0.36406250000000007 0.8046875 0.36406250000000007 0.8046875 0.3859375000000001 0.8515625 0.3859375000000001
0 0.2156250000000001 0.40625 0.15312500000000004 0.40625 0.15312500000000004 0.4421875 0.2156250000000001 0.4421875
0 0.24218750000000008 0.4234375 0.23437500000000008 0.4234375 0.23437500000000008 0.4359375 0.24218750000000008 0.4359375
0 0.3296875000000001 0.409375 0.2500000000000001 0.409375 0.2500000000000001 0.43125 0.3296875000000001 0.43125
0 0.34062500000000007 0.4265625 0.3359375000000001 0.4265625 0.3359375000000001 0.43125 0.34062500000000007 0.43125
0 0.409375 0.4140625 0.3578125000000001 0.4140625 0.3578125000000001 0.4359375 0.409375 0.4359375
0 0.578125 0.409375 0.43125 0.409375 0.43125 0.434375 0.578125 0.434375
0 0.68125 0.4109375 0.596875 0.4109375 0.596875 0.44375 0.68125 0.44375
0 0.734375 0.4093750000000001 0.703125 0.409375 0.703125 0.4453125000000001 0.734375 0.44531250000000017
0 0.796875 0.4125000000000002 0.753125 0.4125000000000002 0.753125 0.4343750000000002 0.796875 0.4343750000000002
0 0.2593750000000001 0.46875 0.14843750000000006 0.46875 0.14843750000000006 0.4828125 0.2593750000000001 0.4828125
0 0.3546875000000001 0.459375 0.27812500000000007 0.459375 0.27812500000000007 0.484375 0.3546875000000001 0.484375
0 0.3984375000000001 0.4625 0.3734375000000001 0.4625 0.3734375000000001 0.4828125 0.3984375000000001 0.4828125
0 0.5515625 0.459375 0.425 0.459375 0.425 0.4890625 0.5515625 0.4890625
0 0.6015625 0.4609375 0.5703125 0.4609375 0.5703125 0.4875 0.6015625 0.4875
0 0.6953125 0.4734375 0.625 0.4734375 0.625 0.4875 0.6953125 0.4875
0 0.765625 0.4750000000000001 0.7171875 0.475 0.7171875 0.503125 0.765625 0.5031250000000002
0 0.3062500000000001 0.509375 0.14843750000000006 0.509375 0.14843750000000006 0.5421875 0.3062500000000001 0.5421875
0 0.4015625 0.5203125 0.3375000000000001 0.5203125 0.3375000000000001 0.534375 0.4015625 0.534375
0 0.509375 0.5078125 0.434375 0.5078125 0.434375 0.534375 0.509375 0.534375
0 0.58125 0.509375 0.540625 0.509375 0.540625 0.5359375 0.58125 0.5359375
0 0.69375 0.521875 0.6078125 0.521875 0.6078125 0.54375 0.69375 0.54375
0 0.7078125 0.534375 0.703125 0.534375 0.703125 0.5390625 0.7078125 0.5390625
0 0.8578125 0.5125000000000002 0.7265625 0.5125000000000002 0.7265625 0.5453125000000002 0.8578125 0.5453125000000002
0 0.2484375000000001 0.5609375 0.1515625000000001 0.5609375 0.1515625000000001 0.584375 0.2484375000000001 0.584375
0 0.3203125000000001 0.5640625 0.27812500000000007 0.5640625 0.27812500000000007 0.5875 0.3203125000000001 0.5875
0 0.4265625 0.5625 0.3468750000000001 0.5625 0.3468750000000001 0.584375 0.4265625 0.584375
0 0.5453125 0.5625 0.45 0.5625 0.45 0.59375 0.5453125 0.59375
0 0.634375 0.5640625 0.5609375 0.5640625 0.5609375 0.5859375 0.634375 0.5859375
0 0.7265625 0.5718750000000001 0.653125 0.571875 0.653125 0.5875000000000001 0.7265625 0.5875000000000001
0 0.8015625 0.5625000000000002 0.75625 0.5625000000000002 0.75625 0.5890625000000002 0.8015625 0.5890625000000002
0 0.2531250000000001 0.6125 0.15625000000000008 0.6125 0.15625000000000008 0.640625 0.2531250000000001 0.640625
0 0.4578125 0.6125 0.2796875000000001 0.6125 0.2796875000000001 0.6484375 0.4578125 0.6484375
0 0.575 0.6125 0.490625 0.6125 0.490625 0.6375 0.575 0.6375
0 0.584375 0.634375 0.575 0.634375 0.575 0.6375 0.584375 0.6375