0 0.18593750000000003 0.2109375 0.16406250000000006 0.2109375 0.16406250000000006 0.2265625 0.18593750000000003 0.2265625
0 0.2421875 0.2171875 0.2046875 0.2171875 0.2046875 0.2265625 0.2421875 0.2265625
0 0.3015625 0.2125 0.2609375 0.2125 0.2609375 0.225 0.3015625 0.225
0 0.34375 0.2140625 0.321875 0.2140625 0.321875 0.225 0.34375 0.225
0 0.3984375 0.21250000000000005 0.3515625 0.2125 0.3515625 0.23281250000000003 0.3984375 0.2328125000000001
0 0.4546875 0.21250000000000008 0.415625 0.21250000000000008 0.415625 0.22656250000000008 0.4546875 0.22656250000000008
0 0.5359375 0.21250000000000008 0.471875 0.21250000000000008 0.471875 0.22656250000000008 0.5359375 0.22656250000000008
0 0.5390625 0.2234375000000001 0.528125 0.2234375000000001 0.528125 0.2328125000000001 0.5390625 0.2328125000000001
0 0.70625 0.21250000000000008 0.5625 0.21250000000000008 0.5625 0.2406250000000001 0.70625 0.2406250000000001
0 0.753125 0.21250000000000008 0.73125 0.21250000000000008 0.73125 0.22656250000000008 0.753125 0.22656250000000008
0 0.7984375 0.21250000000000008 0.771875 0.21250000000000008 0.771875 0.2250000000000001 0.7984375 0.2250000000000001
0 0.2140625 0.2640625 0.15000000000000005 0.2640625 0.15000000000000005 0.278125 0.2140625 0.278125
0 0.2640625 0.26875 0.2265625 0.26875 0.2265625 0.2859375 0.2640625 0.2859375
0 0.2703125 0.2765625 0.2609375 0.2765625 0.2609375 0.284375 0.2703125 0.284375
0 0.39375 0.26093750000000004 0.2953125 0.2609375 0.2953125 0.27812500000000007 0.39375 0.27812500000000007
0 0.4375 0.2640625000000001 0.4125 0.2640625000000001 0.4125 0.2906250000000001 0.4375 0.2906250000000001
0 0.4828125 0.26250000000000007 0.459375 0.26250000000000007 0.459375 0.2765625000000001 0.4828125 0.2765625000000001
0 0.5734375 0.2593750000000001 0.490625 0.2593750000000001 0.490625 0.29375000000000007 0.5734375 0.29375000000000007
0 0.64375 0.26250000000000007 0.5921875 0.26250000000000007 0.5921875 0.27812500000000007 0.64375 0.27812500000000007
0 0.73125 0.26250000000000007 0.675 0.26250000000000007 0.675 0.2765625000000001 0.73125 0.2765625000000001
0 0.8 0.2671875000000001 0.75625 0.2671875000000001 0.75625 0.2765625000000001 0.8 0.2765625000000001
0 0.17187500000000006 0.3171875 0.14375000000000004 0.3171875 0.14375000000000004 0.328125 0.17187500000000006 0.328125
0 0.215625 0.3140625 0.18750000000000006 0.3140625 0.18750000000000006 0.3265625 0.215625 0.3265625
0 0.3234375 0.3140625 0.2359375 0.3140625 0.2359375 0.328125 0.3234375 0.328125
0 0.3984375 0.31250000000000006 0.3421875 0.3125 0.3421875 0.34218750000000003 0.3984375 0.3421875000000001
0 0.4921875 0.30937500000000007 0.4171875 0.30937500000000007 0.4171875 0.3265625000000001 0.4921875 0.3265625000000001
0 0.59375 0.3125000000000001 0.5140625 0.3125000000000001 0.5140625 0.3421875000000001 0.59375 0.3421875000000001
0 0.6875 0.3125000000000001 0.6125 0.3125000000000001 0.6125 0.3281250000000001 0.6875 0.3281250000000001
0 0.69375 0.3234375000000001 0.690625 0.3234375000000001 0.690625 0.3265625000000001 0.69375 0.3265625000000001
0 0.7375 0.3109375000000001 0.7125 0.3109375000000001 0.7125 0.3312500000000001 0.7375 0.3312500000000001
0 0.8359375 0.3156250000000001 0.7515625 0.3156250000000001 0.7515625 0.3453125000000001 0.8359375 0.3453125000000001
0 0.17187500000000006 0.3625 0.14375000000000004 0.3625 0.14375000000000004 0.3765625 0.17187500000000006 0.3765625
0 0.21093750000000006 0.3625 0.18281250000000004 0.3625 0.18281250000000004 0.3765625 0.21093750000000008 0.3765625
0 0.28437500000000004 0.3625 0.228125 0.3625 0.22812500000000005 0.3859375 0.2843750000000001 0.3859375
0 0.38125000000000003 0.3609375 0.3015625 0.3609375 0.30156250000000007 0.3765625 0.3812500000000001 0.3765625000000001
0 0.3906250000000001 0.3750000000000001 0.38750000000000007 0.3750000000000001 0.38750000000000007 0.3765625000000001 0.3906250000000001 0.3765625000000001
0 0.440625 0.3625000000000001 0.41875 0.3625000000000001 0.41875 0.3781250000000001 0.440625 0.3781250000000001
0 0.5375 0.36406250000000007 0.459375 0.36406250000000007 0.459375 0.3781250000000001 0.5375 0.3781250000000001
0 0.621875 0.3625000000000001 0.553125 0.3625000000000001 0.553125 0.3765625000000001 0.621875 0.3765625000000001
0 0.7421875 0.3609375000000001 0.646875 0.3609375000000001 0.646875 0.3781250000000001 0.7421875 0.3781250000000001
0 0.8078125 0.36406250000000007 0.7625 0.36406250000000007 0.7625 0.37968750000000007 0.8078125 0.37968750000000007
0 0.17187500000000006 0.4125 0.14687500000000003 0.4125 0.14687500000000003 0.428125 0.17187500000000006 0.428125
0 0.2312500000000001 0.4125 0.19375000000000003 0.4125 0.19375000000000003 0.4375 0.2312500000000001 0.4375
0 0.3046875000000001 0.4140625 0.2515625000000001 0.4140625 0.2515625000000001 0.4265625 0.3046875000000001 0.4265625
0 0.3890625000000001 0.4125 0.3218750000000001 0.4125 0.3218750000000001 0.4421875 0.3890625000000001 0.4421875
0 0.446875 0.4140625 0.4125 0.4140625 0.4125 0.4359375 0.446875 0.4359375
0 0.509375 0.4140625 0.4671875 0.4140625 0.4671875 0.428125 0.509375 0.428125
0 0.6 0.4140625 0.5234375 0.4140625 0.5234375 0.4421875 0.6 0.4421875
0 0.6765625 0.4140625 0.61875 0.4140625 0.61875 0.428125 0.6765625 0.428125
0 0.721875 0.4140625 0.6953125 0.4140625 0.6953125 0.428125 0.721875 0.428125
0 0.8046875 0.4125000000000002 0.740625 0.4125000000000002 0.740625 0.42968750000000017 0.8046875 0.42968750000000017
0 0.18125000000000005 0.465625 0.13906250000000003 0.465625 0.13906250000000003 0.4796875 0.18125000000000005 0.4796875
0 0.2640625000000001 0.4625 0.19843750000000004 0.4625 0.19843750000000004 0.49375 0.2640625000000001 0.49375
0 0.3453125000000001 0.459375 0.28593750000000007 0.459375 0.28593750000000007 0.478125 0.3453125000000001 0.478125
0 0.4078125 0.4640625 0.35625000000000007 0.4640625 0.35625000000000007 0.490625 0.4078125 0.490625
0 0.48125 0.46875 0.425 0.46875 0.425 0.478125 0.48125 0.478125
0 0.5875 0.459375 0.503125 0.459375 0.503125 0.478125 0.5875 0.478125
0 0.640625 0.4625 0.60625 0.4625 0.60625 0.4859375 0.640625 0.4859375
0 0.7078125 0.4640625 0.65 0.4640625 0.65 0.4796875 0.7078125 0.4796875
0 0.7078125 0.478125 0.7046875 0.478125 0.7046875 0.4796875 0.7078125 0.4796875