0 0.2046875 0.2109375 0.15312500000000004 0.2109375 0.15312500000000004 0.23125 0.2046875 0.23125
0 0.259375 0.2171875 0.228125 0.2171875 0.228125 0.23125 0.259375 0.23125
0 0.334375 0.209375 0.284375 0.209375 0.284375 0.2328125 0.334375 0.2328125
0 0.390625 0.21250000000000005 0.3546875 0.2125 0.3546875 0.23906250000000004 0.390625 0.2390625000000001
0 0.5671875 0.21093750000000008 0.4046875 0.21093750000000008 0.4046875 0.2406250000000001 0.5671875 0.2406250000000001
0 0.621875 0.21250000000000008 0.5859375 0.21250000000000008 0.5859375 0.2312500000000001 0.621875 0.2312500000000001
0 0.7015625 0.2093750000000001 0.64375 0.2093750000000001 0.64375 0.23437500000000008 0.7015625 0.23437500000000008
0 0.7890625 0.2140625000000001 0.7171875 0.2140625000000001 0.7171875 0.24218750000000008 0.7890625 0.24218750000000008
0 0.796875 0.2328125000000001 0.7875 0.2328125000000001 0.7875 0.24218750000000008 0.796875 0.24218750000000008
0 0.865625 0.21250000000000008 0.81875 0.21250000000000008 0.81875 0.2312500000000001 0.865625 0.2312500000000001
0 0.2421875 0.2625 0.15468750000000003 0.2625 0.15468750000000003 0.284375 0.2421875 0.284375
0 0.246875 0.2828125 0.2421875 0.2828125 0.2421875 0.2921875 0.246875 0.2921875
0 0.2953125 0.2625 0.271875 0.2625 0.271875 0.28125 0.2953125 0.28125
0 0.3578125 0.2640625 0.3140625 0.2640625 0.3140625 0.2828125 0.3578125 0.2828125
0 0.4453125 0.26250000000000007 0.375 0.26250000000000007 0.375 0.2828125000000001 0.4453125 0.2828125000000001
0 0.459375 0.28593750000000007 0.453125 0.28593750000000007 0.453125 0.2921875000000001 0.459375 0.2921875000000001
0 0.540625 0.2640625000000001 0.48125 0.2640625000000001 0.48125 0.2843750000000001 0.540625 0.2843750000000001
0 0.634375 0.26250000000000007 0.5578125 0.26250000000000007 0.5578125 0.2843750000000001 0.634375 0.2843750000000001
0 0.7234375 0.27031250000000007 0.6578125 0.27031250000000007 0.6578125 0.2828125000000001 0.7234375 0.2828125000000001
0 0.784375 0.26250000000000007 0.7375 0.26250000000000007 0.7375 0.28593750000000007 0.784375 0.28593750000000007
0 0.8515625 0.26250000000000007 0.7953125 0.26250000000000007 0.7953125 0.2828125000000001 0.8515625 0.2828125000000001
0 0.2515625 0.3109375 0.15312500000000004 0.3109375 0.15312500000000004 0.33125 0.2515625 0.33125
0 0.3390625 0.3125 0.2796875 0.3125 0.2796875 0.3328125 0.3390625 0.3328125
0 0.3578125 0.3296875 0.3546875 0.3296875 0.3546875 0.3328125 0.3578125 0.3328125
0 0.3875 0.3109375000000001 0.38125 0.3109375000000001 0.38125 0.3187500000000001 0.3875 0.3187500000000001
0 0.428125 0.3125000000000001 0.4015625 0.3125000000000001 0.4015625 0.3312500000000001 0.428125 0.3312500000000001
0 0.5046875 0.3109375000000001 0.440625 0.3109375000000001 0.440625 0.3343750000000001 0.5046875 0.3343750000000001
0 0.5765625 0.3156250000000001 0.53125 0.3156250000000001 0.53125 0.3343750000000001 0.5765625 0.3343750000000001
0 0.6515625 0.3234375000000001 0.5859375 0.3234375000000001 0.5859375 0.3453125000000001 0.6515625 0.3453125000000001
0 0.7421875 0.3156250000000001 0.671875 0.3156250000000001 0.671875 0.33281250000000007 0.7421875 0.33281250000000007
0 0.784375 0.3156250000000001 0.7609375 0.3156250000000001 0.7609375 0.33281250000000007 0.784375 0.33281250000000007
0 0.8421875 0.3140625000000001 0.803125 0.3140625000000001 0.803125 0.3312500000000001 0.8421875 0.3312500000000001
0 0.865625 0.3156250000000001 0.85625 0.3156250000000001 0.85625 0.33281250000000007 0.865625 0.33281250000000007
0 0.8828125 0.3156250000000001 0.875 0.3156250000000001 0.875 0.3203125000000001 0.8828125 0.3203125000000001
0 0.18906250000000005 0.3625 0.15312500000000004 0.3625 0.15312500000000004 0.384375 0.18906250000000005 0.384375
0 0.3062500000000001 0.3640625 0.2156250000000001 0.3640625 0.2156250000000001 0.384375 0.3062500000000001 0.384375
0 0.3218750000000001 0.3859375 0.3140625000000001 0.3859375 0.3140625000000001 0.3953125 0.3218750000000001 0.3953125
0 0.4375 0.36406250000000007 0.3468750000000001 0.3640625 0.3468750000000001 0.39531250000000007 0.4375 0.39531250000000007
0 0.4953125 0.3625000000000001 0.46875 0.3625000000000001 0.46875 0.3859375000000001 0.4953125 0.3859375000000001
0 0.5484375 0.36406250000000007 0.5109375 0.36406250000000007 0.5109375 0.3843750000000001 0.5484375 0.3843750000000001
0 0.6671875 0.36406250000000007 0.575 0.36406250000000007 0.575 0.3843750000000001 0.6671875 0.3843750000000001
0 0.6828125 0.3812500000000001 0.68125 0.3812500000000001 0.68125 0.3843750000000001 0.6828125 0.3843750000000001
0 0.7171875 0.3656250000000001 0.7078125 0.3656250000000001 0.7078125 0.37187500000000007 0.7171875 0.37187500000000007
0 0.7609375 0.3656250000000001 0.7265625 0.3656250000000001 0.7265625 0.3828125000000001 0.7609375 0.3828125000000001
0 0.775 0.37187500000000007 0.759375 0.37187500000000007 0.759375 0.3968750000000001 0.775 0.3968750000000001
0 0.8171875 0.3671875000000001 0.8046875 0.3671875000000001 0.8046875 0.3859375000000001 0.8171875 0.3859375000000001
0 0.8828125 0.3656250000000001 0.8203125 0.3656250000000001 0.8203125 0.3843750000000001 0.8828125 0.3843750000000001
0 0.18125000000000005 0.4109375 0.15937500000000004 0.4109375 0.15937500000000004 0.434375 0.18125000000000005 0.434375
0 0.2843750000000001 0.4140625 0.2078125000000001 0.4140625 0.2078125000000001 0.434375 0.2843750000000001 0.434375
0 0.36406250000000007 0.421875 0.3062500000000001 0.421875 0.3062500000000001 0.4453125 0.36406250000000007 0.4453125
0 0.5421875 0.4140625 0.3921875000000001 0.4140625 0.3921875000000001 0.4359375 0.5421875 0.4359375
0 0.6234375 0.4171875 0.55 0.4171875 0.55 0.4453125 0.6234375 0.4453125
0 0.715625 0.4140625 0.640625 0.4140625 0.640625 0.434375 0.715625 0.434375
0 0.8671875 0.4156250000000002 0.728125 0.4156250000000002 0.728125 0.4421875000000002 0.8671875 0.4421875000000002
0 0.2562500000000001 0.465625 0.16406250000000006 0.465625 0.16406250000000006 0.484375 0.2562500000000001 0.484375
0 0.32500000000000007 0.4640625 0.27812500000000007 0.4640625 0.27812500000000007 0.484375 0.32500000000000007 0.484375
0 0.4703125 0.465625 0.3546875000000001 0.465625 0.3546875000000001 0.4859375 0.4703125 0.4859375
0 0.54375 0.4671875 0.496875 0.4671875 0.496875 0.49375 0.54375 0.49375
0 0.559375 0.484375 0.5515625 0.484375 0.5515625 0.49375 0.559375 0.49375
0 0.5921875 0.46875 0.58125 0.46875 0.58125 0.475 0.5921875 0.475
0 0.653125 0.465625 0.6046875 0.465625 0.6046875 0.4875 0.653125 0.4875
0 0.809375 0.46562500000000007 0.6796875 0.465625 0.6796875 0.4859375000000001 0.809375 0.4859375000000002
0 0.2484375000000001 0.5140625 0.16562500000000005 0.5140625 0.16562500000000008 0.546875 0.2484375000000001 0.546875
0 0.26250000000000007 0.5328125 0.2609375000000001 0.5328125 0.2609375000000001 0.534375 0.26250000000000007 0.534375
0 0.29375000000000007 0.5171875 0.2843750000000001 0.5171875 0.2843750000000001 0.521875 0.29375000000000007 0.521875
0 0.3187500000000001 0.5171875 0.30937500000000007 0.5171875 0.30937500000000007 0.5328125 0.3187500000000001 0.5328125
0 0.3531250000000001 0.51875 0.3234375000000001 0.51875 0.3234375000000001 0.5359375 0.3531250000000001 0.5359375
0 0.4 0.525 0.37968750000000007 0.525 0.37968750000000007 0.5359375 0.4 0.5359375
0 0.496875 0.5171875 0.41875 0.5171875 0.41875 0.5359375 0.496875 0.5359375
0 0.5921875 0.5125 0.521875 0.5125 0.521875 0.534375 0.5921875 0.534375
0 0.6515625 0.5140625 0.6125 0.5140625 0.6125 0.5421875 0.6515625 0.5421875
0 0.7453125 0.5156250000000001 0.6640625 0.515625 0.6640625 0.5453125000000001 0.7453125 0.5453125000000002
0 0.871875 0.5171875000000001 0.7640625 0.5171875000000001 0.7640625 0.5343750000000002 0.871875 0.5343750000000002
0 0.2234375000000001 0.5640625 0.1609375000000001 0.5640625 0.1609375000000001 0.5859375 0.2234375000000001 0.5859375
0 0.2796875000000001 0.575 0.2453125000000001 0.575 0.2453125000000001 0.5875 0.2796875000000001 0.5875
0 0.465625 0.565625 0.3062500000000001 0.565625 0.3062500000000001 0.5921875 0.465625 0.5921875
0 0.6328125 0.565625 0.490625 0.565625 0.490625 0.5859375 0.6328125 0.5859375
0 0.6453125 0.584375 0.64375 0.584375 0.64375 0.5859375 0.6453125 0.5859375
0 0.671875 0.5671875 0.6609375 0.5671875 0.6609375 0.5734375 0.671875 0.5734375