0 0.14218750000000005 0.221875 0.12968750000000004 0.221875 0.12968750000000004 0.23125 0.14218750000000005 0.23125
0 0.16093750000000004 0.1953125 0.14531250000000004 0.1953125 0.14531250000000004 0.221875 0.16093750000000004 0.221875
0 0.17968750000000006 0.1921875 0.15937500000000004 0.1921875 0.15937500000000004 0.2234375 0.17968750000000006 0.2234375
0 0.2484375 0.2046875 0.2015625 0.2046875 0.2015625 0.2390625 0.2484375 0.2390625
0 0.353125 0.203125 0.2640625 0.203125 0.2640625 0.2421875 0.353125 0.2421875
0 0.471875 0.19375000000000003 0.3765625 0.19375000000000003 0.3765625 0.24218750000000008 0.471875 0.24218750000000008
0 0.540625 0.19218750000000004 0.4859375 0.19218750000000004 0.4859375 0.2234375000000001 0.540625 0.2234375000000001
0 0.615625 0.1921875000000001 0.56875 0.1921875000000001 0.56875 0.22656250000000008 0.615625 0.22656250000000008
0 0.6796875 0.21093750000000008 0.6390625 0.21093750000000008 0.6390625 0.2218750000000001 0.6796875 0.2218750000000001
0 0.690625 0.22031250000000008 0.684375 0.22031250000000008 0.684375 0.2234375000000001 0.690625 0.2234375000000001
0 0.6984375 0.18906250000000008 0.690625 0.18906250000000008 0.690625 0.2062500000000001 0.6984375 0.2062500000000001
0 0.78125 0.19531250000000008 0.721875 0.19531250000000008 0.721875 0.24218750000000008 0.78125 0.24218750000000008
0 0.846875 0.21250000000000008 0.80625 0.21250000000000008 0.80625 0.2250000000000001 0.846875 0.2250000000000001
0 0.21875 0.2484375 0.14843750000000006 0.2484375 0.14843750000000006 0.2765625 0.21875 0.2765625
0 0.2828125 0.246875 0.240625 0.246875 0.240625 0.275 0.2828125 0.275
0 0.425 0.26250000000000007 0.2984375 0.2625 0.2984375 0.29375000000000007 0.425 0.29375000000000007
0 0.45 0.2734375000000001 0.4390625 0.2734375000000001 0.4390625 0.2828125000000001 0.45 0.2828125000000001
0 0.4890625 0.24218750000000008 0.4578125 0.24218750000000008 0.4578125 0.2734375000000001 0.4890625 0.2734375000000001
0 0.5171875 0.24375000000000008 0.5078125 0.24375000000000008 0.5078125 0.2734375000000001 0.5171875 0.2734375000000001
0 0.6265625 0.24375000000000008 0.5328125 0.24375000000000008 0.5328125 0.2953125000000001 0.6265625 0.2953125000000001
0 0.665625 0.2468750000000001 0.64375 0.2468750000000001 0.64375 0.27812500000000007 0.665625 0.27812500000000007
0 0.70625 0.2500000000000001 0.68125 0.2500000000000001 0.68125 0.2765625000000001 0.70625 0.2765625000000001
0 0.821875 0.2484375000000001 0.7203125 0.2484375000000001 0.7203125 0.2750000000000001 0.821875 0.2750000000000001
0 0.17187500000000006 0.303125 0.14687500000000003 0.303125 0.14687500000000003 0.325 0.17187500000000006 0.325
0 0.271875 0.2984375 0.18906250000000005 0.2984375 0.18906250000000005 0.3296875 0.271875 0.3296875
0 0.3953125 0.29531250000000003 0.290625 0.2953125 0.290625 0.32656250000000003 0.3953125 0.3265625000000001
0 0.4515625 0.3000000000000001 0.396875 0.3000000000000001 0.396875 0.3265625000000001 0.4515625 0.3265625000000001
0 0.5046875 0.3156250000000001 0.4734375 0.3156250000000001 0.4734375 0.3390625000000001 0.5046875 0.3390625000000001
0 0.5390625 0.3078125000000001 0.515625 0.3078125000000001 0.515625 0.3281250000000001 0.5390625 0.3281250000000001
0 0.5875 0.2984375000000001 0.5484375 0.2984375000000001 0.5484375 0.3265625000000001 0.5875 0.3265625000000001
0 0.6875 0.2953125000000001 0.6046875 0.2953125000000001 0.6046875 0.3343750000000001 0.6875 0.3343750000000001
0 0.7859375 0.2953125000000001 0.709375 0.2953125000000001 0.709375 0.3515625000000001 0.7859375 0.3515625000000001
0 0.8203125 0.2953125000000001 0.8015625 0.2953125000000001 0.8015625 0.3265625000000001 0.8203125 0.3265625000000001
0 0.8375 0.3156250000000001 0.8140625 0.3156250000000001 0.8140625 0.3296875000000001 0.8375 0.3296875000000001
0 0.19687500000000005 0.3421875 0.14843750000000006 0.3421875 0.14843750000000006 0.3796875 0.19687500000000005 0.3796875
0 0.23750000000000004 0.3625 0.2140625 0.3625 0.21406250000000004 0.3765625 0.2375000000000001 0.3765625
0 0.3296875 0.3359375 0.25625 0.3359375 0.25625000000000003 0.4046875 0.3296875000000001 0.4046875
0 0.37343750000000003 0.34375000000000006 0.3515625 0.34375 0.35156250000000006 0.3765625 0.3734375000000001 0.3765625000000001
0 0.4296875 0.36406250000000007 0.3906250000000001 0.36406250000000007 0.3906250000000001 0.3812500000000001 0.4296875 0.3812500000000001
0 0.490625 0.3500000000000001 0.4453125 0.3500000000000001 0.4453125 0.3921875000000001 0.490625 0.3921875000000001
0 0.559375 0.3453125000000001 0.509375 0.3453125000000001 0.509375 0.37968750000000007 0.559375 0.37968750000000007
0 0.6171875 0.36406250000000007 0.58125 0.36406250000000007 0.58125 0.3906250000000001 0.6171875 0.3906250000000001
0 0.7109375 0.3421875000000001 0.6375 0.3421875000000001 0.6375 0.3906250000000001 0.7109375 0.3906250000000001
0 0.7609375 0.3390625000000001 0.7359375 0.3390625000000001 0.7359375 0.3890625000000001 0.7609375 0.3890625000000001
0 0.8171875 0.3609375000000001 0.784375 0.3609375000000001 0.784375 0.3734375000000001 0.8171875 0.3734375000000001
0 0.821875 0.37187500000000007 0.815625 0.37187500000000007 0.815625 0.3843750000000001 0.821875 0.3843750000000001
0 0.17968750000000006 0.4109375 0.15000000000000005 0.4109375 0.15000000000000005 0.4296875 0.17968750000000006 0.4296875
0 0.2687500000000001 0.3953125 0.19687500000000005 0.3953125 0.19687500000000005 0.446875 0.2687500000000001 0.446875
0 0.3046875000000001 0.4015625 0.29375000000000007 0.4015625 0.29375000000000007 0.425 0.3046875000000001 0.425
0 0.4015625 0.3921875 0.33281250000000007 0.3921875 0.33281250000000007 0.428125 0.4015625 0.428125
0 0.4734375 0.4140625 0.4265625 0.4140625 0.4265625 0.4296875 0.4734375 0.4296875
0 0.5109375 0.4140625 0.4953125 0.4140625 0.4953125 0.4234375 0.5109375 0.4234375
0 0.575 0.3890625000000001 0.528125 0.3890625000000001 0.528125 0.4265625 0.575 0.4265625
0 0.6484375 0.3921875000000001 0.596875 0.3921875000000001 0.596875 0.4265625 0.6484375 0.4265625
0 0.7359375 0.3921875000000001 0.6671875 0.3921875000000001 0.6671875 0.4546875000000001 0.7359375 0.4546875000000002
0 0.83125 0.38750000000000007 0.7609375 0.38750000000000007 0.7609375 0.4281250000000002 0.83125 0.4281250000000002
0 0.19687500000000005 0.446875 0.14687500000000003 0.446875 0.14687500000000003 0.4796875 0.19687500000000005 0.4796875
0 0.2578125000000001 0.4390625 0.21875000000000008 0.4390625 0.21875000000000008 0.4765625 0.2578125000000001 0.4765625
0 0.3203125000000001 0.4546875 0.27812500000000007 0.4546875 0.27812500000000007 0.49375 0.3203125000000001 0.49375
0 0.4 0.4390625 0.3421875000000001 0.4390625 0.3421875000000001 0.4796875 0.4 0.4796875
0 0.4109375 0.4765625 0.4046875 0.4765625 0.4046875 0.478125 0.4109375 0.478125
0 0.421875 0.45 0.4140625 0.45 0.4140625 0.4625 0.421875 0.4625