0 0.19375000000000003 0.2359375 0.14531250000000004 0.2359375 0.14531250000000004 0.2765625 0.19375000000000003 0.2765625
0 0.25 0.24375 0.2125 0.24375 0.2125 0.2765625 0.25 0.2765625
0 0.3640625 0.23750000000000004 0.2703125 0.2375 0.2703125 0.27812500000000007 0.3640625 0.27812500000000007
0 0.4328125 0.26250000000000007 0.384375 0.26250000000000007 0.384375 0.27812500000000007 0.4328125 0.27812500000000007
0 0.5140625 0.24218750000000008 0.45 0.24218750000000008 0.45 0.2953125000000001 0.5140625 0.2953125000000001
0 0.5484375 0.2453125000000001 0.528125 0.2453125000000001 0.528125 0.2796875000000001 0.5484375 0.2796875000000001
0 0.684375 0.2468750000000001 0.5671875 0.2468750000000001 0.5671875 0.2953125000000001 0.684375 0.2953125000000001
0 0.71875 0.2640625000000001 0.70625 0.2640625000000001 0.70625 0.2734375000000001 0.71875 0.2734375000000001
0 0.7453125 0.24375000000000008 0.7203125 0.24375000000000008 0.7203125 0.2750000000000001 0.7453125 0.2750000000000001
0 0.7796875 0.24375000000000008 0.7625 0.24375000000000008 0.7625 0.2750000000000001 0.7796875 0.2750000000000001
0 0.19687500000000005 0.3140625 0.13750000000000004 0.3140625 0.13750000000000004 0.3421875 0.19687500000000005 0.3421875
0 0.28125 0.290625 0.215625 0.290625 0.215625 0.3265625 0.28125 0.3265625
0 0.39843750000000006 0.28906250000000006 0.3078125 0.2890625 0.30781250000000004 0.37500000000000006 0.3984375000000001 0.3750000000000001
0 0.44375 0.2890625000000001 0.425 0.2890625000000001 0.425 0.3281250000000001 0.44375 0.3281250000000001
0 0.4953125 0.2968750000000001 0.4640625 0.2968750000000001 0.4640625 0.3296875000000001 0.4953125 0.3296875000000001
0 0.5796875 0.2890625000000001 0.5203125 0.2890625000000001 0.5203125 0.3281250000000001 0.5796875 0.3281250000000001
0 0.709375 0.2953125000000001 0.60625 0.2953125000000001 0.60625 0.3296875000000001 0.709375 0.3296875000000001
0 0.8390625 0.2906250000000001 0.7296875 0.2906250000000001 0.7296875 0.3265625000000001 0.8390625 0.3265625000000001
0 0.16093750000000004 0.3390625 0.13593750000000004 0.3390625 0.13593750000000004 0.39375 0.16093750000000004 0.39375
0 0.21093750000000006 0.3421875 0.17187500000000006 0.3421875 0.17187500000000006 0.3765625 0.21093750000000008 0.3765625
0 0.30781250000000004 0.34375 0.234375 0.34375 0.23437500000000006 0.4015625 0.3078125000000001 0.4015625
0 0.34218750000000003 0.3484375 0.3265625 0.3484375 0.32656250000000003 0.378125 0.3421875000000001 0.378125
0 0.3609375000000001 0.3734375 0.3593750000000001 0.3734375 0.3593750000000001 0.3734375 0.3609375000000001 0.3734375
0 0.4421875 0.3453125000000001 0.3921875 0.3453125000000001 0.3921875 0.3812500000000001 0.4421875 0.3812500000000001
0 0.553125 0.3468750000000001 0.4578125 0.3468750000000001 0.4578125 0.3781250000000001 0.553125 0.3781250000000001
0 0.6234375 0.3375000000000001 0.56875 0.3375000000000001 0.56875 0.3921875000000001 0.6234375 0.3921875000000001
0 0.653125 0.3671875000000001 0.6390625 0.3671875000000001 0.6390625 0.3781250000000001 0.653125 0.3781250000000001
0 0.6796875 0.34062500000000007 0.653125 0.34062500000000007 0.653125 0.3765625000000001 0.6796875 0.3765625000000001
0 0.7515625 0.3375000000000001 0.69375 0.3375000000000001 0.69375 0.3781250000000001 0.7515625 0.3781250000000001
0 0.828125 0.3390625000000001 0.7703125 0.3390625000000001 0.7703125 0.3890625000000001 0.828125 0.3890625000000001
0 0.24218750000000008 0.3984375 0.13593750000000004 0.3984375 0.13593750000000004 0.4578125 0.24218750000000008 0.4578125
0 0.3312500000000001 0.39375 0.26250000000000007 0.39375 0.26250000000000007 0.4328125 0.3312500000000001 0.4328125
0 0.36406250000000007 0.4140625 0.3515625000000001 0.4140625 0.3515625000000001 0.4265625 0.36406250000000007 0.4265625
0 0.459375 0.39531250000000007 0.37187500000000007 0.39531250000000007 0.37187500000000007 0.428125 0.459375 0.428125
0 0.55 0.3937500000000001 0.48125 0.3937500000000001 0.48125 0.4578125 0.55 0.4578125
0 0.5609375 0.4234375 0.553125 0.4234375 0.553125 0.4421875 0.5609375 0.4421875
0 0.609375 0.3937500000000001 0.56875 0.3937500000000001 0.56875 0.428125 0.609375 0.428125
0 0.71875 0.3921875000000001 0.628125 0.3921875000000001 0.628125 0.45625 0.71875 0.45625
0 0.7859375 0.3968750000000001 0.7359375 0.3968750000000001 0.7359375 0.4312500000000002 0.7859375 0.4312500000000002
0 0.79375 0.42500000000000016 0.7875 0.42500000000000016 0.7875 0.43750000000000017 0.79375 0.43750000000000017
0 0.8296875 0.3937500000000001 0.8046875 0.3937500000000001 0.8046875 0.4265625000000002 0.8296875 0.4265625000000002
0 0.21875000000000008 0.44375 0.13750000000000004 0.44375 0.13750000000000004 0.4890625 0.21875000000000008 0.4890625
0 0.2718750000000001 0.44375 0.22812500000000008 0.44375 0.22812500000000008 0.4796875 0.2718750000000001 0.4796875
0 0.3453125000000001 0.434375 0.29375000000000007 0.434375 0.29375000000000007 0.4796875 0.3453125000000001 0.4796875
0 0.37968750000000007 0.4625 0.3546875000000001 0.4625 0.3546875000000001 0.4796875 0.37968750000000007 0.4796875
0 0.434375 0.4390625 0.3859375000000001 0.4390625 0.3859375000000001 0.4796875 0.434375 0.4796875
0 0.5234375 0.4375 0.446875 0.4375 0.446875 0.4984375 0.5234375 0.4984375
0 0.571875 0.4484375 0.546875 0.4484375 0.546875 0.48125 0.571875 0.48125
0 0.646875 0.4640625 0.575 0.4640625 0.575 0.4984375 0.646875 0.4984375
0 0.6625 0.475 0.65625 0.475 0.65625 0.490625 0.6625 0.490625
0 0.7 0.4453125 0.68125 0.4453125 0.68125 0.4765625 0.7 0.4765625
0 0.8078125 0.4390625000000001 0.721875 0.4390625 0.721875 0.48125000000000007 0.8078125 0.4812500000000002
0 0.821875 0.4734375000000002 0.81875 0.4734375000000002 0.81875 0.4859375000000002 0.821875 0.4859375000000002
0 0.18750000000000006 0.496875 0.13593750000000004 0.496875 0.13593750000000004 0.528125 0.18750000000000006 0.528125
0 0.2515625000000001 0.4921875 0.20468750000000008 0.4921875 0.20468750000000008 0.5296875 0.2515625000000001 0.5296875
0 0.2796875000000001 0.515625 0.2656250000000001 0.515625 0.2656250000000001 0.521875 0.2796875000000001 0.521875
0 0.3890625000000001 0.4890625 0.2953125000000001 0.4890625 0.2953125000000001 0.55625 0.3890625000000001 0.55625
0 0.4515625 0.496875 0.4015625 0.496875 0.4015625 0.5515625 0.4515625 0.5515625
0 0.5109375 0.4953125 0.4609375 0.4953125 0.4609375 0.5296875 0.5109375 0.5296875
0 0.51875 0.528125 0.515625 0.528125 0.515625 0.5390625 0.51875 0.5390625
0 0.5734375 0.4921875 0.53125 0.4921875 0.53125 0.5296875 0.5734375 0.5296875
0 0.6015625 0.5046875 0.5890625 0.5046875 0.5890625 0.534375 0.6015625 0.534375
0 0.6859375 0.5 0.621875 0.5 0.621875 0.5296875 0.6859375 0.5296875
0 0.7515625 0.4859375000000001 0.7 0.4859375 0.7 0.5328125000000001 0.7515625 0.5328125000000001
0 0.8265625 0.4968750000000002 0.7625 0.4968750000000002 0.7625 0.5281250000000002 0.8265625 0.5281250000000002
0 0.2093750000000001 0.5421875 0.13906250000000003 0.5421875 0.13906250000000006 0.59375 0.2093750000000001 0.59375
0 0.2468750000000001 0.5453125 0.22656250000000008 0.5453125 0.22656250000000008 0.58125 0.2468750000000001 0.58125
0 0.30937500000000007 0.5453125 0.2609375000000001 0.5453125 0.2609375000000001 0.5796875 0.30937500000000007 0.5796875
0 0.3968750000000001 0.5359375 0.3359375000000001 0.5359375 0.3359375000000001 0.5734375 0.3968750000000001 0.5734375
0 0.434375 0.54375 0.4125 0.54375 0.4125 0.5796875 0.434375 0.5796875
0 0.50625 0.5421875 0.4515625 0.5421875 0.4515625 0.5828125 0.50625 0.5828125
0 0.5765625 0.54375 0.51875 0.54375 0.51875 0.584375 0.5765625 0.584375
0 0.659375 0.55625 0.5953125 0.55625 0.5953125 0.60625 0.659375 0.60625
0 0.6703125 0.575 0.6640625 0.575 0.6640625 0.5765625 0.6703125 0.5765625
0 0.8125 0.5375000000000001 0.6859375 0.5375 0.6859375 0.5828125000000001 0.8125 0.5828125000000002
0 0.2078125000000001 0.59375 0.1375000000000001 0.59375 0.1375000000000001 0.6328125 0.2078125000000001 0.6328125
0 0.2890625000000001 0.59375 0.2312500000000001 0.59375 0.2312500000000001 0.6296875 0.2890625000000001 0.6296875
0 0.3671875000000001 0.5953125 0.3031250000000001 0.5953125 0.3031250000000001 0.6328125 0.3671875000000001 0.6328125
0 0.48125 0.5875 0.37968750000000007 0.5875 0.37968750000000007 0.6328125 0.48125 0.6328125
0 0.5953125 0.5921875 0.496875 0.5921875 0.496875 0.6328125 0.5953125 0.6328125
0 0.6625 0.59375 0.61875 0.59375 0.61875 0.6328125 0.6625 0.6328125
0 0.7265625 0.5953125000000001 0.6875 0.5953125 0.6875 0.6312500000000001 0.7265625 0.6312500000000002
0 0.8 0.5953125000000001 0.7453125 0.5953125000000001 0.7453125 0.6312500000000002 0.8 0.6312500000000002
0 0.2328125000000001 0.6421875 0.14062500000000008 0.6421875 0.14062500000000008 0.6859375 0.2328125000000001 0.6859375
0 0.3578125000000001 0.6484375 0.2468750000000001 0.6484375 0.2468750000000001 0.7078125 0.3578125000000001 0.7078125
0 0.425 0.6453125 0.3812500000000001 0.6453125 0.3812500000000001 0.684375 0.425 0.684375
0 0.48125 0.640625 0.440625 0.640625 0.440625 0.6796875 0.48125 0.6796875
0 0.584375 0.6421875 0.5015625 0.6421875 0.5015625 0.68125 0.584375 0.68125
0 0.678125 0.6390625 0.603125 0.6390625 0.603125 0.709375 0.678125 0.709375
0 0.715625 0.6421875 0.6921875 0.6421875 0.6921875 0.68125 0.715625 0.68125
0 0.7859375 0.6421875000000001 0.7359375 0.6421875000000001 0.7359375 0.6812500000000001 0.7859375 0.6812500000000001
0 0.2015625000000001 0.6953125 0.1390625000000001 0.6953125 0.1390625000000001 0.7296875 0.2015625000000001 0.7296875
0 0.2453125000000001 0.690625 0.2218750000000001 0.690625 0.2218750000000001 0.7390625 0.2453125000000001 0.7390625
0 0.3218750000000001 0.690625 0.25468750000000007 0.690625 0.25468750000000007 0.73125 0.3218750000000001 0.73125
0 0.4296875000000001 0.690625 0.3453125000000001 0.690625 0.3453125000000001 0.7328125 0.42968750000000017 0.7328125
0 0.4453125000000001 0.7234375 0.4328125 0.7234375 0.4328125000000001 0.728125 0.44531250000000017 0.728125