0 0.18750000000000006 0.18906250000000002 0.15781250000000005 0.1890625 0.15781250000000005 0.221875 0.18750000000000006 0.221875
0 0.2828125 0.18906250000000005 0.2234375 0.18906250000000005 0.2234375 0.221875 0.2828125 0.221875
0 0.3859375 0.18750000000000006 0.3171875 0.18750000000000006 0.3171875 0.22500000000000003 0.3859375 0.2250000000000001
0 0.4640625 0.18750000000000006 0.409375 0.18750000000000006 0.409375 0.22812500000000008 0.4640625 0.22812500000000008
0 0.4828125 0.2218750000000001 0.4796875 0.2218750000000001 0.4796875 0.2234375000000001 0.4828125 0.2234375000000001
0 0.625 0.18750000000000006 0.5140625 0.18750000000000006 0.5140625 0.2468750000000001 0.625 0.2468750000000001
0 0.6875 0.18750000000000008 0.6515625 0.18750000000000008 0.6515625 0.2390625000000001 0.6875 0.2390625000000001
0 0.7796875 0.1937500000000001 0.715625 0.1937500000000001 0.715625 0.2250000000000001 0.7796875 0.2250000000000001
0 0.8421875 0.19687500000000008 0.8015625 0.19687500000000008 0.8015625 0.2453125000000001 0.8421875 0.2453125000000001
0 0.2078125 0.240625 0.15156250000000004 0.240625 0.15156250000000004 0.275 0.2078125 0.275
0 0.2984375 0.24375 0.23125 0.24375 0.23125 0.275 0.2984375 0.275
0 0.4125 0.25625000000000003 0.3296875 0.25625 0.3296875 0.27656250000000004 0.4125 0.2765625000000001
0 0.50625 0.2578125000000001 0.4328125 0.2578125000000001 0.4328125 0.2750000000000001 0.50625 0.2750000000000001
0 0.521875 0.2734375000000001 0.5171875 0.2734375000000001 0.5171875 0.2750000000000001 0.521875 0.2750000000000001
0 0.5390625 0.2453125000000001 0.5296875 0.2453125000000001 0.5296875 0.2578125000000001 0.5390625 0.2578125000000001
0 0.5734375 0.2484375000000001 0.5609375 0.2484375000000001 0.5609375 0.2609375000000001 0.5734375 0.2609375000000001
0 0.6453125 0.2468750000000001 0.5859375 0.2468750000000001 0.5859375 0.2765625000000001 0.6453125 0.2765625000000001
0 0.659375 0.27812500000000007 0.65625 0.27812500000000007 0.65625 0.2875000000000001 0.659375 0.2875000000000001
0 0.7546875 0.2468750000000001 0.675 0.2468750000000001 0.675 0.2765625000000001 0.7546875 0.2765625000000001
0 0.76875 0.2765625000000001 0.7640625 0.2765625000000001 0.7640625 0.28593750000000007 0.76875 0.28593750000000007
0 0.865625 0.24375000000000008 0.7859375 0.24375000000000008 0.7859375 0.27812500000000007 0.865625 0.27812500000000007
0 0.19687500000000005 0.29375 0.15000000000000005 0.29375 0.15000000000000005 0.3234375 0.19687500000000005 0.3234375
0 0.26875 0.3109375 0.21875 0.3109375 0.21875 0.34375 0.26875 0.34375
0 0.353125 0.3109375 0.284375 0.3109375 0.284375 0.325 0.353125 0.325
0 0.4546875 0.29375000000000007 0.378125 0.29375000000000007 0.378125 0.3437500000000001 0.4546875 0.3437500000000001
0 0.4765625 0.29375000000000007 0.459375 0.29375000000000007 0.459375 0.3265625000000001 0.4765625 0.3265625000000001
0 0.503125 0.2906250000000001 0.49375 0.2906250000000001 0.49375 0.2968750000000001 0.503125 0.2968750000000001
0 0.5765625 0.29375000000000007 0.525 0.29375000000000007 0.525 0.3265625000000001 0.5765625 0.3265625000000001
0 0.6890625 0.2953125000000001 0.5953125 0.2953125000000001 0.5953125 0.3515625000000001 0.6890625 0.3515625000000001
0 0.7734375 0.2968750000000001 0.7109375 0.2968750000000001 0.7109375 0.3281250000000001 0.7734375 0.3281250000000001
0 0.825 0.3031250000000001 0.7953125 0.3031250000000001 0.7953125 0.3265625000000001 0.825 0.3265625000000001
0 0.21093750000000006 0.3453125 0.14062500000000006 0.3453125 0.14062500000000006 0.3734375 0.21093750000000008 0.3734375
0 0.37187500000000007 0.34843750000000007 0.24375 0.3484375 0.24375000000000005 0.3921875 0.37187500000000007 0.3921875000000001
0 0.38750000000000007 0.3750000000000001 0.3843750000000001 0.3750000000000001 0.3843750000000001 0.3781250000000001 0.38750000000000007 0.3781250000000001
0 0.415625 0.3515625000000001 0.4046875 0.3515625000000001 0.4046875 0.3593750000000001 0.415625 0.3593750000000001
0 0.440625 0.34843750000000007 0.4359375 0.34843750000000007 0.4359375 0.3750000000000001 0.440625 0.3750000000000001
0 0.5609375 0.34843750000000007 0.4671875 0.34843750000000007 0.4671875 0.3781250000000001 0.5609375 0.3781250000000001
0 0.6546875 0.3500000000000001 0.584375 0.3500000000000001 0.584375 0.3750000000000001 0.6546875 0.3750000000000001
0 0.7203125 0.3578125000000001 0.6734375 0.3578125000000001 0.6734375 0.3921875000000001 0.7203125 0.3921875000000001
0 0.7359375 0.3703125000000001 0.7328125 0.3703125000000001 0.7328125 0.3734375000000001 0.7359375 0.3734375000000001
0 0.7921875 0.3453125000000001 0.7609375 0.3453125000000001 0.7609375 0.3781250000000001 0.7921875 0.3781250000000001
0 0.875 0.36406250000000007 0.81875 0.36406250000000007 0.81875 0.3984375000000001 0.875 0.3984375000000001
0 0.19062500000000004 0.4046875 0.14531250000000004 0.4046875 0.14531250000000004 0.4234375 0.19062500000000004 0.4234375
0 0.28593750000000007 0.3921875 0.2218750000000001 0.3921875 0.2218750000000001 0.4265625 0.28593750000000007 0.4265625
0 0.3765625000000001 0.39843750000000006 0.3281250000000001 0.3984375 0.3281250000000001 0.44375 0.3765625000000001 0.44375
0 0.4484375 0.3984375000000001 0.4 0.3984375000000001 0.4 0.4375 0.4484375 0.4375
0 0.50625 0.3984375000000001 0.4734375 0.3984375000000001 0.4734375 0.453125 0.50625 0.453125
0 0.6078125 0.4 0.5328125 0.4 0.5328125 0.4265625 0.6078125 0.4265625
0 0.678125 0.39531250000000007 0.6296875 0.39531250000000007 0.6296875 0.4328125 0.678125 0.4328125
0 0.784375 0.3968750000000001 0.7046875 0.3968750000000001 0.7046875 0.4281250000000001 0.784375 0.4281250000000002
0 0.85 0.4156250000000002 0.8125 0.4156250000000002 0.8125 0.4265625000000002 0.85 0.4265625000000002
0 0.2093750000000001 0.4453125 0.15468750000000003 0.4453125 0.15468750000000003 0.478125 0.2093750000000001 0.478125
0 0.3031250000000001 0.4421875 0.23437500000000008 0.4421875 0.23437500000000008 0.475 0.3031250000000001 0.475
0 0.3296875000000001 0.4453125 0.3156250000000001 0.4453125 0.3156250000000001 0.48125 0.3296875000000001 0.48125
0 0.3593750000000001 0.4390625 0.3515625000000001 0.4390625 0.3515625000000001 0.4484375 0.3593750000000001 0.4484375
0 0.4203125 0.44375 0.3859375000000001 0.44375 0.3859375000000001 0.4765625 0.4203125 0.4765625
0 0.4546875 0.446875 0.4453125 0.446875 0.4453125 0.4828125 0.4546875 0.4828125
0 0.51875 0.459375 0.4734375 0.459375 0.4734375 0.478125 0.51875 0.478125
0 0.6109375 0.4453125 0.540625 0.4453125 0.540625 0.4765625 0.6109375 0.4765625
0 0.628125 0.4765625 0.6234375 0.4765625 0.6234375 0.478125 0.628125 0.478125
0 0.7 0.446875 0.653125 0.446875 0.653125 0.4796875 0.7 0.4796875
0 0.8078125 0.4421875000000002 0.7296875 0.4421875000000002 0.7296875 0.47968750000000016 0.8078125 0.47968750000000016
0 0.8953125 0.4437500000000002 0.828125 0.4437500000000002 0.828125 0.4781250000000002 0.8953125 0.4781250000000002
0 0.2296875000000001 0.509375 0.15000000000000005 0.509375 0.15000000000000008 0.546875 0.2296875000000001 0.546875
0 0.2531250000000001 0.521875 0.2500000000000001 0.521875 0.2500000000000001 0.53125 0.2531250000000001 0.53125
0 0.3671875000000001 0.490625 0.2812500000000001 0.490625 0.2812500000000001 0.54375 0.3671875000000001 0.54375
0 0.3859375000000001 0.525 0.3812500000000001 0.525 0.3812500000000001 0.5265625 0.3859375000000001 0.5265625
0 0.465625 0.490625 0.4125 0.490625 0.4125 0.5484375 0.465625 0.5484375
0 0.5546875 0.4984375 0.4875 0.4984375 0.4875 0.5265625 0.5546875 0.5265625
0 0.640625 0.4953125 0.5859375 0.4953125 0.5859375 0.53125 0.640625 0.53125
0 0.7359375 0.4953125000000001 0.665625 0.4953125 0.665625 0.5296875000000001 0.7359375 0.5296875000000002
0 0.8328125 0.4968750000000002 0.7625 0.4968750000000002 0.7625 0.5296875000000002 0.8328125 0.5296875000000002
0 0.24375000000000008 0.546875 0.1453125000000001 0.546875 0.1453125000000001 0.58125 0.24375000000000008 0.58125
0 0.3546875000000001 0.5484375 0.2750000000000001 0.5484375 0.2750000000000001 0.6 0.3546875000000001 0.6
0 0.446875 0.5625 0.3703125000000001 0.5625 0.3703125000000001 0.575 0.446875 0.575
0 0.4640625 0.575 0.4609375 0.575 0.4609375 0.578125 0.4640625 0.578125