0 0.16875000000000004 0.209375 0.14218750000000005 0.209375 0.14218750000000005 0.2265625 0.16875000000000004 0.2265625
0 0.25 0.2109375 0.18437500000000004 0.2109375 0.18437500000000004 0.225 0.25 0.225
0 0.3515625 0.209375 0.2515625 0.209375 0.2515625 0.225 0.3515625 0.225
0 0.453125 0.20937500000000003 0.3484375 0.209375 0.3484375 0.23593750000000005 0.453125 0.23593750000000008
0 0.5609375 0.21093750000000008 0.465625 0.21093750000000008 0.465625 0.22656250000000008 0.5609375 0.22656250000000008
0 0.6359375 0.2078125000000001 0.5578125 0.2078125000000001 0.5578125 0.2250000000000001 0.6359375 0.2250000000000001
0 0.69375 0.2078125000000001 0.6421875 0.2078125000000001 0.6421875 0.2250000000000001 0.69375 0.2250000000000001
0 0.7546875 0.2093750000000001 0.7109375 0.2093750000000001 0.7109375 0.22656250000000008 0.7546875 0.22656250000000008
0 0.821875 0.21093750000000008 0.7640625 0.21093750000000008 0.7640625 0.2250000000000001 0.821875 0.2250000000000001
0 0.20625 0.265625 0.13593750000000004 0.265625 0.13593750000000004 0.2859375 0.20625 0.2859375
0 0.2140625 0.2765625 0.19531250000000006 0.2765625 0.19531250000000006 0.2859375 0.2140625 0.2859375
0 0.2953125 0.2671875 0.2234375 0.2671875 0.2234375 0.2765625 0.2953125 0.2765625
0 0.334375 0.2609375 0.3046875 0.2609375 0.3046875 0.2734375 0.334375 0.2734375
0 0.4484375 0.26093750000000004 0.3421875 0.2609375 0.3421875 0.29531250000000003 0.4484375 0.2953125000000001
0 0.5125 0.2609375000000001 0.4609375 0.2609375000000001 0.4609375 0.2750000000000001 0.5125 0.2750000000000001
0 0.6171875 0.26250000000000007 0.521875 0.26250000000000007 0.521875 0.27812500000000007 0.6171875 0.27812500000000007
0 0.68125 0.2640625000000001 0.621875 0.2640625000000001 0.621875 0.27812500000000007 0.68125 0.27812500000000007
0 0.7765625 0.2593750000000001 0.690625 0.2593750000000001 0.690625 0.2765625000000001 0.7765625 0.2765625000000001
0 0.8625 0.2593750000000001 0.7859375 0.2593750000000001 0.7859375 0.2765625000000001 0.8625 0.2765625000000001
0 0.17500000000000004 0.309375 0.12500000000000006 0.309375 0.12500000000000006 0.340625 0.17500000000000004 0.340625
0 0.18125000000000005 0.3234375 0.17656250000000004 0.3234375 0.17656250000000004 0.325 0.18125000000000005 0.325
0 0.3171875 0.3109375 0.203125 0.3109375 0.203125 0.34375 0.3171875 0.34375
0 0.3625 0.3109375 0.3328125 0.3109375 0.3328125 0.3265625 0.3625 0.3265625
0 0.4484375 0.3109375000000001 0.378125 0.3109375000000001 0.378125 0.3265625000000001 0.4484375 0.3265625000000001
0 0.50625 0.3109375000000001 0.4453125 0.3109375000000001 0.4453125 0.32500000000000007 0.50625 0.32500000000000007
0 0.6 0.3109375000000001 0.5078125 0.3109375000000001 0.5078125 0.3421875000000001 0.6 0.3421875000000001
0 0.68125 0.3140625000000001 0.6109375 0.3140625000000001 0.6109375 0.3281250000000001 0.68125 0.3281250000000001
0 0.6890625 0.32500000000000007 0.671875 0.32500000000000007 0.671875 0.3343750000000001 0.6890625 0.3343750000000001
0 0.7828125 0.3109375000000001 0.703125 0.3109375000000001 0.703125 0.3265625000000001 0.7828125 0.3265625000000001
0 0.84375 0.3140625000000001 0.7796875 0.3140625000000001 0.7796875 0.3296875000000001 0.84375 0.3296875000000001
0 0.21718750000000003 0.3578125 0.11093750000000005 0.3578125 0.11093750000000005 0.39375 0.2171875000000001 0.39375
0 0.32500000000000007 0.359375 0.23125 0.359375 0.23125000000000004 0.3875 0.32500000000000007 0.3875
0 0.4125 0.3609375 0.3328125 0.3609375 0.33281250000000007 0.3765625 0.4125 0.3765625000000001
0 0.4390625 0.3703125000000001 0.4046875 0.3703125000000001 0.4046875 0.3765625000000001 0.4390625 0.3765625000000001
0 0.5015625 0.36406250000000007 0.45625 0.36406250000000007 0.45625 0.37968750000000007 0.5015625 0.37968750000000007
0 0.615625 0.36406250000000007 0.525 0.36406250000000007 0.525 0.3781250000000001 0.615625 0.3781250000000001
0 0.6796875 0.3625000000000001 0.625 0.3625000000000001 0.625 0.37968750000000007 0.6796875 0.37968750000000007
0 0.7296875 0.3625000000000001 0.678125 0.3625000000000001 0.678125 0.37968750000000007 0.7296875 0.37968750000000007
0 0.7296875 0.3625000000000001 0.725 0.3625000000000001 0.725 0.3656250000000001 0.7296875 0.3656250000000001
0 0.85625 0.3593750000000001 0.73125 0.3593750000000001 0.73125 0.38750000000000007 0.85625 0.38750000000000007
0 0.18593750000000003 0.409375 0.11406250000000004 0.409375 0.11406250000000004 0.4265625 0.18593750000000003 0.4265625
0 0.23593750000000008 0.4125 0.17656250000000004 0.4125 0.17656250000000004 0.428125 0.23593750000000008 0.428125
0 0.2906250000000001 0.4125 0.22656250000000008 0.4125 0.22656250000000008 0.428125 0.2906250000000001 0.428125
0 0.3281250000000001 0.41875 0.2906250000000001 0.41875 0.2906250000000001 0.428125 0.3281250000000001 0.428125
0 0.4546875 0.4109375 0.34062500000000007 0.4109375 0.34062500000000007 0.4453125 0.4546875 0.4453125
0 0.5125 0.4140625 0.4671875 0.4140625 0.4671875 0.4296875 0.5125 0.4296875
0 0.640625 0.4125 0.496875 0.4125 0.496875 0.44375 0.640625 0.44375
0 0.6859375 0.4109375 0.64375 0.4109375 0.64375 0.4265625 0.6859375 0.4265625
0 0.8109375 0.41875000000000007 0.675 0.41875 0.675 0.4453125000000001 0.8109375 0.44531250000000017
0 0.2218750000000001 0.4625 0.12031250000000004 0.4625 0.12031250000000004 0.4875 0.2218750000000001 0.4875
0 0.2593750000000001 0.4625 0.2250000000000001 0.4625 0.2250000000000001 0.4796875 0.2593750000000001 0.4796875
0 0.4234375 0.4640625 0.27031250000000007 0.4640625 0.27031250000000007 0.4796875 0.4234375 0.4796875
0 0.6078125 0.4625 0.4359375 0.4625 0.4359375 0.4890625 0.6078125 0.4890625
0 0.6875 0.4640625 0.61875 0.4640625 0.61875 0.4796875 0.6875 0.4796875
0 0.7375 0.4625000000000001 0.6953125 0.4625 0.6953125 0.4781250000000001 0.7375 0.4781250000000002
0 0.8625 0.4593750000000001 0.715625 0.459375 0.715625 0.4984375000000001 0.8625 0.4984375000000002
0 0.2156250000000001 0.509375 0.12656250000000005 0.509375 0.12656250000000005 0.528125 0.2156250000000001 0.528125
0 0.21250000000000008 0.5234375 0.2078125000000001 0.5234375 0.2078125000000001 0.5296875 0.21250000000000008 0.5296875