0 0.14843750000000006 0.2328125 0.14218750000000005 0.2328125 0.14218750000000005 0.2390625 0.14843750000000006 0.2390625
0 0.2671875 0.2109375 0.15937500000000004 0.2109375 0.15937500000000004 0.23125 0.2671875 0.23125
0 0.290625 0.20625 0.284375 0.20625 0.284375 0.2125 0.290625 0.2125
0 0.278125 0.234375 0.2734375 0.234375 0.2734375 0.240625 0.278125 0.240625
0 0.3828125 0.20937500000000003 0.3265625 0.209375 0.3265625 0.22968750000000004 0.3828125 0.2296875000000001
0 0.5203125 0.2093750000000001 0.4078125 0.2093750000000001 0.4078125 0.24375000000000008 0.5203125 0.24375000000000008
0 0.653125 0.2156250000000001 0.5625 0.2156250000000001 0.5625 0.2328125000000001 0.653125 0.2328125000000001
0 0.8171875 0.21093750000000008 0.6828125 0.21093750000000008 0.6828125 0.2468750000000001 0.8171875 0.2468750000000001
0 0.8296875 0.2328125000000001 0.825 0.2328125000000001 0.825 0.2390625000000001 0.8296875 0.2390625000000001
0 0.12656250000000005 0.2765625 0.11875000000000005 0.2765625 0.11875000000000005 0.2859375 0.12656250000000005 0.2859375
0 0.234375 0.2625 0.13906250000000003 0.2625 0.13906250000000003 0.28125 0.234375 0.28125
0 0.328125 0.265625 0.2625 0.265625 0.2625 0.2828125 0.328125 0.2828125
0 0.3859375 0.27031250000000007 0.35625 0.2703125 0.35625 0.28125000000000006 0.3859375 0.2812500000000001
0 0.496875 0.26250000000000007 0.396875 0.26250000000000007 0.396875 0.29375000000000007 0.496875 0.29375000000000007
0 0.5453125 0.27031250000000007 0.5234375 0.27031250000000007 0.5234375 0.2828125000000001 0.5453125 0.2828125000000001
0 0.65625 0.26250000000000007 0.5609375 0.26250000000000007 0.5609375 0.2921875000000001 0.65625 0.2921875000000001
0 0.7203125 0.2640625000000001 0.6875 0.2640625000000001 0.6875 0.2921875000000001 0.7203125 0.2921875000000001
0 0.91875 0.2656250000000001 0.7390625 0.2656250000000001 0.7390625 0.2828125000000001 0.91875 0.2828125000000001
0 0.209375 0.3109375 0.15000000000000005 0.3109375 0.15000000000000005 0.3359375 0.209375 0.3359375
0 0.28125 0.31875 0.246875 0.31875 0.246875 0.33125 0.28125 0.33125
0 0.35625 0.3140625 0.328125 0.3140625 0.328125 0.3328125 0.35625 0.3328125
0 0.446875 0.321875 0.3578125 0.321875 0.3578125 0.33281250000000007 0.446875 0.33281250000000007
0 0.565625 0.3187500000000001 0.49375 0.3187500000000001 0.49375 0.3312500000000001 0.565625 0.3312500000000001
0 0.56875 0.3281250000000001 0.565625 0.3281250000000001 0.565625 0.3296875000000001 0.56875 0.3296875000000001
0 0.703125 0.30937500000000007 0.6140625 0.30937500000000007 0.6140625 0.3343750000000001 0.703125 0.3343750000000001
0 0.809375 0.3125000000000001 0.7375 0.3125000000000001 0.7375 0.3468750000000001 0.809375 0.3468750000000001
0 0.875 0.3125000000000001 0.8359375 0.3125000000000001 0.8359375 0.3390625000000001 0.875 0.3390625000000001
0 0.2578125000000001 0.365625 0.14687500000000003 0.365625 0.14687500000000003 0.3828125 0.2578125000000001 0.3828125
0 0.4265625 0.36875 0.3062500000000001 0.36875 0.3062500000000001 0.38593750000000004 0.4265625 0.3859375000000001
0 0.5234375 0.3656250000000001 0.471875 0.3656250000000001 0.471875 0.3812500000000001 0.5234375 0.3812500000000001
0 0.6765625 0.3625000000000001 0.5609375 0.3625000000000001 0.5609375 0.3843750000000001 0.6765625 0.3843750000000001
0 0.8 0.36406250000000007 0.7109375 0.36406250000000007 0.7109375 0.3828125000000001 0.8 0.3828125000000001
0 0.8546875 0.3625000000000001 0.81875 0.3625000000000001 0.81875 0.3828125000000001 0.8546875 0.3828125000000001
0 0.9109375 0.3671875000000001 0.8734375 0.3671875000000001 0.8734375 0.3828125000000001 0.9109375 0.3828125000000001
0 0.3625000000000001 0.4109375 0.14218750000000005 0.4109375 0.14218750000000005 0.45 0.3625000000000001 0.45
0 0.3828125000000001 0.434375 0.3734375000000001 0.434375 0.3734375000000001 0.4453125 0.3828125000000001 0.4453125
0 0.528125 0.4125 0.428125 0.4125 0.428125 0.43125 0.528125 0.43125
0 0.6140625 0.4140625 0.5734375 0.4140625 0.5734375 0.4328125 0.6140625 0.4328125
0 0.790625 0.4125000000000001 0.6609375 0.4125 0.6609375 0.4328125000000001 0.790625 0.43281250000000016
0 0.8515625 0.4125000000000002 0.8203125 0.4125000000000002 0.8203125 0.43281250000000016 0.8515625 0.43281250000000016
0 0.8578125 0.4343750000000002 0.853125 0.4343750000000002 0.853125 0.4390625000000002 0.8578125 0.4390625000000002
0 0.884375 0.4125000000000002 0.875 0.4125000000000002 0.875 0.4187500000000002 0.884375 0.4187500000000002
0 0.14531250000000004 0.484375 0.13750000000000004 0.484375 0.13750000000000004 0.4921875 0.14531250000000004 0.4921875
0 0.2968750000000001 0.4671875 0.16562500000000005 0.4671875 0.16562500000000005 0.484375 0.2968750000000001 0.484375
0 0.3000000000000001 0.4859375 0.29375000000000007 0.4859375 0.29375000000000007 0.4921875 0.3000000000000001 0.4921875
0 0.3312500000000001 0.4625 0.3218750000000001 0.4625 0.3218750000000001 0.46875 0.3312500000000001 0.46875
0 0.5375 0.465625 0.34062500000000007 0.465625 0.34062500000000007 0.4921875 0.5375 0.4921875
0 0.696875 0.4640625 0.58125 0.4640625 0.58125 0.484375 0.696875 0.484375
0 0.70625 0.4859375 0.7 0.4859375 0.7 0.4921875 0.70625 0.4921875
0 0.790625 0.4625000000000002 0.746875 0.4625000000000002 0.746875 0.4828125000000002 0.790625 0.4828125000000002
0 0.8765625 0.46406250000000016 0.8109375 0.46406250000000016 0.8109375 0.48437500000000017 0.8765625 0.48437500000000017
0 0.2296875000000001 0.51875 0.14062500000000006 0.51875 0.14062500000000006 0.55 0.2296875000000001 0.55
0 0.3125000000000001 0.5125 0.2609375000000001 0.5125 0.2609375000000001 0.5328125 0.3125000000000001 0.5328125
0 0.49375 0.5171875 0.3515625000000001 0.5171875 0.3515625000000001 0.534375 0.49375 0.534375
0 0.59375 0.5125 0.525 0.5125 0.525 0.5453125 0.59375 0.5453125
0 0.7109375 0.515625 0.628125 0.515625 0.628125 0.5359375 0.7109375 0.5359375
0 0.8078125 0.5140625000000002 0.746875 0.5140625000000002 0.746875 0.5343750000000002 0.8078125 0.5343750000000002
0 0.915625 0.5109375000000002 0.828125 0.5109375000000002 0.828125 0.5359375000000002 0.915625 0.5359375000000002
0 0.9234375 0.5328125000000001 0.9203125 0.5328125000000001 0.9203125 0.5343750000000002 0.9234375 0.5343750000000002
0 0.17968750000000008 0.5625 0.1531250000000001 0.5625 0.1531250000000001 0.5859375 0.17968750000000008 0.5859375
0 0.3468750000000001 0.5640625 0.2078125000000001 0.5640625 0.2078125000000001 0.6 0.3468750000000001 0.6
0 0.5046875 0.5671875 0.39531250000000007 0.5671875 0.39531250000000007 0.5828125 0.5046875 0.5828125
0 0.6921875 0.565625 0.540625 0.565625 0.540625 0.603125 0.6921875 0.603125
0 0.7 0.5828125 0.696875 0.5828125 0.696875 0.584375 0.7 0.584375
0 0.725 0.5625 0.7171875 0.5625 0.7171875 0.56875 0.725 0.56875
0 0.771875 0.5687500000000002 0.7390625 0.5687500000000002 0.7390625 0.5843750000000002 0.771875 0.5843750000000002
0 0.8796875 0.5656250000000002 0.803125 0.5656250000000002 0.803125 0.6015625000000002 0.8796875 0.6015625000000002
0 0.2953125000000001 0.61875 0.14843750000000008 0.61875 0.14843750000000008 0.634375 0.2953125000000001 0.634375
0 0.4 0.6140625 0.3421875000000001 0.6140625 0.3421875000000001 0.6359375 0.4 0.6359375
0 0.5 0.61875 0.4265625 0.61875 0.4265625 0.6453125 0.5 0.6453125
0 0.5140625 0.6375 0.5046875 0.6375 0.5046875 0.6453125 0.5140625 0.6453125
0 0.615625 0.615625 0.5546875 0.615625 0.5546875 0.6359375 0.615625 0.6359375
0 0.7515625 0.6156250000000001 0.634375 0.615625 0.634375 0.6484375000000001 0.7515625 0.6484375000000002
0 0.828125 0.6265625000000001 0.778125 0.6265625000000001 0.778125 0.6375000000000002 0.828125 0.6375000000000002
0 0.9078125 0.6218750000000002 0.8484375 0.6218750000000002 0.8484375 0.6546875000000002 0.9078125 0.6546875000000002
0 0.2328125000000001 0.665625 0.1515625000000001 0.665625 0.1515625000000001 0.6859375 0.2328125000000001 0.6859375
0 0.3421875000000001 0.6703125 0.2640625000000001 0.6703125 0.2640625000000001 0.684375 0.3421875000000001 0.684375
0 0.403125 0.6734375 0.3812500000000001 0.6734375 0.3812500000000001 0.6875 0.403125 0.6875
0 0.54375 0.66875 0.4484375 0.66875 0.4484375 0.684375 0.54375 0.684375
0 0.771875 0.6687500000000001 0.5890625 0.66875 0.5890625 0.7000000000000001 0.771875 0.7000000000000002
0 0.7890625 0.6875000000000002 0.78125 0.6875000000000002 0.78125 0.6953125000000002 0.7890625 0.6953125000000002
0 0.9 0.6671875000000002 0.8171875 0.6671875000000002 0.8171875 0.7015625000000002 0.9 0.7015625000000002
0 0.2671875000000001 0.7140625 0.1390625000000001 0.7140625 0.1390625000000001 0.746875 0.2671875000000001 0.746875
0 0.42656250000000007 0.7125 0.3031250000000001 0.7125 0.3031250000000001 0.7375 0.4265625000000002 0.7375
0 0.5562500000000001 0.7140625 0.478125 0.7140625 0.4781250000000001 0.7375 0.5562500000000001 0.7375
0 0.5703125000000002 0.7375 0.5609375000000002 0.7375 0.5609375000000002 0.7484375 0.5703125000000002 0.7484375
0 0.690625 0.721875 0.59375 0.721875 0.5937500000000001 0.7359375 0.6906250000000002 0.7359375
0 0.7718750000000001 0.7250000000000001 0.7203125 0.725 0.7203125000000001 0.7359375000000001 0.7718750000000002 0.7359375000000001
0 0.853125 0.7156250000000002 0.8 0.7156250000000002 0.8 0.7375000000000002 0.853125 0.7375000000000002
0 0.1843750000000001 0.7625 0.1437500000000001 0.7625 0.1437500000000001 0.7890625 0.1843750000000001 0.7890625
0 0.871875 0.7671875000000001 0.1437500000000001 0.7671875 0.1437500000000001 0.7906250000000001 0.871875 0.7906250000000001
0 0.871875 0.7671875000000001 0.1437500000000001 0.7671875 0.1437500000000001 0.7906250000000001 0.871875 0.7906250000000001
0 0.871875 0.7671875000000001 0.1437500000000001 0.7671875 0.1437500000000001 0.7906250000000001 0.871875 0.7906250000000001
0 0.871875 0.7640625000000001 0.1437500000000001 0.7640625 0.1437500000000001 0.7906250000000001 0.871875 0.7906250000000001
0 0.871875 0.7593750000000001 0.1437500000000001 0.759375 0.1437500000000001 0.7906250000000001 0.871875 0.7906250000000001