0 0.2265625 0.2015625 0.13906250000000003 0.2015625 0.13906250000000003 0.2296875 0.2265625 0.2296875
0 0.309375 0.19843750000000004 0.253125 0.19843750000000004 0.253125 0.225 0.309375 0.225
0 0.4265625 0.20468750000000005 0.334375 0.2046875 0.334375 0.22500000000000003 0.4265625 0.2250000000000001
0 0.50625 0.2000000000000001 0.4546875 0.2000000000000001 0.4546875 0.2453125000000001 0.50625 0.2453125000000001
0 0.6703125 0.20312500000000008 0.5328125 0.20312500000000008 0.5328125 0.2500000000000001 0.6703125 0.2500000000000001
0 0.7640625 0.20468750000000008 0.6984375 0.20468750000000008 0.6984375 0.22812500000000008 0.7640625 0.22812500000000008
0 0.83125 0.20312500000000008 0.7875 0.20312500000000008 0.7875 0.22656250000000008 0.83125 0.22656250000000008
0 0.203125 0.25 0.14062500000000006 0.25 0.14062500000000006 0.275 0.203125 0.275
0 0.2921875 0.259375 0.2296875 0.259375 0.2296875 0.2953125 0.2921875 0.2953125
0 0.3796875 0.25468750000000007 0.3171875 0.2546875 0.3171875 0.27656250000000004 0.3796875 0.2765625000000001
0 0.4296875 0.2500000000000001 0.403125 0.2500000000000001 0.403125 0.2718750000000001 0.4296875 0.2718750000000001
0 0.4921875 0.2609375000000001 0.45 0.2609375000000001 0.45 0.2750000000000001 0.4921875 0.2750000000000001
0 0.5828125 0.2515625000000001 0.5234375 0.2515625000000001 0.5234375 0.3000000000000001 0.5828125 0.3000000000000001
0 0.6671875 0.2640625000000001 0.6046875 0.2640625000000001 0.6046875 0.2734375000000001 0.6671875 0.2734375000000001
0 0.7390625 0.2500000000000001 0.6953125 0.2500000000000001 0.6953125 0.2968750000000001 0.7390625 0.2968750000000001
0 0.85625 0.2515625000000001 0.75625 0.2515625000000001 0.75625 0.2750000000000001 0.85625 0.2750000000000001
0 0.16718750000000004 0.3015625 0.14062500000000006 0.3015625 0.14062500000000006 0.33125 0.16718750000000004 0.33125
0 0.18750000000000006 0.315625 0.17343750000000005 0.315625 0.17343750000000005 0.325 0.18750000000000006 0.325
0 0.2453125 0.3015625 0.2 0.3015625 0.2 0.3265625 0.2453125 0.3265625
0 0.3140625 0.3078125 0.26875 0.3078125 0.26875 0.3234375 0.3140625 0.3234375
0 0.340625 0.3140625 0.33125 0.3140625 0.33125 0.3234375 0.340625 0.3234375
0 0.403125 0.30000000000000004 0.3578125 0.3 0.3578125 0.33281250000000007 0.403125 0.33281250000000007
0 0.4140625 0.3218750000000001 0.4109375 0.3218750000000001 0.4109375 0.33281250000000007 0.4140625 0.33281250000000007
0 0.490625 0.3125000000000001 0.425 0.3125000000000001 0.425 0.32500000000000007 0.490625 0.32500000000000007
0 0.5546875 0.3000000000000001 0.521875 0.3000000000000001 0.521875 0.3265625000000001 0.5546875 0.3265625000000001
0 0.6265625 0.30937500000000007 0.56875 0.30937500000000007 0.56875 0.3500000000000001 0.6265625 0.3500000000000001
0 0.7109375 0.30937500000000007 0.6453125 0.30937500000000007 0.6453125 0.3265625000000001 0.7109375 0.3265625000000001
0 0.7625 0.2984375000000001 0.7296875 0.2984375000000001 0.7296875 0.3234375000000001 0.7625 0.3234375000000001
0 0.821875 0.3000000000000001 0.7796875 0.3000000000000001 0.7796875 0.3343750000000001 0.821875 0.3343750000000001
0 0.26250000000000007 0.3515625 0.14375000000000004 0.3515625 0.14375000000000004 0.403125 0.26250000000000007 0.403125
0 0.3296875 0.3515625 0.278125 0.3515625 0.27812500000000007 0.3734375 0.3296875000000001 0.3734375
0 0.3375000000000001 0.371875 0.3343750000000001 0.371875 0.3343750000000001 0.384375 0.3375000000000001 0.384375
0 0.4015625 0.35625000000000007 0.3515625 0.35625 0.35156250000000006 0.37343750000000003 0.4015625 0.3734375000000001
0 0.4421875 0.3531250000000001 0.428125 0.3531250000000001 0.428125 0.3734375000000001 0.4421875 0.3734375000000001
0 0.5 0.3546875000000001 0.459375 0.3546875000000001 0.459375 0.3781250000000001 0.5 0.3781250000000001
0 0.603125 0.34843750000000007 0.515625 0.34843750000000007 0.515625 0.3921875000000001 0.603125 0.3921875000000001
0 0.7484375 0.3531250000000001 0.634375 0.3531250000000001 0.634375 0.3937500000000001 0.7484375 0.3937500000000001
0 0.8125 0.3656250000000001 0.76875 0.3656250000000001 0.76875 0.3906250000000001 0.8125 0.3906250000000001
0 0.821875 0.3750000000000001 0.815625 0.3750000000000001 0.815625 0.38750000000000007 0.821875 0.38750000000000007
0 0.8546875 0.3609375000000001 0.834375 0.3609375000000001 0.834375 0.3765625000000001 0.8546875 0.3765625000000001
0 0.20468750000000008 0.403125 0.15000000000000005 0.403125 0.15000000000000005 0.4265625 0.20468750000000008 0.4265625
0 0.2593750000000001 0.396875 0.2406250000000001 0.396875 0.2406250000000001 0.4234375 0.2593750000000001 0.4234375
0 0.3203125000000001 0.3984375 0.2828125000000001 0.3984375 0.2828125000000001 0.4265625 0.3203125000000001 0.4265625
0 0.3968750000000001 0.403125 0.3390625000000001 0.403125 0.3390625000000001 0.4265625 0.3968750000000001 0.4265625
0 0.4890625 0.4015625 0.434375 0.4015625 0.434375 0.4265625 0.4890625 0.4265625
0 0.53125 0.4 0.5109375 0.4 0.5109375 0.425 0.53125 0.425
0 0.625 0.4078125 0.5578125 0.4078125 0.5578125 0.4265625 0.625 0.4265625
0 0.678125 0.4 0.6578125 0.4 0.6578125 0.4265625 0.678125 0.4265625
0 0.7734375 0.4015625000000001 0.69375 0.4015625 0.69375 0.4281250000000001 0.7734375 0.4281250000000002
0 0.23437500000000008 0.4515625 0.14531250000000004 0.4515625 0.14531250000000004 0.496875 0.23437500000000008 0.496875
0 0.3359375000000001 0.4515625 0.2765625000000001 0.4515625 0.2765625000000001 0.4765625 0.3359375000000001 0.4765625
0 0.4203125 0.4515625 0.3671875000000001 0.4515625 0.3671875000000001 0.4765625 0.4203125 0.4765625
0 0.4859375 0.453125 0.44375 0.453125 0.44375 0.478125 0.4859375 0.478125
0 0.5265625 0.45625 0.5078125 0.45625 0.5078125 0.478125 0.5265625 0.478125
0 0.553125 0.45625 0.5265625 0.45625 0.5265625 0.4859375 0.553125 0.4859375
0 0.63125 0.4546875 0.5671875 0.4546875 0.5671875 0.49375 0.63125 0.49375
0 0.7078125 0.4578125 0.6484375 0.4578125 0.6484375 0.478125 0.7078125 0.478125
0 0.76875 0.4656250000000002 0.728125 0.4656250000000002 0.728125 0.4781250000000002 0.76875 0.4781250000000002
0 0.78125 0.46875000000000017 0.76875 0.46875000000000017 0.76875 0.4750000000000002 0.78125 0.4750000000000002