0 0.18906250000000005 0.215625 0.15468750000000003 0.215625 0.15468750000000003 0.23125 0.18906250000000005 0.23125
0 0.2265625 0.2140625 0.2 0.2140625 0.2 0.23125 0.2265625 0.23125
0 0.3 0.2171875 0.240625 0.2171875 0.240625 0.2453125 0.3 0.2453125
0 0.378125 0.22343750000000004 0.3078125 0.2234375 0.3078125 0.23125000000000004 0.378125 0.2312500000000001
0 0.3890625 0.22812500000000008 0.3828125 0.22812500000000008 0.3828125 0.23437500000000008 0.3890625 0.23437500000000008
0 0.4640625 0.2171875000000001 0.4046875 0.2171875000000001 0.4046875 0.2296875000000001 0.4640625 0.2296875000000001
0 0.5625 0.2140625000000001 0.4734375 0.2140625000000001 0.4734375 0.2296875000000001 0.5625 0.2296875000000001
0 0.6375 0.21250000000000008 0.5703125 0.21250000000000008 0.5703125 0.2296875000000001 0.6375 0.2296875000000001
0 0.6609375 0.21250000000000008 0.640625 0.21250000000000008 0.640625 0.22812500000000008 0.6609375 0.22812500000000008
0 0.765625 0.21250000000000008 0.684375 0.21250000000000008 0.684375 0.2296875000000001 0.765625 0.2296875000000001
0 0.81875 0.2218750000000001 0.78125 0.2218750000000001 0.78125 0.22812500000000008 0.81875 0.22812500000000008
0 0.884375 0.21250000000000008 0.8265625 0.21250000000000008 0.8265625 0.2312500000000001 0.884375 0.2312500000000001
0 0.8890625 0.22812500000000008 0.8859375 0.22812500000000008 0.8859375 0.2312500000000001 0.8890625 0.2312500000000001
0 0.18437500000000004 0.2671875 0.15468750000000003 0.2671875 0.15468750000000003 0.2828125 0.18437500000000004 0.2828125
0 0.2265625 0.2765625 0.19687500000000005 0.2765625 0.19687500000000005 0.2828125 0.2265625 0.2828125
0 0.3390625 0.271875 0.2453125 0.271875 0.2453125 0.2828125 0.3390625 0.2828125
0 0.353125 0.2796875 0.346875 0.2796875 0.346875 0.284375 0.353125 0.284375
0 0.3921875 0.26406250000000003 0.3609375 0.2640625 0.3609375 0.28125000000000006 0.3921875 0.2812500000000001
0 0.4046875 0.27812500000000007 0.4015625 0.27812500000000007 0.4015625 0.2812500000000001 0.4046875 0.2812500000000001
0 0.48125 0.2640625000000001 0.4234375 0.2640625000000001 0.4234375 0.2796875000000001 0.48125 0.2796875000000001
0 0.490625 0.27812500000000007 0.4859375 0.27812500000000007 0.4859375 0.28593750000000007 0.490625 0.28593750000000007
0 0.5421875 0.2656250000000001 0.5015625 0.2656250000000001 0.5015625 0.2828125000000001 0.5421875 0.2828125000000001
0 0.6484375 0.2640625000000001 0.55625 0.2640625000000001 0.55625 0.2828125000000001 0.6484375 0.2828125000000001
0 0.74375 0.2640625000000001 0.665625 0.2640625000000001 0.665625 0.2812500000000001 0.74375 0.2812500000000001
0 0.8109375 0.2640625000000001 0.7546875 0.2640625000000001 0.7546875 0.2796875000000001 0.8109375 0.2796875000000001
0 0.86875 0.2609375000000001 0.809375 0.2609375000000001 0.809375 0.2796875000000001 0.86875 0.2796875000000001
0 0.234375 0.315625 0.15937500000000004 0.315625 0.15937500000000004 0.334375 0.234375 0.334375
0 0.2703125 0.3171875 0.2484375 0.3171875 0.2484375 0.33125 0.2703125 0.33125
0 0.3515625 0.315625 0.2828125 0.315625 0.2828125 0.33125 0.3515625 0.33125
0 0.43125 0.3156250000000001 0.3640625 0.3156250000000001 0.3640625 0.33281250000000007 0.43125 0.33281250000000007
0 0.5328125 0.31718750000000007 0.4578125 0.31718750000000007 0.4578125 0.3312500000000001 0.5328125 0.3312500000000001
0 0.6375 0.3140625000000001 0.5546875 0.3140625000000001 0.5546875 0.3312500000000001 0.6375 0.3312500000000001
0 0.6953125 0.3187500000000001 0.659375 0.3187500000000001 0.659375 0.3296875000000001 0.6953125 0.3296875000000001
0 0.7265625 0.31718750000000007 0.7015625 0.31718750000000007 0.7015625 0.33281250000000007 0.7265625 0.33281250000000007
0 0.809375 0.3156250000000001 0.74375 0.3156250000000001 0.74375 0.3296875000000001 0.809375 0.3296875000000001
0 0.821875 0.3281250000000001 0.8171875 0.3281250000000001 0.8171875 0.3312500000000001 0.821875 0.3312500000000001
0 0.23593750000000008 0.365625 0.15156250000000004 0.365625 0.15156250000000004 0.3890625 0.23593750000000008 0.3890625
0 0.2906250000000001 0.3734375 0.2687500000000001 0.3734375 0.2687500000000001 0.38125 0.2906250000000001 0.38125
0 0.3546875000000001 0.3671875 0.30937500000000007 0.3671875 0.30937500000000007 0.3828125 0.3546875000000001 0.3828125
0 0.3671875000000001 0.38125000000000003 0.3625000000000001 0.38125 0.3625000000000001 0.38593750000000004 0.3671875000000001 0.3859375000000001
0 0.4109375 0.3671875000000001 0.37187500000000007 0.3671875000000001 0.37187500000000007 0.3812500000000001 0.4109375 0.3812500000000001
0 0.478125 0.3734375000000001 0.4265625 0.3734375000000001 0.4265625 0.3812500000000001 0.478125 0.3812500000000001
0 0.5890625 0.3656250000000001 0.5 0.3656250000000001 0.5 0.3812500000000001 0.5890625 0.3812500000000001
0 0.6640625 0.3625000000000001 0.6015625 0.3625000000000001 0.6015625 0.3812500000000001 0.6640625 0.3812500000000001
0 0.740625 0.3671875000000001 0.678125 0.3671875000000001 0.678125 0.39531250000000007 0.740625 0.39531250000000007
0 0.75625 0.3781250000000001 0.75 0.3781250000000001 0.75 0.3843750000000001 0.75625 0.3843750000000001
0 0.803125 0.3656250000000001 0.76875 0.3656250000000001 0.76875 0.37968750000000007 0.803125 0.37968750000000007
0 0.8140625 0.3781250000000001 0.8109375 0.3781250000000001 0.8109375 0.3812500000000001 0.8140625 0.3812500000000001
0 0.828125 0.3625000000000001 0.8203125 0.3625000000000001 0.8203125 0.3687500000000001 0.828125 0.3687500000000001
0 0.20312500000000008 0.415625 0.14531250000000004 0.415625 0.14531250000000004 0.4328125 0.20312500000000008 0.4328125
0 0.2921875000000001 0.4171875 0.22812500000000008 0.4171875 0.22812500000000008 0.4453125 0.2921875000000001 0.4453125
0 0.3109375000000001 0.43125 0.3062500000000001 0.43125 0.3062500000000001 0.4359375 0.3109375000000001 0.4359375
0 0.4109375 0.415625 0.3203125000000001 0.415625 0.3203125000000001 0.4453125 0.4109375 0.4453125
0 0.46875 0.41875 0.4265625 0.41875 0.4265625 0.4328125 0.46875 0.4328125
0 0.55625 0.4140625 0.484375 0.4140625 0.484375 0.44375 0.55625 0.44375
0 0.65 0.425 0.575 0.425 0.575 0.4328125 0.65 0.4328125
0 0.7375 0.4140625000000001 0.6703125 0.4140625 0.6703125 0.4328125000000001 0.7375 0.43281250000000016
0 0.7859375 0.42500000000000016 0.753125 0.42500000000000016 0.753125 0.4312500000000002 0.7859375 0.4312500000000002
0 0.8390625 0.4109375000000002 0.8 0.4109375000000002 0.8 0.4312500000000002 0.8390625 0.4312500000000002
0 0.9046875 0.4125000000000002 0.853125 0.4125000000000002 0.853125 0.4312500000000002 0.9046875 0.4312500000000002
0 0.23593750000000008 0.465625 0.15312500000000004 0.465625 0.15312500000000004 0.49375 0.23593750000000008 0.49375
0 0.31718750000000007 0.46875 0.25468750000000007 0.46875 0.25468750000000007 0.4828125 0.31718750000000007 0.4828125
0 0.415625 0.4703125 0.3343750000000001 0.4703125 0.3343750000000001 0.4828125 0.415625 0.4828125
0 0.46875 0.4765625 0.428125 0.4765625 0.428125 0.4828125 0.46875 0.4828125
0 0.5734375 0.4734375 0.4890625 0.4734375 0.4890625 0.4828125 0.5734375 0.4828125
0 0.6484375 0.465625 0.5953125 0.465625 0.5953125 0.4828125 0.6484375 0.4828125
0 0.7796875 0.46562500000000007 0.678125 0.465625 0.678125 0.48125000000000007 0.7796875 0.4812500000000002
0 0.7921875 0.47968750000000016 0.7890625 0.47968750000000016 0.7890625 0.48437500000000017 0.7921875 0.48437500000000017
0 0.903125 0.46875000000000017 0.8046875 0.46875000000000017 0.8046875 0.47968750000000016 0.903125 0.47968750000000016
0 0.2796875000000001 0.521875 0.15000000000000005 0.521875 0.15000000000000005 0.5390625 0.2796875000000001 0.5390625
0 0.3359375000000001 0.5171875 0.3109375000000001 0.5171875 0.3109375000000001 0.5328125 0.3359375000000001 0.5328125
0 0.421875 0.5171875 0.3453125000000001 0.5171875 0.3453125000000001 0.534375 0.421875 0.534375
0 0.4578125 0.5265625 0.4390625 0.5265625 0.4390625 0.5328125 0.4578125 0.5328125
0 0.525 0.515625 0.465625 0.515625 0.465625 0.5390625 0.525 0.5390625
0 0.6359375 0.515625 0.5421875 0.515625 0.5421875 0.5453125 0.6359375 0.5453125
0 0.7515625 0.5156250000000001 0.6578125 0.515625 0.6578125 0.5328125000000001 0.7515625 0.5328125000000001
0 0.878125 0.5156250000000002 0.7734375 0.5156250000000002 0.7734375 0.5468750000000002 0.878125 0.5468750000000002
0 0.2375000000000001 0.5671875 0.1546875000000001 0.5671875 0.1546875000000001 0.5859375 0.2375000000000001 0.5859375
0 0.3359375000000001 0.5703125 0.25468750000000007 0.5703125 0.25468750000000007 0.5828125 0.3359375000000001 0.5828125
0 0.4453125 0.5765625 0.3593750000000001 0.5765625 0.3593750000000001 0.584375 0.4453125 0.584375
0 0.4796875 0.5765625 0.4640625 0.5765625 0.4640625 0.5828125 0.4796875 0.5828125
0 0.6109375 0.5703125 0.50625 0.5703125 0.50625 0.5859375 0.6109375 0.5859375
0 0.775 0.5671875000000001 0.628125 0.5671875 0.628125 0.5953125000000001 0.775 0.5953125000000001
0 0.8296875 0.5671875000000002 0.8 0.5671875000000002 0.8 0.5875000000000001 0.8296875 0.5875000000000001
0 0.9125 0.5671875000000002 0.840625 0.5671875000000002 0.840625 0.5843750000000002 0.9125 0.5843750000000002
0 0.22656250000000008 0.61875 0.1609375000000001 0.61875 0.1609375000000001 0.6421875 0.22656250000000008 0.6421875
0 0.2890625000000001 0.6203125 0.2406250000000001 0.6203125 0.2406250000000001 0.634375 0.2890625000000001 0.634375
0 0.3781250000000001 0.61875 0.3078125000000001 0.61875 0.3078125000000001 0.634375 0.3781250000000001 0.634375
0 0.3859375000000001 0.6328125 0.3828125000000001 0.6328125 0.3828125000000001 0.6359375 0.3859375000000001 0.6359375