0 0.15156250000000004 0.203125 0.14531250000000004 0.203125 0.14531250000000004 0.2109375 0.15156250000000004 0.2109375
0 0.19531250000000006 0.20625 0.15312500000000004 0.20625 0.15312500000000004 0.2328125 0.19531250000000006 0.2328125
0 0.2109375 0.21875 0.19062500000000004 0.21875 0.19062500000000004 0.2328125 0.2109375 0.2328125
0 0.23125 0.21875 0.2140625 0.21875 0.2140625 0.2328125 0.23125 0.2328125
0 0.296875 0.2078125 0.2421875 0.2078125 0.2421875 0.2328125 0.296875 0.2328125
0 0.3453125 0.2171875 0.303125 0.2171875 0.303125 0.23125 0.3453125 0.23125
0 0.43125 0.20312500000000006 0.3625 0.203125 0.3625 0.23281250000000003 0.43125 0.2328125000000001
0 0.575 0.21093750000000008 0.4453125 0.21093750000000008 0.4453125 0.2390625000000001 0.575 0.2390625000000001
0 0.584375 0.2296875000000001 0.578125 0.2296875000000001 0.578125 0.2328125000000001 0.584375 0.2328125000000001
0 0.634375 0.2062500000000001 0.5921875 0.2062500000000001 0.5921875 0.23437500000000008 0.634375 0.23437500000000008
0 0.75 0.20468750000000008 0.640625 0.20468750000000008 0.640625 0.2390625000000001 0.75 0.2390625000000001
0 0.8421875 0.2078125000000001 0.7640625 0.2078125000000001 0.7640625 0.2328125000000001 0.8421875 0.2328125000000001
0 0.26875 0.2515625 0.13906250000000003 0.2515625 0.13906250000000003 0.2875 0.26875 0.2875
0 0.2953125 0.2703125 0.278125 0.2703125 0.278125 0.2734375 0.2953125 0.2734375
0 0.371875 0.25468750000000007 0.2953125 0.2546875 0.2953125 0.28125000000000006 0.371875 0.2812500000000001
0 0.3859375 0.2593750000000001 0.3734375 0.2593750000000001 0.3734375 0.2828125000000001 0.3859375 0.2828125000000001
0 0.4765625 0.25468750000000007 0.3953125 0.25468750000000007 0.3953125 0.2906250000000001 0.4765625 0.2906250000000001
0 0.503125 0.27031250000000007 0.4890625 0.27031250000000007 0.4890625 0.2718750000000001 0.503125 0.2718750000000001
0 0.584375 0.25468750000000007 0.5171875 0.25468750000000007 0.5171875 0.2875000000000001 0.584375 0.2875000000000001
0 0.5921875 0.27812500000000007 0.584375 0.27812500000000007 0.584375 0.2875000000000001 0.5921875 0.2875000000000001
0 0.6984375 0.2578125000000001 0.609375 0.2578125000000001 0.609375 0.2843750000000001 0.6984375 0.2843750000000001
0 0.7703125 0.2593750000000001 0.703125 0.2593750000000001 0.703125 0.2843750000000001 0.7703125 0.2843750000000001
0 0.784375 0.2531250000000001 0.7796875 0.2531250000000001 0.7796875 0.26250000000000007 0.784375 0.26250000000000007
0 0.7875 0.25468750000000007 0.7828125 0.25468750000000007 0.7828125 0.2609375000000001 0.7875 0.2609375000000001
0 0.8125 0.2531250000000001 0.8015625 0.2531250000000001 0.8015625 0.26250000000000007 0.8125 0.26250000000000007
0 0.8515625 0.2578125000000001 0.803125 0.2578125000000001 0.803125 0.2890625000000001 0.8515625 0.2890625000000001
0 0.2078125 0.30625 0.13593750000000004 0.30625 0.13593750000000004 0.3421875 0.2078125 0.3421875
0 0.3234375 0.3109375 0.215625 0.3109375 0.215625 0.3421875 0.3234375 0.3421875
0 0.3484375 0.3046875 0.328125 0.3046875 0.328125 0.340625 0.3484375 0.340625
0 0.353125 0.30625 0.3484375 0.30625 0.3484375 0.3125 0.353125 0.3125
0 0.4203125 0.30781250000000004 0.353125 0.3078125 0.353125 0.33437500000000003 0.4203125 0.3343750000000001
0 0.475 0.3046875000000001 0.43125 0.3046875000000001 0.43125 0.33281250000000007 0.475 0.33281250000000007
0 0.596875 0.30156250000000007 0.4875 0.30156250000000007 0.4875 0.3375000000000001 0.596875 0.3375000000000001
0 0.609375 0.3296875000000001 0.6046875 0.3296875000000001 0.6046875 0.3312500000000001 0.609375 0.3312500000000001
0 0.6390625 0.3078125000000001 0.634375 0.3078125000000001 0.634375 0.3140625000000001 0.6390625 0.3140625000000001
0 0.6703125 0.30937500000000007 0.6359375 0.30937500000000007 0.6359375 0.3343750000000001 0.6703125 0.3343750000000001
0 0.6875 0.30937500000000007 0.66875 0.30937500000000007 0.66875 0.3343750000000001 0.6875 0.3343750000000001
0 0.7421875 0.3218750000000001 0.6984375 0.3218750000000001 0.6984375 0.3437500000000001 0.7421875 0.3437500000000001
0 0.8609375 0.3125000000000001 0.75 0.3125000000000001 0.75 0.3359375000000001 0.8609375 0.3359375000000001
0 0.23125000000000004 0.359375 0.13437500000000005 0.359375 0.13437500000000005 0.3859375 0.2312500000000001 0.3859375
0 0.2531250000000001 0.375 0.2375000000000001 0.375 0.2375000000000001 0.378125 0.2531250000000001 0.378125
0 0.27968750000000003 0.3609375 0.2640625 0.3609375 0.26406250000000003 0.3828125 0.2796875000000001 0.3828125
0 0.4 0.36875 0.2828125000000001 0.36875 0.2828125000000001 0.384375 0.4 0.3843750000000001
0 0.48125 0.3578125000000001 0.415625 0.3578125000000001 0.415625 0.3828125000000001 0.48125 0.3828125000000001
0 0.5390625 0.37187500000000007 0.490625 0.37187500000000007 0.490625 0.3921875000000001 0.5390625 0.3921875000000001
0 0.6171875 0.3578125000000001 0.5515625 0.3578125000000001 0.5515625 0.3828125000000001 0.6171875 0.3828125000000001
0 0.7390625 0.35625000000000007 0.621875 0.35625000000000007 0.621875 0.3843750000000001 0.7390625 0.3843750000000001
0 0.809375 0.3578125000000001 0.7390625 0.3578125000000001 0.7390625 0.3828125000000001 0.809375 0.3828125000000001
0 0.834375 0.3625000000000001 0.8203125 0.3625000000000001 0.8203125 0.3859375000000001 0.834375 0.3859375000000001
0 0.19531250000000006 0.4125 0.13437500000000005 0.4125 0.13437500000000005 0.43125 0.19531250000000006 0.43125
0 0.2156250000000001 0.428125 0.2093750000000001 0.428125 0.2093750000000001 0.43125 0.2156250000000001 0.43125
0 0.2375000000000001 0.4234375 0.2328125000000001 0.4234375 0.2328125000000001 0.43125 0.2375000000000001 0.43125
0 0.2906250000000001 0.40625 0.2328125000000001 0.40625 0.2328125000000001 0.4328125 0.2906250000000001 0.4328125
0 0.3609375000000001 0.409375 0.30937500000000007 0.409375 0.30937500000000007 0.4328125 0.3609375000000001 0.4328125
0 0.4890625 0.409375 0.3859375000000001 0.409375 0.3859375000000001 0.440625 0.4890625 0.440625
0 0.503125 0.43125 0.5 0.43125 0.5 0.4328125 0.503125 0.4328125
0 0.5875 0.40625 0.5234375 0.40625 0.5234375 0.43125 0.5875 0.43125
0 0.659375 0.409375 0.59375 0.409375 0.59375 0.4359375 0.659375 0.4359375
0 0.7578125 0.4203125000000001 0.671875 0.4203125 0.671875 0.43437500000000007 0.7578125 0.4343750000000002
0 0.890625 0.4156250000000002 0.76875 0.4156250000000002 0.76875 0.4437500000000002 0.890625 0.4437500000000002
0 0.20312500000000008 0.45625 0.14375000000000004 0.45625 0.14375000000000004 0.4875 0.20312500000000008 0.4875
0 0.2671875000000001 0.4625 0.20312500000000008 0.4625 0.20312500000000008 0.4859375 0.2671875000000001 0.4859375
0 0.2921875000000001 0.45625 0.2812500000000001 0.45625 0.2812500000000001 0.4640625 0.2921875000000001 0.4640625
0 0.34843750000000007 0.4625 0.3109375000000001 0.4625 0.3109375000000001 0.4859375 0.34843750000000007 0.4859375
0 0.3984375000000001 0.4640625 0.34843750000000007 0.4640625 0.34843750000000007 0.4859375 0.3984375000000001 0.4859375
0 0.409375 0.48125 0.40625 0.48125 0.40625 0.4828125 0.409375 0.4828125
0 0.4875 0.4625 0.4296875 0.4625 0.4296875 0.4859375 0.4875 0.4859375
0 0.640625 0.4625 0.50625 0.4625 0.50625 0.4921875 0.640625 0.4921875
0 0.73125 0.4703125000000001 0.659375 0.4703125 0.659375 0.4859375000000001 0.73125 0.4859375000000002
0 0.8140625 0.46875000000000017 0.746875 0.46875000000000017 0.746875 0.48437500000000017 0.8140625 0.48437500000000017
0 0.26250000000000007 0.5125 0.14218750000000005 0.5125 0.14218750000000008 0.546875 0.26250000000000007 0.546875
0 0.3000000000000001 0.5203125 0.27812500000000007 0.5203125 0.27812500000000007 0.534375 0.3000000000000001 0.534375
0 0.3609375000000001 0.5078125 0.3000000000000001 0.5078125 0.3000000000000001 0.534375 0.3609375000000001 0.534375
0 0.4625 0.5078125 0.3765625000000001 0.5078125 0.3765625000000001 0.5359375 0.4625 0.5359375
0 0.5140625 0.509375 0.4734375 0.509375 0.4734375 0.5421875 0.5140625 0.5421875
0 0.6046875 0.515625 0.5140625 0.515625 0.5140625 0.5359375 0.6046875 0.5359375
0 0.7015625 0.5140625 0.6109375 0.5140625 0.6109375 0.5359375 0.7015625 0.5359375
0 0.8375 0.5093750000000001 0.71875 0.509375 0.71875 0.5359375000000001 0.8375 0.5359375000000002
0 0.1828125000000001 0.55625 0.14218750000000008 0.55625 0.14218750000000008 0.5859375 0.1828125000000001 0.5859375
0 0.2484375000000001 0.55625 0.1937500000000001 0.55625 0.1937500000000001 0.5859375 0.2484375000000001 0.5859375
0 0.34843750000000007 0.559375 0.2671875000000001 0.559375 0.2671875000000001 0.59375 0.34843750000000007 0.59375
0 0.475 0.5609375 0.3703125000000001 0.5609375 0.3703125000000001 0.5875 0.475 0.5875
0 0.4953125 0.5875 0.490625 0.5875 0.490625 0.590625 0.4953125 0.590625