0 0.20625 0.19687500000000002 0.13750000000000004 0.196875 0.13750000000000004 0.2234375 0.20625 0.2234375
0 0.29375 0.19843750000000004 0.2234375 0.19843750000000004 0.2234375 0.225 0.29375 0.225
0 0.3890625 0.19843750000000004 0.3171875 0.19843750000000004 0.3171875 0.22343750000000004 0.3890625 0.2234375000000001
0 0.4015625 0.2171875000000001 0.3984375 0.2171875000000001 0.3984375 0.22812500000000008 0.4015625 0.22812500000000008
0 0.521875 0.19843750000000004 0.4140625 0.19843750000000004 0.4140625 0.2250000000000001 0.521875 0.2250000000000001
0 0.665625 0.19843750000000007 0.5390625 0.19843750000000004 0.5390625 0.23437500000000008 0.665625 0.23437500000000008
0 0.68125 0.19687500000000008 0.6765625 0.19687500000000008 0.6765625 0.2218750000000001 0.68125 0.2218750000000001
0 0.7 0.19687500000000008 0.690625 0.19687500000000008 0.690625 0.21093750000000008 0.7 0.21093750000000008
0 0.8171875 0.19687500000000008 0.715625 0.19687500000000008 0.715625 0.2390625000000001 0.8171875 0.2390625000000001
0 0.2015625 0.25 0.13750000000000004 0.25 0.13750000000000004 0.2734375 0.2015625 0.2734375
0 0.2609375 0.2515625 0.215625 0.2515625 0.215625 0.275 0.2609375 0.275
0 0.334375 0.259375 0.2765625 0.259375 0.2765625 0.284375 0.334375 0.284375
0 0.434375 0.25000000000000006 0.35 0.25 0.35 0.28437500000000004 0.434375 0.2843750000000001
0 0.6140625 0.2500000000000001 0.4515625 0.2500000000000001 0.4515625 0.2843750000000001 0.6140625 0.2843750000000001
0 0.7953125 0.2515625000000001 0.628125 0.2515625000000001 0.628125 0.2750000000000001 0.7953125 0.2750000000000001
0 0.859375 0.2531250000000001 0.809375 0.2531250000000001 0.809375 0.2750000000000001 0.859375 0.2750000000000001
0 0.3671875 0.30000000000000004 0.14062500000000006 0.3 0.14062500000000006 0.32500000000000007 0.3671875 0.32500000000000007
0 0.434375 0.3046875000000001 0.3828125 0.3046875000000001 0.3828125 0.32500000000000007 0.434375 0.32500000000000007
0 0.584375 0.3062500000000001 0.453125 0.3062500000000001 0.453125 0.33281250000000007 0.584375 0.33281250000000007
0 0.634375 0.3062500000000001 0.596875 0.3062500000000001 0.596875 0.3265625000000001 0.634375 0.3265625000000001
0 0.7296875 0.3031250000000001 0.64375 0.3031250000000001 0.64375 0.3265625000000001 0.7296875 0.3265625000000001
0 0.7921875 0.3156250000000001 0.74375 0.3156250000000001 0.74375 0.3343750000000001 0.7921875 0.3343750000000001
0 0.85625 0.3062500000000001 0.803125 0.3062500000000001 0.803125 0.3343750000000001 0.85625 0.3343750000000001
0 0.25312500000000004 0.3515625 0.13906250000000003 0.3515625 0.13906250000000003 0.375 0.2531250000000001 0.375
0 0.34218750000000003 0.3515625 0.2703125 0.3515625 0.27031250000000007 0.375 0.3421875000000001 0.375
0 0.3500000000000001 0.371875 0.3468750000000001 0.371875 0.3468750000000001 0.375 0.3500000000000001 0.375
0 0.4015625 0.3546875000000001 0.3703125 0.3546875000000001 0.37031250000000004 0.3750000000000001 0.4015625 0.3750000000000001
0 0.453125 0.3515625000000001 0.409375 0.3515625000000001 0.409375 0.3734375000000001 0.453125 0.3734375000000001
0 0.5203125 0.3531250000000001 0.4734375 0.3531250000000001 0.4734375 0.3765625000000001 0.5203125 0.3765625000000001
0 0.603125 0.3609375000000001 0.528125 0.3609375000000001 0.528125 0.3859375000000001 0.603125 0.3859375000000001
0 0.653125 0.3515625000000001 0.621875 0.3515625000000001 0.621875 0.3843750000000001 0.653125 0.3843750000000001
0 0.7859375 0.3515625000000001 0.6671875 0.3515625000000001 0.6671875 0.3781250000000001 0.7859375 0.3781250000000001
0 0.853125 0.3515625000000001 0.8046875 0.3515625000000001 0.8046875 0.3843750000000001 0.853125 0.3843750000000001
0 0.20312500000000008 0.3984375 0.13593750000000004 0.3984375 0.13593750000000004 0.4234375 0.20312500000000008 0.4234375
0 0.2734375000000001 0.4 0.2171875000000001 0.4 0.2171875000000001 0.425 0.2734375000000001 0.425
0 0.4125 0.4015625 0.2906250000000001 0.4015625 0.2906250000000001 0.4359375 0.4125 0.4359375
0 0.5765625 0.4015625 0.4265625 0.4015625 0.4265625 0.4328125 0.5765625 0.4328125
0 0.6625 0.403125 0.59375 0.403125 0.59375 0.434375 0.6625 0.434375
0 0.7046875 0.415625 0.678125 0.415625 0.678125 0.428125 0.7046875 0.428125
0 0.803125 0.4046875000000001 0.71875 0.4046875 0.71875 0.4281250000000001 0.803125 0.4281250000000002
0 0.8890625 0.4000000000000002 0.8109375 0.4000000000000002 0.8109375 0.4281250000000002 0.8890625 0.4281250000000002
0 0.896875 0.4234375000000002 0.89375 0.4234375000000002 0.89375 0.42500000000000016 0.896875 0.42500000000000016
0 0.2078125000000001 0.453125 0.13281250000000006 0.453125 0.13281250000000006 0.475 0.2078125000000001 0.475
0 0.2484375000000001 0.45 0.22656250000000008 0.45 0.22656250000000008 0.4765625 0.2484375000000001 0.4765625
0 0.3062500000000001 0.453125 0.2593750000000001 0.453125 0.2593750000000001 0.4765625 0.3062500000000001 0.4765625
0 0.3812500000000001 0.45 0.3265625000000001 0.45 0.3265625000000001 0.4828125 0.3812500000000001 0.4828125
0 0.43125 0.4515625 0.403125 0.4515625 0.403125 0.4828125 0.43125 0.4828125
0 0.475 0.4640625 0.453125 0.4640625 0.453125 0.478125 0.475 0.478125
0 0.5609375 0.4546875 0.48125 0.4546875 0.48125 0.4765625 0.5609375 0.4765625
0 0.715625 0.4515625 0.5796875 0.4515625 0.5796875 0.4859375 0.715625 0.4859375
0 0.8078125 0.45312500000000017 0.7359375 0.45312500000000017 0.7359375 0.48750000000000016 0.8078125 0.48750000000000016
0 0.828125 0.47656250000000017 0.825 0.47656250000000017 0.825 0.4812500000000002 0.828125 0.4812500000000002