0 0.14218750000000005 0.203125 0.13281250000000006 0.203125 0.13281250000000006 0.2125 0.14218750000000005 0.2125
0 0.16718750000000004 0.20625 0.15312500000000004 0.20625 0.15312500000000004 0.23125 0.16718750000000004 0.23125
0 0.253125 0.2125 0.18593750000000003 0.2125 0.18593750000000003 0.234375 0.253125 0.234375
0 0.340625 0.215625 0.2796875 0.215625 0.2796875 0.2359375 0.340625 0.2359375
0 0.3859375 0.21406250000000004 0.3578125 0.2140625 0.3578125 0.23906250000000004 0.3859375 0.2390625000000001
0 0.4359375 0.22031250000000008 0.4078125 0.22031250000000008 0.4078125 0.2390625000000001 0.4359375 0.2390625000000001
0 0.5515625 0.2156250000000001 0.4578125 0.2156250000000001 0.4578125 0.2484375000000001 0.5515625 0.2484375000000001
0 0.640625 0.2234375000000001 0.5734375 0.2234375000000001 0.5734375 0.2531250000000001 0.640625 0.2531250000000001
0 0.6609375 0.2171875000000001 0.646875 0.2171875000000001 0.646875 0.2468750000000001 0.6609375 0.2468750000000001
0 0.6703125 0.2156250000000001 0.6671875 0.2156250000000001 0.6671875 0.2218750000000001 0.6703125 0.2218750000000001
0 0.7453125 0.2234375000000001 0.6859375 0.2234375000000001 0.6859375 0.24375000000000008 0.7453125 0.24375000000000008
0 0.8578125 0.22031250000000008 0.7671875 0.22031250000000008 0.7671875 0.25468750000000007 0.8578125 0.25468750000000007
0 0.8828125 0.2328125000000001 0.8671875 0.2328125000000001 0.8671875 0.23437500000000008 0.8828125 0.23437500000000008
0 0.14218750000000005 0.2640625 0.13281250000000006 0.2640625 0.13281250000000006 0.2703125 0.14218750000000005 0.2703125
0 0.2171875 0.275 0.15000000000000005 0.275 0.15000000000000005 0.2875 0.2171875 0.2875
0 0.271875 0.2734375 0.2375 0.2734375 0.2375 0.2859375 0.271875 0.2859375
0 0.3484375 0.2671875 0.2875 0.2671875 0.2875 0.2875 0.3484375 0.2875
0 0.4234375 0.2750000000000001 0.36875 0.2750000000000001 0.36875 0.2875000000000001 0.4234375 0.2875000000000001
0 0.5234375 0.2718750000000001 0.446875 0.2718750000000001 0.446875 0.2890625000000001 0.5234375 0.2890625000000001
0 0.5625 0.2671875000000001 0.54375 0.2671875000000001 0.54375 0.28593750000000007 0.5625 0.28593750000000007
0 0.628125 0.27031250000000007 0.5796875 0.27031250000000007 0.5796875 0.2890625000000001 0.628125 0.2890625000000001
0 0.696875 0.2796875000000001 0.64375 0.2796875000000001 0.64375 0.3031250000000001 0.696875 0.3031250000000001
0 0.7109375 0.2921875000000001 0.7078125 0.2921875000000001 0.7078125 0.29375000000000007 0.7109375 0.29375000000000007
0 0.725 0.2718750000000001 0.7171875 0.2718750000000001 0.7171875 0.27812500000000007 0.725 0.27812500000000007
0 0.14531250000000004 0.309375 0.13750000000000004 0.309375 0.13750000000000004 0.315625 0.14531250000000004 0.315625
0 0.225 0.3125 0.15625000000000006 0.3125 0.15625000000000006 0.334375 0.225 0.334375
0 0.296875 0.3140625 0.2484375 0.3140625 0.2484375 0.334375 0.296875 0.334375
0 0.45 0.31562500000000004 0.3140625 0.315625 0.3140625 0.34843750000000007 0.45 0.34843750000000007
0 0.5171875 0.3265625000000001 0.46875 0.3265625000000001 0.46875 0.3515625000000001 0.5171875 0.3515625000000001
0 0.5421875 0.3125000000000001 0.5328125 0.3125000000000001 0.5328125 0.3343750000000001 0.5421875 0.3343750000000001
0 0.565625 0.3140625000000001 0.55625 0.3140625000000001 0.55625 0.3203125000000001 0.565625 0.3203125000000001
0 0.6015625 0.3140625000000001 0.5921875 0.3140625000000001 0.5921875 0.3218750000000001 0.6015625 0.3218750000000001
0 0.6453125 0.31718750000000007 0.609375 0.31718750000000007 0.609375 0.3375000000000001 0.6453125 0.3375000000000001
0 0.7328125 0.3156250000000001 0.6609375 0.3156250000000001 0.6609375 0.3375000000000001 0.7328125 0.3375000000000001
0 0.7546875 0.3265625000000001 0.746875 0.3265625000000001 0.746875 0.3281250000000001 0.7546875 0.3281250000000001
0 0.83125 0.3156250000000001 0.76875 0.3156250000000001 0.76875 0.3375000000000001 0.83125 0.3375000000000001
0 0.22812500000000005 0.3546875 0.14687500000000003 0.3546875 0.14687500000000003 0.3875 0.22812500000000008 0.3875
0 0.37812500000000004 0.35781250000000003 0.2453125 0.3578125 0.24531250000000004 0.384375 0.3781250000000001 0.3843750000000001
0 0.3906250000000001 0.3765625000000001 0.3859375000000001 0.3765625000000001 0.3859375000000001 0.3781250000000001 0.3906250000000001 0.3781250000000001
0 0.409375 0.3578125000000001 0.3984375 0.3578125000000001 0.39843750000000006 0.3687500000000001 0.409375 0.3687500000000001
0 0.44375 0.3593750000000001 0.434375 0.3593750000000001 0.434375 0.3671875000000001 0.44375 0.3671875000000001
0 0.571875 0.3593750000000001 0.45 0.3593750000000001 0.45 0.3937500000000001 0.571875 0.3937500000000001
0 0.6171875 0.36406250000000007 0.5953125 0.36406250000000007 0.5953125 0.3843750000000001 0.6171875 0.3843750000000001
0 0.6734375 0.3734375000000001 0.63125 0.3734375000000001 0.63125 0.3843750000000001 0.6734375 0.3843750000000001
0 0.7203125 0.3656250000000001 0.6921875 0.3656250000000001 0.6921875 0.3843750000000001 0.7203125 0.3843750000000001
0 0.7859375 0.3656250000000001 0.7359375 0.3656250000000001 0.7359375 0.38750000000000007 0.7859375 0.38750000000000007
0 0.846875 0.3734375000000001 0.8015625 0.3734375000000001 0.8015625 0.39531250000000007 0.846875 0.39531250000000007
0 0.9109375 0.3687500000000001 0.8625 0.3687500000000001 0.8625 0.38750000000000007 0.9109375 0.38750000000000007
0 0.16562500000000005 0.4140625 0.13906250000000003 0.4140625 0.13906250000000003 0.4265625 0.16562500000000005 0.4265625
0 0.21250000000000008 0.40625 0.17343750000000005 0.40625 0.17343750000000005 0.425 0.21250000000000008 0.425
0 0.29375000000000007 0.4046875 0.2375000000000001 0.4046875 0.2375000000000001 0.4265625 0.29375000000000007 0.4265625
0 0.4046875 0.4078125 0.3125000000000001 0.4078125 0.3125000000000001 0.4328125 0.4046875 0.4328125
0 0.4921875 0.4125 0.4140625 0.4125 0.4140625 0.43125 0.4921875 0.43125
0 0.59375 0.409375 0.5140625 0.409375 0.5140625 0.4328125 0.59375 0.4328125
0 0.7390625 0.41875000000000007 0.609375 0.41875 0.609375 0.4453125000000001 0.7390625 0.44531250000000017
0 0.878125 0.4187500000000002 0.7578125 0.4187500000000002 0.7578125 0.4390625000000002 0.878125 0.4390625000000002
0 0.18750000000000006 0.4578125 0.13906250000000003 0.4578125 0.13906250000000003 0.475 0.18750000000000006 0.475
0 0.3468750000000001 0.45625 0.2218750000000001 0.45625 0.2218750000000001 0.4921875 0.3468750000000001 0.4921875
0 0.4140625 0.4671875 0.3656250000000001 0.4671875 0.3656250000000001 0.4828125 0.4140625 0.4828125
0 0.4828125 0.4625 0.4265625 0.4625 0.4265625 0.4796875 0.4828125 0.4796875
0 0.5328125 0.4609375 0.4984375 0.4609375 0.4984375 0.4828125 0.5328125 0.4828125
0 0.590625 0.471875 0.5484375 0.471875 0.5484375 0.484375 0.590625 0.484375
0 0.634375 0.4765625 0.6078125 0.4765625 0.6078125 0.4859375 0.634375 0.4859375
0 0.74375 0.4718750000000001 0.6546875 0.471875 0.6546875 0.4875000000000001 0.74375 0.48750000000000016
0 0.778125 0.4781250000000002 0.7515625 0.4781250000000002 0.7515625 0.4890625000000002 0.778125 0.4890625000000002
0 0.8078125 0.4781250000000002 0.7953125 0.4781250000000002 0.7953125 0.4859375000000002 0.8078125 0.4859375000000002
0 0.9 0.46406250000000016 0.8328125 0.46406250000000016 0.8328125 0.48750000000000016 0.9 0.48750000000000016
0 0.8921875 0.4859375000000002 0.8890625 0.4859375000000002 0.8890625 0.4890625000000002 0.8921875 0.4890625000000002
0 0.19062500000000004 0.50625 0.13281250000000006 0.50625 0.13281250000000006 0.5265625 0.19062500000000004 0.5265625
0 0.28593750000000007 0.509375 0.2234375000000001 0.509375 0.2234375000000001 0.5359375 0.28593750000000007 0.5359375