0 0.14843750000000006 0.21875 0.14062500000000006 0.21875 0.14062500000000006 0.2234375 0.14843750000000006 0.2234375
0 0.225 0.215625 0.16406250000000006 0.215625 0.16406250000000006 0.2359375 0.225 0.2359375
0 0.3046875 0.2171875 0.2390625 0.2171875 0.2390625 0.2359375 0.3046875 0.2359375
0 0.39375 0.21562500000000004 0.3296875 0.215625 0.3296875 0.23750000000000004 0.39375 0.2375000000000001
0 0.4859375 0.2218750000000001 0.4140625 0.2218750000000001 0.4140625 0.23593750000000008 0.4859375 0.23593750000000008
0 0.634375 0.2218750000000001 0.50625 0.2218750000000001 0.50625 0.2484375000000001 0.634375 0.2484375000000001
0 0.7265625 0.2171875000000001 0.6578125 0.2171875000000001 0.6578125 0.24218750000000008 0.7265625 0.24218750000000008
0 0.778125 0.22031250000000008 0.740625 0.22031250000000008 0.740625 0.23437500000000008 0.778125 0.23437500000000008
0 0.2515625 0.2703125 0.15937500000000004 0.2703125 0.15937500000000004 0.2875 0.2515625 0.2875
0 0.3453125 0.2703125 0.26875 0.2703125 0.26875 0.2859375 0.3453125 0.2859375
0 0.4390625 0.2671875000000001 0.3671875 0.2671875000000001 0.3671875 0.2875000000000001 0.4390625 0.2875000000000001
0 0.5484375 0.2687500000000001 0.4640625 0.2687500000000001 0.4640625 0.2890625000000001 0.5484375 0.2890625000000001
0 0.6171875 0.2750000000000001 0.5765625 0.2750000000000001 0.5765625 0.28593750000000007 0.6171875 0.28593750000000007
0 0.734375 0.2671875000000001 0.634375 0.2671875000000001 0.634375 0.2984375000000001 0.734375 0.2984375000000001
0 0.7734375 0.2734375000000001 0.7484375 0.2734375000000001 0.7484375 0.2875000000000001 0.7734375 0.2875000000000001
0 0.815625 0.27031250000000007 0.7875 0.27031250000000007 0.7875 0.28593750000000007 0.815625 0.28593750000000007
0 0.275 0.3203125 0.15468750000000003 0.3203125 0.15468750000000003 0.353125 0.275 0.353125
0 0.3453125 0.328125 0.2953125 0.328125 0.2953125 0.3390625 0.3453125 0.3390625
0 0.409375 0.33125000000000004 0.35625 0.33125 0.35625 0.3375 0.409375 0.3375000000000001
0 0.4671875 0.3234375000000001 0.425 0.3234375000000001 0.425 0.3390625000000001 0.4671875 0.3390625000000001
0 0.528125 0.3218750000000001 0.4875 0.3218750000000001 0.4875 0.3390625000000001 0.528125 0.3390625000000001
0 0.5578125 0.3218750000000001 0.5390625 0.3218750000000001 0.5390625 0.34062500000000007 0.5578125 0.34062500000000007
0 0.646875 0.32500000000000007 0.5796875 0.32500000000000007 0.5796875 0.3515625000000001 0.646875 0.3515625000000001
0 0.696875 0.3234375000000001 0.671875 0.3234375000000001 0.671875 0.3453125000000001 0.696875 0.3453125000000001
0 0.7515625 0.3281250000000001 0.709375 0.3281250000000001 0.709375 0.3375000000000001 0.7515625 0.3375000000000001
0 0.7890625 0.3203125000000001 0.765625 0.3203125000000001 0.765625 0.3375000000000001 0.7890625 0.3375000000000001
0 0.8640625 0.3265625000000001 0.8078125 0.3265625000000001 0.8078125 0.3500000000000001 0.8640625 0.3500000000000001
0 0.19687500000000005 0.371875 0.14843750000000006 0.371875 0.14843750000000006 0.3890625 0.19687500000000005 0.3890625
0 0.20468750000000008 0.3875 0.2015625000000001 0.3875 0.2015625000000001 0.3890625 0.20468750000000008 0.3890625
0 0.2921875000000001 0.3703125 0.2390625000000001 0.3703125 0.2390625000000001 0.403125 0.2921875000000001 0.403125
0 0.3859375000000001 0.37343750000000003 0.30156250000000007 0.3734375 0.30156250000000007 0.38906250000000003 0.3859375000000001 0.3890625000000001
0 0.4359375 0.37187500000000007 0.4078125 0.37187500000000007 0.4078125 0.38750000000000007 0.4359375 0.38750000000000007
0 0.459375 0.3687500000000001 0.4453125 0.3687500000000001 0.4453125 0.3859375000000001 0.459375 0.3859375000000001
0 0.503125 0.3812500000000001 0.478125 0.3812500000000001 0.478125 0.3890625000000001 0.503125 0.3890625000000001
0 0.646875 0.37187500000000007 0.5234375 0.37187500000000007 0.5234375 0.3890625000000001 0.646875 0.3890625000000001
0 0.69375 0.37187500000000007 0.6703125 0.37187500000000007 0.6703125 0.3890625000000001 0.69375 0.3890625000000001
0 0.7546875 0.3812500000000001 0.7140625 0.3812500000000001 0.7140625 0.3890625000000001 0.7546875 0.3890625000000001
0 0.7984375 0.3750000000000001 0.765625 0.3750000000000001 0.765625 0.38750000000000007 0.7984375 0.38750000000000007
0 0.2015625000000001 0.421875 0.14531250000000004 0.421875 0.14531250000000004 0.440625 0.2015625000000001 0.440625
0 0.2578125000000001 0.425 0.2312500000000001 0.425 0.2312500000000001 0.440625 0.2578125000000001 0.440625
0 0.33281250000000007 0.421875 0.2750000000000001 0.421875 0.2750000000000001 0.440625 0.33281250000000007 0.440625
0 0.3437500000000001 0.4375 0.34062500000000007 0.4375 0.34062500000000007 0.4390625 0.3437500000000001 0.4390625
0 0.459375 0.425 0.36406250000000007 0.425 0.36406250000000007 0.453125 0.459375 0.453125
0 0.475 0.4375 0.46875 0.4375 0.46875 0.4453125 0.475 0.4453125
0 0.540625 0.4234375 0.49375 0.4234375 0.49375 0.453125 0.540625 0.453125
0 0.6 0.421875 0.5578125 0.421875 0.5578125 0.446875 0.6 0.446875
0 0.6421875 0.4328125 0.615625 0.4328125 0.615625 0.4390625 0.6421875 0.4390625
0 0.7015625 0.43125 0.6609375 0.43125 0.6609375 0.45625 0.7015625 0.45625
0 0.7421875 0.4250000000000001 0.7234375 0.425 0.7234375 0.4375000000000001 0.7421875 0.43750000000000017
0 0.8578125 0.4281250000000002 0.765625 0.4281250000000002 0.765625 0.4390625000000002 0.8578125 0.4390625000000002
0 0.2078125000000001 0.471875 0.14531250000000004 0.471875 0.14531250000000004 0.4921875 0.2078125000000001 0.4921875
0 0.23593750000000008 0.4734375 0.2171875000000001 0.4734375 0.2171875000000001 0.4921875 0.23593750000000008 0.4921875
0 0.2390625000000001 0.4765625 0.23593750000000008 0.4765625 0.23593750000000008 0.4796875 0.2390625000000001 0.4796875
0 0.3343750000000001 0.475 0.27031250000000007 0.475 0.27031250000000007 0.4984375 0.3343750000000001 0.4984375
0 0.4359375 0.471875 0.34843750000000007 0.471875 0.34843750000000007 0.4890625 0.4359375 0.4890625
0 0.5484375 0.4828125 0.4546875 0.4828125 0.4546875 0.4921875 0.5484375 0.4921875
0 0.55625 0.4890625 0.553125 0.4890625 0.553125 0.490625 0.55625 0.490625
0 0.6375 0.475 0.5859375 0.475 0.5859375 0.4875 0.6375 0.4875
0 0.6890625 0.478125 0.6515625 0.478125 0.6515625 0.4921875 0.6890625 0.4921875
0 0.7359375 0.48125000000000007 0.7078125 0.48125 0.7078125 0.4875000000000001 0.7359375 0.48750000000000016
0 0.809375 0.4734375000000002 0.75 0.4734375000000002 0.75 0.4937500000000002 0.809375 0.4937500000000002
0 0.17343750000000005 0.5265625 0.14531250000000004 0.5265625 0.14531250000000004 0.5390625 0.17343750000000005 0.5390625
0 0.2734375000000001 0.5234375 0.18593750000000003 0.5234375 0.18593750000000006 0.5546875 0.2734375000000001 0.5546875
0 0.3343750000000001 0.5265625 0.2921875000000001 0.5265625 0.2921875000000001 0.5453125 0.3343750000000001 0.5453125
0 0.496875 0.525 0.3578125000000001 0.525 0.3578125000000001 0.5484375 0.496875 0.5484375
0 0.5765625 0.525 0.5234375 0.525 0.5234375 0.5421875 0.5765625 0.5421875
0 0.6578125 0.5265625 0.5984375 0.5265625 0.5984375 0.5515625 0.6578125 0.5515625
0 0.690625 0.521875 0.66875 0.521875 0.66875 0.540625 0.690625 0.540625