0 0.14687500000000003 0.1984375 0.13750000000000004 0.1984375 0.13750000000000004 0.20625 0.14687500000000003 0.20625
0 0.228125 0.2015625 0.14218750000000005 0.2015625 0.14218750000000005 0.23125 0.228125 0.23125
0 0.2734375 0.2015625 0.2359375 0.2015625 0.2359375 0.2296875 0.2734375 0.2296875
0 0.2890625 0.215625 0.271875 0.215625 0.271875 0.23125 0.2890625 0.23125
0 0.3828125 0.20000000000000004 0.3 0.2 0.3 0.23750000000000004 0.3828125 0.2375000000000001
0 0.446875 0.2171875000000001 0.390625 0.2171875000000001 0.390625 0.2328125000000001 0.446875 0.2328125000000001
0 0.453125 0.22812500000000008 0.4453125 0.22812500000000008 0.4453125 0.2375000000000001 0.453125 0.2375000000000001
0 0.5640625 0.2062500000000001 0.4609375 0.2062500000000001 0.4609375 0.23437500000000008 0.5640625 0.23437500000000008
0 0.5765625 0.2328125000000001 0.571875 0.2328125000000001 0.571875 0.23437500000000008 0.5765625 0.23437500000000008
0 0.6046875 0.21093750000000008 0.59375 0.21093750000000008 0.59375 0.2296875000000001 0.6046875 0.2296875000000001
0 0.721875 0.2062500000000001 0.609375 0.2062500000000001 0.609375 0.2296875000000001 0.721875 0.2296875000000001
0 0.7734375 0.20468750000000008 0.728125 0.20468750000000008 0.728125 0.2296875000000001 0.7734375 0.2296875000000001
0 0.8640625 0.21093750000000008 0.78125 0.21093750000000008 0.78125 0.2312500000000001 0.8640625 0.2312500000000001
0 0.2328125 0.2546875 0.13437500000000005 0.2546875 0.13437500000000005 0.2828125 0.2328125 0.2828125
0 0.2515625 0.2765625 0.246875 0.2765625 0.246875 0.2796875 0.2515625 0.2796875
0 0.28125 0.2546875 0.26875 0.2546875 0.26875 0.2640625 0.28125 0.2640625
0 0.35625 0.259375 0.2765625 0.259375 0.2765625 0.2828125 0.35625 0.2828125
0 0.43125 0.2609375000000001 0.365625 0.2609375000000001 0.365625 0.2906250000000001 0.43125 0.2906250000000001
0 0.496875 0.2640625000000001 0.4421875 0.2640625000000001 0.4421875 0.2812500000000001 0.496875 0.2812500000000001
0 0.565625 0.2609375000000001 0.509375 0.2609375000000001 0.509375 0.2812500000000001 0.565625 0.2812500000000001
0 0.6453125 0.2578125000000001 0.575 0.2578125000000001 0.575 0.2812500000000001 0.6453125 0.2812500000000001
0 0.7203125 0.2562500000000001 0.6515625 0.2562500000000001 0.6515625 0.2796875000000001 0.7203125 0.2796875000000001
0 0.853125 0.2531250000000001 0.728125 0.2531250000000001 0.728125 0.2796875000000001 0.853125 0.2796875000000001
0 0.8640625 0.2734375000000001 0.853125 0.2734375000000001 0.853125 0.2843750000000001 0.8640625 0.2843750000000001
0 0.23125 0.3046875 0.13593750000000004 0.3046875 0.13593750000000004 0.33125 0.23125 0.33125
0 0.24375 0.303125 0.2375 0.303125 0.2375 0.3109375 0.24375 0.3109375
0 0.2640625 0.3203125 0.2515625 0.3203125 0.2515625 0.3234375 0.2640625 0.3234375
0 0.3078125 0.3171875 0.2765625 0.3171875 0.2765625 0.3296875 0.3078125 0.3296875
0 0.3671875 0.30625 0.3171875 0.30625 0.3171875 0.33125000000000004 0.3671875 0.3312500000000001
0 0.490625 0.3109375000000001 0.378125 0.3109375000000001 0.378125 0.3312500000000001 0.490625 0.3312500000000001
0 0.584375 0.3062500000000001 0.4953125 0.3062500000000001 0.4953125 0.3375000000000001 0.584375 0.3375000000000001
0 0.6578125 0.30937500000000007 0.5890625 0.30937500000000007 0.5890625 0.3343750000000001 0.6578125 0.3343750000000001
0 0.696875 0.3187500000000001 0.6625 0.3187500000000001 0.6625 0.33281250000000007 0.696875 0.33281250000000007
0 0.7546875 0.3078125000000001 0.6984375 0.3078125000000001 0.6984375 0.3312500000000001 0.7546875 0.3312500000000001
0 0.8609375 0.3046875000000001 0.7671875 0.3046875000000001 0.7671875 0.33281250000000007 0.8609375 0.33281250000000007
0 0.20156250000000003 0.35625 0.13281250000000006 0.35625 0.13281250000000006 0.390625 0.2015625000000001 0.390625
0 0.2390625000000001 0.3671875 0.21875000000000008 0.3671875 0.21875000000000008 0.3828125 0.2390625000000001 0.3828125
0 0.32500000000000007 0.3578125 0.2484375 0.3578125 0.24843750000000003 0.384375 0.32500000000000007 0.384375
0 0.36718750000000006 0.35625000000000007 0.33125 0.35625 0.33125000000000004 0.38281250000000006 0.3671875000000001 0.3828125000000001
0 0.4125 0.3593750000000001 0.3703125 0.3593750000000001 0.37031250000000004 0.3828125000000001 0.4125 0.3828125000000001
0 0.5109375 0.3609375000000001 0.4234375 0.3609375000000001 0.4234375 0.3890625000000001 0.5109375 0.3890625000000001
0 0.590625 0.36406250000000007 0.5203125 0.36406250000000007 0.5203125 0.3921875000000001 0.590625 0.3921875000000001
0 0.5953125 0.3812500000000001 0.590625 0.3812500000000001 0.590625 0.3843750000000001 0.5953125 0.3843750000000001
0 0.7703125 0.35625000000000007 0.6078125 0.35625000000000007 0.6078125 0.3828125000000001 0.7703125 0.3828125000000001
0 0.78125 0.37968750000000007 0.775 0.37968750000000007 0.775 0.3906250000000001 0.78125 0.3906250000000001
0 0.865625 0.3593750000000001 0.7890625 0.3593750000000001 0.7890625 0.3828125000000001 0.865625 0.3828125000000001
0 0.8703125 0.3781250000000001 0.8671875 0.3781250000000001 0.8671875 0.37968750000000007 0.8703125 0.37968750000000007
0 0.2687500000000001 0.40625 0.14062500000000006 0.40625 0.14062500000000006 0.4390625 0.2687500000000001 0.4390625
0 0.3703125000000001 0.4125 0.2843750000000001 0.4125 0.2843750000000001 0.434375 0.3703125000000001 0.434375
0 0.4140625 0.4125 0.3765625000000001 0.4125 0.3765625000000001 0.434375 0.4140625 0.434375
0 0.4734375 0.409375 0.4265625 0.409375 0.4265625 0.434375 0.4734375 0.434375
0 0.55 0.4171875 0.4875 0.4171875 0.4875 0.434375 0.55 0.434375
0 0.559375 0.4296875 0.5546875 0.4296875 0.5546875 0.434375 0.559375 0.434375
0 0.6578125 0.409375 0.56875 0.409375 0.56875 0.4328125 0.6578125 0.4328125
0 0.6828125 0.4109375 0.665625 0.4109375 0.665625 0.43125 0.6828125 0.43125
0 0.8296875 0.4093750000000001 0.6921875 0.409375 0.6921875 0.4359375000000001 0.8296875 0.4359375000000002
0 0.23437500000000008 0.459375 0.13281250000000006 0.459375 0.13281250000000006 0.4859375 0.23437500000000008 0.4859375
0 0.2640625000000001 0.471875 0.2453125000000001 0.471875 0.2453125000000001 0.4859375 0.2640625000000001 0.4859375
0 0.45625 0.4578125 0.2843750000000001 0.4578125 0.2843750000000001 0.484375 0.45625 0.484375
0 0.56875 0.4609375 0.471875 0.4609375 0.471875 0.4890625 0.56875 0.4890625
0 0.625 0.4578125 0.58125 0.4578125 0.58125 0.4828125 0.625 0.4828125
0 0.7359375 0.4609375000000001 0.6390625 0.4609375 0.6390625 0.4875000000000001 0.7359375 0.48750000000000016
0 0.765625 0.47187500000000016 0.7453125 0.47187500000000016 0.7453125 0.4828125000000002 0.765625 0.4828125000000002
0 0.875 0.4625000000000002 0.7796875 0.4625000000000002 0.7796875 0.49531250000000016 0.875 0.49531250000000016
0 0.23437500000000008 0.50625 0.13281250000000006 0.50625 0.13281250000000006 0.5328125 0.23437500000000008 0.5328125
0 0.2375000000000001 0.5328125 0.2312500000000001 0.5328125 0.2312500000000001 0.5359375 0.2375000000000001 0.5359375
0 0.3625000000000001 0.5046875 0.2609375000000001 0.5046875 0.2609375000000001 0.53125 0.3625000000000001 0.53125
0 0.459375 0.5046875 0.3750000000000001 0.5046875 0.3750000000000001 0.534375 0.459375 0.534375
0 0.5515625 0.509375 0.475 0.509375 0.475 0.5328125 0.5515625 0.5328125
0 0.584375 0.521875 0.5625 0.521875 0.5625 0.5359375 0.584375 0.5359375
0 0.65 0.5125 0.603125 0.5125 0.603125 0.5328125 0.65 0.5328125