0 0.2109375 0.2046875 0.13437500000000005 0.2046875 0.13437500000000005 0.2359375 0.2109375 0.2359375
0 0.3375 0.20625 0.2265625 0.20625 0.2265625 0.253125 0.3375 0.253125
0 0.34375 0.2296875 0.340625 0.2296875 0.340625 0.23125 0.34375 0.23125
0 0.359375 0.209375 0.353125 0.209375 0.353125 0.215625 0.359375 0.215625
0 0.3796875 0.2093750000000001 0.3734375 0.2093750000000001 0.3734375 0.23593750000000008 0.3796875 0.23593750000000008
0 0.415625 0.21093750000000008 0.384375 0.21093750000000008 0.384375 0.23437500000000008 0.415625 0.23437500000000008
0 0.48125 0.20468750000000008 0.4265625 0.20468750000000008 0.4265625 0.23437500000000008 0.48125 0.23437500000000008
0 0.53125 0.2140625000000001 0.4984375 0.2140625000000001 0.4984375 0.2312500000000001 0.53125 0.2312500000000001
0 0.6234375 0.2078125000000001 0.5484375 0.2078125000000001 0.5484375 0.2312500000000001 0.6234375 0.2312500000000001
0 0.6609375 0.20468750000000008 0.640625 0.20468750000000008 0.640625 0.2484375000000001 0.6609375 0.2484375000000001
0 0.7828125 0.2093750000000001 0.678125 0.2093750000000001 0.678125 0.2453125000000001 0.7828125 0.2453125000000001
0 0.7875 0.2328125000000001 0.784375 0.2328125000000001 0.784375 0.23437500000000008 0.7875 0.23437500000000008
0 0.7953125 0.2078125000000001 0.7890625 0.2078125000000001 0.7890625 0.21250000000000008 0.7953125 0.21250000000000008
0 0.815625 0.2093750000000001 0.8125 0.2093750000000001 0.8125 0.2156250000000001 0.815625 0.2156250000000001
0 0.88125 0.2093750000000001 0.815625 0.2093750000000001 0.815625 0.2390625000000001 0.88125 0.2390625000000001
0 0.17343750000000005 0.259375 0.13906250000000003 0.259375 0.13906250000000003 0.3046875 0.17343750000000005 0.3046875
0 0.2015625 0.259375 0.18437500000000004 0.259375 0.18437500000000004 0.2828125 0.2015625 0.2828125
0 0.209375 0.275 0.20625 0.275 0.20625 0.284375 0.209375 0.284375
0 0.2171875 0.2578125 0.2125 0.2578125 0.2125 0.2640625 0.2171875 0.2640625
0 0.2953125 0.2578125 0.24375 0.2578125 0.24375 0.2875 0.2953125 0.2875
0 0.409375 0.25781250000000006 0.309375 0.2578125 0.309375 0.30156250000000007 0.409375 0.30156250000000007
0 0.41875 0.2812500000000001 0.415625 0.2812500000000001 0.415625 0.2828125000000001 0.41875 0.2828125000000001
0 0.4390625 0.2609375000000001 0.43125 0.2609375000000001 0.43125 0.2671875000000001 0.4390625 0.2671875000000001
0 0.4875 0.2609375000000001 0.446875 0.2609375000000001 0.446875 0.2828125000000001 0.4875 0.2828125000000001
0 0.6359375 0.2593750000000001 0.503125 0.2593750000000001 0.503125 0.3000000000000001 0.6359375 0.3000000000000001
0 0.6640625 0.2593750000000001 0.6484375 0.2593750000000001 0.6484375 0.2984375000000001 0.6640625 0.2984375000000001
0 0.7234375 0.2593750000000001 0.678125 0.2593750000000001 0.678125 0.2843750000000001 0.7234375 0.2843750000000001
0 0.846875 0.2593750000000001 0.7328125 0.2593750000000001 0.7328125 0.3046875000000001 0.846875 0.3046875000000001
0 0.228125 0.3078125 0.13750000000000004 0.3078125 0.13750000000000004 0.3375 0.228125 0.3375
0 0.334375 0.3109375 0.240625 0.3109375 0.240625 0.3375 0.334375 0.3375
0 0.4109375 0.30937500000000007 0.3484375 0.309375 0.3484375 0.33437500000000003 0.4109375 0.3343750000000001
0 0.4359375 0.3156250000000001 0.4171875 0.3156250000000001 0.4171875 0.33281250000000007 0.4359375 0.33281250000000007
0 0.528125 0.3203125000000001 0.459375 0.3203125000000001 0.459375 0.3593750000000001 0.528125 0.3593750000000001
0 0.5671875 0.3218750000000001 0.5390625 0.3218750000000001 0.5390625 0.3343750000000001 0.5671875 0.3343750000000001
0 0.5765625 0.3281250000000001 0.5734375 0.3281250000000001 0.5734375 0.3296875000000001 0.5765625 0.3296875000000001
0 0.6125 0.3046875000000001 0.590625 0.3046875000000001 0.590625 0.3453125000000001 0.6125 0.3453125000000001
0 0.66875 0.3062500000000001 0.634375 0.3062500000000001 0.634375 0.3359375000000001 0.66875 0.3359375000000001
0 0.7703125 0.3109375000000001 0.684375 0.3109375000000001 0.684375 0.3343750000000001 0.7703125 0.3343750000000001
0 0.859375 0.3140625000000001 0.7796875 0.3140625000000001 0.7796875 0.3343750000000001 0.859375 0.3343750000000001
0 0.865625 0.3281250000000001 0.8515625 0.3281250000000001 0.8515625 0.3421875000000001 0.865625 0.3421875000000001
0 0.2000000000000001 0.365625 0.13593750000000004 0.365625 0.13593750000000004 0.4078125 0.2000000000000001 0.4078125
0 0.30937500000000007 0.3578125 0.2171875 0.3578125 0.21718750000000003 0.3875 0.30937500000000007 0.3875
0 0.3750000000000001 0.37187500000000007 0.3265625000000001 0.371875 0.3265625000000001 0.4046875 0.3750000000000001 0.4046875
0 0.39531250000000007 0.3625000000000001 0.3796875 0.3625000000000001 0.37968750000000007 0.3843750000000001 0.39531250000000007 0.3843750000000001
0 0.4125 0.3578125000000001 0.40625 0.3578125000000001 0.40625 0.3625000000000001 0.4125 0.3625000000000001
0 0.45 0.3578125000000001 0.4421875 0.3578125000000001 0.4421875 0.3656250000000001 0.45 0.3656250000000001
0 0.4734375 0.3578125000000001 0.46875 0.3578125000000001 0.46875 0.3843750000000001 0.4734375 0.3843750000000001
0 0.5296875 0.3687500000000001 0.490625 0.3687500000000001 0.490625 0.38750000000000007 0.5296875 0.38750000000000007
0 0.534375 0.37968750000000007 0.5328125 0.37968750000000007 0.5328125 0.3828125000000001 0.534375 0.3828125000000001
0 0.54375 0.3578125000000001 0.5390625 0.3578125000000001 0.5390625 0.3625000000000001 0.54375 0.3625000000000001
0 0.6546875 0.3546875000000001 0.5703125 0.3546875000000001 0.5703125 0.38750000000000007 0.6546875 0.38750000000000007
0 0.725 0.3625000000000001 0.6671875 0.3625000000000001 0.6671875 0.3859375000000001 0.725 0.3859375000000001
0 0.7859375 0.3593750000000001 0.74375 0.3593750000000001 0.74375 0.3843750000000001 0.7859375 0.3843750000000001
0 0.2250000000000001 0.40625 0.12968750000000004 0.40625 0.12968750000000004 0.4625 0.2250000000000001 0.4625
0 0.3109375000000001 0.403125 0.2500000000000001 0.403125 0.2500000000000001 0.4578125 0.3109375000000001 0.4578125
0 0.39531250000000007 0.409375 0.3375000000000001 0.409375 0.3375000000000001 0.434375 0.39531250000000007 0.434375
0 0.496875 0.4078125 0.4109375 0.4078125 0.4109375 0.4359375 0.496875 0.4359375
0 0.5671875 0.421875 0.515625 0.421875 0.515625 0.4359375 0.5671875 0.4359375
0 0.628125 0.4171875 0.5875 0.4171875 0.5875 0.4421875 0.628125 0.4421875
0 0.690625 0.4203125 0.64375 0.4203125 0.64375 0.440625 0.690625 0.440625
0 0.74375 0.4140625000000001 0.70625 0.4140625 0.70625 0.4375000000000001 0.74375 0.43750000000000017
0 0.8109375 0.4078125000000002 0.7640625 0.4078125000000002 0.7640625 0.43750000000000017 0.8109375 0.43750000000000017
0 0.2656250000000001 0.471875 0.12656250000000005 0.471875 0.12656250000000005 0.5046875 0.2656250000000001 0.5046875
0 0.2750000000000001 0.484375 0.2718750000000001 0.484375 0.2718750000000001 0.4875 0.2750000000000001 0.4875
0 0.3031250000000001 0.4625 0.2984375000000001 0.4625 0.2984375000000001 0.46875 0.3031250000000001 0.46875
0 0.36406250000000007 0.4625 0.3125000000000001 0.4625 0.3125000000000001 0.5078125 0.36406250000000007 0.5078125
0 0.4625 0.465625 0.3812500000000001 0.465625 0.3812500000000001 0.4875 0.4625 0.4875
0 0.5171875 0.475 0.48125 0.475 0.48125 0.4859375 0.5171875 0.4859375
0 0.5546875 0.465625 0.5328125 0.465625 0.5328125 0.4875 0.5546875 0.4875
0 0.634375 0.4640625 0.5734375 0.4640625 0.5734375 0.4875 0.634375 0.4875
0 0.6453125 0.48125 0.6421875 0.48125 0.6421875 0.4890625 0.6453125 0.4890625
0 0.6875 0.475 0.66875 0.475 0.66875 0.4875 0.6875 0.4875
0 0.7734375 0.4625000000000001 0.709375 0.4625 0.709375 0.48906250000000007 0.7734375 0.4890625000000002
0 0.8203125 0.4656250000000002 0.7984375 0.4656250000000002 0.7984375 0.4859375000000002 0.8203125 0.4859375000000002
0 0.840625 0.4656250000000002 0.8265625 0.4656250000000002 0.8265625 0.4859375000000002 0.840625 0.4859375000000002
0 0.853125 0.4625000000000002 0.846875 0.4625000000000002 0.846875 0.46875000000000017 0.853125 0.46875000000000017