0 0.228125 0.2515625 0.14062500000000006 0.2515625 0.14062500000000006 0.284375 0.228125 0.284375
0 0.3234375 0.2484375 0.240625 0.2484375 0.240625 0.2828125 0.3234375 0.2828125
0 0.3859375 0.24843750000000003 0.3390625 0.2484375 0.3390625 0.275 0.3859375 0.2750000000000001
0 0.465625 0.2484375000000001 0.4015625 0.2484375000000001 0.4015625 0.2734375000000001 0.465625 0.2734375000000001
0 0.5015625 0.2593750000000001 0.48125 0.2593750000000001 0.48125 0.2734375000000001 0.5015625 0.2734375000000001
0 0.590625 0.2515625000000001 0.5171875 0.2515625000000001 0.5171875 0.2734375000000001 0.590625 0.2734375000000001
0 0.7 0.2484375000000001 0.6078125 0.2484375000000001 0.6078125 0.2812500000000001 0.7 0.2812500000000001
0 0.7453125 0.2500000000000001 0.715625 0.2500000000000001 0.715625 0.2812500000000001 0.7453125 0.2812500000000001
0 0.79375 0.2500000000000001 0.759375 0.2500000000000001 0.759375 0.2750000000000001 0.79375 0.2750000000000001
0 0.8546875 0.2515625000000001 0.8078125 0.2515625000000001 0.8078125 0.2750000000000001 0.8546875 0.2750000000000001
0 0.2328125 0.303125 0.14062500000000006 0.303125 0.14062500000000006 0.3234375 0.2328125 0.3234375
0 0.2453125 0.3109375 0.2390625 0.3109375 0.2390625 0.3296875 0.2453125 0.3296875
0 0.33125 0.3078125 0.2578125 0.3078125 0.2578125 0.325 0.33125 0.325
0 0.3734375 0.30156250000000007 0.346875 0.3015625 0.346875 0.33125000000000004 0.3734375 0.3312500000000001
0 0.4234375 0.3000000000000001 0.3828125 0.3000000000000001 0.3828125 0.3234375000000001 0.4234375 0.3234375000000001
0 0.4984375 0.3000000000000001 0.4390625 0.3000000000000001 0.4390625 0.3343750000000001 0.4984375 0.3343750000000001
0 0.59375 0.3000000000000001 0.51875 0.3000000000000001 0.51875 0.32500000000000007 0.59375 0.32500000000000007
0 0.6578125 0.30156250000000007 0.609375 0.30156250000000007 0.609375 0.32500000000000007 0.6578125 0.32500000000000007
0 0.7375 0.30156250000000007 0.675 0.30156250000000007 0.675 0.32500000000000007 0.7375 0.32500000000000007
0 0.846875 0.30156250000000007 0.7515625 0.30156250000000007 0.7515625 0.3343750000000001 0.846875 0.3343750000000001
0 0.17656250000000004 0.3609375 0.13437500000000005 0.3609375 0.13437500000000005 0.3734375 0.17656250000000004 0.3734375
0 0.20937500000000003 0.3515625 0.18281250000000004 0.3515625 0.18281250000000004 0.375 0.2093750000000001 0.375
0 0.26562500000000006 0.3515625 0.2203125 0.3515625 0.22031250000000005 0.3734375 0.2656250000000001 0.3734375
0 0.37031250000000004 0.353125 0.278125 0.353125 0.27812500000000007 0.37500000000000006 0.3703125000000001 0.3750000000000001
0 0.534375 0.3515625000000001 0.384375 0.3515625000000001 0.384375 0.3859375000000001 0.534375 0.3859375000000001
0 0.5421875 0.3703125000000001 0.5390625 0.3703125000000001 0.5390625 0.3734375000000001 0.5421875 0.3734375000000001
0 0.609375 0.3546875000000001 0.5578125 0.3546875000000001 0.5578125 0.3750000000000001 0.609375 0.3750000000000001
0 0.6484375 0.3531250000000001 0.621875 0.3531250000000001 0.621875 0.3843750000000001 0.6484375 0.3843750000000001
0 0.73125 0.3515625000000001 0.65625 0.3515625000000001 0.65625 0.3765625000000001 0.73125 0.3765625000000001
0 0.803125 0.3609375000000001 0.746875 0.3609375000000001 0.746875 0.3750000000000001 0.803125 0.3750000000000001
0 0.871875 0.3500000000000001 0.8140625 0.3500000000000001 0.8140625 0.3734375000000001 0.871875 0.3734375000000001
0 0.18437500000000004 0.4125 0.14062500000000006 0.4125 0.14062500000000006 0.425 0.18437500000000004 0.425
0 0.2984375000000001 0.4 0.2000000000000001 0.4 0.2000000000000001 0.4296875 0.2984375000000001 0.4296875
0 0.40625 0.403125 0.30937500000000007 0.403125 0.30937500000000007 0.4265625 0.40625 0.4265625
0 0.48125 0.4 0.4203125 0.4 0.4203125 0.43125 0.48125 0.43125
0 0.515625 0.4125 0.49375 0.4125 0.49375 0.4265625 0.515625 0.4265625
0 0.59375 0.4015625 0.5265625 0.4015625 0.5265625 0.4328125 0.59375 0.4328125
0 0.60625 0.4203125 0.6015625 0.4203125 0.6015625 0.43125 0.60625 0.43125
0 0.6578125 0.4140625 0.6171875 0.4140625 0.6171875 0.428125 0.6578125 0.428125
0 0.759375 0.4015625000000001 0.6703125 0.4015625 0.6703125 0.4390625000000001 0.759375 0.4390625000000002
0 0.8125 0.4125000000000002 0.7734375 0.4125000000000002 0.7734375 0.4359375000000002 0.8125 0.4359375000000002
0 0.84375 0.41406250000000017 0.8234375 0.41406250000000017 0.8234375 0.4265625000000002 0.84375 0.4265625000000002
0 0.2000000000000001 0.4609375 0.14375000000000004 0.4609375 0.14375000000000004 0.475 0.2000000000000001 0.475
0 0.4140625 0.453125 0.2156250000000001 0.453125 0.2156250000000001 0.4828125 0.4140625 0.4828125
0 0.425 0.46875 0.4203125 0.46875 0.4203125 0.4796875 0.425 0.4796875
0 0.46875 0.453125 0.4375 0.453125 0.4375 0.475 0.46875 0.475
0 0.5359375 0.45625 0.48125 0.45625 0.48125 0.4765625 0.5359375 0.4765625
0 0.6109375 0.4625 0.553125 0.4625 0.553125 0.4765625 0.6109375 0.4765625
0 0.75625 0.4546875000000001 0.625 0.4546875 0.625 0.4875000000000001 0.75625 0.48750000000000016
0 0.7671875 0.47187500000000016 0.7640625 0.47187500000000016 0.7640625 0.4812500000000002 0.7671875 0.4812500000000002
0 0.8703125 0.45312500000000017 0.7796875 0.45312500000000017 0.7796875 0.47656250000000017 0.8703125 0.47656250000000017
0 0.16406250000000006 0.503125 0.13750000000000004 0.503125 0.13750000000000004 0.525 0.16406250000000006 0.525
0 0.22031250000000008 0.5046875 0.17343750000000005 0.5046875 0.17343750000000005 0.525 0.22031250000000008 0.525
0 0.3359375000000001 0.50625 0.2328125000000001 0.50625 0.2328125000000001 0.5265625 0.3359375000000001 0.5265625
0 0.5078125 0.503125 0.3500000000000001 0.503125 0.3500000000000001 0.5359375 0.5078125 0.5359375
0 0.5484375 0.503125 0.5203125 0.503125 0.5203125 0.5328125 0.5484375 0.5328125
0 0.70625 0.503125 0.5578125 0.503125 0.5578125 0.53125 0.70625 0.53125
0 0.7734375 0.5062500000000001 0.71875 0.50625 0.71875 0.5281250000000001 0.7734375 0.5281250000000002
0 0.865625 0.5046875000000002 0.7859375 0.5046875000000002 0.7859375 0.5281250000000002 0.865625 0.5281250000000002
0 0.875 0.5218750000000002 0.871875 0.5218750000000002 0.871875 0.5265625000000002 0.875 0.5265625000000002
0 0.16562500000000008 0.5515625 0.13437500000000008 0.5515625 0.13437500000000008 0.578125 0.16562500000000008 0.578125
0 0.27031250000000007 0.553125 0.18125000000000008 0.553125 0.18125000000000008 0.5765625 0.27031250000000007 0.5765625
0 0.34843750000000007 0.5546875 0.2843750000000001 0.5546875 0.2843750000000001 0.578125 0.34843750000000007 0.578125
0 0.4265625 0.5578125 0.3609375000000001 0.5578125 0.3609375000000001 0.578125 0.4265625 0.578125
0 0.6015625 0.5546875 0.4390625 0.5546875 0.4390625 0.584375 0.6015625 0.584375
0 0.646875 0.553125 0.6171875 0.553125 0.6171875 0.578125 0.646875 0.578125
0 0.6953125 0.553125 0.6578125 0.553125 0.6578125 0.578125 0.6953125 0.578125
0 0.8484375 0.5546875000000001 0.7078125 0.5546875 0.7078125 0.5781250000000001 0.8484375 0.5781250000000002
0 0.1671875000000001 0.6015625 0.1437500000000001 0.6015625 0.1437500000000001 0.6328125 0.1671875000000001 0.6328125
0 0.2500000000000001 0.603125 0.18125000000000008 0.603125 0.18125000000000008 0.634375 0.2500000000000001 0.634375
0 0.3203125000000001 0.6015625 0.2671875000000001 0.6015625 0.2671875000000001 0.6265625 0.3203125000000001 0.6265625
0 0.4421875 0.603125 0.3390625000000001 0.603125 0.3390625000000001 0.634375 0.4421875 0.634375
0 0.5140625 0.603125 0.459375 0.603125 0.459375 0.628125 0.5140625 0.628125
0 0.5859375 0.603125 0.521875 0.603125 0.521875 0.628125 0.5859375 0.628125
0 0.7515625 0.6062500000000001 0.5953125 0.60625 0.5953125 0.6328125000000001 0.7515625 0.6328125000000002
0 0.8328125 0.6046875000000002 0.7671875 0.6046875000000002 0.7671875 0.6296875000000002 0.8328125 0.6296875000000002
0 0.86875 0.6046875000000002 0.8453125 0.6046875000000002 0.8453125 0.6281250000000002 0.86875 0.6281250000000002
0 0.3390625000000001 0.6546875 0.14062500000000008 0.6546875 0.14062500000000008 0.6875 0.3390625000000001 0.6875
0 0.39531250000000007 0.665625 0.3546875000000001 0.665625 0.3546875000000001 0.678125 0.39531250000000007 0.678125
0 0.4421875 0.653125 0.3968750000000001 0.653125 0.3968750000000001 0.678125 0.4421875 0.678125
0 0.578125 0.6546875 0.459375 0.6546875 0.459375 0.6859375 0.578125 0.6859375
0 0.671875 0.6546875 0.59375 0.6546875 0.59375 0.6890625 0.671875 0.6890625
0 0.68125 0.6734375 0.678125 0.6734375 0.678125 0.684375 0.68125 0.684375
0 0.7421875 0.6531250000000001 0.690625 0.653125 0.690625 0.6796875000000001 0.7421875 0.6796875000000002
0 0.8328125 0.6656250000000001 0.7578125 0.6656250000000001 0.7578125 0.6906250000000002 0.8328125 0.6906250000000002
0 0.25468750000000007 0.7 0.1390625000000001 0.7 0.1390625000000001 0.7296875 0.25468750000000007 0.7296875
0 0.3140625000000001 0.70625 0.27031250000000007 0.70625 0.27031250000000007 0.7375 0.3140625000000001 0.7375
0 0.4468750000000001 0.703125 0.3234375000000001 0.703125 0.3234375000000001 0.7296875 0.4468750000000002 0.7296875
0 0.565625 0.703125 0.459375 0.703125 0.4593750000000001 0.7359375 0.5656250000000002 0.7359375
0 0.64375 0.70625 0.578125 0.70625 0.5781250000000001 0.728125 0.6437500000000002 0.728125
0 0.6781250000000001 0.7171875 0.659375 0.7171875 0.659375 0.73125 0.6781250000000002 0.73125
0 0.76875 0.7015625000000001 0.690625 0.7015625 0.690625 0.7296875 0.7687500000000002 0.7296875000000002
0 0.81875 0.7015625000000002 0.784375 0.7015625000000002 0.784375 0.7375000000000002 0.81875 0.7375000000000002
0 0.2828125000000001 0.7640625 0.1437500000000001 0.7640625 0.1437500000000001 0.790625 0.2828125000000001 0.790625
0 0.2843750000000001 0.7828125 0.2812500000000001 0.7828125 0.2812500000000001 0.784375 0.2843750000000001 0.784375