0 0.215625 0.203125 0.13750000000000004 0.203125 0.13750000000000004 0.23125 0.215625 0.23125
0 0.2546875 0.215625 0.2125 0.215625 0.2125 0.2328125 0.2546875 0.2328125
0 0.31875 0.215625 0.2671875 0.215625 0.2671875 0.240625 0.31875 0.240625
0 0.453125 0.20625000000000004 0.3265625 0.20625 0.3265625 0.23750000000000004 0.453125 0.2375000000000001
0 0.515625 0.2062500000000001 0.46875 0.2062500000000001 0.46875 0.2375000000000001 0.515625 0.2375000000000001
0 0.5203125 0.22812500000000008 0.515625 0.22812500000000008 0.515625 0.2375000000000001 0.5203125 0.2375000000000001
0 0.659375 0.2078125000000001 0.534375 0.2078125000000001 0.534375 0.2375000000000001 0.659375 0.2375000000000001
0 0.6515625 0.2296875000000001 0.646875 0.2296875000000001 0.646875 0.2328125000000001 0.6515625 0.2328125000000001
0 0.7109375 0.2093750000000001 0.66875 0.2093750000000001 0.66875 0.2296875000000001 0.7109375 0.2296875000000001
0 0.825 0.2078125000000001 0.7203125 0.2078125000000001 0.7203125 0.2375000000000001 0.825 0.2375000000000001
0 0.8734375 0.2078125000000001 0.828125 0.2078125000000001 0.828125 0.2406250000000001 0.8734375 0.2406250000000001
0 0.2921875 0.25625 0.13125000000000003 0.25625 0.13125000000000003 0.2921875 0.2921875 0.2921875
0 0.4265625 0.25468750000000007 0.309375 0.2546875 0.309375 0.28906250000000006 0.4265625 0.2890625000000001
0 0.4421875 0.2812500000000001 0.4359375 0.2812500000000001 0.4359375 0.2843750000000001 0.4421875 0.2843750000000001
0 0.4671875 0.2578125000000001 0.4578125 0.2578125000000001 0.4578125 0.2640625000000001 0.4671875 0.2640625000000001
0 0.540625 0.2593750000000001 0.4671875 0.2593750000000001 0.4671875 0.2875000000000001 0.540625 0.2875000000000001
0 0.6609375 0.2562500000000001 0.5578125 0.2562500000000001 0.5578125 0.2906250000000001 0.6609375 0.2906250000000001
0 0.753125 0.2578125000000001 0.6609375 0.2578125000000001 0.6609375 0.2843750000000001 0.753125 0.2843750000000001
0 0.825 0.2578125000000001 0.7671875 0.2578125000000001 0.7671875 0.2812500000000001 0.825 0.2812500000000001
0 0.2703125 0.3046875 0.13750000000000004 0.3046875 0.13750000000000004 0.3328125 0.2703125 0.3328125
0 0.365625 0.30781250000000004 0.284375 0.3078125 0.284375 0.33125000000000004 0.365625 0.3312500000000001
0 0.41875 0.3046875000000001 0.3765625 0.3046875000000001 0.3765625 0.33281250000000007 0.41875 0.33281250000000007
0 0.5078125 0.3125000000000001 0.4234375 0.3125000000000001 0.4234375 0.3343750000000001 0.5078125 0.3343750000000001
0 0.5578125 0.3046875000000001 0.5125 0.3046875000000001 0.5125 0.3312500000000001 0.5578125 0.3312500000000001
0 0.634375 0.3140625000000001 0.5640625 0.3140625000000001 0.5640625 0.3312500000000001 0.634375 0.3312500000000001
0 0.6421875 0.3296875000000001 0.6375 0.3296875000000001 0.6375 0.3343750000000001 0.6421875 0.3343750000000001
0 0.69375 0.3078125000000001 0.6546875 0.3078125000000001 0.6546875 0.3390625000000001 0.69375 0.3390625000000001
0 0.734375 0.3046875000000001 0.69375 0.3046875000000001 0.69375 0.3296875000000001 0.734375 0.3296875000000001
0 0.7953125 0.3078125000000001 0.74375 0.3078125000000001 0.74375 0.33281250000000007 0.7953125 0.33281250000000007
0 0.8390625 0.3062500000000001 0.7984375 0.3062500000000001 0.7984375 0.3312500000000001 0.8390625 0.3312500000000001
0 0.24218750000000006 0.359375 0.13125000000000003 0.359375 0.13125000000000003 0.384375 0.24218750000000008 0.384375
0 0.33437500000000003 0.3546875 0.25625 0.3546875 0.25625000000000003 0.384375 0.3343750000000001 0.384375
0 0.38125000000000003 0.35625000000000007 0.34375 0.35625 0.34375000000000006 0.38750000000000007 0.3812500000000001 0.38750000000000007
0 0.4875 0.35625000000000007 0.3921875 0.35625000000000007 0.3921875 0.3859375000000001 0.4875 0.3859375000000001
0 0.5453125 0.35625000000000007 0.496875 0.35625000000000007 0.496875 0.3843750000000001 0.5453125 0.3843750000000001
0 0.6125 0.3578125000000001 0.5546875 0.3578125000000001 0.5546875 0.3843750000000001 0.6125 0.3843750000000001
0 0.6765625 0.3593750000000001 0.61875 0.3593750000000001 0.61875 0.3828125000000001 0.6765625 0.3828125000000001
0 0.7609375 0.3578125000000001 0.6828125 0.3578125000000001 0.6828125 0.3828125000000001 0.7609375 0.3828125000000001
0 0.8234375 0.35625000000000007 0.771875 0.35625000000000007 0.771875 0.37968750000000007 0.8234375 0.37968750000000007
0 0.8640625 0.3578125000000001 0.828125 0.3578125000000001 0.828125 0.3812500000000001 0.8640625 0.3812500000000001
0 0.19375000000000003 0.4046875 0.14375000000000004 0.4046875 0.14375000000000004 0.4359375 0.19375000000000003 0.4359375
0 0.3218750000000001 0.4046875 0.2156250000000001 0.4046875 0.2156250000000001 0.4390625 0.3218750000000001 0.4390625
0 0.3687500000000001 0.4203125 0.3312500000000001 0.4203125 0.3312500000000001 0.434375 0.3687500000000001 0.434375
0 0.4859375 0.409375 0.37968750000000007 0.409375 0.37968750000000007 0.4359375 0.4859375 0.4359375
0 0.5421875 0.4109375 0.5015625 0.4109375 0.5015625 0.4359375 0.5421875 0.4359375
0 0.6 0.4125 0.5484375 0.4125 0.5484375 0.4359375 0.6 0.4359375
0 0.7703125 0.41093750000000007 0.6109375 0.4109375 0.6109375 0.4375000000000001 0.7703125 0.43750000000000017
0 0.7796875 0.43281250000000016 0.7734375 0.43281250000000016 0.7734375 0.43750000000000017 0.7796875 0.43750000000000017
0 0.3046875000000001 0.4578125 0.15781250000000005 0.4578125 0.15781250000000005 0.4859375 0.3046875000000001 0.4859375
0 0.434375 0.4671875 0.3296875000000001 0.4671875 0.3296875000000001 0.4828125 0.434375 0.4828125
0 0.4984375 0.4609375 0.4484375 0.4609375 0.4484375 0.4859375 0.4984375 0.4859375
0 0.775 0.4640625000000001 0.5125 0.4640625 0.5125 0.4859375000000001 0.775 0.4859375000000002
0 0.865625 0.46875000000000017 0.7890625 0.46875000000000017 0.7890625 0.48437500000000017 0.865625 0.48437500000000017
0 0.22656250000000008 0.5171875 0.15000000000000005 0.5171875 0.15000000000000005 0.5375 0.22656250000000008 0.5375
0 0.2843750000000001 0.5078125 0.24218750000000008 0.5078125 0.24218750000000008 0.534375 0.2843750000000001 0.534375
0 0.34062500000000007 0.5078125 0.2921875000000001 0.5078125 0.2921875000000001 0.534375 0.34062500000000007 0.534375
0 0.453125 0.51875 0.35625000000000007 0.51875 0.35625000000000007 0.534375 0.453125 0.534375
0 0.4703125 0.5328125 0.46875 0.5328125 0.46875 0.534375 0.4703125 0.534375
0 0.5125 0.5015625 0.5015625 0.5015625 0.5015625 0.5109375 0.5125 0.5109375
0 0.565625 0.509375 0.515625 0.509375 0.515625 0.5375 0.565625 0.5375
0 0.7015625 0.5078125 0.5765625 0.5078125 0.5765625 0.5359375 0.7015625 0.5359375
0 0.878125 0.5109375 0.70625 0.5109375 0.70625 0.5375000000000001 0.878125 0.5375000000000002
0 0.2828125000000001 0.559375 0.1515625000000001 0.559375 0.1515625000000001 0.590625 0.2828125000000001 0.590625
0 0.2906250000000001 0.58125 0.2843750000000001 0.58125 0.2843750000000001 0.5875 0.2906250000000001 0.5875
0 0.3125000000000001 0.5546875 0.3031250000000001 0.5546875 0.3031250000000001 0.5625 0.3125000000000001 0.5625
0 0.3734375000000001 0.559375 0.3218750000000001 0.559375 0.3218750000000001 0.584375 0.3734375000000001 0.584375
0 0.4546875 0.5640625 0.3890625000000001 0.5640625 0.3890625000000001 0.5875 0.4546875 0.5875
0 0.5390625 0.565625 0.459375 0.565625 0.459375 0.5890625 0.5390625 0.5890625
0 0.6390625 0.565625 0.546875 0.565625 0.546875 0.5890625 0.6390625 0.5890625
0 0.7875 0.5640625000000001 0.65 0.5640625 0.65 0.5953125000000001 0.7875 0.5953125000000001
0 0.8 0.5875000000000001 0.7953125 0.5875000000000001 0.7953125 0.5890625000000002 0.8 0.5890625000000002