0 0.14687500000000003 0.2078125 0.13906250000000003 0.2078125 0.13906250000000003 0.215625 0.14687500000000003 0.215625
0 0.2125 0.209375 0.15000000000000005 0.209375 0.15000000000000005 0.23125 0.2125 0.23125
0 0.2265625 0.209375 0.221875 0.209375 0.221875 0.2328125 0.2265625 0.2328125
0 0.246875 0.203125 0.2390625 0.203125 0.2390625 0.2078125 0.246875 0.2078125
0 0.2953125 0.2109375 0.2625 0.2109375 0.2625 0.23125 0.2953125 0.23125
0 0.3734375 0.21093750000000006 0.3125 0.2109375 0.3125 0.23437500000000006 0.3734375 0.23437500000000008
0 0.4265625 0.22031250000000008 0.4015625 0.22031250000000008 0.4015625 0.23437500000000008 0.4265625 0.23437500000000008
0 0.5625 0.2140625000000001 0.446875 0.2140625000000001 0.446875 0.24218750000000008 0.5625 0.24218750000000008
0 0.578125 0.2312500000000001 0.575 0.2312500000000001 0.575 0.23437500000000008 0.578125 0.23437500000000008
0 0.5890625 0.2078125000000001 0.58125 0.2078125000000001 0.58125 0.2140625000000001 0.5890625 0.2140625000000001
0 0.6375 0.21093750000000008 0.5984375 0.21093750000000008 0.5984375 0.2406250000000001 0.6375 0.2406250000000001
0 0.6890625 0.21250000000000008 0.6390625 0.21250000000000008 0.6390625 0.2312500000000001 0.6890625 0.2312500000000001
0 0.753125 0.2093750000000001 0.7046875 0.2093750000000001 0.7046875 0.2296875000000001 0.753125 0.2296875000000001
0 0.8484375 0.21093750000000008 0.765625 0.21093750000000008 0.765625 0.2468750000000001 0.8484375 0.2468750000000001
0 0.16250000000000003 0.2640625 0.13750000000000004 0.2640625 0.13750000000000004 0.2828125 0.16250000000000003 0.2828125
0 0.253125 0.2578125 0.18437500000000004 0.2578125 0.18437500000000004 0.2828125 0.253125 0.2828125
0 0.315625 0.271875 0.275 0.271875 0.275 0.2984375 0.315625 0.2984375
0 0.4359375 0.26250000000000007 0.3421875 0.2625 0.3421875 0.28906250000000006 0.4359375 0.2890625000000001
0 0.484375 0.2687500000000001 0.453125 0.2687500000000001 0.453125 0.2875000000000001 0.484375 0.2875000000000001
0 0.578125 0.2734375000000001 0.50625 0.2734375000000001 0.50625 0.28593750000000007 0.578125 0.28593750000000007
0 0.6578125 0.2734375000000001 0.6015625 0.2734375000000001 0.6015625 0.2984375000000001 0.6578125 0.2984375000000001
0 0.7078125 0.27031250000000007 0.678125 0.27031250000000007 0.678125 0.2828125000000001 0.7078125 0.2828125000000001
0 0.790625 0.26250000000000007 0.7265625 0.26250000000000007 0.7265625 0.2828125000000001 0.790625 0.2828125000000001
0 0.803125 0.2796875000000001 0.7953125 0.2796875000000001 0.7953125 0.2906250000000001 0.803125 0.2906250000000001
0 0.8671875 0.27031250000000007 0.8203125 0.27031250000000007 0.8203125 0.2812500000000001 0.8671875 0.2812500000000001
0 0.18125000000000005 0.3203125 0.13906250000000003 0.3203125 0.13906250000000003 0.34375 0.18125000000000005 0.34375
0 0.2140625 0.3109375 0.2046875 0.3109375 0.2046875 0.33125 0.2140625 0.33125
0 0.234375 0.3078125 0.2265625 0.3078125 0.2265625 0.3171875 0.234375 0.3171875
0 0.2921875 0.309375 0.2828125 0.309375 0.2828125 0.31875 0.2921875 0.31875
0 0.3734375 0.3140625 0.3046875 0.3140625 0.3046875 0.33437500000000003 0.3734375 0.3343750000000001
0 0.4078125 0.3140625000000001 0.38125 0.3140625000000001 0.38125 0.3343750000000001 0.4078125 0.3343750000000001
0 0.4859375 0.3187500000000001 0.421875 0.3187500000000001 0.421875 0.3359375000000001 0.4859375 0.3359375000000001
0 0.5359375 0.3140625000000001 0.50625 0.3140625000000001 0.50625 0.33281250000000007 0.5359375 0.33281250000000007
0 0.6359375 0.3078125000000001 0.5546875 0.3078125000000001 0.5546875 0.3343750000000001 0.6359375 0.3343750000000001
0 0.6859375 0.3234375000000001 0.646875 0.3234375000000001 0.646875 0.3453125000000001 0.6859375 0.3453125000000001
0 0.7140625 0.3125000000000001 0.7078125 0.3125000000000001 0.7078125 0.3312500000000001 0.7140625 0.3312500000000001
0 0.73125 0.30937500000000007 0.7234375 0.30937500000000007 0.7234375 0.3156250000000001 0.73125 0.3156250000000001
0 0.809375 0.3156250000000001 0.7453125 0.3156250000000001 0.7453125 0.33281250000000007 0.809375 0.33281250000000007
0 0.2453125000000001 0.3640625 0.14375000000000004 0.3640625 0.14375000000000004 0.3953125 0.2453125000000001 0.3953125
0 0.2609375000000001 0.3828125 0.2562500000000001 0.3828125 0.2562500000000001 0.384375 0.2609375000000001 0.384375
0 0.2984375 0.3625 0.2890625 0.3625 0.28906250000000006 0.3703125 0.2984375000000001 0.3703125
0 0.3765625000000001 0.36562500000000003 0.3062500000000001 0.365625 0.3062500000000001 0.38593750000000004 0.3765625000000001 0.3859375000000001
0 0.428125 0.3734375000000001 0.3921875000000001 0.3734375000000001 0.3921875000000001 0.3843750000000001 0.428125 0.3843750000000001
0 0.6171875 0.3609375000000001 0.446875 0.3609375000000001 0.446875 0.39531250000000007 0.6171875 0.39531250000000007
0 0.796875 0.3609375000000001 0.6359375 0.3609375000000001 0.6359375 0.38750000000000007 0.796875 0.38750000000000007
0 0.8453125 0.36406250000000007 0.8171875 0.36406250000000007 0.8171875 0.3828125000000001 0.8453125 0.3828125000000001
0 0.17031250000000003 0.4171875 0.13750000000000004 0.4171875 0.13750000000000004 0.4359375 0.17031250000000003 0.4359375
0 0.27031250000000007 0.415625 0.19687500000000005 0.415625 0.19687500000000005 0.446875 0.27031250000000007 0.446875
0 0.3062500000000001 0.4265625 0.2890625000000001 0.4265625 0.2890625000000001 0.4296875 0.3062500000000001 0.4296875
0 0.37187500000000007 0.4140625 0.3203125000000001 0.4140625 0.3203125000000001 0.446875 0.37187500000000007 0.446875
0 0.496875 0.4125 0.3921875000000001 0.4125 0.3921875000000001 0.4359375 0.496875 0.4359375
0 0.540625 0.4125 0.5203125 0.4125 0.5203125 0.4359375 0.540625 0.4359375
0 0.6140625 0.415625 0.5578125 0.415625 0.5578125 0.4484375 0.6140625 0.4484375
0 0.6625 0.4234375 0.63125 0.4234375 0.63125 0.4359375 0.6625 0.4359375
0 0.775 0.4156250000000001 0.6796875 0.415625 0.6796875 0.4359375000000001 0.775 0.4359375000000002
0 0.80625 0.4125000000000002 0.796875 0.4125000000000002 0.796875 0.4312500000000002 0.80625 0.4312500000000002
0 0.8265625 0.40625000000000017 0.8171875 0.40625000000000017 0.8171875 0.4156250000000002 0.8265625 0.4156250000000002
0 0.2234375000000001 0.4625 0.14375000000000004 0.4625 0.14375000000000004 0.5015625 0.2234375000000001 0.5015625
0 0.31718750000000007 0.46875 0.2515625000000001 0.46875 0.2515625000000001 0.5 0.31718750000000007 0.5
0 0.3937500000000001 0.4671875 0.3421875000000001 0.4671875 0.3421875000000001 0.4859375 0.3937500000000001 0.4859375
0 0.5375 0.4640625 0.41875 0.4640625 0.41875 0.5 0.5375 0.5
0 0.55625 0.484375 0.553125 0.484375 0.553125 0.4875 0.55625 0.4875
0 0.5921875 0.4625 0.58125 0.4625 0.58125 0.4703125 0.5921875 0.4703125
0 0.634375 0.4671875 0.5953125 0.4671875 0.5953125 0.4875 0.634375 0.4875
0 0.6640625 0.465625 0.646875 0.465625 0.646875 0.4890625 0.6640625 0.4890625
0 0.7171875 0.465625 0.675 0.465625 0.675 0.484375 0.7171875 0.484375
0 0.8515625 0.4625000000000002 0.7359375 0.4625000000000002 0.7359375 0.49531250000000016 0.8515625 0.49531250000000016
0 0.29375000000000007 0.5171875 0.14843750000000006 0.5171875 0.14843750000000006 0.5375 0.29375000000000007 0.5375
0 0.3187500000000001 0.534375 0.3140625000000001 0.534375 0.3140625000000001 0.5453125 0.3187500000000001 0.5453125
0 0.4078125 0.5140625 0.33281250000000007 0.5140625 0.33281250000000007 0.5375 0.4078125 0.5375
0 0.4546875 0.515625 0.425 0.515625 0.425 0.5375 0.4546875 0.5375
0 0.4828125 0.5125 0.471875 0.5125 0.471875 0.5359375 0.4828125 0.5359375
0 0.5046875 0.509375 0.4953125 0.509375 0.4953125 0.5203125 0.5046875 0.5203125
0 0.5484375 0.515625 0.51875 0.515625 0.51875 0.5359375 0.5484375 0.5359375
0 0.6296875 0.51875 0.5671875 0.51875 0.5671875 0.5375 0.6296875 0.5375
0 0.759375 0.5125000000000001 0.6515625 0.5125 0.6515625 0.5515625000000001 0.759375 0.5515625000000002
0 0.7734375 0.5359375000000002 0.7703125 0.5359375000000002 0.7703125 0.5375000000000002 0.7734375 0.5375000000000002