0 0.16875000000000004 0.2546875 0.15156250000000004 0.2546875 0.15156250000000004 0.271875 0.16875000000000004 0.271875
0 0.240625 0.2546875 0.19062500000000004 0.2546875 0.19062500000000004 0.284375 0.240625 0.284375
0 0.315625 0.2578125 0.259375 0.2578125 0.259375 0.2734375 0.315625 0.2734375
0 0.409375 0.25625000000000003 0.3390625 0.25625 0.3390625 0.28125000000000006 0.409375 0.2812500000000001
0 0.4703125 0.2593750000000001 0.434375 0.2593750000000001 0.434375 0.2750000000000001 0.4703125 0.2750000000000001
0 0.5515625 0.2562500000000001 0.4859375 0.2562500000000001 0.4859375 0.2750000000000001 0.5515625 0.2750000000000001
0 0.5921875 0.2562500000000001 0.575 0.2562500000000001 0.575 0.2812500000000001 0.5921875 0.2812500000000001
0 0.684375 0.2562500000000001 0.6140625 0.2562500000000001 0.6140625 0.2734375000000001 0.684375 0.2734375000000001
0 0.7859375 0.2593750000000001 0.7046875 0.2593750000000001 0.7046875 0.2750000000000001 0.7859375 0.2750000000000001
0 0.8328125 0.2609375000000001 0.80625 0.2609375000000001 0.80625 0.2734375000000001 0.8328125 0.2734375000000001
0 0.225 0.3046875 0.14843750000000006 0.3046875 0.14843750000000006 0.334375 0.225 0.334375
0 0.2828125 0.30625 0.2484375 0.30625 0.2484375 0.3265625 0.2828125 0.3265625
0 0.3421875 0.3140625 0.2953125 0.3140625 0.2953125 0.3296875 0.3421875 0.3296875
0 0.4578125 0.3062500000000001 0.365625 0.3062500000000001 0.365625 0.3234375000000001 0.4578125 0.3234375000000001
0 0.4921875 0.3078125000000001 0.475 0.3078125000000001 0.475 0.3312500000000001 0.4921875 0.3312500000000001
0 0.5484375 0.3078125000000001 0.5046875 0.3078125000000001 0.5046875 0.3234375000000001 0.5484375 0.3234375000000001
0 0.675 0.3062500000000001 0.5671875 0.3062500000000001 0.5671875 0.3281250000000001 0.675 0.3281250000000001
0 0.75625 0.3078125000000001 0.690625 0.3078125000000001 0.690625 0.3234375000000001 0.75625 0.3234375000000001
0 0.76875 0.3218750000000001 0.7640625 0.3218750000000001 0.7640625 0.32500000000000007 0.76875 0.32500000000000007
0 0.803125 0.3062500000000001 0.7875 0.3062500000000001 0.7875 0.3218750000000001 0.803125 0.3218750000000001
0 0.24843750000000003 0.35625 0.15000000000000005 0.35625 0.15000000000000005 0.384375 0.2484375000000001 0.384375
0 0.3265625000000001 0.365625 0.27031250000000007 0.365625 0.27031250000000007 0.3890625 0.3265625000000001 0.3890625
0 0.4109375 0.36562500000000003 0.3515625000000001 0.365625 0.3515625000000001 0.3765625 0.4109375 0.3765625000000001
0 0.4765625 0.3593750000000001 0.4359375 0.3593750000000001 0.4359375 0.3765625000000001 0.4765625 0.3765625000000001
0 0.575 0.3578125000000001 0.496875 0.3578125000000001 0.496875 0.3750000000000001 0.575 0.3750000000000001
0 0.6609375 0.3578125000000001 0.6 0.3578125000000001 0.6 0.38750000000000007 0.6609375 0.38750000000000007
0 0.71875 0.3671875000000001 0.678125 0.3671875000000001 0.678125 0.3750000000000001 0.71875 0.3750000000000001
0 0.871875 0.3531250000000001 0.7421875 0.3531250000000001 0.7421875 0.3765625000000001 0.871875 0.3765625000000001
0 0.2156250000000001 0.4046875 0.14531250000000004 0.4046875 0.14531250000000004 0.4265625 0.2156250000000001 0.4265625
0 0.3265625000000001 0.4109375 0.2453125000000001 0.4109375 0.2453125000000001 0.4265625 0.3265625000000001 0.4265625
0 0.3765625000000001 0.409375 0.3500000000000001 0.409375 0.3500000000000001 0.425 0.3765625000000001 0.425
0 0.4859375 0.4109375 0.39531250000000007 0.4109375 0.39531250000000007 0.4265625 0.4859375 0.4265625
0 0.5296875 0.4171875 0.5078125 0.4171875 0.5078125 0.4265625 0.5296875 0.4265625
0 0.5890625 0.409375 0.5453125 0.409375 0.5453125 0.4375 0.5890625 0.4375
0 0.6515625 0.409375 0.6140625 0.409375 0.6140625 0.425 0.6515625 0.425
0 0.69375 0.4109375 0.6703125 0.4109375 0.6703125 0.425 0.69375 0.425
0 0.7890625 0.4093750000000001 0.7046875 0.409375 0.7046875 0.42656250000000007 0.7890625 0.4265625000000002
0 0.8625 0.41406250000000017 0.809375 0.41406250000000017 0.809375 0.4265625000000002 0.8625 0.4265625000000002
0 0.16406250000000006 0.4671875 0.15000000000000005 0.4671875 0.15000000000000005 0.475 0.16406250000000006 0.475
0 0.3187500000000001 0.459375 0.19062500000000004 0.459375 0.19062500000000004 0.4765625 0.3187500000000001 0.4765625
0 0.45625 0.459375 0.3500000000000001 0.459375 0.3500000000000001 0.484375 0.45625 0.484375
0 0.46875 0.475 0.465625 0.475 0.465625 0.478125 0.46875 0.478125
0 0.6015625 0.45625 0.49375 0.45625 0.49375 0.4859375 0.6015625 0.4859375
0 0.709375 0.459375 0.625 0.459375 0.625 0.4859375 0.709375 0.4859375
0 0.746875 0.46875000000000017 0.7328125 0.46875000000000017 0.7328125 0.4781250000000002 0.746875 0.4781250000000002
0 0.8140625 0.46875000000000017 0.7609375 0.46875000000000017 0.7609375 0.4890625000000002 0.8140625 0.4890625000000002
0 0.2593750000000001 0.5078125 0.15156250000000004 0.5078125 0.15156250000000004 0.5265625 0.2593750000000001 0.5265625
0 0.3359375000000001 0.509375 0.28593750000000007 0.509375 0.28593750000000007 0.5390625 0.3359375000000001 0.5390625
0 0.490625 0.50625 0.3671875000000001 0.50625 0.3671875000000001 0.528125 0.490625 0.528125
0 0.609375 0.509375 0.515625 0.509375 0.515625 0.534375 0.609375 0.534375
0 0.66875 0.5109375 0.634375 0.5109375 0.634375 0.528125 0.66875 0.528125
0 0.8359375 0.5109375 0.6859375 0.5109375 0.6859375 0.5281250000000001 0.8359375 0.5281250000000002
0 0.2328125000000001 0.5578125 0.1468750000000001 0.5578125 0.1468750000000001 0.578125 0.2328125000000001 0.578125
0 0.2484375000000001 0.5703125 0.24375000000000008 0.5703125 0.24375000000000008 0.5796875 0.2484375000000001 0.5796875
0 0.3046875000000001 0.5625 0.2671875000000001 0.5625 0.2671875000000001 0.5875 0.3046875000000001 0.5875
0 0.3703125000000001 0.5609375 0.3296875000000001 0.5609375 0.3296875000000001 0.578125 0.3703125000000001 0.578125
0 0.45 0.5609375 0.3921875000000001 0.5609375 0.3921875000000001 0.578125 0.45 0.578125
0 0.51875 0.5578125 0.4703125 0.5578125 0.4703125 0.5859375 0.51875 0.5859375
0 0.6640625 0.5578125 0.546875 0.5578125 0.546875 0.578125 0.6640625 0.578125
0 0.703125 0.56875 0.690625 0.56875 0.690625 0.5765625 0.703125 0.5765625
0 0.790625 0.5687500000000001 0.7234375 0.56875 0.7234375 0.5890625 0.790625 0.5890625000000002
0 0.8421875 0.5609375000000002 0.8203125 0.5609375000000002 0.8203125 0.5859375000000002 0.8421875 0.5859375000000002
0 0.2140625000000001 0.615625 0.1546875000000001 0.615625 0.1546875000000001 0.628125 0.2140625000000001 0.628125
0 0.28593750000000007 0.6078125 0.24375000000000008 0.6078125 0.24375000000000008 0.628125 0.28593750000000007 0.628125
0 0.29375000000000007 0.6234375 0.2906250000000001 0.6234375 0.2906250000000001 0.6265625 0.29375000000000007 0.6265625