0 0.16718750000000004 0.2125 0.14843750000000006 0.2125 0.14843750000000006 0.23125 0.16718750000000004 0.23125
0 0.17812500000000003 0.2203125 0.15937500000000004 0.2203125 0.15937500000000004 0.23125 0.17812500000000003 0.23125
0 0.2125 0.2109375 0.18593750000000003 0.2109375 0.18593750000000003 0.2328125 0.2125 0.2328125
0 0.265625 0.2109375 0.2203125 0.2109375 0.2203125 0.2359375 0.265625 0.2359375
0 0.303125 0.2234375 0.26875 0.2234375 0.26875 0.2390625 0.303125 0.2390625
0 0.3546875 0.215625 0.3125 0.215625 0.3125 0.2375 0.3546875 0.2375
0 0.3953125 0.21250000000000005 0.3578125 0.2125 0.3578125 0.23281250000000003 0.3953125 0.2328125000000001
0 0.471875 0.2140625000000001 0.4046875 0.2140625000000001 0.4046875 0.2375000000000001 0.471875 0.2375000000000001
0 0.5046875 0.21250000000000008 0.4765625 0.21250000000000008 0.4765625 0.2312500000000001 0.5046875 0.2312500000000001
0 0.6640625 0.2078125000000001 0.5109375 0.2078125000000001 0.5109375 0.2328125000000001 0.6640625 0.2328125000000001
0 0.7296875 0.21093750000000008 0.671875 0.21093750000000008 0.671875 0.2328125000000001 0.7296875 0.2328125000000001
0 0.734375 0.2296875000000001 0.7234375 0.2296875000000001 0.7234375 0.2390625000000001 0.734375 0.2390625000000001
0 0.8015625 0.21093750000000008 0.7453125 0.21093750000000008 0.7453125 0.2328125000000001 0.8015625 0.2328125000000001
0 0.2375 0.2625 0.14531250000000004 0.2625 0.14531250000000004 0.2921875 0.2375 0.2921875
0 0.4046875 0.26093750000000004 0.2484375 0.2609375 0.2484375 0.28437500000000004 0.4046875 0.2843750000000001
0 0.525 0.2609375000000001 0.4125 0.2609375000000001 0.4125 0.2906250000000001 0.525 0.2906250000000001
0 0.5328125 0.2796875000000001 0.5265625 0.2796875000000001 0.5265625 0.2875000000000001 0.5328125 0.2875000000000001
0 0.634375 0.2656250000000001 0.5453125 0.2656250000000001 0.5453125 0.2828125000000001 0.634375 0.2828125000000001
0 0.6953125 0.2593750000000001 0.640625 0.2593750000000001 0.640625 0.2906250000000001 0.6953125 0.2906250000000001
0 0.7328125 0.2578125000000001 0.703125 0.2578125000000001 0.703125 0.2812500000000001 0.7328125 0.2812500000000001
0 0.8359375 0.2578125000000001 0.7453125 0.2578125000000001 0.7453125 0.2812500000000001 0.8359375 0.2812500000000001
0 0.2234375 0.3078125 0.13750000000000004 0.3078125 0.13750000000000004 0.334375 0.2234375 0.334375
0 0.2734375 0.3109375 0.234375 0.3109375 0.234375 0.3375 0.2734375 0.3375
0 0.3265625 0.309375 0.2828125 0.309375 0.2828125 0.334375 0.3265625 0.334375
0 0.4296875 0.31250000000000006 0.340625 0.3125 0.340625 0.33906250000000004 0.4296875 0.3390625000000001
0 0.4375 0.3312500000000001 0.434375 0.3312500000000001 0.434375 0.3390625000000001 0.4375 0.3390625000000001
0 0.5734375 0.30937500000000007 0.4484375 0.30937500000000007 0.4484375 0.34062500000000007 0.5734375 0.34062500000000007
0 0.6953125 0.3109375000000001 0.5796875 0.3109375000000001 0.5796875 0.3375000000000001 0.6953125 0.3375000000000001
0 0.74375 0.3078125000000001 0.703125 0.3078125000000001 0.703125 0.3390625000000001 0.74375 0.3390625000000001
0 0.840625 0.3109375000000001 0.75625 0.3109375000000001 0.75625 0.33281250000000007 0.840625 0.33281250000000007
0 0.22812500000000005 0.359375 0.14218750000000005 0.359375 0.14218750000000005 0.384375 0.22812500000000008 0.384375
0 0.32812500000000006 0.3609375 0.2421875 0.3609375 0.24218750000000006 0.390625 0.3281250000000001 0.390625
0 0.37968750000000007 0.35937500000000006 0.3421875 0.359375 0.34218750000000003 0.384375 0.37968750000000007 0.3843750000000001
0 0.453125 0.3578125000000001 0.3859375 0.3578125000000001 0.38593750000000004 0.3828125000000001 0.453125 0.3828125000000001
0 0.51875 0.3687500000000001 0.4546875 0.3687500000000001 0.4546875 0.3828125000000001 0.51875 0.3828125000000001
0 0.5234375 0.37968750000000007 0.51875 0.37968750000000007 0.51875 0.3828125000000001 0.5234375 0.3828125000000001
0 0.6390625 0.3578125000000001 0.5453125 0.3578125000000001 0.5453125 0.3906250000000001 0.6390625 0.3906250000000001
0 0.7703125 0.3609375000000001 0.65 0.3609375000000001 0.65 0.3906250000000001 0.7703125 0.3906250000000001
0 0.8203125 0.3625000000000001 0.7734375 0.3625000000000001 0.7734375 0.3859375000000001 0.8203125 0.3859375000000001
0 0.2656250000000001 0.409375 0.14375000000000004 0.409375 0.14375000000000004 0.4421875 0.2656250000000001 0.4421875
0 0.3359375000000001 0.41875 0.2796875000000001 0.41875 0.2796875000000001 0.4359375 0.3359375000000001 0.4359375
0 0.496875 0.415625 0.34843750000000007 0.415625 0.34843750000000007 0.4421875 0.496875 0.4421875
0 0.559375 0.4109375 0.509375 0.4109375 0.509375 0.4375 0.559375 0.4375
0 0.7765625 0.4125000000000001 0.571875 0.4125 0.571875 0.4437500000000001 0.7765625 0.4437500000000002
0 0.8265625 0.4109375000000002 0.7859375 0.4109375000000002 0.7859375 0.4359375000000002 0.8265625 0.4359375000000002
0 0.2140625000000001 0.4609375 0.14062500000000006 0.4609375 0.14062500000000006 0.4828125 0.2140625000000001 0.4828125
0 0.2531250000000001 0.459375 0.22031250000000008 0.459375 0.22031250000000008 0.484375 0.2531250000000001 0.484375
0 0.35625000000000007 0.4625 0.2687500000000001 0.4625 0.2687500000000001 0.484375 0.35625000000000007 0.484375
0 0.403125 0.4609375 0.3671875000000001 0.4609375 0.3671875000000001 0.4890625 0.403125 0.4890625
0 0.4203125 0.4734375 0.4015625 0.4734375 0.4015625 0.484375 0.4203125 0.484375
0 0.50625 0.4640625 0.428125 0.4640625 0.428125 0.4859375 0.50625 0.4859375
0 0.521875 0.4796875 0.515625 0.4796875 0.515625 0.4828125 0.521875 0.4828125
0 0.5828125 0.459375 0.5421875 0.459375 0.5421875 0.4828125 0.5828125 0.4828125
0 0.6828125 0.459375 0.5953125 0.459375 0.5953125 0.484375 0.6828125 0.484375
0 0.740625 0.4593750000000001 0.684375 0.459375 0.684375 0.4859375000000001 0.740625 0.4859375000000002
0 0.809375 0.47187500000000016 0.7484375 0.47187500000000016 0.7484375 0.4859375000000002 0.809375 0.4859375000000002
0 0.23593750000000008 0.509375 0.14375000000000004 0.509375 0.14375000000000004 0.5421875 0.23593750000000008 0.5421875
0 0.2484375000000001 0.5328125 0.24218750000000008 0.5328125 0.24218750000000008 0.5421875 0.2484375000000001 0.5421875
0 0.3359375000000001 0.5203125 0.2609375000000001 0.5203125 0.2609375000000001 0.5375 0.3359375000000001 0.5375
0 0.38750000000000007 0.509375 0.3437500000000001 0.509375 0.3437500000000001 0.5453125 0.38750000000000007 0.5453125
0 0.4359375 0.509375 0.3921875000000001 0.509375 0.3921875000000001 0.5359375 0.4359375 0.5359375
0 0.50625 0.515625 0.4421875 0.515625 0.4421875 0.546875 0.50625 0.546875
0 0.6375 0.5109375 0.5265625 0.5109375 0.5265625 0.5359375 0.6375 0.5359375
0 0.7 0.5125 0.6484375 0.5125 0.6484375 0.5453125 0.7 0.5453125
0 0.746875 0.5140625000000001 0.7015625 0.5140625 0.7015625 0.5359375000000001 0.746875 0.5359375000000002
0 0.8640625 0.5078125000000002 0.7578125 0.5078125000000002 0.7578125 0.5375000000000002 0.8640625 0.5375000000000002
0 0.24218750000000008 0.5609375 0.14843750000000008 0.5609375 0.14843750000000008 0.5890625 0.24218750000000008 0.5890625
0 0.2875000000000001 0.575 0.2562500000000001 0.575 0.2562500000000001 0.5875 0.2875000000000001 0.5875
0 0.3109375000000001 0.559375 0.3062500000000001 0.559375 0.3062500000000001 0.56875 0.3109375000000001 0.56875
0 0.428125 0.5640625 0.3140625000000001 0.5640625 0.3140625000000001 0.5890625 0.428125 0.5890625
0 0.4453125 0.559375 0.4390625 0.559375 0.4390625 0.56875 0.4453125 0.56875
0 0.45 0.578125 0.44375 0.578125 0.44375 0.590625 0.45 0.590625
0 0.5421875 0.5703125 0.465625 0.5703125 0.465625 0.5875 0.5421875 0.5875
0 0.56875 0.571875 0.5546875 0.571875 0.5546875 0.59375 0.56875 0.59375
0 0.6765625 0.5671875 0.5703125 0.5671875 0.5703125 0.5953125 0.6765625 0.5953125
0 0.684375 0.5875 0.6796875 0.5875 0.6796875 0.5953125 0.684375 0.5953125
0 0.85625 0.5625000000000001 0.69375 0.5625 0.69375 0.596875 0.85625 0.5968750000000002
0 0.2156250000000001 0.61875 0.1390625000000001 0.61875 0.1390625000000001 0.6375 0.2156250000000001 0.6375
0 0.2968750000000001 0.6140625 0.22812500000000008 0.6140625 0.22812500000000008 0.6375 0.2968750000000001 0.6375
0 0.3781250000000001 0.6234375 0.3078125000000001 0.6234375 0.3078125000000001 0.640625 0.3781250000000001 0.640625
0 0.484375 0.6125 0.3843750000000001 0.6125 0.3843750000000001 0.6484375 0.484375 0.6484375
0 0.64375 0.6171875 0.5 0.6171875 0.5 0.6453125 0.64375 0.6453125
0 0.7234375 0.61875 0.6546875 0.61875 0.6546875 0.6421875 0.7234375 0.6421875
0 0.759375 0.6265625000000001 0.7359375 0.6265625000000001 0.7359375 0.6406250000000002 0.759375 0.6406250000000002
0 0.8265625 0.6187500000000001 0.775 0.6187500000000001 0.775 0.6484375000000002 0.8265625 0.6484375000000002
0 0.1984375000000001 0.66875 0.14218750000000008 0.66875 0.14218750000000008 0.6875 0.1984375000000001 0.6875
0 0.2906250000000001 0.6640625 0.2140625000000001 0.6640625 0.2140625000000001 0.6890625 0.2906250000000001 0.6890625
0 0.3031250000000001 0.684375 0.3000000000000001 0.684375 0.3000000000000001 0.6875 0.3031250000000001 0.6875