0 0.14218750000000005 0.2015625 0.13437500000000005 0.2015625 0.13437500000000005 0.20625 0.14218750000000005 0.20625
0 0.19531250000000006 0.209375 0.15312500000000004 0.209375 0.15312500000000004 0.2296875 0.19531250000000006 0.2296875
0 0.2109375 0.2296875 0.20625 0.2296875 0.20625 0.2359375 0.2109375 0.2359375
0 0.23125 0.20625 0.221875 0.20625 0.221875 0.2109375 0.23125 0.2109375
0 0.2890625 0.2125 0.25625 0.2125 0.25625 0.228125 0.2890625 0.228125
0 0.3703125 0.20625000000000004 0.3125 0.20625 0.3125 0.22968750000000004 0.3703125 0.2296875000000001
0 0.3890625 0.22656250000000008 0.3859375 0.22656250000000008 0.3859375 0.2296875000000001 0.3890625 0.2296875000000001
0 0.4125 0.2078125000000001 0.4078125 0.2078125000000001 0.4078125 0.21250000000000008 0.4125 0.21250000000000008
0 0.4375 0.21250000000000008 0.4328125 0.21250000000000008 0.4328125 0.2296875000000001 0.4375 0.2296875000000001
0 0.50625 0.2140625000000001 0.44375 0.2140625000000001 0.44375 0.2296875000000001 0.50625 0.2296875000000001
0 0.5171875 0.2250000000000001 0.5125 0.2250000000000001 0.5125 0.22812500000000008 0.5171875 0.22812500000000008
0 0.525 0.2078125000000001 0.51875 0.2078125000000001 0.51875 0.21250000000000008 0.525 0.21250000000000008
0 0.5546875 0.2078125000000001 0.546875 0.2078125000000001 0.546875 0.2140625000000001 0.5546875 0.2140625000000001
0 0.5984375 0.21250000000000008 0.56875 0.21250000000000008 0.56875 0.2312500000000001 0.5984375 0.2312500000000001
0 0.6828125 0.2140625000000001 0.6203125 0.2140625000000001 0.6203125 0.22812500000000008 0.6828125 0.22812500000000008
0 0.76875 0.21875000000000008 0.7046875 0.21875000000000008 0.7046875 0.2312500000000001 0.76875 0.2312500000000001
0 0.8453125 0.2218750000000001 0.790625 0.2218750000000001 0.790625 0.2328125000000001 0.8453125 0.2328125000000001
0 0.16406250000000006 0.2609375 0.14062500000000006 0.2609375 0.14062500000000006 0.2765625 0.16406250000000006 0.2765625
0 0.2328125 0.2640625 0.19531250000000006 0.2640625 0.19531250000000006 0.278125 0.2328125 0.278125
0 0.2421875 0.28125 0.2375 0.28125 0.2375 0.2890625 0.2421875 0.2890625
0 0.3203125 0.2609375 0.2640625 0.2609375 0.2640625 0.278125 0.3203125 0.278125
0 0.33125 0.2765625 0.328125 0.2765625 0.328125 0.278125 0.33125 0.278125
0 0.3484375 0.2578125 0.3390625 0.2578125 0.3390625 0.2609375 0.3484375 0.2609375
0 0.3859375 0.2593750000000001 0.378125 0.2593750000000001 0.378125 0.2640625000000001 0.3859375 0.2640625000000001
0 0.44375 0.2609375000000001 0.4015625 0.2609375000000001 0.4015625 0.2765625000000001 0.44375 0.2765625000000001
0 0.471875 0.2593750000000001 0.45 0.2593750000000001 0.45 0.2812500000000001 0.471875 0.2812500000000001
0 0.53125 0.2640625000000001 0.5046875 0.2640625000000001 0.5046875 0.27812500000000007 0.53125 0.27812500000000007
0 0.59375 0.2609375000000001 0.5484375 0.2609375000000001 0.5484375 0.2765625000000001 0.59375 0.2765625000000001
0 0.684375 0.26250000000000007 0.6140625 0.26250000000000007 0.6140625 0.2921875000000001 0.684375 0.2921875000000001
0 0.7046875 0.27031250000000007 0.7015625 0.27031250000000007 0.7015625 0.2718750000000001 0.7046875 0.2718750000000001
0 0.7546875 0.2609375000000001 0.7515625 0.2609375000000001 0.7515625 0.2765625000000001 0.7546875 0.2765625000000001
0 0.790625 0.2562500000000001 0.7546875 0.2562500000000001 0.7546875 0.2796875000000001 0.790625 0.2796875000000001
0 0.85625 0.26250000000000007 0.8203125 0.26250000000000007 0.8203125 0.2796875000000001 0.85625 0.2796875000000001
0 0.2 0.315625 0.15000000000000005 0.315625 0.15000000000000005 0.3296875 0.2 0.3296875
0 0.29375 0.3125 0.2453125 0.3125 0.2453125 0.3296875 0.29375 0.3296875
0 0.321875 0.3109375 0.2953125 0.3109375 0.2953125 0.3296875 0.321875 0.3296875
0 0.3734375 0.3140625 0.35 0.3140625 0.35 0.33125000000000004 0.3734375 0.3312500000000001
0 0.4484375 0.3140625000000001 0.3890625 0.3140625000000001 0.3890625 0.3359375000000001 0.4484375 0.3359375000000001
0 0.546875 0.3125000000000001 0.4796875 0.3125000000000001 0.4796875 0.3296875000000001 0.546875 0.3296875000000001
0 0.65 0.3140625000000001 0.578125 0.3140625000000001 0.578125 0.3312500000000001 0.65 0.3312500000000001
0 0.6859375 0.3125000000000001 0.6828125 0.3125000000000001 0.6828125 0.3265625000000001 0.6859375 0.3265625000000001
0 0.71875 0.3109375000000001 0.690625 0.3109375000000001 0.690625 0.3281250000000001 0.71875 0.3281250000000001
0 0.85625 0.3078125000000001 0.74375 0.3078125000000001 0.74375 0.3312500000000001 0.85625 0.3312500000000001
0 0.16875000000000004 0.359375 0.14375000000000004 0.359375 0.14375000000000004 0.3765625 0.16875000000000004 0.3765625
0 0.18281250000000004 0.378125 0.17812500000000003 0.378125 0.17812500000000003 0.3859375 0.18281250000000004 0.3859375
0 0.31093750000000003 0.3625 0.209375 0.3625 0.20937500000000003 0.396875 0.3109375000000001 0.396875
0 0.3203125000000001 0.378125 0.3156250000000001 0.378125 0.3156250000000001 0.3796875 0.3203125000000001 0.3796875
0 0.3375000000000001 0.3640625 0.3281250000000001 0.3640625 0.3281250000000001 0.36875 0.3375000000000001 0.36875
0 0.38125000000000003 0.3625000000000001 0.3734375 0.3625000000000001 0.37343750000000003 0.3671875000000001 0.3812500000000001 0.3671875000000001
0 0.4109375 0.36406250000000007 0.40625 0.36406250000000007 0.40625 0.3812500000000001 0.4109375 0.3812500000000001
0 0.4890625 0.3671875000000001 0.4265625 0.3671875000000001 0.4265625 0.3828125000000001 0.4890625 0.3828125000000001
0 0.5 0.3781250000000001 0.4984375 0.3781250000000001 0.4984375 0.37968750000000007 0.5 0.37968750000000007
0 0.58125 0.36406250000000007 0.53125 0.36406250000000007 0.53125 0.3812500000000001 0.58125 0.3812500000000001
0 0.6234375 0.3671875000000001 0.6 0.3671875000000001 0.6 0.3968750000000001 0.6234375 0.3968750000000001
0 0.7015625 0.3671875000000001 0.65 0.3671875000000001 0.65 0.3828125000000001 0.7015625 0.3828125000000001
0 0.8109375 0.3656250000000001 0.7453125 0.3656250000000001 0.7453125 0.3828125000000001 0.8109375 0.3828125000000001
0 0.2234375000000001 0.4078125 0.15156250000000004 0.4078125 0.15156250000000004 0.440625 0.2234375000000001 0.440625
0 0.2984375000000001 0.4140625 0.2484375000000001 0.4140625 0.2484375000000001 0.43125 0.2984375000000001 0.43125
0 0.3968750000000001 0.4140625 0.3281250000000001 0.4140625 0.3281250000000001 0.4421875 0.3968750000000001 0.4421875
0 0.4625 0.415625 0.4328125 0.415625 0.4328125 0.4328125 0.4625 0.4328125
0 0.50625 0.415625 0.478125 0.415625 0.478125 0.4328125 0.50625 0.4328125
0 0.621875 0.4171875 0.5375 0.4171875 0.5375 0.4484375 0.621875 0.4484375
0 0.6296875 0.415625 0.628125 0.415625 0.628125 0.415625 0.6296875 0.415625
0 0.6390625 0.415625 0.628125 0.415625 0.628125 0.421875 0.6390625 0.421875
0 0.68125 0.4140625 0.6703125 0.4140625 0.6703125 0.4203125 0.68125 0.4203125
0 0.7265625 0.4171875000000001 0.6953125 0.4171875 0.6953125 0.4328125000000001 0.7265625 0.43281250000000016
0 0.8078125 0.4187500000000002 0.7296875 0.4187500000000002 0.7296875 0.43750000000000017 0.8078125 0.43750000000000017
0 0.81875 0.4234375000000002 0.8078125 0.4234375000000002 0.8078125 0.43281250000000016 0.81875 0.43281250000000016
0 0.8375 0.4343750000000002 0.834375 0.4343750000000002 0.834375 0.4359375000000002 0.8375 0.4359375000000002
0 0.19062500000000004 0.465625 0.14375000000000004 0.465625 0.14375000000000004 0.48125 0.19062500000000004 0.48125
0 0.2250000000000001 0.4640625 0.2218750000000001 0.4640625 0.2218750000000001 0.4796875 0.2250000000000001 0.4796875
0 0.31718750000000007 0.465625 0.2328125000000001 0.465625 0.2328125000000001 0.48125 0.31718750000000007 0.48125
0 0.40625 0.4625 0.3421875000000001 0.4625 0.3421875000000001 0.490625 0.40625 0.490625
0 0.446875 0.4640625 0.4171875 0.4640625 0.4171875 0.484375 0.446875 0.484375
0 0.50625 0.465625 0.48125 0.465625 0.48125 0.48125 0.50625 0.48125
0 0.5609375 0.4703125 0.5265625 0.4703125 0.5265625 0.4859375 0.5609375 0.4859375
0 0.653125 0.46875 0.5875 0.46875 0.5875 0.509375 0.653125 0.509375
0 0.78125 0.4609375000000001 0.6890625 0.4609375 0.6890625 0.4953125000000001 0.78125 0.49531250000000016
0 0.825 0.46875000000000017 0.7921875 0.46875000000000017 0.7921875 0.4828125000000002 0.825 0.4828125000000002
0 0.17500000000000004 0.5203125 0.15000000000000005 0.5203125 0.15000000000000005 0.5296875 0.17500000000000004 0.5296875
0 0.2171875000000001 0.5125 0.19687500000000005 0.5125 0.19687500000000005 0.5296875 0.2171875000000001 0.5296875
0 0.33281250000000007 0.515625 0.2562500000000001 0.515625 0.2562500000000001 0.5328125 0.33281250000000007 0.5328125
0 0.41875 0.5140625 0.3625000000000001 0.5140625 0.3625000000000001 0.5328125 0.41875 0.5328125
0 0.4796875 0.515625 0.440625 0.515625 0.440625 0.5296875 0.4796875 0.5296875
0 0.584375 0.5171875 0.5109375 0.5171875 0.5109375 0.5328125 0.584375 0.5328125
0 0.6640625 0.51875 0.60625 0.51875 0.60625 0.534375 0.6640625 0.534375
0 0.734375 0.5203125000000001 0.6921875 0.5203125 0.6921875 0.534375 0.734375 0.5343750000000002
0 0.825 0.5171875000000001 0.7609375 0.5171875000000001 0.7609375 0.5375000000000002 0.825 0.5375000000000002
0 0.17968750000000008 0.5671875 0.1531250000000001 0.5671875 0.1531250000000001 0.58125 0.17968750000000008 0.58125
0 0.2156250000000001 0.5640625 0.19531250000000008 0.5640625 0.19531250000000008 0.58125 0.2156250000000001 0.58125
0 0.2328125000000001 0.578125 0.2296875000000001 0.578125 0.2296875000000001 0.58125 0.2328125000000001 0.58125
0 0.2531250000000001 0.5609375 0.24375000000000008 0.5609375 0.24375000000000008 0.565625 0.2531250000000001 0.565625