0 0.17656250000000004 0.2109375 0.15000000000000005 0.2109375 0.15000000000000005 0.228125 0.17656250000000004 0.228125
0 0.265625 0.2140625 0.209375 0.2140625 0.209375 0.2296875 0.265625 0.2296875
0 0.359375 0.2109375 0.290625 0.2109375 0.290625 0.2296875 0.359375 0.2296875
0 0.4109375 0.21250000000000008 0.378125 0.21250000000000008 0.378125 0.2296875000000001 0.4109375 0.2296875000000001
0 0.51875 0.21250000000000008 0.4359375 0.21250000000000008 0.4359375 0.2296875000000001 0.51875 0.2296875000000001
0 0.559375 0.21093750000000008 0.5546875 0.21093750000000008 0.5546875 0.2296875000000001 0.559375 0.2296875000000001
0 0.6359375 0.2171875000000001 0.578125 0.2171875000000001 0.578125 0.2312500000000001 0.6359375 0.2312500000000001
0 0.75625 0.2140625000000001 0.671875 0.2140625000000001 0.671875 0.2453125000000001 0.75625 0.2453125000000001
0 0.7703125 0.22656250000000008 0.7671875 0.22656250000000008 0.7671875 0.22812500000000008 0.7703125 0.22812500000000008
0 0.815625 0.21250000000000008 0.8109375 0.21250000000000008 0.8109375 0.22812500000000008 0.815625 0.22812500000000008
0 0.875 0.2171875000000001 0.8296875 0.2171875000000001 0.8296875 0.22812500000000008 0.875 0.22812500000000008
0 0.2546875 0.2546875 0.14843750000000006 0.2546875 0.14843750000000006 0.2953125 0.2546875 0.2953125
0 0.3546875 0.2625 0.2828125 0.2625 0.2828125 0.2796875 0.3546875 0.2796875
0 0.421875 0.2687500000000001 0.4046875 0.2687500000000001 0.4046875 0.2796875000000001 0.421875 0.2796875000000001
0 0.5046875 0.2593750000000001 0.4421875 0.2593750000000001 0.4421875 0.2812500000000001 0.5046875 0.2812500000000001
0 0.578125 0.26250000000000007 0.546875 0.26250000000000007 0.546875 0.2812500000000001 0.578125 0.2812500000000001
0 0.665625 0.26250000000000007 0.6078125 0.26250000000000007 0.6078125 0.2843750000000001 0.665625 0.2843750000000001
0 0.7390625 0.2640625000000001 0.7046875 0.2640625000000001 0.7046875 0.2875000000000001 0.7390625 0.2875000000000001
0 0.8671875 0.25468750000000007 0.7671875 0.25468750000000007 0.7671875 0.2984375000000001 0.8671875 0.2984375000000001
0 0.18906250000000005 0.31875 0.15312500000000004 0.31875 0.15312500000000004 0.3484375 0.18906250000000005 0.3484375
0 0.3046875 0.3140625 0.2296875 0.3140625 0.2296875 0.3328125 0.3046875 0.3328125
0 0.3171875 0.328125 0.3140625 0.328125 0.3140625 0.3296875 0.3171875 0.3296875
0 0.35 0.30625 0.3421875 0.30625 0.3421875 0.3125 0.35 0.3125
0 0.415625 0.31093750000000003 0.3578125 0.3109375 0.3578125 0.3296875 0.415625 0.3296875000000001
0 0.525 0.3125000000000001 0.44375 0.3125000000000001 0.44375 0.3312500000000001 0.525 0.3312500000000001
0 0.5859375 0.3125000000000001 0.559375 0.3125000000000001 0.559375 0.3312500000000001 0.5859375 0.3312500000000001
0 0.6453125 0.3203125000000001 0.6140625 0.3203125000000001 0.6140625 0.3312500000000001 0.6453125 0.3312500000000001
0 0.7421875 0.3125000000000001 0.6703125 0.3125000000000001 0.6703125 0.34843750000000007 0.7421875 0.34843750000000007
0 0.790625 0.3218750000000001 0.775 0.3218750000000001 0.775 0.3312500000000001 0.790625 0.3312500000000001
0 0.88125 0.3156250000000001 0.821875 0.3156250000000001 0.821875 0.3390625000000001 0.88125 0.3390625000000001
0 0.18750000000000006 0.3640625 0.15000000000000005 0.3640625 0.15000000000000005 0.390625 0.18750000000000006 0.390625
0 0.2328125000000001 0.375 0.21875000000000008 0.375 0.21875000000000008 0.3859375 0.2328125000000001 0.3859375
0 0.3812500000000001 0.36562500000000003 0.2671875000000001 0.365625 0.2671875000000001 0.3921875 0.3812500000000001 0.3921875000000001
0 0.44375 0.3687500000000001 0.4109375 0.3687500000000001 0.4109375 0.3812500000000001 0.44375 0.3812500000000001
0 0.525 0.37187500000000007 0.46875 0.37187500000000007 0.46875 0.3984375000000001 0.525 0.3984375000000001
0 0.5390625 0.37968750000000007 0.5359375 0.37968750000000007 0.5359375 0.3859375000000001 0.5390625 0.3859375000000001
0 0.55625 0.3593750000000001 0.546875 0.3593750000000001 0.546875 0.36406250000000007 0.55625 0.36406250000000007
0 0.6171875 0.3656250000000001 0.5890625 0.3656250000000001 0.5890625 0.3812500000000001 0.6171875 0.3812500000000001
0 0.703125 0.3671875000000001 0.640625 0.3671875000000001 0.640625 0.3859375000000001 0.703125 0.3859375000000001
0 0.7296875 0.37968750000000007 0.725 0.37968750000000007 0.725 0.3906250000000001 0.7296875 0.3906250000000001
0 0.8140625 0.3546875000000001 0.7390625 0.3546875000000001 0.7390625 0.3937500000000001 0.8140625 0.3937500000000001
0 0.8640625 0.36406250000000007 0.8359375 0.36406250000000007 0.8359375 0.3843750000000001 0.8640625 0.3843750000000001
0 0.19687500000000005 0.4171875 0.15000000000000005 0.4171875 0.15000000000000005 0.4296875 0.19687500000000005 0.4296875
0 0.2640625000000001 0.41875 0.2250000000000001 0.41875 0.2250000000000001 0.428125 0.2640625000000001 0.428125
0 0.27812500000000007 0.4296875 0.2750000000000001 0.4296875 0.2750000000000001 0.43125 0.27812500000000007 0.43125
0 0.3218750000000001 0.4109375 0.3156250000000001 0.4109375 0.3156250000000001 0.4140625 0.3218750000000001 0.4140625
0 0.3781250000000001 0.4125 0.3359375000000001 0.4125 0.3359375000000001 0.434375 0.3781250000000001 0.434375
0 0.3937500000000001 0.4296875 0.3890625000000001 0.4296875 0.3890625000000001 0.4359375 0.3937500000000001 0.4359375
0 0.4078125 0.4109375 0.4015625 0.4109375 0.4015625 0.4171875 0.4078125 0.4171875
0 0.45 0.4171875 0.446875 0.4171875 0.446875 0.43125 0.45 0.43125
0 0.521875 0.4171875 0.4640625 0.4171875 0.4640625 0.4328125 0.521875 0.4328125
0 0.534375 0.43125 0.53125 0.43125 0.53125 0.4328125 0.534375 0.4328125
0 0.5703125 0.4109375 0.5625 0.4109375 0.5625 0.4140625 0.5703125 0.4140625
0 0.603125 0.41875 0.5859375 0.41875 0.5859375 0.4328125 0.603125 0.4328125
0 0.6375 0.4140625 0.6125 0.4140625 0.6125 0.4359375 0.6375 0.4359375
0 0.6859375 0.41875 0.6625 0.41875 0.6625 0.4359375 0.6859375 0.4359375
0 0.771875 0.4234375000000001 0.7171875 0.4234375 0.7171875 0.43437500000000007 0.771875 0.4343750000000002
0 0.8546875 0.4187500000000002 0.80625 0.4187500000000002 0.80625 0.4343750000000002 0.8546875 0.4343750000000002
0 0.2328125000000001 0.471875 0.14687500000000003 0.471875 0.14687500000000003 0.4828125 0.2328125000000001 0.4828125
0 0.2953125000000001 0.471875 0.2671875000000001 0.471875 0.2671875000000001 0.4828125 0.2953125000000001 0.4828125
0 0.4046875 0.4640625 0.32500000000000007 0.4640625 0.32500000000000007 0.496875 0.4046875 0.496875
0 0.459375 0.4703125 0.4265625 0.4703125 0.4265625 0.48125 0.459375 0.48125
0 0.5296875 0.4640625 0.4796875 0.4640625 0.4796875 0.4828125 0.5296875 0.4828125
0 0.534375 0.478125 0.53125 0.478125 0.53125 0.4796875 0.534375 0.4796875
0 0.5515625 0.4609375 0.5421875 0.4609375 0.5421875 0.465625 0.5515625 0.465625
0 0.5984375 0.465625 0.59375 0.465625 0.59375 0.48125 0.5984375 0.48125
0 0.7015625 0.46875 0.6046875 0.46875 0.6046875 0.490625 0.7015625 0.490625
0 0.7203125 0.4796875 0.715625 0.4796875 0.715625 0.48125 0.7203125 0.48125
0 0.7546875 0.4625000000000002 0.746875 0.4625000000000002 0.746875 0.4671875000000002 0.7546875 0.4671875000000002
0 0.834375 0.4625000000000002 0.778125 0.4625000000000002 0.778125 0.4828125000000002 0.834375 0.4828125000000002
0 0.2578125000000001 0.5140625 0.15156250000000004 0.5140625 0.15156250000000004 0.53125 0.2578125000000001 0.53125
0 0.3046875000000001 0.5125 0.27031250000000007 0.5125 0.27031250000000007 0.5296875 0.3046875000000001 0.5296875
0 0.35625000000000007 0.5171875 0.3281250000000001 0.5171875 0.3281250000000001 0.53125 0.35625000000000007 0.53125
0 0.415625 0.521875 0.3812500000000001 0.521875 0.3812500000000001 0.53125 0.415625 0.53125
0 0.5015625 0.515625 0.43125 0.515625 0.43125 0.5328125 0.5015625 0.5328125
0 0.5984375 0.51875 0.525 0.51875 0.525 0.534375 0.5984375 0.534375
0 0.6140625 0.528125 0.609375 0.528125 0.609375 0.540625 0.6140625 0.540625
0 0.684375 0.515625 0.625 0.515625 0.625 0.5328125 0.684375 0.5328125
0 0.703125 0.5296875 0.7015625 0.5296875 0.7015625 0.53125 0.703125 0.53125
0 0.728125 0.5109375 0.7171875 0.5109375 0.7171875 0.5156250000000001 0.728125 0.5156250000000002