0 0.18750000000000006 0.209375 0.13906250000000003 0.209375 0.13906250000000003 0.228125 0.18750000000000006 0.228125
0 0.2484375 0.209375 0.2125 0.209375 0.2125 0.228125 0.2484375 0.228125
0 0.3359375 0.215625 0.284375 0.215625 0.284375 0.228125 0.3359375 0.228125
0 0.4359375 0.2093750000000001 0.3734375 0.2093750000000001 0.3734375 0.22812500000000008 0.4359375 0.22812500000000008
0 0.5203125 0.2140625000000001 0.4640625 0.2140625000000001 0.4640625 0.2312500000000001 0.5203125 0.2312500000000001
0 0.6078125 0.2140625000000001 0.553125 0.2140625000000001 0.553125 0.2296875000000001 0.6078125 0.2296875000000001
0 0.7046875 0.21250000000000008 0.6515625 0.21250000000000008 0.6515625 0.2296875000000001 0.7046875 0.2296875000000001
0 0.8046875 0.22031250000000008 0.75625 0.22031250000000008 0.75625 0.2390625000000001 0.8046875 0.2390625000000001
0 0.2265625 0.2625 0.15312500000000004 0.2625 0.15312500000000004 0.278125 0.2265625 0.278125
0 0.3046875 0.26875 0.2640625 0.26875 0.2640625 0.2796875 0.3046875 0.2796875
0 0.3703125 0.26093750000000004 0.3390625 0.2609375 0.3390625 0.28750000000000003 0.3703125 0.2875000000000001
0 0.4390625 0.2718750000000001 0.41875 0.2718750000000001 0.41875 0.2796875000000001 0.4390625 0.2796875000000001
0 0.475 0.2656250000000001 0.4390625 0.2656250000000001 0.4390625 0.2796875000000001 0.475 0.2796875000000001
0 0.565625 0.2687500000000001 0.5140625 0.2687500000000001 0.5140625 0.2828125000000001 0.565625 0.2828125000000001
0 0.678125 0.2671875000000001 0.609375 0.2671875000000001 0.609375 0.2812500000000001 0.678125 0.2812500000000001
0 0.734375 0.2671875000000001 0.7078125 0.2671875000000001 0.7078125 0.2875000000000001 0.734375 0.2875000000000001
0 0.840625 0.27031250000000007 0.7703125 0.27031250000000007 0.7703125 0.2968750000000001 0.840625 0.2968750000000001
0 0.20625 0.3125 0.14375000000000004 0.3125 0.14375000000000004 0.33125 0.20625 0.33125
0 0.21875 0.3265625 0.215625 0.3265625 0.215625 0.3296875 0.21875 0.3296875
0 0.290625 0.3125 0.24375 0.3125 0.24375 0.3296875 0.290625 0.3296875
0 0.378125 0.31562500000000004 0.3265625 0.315625 0.3265625 0.33125000000000004 0.378125 0.3312500000000001
0 0.4765625 0.3140625000000001 0.41875 0.3140625000000001 0.41875 0.3421875000000001 0.4765625 0.3421875000000001
0 0.5921875 0.3187500000000001 0.5109375 0.3187500000000001 0.5109375 0.34843750000000007 0.5921875 0.34843750000000007
0 0.6375 0.3140625000000001 0.6109375 0.3140625000000001 0.6109375 0.3421875000000001 0.6375 0.3421875000000001
0 0.7140625 0.3125000000000001 0.66875 0.3125000000000001 0.66875 0.3312500000000001 0.7140625 0.3312500000000001
0 0.840625 0.3125000000000001 0.74375 0.3125000000000001 0.74375 0.3359375000000001 0.840625 0.3359375000000001
0 0.2234375000000001 0.3640625 0.14843750000000006 0.3640625 0.14843750000000006 0.3859375 0.2234375000000001 0.3859375
0 0.2843750000000001 0.371875 0.2468750000000001 0.371875 0.2468750000000001 0.390625 0.2843750000000001 0.390625
0 0.3359375000000001 0.3640625 0.3078125000000001 0.3640625 0.3078125000000001 0.38125 0.3359375000000001 0.38125
0 0.39531250000000007 0.36718750000000006 0.3546875000000001 0.3671875 0.3546875000000001 0.38281250000000006 0.39531250000000007 0.3828125000000001
0 0.53125 0.3671875000000001 0.4296875 0.3671875000000001 0.4296875 0.3843750000000001 0.53125 0.3843750000000001
0 0.61875 0.3609375000000001 0.571875 0.3609375000000001 0.571875 0.3828125000000001 0.61875 0.3828125000000001
0 0.6515625 0.3703125000000001 0.6375 0.3703125000000001 0.6375 0.3828125000000001 0.6515625 0.3828125000000001
0 0.7421875 0.37187500000000007 0.6875 0.37187500000000007 0.6875 0.3921875000000001 0.7421875 0.3921875000000001
0 0.8578125 0.36406250000000007 0.7671875 0.36406250000000007 0.7671875 0.3843750000000001 0.8578125 0.3843750000000001
0 0.2140625000000001 0.415625 0.14375000000000004 0.415625 0.14375000000000004 0.43125 0.2140625000000001 0.43125
0 0.36406250000000007 0.415625 0.2531250000000001 0.415625 0.2531250000000001 0.4421875 0.36406250000000007 0.4421875
0 0.37968750000000007 0.4265625 0.3781250000000001 0.4265625 0.3781250000000001 0.4265625 0.37968750000000007 0.4265625
0 0.521875 0.415625 0.4140625 0.415625 0.4140625 0.4328125 0.521875 0.4328125
0 0.5703125 0.4234375 0.5390625 0.4234375 0.5390625 0.4328125 0.5703125 0.4328125
0 0.6390625 0.41875 0.5890625 0.41875 0.5890625 0.4328125 0.6390625 0.4328125
0 0.7390625 0.4171875000000001 0.671875 0.4171875 0.671875 0.4312500000000001 0.7390625 0.4312500000000002
0 0.821875 0.41718750000000016 0.76875 0.41718750000000016 0.76875 0.4500000000000002 0.821875 0.4500000000000002
0 0.17187500000000006 0.4703125 0.15937500000000004 0.4703125 0.15937500000000004 0.4828125 0.17187500000000006 0.4828125
0 0.2734375000000001 0.46875 0.2171875000000001 0.46875 0.2171875000000001 0.484375 0.2734375000000001 0.484375
0 0.3906250000000001 0.465625 0.3281250000000001 0.465625 0.3281250000000001 0.4828125 0.3906250000000001 0.4828125
0 0.4390625 0.4625 0.415625 0.4625 0.415625 0.4921875 0.4390625 0.4921875
0 0.534375 0.4625 0.4703125 0.4625 0.4703125 0.4859375 0.534375 0.4859375
0 0.55625 0.4828125 0.553125 0.4828125 0.553125 0.490625 0.55625 0.490625
0 0.671875 0.4734375 0.559375 0.4734375 0.559375 0.496875 0.671875 0.496875
0 0.68125 0.48125 0.678125 0.48125 0.678125 0.49375 0.68125 0.49375
0 0.765625 0.4687500000000001 0.6953125 0.46875 0.6953125 0.4859375000000001 0.765625 0.4859375000000002
0 0.8296875 0.4703125000000002 0.7765625 0.4703125000000002 0.7765625 0.4859375000000002 0.8296875 0.4859375000000002
0 0.2484375000000001 0.5125 0.14687500000000003 0.5125 0.14687500000000006 0.546875 0.2484375000000001 0.546875
0 0.2593750000000001 0.53125 0.2531250000000001 0.53125 0.2531250000000001 0.5328125 0.2593750000000001 0.5328125