0 0.15156250000000004 0.2 0.14062500000000006 0.2 0.14062500000000006 0.2046875 0.15156250000000004 0.2046875
0 0.20625 0.2125 0.15625000000000006 0.2125 0.15625000000000006 0.23125 0.20625 0.23125
0 0.29375 0.215625 0.2234375 0.215625 0.2234375 0.234375 0.29375 0.234375
0 0.38125 0.22031250000000005 0.3296875 0.2203125 0.3296875 0.23125000000000004 0.38125 0.2312500000000001
0 0.4484375 0.21250000000000008 0.4171875 0.21250000000000008 0.4171875 0.22812500000000008 0.4484375 0.22812500000000008
0 0.5484375 0.2140625000000001 0.48125 0.2140625000000001 0.48125 0.2296875000000001 0.5484375 0.2296875000000001
0 0.5703125 0.21250000000000008 0.546875 0.21250000000000008 0.546875 0.2296875000000001 0.5703125 0.2296875000000001
0 0.5765625 0.21250000000000008 0.571875 0.21250000000000008 0.571875 0.2171875000000001 0.5765625 0.2171875000000001
0 0.6546875 0.2171875000000001 0.5921875 0.2171875000000001 0.5921875 0.22812500000000008 0.6546875 0.22812500000000008
0 0.7140625 0.2171875000000001 0.6734375 0.2171875000000001 0.6734375 0.2312500000000001 0.7140625 0.2312500000000001
0 0.85625 0.2140625000000001 0.7421875 0.2140625000000001 0.7421875 0.2296875000000001 0.85625 0.2296875000000001
0 0.25 0.2640625 0.15000000000000005 0.2640625 0.15000000000000005 0.284375 0.25 0.284375
0 0.3390625 0.2640625 0.2796875 0.2640625 0.2796875 0.278125 0.3390625 0.278125
0 0.3921875 0.2656250000000001 0.36875 0.2656250000000001 0.36875 0.27812500000000007 0.3921875 0.27812500000000007
0 0.446875 0.2718750000000001 0.415625 0.2718750000000001 0.415625 0.27812500000000007 0.446875 0.27812500000000007
0 0.484375 0.2640625000000001 0.4546875 0.2640625000000001 0.4546875 0.2812500000000001 0.484375 0.2812500000000001
0 0.4890625 0.2640625000000001 0.484375 0.2640625000000001 0.484375 0.2671875000000001 0.4890625 0.2671875000000001
0 0.553125 0.2656250000000001 0.5015625 0.2656250000000001 0.5015625 0.27812500000000007 0.553125 0.27812500000000007
0 0.6046875 0.2687500000000001 0.5765625 0.2687500000000001 0.5765625 0.2812500000000001 0.6046875 0.2812500000000001
0 0.621875 0.2656250000000001 0.60625 0.2656250000000001 0.60625 0.2796875000000001 0.621875 0.2796875000000001
0 0.6828125 0.2687500000000001 0.6453125 0.2687500000000001 0.6453125 0.2796875000000001 0.6828125 0.2796875000000001
0 0.740625 0.2734375000000001 0.709375 0.2734375000000001 0.709375 0.2812500000000001 0.740625 0.2812500000000001
0 0.81875 0.2687500000000001 0.765625 0.2687500000000001 0.765625 0.28593750000000007 0.81875 0.28593750000000007
0 0.17656250000000004 0.3203125 0.14531250000000004 0.3203125 0.14531250000000004 0.3296875 0.17656250000000004 0.3296875
0 0.2359375 0.3171875 0.20625 0.3171875 0.20625 0.3328125 0.2359375 0.3328125
0 0.3109375 0.321875 0.2609375 0.321875 0.2609375 0.3296875 0.3109375 0.3296875
0 0.3203125 0.3296875 0.3171875 0.3296875 0.3171875 0.3328125 0.3203125 0.3328125
0 0.415625 0.32031250000000006 0.3453125 0.3203125 0.3453125 0.33593750000000006 0.415625 0.3359375000000001
0 0.49375 0.3187500000000001 0.434375 0.3187500000000001 0.434375 0.33281250000000007 0.49375 0.33281250000000007
0 0.5359375 0.3234375000000001 0.5203125 0.3234375000000001 0.5203125 0.3296875000000001 0.5359375 0.3296875000000001
0 0.6015625 0.31718750000000007 0.5546875 0.31718750000000007 0.5546875 0.33281250000000007 0.6015625 0.33281250000000007
0 0.6984375 0.3203125000000001 0.6296875 0.3203125000000001 0.6296875 0.3312500000000001 0.6984375 0.3312500000000001
0 0.759375 0.3187500000000001 0.7234375 0.3187500000000001 0.7234375 0.3343750000000001 0.759375 0.3343750000000001
0 0.84375 0.31718750000000007 0.7734375 0.31718750000000007 0.7734375 0.3359375000000001 0.84375 0.3359375000000001
0 0.20468750000000008 0.36875 0.15156250000000004 0.36875 0.15156250000000004 0.38125 0.20468750000000008 0.38125
0 0.21093750000000008 0.378125 0.2078125000000001 0.378125 0.2078125000000001 0.3796875 0.21093750000000008 0.3796875
0 0.2328125000000001 0.365625 0.22656250000000008 0.365625 0.22656250000000008 0.3703125 0.2328125000000001 0.3703125
0 0.2750000000000001 0.36875 0.24375000000000008 0.36875 0.24375000000000008 0.3796875 0.2750000000000001 0.3796875
0 0.39531250000000007 0.36875 0.3000000000000001 0.36875 0.3000000000000001 0.38125000000000003 0.39531250000000007 0.3812500000000001
0 0.4578125 0.3687500000000001 0.425 0.3687500000000001 0.425 0.37968750000000007 0.4578125 0.37968750000000007
0 0.5171875 0.3671875000000001 0.484375 0.3671875000000001 0.484375 0.37968750000000007 0.5171875 0.37968750000000007
0 0.6578125 0.37187500000000007 0.5421875 0.37187500000000007 0.5421875 0.3843750000000001 0.6578125 0.3843750000000001
0 0.671875 0.37968750000000007 0.66875 0.37968750000000007 0.66875 0.37968750000000007 0.671875 0.37968750000000007
0 0.7546875 0.3703125000000001 0.6890625 0.3703125000000001 0.6890625 0.3859375000000001 0.7546875 0.3859375000000001
0 0.8171875 0.3703125000000001 0.775 0.3703125000000001 0.775 0.37968750000000007 0.8171875 0.37968750000000007
0 0.2609375000000001 0.4171875 0.15156250000000004 0.4171875 0.15156250000000004 0.43125 0.2609375000000001 0.43125
0 0.3125000000000001 0.425 0.2812500000000001 0.425 0.2812500000000001 0.4328125 0.3125000000000001 0.4328125
0 0.3765625000000001 0.425 0.34843750000000007 0.425 0.34843750000000007 0.43125 0.3765625000000001 0.43125
0 0.4390625 0.425 0.40625 0.425 0.40625 0.4328125 0.4390625 0.4328125
0 0.5234375 0.4203125 0.48125 0.4203125 0.48125 0.43125 0.5234375 0.43125
0 0.5859375 0.4203125 0.553125 0.4203125 0.553125 0.43125 0.5859375 0.43125
0 0.7 0.41875 0.6265625 0.41875 0.6265625 0.43125 0.7 0.43125
0 0.7078125 0.428125 0.7046875 0.428125 0.7046875 0.4296875 0.7078125 0.4296875
0 0.7875 0.41875000000000007 0.7078125 0.41875 0.7078125 0.4296875000000001 0.7875 0.42968750000000017
0 0.8671875 0.41718750000000016 0.8078125 0.41718750000000016 0.8078125 0.4281250000000002 0.8671875 0.4281250000000002
0 0.24375000000000008 0.4734375 0.2062500000000001 0.4734375 0.2062500000000001 0.48125 0.24375000000000008 0.48125
0 0.2984375000000001 0.465625 0.26250000000000007 0.465625 0.26250000000000007 0.4796875 0.2984375000000001 0.4796875
0 0.4359375 0.4671875 0.3203125000000001 0.4671875 0.3203125000000001 0.484375 0.4359375 0.484375
0 0.5125 0.4671875 0.4546875 0.4671875 0.4546875 0.4796875 0.5125 0.4796875
0 0.5578125 0.4671875 0.5375 0.4671875 0.5375 0.4796875 0.5578125 0.4796875
0 0.596875 0.465625 0.565625 0.465625 0.565625 0.48125 0.596875 0.48125
0 0.696875 0.4671875 0.6171875 0.4671875 0.6171875 0.4796875 0.696875 0.4796875
0 0.7234375 0.471875 0.7078125 0.471875 0.7078125 0.4796875 0.7234375 0.4796875
0 0.8546875 0.46875000000000017 0.7484375 0.46875000000000017 0.7484375 0.4859375000000002 0.8546875 0.4859375000000002
0 0.18281250000000004 0.51875 0.15468750000000003 0.51875 0.15468750000000003 0.53125 0.18281250000000004 0.53125
0 0.25468750000000007 0.5234375 0.20468750000000008 0.5234375 0.20468750000000008 0.53125 0.25468750000000007 0.53125
0 0.3578125000000001 0.51875 0.2796875000000001 0.51875 0.2796875000000001 0.53125 0.3578125000000001 0.53125
0 0.4609375 0.51875 0.37968750000000007 0.51875 0.37968750000000007 0.5359375 0.4609375 0.5359375
0 0.5703125 0.5140625 0.4828125 0.5140625 0.4828125 0.5328125 0.5703125 0.5328125
0 0.5765625 0.5140625 0.5703125 0.5140625 0.5703125 0.5171875 0.5765625 0.5171875
0 0.596875 0.5171875 0.5796875 0.5171875 0.5796875 0.5296875 0.596875 0.5296875
0 0.615625 0.525 0.5890625 0.525 0.5890625 0.53125 0.615625 0.53125
0 0.6875 0.5234375 0.640625 0.5234375 0.640625 0.53125 0.6875 0.53125
0 0.7890625 0.51875 0.709375 0.51875 0.709375 0.5359375000000001 0.7890625 0.5359375000000002
0 0.865625 0.5171875000000001 0.8078125 0.5171875000000001 0.8078125 0.5296875000000002 0.865625 0.5296875000000002
0 0.2000000000000001 0.575 0.1546875000000001 0.575 0.1546875000000001 0.5875 0.2000000000000001 0.5875
0 0.2890625000000001 0.575 0.22812500000000008 0.575 0.22812500000000008 0.5828125 0.2890625000000001 0.5828125
0 0.3421875000000001 0.5703125 0.3234375000000001 0.5703125 0.3234375000000001 0.58125 0.3421875000000001 0.58125
0 0.4390625 0.56875 0.3812500000000001 0.56875 0.3812500000000001 0.58125 0.4390625 0.58125
0 0.5859375 0.56875 0.4703125 0.56875 0.4703125 0.5859375 0.5859375 0.5859375
0 0.7484375 0.5687500000000001 0.6203125 0.56875 0.6203125 0.5859375000000001 0.7484375 0.5859375000000002
0 0.8203125 0.5687500000000002 0.771875 0.5687500000000002 0.771875 0.5796875000000001 0.8203125 0.5796875000000001
0 0.2234375000000001 0.621875 0.1515625000000001 0.621875 0.1515625000000001 0.6390625 0.2234375000000001 0.6390625
0 0.2515625000000001 0.61875 0.2312500000000001 0.61875 0.2312500000000001 0.628125 0.2515625000000001 0.628125
0 0.2562500000000001 0.61875 0.2515625000000001 0.61875 0.2515625000000001 0.621875 0.2562500000000001 0.621875