0 0.19218750000000004 0.2125 0.14687500000000003 0.2125 0.14687500000000003 0.228125 0.19218750000000004 0.228125
0 0.2875 0.209375 0.2265625 0.209375 0.2265625 0.23125 0.2875 0.23125
0 0.41875 0.21562500000000004 0.2984375 0.215625 0.2984375 0.24062500000000003 0.41875 0.2406250000000001
0 0.4859375 0.2140625000000001 0.45625 0.2140625000000001 0.45625 0.2296875000000001 0.4859375 0.2296875000000001
0 0.578125 0.2171875000000001 0.5140625 0.2171875000000001 0.5140625 0.2312500000000001 0.578125 0.2312500000000001
0 0.63125 0.2156250000000001 0.6046875 0.2156250000000001 0.6046875 0.2406250000000001 0.63125 0.2406250000000001
0 0.696875 0.2171875000000001 0.65625 0.2171875000000001 0.65625 0.2312500000000001 0.696875 0.2312500000000001
0 0.80625 0.2140625000000001 0.740625 0.2140625000000001 0.740625 0.2296875000000001 0.80625 0.2296875000000001
0 0.8203125 0.22812500000000008 0.8140625 0.22812500000000008 0.8140625 0.2375000000000001 0.8203125 0.2375000000000001
0 0.8359375 0.2093750000000001 0.828125 0.2093750000000001 0.828125 0.2171875000000001 0.8359375 0.2171875000000001
0 0.2 0.2609375 0.14687500000000003 0.2609375 0.14687500000000003 0.278125 0.2 0.278125
0 0.29375 0.265625 0.240625 0.265625 0.240625 0.28125 0.29375 0.28125
0 0.309375 0.275 0.30625 0.275 0.30625 0.278125 0.309375 0.278125
0 0.334375 0.2625 0.328125 0.2625 0.328125 0.26875 0.334375 0.26875
0 0.3796875 0.26406250000000003 0.3625 0.2640625 0.3625 0.29218750000000004 0.3796875 0.2921875000000001
0 0.4265625 0.2718750000000001 0.3984375 0.2718750000000001 0.3984375 0.2828125000000001 0.4265625 0.2828125000000001
0 0.5140625 0.2671875000000001 0.45625 0.2671875000000001 0.45625 0.2812500000000001 0.5140625 0.2812500000000001
0 0.5953125 0.2656250000000001 0.540625 0.2656250000000001 0.540625 0.2812500000000001 0.5953125 0.2812500000000001
0 0.653125 0.2734375000000001 0.6203125 0.2734375000000001 0.6203125 0.2812500000000001 0.653125 0.2812500000000001
0 0.765625 0.26250000000000007 0.690625 0.26250000000000007 0.690625 0.29375000000000007 0.765625 0.29375000000000007
0 0.8140625 0.2640625000000001 0.7875 0.2640625000000001 0.7875 0.2796875000000001 0.8140625 0.2796875000000001
0 0.18437500000000004 0.315625 0.14531250000000004 0.315625 0.14531250000000004 0.328125 0.18437500000000004 0.328125
0 0.2515625 0.315625 0.2109375 0.315625 0.2109375 0.3296875 0.2515625 0.3296875
0 0.3625 0.3078125 0.2921875 0.3078125 0.2921875 0.3296875 0.3625 0.3296875
0 0.4765625 0.3156250000000001 0.3859375 0.3156250000000001 0.3859375 0.3468750000000001 0.4765625 0.3468750000000001
0 0.5484375 0.31718750000000007 0.49375 0.31718750000000007 0.49375 0.3343750000000001 0.5484375 0.3343750000000001
0 0.6625 0.3187500000000001 0.575 0.3187500000000001 0.575 0.3500000000000001 0.6625 0.3500000000000001
0 0.7140625 0.3109375000000001 0.6890625 0.3109375000000001 0.6890625 0.3281250000000001 0.7140625 0.3281250000000001
0 0.7734375 0.3156250000000001 0.73125 0.3156250000000001 0.73125 0.33281250000000007 0.7734375 0.33281250000000007
0 0.8640625 0.31718750000000007 0.7953125 0.31718750000000007 0.7953125 0.33281250000000007 0.8640625 0.33281250000000007
0 0.871875 0.3312500000000001 0.86875 0.3312500000000001 0.86875 0.33281250000000007 0.871875 0.33281250000000007
0 0.8859375 0.3078125000000001 0.8765625 0.3078125000000001 0.8765625 0.3140625000000001 0.8859375 0.3140625000000001
0 0.17187500000000006 0.365625 0.14843750000000006 0.365625 0.14843750000000006 0.38125 0.17187500000000006 0.38125
0 0.24218750000000008 0.371875 0.2078125000000001 0.371875 0.2078125000000001 0.38125 0.24218750000000008 0.38125
0 0.3593750000000001 0.371875 0.2750000000000001 0.371875 0.2750000000000001 0.3890625 0.3593750000000001 0.3890625
0 0.4453125 0.3687500000000001 0.38750000000000007 0.3687500000000001 0.38750000000000007 0.3843750000000001 0.4453125 0.3843750000000001
0 0.459375 0.37968750000000007 0.453125 0.37968750000000007 0.453125 0.3890625000000001 0.459375 0.3890625000000001
0 0.575 0.3609375000000001 0.48125 0.3609375000000001 0.48125 0.3937500000000001 0.575 0.3937500000000001
0 0.6578125 0.3671875000000001 0.6 0.3671875000000001 0.6 0.3843750000000001 0.6578125 0.3843750000000001
0 0.75625 0.37187500000000007 0.678125 0.37187500000000007 0.678125 0.3984375000000001 0.75625 0.3984375000000001
0 0.8359375 0.37187500000000007 0.7859375 0.37187500000000007 0.7859375 0.3843750000000001 0.8359375 0.3843750000000001
0 0.2171875000000001 0.4109375 0.14687500000000003 0.4109375 0.14687500000000003 0.4421875 0.2171875000000001 0.4421875
0 0.3437500000000001 0.4171875 0.25468750000000007 0.4171875 0.25468750000000007 0.4453125 0.3437500000000001 0.4453125
0 0.36406250000000007 0.428125 0.3609375000000001 0.428125 0.3609375000000001 0.4375 0.36406250000000007 0.4375
0 0.4625 0.4171875 0.3750000000000001 0.4171875 0.3750000000000001 0.4421875 0.4625 0.4421875
0 0.50625 0.4234375 0.4796875 0.4234375 0.4796875 0.434375 0.50625 0.434375
0 0.6125 0.4171875 0.5390625 0.4171875 0.5390625 0.4359375 0.6125 0.4359375
0 0.6375 0.4296875 0.6328125 0.4296875 0.6328125 0.4421875 0.6375 0.4421875
0 0.7609375 0.4171875000000001 0.653125 0.4171875 0.653125 0.4468750000000001 0.7609375 0.4468750000000002
0 0.8546875 0.4203125000000002 0.7859375 0.4203125000000002 0.7859375 0.4343750000000002 0.8546875 0.4343750000000002
0 0.20312500000000008 0.459375 0.15781250000000005 0.459375 0.15781250000000005 0.48125 0.20312500000000008 0.48125
0 0.30937500000000007 0.46875 0.23437500000000008 0.46875 0.23437500000000008 0.484375 0.30937500000000007 0.484375
0 0.3234375000000001 0.4796875 0.3187500000000001 0.4796875 0.3187500000000001 0.4890625 0.3234375000000001 0.4890625
0 0.4609375 0.46875 0.3546875000000001 0.46875 0.3546875000000001 0.49375 0.4609375 0.49375
0 0.5171875 0.475 0.5 0.475 0.5 0.484375 0.5171875 0.484375
0 0.5859375 0.4671875 0.5421875 0.4671875 0.5421875 0.4953125 0.5859375 0.4953125
0 0.6765625 0.471875 0.625 0.471875 0.625 0.4859375 0.6765625 0.4859375
0 0.746875 0.4687500000000001 0.715625 0.46875 0.715625 0.49687500000000007 0.746875 0.4968750000000002
0 0.796875 0.4734375000000002 0.7828125 0.4734375000000002 0.7828125 0.4812500000000002 0.796875 0.4812500000000002
0 0.19218750000000004 0.515625 0.15156250000000004 0.515625 0.15156250000000004 0.5390625 0.19218750000000004 0.5390625
0 0.2515625000000001 0.521875 0.22656250000000008 0.521875 0.22656250000000008 0.53125 0.2515625000000001 0.53125
0 0.3312500000000001 0.5171875 0.2890625000000001 0.5171875 0.2890625000000001 0.534375 0.3312500000000001 0.534375
0 0.4234375 0.5171875 0.3656250000000001 0.5171875 0.3656250000000001 0.5359375 0.4234375 0.5359375
0 0.540625 0.51875 0.4578125 0.51875 0.4578125 0.5484375 0.540625 0.5484375
0 0.5640625 0.53125 0.5609375 0.53125 0.5609375 0.540625 0.5640625 0.540625
0 0.7703125 0.5203125000000001 0.5734375 0.5203125 0.5734375 0.5515625000000001 0.7703125 0.5515625000000002
0 0.7890625 0.5328125000000001 0.784375 0.5328125000000001 0.784375 0.5359375000000002 0.7890625 0.5359375000000002
0 0.846875 0.5234375000000002 0.828125 0.5234375000000002 0.828125 0.5375000000000002 0.846875 0.5375000000000002
0 0.18906250000000008 0.565625 0.14062500000000008 0.565625 0.14062500000000008 0.590625 0.18906250000000008 0.590625
0 0.3000000000000001 0.56875 0.2296875000000001 0.56875 0.2296875000000001 0.5828125 0.3000000000000001 0.5828125
0 0.3453125000000001 0.575 0.3218750000000001 0.575 0.3218750000000001 0.584375 0.3453125000000001 0.584375
0 0.403125 0.571875 0.3578125000000001 0.571875 0.3578125000000001 0.5890625 0.403125 0.5890625
0 0.4859375 0.571875 0.434375 0.571875 0.434375 0.6015625 0.4859375 0.6015625
0 0.5609375 0.5765625 0.5078125 0.5765625 0.5078125 0.5859375 0.5609375 0.5859375
0 0.6140625 0.575 0.5765625 0.575 0.5765625 0.584375 0.6140625 0.584375
0 0.690625 0.571875 0.6359375 0.571875 0.6359375 0.5859375 0.690625 0.5859375
0 0.75 0.5750000000000001 0.715625 0.575 0.715625 0.5859375000000001 0.75 0.5859375000000002
0 0.853125 0.5718750000000001 0.784375 0.5718750000000001 0.784375 0.5890625000000002 0.853125 0.5890625000000002
0 0.2765625000000001 0.615625 0.15625000000000008 0.615625 0.15625000000000008 0.6453125 0.2765625000000001 0.6453125
0 0.3531250000000001 0.615625 0.31718750000000007 0.615625 0.31718750000000007 0.64375 0.3531250000000001 0.64375
0 0.38750000000000007 0.6265625 0.37187500000000007 0.6265625 0.37187500000000007 0.6359375 0.38750000000000007 0.6359375
0 0.4859375 0.6203125 0.409375 0.6203125 0.409375 0.6375 0.4859375 0.6375
0 0.5765625 0.621875 0.515625 0.621875 0.515625 0.6390625 0.5765625 0.6390625
0 0.678125 0.6234375 0.6078125 0.6234375 0.6078125 0.6375 0.678125 0.6375
0 0.734375 0.6234375000000001 0.703125 0.6234375 0.703125 0.6328125000000001 0.734375 0.6328125000000002
0 0.8484375 0.6218750000000002 0.753125 0.6218750000000002 0.753125 0.6375000000000002 0.8484375 0.6375000000000002
0 0.20468750000000008 0.6703125 0.1609375000000001 0.6703125 0.1609375000000001 0.684375 0.20468750000000008 0.684375
0 0.30156250000000007 0.6703125 0.22812500000000008 0.6703125 0.22812500000000008 0.6859375 0.30156250000000007 0.6859375
0 0.3843750000000001 0.671875 0.33281250000000007 0.671875 0.33281250000000007 0.684375 0.3843750000000001 0.684375
0 0.4703125 0.671875 0.4 0.671875 0.4 0.6859375 0.4703125 0.6859375
0 0.5734375 0.6734375 0.4921875 0.6734375 0.4921875 0.7 0.5734375 0.7
0 0.628125 0.671875 0.609375 0.671875 0.609375 0.6859375 0.628125 0.6859375
0 0.7234375 0.6765625 0.678125 0.6765625 0.678125 0.6875 0.7234375 0.6875
0 0.8 0.6781250000000002 0.759375 0.6781250000000002 0.759375 0.6875000000000002 0.8 0.6875000000000002
0 0.23437500000000008 0.7171875 0.1468750000000001 0.7171875 0.1468750000000001 0.734375 0.23437500000000008 0.734375
0 0.2484375000000001 0.734375 0.2453125000000001 0.734375 0.2453125000000001 0.7375 0.2484375000000001 0.7375