0 0.19218750000000004 0.2140625 0.15000000000000005 0.2140625 0.15000000000000005 0.228125 0.19218750000000004 0.228125
0 0.2609375 0.2140625 0.215625 0.2140625 0.215625 0.228125 0.2609375 0.228125
0 0.321875 0.2140625 0.2875 0.2140625 0.2875 0.23125 0.321875 0.23125
0 0.3828125 0.21406250000000004 0.35 0.2140625 0.35 0.22812500000000005 0.3828125 0.22812500000000008
0 0.4609375 0.22031250000000008 0.4125 0.22031250000000008 0.4125 0.22812500000000008 0.4609375 0.22812500000000008
0 0.553125 0.2156250000000001 0.496875 0.2156250000000001 0.496875 0.2296875000000001 0.553125 0.2296875000000001
0 0.640625 0.2140625000000001 0.58125 0.2140625000000001 0.58125 0.22812500000000008 0.640625 0.22812500000000008
0 0.7484375 0.2156250000000001 0.6640625 0.2156250000000001 0.6640625 0.2390625000000001 0.7484375 0.2390625000000001
0 0.8125 0.2156250000000001 0.771875 0.2156250000000001 0.771875 0.2296875000000001 0.8125 0.2296875000000001
0 0.19375000000000003 0.26875 0.15156250000000004 0.26875 0.15156250000000004 0.2828125 0.19375000000000003 0.2828125
0 0.29375 0.265625 0.2203125 0.265625 0.2203125 0.278125 0.29375 0.278125
0 0.3546875 0.2703125 0.3171875 0.2703125 0.3171875 0.2796875 0.3546875 0.2796875
0 0.4375 0.2656250000000001 0.384375 0.2656250000000001 0.384375 0.2843750000000001 0.4375 0.2843750000000001
0 0.5109375 0.2718750000000001 0.4578125 0.2718750000000001 0.4578125 0.2796875000000001 0.5109375 0.2796875000000001
0 0.6015625 0.2671875000000001 0.5375 0.2671875000000001 0.5375 0.2796875000000001 0.6015625 0.2796875000000001
0 0.646875 0.2656250000000001 0.625 0.2656250000000001 0.625 0.27812500000000007 0.646875 0.27812500000000007
0 0.6484375 0.2765625000000001 0.6453125 0.2765625000000001 0.6453125 0.2796875000000001 0.6484375 0.2796875000000001
0 0.7296875 0.2671875000000001 0.6703125 0.2671875000000001 0.6703125 0.28593750000000007 0.7296875 0.28593750000000007
0 0.809375 0.2718750000000001 0.7546875 0.2718750000000001 0.7546875 0.2812500000000001 0.809375 0.2812500000000001
0 0.2296875 0.3171875 0.14531250000000004 0.3171875 0.14531250000000004 0.3359375 0.2296875 0.3359375
0 0.31875 0.3234375 0.2625 0.3234375 0.2625 0.33125 0.31875 0.33125
0 0.4078125 0.31718750000000007 0.353125 0.3171875 0.353125 0.3296875 0.4078125 0.3296875000000001
0 0.50625 0.31718750000000007 0.440625 0.31718750000000007 0.440625 0.3296875000000001 0.50625 0.3296875000000001
0 0.5578125 0.3234375000000001 0.5421875 0.3234375000000001 0.5421875 0.3296875000000001 0.5578125 0.3296875000000001
0 0.6203125 0.3187500000000001 0.584375 0.3187500000000001 0.584375 0.3312500000000001 0.6203125 0.3312500000000001
0 0.7296875 0.3203125000000001 0.6453125 0.3203125000000001 0.6453125 0.3359375000000001 0.7296875 0.3359375000000001
0 0.8359375 0.3187500000000001 0.759375 0.3187500000000001 0.759375 0.3312500000000001 0.8359375 0.3312500000000001
0 0.24218750000000008 0.36875 0.15000000000000005 0.36875 0.15000000000000005 0.390625 0.24218750000000008 0.390625
0 0.3156250000000001 0.36875 0.2718750000000001 0.36875 0.2718750000000001 0.384375 0.3156250000000001 0.384375
0 0.4015625 0.36875 0.33281250000000007 0.36875 0.33281250000000007 0.38750000000000007 0.4015625 0.38750000000000007
0 0.478125 0.3671875000000001 0.434375 0.3671875000000001 0.434375 0.3812500000000001 0.478125 0.3812500000000001
0 0.55 0.3750000000000001 0.4953125 0.3750000000000001 0.4953125 0.3828125000000001 0.55 0.3828125000000001
0 0.65625 0.3687500000000001 0.5828125 0.3687500000000001 0.5828125 0.3828125000000001 0.65625 0.3828125000000001
0 0.7109375 0.3687500000000001 0.6859375 0.3687500000000001 0.6859375 0.3812500000000001 0.7109375 0.3812500000000001
0 0.8046875 0.3750000000000001 0.7328125 0.3750000000000001 0.7328125 0.3828125000000001 0.8046875 0.3828125000000001
0 0.2093750000000001 0.4171875 0.14687500000000003 0.4171875 0.14687500000000003 0.43125 0.2093750000000001 0.43125
0 0.2531250000000001 0.4171875 0.2296875000000001 0.4171875 0.2296875000000001 0.4296875 0.2531250000000001 0.4296875
0 0.3421875000000001 0.4234375 0.27812500000000007 0.4234375 0.27812500000000007 0.43125 0.3421875000000001 0.43125
0 0.3968750000000001 0.4203125 0.3750000000000001 0.4203125 0.3750000000000001 0.43125 0.3968750000000001 0.43125
0 0.5171875 0.4203125 0.4296875 0.4203125 0.4296875 0.4390625 0.5171875 0.4390625
0 0.596875 0.41875 0.546875 0.41875 0.546875 0.4328125 0.596875 0.4328125
0 0.7625 0.4203125000000001 0.628125 0.4203125 0.628125 0.4328125000000001 0.7625 0.43281250000000016
0 0.8484375 0.4203125000000002 0.7890625 0.4203125000000002 0.7890625 0.4312500000000002 0.8484375 0.4312500000000002
0 0.3062500000000001 0.46875 0.14687500000000003 0.46875 0.14687500000000003 0.4875 0.3062500000000001 0.4875
0 0.3843750000000001 0.46875 0.3375000000000001 0.46875 0.3375000000000001 0.48125 0.3843750000000001 0.48125
0 0.471875 0.46875 0.4234375 0.46875 0.4234375 0.4828125 0.471875 0.4828125
0 0.553125 0.4703125 0.496875 0.4703125 0.496875 0.4828125 0.553125 0.4828125
0 0.6546875 0.46875 0.584375 0.46875 0.584375 0.4828125 0.6546875 0.4828125
0 0.75625 0.4703125000000001 0.6921875 0.4703125 0.6921875 0.4828125000000001 0.75625 0.4828125000000002
0 0.821875 0.46875000000000017 0.7859375 0.46875000000000017 0.7859375 0.4828125000000002 0.821875 0.4828125000000002
0 0.19375000000000003 0.5171875 0.14687500000000003 0.5171875 0.14687500000000003 0.53125 0.19375000000000003 0.53125
0 0.2000000000000001 0.528125 0.19687500000000005 0.528125 0.19687500000000005 0.5296875 0.2000000000000001 0.5296875
0 0.2390625000000001 0.5140625 0.22812500000000008 0.5140625 0.22812500000000008 0.51875 0.2390625000000001 0.51875
0 0.25468750000000007 0.5203125 0.23437500000000008 0.5203125 0.23437500000000008 0.53125 0.25468750000000007 0.53125
0 0.3312500000000001 0.525 0.2593750000000001 0.525 0.2593750000000001 0.540625 0.3312500000000001 0.540625
0 0.3937500000000001 0.525 0.3593750000000001 0.525 0.3593750000000001 0.5328125 0.3937500000000001 0.5328125
0 0.4390625 0.5171875 0.40625 0.5171875 0.40625 0.5328125 0.4390625 0.5328125
0 0.54375 0.51875 0.4671875 0.51875 0.4671875 0.53125 0.54375 0.53125
0 0.6265625 0.5203125 0.565625 0.5203125 0.565625 0.5328125 0.6265625 0.5328125
0 0.7015625 0.5203125 0.65 0.5203125 0.65 0.5328125 0.7015625 0.5328125
0 0.7640625 0.5203125000000001 0.725 0.5203125 0.725 0.534375 0.7640625 0.5343750000000002
0 0.85 0.5203125000000002 0.784375 0.5203125000000002 0.784375 0.5421875000000002 0.85 0.5421875000000002
0 0.2140625000000001 0.5703125 0.1453125000000001 0.5703125 0.1453125000000001 0.590625 0.2140625000000001 0.590625
0 0.3203125000000001 0.56875 0.2390625000000001 0.56875 0.2390625000000001 0.5859375 0.3203125000000001 0.5859375
0 0.3375000000000001 0.5796875 0.3281250000000001 0.5796875 0.3281250000000001 0.584375 0.3375000000000001 0.584375
0 0.41875 0.5703125 0.35625000000000007 0.5703125 0.35625000000000007 0.5828125 0.41875 0.5828125
0 0.4328125 0.5796875 0.425 0.5796875 0.425 0.5859375 0.4328125 0.5859375
0 0.465625 0.5671875 0.45625 0.5671875 0.45625 0.571875 0.465625 0.571875
0 0.540625 0.56875 0.471875 0.56875 0.471875 0.5828125 0.540625 0.5828125
0 0.5984375 0.571875 0.5625 0.571875 0.5625 0.584375 0.5984375 0.584375
0 0.753125 0.5703125000000001 0.628125 0.5703125 0.628125 0.5843750000000001 0.753125 0.5843750000000002
0 0.7640625 0.5828125000000002 0.7609375 0.5828125000000002 0.7609375 0.5843750000000002 0.7640625 0.5843750000000002