0 0.16406250000000006 0.2140625 0.14531250000000004 0.2140625 0.14531250000000004 0.228125 0.16406250000000006 0.228125
0 0.259375 0.215625 0.18906250000000005 0.215625 0.18906250000000005 0.228125 0.259375 0.228125
0 0.3375 0.221875 0.2859375 0.221875 0.2859375 0.2296875 0.3375 0.2296875
0 0.4046875 0.22031250000000008 0.38125 0.22031250000000008 0.38125 0.22812500000000008 0.4046875 0.22812500000000008
0 0.475 0.2171875000000001 0.4359375 0.2171875000000001 0.4359375 0.2296875000000001 0.475 0.2296875000000001
0 0.6015625 0.21875000000000008 0.5109375 0.21875000000000008 0.5109375 0.2296875000000001 0.6015625 0.2296875000000001
0 0.6890625 0.21875000000000008 0.63125 0.21875000000000008 0.63125 0.2296875000000001 0.6890625 0.2296875000000001
0 0.7328125 0.2218750000000001 0.71875 0.2218750000000001 0.71875 0.22812500000000008 0.7328125 0.22812500000000008
0 0.8578125 0.2171875000000001 0.759375 0.2171875000000001 0.759375 0.2312500000000001 0.8578125 0.2312500000000001
0 0.221875 0.265625 0.14218750000000005 0.265625 0.14218750000000005 0.284375 0.221875 0.284375
0 0.296875 0.2671875 0.25 0.2671875 0.25 0.28125 0.296875 0.28125
0 0.4234375 0.2671875 0.3265625 0.2671875 0.3265625 0.2828125 0.4234375 0.2828125000000001
0 0.55625 0.2687500000000001 0.453125 0.2687500000000001 0.453125 0.2796875000000001 0.55625 0.2796875000000001
0 0.61875 0.2687500000000001 0.584375 0.2687500000000001 0.584375 0.2796875000000001 0.61875 0.2796875000000001
0 0.715625 0.2671875000000001 0.6578125 0.2671875000000001 0.6578125 0.2796875000000001 0.715625 0.2796875000000001
0 0.7296875 0.27812500000000007 0.7265625 0.27812500000000007 0.7265625 0.2796875000000001 0.7296875 0.2796875000000001
0 0.7609375 0.2656250000000001 0.7515625 0.2656250000000001 0.7515625 0.2687500000000001 0.7609375 0.2687500000000001
0 0.8453125 0.2656250000000001 0.7609375 0.2656250000000001 0.7609375 0.2796875000000001 0.8453125 0.2796875000000001
0 0.2390625 0.3171875 0.14375000000000004 0.3171875 0.14375000000000004 0.3375 0.2390625 0.3375
0 0.3015625 0.31875 0.2671875 0.31875 0.2671875 0.33125 0.3015625 0.33125
0 0.38125 0.31718750000000007 0.3328125 0.3171875 0.3328125 0.33281250000000007 0.38125 0.33281250000000007
0 0.484375 0.3187500000000001 0.415625 0.3187500000000001 0.415625 0.3312500000000001 0.484375 0.3312500000000001
0 0.559375 0.31718750000000007 0.5125 0.31718750000000007 0.5125 0.3296875000000001 0.559375 0.3296875000000001
0 0.6234375 0.31718750000000007 0.58125 0.31718750000000007 0.58125 0.3312500000000001 0.6234375 0.3312500000000001
0 0.64375 0.3234375000000001 0.6203125 0.3234375000000001 0.6203125 0.3296875000000001 0.64375 0.3296875000000001
0 0.7140625 0.3203125000000001 0.65625 0.3203125000000001 0.65625 0.3390625000000001 0.7140625 0.3390625000000001
0 0.7796875 0.3234375000000001 0.734375 0.3234375000000001 0.734375 0.3312500000000001 0.7796875 0.3312500000000001
0 0.8390625 0.31718750000000007 0.7953125 0.31718750000000007 0.7953125 0.3312500000000001 0.8390625 0.3312500000000001
0 0.24218750000000008 0.36875 0.14062500000000006 0.36875 0.14062500000000006 0.384375 0.24218750000000008 0.384375
0 0.2531250000000001 0.3796875 0.24218750000000008 0.3796875 0.24218750000000008 0.384375 0.2531250000000001 0.384375
0 0.2828125000000001 0.3671875 0.2750000000000001 0.3671875 0.2750000000000001 0.371875 0.2828125000000001 0.371875
0 0.3468750000000001 0.36875 0.28593750000000007 0.36875 0.28593750000000007 0.3796875 0.3468750000000001 0.3796875
0 0.45 0.36718750000000006 0.3609375000000001 0.3671875 0.3609375000000001 0.38125000000000003 0.45 0.3812500000000001
0 0.4609375 0.3781250000000001 0.4546875 0.3781250000000001 0.4546875 0.3812500000000001 0.4609375 0.3812500000000001
0 0.51875 0.3687500000000001 0.490625 0.3687500000000001 0.490625 0.37968750000000007 0.51875 0.37968750000000007
0 0.6875 0.3671875000000001 0.5484375 0.3671875000000001 0.5484375 0.37968750000000007 0.6875 0.37968750000000007
0 0.7296875 0.3687500000000001 0.7 0.3687500000000001 0.7 0.3812500000000001 0.7296875 0.3812500000000001
0 0.796875 0.3734375000000001 0.75 0.3734375000000001 0.75 0.37968750000000007 0.796875 0.37968750000000007
0 0.18281250000000004 0.41875 0.13906250000000003 0.41875 0.13906250000000003 0.4296875 0.18281250000000004 0.4296875
0 0.2218750000000001 0.4171875 0.19218750000000004 0.4171875 0.19218750000000004 0.4328125 0.2218750000000001 0.4328125
0 0.3000000000000001 0.425 0.2406250000000001 0.425 0.2406250000000001 0.43125 0.3000000000000001 0.43125
0 0.3531250000000001 0.4203125 0.3265625000000001 0.4203125 0.3265625000000001 0.43125 0.3531250000000001 0.43125
0 0.4078125 0.4234375 0.3812500000000001 0.4234375 0.3812500000000001 0.4296875 0.4078125 0.4296875
0 0.515625 0.41875 0.4484375 0.41875 0.4484375 0.4375 0.515625 0.4375
0 0.603125 0.41875 0.5390625 0.41875 0.5390625 0.43125 0.603125 0.43125
0 0.621875 0.428125 0.6125 0.428125 0.6125 0.434375 0.621875 0.434375
0 0.7125 0.4203125 0.6390625 0.4203125 0.6390625 0.4375 0.7125 0.4375
0 0.7296875 0.4281250000000001 0.721875 0.428125 0.721875 0.4328125000000001 0.7296875 0.43281250000000016
0 0.8078125 0.4203125000000002 0.7421875 0.4203125000000002 0.7421875 0.43281250000000016 0.8078125 0.43281250000000016
0 0.26250000000000007 0.4671875 0.14531250000000004 0.4671875 0.14531250000000004 0.4890625 0.26250000000000007 0.4890625
0 0.2843750000000001 0.478125 0.27031250000000007 0.478125 0.27031250000000007 0.4859375 0.2843750000000001 0.4859375
0 0.3750000000000001 0.4703125 0.3062500000000001 0.4703125 0.3062500000000001 0.4828125 0.3750000000000001 0.4828125
0 0.4671875 0.46875 0.4046875 0.46875 0.4046875 0.4828125 0.4671875 0.4828125
0 0.5125 0.46875 0.49375 0.46875 0.49375 0.4796875 0.5125 0.4796875
0 0.61875 0.4703125 0.5078125 0.4703125 0.5078125 0.4828125 0.61875 0.4828125
0 0.628125 0.48125 0.6265625 0.48125 0.6265625 0.4828125 0.628125 0.4828125
0 0.70625 0.4703125 0.6578125 0.4703125 0.6578125 0.4828125 0.70625 0.4828125
0 0.7828125 0.46875000000000017 0.7296875 0.46875000000000017 0.7296875 0.4828125000000002 0.7828125 0.4828125000000002
0 0.846875 0.4750000000000002 0.796875 0.4750000000000002 0.796875 0.4828125000000002 0.846875 0.4828125000000002
0 0.18593750000000003 0.5203125 0.15312500000000004 0.5203125 0.15312500000000004 0.5296875 0.18593750000000003 0.5296875
0 0.2531250000000001 0.5203125 0.2093750000000001 0.5203125 0.2093750000000001 0.5328125 0.2531250000000001 0.5328125
0 0.3828125000000001 0.5203125 0.2906250000000001 0.5203125 0.2906250000000001 0.5328125 0.3828125000000001 0.5328125
0 0.4375 0.521875 0.409375 0.521875 0.409375 0.53125 0.4375 0.53125
0 0.5046875 0.5203125 0.4703125 0.5203125 0.4703125 0.540625 0.5046875 0.540625
0 0.6203125 0.521875 0.5375 0.521875 0.5375 0.5328125 0.6203125 0.5328125
0 0.625 0.5328125 0.6234375 0.5328125 0.6234375 0.534375 0.625 0.534375
0 0.703125 0.5203125 0.6484375 0.5203125 0.6484375 0.5375 0.703125 0.5375
0 0.7734375 0.5265625 0.7203125 0.5265625 0.7203125 0.5328125000000001 0.7734375 0.5328125000000001
0 0.8234375 0.5218750000000002 0.7984375 0.5218750000000002 0.7984375 0.5328125000000001 0.8234375 0.5328125000000001
0 0.2000000000000001 0.5703125 0.1515625000000001 0.5703125 0.1515625000000001 0.5828125 0.2000000000000001 0.5828125
0 0.2500000000000001 0.571875 0.21875000000000008 0.571875 0.21875000000000008 0.5828125 0.2500000000000001 0.5828125
0 0.3515625000000001 0.5765625 0.2875000000000001 0.5765625 0.2875000000000001 0.590625 0.3515625000000001 0.590625
0 0.4515625 0.5703125 0.3750000000000001 0.5703125 0.3750000000000001 0.5859375 0.4515625 0.5859375
0 0.5203125 0.5703125 0.4703125 0.5703125 0.4703125 0.5828125 0.5203125 0.5828125
0 0.59375 0.5703125 0.5484375 0.5703125 0.5484375 0.5828125 0.59375 0.5828125
0 0.678125 0.5703125 0.615625 0.5703125 0.615625 0.5828125 0.678125 0.5828125
0 0.778125 0.5703125000000001 0.709375 0.5703125 0.709375 0.5859375000000001 0.778125 0.5859375000000002
0 0.2734375000000001 0.6203125 0.1453125000000001 0.6203125 0.1453125000000001 0.634375 0.2734375000000001 0.634375
0 0.3531250000000001 0.621875 0.2921875000000001 0.621875 0.2921875000000001 0.634375 0.3531250000000001 0.634375
0 0.475 0.6234375 0.37187500000000007 0.6234375 0.37187500000000007 0.634375 0.475 0.634375
0 0.5453125 0.6203125 0.5015625 0.6203125 0.5015625 0.6359375 0.5453125 0.6359375
0 0.6046875 0.621875 0.565625 0.621875 0.565625 0.634375 0.6046875 0.634375
0 0.6890625 0.6234375 0.6296875 0.6234375 0.6296875 0.634375 0.6890625 0.634375
0 0.7515625 0.6218750000000001 0.709375 0.621875 0.709375 0.6359375 0.7515625 0.6359375000000002
0 0.80625 0.6265625000000001 0.7734375 0.6265625000000001 0.7734375 0.6328125000000002 0.80625 0.6328125000000002
0 0.2062500000000001 0.6734375 0.14843750000000008 0.6734375 0.14843750000000008 0.684375 0.2062500000000001 0.684375
0 0.2843750000000001 0.678125 0.2312500000000001 0.678125 0.2312500000000001 0.684375 0.2843750000000001 0.684375
0 0.36406250000000007 0.6734375 0.3187500000000001 0.6734375 0.3187500000000001 0.684375 0.36406250000000007 0.684375
0 0.475 0.6734375 0.3812500000000001 0.6734375 0.3812500000000001 0.6890625 0.475 0.6890625
0 0.5359375 0.671875 0.503125 0.671875 0.503125 0.6859375 0.5359375 0.6859375
0 0.625 0.6734375 0.56875 0.6734375 0.56875 0.684375 0.625 0.684375
0 0.6390625 0.678125 0.628125 0.678125 0.628125 0.684375 0.6390625 0.684375