0 0.16093750000000004 0.2140625 0.14218750000000005 0.2140625 0.14218750000000005 0.2265625 0.16093750000000004 0.2265625
0 0.284375 0.2140625 0.16875000000000004 0.2140625 0.16875000000000004 0.2296875 0.284375 0.2296875
0 0.35625 0.2140625 0.2984375 0.2140625 0.2984375 0.234375 0.35625 0.234375
0 0.4359375 0.22031250000000008 0.396875 0.22031250000000008 0.396875 0.2296875000000001 0.4359375 0.2296875000000001
0 0.515625 0.2171875000000001 0.465625 0.2171875000000001 0.465625 0.22812500000000008 0.515625 0.22812500000000008
0 0.5734375 0.2171875000000001 0.5390625 0.2171875000000001 0.5390625 0.2296875000000001 0.5734375 0.2296875000000001
0 0.640625 0.2140625000000001 0.5984375 0.2140625000000001 0.5984375 0.2312500000000001 0.640625 0.2312500000000001
0 0.7390625 0.2156250000000001 0.6703125 0.2156250000000001 0.6703125 0.2328125000000001 0.7390625 0.2328125000000001
0 0.78125 0.2156250000000001 0.7671875 0.2156250000000001 0.7671875 0.2296875000000001 0.78125 0.2296875000000001
0 0.19843750000000004 0.2640625 0.14218750000000005 0.2640625 0.14218750000000005 0.2796875 0.19843750000000004 0.2796875
0 0.2859375 0.2671875 0.2296875 0.2671875 0.2296875 0.2828125 0.2859375 0.2828125
0 0.4609375 0.26562500000000006 0.321875 0.265625 0.321875 0.28593750000000007 0.4609375 0.28593750000000007
0 0.5328125 0.27031250000000007 0.484375 0.27031250000000007 0.484375 0.2812500000000001 0.5328125 0.2812500000000001
0 0.584375 0.2671875000000001 0.5609375 0.2671875000000001 0.5609375 0.2796875000000001 0.584375 0.2796875000000001
0 0.6875 0.2718750000000001 0.6109375 0.2718750000000001 0.6109375 0.2875000000000001 0.6875 0.2875000000000001
0 0.80625 0.2640625000000001 0.715625 0.2640625000000001 0.715625 0.2843750000000001 0.80625 0.2843750000000001
0 0.17343750000000005 0.3234375 0.14062500000000006 0.3234375 0.14062500000000006 0.33125 0.17343750000000005 0.33125
0 0.2375 0.3171875 0.2046875 0.3171875 0.2046875 0.3296875 0.2375 0.3296875
0 0.35625 0.3171875 0.275 0.3171875 0.275 0.33125 0.35625 0.33125
0 0.46875 0.3187500000000001 0.3890625 0.3187500000000001 0.3890625 0.3312500000000001 0.46875 0.3312500000000001
0 0.5515625 0.3187500000000001 0.5046875 0.3187500000000001 0.5046875 0.3312500000000001 0.5515625 0.3312500000000001
0 0.621875 0.3156250000000001 0.5703125 0.3156250000000001 0.5703125 0.3296875000000001 0.621875 0.3296875000000001
0 0.6640625 0.31718750000000007 0.640625 0.31718750000000007 0.640625 0.3296875000000001 0.6640625 0.3296875000000001
0 0.7234375 0.3218750000000001 0.6796875 0.3218750000000001 0.6796875 0.3312500000000001 0.7234375 0.3312500000000001
0 0.7625 0.32500000000000007 0.746875 0.32500000000000007 0.746875 0.3312500000000001 0.7625 0.3312500000000001
0 0.27031250000000007 0.3671875 0.14375000000000004 0.3671875 0.14375000000000004 0.3828125 0.27031250000000007 0.3828125
0 0.3750000000000001 0.36718750000000006 0.3031250000000001 0.3671875 0.3031250000000001 0.38593750000000004 0.3750000000000001 0.3859375000000001
0 0.428125 0.3703125000000001 0.4 0.3703125000000001 0.4 0.37968750000000007 0.428125 0.37968750000000007
0 0.478125 0.36406250000000007 0.453125 0.36406250000000007 0.453125 0.37968750000000007 0.478125 0.37968750000000007
0 0.6015625 0.3656250000000001 0.5 0.3656250000000001 0.5 0.3812500000000001 0.6015625 0.3812500000000001
0 0.6421875 0.3687500000000001 0.615625 0.3687500000000001 0.615625 0.3812500000000001 0.6421875 0.3812500000000001
0 0.70625 0.3671875000000001 0.66875 0.3671875000000001 0.66875 0.3812500000000001 0.70625 0.3812500000000001
0 0.7109375 0.3781250000000001 0.7078125 0.3781250000000001 0.7078125 0.37968750000000007 0.7109375 0.37968750000000007
0 0.7421875 0.36406250000000007 0.7359375 0.36406250000000007 0.7359375 0.3671875000000001 0.7421875 0.3671875000000001
0 0.7921875 0.3687500000000001 0.7390625 0.3687500000000001 0.7390625 0.3812500000000001 0.7921875 0.3812500000000001
0 0.19375000000000003 0.421875 0.14218750000000005 0.421875 0.14218750000000005 0.4390625 0.19375000000000003 0.4390625
0 0.2531250000000001 0.4171875 0.21093750000000008 0.4171875 0.21093750000000008 0.434375 0.2531250000000001 0.434375
0 0.3156250000000001 0.4234375 0.2796875000000001 0.4234375 0.2796875000000001 0.43125 0.3156250000000001 0.43125
0 0.33281250000000007 0.428125 0.32500000000000007 0.428125 0.32500000000000007 0.4359375 0.33281250000000007 0.4359375
0 0.4765625 0.41875 0.3515625000000001 0.41875 0.3515625000000001 0.4375 0.4765625 0.4375
0 0.5015625 0.415625 0.478125 0.415625 0.478125 0.4359375 0.5015625 0.4359375
0 0.5265625 0.41875 0.5125 0.41875 0.5125 0.43125 0.5265625 0.43125
0 0.5328125 0.4171875 0.5234375 0.4171875 0.5234375 0.41875 0.5328125 0.41875
0 0.59375 0.4171875 0.5375 0.4171875 0.5375 0.4328125 0.59375 0.4328125
0 0.6 0.43125 0.596875 0.43125 0.596875 0.4328125 0.6 0.4328125
0 0.63125 0.4140625 0.621875 0.4140625 0.621875 0.4171875 0.63125 0.4171875
0 0.6578125 0.4171875 0.63125 0.4171875 0.63125 0.4375 0.6578125 0.4375
0 0.728125 0.41875000000000007 0.6765625 0.41875 0.6765625 0.4390625000000001 0.728125 0.4390625000000002
0 0.778125 0.4187500000000002 0.7484375 0.4187500000000002 0.7484375 0.43281250000000016 0.778125 0.43281250000000016
0 0.8390625 0.4187500000000002 0.796875 0.4187500000000002 0.796875 0.43750000000000017 0.8390625 0.43750000000000017
0 0.19687500000000005 0.46875 0.13906250000000003 0.46875 0.13906250000000003 0.484375 0.19687500000000005 0.484375
0 0.28593750000000007 0.46875 0.2234375000000001 0.46875 0.2234375000000001 0.484375 0.28593750000000007 0.484375
0 0.3453125000000001 0.475 0.3109375000000001 0.475 0.3109375000000001 0.4890625 0.3453125000000001 0.4890625
0 0.4125 0.46875 0.3734375000000001 0.46875 0.3734375000000001 0.4828125 0.4125 0.4828125
0 0.496875 0.46875 0.4359375 0.46875 0.4359375 0.4890625 0.496875 0.4890625
0 0.51875 0.4796875 0.509375 0.4796875 0.509375 0.4859375 0.51875 0.4859375
0 0.5546875 0.46875 0.5296875 0.46875 0.5296875 0.4828125 0.5546875 0.4828125
0 0.5828125 0.46875 0.5625 0.46875 0.5625 0.4828125 0.5828125 0.4828125
0 0.634375 0.471875 0.60625 0.471875 0.60625 0.484375 0.634375 0.484375
0 0.6765625 0.4765625 0.659375 0.4765625 0.659375 0.4828125 0.6765625 0.4828125
0 0.771875 0.4703125000000001 0.696875 0.4703125 0.696875 0.4875000000000001 0.771875 0.48750000000000016
0 0.828125 0.4750000000000002 0.79375 0.4750000000000002 0.79375 0.4828125000000002 0.828125 0.4828125000000002
0 0.2000000000000001 0.5203125 0.14375000000000004 0.5203125 0.14375000000000004 0.534375 0.2000000000000001 0.534375
0 0.2562500000000001 0.51875 0.2250000000000001 0.51875 0.2250000000000001 0.5375 0.2562500000000001 0.5375
0 0.3312500000000001 0.5203125 0.2687500000000001 0.5203125 0.2687500000000001 0.5328125 0.3312500000000001 0.5328125
0 0.3531250000000001 0.53125 0.3437500000000001 0.53125 0.3437500000000001 0.5375 0.3531250000000001 0.5375
0 0.3921875000000001 0.525 0.3609375000000001 0.525 0.3609375000000001 0.5328125 0.3921875000000001 0.5328125
0 0.478125 0.525 0.4203125 0.525 0.4203125 0.53125 0.478125 0.53125
0 0.4984375 0.528125 0.4828125 0.528125 0.4828125 0.534375 0.4984375 0.534375
0 0.5296875 0.5203125 0.509375 0.5203125 0.509375 0.5328125 0.5296875 0.5328125
0 0.6203125 0.5203125 0.5453125 0.5203125 0.5453125 0.5328125 0.6203125 0.5328125
0 0.6828125 0.5265625 0.65 0.5265625 0.65 0.534375 0.6828125 0.534375
0 0.7453125 0.5265625 0.7109375 0.5265625 0.7109375 0.534375 0.7453125 0.5343750000000002
0 0.8296875 0.5218750000000002 0.771875 0.5218750000000002 0.771875 0.5343750000000002 0.8296875 0.5343750000000002
0 0.19531250000000008 0.56875 0.14218750000000008 0.56875 0.14218750000000008 0.584375 0.19531250000000008 0.584375
0 0.2765625000000001 0.571875 0.21875000000000008 0.571875 0.21875000000000008 0.584375 0.2765625000000001 0.584375
0 0.3453125000000001 0.5703125 0.3078125000000001 0.5703125 0.3078125000000001 0.584375 0.3453125000000001 0.584375
0 0.4296875 0.56875 0.3703125000000001 0.56875 0.3703125000000001 0.5921875 0.4296875 0.5921875
0 0.4328125 0.58125 0.4296875 0.58125 0.4296875 0.5828125 0.4328125 0.5828125
0 0.4578125 0.5671875 0.446875 0.5671875 0.446875 0.5734375 0.4578125 0.5734375