0 0.2125 0.209375 0.15000000000000005 0.209375 0.15000000000000005 0.2296875 0.2125 0.2296875
0 0.3640625 0.21093750000000006 0.240625 0.2109375 0.240625 0.24062500000000003 0.3640625 0.2406250000000001
0 0.4265625 0.21250000000000008 0.3984375 0.21250000000000008 0.3984375 0.2390625000000001 0.4265625 0.2390625000000001
0 0.4578125 0.2234375000000001 0.44375 0.2234375000000001 0.44375 0.2328125000000001 0.4578125 0.2328125000000001
0 0.553125 0.2171875000000001 0.484375 0.2171875000000001 0.484375 0.2328125000000001 0.553125 0.2328125000000001
0 0.6015625 0.2156250000000001 0.596875 0.2156250000000001 0.596875 0.2328125000000001 0.6015625 0.2328125000000001
0 0.78125 0.21875000000000008 0.625 0.21875000000000008 0.625 0.23437500000000008 0.78125 0.23437500000000008
0 0.8640625 0.22031250000000008 0.81875 0.22031250000000008 0.81875 0.2375000000000001 0.8640625 0.2375000000000001
0 0.20625 0.26875 0.14843750000000006 0.26875 0.14843750000000006 0.2796875 0.20625 0.2796875
0 0.2859375 0.2640625 0.240625 0.2640625 0.240625 0.2796875 0.2859375 0.2796875
0 0.31875 0.2625 0.290625 0.2625 0.290625 0.278125 0.31875 0.278125
0 0.440625 0.26406250000000003 0.34375 0.2640625 0.34375 0.29531250000000003 0.440625 0.2953125000000001
0 0.5046875 0.2718750000000001 0.4796875 0.2718750000000001 0.4796875 0.2812500000000001 0.5046875 0.2812500000000001
0 0.584375 0.2640625000000001 0.534375 0.2640625000000001 0.534375 0.2828125000000001 0.584375 0.2828125000000001
0 0.684375 0.2656250000000001 0.621875 0.2656250000000001 0.621875 0.2875000000000001 0.684375 0.2875000000000001
0 0.8234375 0.27031250000000007 0.7140625 0.27031250000000007 0.7140625 0.28593750000000007 0.8234375 0.28593750000000007
0 0.8421875 0.2875000000000001 0.840625 0.2875000000000001 0.840625 0.2890625000000001 0.8421875 0.2890625000000001
0 0.14687500000000003 0.3140625 0.13750000000000004 0.3140625 0.13750000000000004 0.3234375 0.14687500000000003 0.3234375
0 0.2703125 0.3140625 0.17187500000000006 0.3140625 0.17187500000000006 0.346875 0.2703125 0.346875
0 0.3515625 0.3234375 0.3015625 0.3234375 0.3015625 0.34375 0.3515625 0.34375
0 0.4625 0.31718750000000007 0.3890625 0.31718750000000007 0.3890625 0.3343750000000001 0.4625 0.3343750000000001
0 0.565625 0.3234375000000001 0.490625 0.3234375000000001 0.490625 0.3375000000000001 0.565625 0.3375000000000001
0 0.6796875 0.3203125000000001 0.5953125 0.3203125000000001 0.5953125 0.3359375000000001 0.6796875 0.3359375000000001
0 0.8234375 0.3203125000000001 0.7140625 0.3203125000000001 0.7140625 0.34843750000000007 0.8234375 0.34843750000000007
0 0.840625 0.3390625000000001 0.83125 0.3390625000000001 0.83125 0.3500000000000001 0.840625 0.3500000000000001
0 0.20468750000000005 0.3625 0.14843750000000006 0.3625 0.14843750000000006 0.3828125 0.20468750000000008 0.3828125
0 0.23281250000000003 0.3578125 0.221875 0.3578125 0.22187500000000004 0.3796875 0.2328125000000001 0.3796875
0 0.25781250000000006 0.3578125 0.246875 0.3578125 0.24687500000000004 0.3640625 0.2578125000000001 0.3640625
0 0.30625 0.359375 0.296875 0.359375 0.29687500000000006 0.3703125 0.3062500000000001 0.3703125
0 0.4 0.36562500000000003 0.3312500000000001 0.365625 0.3312500000000001 0.384375 0.4 0.3843750000000001
0 0.4953125 0.3656250000000001 0.425 0.3656250000000001 0.425 0.3828125000000001 0.4953125 0.3828125000000001
0 0.525 0.3593750000000001 0.5125 0.3593750000000001 0.5125 0.3812500000000001 0.525 0.3812500000000001
0 0.5453125 0.3578125000000001 0.5375 0.3578125000000001 0.5375 0.3625000000000001 0.5453125 0.3625000000000001
0 0.5875 0.36406250000000007 0.5765625 0.36406250000000007 0.5765625 0.3703125000000001 0.5875 0.3703125000000001
0 0.66875 0.3671875000000001 0.6015625 0.3671875000000001 0.6015625 0.3843750000000001 0.66875 0.3843750000000001
0 0.7296875 0.3703125000000001 0.703125 0.3703125000000001 0.703125 0.3859375000000001 0.7296875 0.3859375000000001
0 0.7515625 0.3703125000000001 0.7359375 0.3703125000000001 0.7359375 0.3890625000000001 0.7515625 0.3890625000000001
0 0.83125 0.37187500000000007 0.7796875 0.37187500000000007 0.7796875 0.38750000000000007 0.83125 0.38750000000000007
0 0.8421875 0.3859375000000001 0.834375 0.3859375000000001 0.834375 0.3937500000000001 0.8421875 0.3937500000000001
0 0.853125 0.3687500000000001 0.8421875 0.3687500000000001 0.8421875 0.3750000000000001 0.853125 0.3750000000000001
0 0.15312500000000004 0.415625 0.15000000000000005 0.415625 0.15000000000000005 0.43125 0.15312500000000004 0.43125
0 0.23437500000000008 0.4171875 0.17812500000000003 0.4171875 0.17812500000000003 0.4328125 0.23437500000000008 0.4328125
0 0.25468750000000007 0.4328125 0.2500000000000001 0.4328125 0.2500000000000001 0.4359375 0.25468750000000007 0.4359375
0 0.29375000000000007 0.41875 0.2890625000000001 0.41875 0.2890625000000001 0.434375 0.29375000000000007 0.434375
0 0.4265625 0.4203125 0.3109375000000001 0.4203125 0.3109375000000001 0.4359375 0.4265625 0.4359375
0 0.5171875 0.415625 0.4640625 0.415625 0.4640625 0.4375 0.5171875 0.4375
0 0.6453125 0.425 0.5453125 0.425 0.5453125 0.4390625 0.6453125 0.4390625
0 0.675 0.425 0.671875 0.425 0.671875 0.4390625 0.675 0.4390625
0 0.7484375 0.4296875000000001 0.696875 0.4296875 0.696875 0.4406250000000001 0.7484375 0.44062500000000016
0 0.8703125 0.42500000000000016 0.78125 0.42500000000000016 0.78125 0.4500000000000002 0.8703125 0.4500000000000002
0 0.3000000000000001 0.4671875 0.15625000000000006 0.4671875 0.15625000000000006 0.490625 0.3000000000000001 0.490625
0 0.3671875000000001 0.4734375 0.33281250000000007 0.4734375 0.33281250000000007 0.4984375 0.3671875000000001 0.4984375
0 0.4265625 0.4703125 0.3859375000000001 0.4703125 0.3859375000000001 0.4890625 0.4265625 0.4890625
0 0.5234375 0.4765625 0.45625 0.4765625 0.45625 0.5046875 0.5234375 0.5046875
0 0.5828125 0.471875 0.55 0.471875 0.55 0.484375 0.5828125 0.484375
0 0.7 0.4703125 0.6140625 0.4703125 0.6140625 0.4875 0.7 0.4875
0 0.8 0.4734375000000002 0.7328125 0.4734375000000002 0.7328125 0.4890625000000002 0.8 0.4890625000000002
0 0.8671875 0.4812500000000002 0.83125 0.4812500000000002 0.83125 0.5015625000000001 0.8671875 0.5015625000000001
0 0.21093750000000008 0.515625 0.14218750000000005 0.515625 0.14218750000000005 0.5328125 0.21093750000000008 0.5328125
0 0.2484375000000001 0.51875 0.2250000000000001 0.51875 0.2250000000000001 0.53125 0.2484375000000001 0.53125
0 0.3828125000000001 0.5171875 0.2796875000000001 0.5171875 0.2796875000000001 0.5484375 0.3828125000000001 0.5484375
0 0.4640625 0.5171875 0.409375 0.5171875 0.409375 0.5375 0.4640625 0.5375
0 0.48125 0.534375 0.4765625 0.534375 0.4765625 0.5375 0.48125 0.5375
0 0.5171875 0.51875 0.50625 0.51875 0.50625 0.525 0.5171875 0.525
0 0.5953125 0.5234375 0.5265625 0.5234375 0.5265625 0.540625 0.5953125 0.540625
0 0.615625 0.521875 0.6046875 0.521875 0.6046875 0.54375 0.615625 0.54375
0 0.6375 0.51875 0.6234375 0.51875 0.6234375 0.5265625 0.6375 0.5265625
0 0.6921875 0.525 0.6609375 0.525 0.6609375 0.540625 0.6921875 0.540625
0 0.771875 0.5234375000000001 0.70625 0.5234375 0.70625 0.5406250000000001 0.771875 0.5406250000000001
0 0.7859375 0.5343750000000002 0.78125 0.5343750000000002 0.78125 0.5375000000000002 0.7859375 0.5375000000000002
0 0.8171875 0.5218750000000002 0.80625 0.5218750000000002 0.80625 0.5281250000000002 0.8171875 0.5281250000000002
0 0.865625 0.5234375000000002 0.828125 0.5234375000000002 0.828125 0.5453125000000002 0.865625 0.5453125000000002
0 0.8734375 0.5406250000000001 0.8703125 0.5406250000000001 0.8703125 0.5421875000000002 0.8734375 0.5421875000000002
0 0.2015625000000001 0.56875 0.15000000000000008 0.56875 0.15000000000000008 0.5859375 0.2015625000000001 0.5859375
0 0.2234375000000001 0.5796875 0.2171875000000001 0.5796875 0.2171875000000001 0.584375 0.2234375000000001 0.584375
0 0.3812500000000001 0.5671875 0.2593750000000001 0.5671875 0.2593750000000001 0.59375 0.3812500000000001 0.59375
0 0.4625 0.5734375 0.41875 0.5734375 0.41875 0.5875 0.4625 0.5875
0 0.50625 0.571875 0.48125 0.571875 0.48125 0.5953125 0.50625 0.5953125
0 0.58125 0.5734375 0.540625 0.5734375 0.540625 0.590625 0.58125 0.590625
0 0.659375 0.575 0.6078125 0.575 0.6078125 0.590625 0.659375 0.590625
0 0.6921875 0.584375 0.6875 0.584375 0.6875 0.5875 0.6921875 0.5875
0 0.8390625 0.5765625000000001 0.7234375 0.5765625 0.7234375 0.5937500000000001 0.8390625 0.5937500000000002
0 0.22656250000000008 0.6203125 0.1515625000000001 0.6203125 0.1515625000000001 0.6359375 0.22656250000000008 0.6359375
0 0.3343750000000001 0.6171875 0.26250000000000007 0.6171875 0.26250000000000007 0.6390625 0.3343750000000001 0.6390625
0 0.3750000000000001 0.6296875 0.3609375000000001 0.6296875 0.3609375000000001 0.640625 0.3750000000000001 0.640625
0 0.521875 0.6234375 0.415625 0.6234375 0.415625 0.6515625 0.521875 0.6515625
0 0.628125 0.6234375 0.5484375 0.6234375 0.5484375 0.6421875 0.628125 0.6421875
0 0.690625 0.621875 0.64375 0.621875 0.64375 0.6390625 0.690625 0.6390625
0 0.8265625 0.6218750000000001 0.7171875 0.621875 0.7171875 0.6421875000000001 0.8265625 0.6421875000000001
0 0.1906250000000001 0.665625 0.1437500000000001 0.665625 0.1437500000000001 0.684375 0.1906250000000001 0.684375
0 0.2968750000000001 0.6671875 0.2328125000000001 0.6671875 0.2328125000000001 0.7 0.2968750000000001 0.7
0 0.3125000000000001 0.68125 0.30937500000000007 0.68125 0.30937500000000007 0.6859375 0.3125000000000001 0.6859375
0 0.3296875000000001 0.6640625 0.3218750000000001 0.6640625 0.3218750000000001 0.6703125 0.3296875000000001 0.6703125