0 0.15625000000000006 0.2078125 0.14687500000000003 0.2078125 0.14687500000000003 0.2125 0.15625000000000006 0.2125
0 0.2171875 0.2125 0.16250000000000003 0.2125 0.16250000000000003 0.23125 0.2171875 0.23125
0 0.2390625 0.2125 0.2125 0.2125 0.2125 0.2328125 0.2390625 0.2328125
0 0.24375 0.2125 0.2390625 0.2125 0.2390625 0.2171875 0.24375 0.2171875
0 0.3125 0.2125 0.2453125 0.2125 0.2453125 0.228125 0.3125 0.228125
0 0.425 0.21406250000000004 0.3390625 0.2140625 0.3390625 0.22968750000000004 0.425 0.2296875000000001
0 0.59375 0.2140625000000001 0.453125 0.2140625000000001 0.453125 0.23593750000000008 0.59375 0.23593750000000008
0 0.603125 0.22656250000000008 0.5984375 0.22656250000000008 0.5984375 0.2296875000000001 0.603125 0.2296875000000001
0 0.6328125 0.21250000000000008 0.6234375 0.21250000000000008 0.6234375 0.2156250000000001 0.6328125 0.2156250000000001
0 0.7296875 0.2156250000000001 0.6265625 0.2156250000000001 0.6265625 0.2312500000000001 0.7296875 0.2312500000000001
0 0.7859375 0.2218750000000001 0.746875 0.2218750000000001 0.746875 0.2296875000000001 0.7859375 0.2296875000000001
0 0.8234375 0.2156250000000001 0.7953125 0.2156250000000001 0.7953125 0.2296875000000001 0.8234375 0.2296875000000001
0 0.221875 0.265625 0.15156250000000004 0.265625 0.15156250000000004 0.2796875 0.221875 0.2796875
0 0.2328125 0.2765625 0.228125 0.2765625 0.228125 0.2796875 0.2328125 0.2796875
0 0.259375 0.2640625 0.2484375 0.2640625 0.2484375 0.26875 0.259375 0.26875
0 0.43125 0.26562500000000006 0.2703125 0.265625 0.2703125 0.28593750000000007 0.43125 0.28593750000000007
0 0.521875 0.2640625000000001 0.465625 0.2640625000000001 0.465625 0.27812500000000007 0.521875 0.27812500000000007
0 0.6640625 0.2671875000000001 0.546875 0.2671875000000001 0.546875 0.2843750000000001 0.6640625 0.2843750000000001
0 0.74375 0.27031250000000007 0.678125 0.27031250000000007 0.678125 0.2796875000000001 0.74375 0.2796875000000001
0 0.7921875 0.2687500000000001 0.765625 0.2687500000000001 0.765625 0.2796875000000001 0.7921875 0.2796875000000001
0 0.8453125 0.2671875000000001 0.8125 0.2671875000000001 0.8125 0.27812500000000007 0.8453125 0.27812500000000007
0 0.209375 0.3171875 0.14843750000000006 0.3171875 0.14843750000000006 0.33125 0.209375 0.33125
0 0.3109375 0.31875 0.2296875 0.31875 0.2296875 0.334375 0.3109375 0.334375
0 0.3171875 0.328125 0.3125 0.328125 0.3125 0.33125 0.3171875 0.33125
0 0.3484375 0.315625 0.3390625 0.315625 0.3390625 0.3203125 0.3484375 0.3203125
0 0.3890625 0.31562500000000004 0.35 0.315625 0.35 0.33281250000000007 0.3890625 0.33281250000000007
0 0.453125 0.3234375000000001 0.4015625 0.3234375000000001 0.4015625 0.33281250000000007 0.453125 0.33281250000000007
0 0.50625 0.3187500000000001 0.4734375 0.3187500000000001 0.4734375 0.3312500000000001 0.50625 0.3312500000000001
0 0.5421875 0.31718750000000007 0.5125 0.31718750000000007 0.5125 0.3343750000000001 0.5421875 0.3343750000000001
0 0.5453125 0.31718750000000007 0.5375 0.31718750000000007 0.5375 0.3218750000000001 0.5453125 0.3218750000000001
0 0.578125 0.31718750000000007 0.5484375 0.31718750000000007 0.5484375 0.3312500000000001 0.578125 0.3312500000000001
0 0.6625 0.31718750000000007 0.59375 0.31718750000000007 0.59375 0.3312500000000001 0.6625 0.3312500000000001
0 0.6875 0.3156250000000001 0.65625 0.3156250000000001 0.65625 0.3343750000000001 0.6875 0.3343750000000001
0 0.6921875 0.3156250000000001 0.684375 0.3156250000000001 0.684375 0.3218750000000001 0.6921875 0.3218750000000001
0 0.765625 0.31718750000000007 0.6953125 0.31718750000000007 0.6953125 0.3343750000000001 0.765625 0.3343750000000001
0 0.7859375 0.31718750000000007 0.7625 0.31718750000000007 0.7625 0.3281250000000001 0.7859375 0.3281250000000001
0 0.8203125 0.31718750000000007 0.796875 0.31718750000000007 0.796875 0.3296875000000001 0.8203125 0.3296875000000001
0 0.19218750000000004 0.3734375 0.14062500000000006 0.3734375 0.14062500000000006 0.38125 0.19218750000000004 0.38125
0 0.3078125000000001 0.3671875 0.22656250000000008 0.3671875 0.22656250000000008 0.3890625 0.3078125000000001 0.3890625
0 0.3734375000000001 0.36875 0.3312500000000001 0.36875 0.3312500000000001 0.384375 0.3734375000000001 0.3843750000000001
0 0.4765625 0.3687500000000001 0.3890625000000001 0.3687500000000001 0.3890625000000001 0.3812500000000001 0.4765625 0.3812500000000001
0 0.490625 0.3765625000000001 0.4859375 0.3765625000000001 0.4859375 0.37968750000000007 0.490625 0.37968750000000007
0 0.578125 0.3671875000000001 0.5203125 0.3671875000000001 0.5203125 0.3843750000000001 0.578125 0.3843750000000001
0 0.6078125 0.3656250000000001 0.584375 0.3656250000000001 0.584375 0.3812500000000001 0.6078125 0.3812500000000001
0 0.6546875 0.3687500000000001 0.625 0.3687500000000001 0.625 0.3812500000000001 0.6546875 0.3812500000000001
0 0.715625 0.3734375000000001 0.684375 0.3734375000000001 0.684375 0.3812500000000001 0.715625 0.3812500000000001
0 0.815625 0.3750000000000001 0.7421875 0.3750000000000001 0.7421875 0.3859375000000001 0.815625 0.3859375000000001
0 0.2093750000000001 0.41875 0.14375000000000004 0.41875 0.14375000000000004 0.43125 0.2093750000000001 0.43125
0 0.3203125000000001 0.41875 0.2406250000000001 0.41875 0.2406250000000001 0.4359375 0.3203125000000001 0.4359375
0 0.4 0.425 0.34843750000000007 0.425 0.34843750000000007 0.4359375 0.4 0.4359375
0 0.4796875 0.4234375 0.4328125 0.4234375 0.4328125 0.43125 0.4796875 0.43125
0 0.5671875 0.4234375 0.5140625 0.4234375 0.5140625 0.4359375 0.5671875 0.4359375
0 0.5984375 0.4171875 0.59375 0.4171875 0.59375 0.421875 0.5984375 0.421875
0 0.66875 0.41875 0.603125 0.41875 0.603125 0.4359375 0.66875 0.4359375
0 0.690625 0.4171875 0.684375 0.4171875 0.684375 0.4234375 0.690625 0.4234375
0 0.6984375 0.4296875 0.69375 0.4296875 0.69375 0.4328125 0.6984375 0.4328125
0 0.753125 0.41875000000000007 0.7234375 0.41875 0.7234375 0.4328125000000001 0.753125 0.43281250000000016
0 0.871875 0.4187500000000002 0.7671875 0.4187500000000002 0.7671875 0.4312500000000002 0.871875 0.4312500000000002
0 0.17187500000000006 0.46875 0.14375000000000004 0.46875 0.14375000000000004 0.48125 0.17187500000000006 0.48125
0 0.2406250000000001 0.46875 0.20468750000000008 0.46875 0.20468750000000008 0.48125 0.2406250000000001 0.48125
0 0.3218750000000001 0.46875 0.2593750000000001 0.46875 0.2593750000000001 0.484375 0.3218750000000001 0.484375
0 0.4015625 0.46875 0.3453125000000001 0.46875 0.3453125000000001 0.4828125 0.4015625 0.4828125
0 0.4984375 0.4703125 0.43125 0.4703125 0.43125 0.4859375 0.4984375 0.4859375
0 0.5234375 0.475 0.4984375 0.475 0.4984375 0.48125 0.5234375 0.48125
0 0.609375 0.46875 0.5515625 0.46875 0.5515625 0.4828125 0.609375 0.4828125
0 0.6578125 0.475 0.6234375 0.475 0.6234375 0.4890625 0.6578125 0.4890625
0 0.7 0.475 0.684375 0.475 0.684375 0.4828125 0.7 0.4828125
0 0.8265625 0.4703125000000002 0.7265625 0.4703125000000002 0.7265625 0.49218750000000017 0.8265625 0.49218750000000017
0 0.18437500000000004 0.5171875 0.14531250000000004 0.5171875 0.14531250000000004 0.53125 0.18437500000000004 0.53125
0 0.2515625000000001 0.525 0.19531250000000006 0.525 0.19531250000000006 0.5390625 0.2515625000000001 0.5390625
0 0.3468750000000001 0.521875 0.2687500000000001 0.521875 0.2687500000000001 0.5375 0.3468750000000001 0.5375
0 0.453125 0.5203125 0.3734375000000001 0.5203125 0.3734375000000001 0.53125 0.453125 0.53125
0 0.465625 0.53125 0.4609375 0.53125 0.4609375 0.534375 0.465625 0.534375
0 0.5578125 0.5203125 0.4984375 0.5203125 0.4984375 0.5375 0.5578125 0.5375
0 0.5953125 0.5171875 0.571875 0.5171875 0.571875 0.5328125 0.5953125 0.5328125
0 0.6796875 0.5203125 0.625 0.5203125 0.625 0.534375 0.6796875 0.534375
0 0.734375 0.51875 0.7109375 0.51875 0.7109375 0.5312500000000001 0.734375 0.5312500000000002
0 0.8421875 0.5187500000000002 0.759375 0.5187500000000002 0.759375 0.5375000000000002 0.8421875 0.5375000000000002
0 0.20312500000000008 0.571875 0.1437500000000001 0.571875 0.1437500000000001 0.584375 0.20312500000000008 0.584375
0 0.28593750000000007 0.5703125 0.22656250000000008 0.5703125 0.22656250000000008 0.590625 0.28593750000000007 0.590625
0 0.3906250000000001 0.578125 0.3125000000000001 0.578125 0.3125000000000001 0.5890625 0.3906250000000001 0.5890625
0 0.4703125 0.5703125 0.409375 0.5703125 0.409375 0.5828125 0.4703125 0.5828125
0 0.5265625 0.5703125 0.49375 0.5703125 0.49375 0.584375 0.5265625 0.584375
0 0.525 0.58125 0.521875 0.58125 0.521875 0.5828125 0.525 0.5828125
0 0.55 0.56875 0.5421875 0.56875 0.5421875 0.575 0.55 0.575