0 0.2109375 0.20625 0.15000000000000005 0.20625 0.15000000000000005 0.2234375 0.2109375 0.2234375
0 0.3546875 0.2046875 0.24375 0.2046875 0.24375 0.2234375 0.3546875 0.2234375
0 0.4640625 0.21250000000000008 0.3828125 0.21250000000000008 0.3828125 0.2218750000000001 0.4640625 0.2218750000000001
0 0.559375 0.2062500000000001 0.490625 0.2062500000000001 0.490625 0.2218750000000001 0.559375 0.2218750000000001
0 0.725 0.20468750000000008 0.5734375 0.20468750000000008 0.5734375 0.2312500000000001 0.725 0.2312500000000001
0 0.8234375 0.2062500000000001 0.74375 0.2062500000000001 0.74375 0.22031250000000008 0.8234375 0.22031250000000008
0 0.19531250000000006 0.2609375 0.15156250000000004 0.2609375 0.15156250000000004 0.2703125 0.19531250000000006 0.2703125
0 0.284375 0.253125 0.2109375 0.253125 0.2109375 0.2828125 0.284375 0.2828125
0 0.39375 0.25781250000000006 0.3015625 0.2578125 0.3015625 0.27343750000000006 0.39375 0.2734375000000001
0 0.48125 0.2593750000000001 0.4140625 0.2593750000000001 0.4140625 0.2734375000000001 0.48125 0.2734375000000001
0 0.521875 0.2609375000000001 0.4953125 0.2609375000000001 0.4953125 0.27031250000000007 0.521875 0.27031250000000007
0 0.634375 0.2531250000000001 0.5421875 0.2531250000000001 0.5421875 0.2718750000000001 0.634375 0.2718750000000001
0 0.746875 0.2562500000000001 0.659375 0.2562500000000001 0.659375 0.2718750000000001 0.746875 0.2718750000000001
0 0.8234375 0.25468750000000007 0.75625 0.25468750000000007 0.75625 0.2718750000000001 0.8234375 0.2718750000000001
0 0.240625 0.3078125 0.15156250000000004 0.3078125 0.15156250000000004 0.3234375 0.240625 0.3234375
0 0.3640625 0.30468750000000006 0.259375 0.3046875 0.259375 0.33437500000000003 0.3640625 0.3343750000000001
0 0.3796875 0.3218750000000001 0.371875 0.3218750000000001 0.371875 0.3265625000000001 0.3796875 0.3265625000000001
0 0.565625 0.3046875000000001 0.4046875 0.3046875000000001 0.4046875 0.3234375000000001 0.565625 0.3234375000000001
0 0.60625 0.3125000000000001 0.578125 0.3125000000000001 0.578125 0.3218750000000001 0.60625 0.3218750000000001
0 0.7140625 0.3078125000000001 0.615625 0.3078125000000001 0.615625 0.3234375000000001 0.7140625 0.3234375000000001
0 0.715625 0.3203125000000001 0.70625 0.3203125000000001 0.70625 0.3265625000000001 0.715625 0.3265625000000001
0 0.834375 0.3062500000000001 0.7359375 0.3062500000000001 0.7359375 0.3265625000000001 0.834375 0.3265625000000001
0 0.28125000000000006 0.35625 0.15468750000000003 0.35625 0.15468750000000003 0.375 0.2812500000000001 0.375
0 0.34062500000000007 0.3640625 0.29375000000000007 0.3640625 0.29375000000000007 0.375 0.34062500000000007 0.375
0 0.40625 0.3578125000000001 0.3671875 0.3578125000000001 0.36718750000000006 0.3734375000000001 0.40625 0.3734375000000001
0 0.4765625 0.3578125000000001 0.41875 0.3578125000000001 0.41875 0.3734375000000001 0.4765625 0.3734375000000001
0 0.578125 0.3546875000000001 0.496875 0.3546875000000001 0.496875 0.3765625000000001 0.578125 0.3765625000000001
0 0.5828125 0.3703125000000001 0.5796875 0.3703125000000001 0.5796875 0.3734375000000001 0.5828125 0.3734375000000001
0 0.61875 0.3546875000000001 0.609375 0.3546875000000001 0.609375 0.3593750000000001 0.61875 0.3593750000000001
0 0.6609375 0.3546875000000001 0.628125 0.3546875000000001 0.628125 0.37187500000000007 0.6609375 0.37187500000000007
0 0.7984375 0.35625000000000007 0.6703125 0.35625000000000007 0.6703125 0.3734375000000001 0.7984375 0.3734375000000001
0 0.90625 0.3656250000000001 0.80625 0.3656250000000001 0.80625 0.3750000000000001 0.90625 0.3750000000000001
0 0.3156250000000001 0.4109375 0.15781250000000005 0.4109375 0.15781250000000005 0.4359375 0.3156250000000001 0.4359375
0 0.3265625000000001 0.4234375 0.3156250000000001 0.4234375 0.3156250000000001 0.4296875 0.3265625000000001 0.4296875
0 0.3625000000000001 0.40625 0.34843750000000007 0.40625 0.34843750000000007 0.4140625 0.3625000000000001 0.4140625
0 0.4515625 0.40625 0.3750000000000001 0.40625 0.3750000000000001 0.4359375 0.4515625 0.4359375
0 0.55625 0.4078125 0.4703125 0.4078125 0.4703125 0.425 0.55625 0.425
0 0.703125 0.40625 0.5671875 0.40625 0.5671875 0.4296875 0.703125 0.4296875
0 0.8859375 0.4062500000000001 0.715625 0.40625 0.715625 0.43437500000000007 0.8859375 0.4343750000000002
0 0.8984375 0.42187500000000017 0.890625 0.42187500000000017 0.890625 0.4265625000000002 0.8984375 0.4265625000000002
0 0.2609375000000001 0.4578125 0.15312500000000004 0.4578125 0.15312500000000004 0.4890625 0.2609375000000001 0.4890625
0 0.3312500000000001 0.459375 0.2875000000000001 0.459375 0.2875000000000001 0.475 0.3312500000000001 0.475
0 0.5640625 0.459375 0.3515625000000001 0.459375 0.3515625000000001 0.4765625 0.5640625 0.4765625
0 0.734375 0.4562500000000001 0.578125 0.45625 0.578125 0.4875000000000001 0.734375 0.48750000000000016
0 0.8078125 0.4593750000000002 0.73125 0.4593750000000002 0.73125 0.4750000000000002 0.8078125 0.4750000000000002
0 0.8671875 0.45625000000000016 0.821875 0.45625000000000016 0.821875 0.47968750000000016 0.8671875 0.47968750000000016
0 0.23437500000000008 0.5125 0.16093750000000004 0.5125 0.16093750000000004 0.525 0.23437500000000008 0.525
0 0.3468750000000001 0.5109375 0.2609375000000001 0.5109375 0.2609375000000001 0.5265625 0.3468750000000001 0.5265625
0 0.6109375 0.509375 0.3609375000000001 0.509375 0.3609375000000001 0.5375 0.6109375 0.5375
0 0.69375 0.509375 0.6375 0.509375 0.6375 0.528125 0.69375 0.528125
0 0.8328125 0.5093750000000001 0.7140625 0.509375 0.7140625 0.5265625 0.8328125 0.5265625000000002
0 0.2500000000000001 0.559375 0.1609375000000001 0.559375 0.1609375000000001 0.5765625 0.2500000000000001 0.5765625
0 0.3609375000000001 0.559375 0.2640625000000001 0.559375 0.2640625000000001 0.5890625 0.3609375000000001 0.5890625
0 0.4671875 0.5578125 0.37968750000000007 0.5578125 0.37968750000000007 0.575 0.4671875 0.575
0 0.56875 0.5609375 0.4609375 0.5609375 0.4609375 0.590625 0.56875 0.590625
0 0.6421875 0.5578125 0.5796875 0.5578125 0.5796875 0.575 0.6421875 0.575
0 0.6546875 0.5734375 0.646875 0.5734375 0.646875 0.5796875 0.6546875 0.5796875
0 0.7984375 0.5593750000000001 0.6859375 0.559375 0.6859375 0.5750000000000001 0.7984375 0.5750000000000002
0 0.86875 0.5562500000000001 0.81875 0.5562500000000001 0.81875 0.5765625000000002 0.86875 0.5765625000000002
0 0.2515625000000001 0.609375 0.1781250000000001 0.609375 0.1781250000000001 0.63125 0.2515625000000001 0.63125
0 0.4484375 0.609375 0.2656250000000001 0.609375 0.2656250000000001 0.628125 0.4484375 0.628125
0 0.6515625 0.6109375 0.4703125 0.6109375 0.4703125 0.6359375 0.6515625 0.6359375
0 0.778125 0.6125 0.6671875 0.6125 0.6671875 0.628125 0.778125 0.6281250000000002
0 0.7796875 0.6250000000000002 0.778125 0.6250000000000002 0.778125 0.6265625000000001 0.7796875 0.6265625000000001