0 0.14375 0.1296875 0.1375 0.1296875 0.1375 0.146875 0.14375 0.146875
0 0.16875 0.1328125 0.1609375 0.1328125 0.1609375 0.1640625 0.16875 0.1640625
0 0.265625 0.13437500000000005 0.1875 0.13437500000000005 0.1875 0.16718750000000004 0.265625 0.16718750000000004
0 0.3125 0.13906250000000003 0.2875 0.13906250000000003 0.2875 0.16875000000000004 0.3125 0.16875000000000004
0 0.4296875 0.13593750000000004 0.34375 0.13593750000000004 0.34375 0.17812500000000003 0.4296875 0.17812500000000003
0 0.440625 0.16562500000000005 0.4375 0.16562500000000005 0.4375 0.18125000000000005 0.440625 0.18125000000000005
0 0.4578125 0.13906250000000003 0.45 0.13906250000000003 0.45 0.15000000000000005 0.4578125 0.15000000000000005
0 0.55625 0.13593750000000007 0.4875 0.13593750000000004 0.4875 0.17812500000000006 0.55625 0.1781250000000001
0 0.6375 0.1375000000000001 0.5734375 0.1375000000000001 0.5734375 0.1687500000000001 0.6375 0.1687500000000001
0 0.690625 0.14062500000000008 0.6578125 0.14062500000000008 0.6578125 0.1671875000000001 0.690625 0.1671875000000001
0 0.7953125 0.1375000000000001 0.7109375 0.1375000000000001 0.7109375 0.18125000000000008 0.7953125 0.18125000000000008
0 0.2765625 0.18750000000000003 0.14375000000000004 0.1875 0.14375000000000004 0.2296875 0.2765625 0.2296875
0 0.2890625 0.2140625 0.2859375 0.2140625 0.2859375 0.215625 0.2890625 0.215625