0 0.18281250000000004 0.2078125 0.13437500000000005 0.2078125 0.13437500000000005 0.2234375 0.18281250000000004 0.2234375
0 0.24375 0.2078125 0.2109375 0.2078125 0.2109375 0.2234375 0.24375 0.2234375
0 0.315625 0.2078125 0.2671875 0.2078125 0.2671875 0.221875 0.315625 0.221875
0 0.3671875 0.21406250000000004 0.3390625 0.2140625 0.3390625 0.23125000000000004 0.3671875 0.2312500000000001
0 0.43125 0.2078125000000001 0.384375 0.2078125000000001 0.384375 0.2218750000000001 0.43125 0.2218750000000001
0 0.4890625 0.2140625000000001 0.446875 0.2140625000000001 0.446875 0.2328125000000001 0.4890625 0.2328125000000001
0 0.578125 0.2078125000000001 0.5046875 0.2078125000000001 0.5046875 0.2218750000000001 0.578125 0.2218750000000001
0 0.6484375 0.21093750000000008 0.590625 0.21093750000000008 0.590625 0.2234375000000001 0.6484375 0.2234375000000001
0 0.6890625 0.2093750000000001 0.6578125 0.2093750000000001 0.6578125 0.2234375000000001 0.6890625 0.2234375000000001
0 0.771875 0.2078125000000001 0.7046875 0.2078125000000001 0.7046875 0.2234375000000001 0.771875 0.2234375000000001
0 0.18593750000000003 0.2609375 0.13437500000000005 0.2609375 0.13437500000000005 0.2859375 0.18593750000000003 0.2859375
0 0.2421875 0.2546875 0.2078125 0.2546875 0.2078125 0.278125 0.2421875 0.278125
0 0.303125 0.2578125 0.259375 0.2578125 0.259375 0.2734375 0.303125 0.2734375
0 0.390625 0.25781250000000006 0.3203125 0.2578125 0.3203125 0.28593750000000007 0.390625 0.28593750000000007
0 0.475 0.2656250000000001 0.4125 0.2656250000000001 0.4125 0.2750000000000001 0.475 0.2750000000000001
0 0.5328125 0.2531250000000001 0.4921875 0.2531250000000001 0.4921875 0.2796875000000001 0.5328125 0.2796875000000001
0 0.5953125 0.2656250000000001 0.55 0.2656250000000001 0.55 0.2828125000000001 0.5953125 0.2828125000000001
0 0.6359375 0.2578125000000001 0.6109375 0.2578125000000001 0.6109375 0.2734375000000001 0.6359375 0.2734375000000001
0 0.725 0.2656250000000001 0.6546875 0.2656250000000001 0.6546875 0.2750000000000001 0.725 0.2750000000000001
0 0.2015625 0.309375 0.13281250000000006 0.309375 0.13281250000000006 0.334375 0.2015625 0.334375
0 0.2140625 0.3234375 0.2109375 0.3234375 0.2109375 0.325 0.2140625 0.325
0 0.2546875 0.3078125 0.234375 0.3078125 0.234375 0.33125 0.2546875 0.33125
0 0.284375 0.309375 0.2796875 0.309375 0.2796875 0.3234375 0.284375 0.3234375
0 0.359375 0.3140625 0.3046875 0.3140625 0.3046875 0.325 0.359375 0.325
0 0.453125 0.3078125000000001 0.3765625 0.3078125000000001 0.3765625 0.3343750000000001 0.453125 0.3343750000000001
0 0.546875 0.3140625000000001 0.4703125 0.3140625000000001 0.4703125 0.3375000000000001 0.546875 0.3375000000000001
0 0.678125 0.3156250000000001 0.5640625 0.3156250000000001 0.5640625 0.3375000000000001 0.678125 0.3375000000000001
0 0.74375 0.3078125000000001 0.690625 0.3078125000000001 0.690625 0.3265625000000001 0.74375 0.3265625000000001
0 0.871875 0.30937500000000007 0.765625 0.30937500000000007 0.765625 0.3265625000000001 0.871875 0.3265625000000001
0 0.24843750000000003 0.3578125 0.13281250000000006 0.3578125 0.13281250000000006 0.3765625 0.2484375000000001 0.3765625
0 0.30000000000000004 0.3609375 0.271875 0.3609375 0.27187500000000003 0.3765625 0.3000000000000001 0.3765625
0 0.36718750000000006 0.3609375 0.3109375 0.3609375 0.31093750000000003 0.37500000000000006 0.3671875000000001 0.3750000000000001
0 0.509375 0.3546875000000001 0.3921875 0.3546875000000001 0.3921875 0.3750000000000001 0.509375 0.3750000000000001
0 0.5890625 0.3546875000000001 0.5359375 0.3546875000000001 0.5359375 0.3781250000000001 0.5890625 0.3781250000000001
0 0.634375 0.3609375000000001 0.6078125 0.3609375000000001 0.6078125 0.3750000000000001 0.634375 0.3750000000000001
0 0.7 0.3578125000000001 0.6546875 0.3578125000000001 0.6546875 0.3750000000000001 0.7 0.3750000000000001
0 0.7890625 0.3593750000000001 0.7203125 0.3593750000000001 0.7203125 0.3781250000000001 0.7890625 0.3781250000000001
0 0.13593750000000004 0.4109375 0.13125000000000003 0.4109375 0.13125000000000003 0.4265625 0.13593750000000004 0.4265625
0 0.16406250000000006 0.40625 0.13750000000000004 0.40625 0.13750000000000004 0.4265625 0.16406250000000006 0.4265625
0 0.2671875000000001 0.415625 0.18593750000000003 0.415625 0.18593750000000003 0.440625 0.2671875000000001 0.440625
0 0.3421875000000001 0.4171875 0.2921875000000001 0.4171875 0.2921875000000001 0.434375 0.3421875000000001 0.434375
0 0.4546875 0.40625 0.36406250000000007 0.40625 0.36406250000000007 0.4390625 0.4546875 0.4390625
0 0.4625 0.421875 0.459375 0.421875 0.459375 0.4234375 0.4625 0.4234375
0 0.4765625 0.4078125 0.4703125 0.4078125 0.4703125 0.4140625 0.4765625 0.4140625
0 0.553125 0.4078125 0.4984375 0.4078125 0.4984375 0.4375 0.553125 0.4375
0 0.690625 0.4078125 0.5734375 0.4078125 0.5734375 0.434375 0.690625 0.434375
0 0.7015625 0.425 0.6984375 0.425 0.6984375 0.4296875 0.7015625 0.4296875
0 0.775 0.4140625000000001 0.7109375 0.4140625 0.7109375 0.4296875000000001 0.775 0.42968750000000017
0 0.853125 0.41718750000000016 0.796875 0.41718750000000016 0.796875 0.4281250000000002 0.853125 0.4281250000000002
0 0.15312500000000004 0.465625 0.12656250000000005 0.465625 0.12656250000000005 0.4765625 0.15312500000000004 0.4765625
0 0.2390625000000001 0.459375 0.17812500000000003 0.459375 0.17812500000000003 0.4765625 0.2390625000000001 0.4765625
0 0.3265625000000001 0.4609375 0.2671875000000001 0.4609375 0.2671875000000001 0.478125 0.3265625000000001 0.478125
0 0.4125 0.4640625 0.3515625000000001 0.4640625 0.3515625000000001 0.4765625 0.4125 0.4765625
0 0.4984375 0.4578125 0.4421875 0.4578125 0.4421875 0.475 0.4984375 0.475
0 0.578125 0.4578125 0.5203125 0.4578125 0.5203125 0.4765625 0.578125 0.4765625
0 0.6875 0.4578125 0.6046875 0.4578125 0.6046875 0.484375 0.6875 0.484375
0 0.7828125 0.4593750000000001 0.7109375 0.459375 0.7109375 0.4765625000000001 0.7828125 0.47656250000000017
0 0.8640625 0.4656250000000002 0.8046875 0.4656250000000002 0.8046875 0.4750000000000002 0.8640625 0.4750000000000002
0 0.18125000000000005 0.509375 0.12343750000000005 0.509375 0.12343750000000005 0.540625 0.18125000000000005 0.540625
0 0.2687500000000001 0.5078125 0.2156250000000001 0.5078125 0.2156250000000001 0.528125 0.2687500000000001 0.528125
0 0.3750000000000001 0.509375 0.2921875000000001 0.509375 0.2921875000000001 0.5265625 0.3750000000000001 0.5265625
0 0.43125 0.5109375 0.3984375000000001 0.5109375 0.3984375000000001 0.525 0.43125 0.525
0 0.5109375 0.509375 0.4515625 0.509375 0.4515625 0.5265625 0.5109375 0.5265625
0 0.553125 0.509375 0.528125 0.509375 0.528125 0.5265625 0.553125 0.5265625
0 0.6265625 0.515625 0.5765625 0.515625 0.5765625 0.528125 0.6265625 0.528125
0 0.6921875 0.509375 0.640625 0.509375 0.640625 0.5265625 0.6921875 0.5265625
0 0.834375 0.5093750000000001 0.70625 0.509375 0.70625 0.5296875000000001 0.834375 0.5296875000000002
0 0.1609375000000001 0.5671875 0.1281250000000001 0.5671875 0.1281250000000001 0.578125 0.1609375000000001 0.578125
0 0.20468750000000008 0.5625 0.1781250000000001 0.5625 0.1781250000000001 0.578125 0.20468750000000008 0.578125
0 0.3515625000000001 0.5625 0.23437500000000008 0.5625 0.23437500000000008 0.5890625 0.3515625000000001 0.5890625
0 0.5015625 0.559375 0.37187500000000007 0.559375 0.37187500000000007 0.5859375 0.5015625 0.5859375
0 0.5546875 0.5609375 0.5265625 0.5609375 0.5265625 0.5765625 0.5546875 0.5765625
0 0.7140625 0.56875 0.5765625 0.56875 0.5765625 0.5921875 0.7140625 0.5921875
0 0.8015625 0.5640625000000001 0.734375 0.5640625000000001 0.734375 0.5796875000000001 0.8015625 0.5796875000000001
0 0.8125 0.5765625000000002 0.809375 0.5765625000000002 0.809375 0.5781250000000002 0.8125 0.5781250000000002