0 0.2140625 0.209375 0.14218750000000005 0.209375 0.14218750000000005 0.234375 0.2140625 0.234375
0 0.371875 0.21093750000000006 0.228125 0.2109375 0.228125 0.22500000000000003 0.371875 0.2250000000000001
0 0.453125 0.2093750000000001 0.38125 0.2093750000000001 0.38125 0.2250000000000001 0.453125 0.2250000000000001
0 0.534375 0.21250000000000008 0.4671875 0.21250000000000008 0.4671875 0.2234375000000001 0.534375 0.2234375000000001
0 0.6671875 0.2093750000000001 0.54375 0.2093750000000001 0.54375 0.2250000000000001 0.6671875 0.2250000000000001
0 0.7359375 0.21093750000000008 0.6796875 0.21093750000000008 0.6796875 0.2234375000000001 0.7359375 0.2234375000000001
0 0.79375 0.2156250000000001 0.75 0.2156250000000001 0.75 0.2250000000000001 0.79375 0.2250000000000001
0 0.83125 0.2140625000000001 0.803125 0.2140625000000001 0.803125 0.2250000000000001 0.83125 0.2250000000000001
0 0.18125000000000005 0.259375 0.13750000000000004 0.259375 0.13750000000000004 0.271875 0.18125000000000005 0.271875
0 0.303125 0.2578125 0.19843750000000004 0.2578125 0.19843750000000004 0.271875 0.303125 0.271875
0 0.4765625 0.25625000000000003 0.3203125 0.25625 0.3203125 0.27968750000000003 0.4765625 0.2796875000000001
0 0.5609375 0.2578125000000001 0.49375 0.2578125000000001 0.49375 0.2734375000000001 0.5609375 0.2734375000000001
0 0.709375 0.2578125000000001 0.5734375 0.2578125000000001 0.5734375 0.2796875000000001 0.709375 0.2796875000000001
0 0.8296875 0.2593750000000001 0.721875 0.2593750000000001 0.721875 0.2828125000000001 0.8296875 0.2828125000000001
0 0.203125 0.3078125 0.13281250000000006 0.3078125 0.13281250000000006 0.3234375 0.203125 0.3234375
0 0.3359375 0.30625 0.2109375 0.30625 0.2109375 0.3265625 0.3359375 0.3265625
0 0.365625 0.31093750000000003 0.3453125 0.3109375 0.3453125 0.321875 0.365625 0.3218750000000001
0 0.4765625 0.3062500000000001 0.3765625 0.3062500000000001 0.3765625 0.3203125000000001 0.4765625 0.3203125000000001
0 0.5609375 0.3125000000000001 0.4875 0.3125000000000001 0.4875 0.32500000000000007 0.5609375 0.32500000000000007
0 0.675 0.3078125000000001 0.578125 0.3078125000000001 0.578125 0.32500000000000007 0.675 0.32500000000000007
0 0.7171875 0.3109375000000001 0.6890625 0.3109375000000001 0.6890625 0.3281250000000001 0.7171875 0.3281250000000001
0 0.8453125 0.30937500000000007 0.7265625 0.30937500000000007 0.7265625 0.32500000000000007 0.8453125 0.32500000000000007
0 0.8546875 0.32500000000000007 0.8515625 0.32500000000000007 0.8515625 0.3281250000000001 0.8546875 0.3281250000000001
0 0.19218750000000004 0.359375 0.13281250000000006 0.359375 0.13281250000000006 0.375 0.19218750000000004 0.375
0 0.3296875 0.359375 0.20625 0.359375 0.20625000000000004 0.375 0.3296875000000001 0.375
0 0.4546875 0.3609375 0.3421875 0.3609375 0.34218750000000003 0.37500000000000006 0.4546875 0.3750000000000001
0 0.640625 0.3578125000000001 0.465625 0.3578125000000001 0.465625 0.3859375000000001 0.640625 0.3859375000000001
0 0.6984375 0.3625000000000001 0.6546875 0.3625000000000001 0.6546875 0.3781250000000001 0.6984375 0.3781250000000001
0 0.8078125 0.3625000000000001 0.7078125 0.3625000000000001 0.7078125 0.3765625000000001 0.8078125 0.3765625000000001
0 0.81875 0.37968750000000007 0.8171875 0.37968750000000007 0.8171875 0.3890625000000001 0.81875 0.3890625000000001
0 0.2078125000000001 0.409375 0.14218750000000005 0.409375 0.14218750000000005 0.4234375 0.2078125000000001 0.4234375
0 0.3500000000000001 0.409375 0.2250000000000001 0.409375 0.2250000000000001 0.428125 0.3500000000000001 0.428125
0 0.409375 0.4078125 0.3546875000000001 0.4078125 0.3546875000000001 0.421875 0.409375 0.421875
0 0.53125 0.4078125 0.425 0.4078125 0.425 0.421875 0.53125 0.421875
0 0.5375 0.4234375 0.534375 0.4234375 0.534375 0.4296875 0.5375 0.4296875
0 0.571875 0.415625 0.55 0.415625 0.55 0.425 0.571875 0.425
0 0.6515625 0.4125 0.584375 0.4125 0.584375 0.4265625 0.6515625 0.4265625
0 0.7609375 0.4125000000000001 0.6609375 0.4125 0.6609375 0.42656250000000007 0.7609375 0.4265625000000002
0 0.28593750000000007 0.459375 0.12656250000000005 0.459375 0.12656250000000005 0.4796875 0.28593750000000007 0.4796875
0 0.33281250000000007 0.459375 0.30156250000000007 0.459375 0.30156250000000007 0.4734375 0.33281250000000007 0.4734375
0 0.453125 0.459375 0.34843750000000007 0.459375 0.34843750000000007 0.4734375 0.453125 0.4734375
0 0.5140625 0.459375 0.4640625 0.459375 0.4640625 0.471875 0.5140625 0.471875
0 0.61875 0.4625 0.5265625 0.4625 0.5265625 0.4765625 0.61875 0.4765625
0 0.634375 0.475 0.63125 0.475 0.63125 0.4765625 0.634375 0.4765625
0 0.74375 0.4609375000000001 0.640625 0.4609375 0.640625 0.4828125000000001 0.74375 0.4828125000000002
0 0.8296875 0.4671875000000002 0.759375 0.4671875000000002 0.759375 0.4781250000000002 0.8296875 0.4781250000000002
0 0.2468750000000001 0.5109375 0.12656250000000005 0.5109375 0.12656250000000005 0.525 0.2468750000000001 0.525
0 0.3000000000000001 0.5109375 0.26250000000000007 0.5109375 0.26250000000000007 0.5234375 0.3000000000000001 0.5234375
0 0.3312500000000001 0.515625 0.3125000000000001 0.515625 0.3125000000000001 0.5234375 0.3312500000000001 0.5234375
0 0.4671875 0.5109375 0.3500000000000001 0.5109375 0.3500000000000001 0.5265625 0.4671875 0.5265625
0 0.565625 0.5109375 0.4765625 0.5109375 0.4765625 0.525 0.565625 0.525
0 0.6140625 0.5109375 0.5734375 0.5109375 0.5734375 0.528125 0.6140625 0.528125
0 0.65 0.51875 0.6296875 0.51875 0.6296875 0.528125 0.65 0.528125
0 0.828125 0.5125000000000001 0.6609375 0.5125 0.6609375 0.5375000000000001 0.828125 0.5375000000000002
0 0.2296875000000001 0.5625 0.13437500000000008 0.5625 0.13437500000000008 0.575 0.2296875000000001 0.575
0 0.4 0.5578125 0.2484375000000001 0.5578125 0.2484375000000001 0.5828125 0.4 0.5828125
0 0.6484375 0.559375 0.421875 0.559375 0.421875 0.5859375 0.6484375 0.5859375
0 0.696875 0.565625 0.6671875 0.565625 0.6671875 0.5796875 0.696875 0.5796875
0 0.8484375 0.5625000000000001 0.7078125 0.5625 0.7078125 0.5796875000000001 0.8484375 0.5796875000000001
0 0.8578125 0.5781250000000002 0.85625 0.5781250000000002 0.85625 0.5796875000000001 0.8578125 0.5796875000000001
0 0.1765625000000001 0.609375 0.1359375000000001 0.609375 0.1359375000000001 0.6234375 0.1765625000000001 0.6234375
0 0.26250000000000007 0.6109375 0.1906250000000001 0.6109375 0.1906250000000001 0.634375 0.26250000000000007 0.634375
0 0.4359375 0.6109375 0.2812500000000001 0.6109375 0.2812500000000001 0.6265625 0.4359375 0.6265625
0 0.4921875 0.6125 0.453125 0.6125 0.453125 0.6265625 0.4921875 0.6265625
0 0.6265625 0.6125 0.5109375 0.6125 0.5109375 0.6328125 0.6265625 0.6328125
0 0.696875 0.615625 0.6453125 0.615625 0.6453125 0.6296875 0.696875 0.6296875
0 0.7734375 0.6156250000000001 0.7109375 0.615625 0.7109375 0.6390625000000001 0.7734375 0.6390625000000002
0 0.809375 0.6187500000000001 0.7890625 0.6187500000000001 0.7890625 0.6296875000000002 0.809375 0.6296875000000002
0 0.28593750000000007 0.6609375 0.1359375000000001 0.6609375 0.1359375000000001 0.6828125 0.28593750000000007 0.6828125
0 0.3781250000000001 0.6609375 0.30156250000000007 0.6609375 0.30156250000000007 0.675 0.3781250000000001 0.675
0 0.434375 0.6625 0.3937500000000001 0.6625 0.3937500000000001 0.678125 0.434375 0.678125
0 0.478125 0.6609375 0.453125 0.6609375 0.453125 0.6765625 0.478125 0.6765625
0 0.4921875 0.675 0.490625 0.675 0.490625 0.68125 0.4921875 0.68125
0 0.5578125 0.6625 0.50625 0.6625 0.50625 0.678125 0.5578125 0.678125
0 0.6921875 0.6625 0.5734375 0.6625 0.5734375 0.678125 0.6921875 0.678125
0 0.8546875 0.6656250000000001 0.7109375 0.665625 0.7109375 0.6890625000000001 0.8546875 0.6890625000000001
0 0.1937500000000001 0.7078125 0.13281250000000008 0.7078125 0.13281250000000008 0.7234375 0.1937500000000001 0.7234375
0 0.2500000000000001 0.709375 0.2062500000000001 0.709375 0.2062500000000001 0.7234375 0.2500000000000001 0.7234375
0 0.3187500000000001 0.7140625 0.27031250000000007 0.7140625 0.27031250000000007 0.725 0.3187500000000001 0.725
0 0.5046875000000001 0.7046875 0.3375000000000001 0.7046875 0.3375000000000001 0.7265625 0.5046875000000002 0.7265625
0 0.55 0.7171875 0.51875 0.7171875 0.51875 0.7265625 0.5500000000000002 0.7265625
0 0.5984375000000001 0.7171875 0.553125 0.7171875 0.5531250000000001 0.7359375 0.5984375000000002 0.7359375