0 0.18906250000000005 0.2015625 0.16250000000000003 0.2015625 0.16250000000000003 0.2234375 0.18906250000000005 0.2234375
0 0.2359375 0.203125 0.2046875 0.203125 0.2046875 0.2234375 0.2359375 0.2234375
0 0.328125 0.209375 0.25625 0.209375 0.25625 0.2328125 0.328125 0.2328125
0 0.3921875 0.20000000000000004 0.34375 0.2 0.34375 0.21875000000000006 0.3921875 0.21875000000000008
0 0.4296875 0.2078125000000001 0.3984375 0.2078125000000001 0.3984375 0.21875000000000008 0.4296875 0.21875000000000008
0 0.4625 0.19843750000000004 0.440625 0.19843750000000004 0.440625 0.2171875000000001 0.4625 0.2171875000000001
0 0.5234375 0.19531250000000006 0.475 0.19531250000000006 0.475 0.2218750000000001 0.5234375 0.2218750000000001
0 0.5984375 0.19531250000000006 0.5359375 0.19531250000000006 0.5359375 0.2250000000000001 0.5984375 0.2250000000000001
0 0.665625 0.2000000000000001 0.6171875 0.2000000000000001 0.6171875 0.23437500000000008 0.665625 0.23437500000000008
0 0.740625 0.2078125000000001 0.678125 0.2078125000000001 0.678125 0.22031250000000008 0.740625 0.22031250000000008
0 0.8390625 0.2015625000000001 0.759375 0.2015625000000001 0.759375 0.2218750000000001 0.8390625 0.2218750000000001
0 0.209375 0.2546875 0.15625000000000006 0.2546875 0.15625000000000006 0.2734375 0.209375 0.2734375
0 0.3359375 0.2546875 0.2265625 0.2546875 0.2265625 0.271875 0.3359375 0.271875
0 0.396875 0.259375 0.3609375 0.259375 0.3609375 0.2828125 0.396875 0.2828125000000001
0 0.5203125 0.2468750000000001 0.4140625 0.2468750000000001 0.4140625 0.2843750000000001 0.5203125 0.2843750000000001
0 0.584375 0.2484375000000001 0.540625 0.2484375000000001 0.540625 0.27031250000000007 0.584375 0.27031250000000007
0 0.7296875 0.2500000000000001 0.6078125 0.2500000000000001 0.6078125 0.28593750000000007 0.7296875 0.28593750000000007
0 0.8125 0.2468750000000001 0.7421875 0.2468750000000001 0.7421875 0.2750000000000001 0.8125 0.2750000000000001
0 0.8765625 0.2500000000000001 0.821875 0.2500000000000001 0.821875 0.2734375000000001 0.8765625 0.2734375000000001
0 0.2140625 0.3015625 0.15468750000000003 0.3015625 0.15468750000000003 0.325 0.2140625 0.325
0 0.2671875 0.3046875 0.2375 0.3046875 0.2375 0.328125 0.2671875 0.328125
0 0.33125 0.3 0.2875 0.3 0.2875 0.325 0.33125 0.325
0 0.4375 0.30000000000000004 0.3578125 0.3 0.3578125 0.321875 0.4375 0.3218750000000001
0 0.4453125 0.3187500000000001 0.440625 0.3187500000000001 0.440625 0.3218750000000001 0.4453125 0.3218750000000001
0 0.521875 0.3031250000000001 0.471875 0.3031250000000001 0.471875 0.3359375000000001 0.521875 0.3359375000000001
0 0.65 0.3000000000000001 0.5453125 0.3000000000000001 0.5453125 0.3234375000000001 0.65 0.3234375000000001
0 0.7125 0.3031250000000001 0.6609375 0.3031250000000001 0.6609375 0.3234375000000001 0.7125 0.3234375000000001
0 0.7859375 0.3125000000000001 0.73125 0.3125000000000001 0.73125 0.3343750000000001 0.7859375 0.3343750000000001
0 0.8515625 0.30156250000000007 0.7984375 0.30156250000000007 0.7984375 0.33281250000000007 0.8515625 0.33281250000000007
0 0.8796875 0.3140625000000001 0.8609375 0.3140625000000001 0.8609375 0.3265625000000001 0.8796875 0.3265625000000001
0 0.26406250000000003 0.35 0.15156250000000004 0.35 0.15156250000000004 0.371875 0.2640625000000001 0.371875
0 0.30781250000000004 0.35 0.284375 0.35 0.28437500000000004 0.3703125 0.3078125000000001 0.3703125
0 0.4296875 0.34843750000000007 0.325 0.3484375 0.32500000000000007 0.37812500000000004 0.4296875 0.3781250000000001
0 0.440625 0.3703125000000001 0.4359375 0.3703125000000001 0.4359375 0.37187500000000007 0.440625 0.37187500000000007
0 0.5015625 0.3500000000000001 0.4546875 0.3500000000000001 0.4546875 0.37187500000000007 0.5015625 0.37187500000000007
0 0.5625 0.3593750000000001 0.5171875 0.3593750000000001 0.5171875 0.3734375000000001 0.5625 0.3734375000000001
0 0.64375 0.3500000000000001 0.578125 0.3500000000000001 0.578125 0.3828125000000001 0.64375 0.3828125000000001
0 0.74375 0.3625000000000001 0.6640625 0.3625000000000001 0.6640625 0.3765625000000001 0.74375 0.3765625000000001
0 0.834375 0.3500000000000001 0.7640625 0.3500000000000001 0.7640625 0.3734375000000001 0.834375 0.3734375000000001
0 0.896875 0.3531250000000001 0.840625 0.3531250000000001 0.840625 0.3734375000000001 0.896875 0.3734375000000001
0 0.22656250000000008 0.4 0.15156250000000004 0.4 0.15156250000000004 0.4265625 0.22656250000000008 0.4265625
0 0.3078125000000001 0.4 0.2406250000000001 0.4 0.2406250000000001 0.4234375 0.3078125000000001 0.4234375
0 0.3765625000000001 0.4015625 0.3218750000000001 0.4015625 0.3218750000000001 0.4234375 0.3765625000000001 0.4234375
0 0.40625 0.4046875 0.3859375000000001 0.4046875 0.3859375000000001 0.4265625 0.40625 0.4265625
0 0.4734375 0.403125 0.428125 0.403125 0.428125 0.425 0.4734375 0.425
0 0.58125 0.403125 0.490625 0.403125 0.490625 0.4265625 0.58125 0.4265625
0 0.6609375 0.4 0.6 0.4 0.6 0.43125 0.6609375 0.43125
0 0.7015625 0.4109375 0.6671875 0.4109375 0.6671875 0.4234375 0.7015625 0.4234375
0 0.765625 0.4015625000000001 0.7234375 0.4015625 0.7234375 0.4234375000000001 0.765625 0.4234375000000002
0 0.8640625 0.4078125000000002 0.778125 0.4078125000000002 0.778125 0.4265625000000002 0.8640625 0.4265625000000002
0 0.8734375 0.4156250000000002 0.8578125 0.4156250000000002 0.8578125 0.4281250000000002 0.8734375 0.4281250000000002
0 0.2000000000000001 0.4515625 0.14687500000000003 0.4515625 0.14687500000000003 0.475 0.2000000000000001 0.475
0 0.2375000000000001 0.4625 0.20468750000000008 0.4625 0.20468750000000008 0.475 0.2375000000000001 0.475
0 0.3515625000000001 0.4484375 0.2609375000000001 0.4484375 0.2609375000000001 0.475 0.3515625000000001 0.475
0 0.40625 0.45625 0.3687500000000001 0.45625 0.3687500000000001 0.4765625 0.40625 0.4765625
0 0.503125 0.4546875 0.421875 0.4546875 0.421875 0.4765625 0.503125 0.4765625
0 0.6 0.465625 0.51875 0.465625 0.51875 0.4765625 0.6 0.4765625
0 0.690625 0.4515625 0.6171875 0.4515625 0.6171875 0.475 0.690625 0.475
0 0.771875 0.4609375000000001 0.70625 0.4609375 0.70625 0.47343750000000007 0.771875 0.4734375000000002
0 0.859375 0.4546875000000002 0.7875 0.4546875000000002 0.7875 0.4750000000000002 0.859375 0.4750000000000002
0 0.2156250000000001 0.4953125 0.14375000000000004 0.4953125 0.14375000000000004 0.5265625 0.2156250000000001 0.5265625
0 0.3375000000000001 0.5 0.2234375000000001 0.5 0.2234375000000001 0.5234375 0.3375000000000001 0.5234375
0 0.4234375 0.5 0.3546875000000001 0.5 0.3546875000000001 0.5234375 0.4234375 0.5234375
0 0.5078125 0.4953125 0.44375 0.4953125 0.44375 0.5265625 0.5078125 0.5265625
0 0.634375 0.5015625 0.515625 0.5015625 0.515625 0.5375 0.634375 0.5375
0 0.7046875 0.50625 0.640625 0.50625 0.640625 0.5265625 0.7046875 0.5265625
0 0.75 0.5046875000000001 0.71875 0.5046875 0.71875 0.5234375000000001 0.75 0.5234375000000002
0 0.871875 0.5015625000000001 0.759375 0.5015625000000001 0.759375 0.5312500000000002 0.871875 0.5312500000000002
0 0.90625 0.5046875000000002 0.8671875 0.5046875000000002 0.8671875 0.5265625000000002 0.90625 0.5265625000000002
0 0.24375000000000008 0.55 0.15625000000000008 0.55 0.15625000000000008 0.5765625 0.24375000000000008 0.5765625
0 0.3125000000000001 0.5625 0.2734375000000001 0.5625 0.2734375000000001 0.575 0.3125000000000001 0.575
0 0.3890625000000001 0.5515625 0.3375000000000001 0.5515625 0.3375000000000001 0.5765625 0.3890625000000001 0.5765625
0 0.4703125 0.5640625 0.4078125 0.5640625 0.4078125 0.590625 0.4703125 0.590625
0 0.5765625 0.553125 0.4953125 0.553125 0.4953125 0.5765625 0.5765625 0.5765625
0 0.625 0.55625 0.5921875 0.55625 0.5921875 0.578125 0.625 0.578125
0 0.7046875 0.55 0.65 0.55 0.65 0.578125 0.7046875 0.578125
0 0.8390625 0.55 0.7140625 0.55 0.7140625 0.5796875000000001 0.8390625 0.5796875000000001
0 0.821875 0.5765625000000002 0.81875 0.5765625000000002 0.81875 0.5828125000000002 0.821875 0.5828125000000002