0 0.18750000000000006 0.20625 0.14531250000000004 0.20625 0.14531250000000004 0.246875 0.18750000000000006 0.246875
0 0.203125 0.2265625 0.2 0.2265625 0.2 0.23125 0.203125 0.23125
0 0.296875 0.2015625 0.215625 0.2015625 0.215625 0.24375 0.296875 0.24375
0 0.4171875 0.20156250000000003 0.31875 0.2015625 0.31875 0.23750000000000004 0.4171875 0.2375000000000001
0 0.521875 0.20468750000000008 0.440625 0.20468750000000008 0.440625 0.2468750000000001 0.521875 0.2468750000000001
0 0.5734375 0.2140625000000001 0.540625 0.2140625000000001 0.540625 0.2234375000000001 0.5734375 0.2234375000000001
0 0.6171875 0.2015625000000001 0.5828125 0.2015625000000001 0.5828125 0.2234375000000001 0.6171875 0.2234375000000001
0 0.715625 0.2062500000000001 0.6375 0.2062500000000001 0.6375 0.2234375000000001 0.715625 0.2234375000000001
0 0.8171875 0.2062500000000001 0.734375 0.2062500000000001 0.734375 0.2218750000000001 0.8171875 0.2218750000000001
0 0.23125 0.2515625 0.13906250000000003 0.2515625 0.13906250000000003 0.2921875 0.23125 0.2921875
0 0.3546875 0.253125 0.2609375 0.253125 0.2609375 0.2765625 0.3546875 0.2765625
0 0.44375 0.2484375000000001 0.384375 0.2484375000000001 0.384375 0.2750000000000001 0.44375 0.2750000000000001
0 0.50625 0.2468750000000001 0.4671875 0.2468750000000001 0.4671875 0.2734375000000001 0.50625 0.2734375000000001
0 0.575 0.2640625000000001 0.525 0.2640625000000001 0.525 0.2750000000000001 0.575 0.2750000000000001
0 0.6265625 0.2484375000000001 0.5890625 0.2484375000000001 0.5890625 0.2734375000000001 0.6265625 0.2734375000000001
0 0.7125 0.2640625000000001 0.65 0.2640625000000001 0.65 0.2750000000000001 0.7125 0.2750000000000001
0 0.803125 0.2500000000000001 0.7265625 0.2500000000000001 0.7265625 0.2890625000000001 0.803125 0.2890625000000001
0 0.809375 0.2750000000000001 0.803125 0.2750000000000001 0.803125 0.2828125000000001 0.809375 0.2828125000000001
0 0.275 0.309375 0.14218750000000005 0.309375 0.14218750000000005 0.3265625 0.275 0.3265625
0 0.2921875 0.3265625 0.2859375 0.3265625 0.2859375 0.3328125 0.2921875 0.3328125
0 0.353125 0.2984375 0.309375 0.2984375 0.309375 0.3453125 0.353125 0.3453125
0 0.371875 0.3281250000000001 0.36875 0.3281250000000001 0.36875 0.3375000000000001 0.371875 0.3375000000000001
0 0.45 0.30156250000000007 0.390625 0.30156250000000007 0.390625 0.3281250000000001 0.45 0.3281250000000001
0 0.546875 0.30156250000000007 0.4703125 0.30156250000000007 0.4703125 0.3281250000000001 0.546875 0.3281250000000001
0 0.609375 0.3031250000000001 0.553125 0.3031250000000001 0.553125 0.3265625000000001 0.609375 0.3265625000000001
0 0.6625 0.30156250000000007 0.61875 0.30156250000000007 0.61875 0.3265625000000001 0.6625 0.3265625000000001
0 0.7140625 0.30156250000000007 0.665625 0.30156250000000007 0.665625 0.3265625000000001 0.7140625 0.3265625000000001
0 0.79375 0.30156250000000007 0.721875 0.30156250000000007 0.721875 0.3265625000000001 0.79375 0.3265625000000001
0 0.20937500000000003 0.353125 0.14062500000000006 0.353125 0.14062500000000006 0.38125 0.2093750000000001 0.38125
0 0.27031250000000007 0.3515625 0.23125 0.3515625 0.23125000000000004 0.38125 0.27031250000000007 0.38125
0 0.33125000000000004 0.353125 0.2890625 0.353125 0.28906250000000006 0.378125 0.3312500000000001 0.378125
0 0.428125 0.35000000000000003 0.35 0.35 0.35000000000000003 0.384375 0.428125 0.3843750000000001
0 0.51875 0.3531250000000001 0.44375 0.3531250000000001 0.44375 0.3812500000000001 0.51875 0.3812500000000001
0 0.55625 0.3656250000000001 0.540625 0.3656250000000001 0.540625 0.3765625000000001 0.55625 0.3765625000000001
0 0.621875 0.3500000000000001 0.58125 0.3500000000000001 0.58125 0.3765625000000001 0.621875 0.3765625000000001
0 0.7140625 0.3609375000000001 0.64375 0.3609375000000001 0.64375 0.3937500000000001 0.7140625 0.3937500000000001
0 0.7953125 0.3656250000000001 0.740625 0.3656250000000001 0.740625 0.3937500000000001 0.7953125 0.3937500000000001
0 0.809375 0.3734375000000001 0.80625 0.3734375000000001 0.80625 0.3750000000000001 0.809375 0.3750000000000001
0 0.23437500000000008 0.4078125 0.15156250000000004 0.4078125 0.15156250000000004 0.4421875 0.23437500000000008 0.4421875
0 0.3625000000000001 0.409375 0.2609375000000001 0.409375 0.2609375000000001 0.428125 0.3625000000000001 0.428125
0 0.4328125 0.403125 0.3828125000000001 0.403125 0.3828125000000001 0.4296875 0.4328125 0.4296875
0 0.528125 0.40625 0.453125 0.40625 0.453125 0.4421875 0.528125 0.4421875
0 0.5828125 0.4015625 0.5484375 0.4015625 0.5484375 0.4296875 0.5828125 0.4296875
0 0.65 0.3984375000000001 0.6015625 0.3984375000000001 0.6015625 0.428125 0.65 0.428125
0 0.73125 0.4125000000000001 0.6640625 0.4125 0.6640625 0.42656250000000007 0.73125 0.4265625000000002
0 0.871875 0.4046875000000002 0.7453125 0.4046875000000002 0.7453125 0.4265625000000002 0.871875 0.4265625000000002
0 0.21250000000000008 0.4625 0.15468750000000003 0.4625 0.15468750000000003 0.4765625 0.21250000000000008 0.4765625
0 0.3234375000000001 0.459375 0.2515625000000001 0.459375 0.2515625000000001 0.4984375 0.3234375000000001 0.4984375
0 0.4296875 0.4515625 0.3500000000000001 0.4515625 0.3500000000000001 0.478125 0.4296875 0.478125
0 0.5625 0.45 0.4421875 0.45 0.4421875 0.48125 0.5625 0.48125
0 0.653125 0.465625 0.5890625 0.465625 0.5890625 0.478125 0.653125 0.478125
0 0.66875 0.4765625 0.6671875 0.4765625 0.6671875 0.478125 0.66875 0.478125
0 0.703125 0.4578125 0.6953125 0.4578125 0.6953125 0.4640625 0.703125 0.4640625
0 0.728125 0.4593750000000001 0.7171875 0.459375 0.7171875 0.4750000000000001 0.728125 0.4750000000000002
0 0.76875 0.46093750000000017 0.740625 0.46093750000000017 0.740625 0.4781250000000002 0.76875 0.4781250000000002
0 0.8453125 0.4515625000000002 0.78125 0.4515625000000002 0.78125 0.4812500000000002 0.8453125 0.4812500000000002
0 0.18437500000000004 0.5046875 0.15625000000000006 0.5046875 0.15625000000000006 0.5296875 0.18437500000000004 0.5296875
0 0.2406250000000001 0.5125 0.2078125000000001 0.5125 0.2078125000000001 0.5296875 0.2406250000000001 0.5296875
0 0.3421875000000001 0.50625 0.2718750000000001 0.50625 0.2718750000000001 0.5296875 0.3421875000000001 0.5296875
0 0.3546875000000001 0.525 0.3515625000000001 0.525 0.3515625000000001 0.528125 0.3546875000000001 0.528125
0 0.38750000000000007 0.5078125 0.3781250000000001 0.5078125 0.3781250000000001 0.5125 0.38750000000000007 0.5125
0 0.4875 0.50625 0.4078125 0.50625 0.4078125 0.5390625 0.4875 0.5390625
0 0.6609375 0.5078125 0.515625 0.5078125 0.515625 0.53125 0.6609375 0.53125
0 0.728125 0.5000000000000001 0.6734375 0.5 0.6734375 0.5296875000000001 0.728125 0.5296875000000002
0 0.8203125 0.5078125000000002 0.7390625 0.5078125000000002 0.7390625 0.5421875000000002 0.8203125 0.5421875000000002
0 0.2156250000000001 0.5671875 0.1609375000000001 0.5671875 0.1609375000000001 0.5796875 0.2156250000000001 0.5796875
0 0.3687500000000001 0.553125 0.24218750000000008 0.553125 0.24218750000000008 0.584375 0.3687500000000001 0.584375
0 0.4421875 0.55625 0.3984375000000001 0.55625 0.3984375000000001 0.5796875 0.4421875 0.5796875
0 0.4515625 0.578125 0.4484375 0.578125 0.4484375 0.5796875 0.4515625 0.5796875