0 0.23125 0.2046875 0.15937500000000004 0.2046875 0.15937500000000004 0.234375 0.23125 0.234375
0 0.2421875 0.2203125 0.234375 0.2203125 0.234375 0.228125 0.2421875 0.228125
0 0.2890625 0.2125 0.2625 0.2125 0.2625 0.2234375 0.2890625 0.2234375
0 0.4 0.20468750000000005 0.3078125 0.2046875 0.3078125 0.22343750000000004 0.4 0.2234375000000001
0 0.56875 0.20468750000000008 0.41875 0.20468750000000008 0.41875 0.2312500000000001 0.56875 0.2312500000000001
0 0.565625 0.22031250000000008 0.55625 0.22031250000000008 0.55625 0.22656250000000008 0.565625 0.22656250000000008
0 0.6890625 0.2078125000000001 0.5859375 0.2078125000000001 0.5859375 0.2234375000000001 0.6890625 0.2234375000000001
0 0.840625 0.2078125000000001 0.7 0.2078125000000001 0.7 0.23437500000000008 0.840625 0.23437500000000008
0 0.19375000000000003 0.25625 0.15468750000000003 0.25625 0.15468750000000003 0.2734375 0.19375000000000003 0.2734375
0 0.271875 0.253125 0.215625 0.253125 0.215625 0.2734375 0.271875 0.2734375
0 0.3609375 0.253125 0.2984375 0.253125 0.2984375 0.2734375 0.3609375 0.2734375
0 0.365625 0.2718750000000001 0.3640625 0.2718750000000001 0.3640625 0.2734375000000001 0.365625 0.2734375000000001
0 0.465625 0.2562500000000001 0.396875 0.2562500000000001 0.396875 0.2750000000000001 0.465625 0.2750000000000001
0 0.5703125 0.2578125000000001 0.4828125 0.2578125000000001 0.4828125 0.2750000000000001 0.5703125 0.2750000000000001
0 0.7171875 0.2578125000000001 0.5859375 0.2578125000000001 0.5859375 0.2828125000000001 0.7171875 0.2828125000000001
0 0.8234375 0.26250000000000007 0.7359375 0.26250000000000007 0.7359375 0.2750000000000001 0.8234375 0.2750000000000001
0 0.2640625 0.30625 0.15468750000000003 0.30625 0.15468750000000003 0.3359375 0.2640625 0.3359375
0 0.3703125 0.30625 0.2796875 0.30625 0.2796875 0.33593750000000006 0.3703125 0.3359375000000001
0 0.4953125 0.3078125000000001 0.371875 0.3078125000000001 0.371875 0.32500000000000007 0.4953125 0.32500000000000007
0 0.6421875 0.3078125000000001 0.515625 0.3078125000000001 0.515625 0.3343750000000001 0.6421875 0.3343750000000001
0 0.7515625 0.30937500000000007 0.6578125 0.30937500000000007 0.6578125 0.3312500000000001 0.7515625 0.3312500000000001
0 0.7703125 0.32500000000000007 0.765625 0.32500000000000007 0.765625 0.3281250000000001 0.7703125 0.3281250000000001
0 0.17343750000000005 0.3546875 0.16093750000000004 0.3546875 0.16093750000000004 0.3609375 0.17343750000000005 0.3609375
0 0.26250000000000007 0.35625 0.17500000000000004 0.35625 0.17500000000000004 0.3734375 0.26250000000000007 0.3734375
0 0.37031250000000004 0.35781250000000003 0.2828125 0.3578125 0.2828125 0.37500000000000006 0.3703125000000001 0.3750000000000001
0 0.4421875 0.3578125000000001 0.365625 0.3578125000000001 0.36562500000000003 0.3812500000000001 0.4421875 0.3812500000000001
0 0.50625 0.3656250000000001 0.4671875 0.3656250000000001 0.4671875 0.3750000000000001 0.50625 0.3750000000000001
0 0.596875 0.3609375000000001 0.51875 0.3609375000000001 0.51875 0.3765625000000001 0.596875 0.3765625000000001
0 0.7078125 0.3578125000000001 0.60625 0.3578125000000001 0.60625 0.38750000000000007 0.7078125 0.38750000000000007
0 0.7984375 0.3656250000000001 0.71875 0.3656250000000001 0.71875 0.38750000000000007 0.7984375 0.38750000000000007
0 0.21875000000000008 0.40625 0.15000000000000005 0.40625 0.15000000000000005 0.434375 0.21875000000000008 0.434375
0 0.3500000000000001 0.40625 0.2328125000000001 0.40625 0.2328125000000001 0.4328125 0.3500000000000001 0.4328125
0 0.3468750000000001 0.4234375 0.34062500000000007 0.4234375 0.34062500000000007 0.428125 0.3468750000000001 0.428125
0 0.3750000000000001 0.40625 0.36406250000000007 0.40625 0.36406250000000007 0.415625 0.3750000000000001 0.415625
0 0.45 0.4109375 0.38750000000000007 0.4109375 0.38750000000000007 0.428125 0.45 0.428125
0 0.58125 0.4109375 0.465625 0.4109375 0.465625 0.428125 0.58125 0.428125
0 0.58125 0.4234375 0.578125 0.4234375 0.578125 0.4265625 0.58125 0.4265625
0 0.621875 0.4109375 0.6078125 0.4109375 0.6078125 0.4171875 0.621875 0.4171875
0 0.6703125 0.4078125 0.625 0.4078125 0.625 0.428125 0.6703125 0.428125
0 0.6828125 0.4265625 0.6734375 0.4265625 0.6734375 0.43125 0.6828125 0.43125
0 0.796875 0.4062500000000001 0.703125 0.40625 0.703125 0.4281250000000001 0.796875 0.4281250000000002
0 0.8140625 0.40625000000000017 0.771875 0.40625000000000017 0.771875 0.4265625000000002 0.8140625 0.4265625000000002
0 0.8171875 0.4078125000000002 0.8015625 0.4078125000000002 0.8015625 0.4203125000000002 0.8171875 0.4203125000000002
0 0.2718750000000001 0.459375 0.15156250000000004 0.459375 0.15156250000000004 0.4875 0.2718750000000001 0.4875
0 0.534375 0.459375 0.2953125000000001 0.459375 0.2953125000000001 0.478125 0.534375 0.478125
0 0.5328125 0.4734375 0.528125 0.4734375 0.528125 0.478125 0.5328125 0.478125
0 0.5734375 0.4609375 0.5625 0.4609375 0.5625 0.4671875 0.5734375 0.4671875
0 0.6390625 0.459375 0.5734375 0.459375 0.5734375 0.4890625 0.6390625 0.4890625
0 0.746875 0.4640625000000001 0.6453125 0.4640625 0.6453125 0.4781250000000001 0.746875 0.4781250000000002
0 0.8078125 0.4625000000000002 0.765625 0.4625000000000002 0.765625 0.4781250000000002 0.8078125 0.4781250000000002
0 0.8578125 0.4593750000000002 0.8125 0.4593750000000002 0.8125 0.47968750000000016 0.8578125 0.47968750000000016
0 0.2609375000000001 0.509375 0.15937500000000004 0.509375 0.15937500000000004 0.525 0.2609375000000001 0.525
0 0.2750000000000001 0.521875 0.2734375000000001 0.521875 0.2734375000000001 0.525 0.2750000000000001 0.525
0 0.3031250000000001 0.509375 0.29375000000000007 0.509375 0.29375000000000007 0.5171875 0.3031250000000001 0.5171875
0 0.3296875000000001 0.509375 0.31718750000000007 0.509375 0.31718750000000007 0.5171875 0.3296875000000001 0.5171875
0 0.3765625000000001 0.509375 0.3375000000000001 0.509375 0.3375000000000001 0.5265625 0.3765625000000001 0.5265625
0 0.4046875 0.5109375 0.37187500000000007 0.5109375 0.37187500000000007 0.5265625 0.4046875 0.5265625
0 0.5515625 0.509375 0.4203125 0.509375 0.4203125 0.528125 0.5515625 0.528125
0 0.584375 0.51875 0.5578125 0.51875 0.5578125 0.528125 0.584375 0.528125
0 0.696875 0.509375 0.603125 0.509375 0.603125 0.528125 0.696875 0.528125
0 0.7625 0.5125000000000001 0.7109375 0.5125 0.7109375 0.5296875000000001 0.7625 0.5296875000000002
0 0.83125 0.5093750000000001 0.78125 0.5093750000000001 0.78125 0.5296875000000002 0.83125 0.5296875000000002
0 0.32500000000000007 0.559375 0.1593750000000001 0.559375 0.1593750000000001 0.5796875 0.32500000000000007 0.5796875
0 0.33281250000000007 0.5765625 0.32500000000000007 0.5765625 0.32500000000000007 0.58125 0.33281250000000007 0.58125
0 0.3656250000000001 0.5609375 0.3500000000000001 0.5609375 0.3500000000000001 0.56875 0.3656250000000001 0.56875
0 0.4484375 0.5609375 0.3812500000000001 0.5609375 0.3812500000000001 0.5796875 0.4484375 0.5796875
0 0.553125 0.5625 0.4640625 0.5625 0.4640625 0.578125 0.553125 0.578125
0 0.5515625 0.5765625 0.5421875 0.5765625 0.5421875 0.5828125 0.5515625 0.5828125
0 0.590625 0.5609375 0.5796875 0.5609375 0.5796875 0.565625 0.590625 0.565625
0 0.6609375 0.5609375 0.5859375 0.5609375 0.5859375 0.5890625 0.6609375 0.5890625
0 0.73125 0.5687500000000001 0.678125 0.56875 0.678125 0.5796875000000001 0.73125 0.5796875000000001
0 0.8625 0.5640625000000001 0.7375 0.5640625000000001 0.7375 0.5859375000000002 0.8625 0.5859375000000002
0 0.3109375000000001 0.609375 0.16562500000000008 0.609375 0.16562500000000008 0.6375 0.3109375000000001 0.6375
0 0.36406250000000007 0.61875 0.3234375000000001 0.61875 0.3234375000000001 0.6296875 0.36406250000000007 0.6296875
0 0.478125 0.61875 0.3828125000000001 0.61875 0.3828125000000001 0.6296875 0.478125 0.6296875
0 0.5859375 0.61875 0.5015625 0.61875 0.5015625 0.63125 0.5859375 0.63125
0 0.66875 0.6171875 0.578125 0.6171875 0.578125 0.6421875 0.66875 0.6421875
0 0.7265625 0.6218750000000001 0.684375 0.621875 0.684375 0.6328125000000001 0.7265625 0.6328125000000002
0 0.7921875 0.6140625000000002 0.740625 0.6140625000000002 0.740625 0.6359375000000002 0.7921875 0.6359375000000002
0 0.8546875 0.6218750000000002 0.784375 0.6218750000000002 0.784375 0.6453125000000002 0.8546875 0.6453125000000002
0 0.3468750000000001 0.6609375 0.1687500000000001 0.6609375 0.1687500000000001 0.684375 0.3468750000000001 0.684375
0 0.3828125000000001 0.6625 0.3281250000000001 0.6625 0.3281250000000001 0.6796875 0.3828125000000001 0.6796875
0 0.43125 0.6671875 0.4015625 0.6671875 0.4015625 0.678125 0.43125 0.678125
0 0.54375 0.6625 0.446875 0.6625 0.446875 0.68125 0.54375 0.68125
0 0.6125 0.6625 0.565625 0.6625 0.565625 0.684375 0.6125 0.684375
0 0.709375 0.6625 0.634375 0.6625 0.634375 0.68125 0.709375 0.68125
0 0.7140625 0.6796875 0.7109375 0.6796875 0.7109375 0.6828125 0.7140625 0.6828125
0 0.7484375 0.6625000000000002 0.734375 0.6625000000000002 0.734375 0.6734375000000001 0.7484375 0.6734375000000001