0 0.17812500000000003 0.2046875 0.14531250000000004 0.2046875 0.14531250000000004 0.2203125 0.17812500000000003 0.2203125
0 0.23125 0.203125 0.18593750000000003 0.203125 0.18593750000000003 0.2203125 0.23125 0.2203125
0 0.2859375 0.2125 0.2421875 0.2125 0.2421875 0.2203125 0.2859375 0.2203125
0 0.3421875 0.203125 0.2953125 0.203125 0.2953125 0.2265625 0.3421875 0.2265625
0 0.3703125 0.20468750000000005 0.35 0.2046875 0.35 0.22500000000000003 0.3703125 0.2250000000000001
0 0.41875 0.20468750000000008 0.3828125 0.20468750000000008 0.3828125 0.22031250000000008 0.41875 0.22031250000000008
0 0.4671875 0.20312500000000008 0.421875 0.20312500000000008 0.421875 0.2250000000000001 0.4671875 0.2250000000000001
0 0.478125 0.2171875000000001 0.475 0.2171875000000001 0.475 0.2234375000000001 0.478125 0.2234375000000001
0 0.525 0.20312500000000008 0.4859375 0.20312500000000008 0.4859375 0.21875000000000008 0.525 0.21875000000000008
0 0.596875 0.20468750000000008 0.53125 0.20468750000000008 0.53125 0.22031250000000008 0.596875 0.22031250000000008
0 0.64375 0.2062500000000001 0.6046875 0.2062500000000001 0.6046875 0.22812500000000008 0.64375 0.22812500000000008
0 0.6734375 0.20312500000000008 0.65625 0.20312500000000008 0.65625 0.22031250000000008 0.6734375 0.22031250000000008
0 0.7515625 0.2000000000000001 0.68125 0.2000000000000001 0.68125 0.2218750000000001 0.7515625 0.2218750000000001
0 0.79375 0.20468750000000008 0.759375 0.20468750000000008 0.759375 0.2218750000000001 0.79375 0.2218750000000001
0 0.803125 0.21875000000000008 0.8 0.21875000000000008 0.8 0.22031250000000008 0.803125 0.22031250000000008
0 0.85 0.20468750000000008 0.8171875 0.20468750000000008 0.8171875 0.22031250000000008 0.85 0.22031250000000008
0 0.2140625 0.25625 0.14687500000000003 0.25625 0.14687500000000003 0.271875 0.2140625 0.271875
0 0.275 0.2609375 0.2203125 0.2609375 0.2203125 0.2734375 0.275 0.2734375
0 0.3078125 0.25625 0.284375 0.25625 0.284375 0.271875 0.3078125 0.271875
0 0.4 0.25625000000000003 0.3171875 0.25625 0.3171875 0.28125000000000006 0.4 0.2812500000000001
0 0.4671875 0.2562500000000001 0.4046875 0.2562500000000001 0.4046875 0.2828125000000001 0.4671875 0.2828125000000001
0 0.4765625 0.2718750000000001 0.4734375 0.2718750000000001 0.4734375 0.2765625000000001 0.4765625 0.2765625000000001
0 0.5609375 0.25468750000000007 0.4921875 0.25468750000000007 0.4921875 0.27031250000000007 0.5609375 0.27031250000000007
0 0.6140625 0.26250000000000007 0.5671875 0.26250000000000007 0.5671875 0.2734375000000001 0.6140625 0.2734375000000001
0 0.675 0.2578125000000001 0.6265625 0.2578125000000001 0.6265625 0.2734375000000001 0.675 0.2734375000000001
0 0.7609375 0.2562500000000001 0.684375 0.2562500000000001 0.684375 0.2828125000000001 0.7609375 0.2828125000000001
0 0.8359375 0.2593750000000001 0.7671875 0.2593750000000001 0.7671875 0.2718750000000001 0.8359375 0.2718750000000001
0 0.8828125 0.2593750000000001 0.84375 0.2593750000000001 0.84375 0.2734375000000001 0.8828125 0.2734375000000001
0 0.19218750000000004 0.3046875 0.14375000000000004 0.3046875 0.14375000000000004 0.321875 0.19218750000000004 0.321875
0 0.2328125 0.303125 0.203125 0.303125 0.203125 0.31875 0.2328125 0.31875
0 0.29375 0.3046875 0.2375 0.3046875 0.2375 0.321875 0.29375 0.321875
0 0.3421875 0.3109375 0.3015625 0.3109375 0.3015625 0.3328125 0.3421875 0.3328125
0 0.3703125 0.30156250000000007 0.3546875 0.3015625 0.3546875 0.32812500000000006 0.3703125 0.3281250000000001
0 0.425 0.3078125000000001 0.38125 0.3078125000000001 0.38125 0.3203125000000001 0.425 0.3203125000000001
0 0.4625 0.3062500000000001 0.434375 0.3062500000000001 0.434375 0.3203125000000001 0.4625 0.3203125000000001
0 0.46875 0.31718750000000007 0.465625 0.31718750000000007 0.465625 0.3203125000000001 0.46875 0.3203125000000001
0 0.4859375 0.3062500000000001 0.48125 0.3062500000000001 0.48125 0.3109375000000001 0.4859375 0.3109375000000001
0 0.5046875 0.3046875000000001 0.49375 0.3046875000000001 0.49375 0.3234375000000001 0.5046875 0.3234375000000001
0 0.5484375 0.3125000000000001 0.5140625 0.3125000000000001 0.5140625 0.3359375000000001 0.5484375 0.3359375000000001
0 0.55625 0.3078125000000001 0.5515625 0.3078125000000001 0.5515625 0.3203125000000001 0.55625 0.3203125000000001
0 0.565625 0.3062500000000001 0.5609375 0.3062500000000001 0.5609375 0.3125000000000001 0.565625 0.3125000000000001
0 0.6328125 0.3046875000000001 0.5796875 0.3046875000000001 0.5796875 0.3281250000000001 0.6328125 0.3281250000000001
0 0.6859375 0.3109375000000001 0.640625 0.3109375000000001 0.640625 0.3218750000000001 0.6859375 0.3218750000000001
0 0.7734375 0.2984375000000001 0.69375 0.2984375000000001 0.69375 0.3343750000000001 0.7734375 0.3343750000000001
0 0.8234375 0.3125000000000001 0.78125 0.3125000000000001 0.78125 0.3218750000000001 0.8234375 0.3218750000000001
0 0.8640625 0.3062500000000001 0.83125 0.3062500000000001 0.83125 0.3218750000000001 0.8640625 0.3218750000000001
0 0.23437500000000006 0.35625 0.14218750000000005 0.35625 0.14218750000000005 0.3734375 0.23437500000000008 0.3734375
0 0.2406250000000001 0.36875 0.2375000000000001 0.36875 0.2375000000000001 0.371875 0.2406250000000001 0.371875
0 0.2515625000000001 0.3703125 0.2468750000000001 0.3703125 0.2468750000000001 0.3765625 0.2515625000000001 0.3765625
0 0.2984375 0.3546875 0.2515625 0.3546875 0.2515625 0.371875 0.2984375000000001 0.371875
0 0.31250000000000006 0.353125 0.3015625 0.353125 0.30156250000000007 0.3703125 0.3125000000000001 0.3703125
0 0.33906250000000004 0.3609375 0.325 0.3609375 0.32500000000000007 0.3703125 0.3390625000000001 0.3703125
0 0.4015625 0.35468750000000004 0.346875 0.3546875 0.34687500000000004 0.38125000000000003 0.4015625 0.3812500000000001
0 0.45625 0.3515625000000001 0.41875 0.3515625000000001 0.41875 0.3812500000000001 0.45625 0.3812500000000001
0 0.4671875 0.3546875000000001 0.4640625 0.3546875000000001 0.4640625 0.3734375000000001 0.4671875 0.3734375000000001
0 0.4828125 0.3531250000000001 0.4765625 0.3531250000000001 0.4765625 0.3593750000000001 0.4828125 0.3593750000000001
0 0.534375 0.3578125000000001 0.496875 0.3578125000000001 0.496875 0.38750000000000007 0.534375 0.38750000000000007
0 0.6234375 0.35625000000000007 0.546875 0.35625000000000007 0.546875 0.3828125000000001 0.6234375 0.3828125000000001
0 0.7 0.3500000000000001 0.6296875 0.3500000000000001 0.6296875 0.3734375000000001 0.7 0.3734375000000001
0 0.7453125 0.35625000000000007 0.709375 0.35625000000000007 0.709375 0.3734375000000001 0.7453125 0.3734375000000001
0 0.7515625 0.3687500000000001 0.7484375 0.3687500000000001 0.7484375 0.3750000000000001 0.7515625 0.3750000000000001
0 0.7671875 0.3703125000000001 0.7609375 0.3703125000000001 0.7609375 0.3750000000000001 0.7671875 0.3750000000000001
0 0.821875 0.35625000000000007 0.7796875 0.35625000000000007 0.7796875 0.3734375000000001 0.821875 0.3734375000000001
0 0.8671875 0.3546875000000001 0.8328125 0.3546875000000001 0.8328125 0.37187500000000007 0.8671875 0.37187500000000007
0 0.20468750000000008 0.40625 0.14218750000000005 0.40625 0.14218750000000005 0.434375 0.20468750000000008 0.434375
0 0.21875000000000008 0.41875 0.2171875000000001 0.41875 0.2171875000000001 0.4234375 0.21875000000000008 0.4234375
0 0.2656250000000001 0.403125 0.2296875000000001 0.403125 0.2296875000000001 0.4234375 0.2656250000000001 0.4234375
0 0.2828125000000001 0.4046875 0.2671875000000001 0.4046875 0.2671875000000001 0.421875 0.2828125000000001 0.421875
0 0.3531250000000001 0.403125 0.2906250000000001 0.403125 0.2906250000000001 0.421875 0.3531250000000001 0.421875
0 0.3625000000000001 0.4203125 0.3593750000000001 0.4203125 0.3593750000000001 0.4265625 0.3625000000000001 0.4265625
0 0.37968750000000007 0.4125 0.36406250000000007 0.4125 0.36406250000000007 0.4234375 0.37968750000000007 0.4234375
0 0.425 0.4125 0.3859375000000001 0.4125 0.3859375000000001 0.4375 0.425 0.4375
0 0.4859375 0.4046875 0.4390625 0.4046875 0.4390625 0.421875 0.4859375 0.421875
0 0.55 0.40625 0.4953125 0.40625 0.4953125 0.4234375 0.55 0.4234375
0 0.61875 0.40625 0.55625 0.40625 0.55625 0.4234375 0.61875 0.4234375
0 0.646875 0.40625 0.6375 0.40625 0.6375 0.421875 0.646875 0.421875
0 0.71875 0.3984375000000001 0.65 0.3984375000000001 0.65 0.4234375 0.71875 0.4234375
0 0.7203125 0.4203125 0.7171875 0.4203125 0.7171875 0.421875 0.7203125 0.421875