0 0.2265625 0.2046875 0.14375000000000004 0.2046875 0.14375000000000004 0.240625 0.2265625 0.240625
0 0.3484375 0.2046875 0.240625 0.2046875 0.240625 0.2234375 0.3484375 0.2234375
0 0.459375 0.20468750000000008 0.3765625 0.20468750000000008 0.3765625 0.22031250000000008 0.459375 0.22031250000000008
0 0.515625 0.2015625000000001 0.4765625 0.2015625000000001 0.4765625 0.21875000000000008 0.515625 0.21875000000000008
0 0.5875 0.19843750000000007 0.5296875 0.19843750000000004 0.5296875 0.2171875000000001 0.5875 0.2171875000000001
0 0.79375 0.2015625000000001 0.625 0.2015625000000001 0.625 0.23593750000000008 0.79375 0.23593750000000008
0 0.2453125 0.2515625 0.15000000000000005 0.2515625 0.15000000000000005 0.2734375 0.2453125 0.2734375
0 0.25 0.275 0.2421875 0.275 0.2421875 0.28125 0.25 0.28125
0 0.3765625 0.25781250000000006 0.28125 0.2578125 0.28125 0.27031250000000007 0.3765625 0.27031250000000007
0 0.48125 0.2500000000000001 0.39375 0.2500000000000001 0.39375 0.27031250000000007 0.48125 0.27031250000000007
0 0.6796875 0.2500000000000001 0.5078125 0.2500000000000001 0.5078125 0.2828125000000001 0.6796875 0.2828125000000001
0 0.8015625 0.2500000000000001 0.7078125 0.2500000000000001 0.7078125 0.27031250000000007 0.8015625 0.27031250000000007
0 0.853125 0.2562500000000001 0.809375 0.2562500000000001 0.809375 0.27031250000000007 0.853125 0.27031250000000007
0 0.2125 0.303125 0.15156250000000004 0.303125 0.15156250000000004 0.3234375 0.2125 0.3234375
0 0.53125 0.30312500000000003 0.25625 0.303125 0.25625 0.32343750000000004 0.53125 0.3234375000000001
0 0.6015625 0.30156250000000007 0.5484375 0.30156250000000007 0.5484375 0.32500000000000007 0.6015625 0.32500000000000007
0 0.7984375 0.3031250000000001 0.615625 0.3031250000000001 0.615625 0.33281250000000007 0.7984375 0.33281250000000007
0 0.2828125 0.353125 0.14218750000000005 0.353125 0.14218750000000005 0.3953125 0.2828125000000001 0.3953125
0 0.39687500000000003 0.35156250000000006 0.315625 0.3515625 0.31562500000000004 0.37031250000000004 0.3968750000000001 0.3703125000000001
0 0.5296875 0.3515625000000001 0.4234375 0.3515625000000001 0.4234375 0.3703125000000001 0.5296875 0.3703125000000001
0 0.6390625 0.3531250000000001 0.5421875 0.3531250000000001 0.5421875 0.37968750000000007 0.6390625 0.37968750000000007
0 0.7328125 0.3515625000000001 0.65625 0.3515625000000001 0.65625 0.37187500000000007 0.7328125 0.37187500000000007
0 0.8875 0.3609375000000001 0.7515625 0.3609375000000001 0.7515625 0.3703125000000001 0.8875 0.3703125000000001
0 0.3125000000000001 0.4046875 0.14062500000000006 0.4046875 0.14062500000000006 0.4390625 0.3125000000000001 0.4390625
0 0.4 0.409375 0.3421875000000001 0.409375 0.3421875000000001 0.4203125 0.4 0.4203125
0 0.4859375 0.4015625 0.428125 0.4015625 0.428125 0.4203125 0.4859375 0.4203125
0 0.7234375 0.4078125 0.515625 0.4078125 0.515625 0.4234375 0.7234375 0.4234375
0 0.7359375 0.4203125000000002 0.734375 0.4203125000000002 0.734375 0.42187500000000017 0.7359375 0.42187500000000017
0 0.85 0.40156250000000016 0.7578125 0.40156250000000016 0.7578125 0.42187500000000017 0.85 0.42187500000000017
0 0.24218750000000008 0.4546875 0.14062500000000006 0.4546875 0.14062500000000006 0.4703125 0.24218750000000008 0.4703125
0 0.4515625 0.4515625 0.2687500000000001 0.4515625 0.2687500000000001 0.4890625 0.4515625 0.4890625
0 0.5859375 0.45 0.4734375 0.45 0.4734375 0.4734375 0.5859375 0.4734375
0 0.65 0.4546875 0.603125 0.4546875 0.603125 0.4734375 0.65 0.4734375
0 0.771875 0.4515625000000001 0.6609375 0.4515625 0.6609375 0.4828125000000001 0.771875 0.4828125000000002
0 0.8734375 0.4515625000000002 0.7796875 0.4515625000000002 0.7796875 0.4734375000000002 0.8734375 0.4734375000000002
0 0.878125 0.47187500000000016 0.875 0.47187500000000016 0.875 0.4734375000000002 0.878125 0.4734375000000002
0 0.2718750000000001 0.5015625 0.13593750000000004 0.5015625 0.13593750000000007 0.5484375 0.2718750000000001 0.5484375
0 0.4015625 0.5078125 0.29375000000000007 0.5078125 0.29375000000000007 0.5234375 0.4015625 0.5234375
0 0.4546875 0.5015625 0.4046875 0.5015625 0.4046875 0.525 0.4546875 0.525
0 0.56875 0.5046875 0.465625 0.5046875 0.465625 0.540625 0.56875 0.540625
0 0.68125 0.5015625 0.5890625 0.5015625 0.5890625 0.5234375 0.68125 0.5234375
0 0.8 0.5015625000000001 0.703125 0.5015625 0.703125 0.5234375000000001 0.8 0.5234375000000002
0 0.88125 0.5078125000000002 0.790625 0.5078125000000002 0.790625 0.5421875000000002 0.88125 0.5421875000000002
0 0.2062500000000001 0.5515625 0.14062500000000008 0.5515625 0.14062500000000008 0.5859375 0.2062500000000001 0.5859375
0 0.2734375000000001 0.5515625 0.2218750000000001 0.5515625 0.2218750000000001 0.575 0.2734375000000001 0.575
0 0.4171875 0.5546875 0.27812500000000007 0.5546875 0.27812500000000007 0.5828125 0.4171875 0.5828125
0 0.5375 0.5515625 0.440625 0.5515625 0.440625 0.5734375 0.5375 0.5734375
0 0.640625 0.553125 0.5515625 0.553125 0.5515625 0.5765625 0.640625 0.5765625
0 0.7515625 0.5625000000000001 0.6640625 0.5625 0.6640625 0.5765625000000001 0.7515625 0.5765625000000002
0 0.9015625 0.5562500000000001 0.771875 0.5562500000000001 0.771875 0.5921875000000002 0.9015625 0.5921875000000002
0 0.903125 0.5734375000000002 0.9 0.5734375000000002 0.9 0.5765625000000002 0.903125 0.5765625000000002
0 0.1781250000000001 0.603125 0.1359375000000001 0.603125 0.1359375000000001 0.625 0.1781250000000001 0.625
0 0.2609375000000001 0.6109375 0.18906250000000008 0.6109375 0.18906250000000008 0.625 0.2609375000000001 0.625
0 0.453125 0.60625 0.2906250000000001 0.60625 0.2906250000000001 0.640625 0.453125 0.640625
0 0.728125 0.6031250000000001 0.475 0.603125 0.475 0.6406250000000001 0.728125 0.6406250000000002
0 0.7984375 0.6078125000000002 0.7484375 0.6078125000000002 0.7484375 0.6234375000000002 0.7984375 0.6234375000000002
0 0.884375 0.6046875000000002 0.8140625 0.6046875000000002 0.8140625 0.6250000000000002 0.884375 0.6250000000000002
0 0.4234375 0.6515625 0.12500000000000008 0.6515625 0.12500000000000008 0.68125 0.4234375 0.68125
0 0.4265625 0.671875 0.4078125 0.671875 0.4078125 0.6828125 0.4265625 0.6828125
0 0.5421875 0.653125 0.4453125 0.653125 0.4453125 0.6734375 0.5421875 0.6734375
0 0.590625 0.6640625 0.5578125 0.6640625 0.5578125 0.6734375 0.590625 0.6734375
0 0.6953125 0.65625 0.609375 0.65625 0.609375 0.675 0.6953125 0.675
0 0.8765625 0.6546875000000001 0.70625 0.6546875 0.70625 0.6890625000000001 0.8765625 0.6890625000000001
0 0.1843750000000001 0.7 0.12656250000000008 0.7 0.12656250000000008 0.73125 0.1843750000000001 0.73125
0 0.3750000000000001 0.70625 0.18750000000000008 0.70625 0.18750000000000008 0.7375 0.3750000000000001 0.7375
0 0.4875000000000001 0.703125 0.3859375000000001 0.703125 0.3859375000000001 0.74375 0.48750000000000016 0.74375
0 0.6296875 0.70625 0.5078125 0.70625 0.5078125 0.725 0.6296875 0.725
0 0.734375 0.7015625000000001 0.640625 0.7015625 0.640625 0.7250000000000001 0.734375 0.7250000000000002
0 0.7953125000000001 0.7031250000000002 0.7390625 0.7031250000000002 0.7390625000000001 0.7312500000000002 0.7953125000000002 0.7312500000000002
0 0.9171875 0.7125000000000001 0.7921875 0.7125000000000001 0.7921875 0.7281250000000001 0.9171875 0.7281250000000001