0 0.15937500000000004 0.20625 0.15000000000000005 0.20625 0.15000000000000005 0.2109375 0.15937500000000004 0.2109375
0 0.309375 0.2078125 0.16406250000000006 0.2078125 0.16406250000000006 0.228125 0.309375 0.228125
0 0.303125 0.2265625 0.3 0.2265625 0.3 0.228125 0.303125 0.228125
0 0.4328125 0.20937500000000003 0.34375 0.209375 0.34375 0.22812500000000005 0.4328125 0.22812500000000008
0 0.4796875 0.21093750000000008 0.4265625 0.21093750000000008 0.4265625 0.2296875000000001 0.4796875 0.2296875000000001
0 0.4953125 0.2093750000000001 0.46875 0.2093750000000001 0.46875 0.22656250000000008 0.4953125 0.22656250000000008
0 0.5484375 0.2140625000000001 0.51875 0.2140625000000001 0.51875 0.22812500000000008 0.5484375 0.22812500000000008
0 0.7046875 0.2140625000000001 0.56875 0.2140625000000001 0.56875 0.2328125000000001 0.7046875 0.2328125000000001
0 0.7 0.22812500000000008 0.696875 0.22812500000000008 0.696875 0.2296875000000001 0.7 0.2296875000000001
0 0.734375 0.2156250000000001 0.7296875 0.2156250000000001 0.7296875 0.2171875000000001 0.734375 0.2171875000000001
0 0.803125 0.2156250000000001 0.753125 0.2156250000000001 0.753125 0.2312500000000001 0.803125 0.2312500000000001
0 0.8390625 0.2140625000000001 0.8234375 0.2140625000000001 0.8234375 0.2312500000000001 0.8390625 0.2312500000000001
0 0.9140625 0.2156250000000001 0.859375 0.2156250000000001 0.859375 0.2312500000000001 0.9140625 0.2312500000000001
0 0.90625 0.22812500000000008 0.903125 0.22812500000000008 0.903125 0.2296875000000001 0.90625 0.2296875000000001
0 0.9296875 0.2171875000000001 0.9234375 0.2171875000000001 0.9234375 0.22031250000000008 0.9296875 0.22031250000000008
0 0.25 0.265625 0.14687500000000003 0.265625 0.14687500000000003 0.2890625 0.25 0.2890625
0 0.390625 0.2671875 0.30625 0.2671875 0.30625 0.28125000000000006 0.390625 0.2812500000000001
0 0.521875 0.2640625000000001 0.440625 0.2640625000000001 0.440625 0.2796875000000001 0.521875 0.2796875000000001
0 0.5953125 0.2671875000000001 0.5484375 0.2671875000000001 0.5484375 0.2812500000000001 0.5953125 0.2812500000000001
0 0.7375 0.2750000000000001 0.6453125 0.2750000000000001 0.6453125 0.2812500000000001 0.7375 0.2812500000000001
0 0.7984375 0.2687500000000001 0.7609375 0.2687500000000001 0.7609375 0.2843750000000001 0.7984375 0.2843750000000001
0 0.896875 0.2718750000000001 0.815625 0.2718750000000001 0.815625 0.2875000000000001 0.896875 0.2875000000000001
0 0.275 0.3171875 0.14687500000000003 0.3171875 0.14687500000000003 0.3296875 0.275 0.3296875
0 0.3375 0.3171875 0.3015625 0.3171875 0.3015625 0.3359375 0.3375 0.3359375
0 0.4 0.31718750000000007 0.359375 0.3171875 0.359375 0.3296875 0.4 0.3296875000000001
0 0.509375 0.31718750000000007 0.421875 0.31718750000000007 0.421875 0.3343750000000001 0.509375 0.3343750000000001
0 0.503125 0.33281250000000007 0.496875 0.33281250000000007 0.496875 0.3375000000000001 0.503125 0.3375000000000001
0 0.7671875 0.31718750000000007 0.5328125 0.31718750000000007 0.5328125 0.3375000000000001 0.7671875 0.3375000000000001
0 0.821875 0.32500000000000007 0.7890625 0.32500000000000007 0.7890625 0.3312500000000001 0.821875 0.3312500000000001
0 0.909375 0.3218750000000001 0.85 0.3218750000000001 0.85 0.33281250000000007 0.909375 0.33281250000000007
0 0.903125 0.3312500000000001 0.896875 0.3312500000000001 0.896875 0.3375000000000001 0.903125 0.3375000000000001
0 0.2656250000000001 0.365625 0.12968750000000004 0.365625 0.12968750000000004 0.3859375 0.2656250000000001 0.3859375
0 0.3625000000000001 0.36875 0.2828125000000001 0.36875 0.2828125000000001 0.3875 0.3625000000000001 0.3875
0 0.4765625 0.3703125000000001 0.3906250000000001 0.3703125000000001 0.3906250000000001 0.3812500000000001 0.4765625 0.3812500000000001
0 0.5203125 0.3703125000000001 0.49375 0.3703125000000001 0.49375 0.3828125000000001 0.5203125 0.3828125000000001
0 0.6359375 0.3687500000000001 0.534375 0.3687500000000001 0.534375 0.3812500000000001 0.6359375 0.3812500000000001
0 0.7640625 0.3687500000000001 0.6671875 0.3687500000000001 0.6671875 0.3812500000000001 0.7640625 0.3812500000000001
0 0.8125 0.3687500000000001 0.7875 0.3687500000000001 0.7875 0.37968750000000007 0.8125 0.37968750000000007
0 0.9140625 0.3703125000000001 0.8359375 0.3703125000000001 0.8359375 0.3812500000000001 0.9140625 0.3812500000000001
0 0.2015625000000001 0.4140625 0.13593750000000004 0.4140625 0.13593750000000004 0.4296875 0.2015625000000001 0.4296875
0 0.3156250000000001 0.41875 0.2406250000000001 0.41875 0.2406250000000001 0.4328125 0.3156250000000001 0.4328125
0 0.3609375000000001 0.415625 0.3062500000000001 0.415625 0.3062500000000001 0.4359375 0.3609375000000001 0.4359375
0 0.4109375 0.41875 0.37968750000000007 0.41875 0.37968750000000007 0.4296875 0.4109375 0.4296875
0 0.4234375 0.425 0.409375 0.425 0.409375 0.43125 0.4234375 0.43125
0 0.4609375 0.4171875 0.44375 0.4171875 0.44375 0.43125 0.4609375 0.43125
0 0.5265625 0.4171875 0.48125 0.4171875 0.48125 0.43125 0.5265625 0.43125
0 0.6828125 0.41875 0.559375 0.41875 0.559375 0.4390625 0.6828125 0.4390625
0 0.790625 0.4171875000000001 0.7234375 0.4171875 0.7234375 0.4296875000000001 0.790625 0.42968750000000017
0 0.8359375 0.41718750000000016 0.78125 0.41718750000000016 0.78125 0.43750000000000017 0.8359375 0.43750000000000017
0 0.8984375 0.41718750000000016 0.8265625 0.41718750000000016 0.8265625 0.4312500000000002 0.8984375 0.4312500000000002
0 0.9671875 0.41718750000000016 0.9109375 0.41718750000000016 0.9109375 0.4312500000000002 0.9671875 0.4312500000000002
0 0.9546875 0.4312500000000002 0.953125 0.4312500000000002 0.953125 0.4312500000000002 0.9546875 0.4312500000000002
0 0.9828125 0.4187500000000002 0.9765625 0.4187500000000002 0.9765625 0.42187500000000017 0.9828125 0.42187500000000017
0 0.17343750000000005 0.465625 0.14375000000000004 0.465625 0.14375000000000004 0.48125 0.17343750000000005 0.48125
0 0.2921875000000001 0.4734375 0.21093750000000008 0.4734375 0.21093750000000008 0.48125 0.2921875000000001 0.48125
0 0.5390625 0.46875 0.3234375000000001 0.46875 0.3234375000000001 0.48125 0.5390625 0.48125
0 0.5359375 0.4796875 0.5328125 0.4796875 0.5328125 0.4828125 0.5359375 0.4828125
0 0.56875 0.4703125 0.5609375 0.4703125 0.5609375 0.4734375 0.56875 0.4734375
0 0.7015625 0.4703125 0.5859375 0.4703125 0.5859375 0.4828125 0.7015625 0.4828125
0 0.8015625 0.4734375000000002 0.734375 0.4734375000000002 0.734375 0.4812500000000002 0.8015625 0.4812500000000002
0 0.8703125 0.4656250000000002 0.83125 0.4656250000000002 0.83125 0.47968750000000016 0.8703125 0.47968750000000016
0 0.2531250000000001 0.515625 0.14062500000000006 0.515625 0.14062500000000006 0.540625 0.2531250000000001 0.540625
0 0.3421875000000001 0.5171875 0.29375000000000007 0.5171875 0.29375000000000007 0.5328125 0.3421875000000001 0.5328125
0 0.409375 0.515625 0.3578125000000001 0.515625 0.3578125000000001 0.53125 0.409375 0.53125
0 0.559375 0.5171875 0.4484375 0.5171875 0.4484375 0.5328125 0.559375 0.5328125
0 0.6265625 0.5171875 0.58125 0.5171875 0.58125 0.5359375 0.6265625 0.5359375
0 0.7859375 0.5156250000000001 0.6640625 0.515625 0.6640625 0.5328125000000001 0.7859375 0.5328125000000001
0 0.85625 0.5156250000000002 0.7921875 0.5156250000000002 0.7921875 0.5312500000000002 0.85625 0.5312500000000002
0 0.8859375 0.5140625000000002 0.84375 0.5140625000000002 0.84375 0.5312500000000002 0.8859375 0.5312500000000002