0 0.16093750000000004 0.2 0.15468750000000003 0.2 0.15468750000000003 0.20625 0.16093750000000004 0.20625
0 0.234375 0.2015625 0.17500000000000004 0.2015625 0.17500000000000004 0.2328125 0.234375 0.2328125
0 0.3 0.203125 0.2484375 0.203125 0.2484375 0.234375 0.3 0.234375
0 0.315625 0.21875 0.3125 0.21875 0.3125 0.228125 0.315625 0.228125
0 0.3515625 0.2140625 0.321875 0.2140625 0.321875 0.2359375 0.3515625 0.2359375
0 0.4328125 0.20312500000000008 0.375 0.20312500000000008 0.375 0.2234375000000001 0.4328125 0.2234375000000001
0 0.44375 0.21875000000000008 0.4390625 0.21875000000000008 0.4390625 0.2218750000000001 0.44375 0.2218750000000001
0 0.5328125 0.20312500000000008 0.4609375 0.20312500000000008 0.4609375 0.2218750000000001 0.5328125 0.2218750000000001
0 0.6328125 0.2093750000000001 0.5578125 0.2093750000000001 0.5578125 0.23593750000000008 0.6328125 0.23593750000000008
0 0.6953125 0.21250000000000008 0.653125 0.21250000000000008 0.653125 0.2375000000000001 0.6953125 0.2375000000000001
0 0.7390625 0.2140625000000001 0.715625 0.2140625000000001 0.715625 0.22812500000000008 0.7390625 0.22812500000000008
0 0.7921875 0.20468750000000008 0.7578125 0.20468750000000008 0.7578125 0.23437500000000008 0.7921875 0.23437500000000008
0 0.2390625 0.2546875 0.18281250000000004 0.2546875 0.18281250000000004 0.275 0.2390625 0.275
0 0.253125 0.271875 0.25 0.271875 0.25 0.2734375 0.253125 0.2734375
0 0.3015625 0.25625 0.2828125 0.25625 0.2828125 0.290625 0.3015625 0.290625
0 0.375 0.25781250000000006 0.3234375 0.2578125 0.3234375 0.28593750000000007 0.375 0.28593750000000007
0 0.4421875 0.25468750000000007 0.40625 0.25468750000000007 0.40625 0.2921875000000001 0.4421875 0.2921875000000001
0 0.4953125 0.2593750000000001 0.4703125 0.2593750000000001 0.4703125 0.2750000000000001 0.4953125 0.2750000000000001
0 0.5921875 0.2578125000000001 0.521875 0.2578125000000001 0.521875 0.2906250000000001 0.5921875 0.2906250000000001
0 0.740625 0.26250000000000007 0.6171875 0.26250000000000007 0.6171875 0.2968750000000001 0.740625 0.2968750000000001
0 0.75625 0.2750000000000001 0.7515625 0.2750000000000001 0.7515625 0.2828125000000001 0.75625 0.2828125000000001
0 0.821875 0.2671875000000001 0.7796875 0.2671875000000001 0.7796875 0.27812500000000007 0.821875 0.27812500000000007
0 0.2609375 0.30625 0.18437500000000004 0.30625 0.18437500000000004 0.3453125 0.2609375 0.3453125
0 0.3390625 0.30625 0.2859375 0.30625 0.2859375 0.3421875 0.3390625 0.3421875
0 0.36875 0.30937500000000007 0.34375 0.309375 0.34375 0.32812500000000006 0.36875 0.3281250000000001
0 0.496875 0.3078125000000001 0.3984375 0.3078125000000001 0.3984375 0.3437500000000001 0.496875 0.3437500000000001
0 0.546875 0.3218750000000001 0.5234375 0.3218750000000001 0.5234375 0.33281250000000007 0.546875 0.33281250000000007
0 0.615625 0.3203125000000001 0.578125 0.3203125000000001 0.578125 0.3312500000000001 0.615625 0.3312500000000001
0 0.7515625 0.3125000000000001 0.6484375 0.3125000000000001 0.6484375 0.3343750000000001 0.7515625 0.3343750000000001
0 0.8296875 0.3125000000000001 0.7765625 0.3125000000000001 0.7765625 0.33281250000000007 0.8296875 0.33281250000000007
0 0.8390625 0.3281250000000001 0.8328125 0.3281250000000001 0.8328125 0.34062500000000007 0.8390625 0.34062500000000007
0 0.20625000000000004 0.3515625 0.19687500000000005 0.3515625 0.19687500000000005 0.375 0.2062500000000001 0.375
0 0.2390625000000001 0.36875 0.21250000000000008 0.36875 0.21250000000000008 0.3796875 0.2390625000000001 0.3796875
0 0.31250000000000006 0.3578125 0.2734375 0.3578125 0.27343750000000006 0.3953125 0.3125000000000001 0.3953125
0 0.36718750000000006 0.3609375 0.3390625 0.3609375 0.33906250000000004 0.38281250000000006 0.3671875000000001 0.3828125000000001
0 0.421875 0.3703125000000001 0.3859375000000001 0.3703125000000001 0.3859375000000001 0.3812500000000001 0.421875 0.3812500000000001
0 0.48125 0.3546875000000001 0.4296875 0.3546875000000001 0.4296875 0.3828125000000001 0.48125 0.3828125000000001
0 0.490625 0.37968750000000007 0.4875 0.37968750000000007 0.4875 0.3828125000000001 0.490625 0.3828125000000001
0 0.534375 0.3609375000000001 0.51875 0.3609375000000001 0.51875 0.39531250000000007 0.534375 0.39531250000000007
0 0.5671875 0.3609375000000001 0.565625 0.3609375000000001 0.565625 0.3781250000000001 0.5671875 0.3781250000000001
0 0.61875 0.3687500000000001 0.5859375 0.3687500000000001 0.5859375 0.3828125000000001 0.61875 0.3828125000000001
0 0.696875 0.3609375000000001 0.65 0.3609375000000001 0.65 0.3921875000000001 0.696875 0.3921875000000001
0 0.7109375 0.37968750000000007 0.70625 0.37968750000000007 0.70625 0.38750000000000007 0.7109375 0.38750000000000007
0 0.809375 0.3625000000000001 0.73125 0.3625000000000001 0.73125 0.40156250000000016 0.809375 0.40156250000000016
0 0.8375 0.37968750000000007 0.83125 0.37968750000000007 0.83125 0.3890625000000001 0.8375 0.3890625000000001
0 0.20312500000000008 0.4046875 0.19687500000000005 0.4046875 0.19687500000000005 0.425 0.20312500000000008 0.425
0 0.22656250000000008 0.403125 0.20468750000000008 0.403125 0.20468750000000008 0.4265625 0.22656250000000008 0.4265625
0 0.29375000000000007 0.409375 0.2500000000000001 0.409375 0.2500000000000001 0.4453125 0.29375000000000007 0.4453125
0 0.3703125000000001 0.421875 0.3281250000000001 0.421875 0.3281250000000001 0.446875 0.3703125000000001 0.446875
0 0.409375 0.4234375 0.4 0.4234375 0.4 0.4328125 0.409375 0.4328125
0 0.4625 0.4078125 0.421875 0.4078125 0.421875 0.4515625 0.4625 0.4515625
0 0.4796875 0.4296875 0.4765625 0.4296875 0.4765625 0.43125 0.4796875 0.43125
0 0.55 0.415625 0.4890625 0.415625 0.4890625 0.4328125 0.55 0.4328125
0 0.571875 0.4078125 0.559375 0.4078125 0.559375 0.43125 0.571875 0.43125
0 0.5890625 0.4046875 0.58125 0.4046875 0.58125 0.415625 0.5890625 0.415625
0 0.6828125 0.4078125 0.6234375 0.4078125 0.6234375 0.4328125 0.6828125 0.4328125
0 0.6921875 0.43125 0.6875 0.43125 0.6875 0.4390625 0.6921875 0.4390625
0 0.7046875 0.40625 0.6984375 0.40625 0.6984375 0.4140625 0.7046875 0.4140625
0 0.7703125 0.4109375000000002 0.73125 0.4109375000000002 0.73125 0.43281250000000016 0.7703125 0.43281250000000016
0 0.85625 0.4046875000000002 0.809375 0.4046875000000002 0.809375 0.43281250000000016 0.85625 0.43281250000000016
0 0.2796875000000001 0.4546875 0.19687500000000005 0.4546875 0.19687500000000005 0.4953125 0.2796875000000001 0.4953125
0 0.3921875000000001 0.4609375 0.3062500000000001 0.4609375 0.3062500000000001 0.4953125 0.3921875000000001 0.4953125
0 0.4015625 0.4765625 0.4 0.4765625 0.4 0.478125 0.4015625 0.478125
0 0.459375 0.4625 0.43125 0.4625 0.43125 0.4796875 0.459375 0.4796875
0 0.55625 0.4625 0.5046875 0.4625 0.5046875 0.48125 0.55625 0.48125
0 0.65 0.4609375 0.5828125 0.4609375 0.5828125 0.484375 0.65 0.484375
0 0.7578125 0.4593750000000001 0.69375 0.459375 0.69375 0.5000000000000001 0.7578125 0.5000000000000002
0 0.85625 0.4593750000000002 0.7984375 0.4593750000000002 0.7984375 0.47968750000000016 0.85625 0.47968750000000016
0 0.2515625000000001 0.509375 0.19843750000000004 0.509375 0.19843750000000004 0.5359375 0.2515625000000001 0.5359375
0 0.3281250000000001 0.5109375 0.3062500000000001 0.5109375 0.3062500000000001 0.5328125 0.3281250000000001 0.5328125
0 0.39531250000000007 0.5125 0.3546875000000001 0.5125 0.3546875000000001 0.534375 0.39531250000000007 0.534375
0 0.4953125 0.5140625 0.434375 0.5140625 0.434375 0.5328125 0.4953125 0.5328125
0 0.553125 0.5109375 0.525 0.5109375 0.525 0.5484375 0.553125 0.5484375
0 0.678125 0.5140625 0.59375 0.5140625 0.59375 0.534375 0.678125 0.534375
0 0.8296875 0.5125000000000001 0.709375 0.5125 0.709375 0.5328125000000001 0.8296875 0.5328125000000001
0 0.8484375 0.5296875000000002 0.840625 0.5296875000000002 0.840625 0.5390625000000002 0.8484375 0.5390625000000002
0 0.3125000000000001 0.5609375 0.2078125000000001 0.5609375 0.2078125000000001 0.596875 0.3125000000000001 0.596875
0 0.409375 0.559375 0.3625000000000001 0.559375 0.3625000000000001 0.584375 0.409375 0.584375
0 0.4546875 0.5734375 0.4390625 0.5734375 0.4390625 0.584375 0.4546875 0.584375
0 0.5625 0.5625 0.4828125 0.5625 0.4828125 0.584375 0.5625 0.584375
0 0.6140625 0.5625 0.5984375 0.5625 0.5984375 0.5828125 0.6140625 0.5828125
0 0.7765625 0.5625000000000001 0.640625 0.5625 0.640625 0.6031250000000001 0.7765625 0.6031250000000001
0 0.859375 0.5593750000000002 0.80625 0.5593750000000002 0.80625 0.5828125000000002 0.859375 0.5828125000000002
0 0.2578125000000001 0.6203125 0.2078125000000001 0.6203125 0.2078125000000001 0.646875 0.2578125000000001 0.646875
0 0.39531250000000007 0.609375 0.3000000000000001 0.609375 0.3000000000000001 0.6578125 0.39531250000000007 0.6578125
0 0.4296875 0.60625 0.415625 0.60625 0.415625 0.6359375 0.4296875 0.6359375