0 0.15781250000000005 0.196875 0.15000000000000005 0.196875 0.15000000000000005 0.2078125 0.15781250000000005 0.2078125
0 0.2109375 0.2078125 0.17031250000000003 0.2078125 0.17031250000000003 0.2234375 0.2109375 0.2234375
0 0.2203125 0.2203125 0.2171875 0.2203125 0.2171875 0.228125 0.2203125 0.228125
0 0.2671875 0.20625 0.2375 0.20625 0.2375 0.221875 0.2671875 0.221875
0 0.41875 0.20156250000000003 0.290625 0.2015625 0.290625 0.22187500000000004 0.41875 0.2218750000000001
0 0.434375 0.2000000000000001 0.428125 0.2000000000000001 0.428125 0.22031250000000008 0.434375 0.22031250000000008
0 0.4546875 0.19531250000000006 0.4421875 0.19531250000000006 0.4421875 0.20312500000000008 0.4546875 0.20312500000000008
0 0.5 0.20312500000000008 0.4703125 0.20312500000000008 0.4703125 0.22031250000000008 0.5 0.22031250000000008
0 0.621875 0.20468750000000008 0.5203125 0.20468750000000008 0.5203125 0.2218750000000001 0.621875 0.2218750000000001
0 0.771875 0.20312500000000008 0.6390625 0.20312500000000008 0.6390625 0.22812500000000008 0.771875 0.22812500000000008
0 0.7828125 0.21875000000000008 0.7796875 0.21875000000000008 0.7796875 0.2250000000000001 0.7828125 0.2250000000000001
0 0.3234375 0.25625 0.16250000000000003 0.25625 0.16250000000000003 0.2828125 0.3234375 0.2828125
0 0.3921875 0.2515625 0.346875 0.2515625 0.346875 0.27187500000000003 0.3921875 0.2718750000000001
0 0.3984375 0.2687500000000001 0.3953125 0.2687500000000001 0.3953125 0.27031250000000007 0.3984375 0.27031250000000007
0 0.425 0.2515625000000001 0.4140625 0.2515625000000001 0.4140625 0.2578125000000001 0.425 0.2578125000000001
0 0.496875 0.25468750000000007 0.4328125 0.25468750000000007 0.4328125 0.2843750000000001 0.496875 0.2843750000000001
0 0.653125 0.2562500000000001 0.5203125 0.2562500000000001 0.5203125 0.2734375000000001 0.653125 0.2734375000000001
0 0.7453125 0.25468750000000007 0.678125 0.25468750000000007 0.678125 0.2718750000000001 0.7453125 0.2718750000000001
0 0.85625 0.2593750000000001 0.7671875 0.2593750000000001 0.7671875 0.2718750000000001 0.85625 0.2718750000000001
0 0.228125 0.3046875 0.15781250000000005 0.3046875 0.15781250000000005 0.3296875 0.228125 0.3296875
0 0.3109375 0.3046875 0.246875 0.3046875 0.246875 0.3234375 0.3109375 0.3234375
0 0.375 0.30625 0.3234375 0.30625 0.3234375 0.3296875 0.375 0.3296875000000001
0 0.4140625 0.3125000000000001 0.390625 0.3125000000000001 0.390625 0.3203125000000001 0.4140625 0.3203125000000001
0 0.5484375 0.3046875000000001 0.4328125 0.3046875000000001 0.4328125 0.3218750000000001 0.5484375 0.3218750000000001
0 0.64375 0.3031250000000001 0.5625 0.3031250000000001 0.5625 0.3218750000000001 0.64375 0.3218750000000001
0 0.653125 0.3187500000000001 0.6484375 0.3187500000000001 0.6484375 0.3203125000000001 0.653125 0.3203125000000001
0 0.7140625 0.3046875000000001 0.671875 0.3046875000000001 0.671875 0.3234375000000001 0.7140625 0.3234375000000001
0 0.84375 0.3000000000000001 0.734375 0.3000000000000001 0.734375 0.3218750000000001 0.84375 0.3218750000000001
0 0.27343750000000006 0.3546875 0.16562500000000005 0.3546875 0.16562500000000005 0.371875 0.2734375000000001 0.371875
0 0.353125 0.3625 0.284375 0.3625 0.28437500000000004 0.384375 0.3531250000000001 0.384375
0 0.39062500000000006 0.35625000000000007 0.35625 0.35625 0.35625000000000007 0.37187500000000007 0.3906250000000001 0.37187500000000007
0 0.5234375 0.3546875000000001 0.4140625 0.3546875000000001 0.4140625 0.37187500000000007 0.5234375 0.37187500000000007
0 0.6 0.3531250000000001 0.5421875 0.3531250000000001 0.5421875 0.37187500000000007 0.6 0.37187500000000007
0 0.6421875 0.3625000000000001 0.615625 0.3625000000000001 0.615625 0.3703125000000001 0.6421875 0.3703125000000001
0 0.6859375 0.3625000000000001 0.6640625 0.3625000000000001 0.6640625 0.3656250000000001 0.6859375 0.3656250000000001
0 0.7328125 0.3609375000000001 0.70625 0.3609375000000001 0.70625 0.3703125000000001 0.7328125 0.3703125000000001
0 0.809375 0.3515625000000001 0.7421875 0.3515625000000001 0.7421875 0.37187500000000007 0.809375 0.37187500000000007
0 0.8203125 0.3703125000000001 0.815625 0.3703125000000001 0.815625 0.3781250000000001 0.8203125 0.3781250000000001
0 0.8484375 0.3531250000000001 0.8203125 0.3531250000000001 0.8203125 0.37187500000000007 0.8484375 0.37187500000000007
0 0.85625 0.3687500000000001 0.853125 0.3687500000000001 0.853125 0.37187500000000007 0.85625 0.37187500000000007
0 0.8765625 0.34843750000000007 0.8640625 0.34843750000000007 0.8640625 0.3578125000000001 0.8765625 0.3578125000000001
0 0.16718750000000004 0.4015625 0.15781250000000005 0.4015625 0.15781250000000005 0.4109375 0.16718750000000004 0.4109375
0 0.2609375000000001 0.40625 0.17656250000000004 0.40625 0.17656250000000004 0.4328125 0.2609375000000001 0.4328125
0 0.2875000000000001 0.4140625 0.2671875000000001 0.4140625 0.2671875000000001 0.4171875 0.2875000000000001 0.4171875
0 0.30156250000000007 0.403125 0.2953125000000001 0.403125 0.2953125000000001 0.4203125 0.30156250000000007 0.4203125
0 0.32500000000000007 0.3984375 0.3125000000000001 0.3984375 0.3125000000000001 0.40625 0.32500000000000007 0.40625
0 0.3968750000000001 0.40625 0.3343750000000001 0.40625 0.3343750000000001 0.421875 0.3968750000000001 0.421875
0 0.525 0.4046875 0.4078125 0.4046875 0.4078125 0.434375 0.525 0.434375
0 0.5359375 0.4203125 0.53125 0.4203125 0.53125 0.421875 0.5359375 0.421875
0 0.5609375 0.403125 0.546875 0.403125 0.546875 0.4109375 0.5609375 0.4109375
0 0.5890625 0.4046875 0.5671875 0.4046875 0.5671875 0.421875 0.5890625 0.421875
0 0.696875 0.4015625 0.6046875 0.4015625 0.6046875 0.421875 0.696875 0.421875
0 0.8 0.41093750000000007 0.7203125 0.4109375 0.7203125 0.4234375000000001 0.8 0.4234375000000002
0 0.846875 0.4046875000000002 0.815625 0.4046875000000002 0.815625 0.4234375000000002 0.846875 0.4234375000000002
0 0.2750000000000001 0.4546875 0.16562500000000005 0.4546875 0.16562500000000005 0.4734375 0.2750000000000001 0.4734375
0 0.3515625000000001 0.4546875 0.2875000000000001 0.4546875 0.2875000000000001 0.4734375 0.3515625000000001 0.4734375
0 0.5078125 0.453125 0.3750000000000001 0.453125 0.3750000000000001 0.4875 0.5078125 0.4875
0 0.5765625 0.45625 0.5265625 0.45625 0.5265625 0.4796875 0.5765625 0.4796875
0 0.6375 0.45625 0.578125 0.45625 0.578125 0.475 0.6375 0.475
0 0.7234375 0.453125 0.653125 0.453125 0.653125 0.475 0.7234375 0.475
0 0.74375 0.46875000000000017 0.7375 0.46875000000000017 0.7375 0.47187500000000016 0.74375 0.47187500000000016
0 0.78125 0.4546875000000002 0.7640625 0.4546875000000002 0.7640625 0.47187500000000016 0.78125 0.47187500000000016
0 0.2234375000000001 0.5109375 0.16250000000000003 0.5109375 0.16250000000000003 0.5265625 0.2234375000000001 0.5265625
0 0.3343750000000001 0.5078125 0.2484375000000001 0.5078125 0.2484375000000001 0.5359375 0.3343750000000001 0.5359375
0 0.4109375 0.503125 0.3343750000000001 0.503125 0.3343750000000001 0.5390625 0.4109375 0.5390625
0 0.4234375 0.521875 0.41875 0.521875 0.41875 0.525 0.4234375 0.525
0 0.446875 0.5015625 0.4359375 0.5015625 0.4359375 0.509375 0.446875 0.509375
0 0.48125 0.50625 0.4703125 0.50625 0.4703125 0.5125 0.48125 0.5125
0 0.55 0.5046875 0.4921875 0.5046875 0.4921875 0.525 0.55 0.525
0 0.5671875 0.5234375 0.559375 0.5234375 0.559375 0.53125 0.5671875 0.53125
0 0.64375 0.5015625 0.58125 0.5015625 0.58125 0.525 0.64375 0.525
0 0.6671875 0.5078125 0.6453125 0.5078125 0.6453125 0.5234375 0.6671875 0.5234375
0 0.7625 0.503125 0.68125 0.503125 0.68125 0.5250000000000001 0.7625 0.5250000000000001
0 0.3062500000000001 0.5578125 0.1593750000000001 0.5578125 0.1593750000000001 0.5765625 0.3062500000000001 0.5765625
0 0.446875 0.5578125 0.3265625000000001 0.5578125 0.3265625000000001 0.584375 0.446875 0.584375
0 0.515625 0.5640625 0.4703125 0.5640625 0.4703125 0.5890625 0.515625 0.5890625
0 0.6328125 0.55625 0.5359375 0.55625 0.5359375 0.584375 0.6328125 0.584375
0 0.6828125 0.5609375 0.646875 0.5609375 0.646875 0.5765625 0.6828125 0.5765625
0 0.771875 0.5546875000000001 0.6921875 0.5546875 0.6921875 0.5750000000000001 0.771875 0.5750000000000002
0 0.8328125 0.5640625000000001 0.7921875 0.5640625000000001 0.7921875 0.5875000000000001 0.8328125 0.5875000000000001
0 0.2390625000000001 0.609375 0.1546875000000001 0.609375 0.1546875000000001 0.628125 0.2390625000000001 0.628125
0 0.2906250000000001 0.6109375 0.2609375000000001 0.6109375 0.2609375000000001 0.625 0.2906250000000001 0.625
0 0.3593750000000001 0.6078125 0.3046875000000001 0.6078125 0.3046875000000001 0.625 0.3593750000000001 0.625
0 0.5203125 0.609375 0.3843750000000001 0.609375 0.3843750000000001 0.6265625 0.5203125 0.6265625
0 0.675 0.6078125 0.540625 0.6078125 0.540625 0.628125 0.675 0.628125
0 0.7609375 0.6156250000000001 0.6890625 0.615625 0.6890625 0.6390625000000001 0.7609375 0.6390625000000002
0 0.2406250000000001 0.659375 0.15000000000000008 0.659375 0.15000000000000008 0.6875 0.2406250000000001 0.6875
0 0.2968750000000001 0.65625 0.2578125000000001 0.65625 0.2578125000000001 0.675 0.2968750000000001 0.675
0 0.3453125000000001 0.659375 0.30937500000000007 0.659375 0.30937500000000007 0.6765625 0.3453125000000001 0.6765625
0 0.4640625 0.65625 0.37187500000000007 0.65625 0.37187500000000007 0.68125 0.4640625 0.68125
0 0.5484375 0.6578125 0.48125 0.6578125 0.48125 0.6765625 0.5484375 0.6765625
0 0.6265625 0.6640625 0.5578125 0.6640625 0.5578125 0.6921875 0.6265625 0.6921875
0 0.7453125 0.6578125000000001 0.6421875 0.6578125 0.6421875 0.6765625000000001 0.7453125 0.6765625000000002
0 0.7953125 0.6562500000000002 0.765625 0.6562500000000002 0.765625 0.6734375000000001 0.7953125 0.6734375000000001
0 0.803125 0.6703125000000002 0.8 0.6703125000000002 0.8 0.6734375000000001 0.803125 0.6734375000000001