0 0.16093750000000004 0.1953125 0.15000000000000005 0.1953125 0.15000000000000005 0.203125 0.16093750000000004 0.203125
0 0.215625 0.2046875 0.17656250000000004 0.2046875 0.17656250000000004 0.2203125 0.215625 0.2203125
0 0.225 0.21875 0.2203125 0.21875 0.2203125 0.2265625 0.225 0.2265625
0 0.2734375 0.203125 0.240625 0.203125 0.240625 0.221875 0.2734375 0.221875
0 0.3984375 0.20000000000000004 0.2953125 0.2 0.2953125 0.22187500000000004 0.3984375 0.2218750000000001
0 0.41875 0.2171875000000001 0.4125 0.2171875000000001 0.4125 0.21875000000000008 0.41875 0.21875000000000008
0 0.496875 0.20312500000000008 0.4484375 0.20312500000000008 0.4484375 0.2218750000000001 0.496875 0.2218750000000001
0 0.703125 0.19843750000000007 0.51875 0.19843750000000004 0.51875 0.2218750000000001 0.703125 0.2218750000000001
0 0.78125 0.20468750000000008 0.721875 0.20468750000000008 0.721875 0.2234375000000001 0.78125 0.2234375000000001
0 0.2828125 0.2515625 0.17343750000000005 0.2515625 0.17343750000000005 0.2703125 0.2828125 0.2703125
0 0.3953125 0.25312500000000004 0.3078125 0.253125 0.3078125 0.27187500000000003 0.3953125 0.2718750000000001
0 0.5453125 0.25468750000000007 0.4234375 0.25468750000000007 0.4234375 0.2734375000000001 0.5453125 0.2734375000000001
0 0.6328125 0.25468750000000007 0.56875 0.25468750000000007 0.56875 0.2718750000000001 0.6328125 0.2718750000000001
0 0.6875 0.25468750000000007 0.646875 0.25468750000000007 0.646875 0.2718750000000001 0.6875 0.2718750000000001
0 0.8234375 0.25468750000000007 0.709375 0.25468750000000007 0.709375 0.2734375000000001 0.8234375 0.2734375000000001
0 0.2328125 0.309375 0.15625000000000006 0.309375 0.15625000000000006 0.334375 0.2328125 0.334375
0 0.3140625 0.3078125 0.2609375 0.3078125 0.2609375 0.3234375 0.3140625 0.3234375
0 0.40625 0.30312500000000003 0.3375 0.303125 0.3375 0.321875 0.40625 0.3218750000000001
0 0.5125 0.3062500000000001 0.4234375 0.3062500000000001 0.4234375 0.3234375000000001 0.5125 0.3234375000000001
0 0.603125 0.3140625000000001 0.5234375 0.3140625000000001 0.5234375 0.34062500000000007 0.603125 0.34062500000000007
0 0.75 0.3046875000000001 0.61875 0.3046875000000001 0.61875 0.3343750000000001 0.75 0.3343750000000001
0 0.8515625 0.3031250000000001 0.76875 0.3031250000000001 0.76875 0.3234375000000001 0.8515625 0.3234375000000001
0 0.22187500000000004 0.353125 0.15156250000000004 0.353125 0.15156250000000004 0.371875 0.2218750000000001 0.371875
0 0.35000000000000003 0.353125 0.24375 0.353125 0.24375000000000005 0.3734375 0.3500000000000001 0.3734375
0 0.3671875000000001 0.3671875000000001 0.36406250000000007 0.3671875000000001 0.36406250000000007 0.3687500000000001 0.3671875000000001 0.3687500000000001
0 0.3890625 0.3515625000000001 0.378125 0.3515625000000001 0.378125 0.3593750000000001 0.3890625 0.3593750000000001
0 0.421875 0.3531250000000001 0.409375 0.3531250000000001 0.409375 0.3593750000000001 0.421875 0.3593750000000001
0 0.5234375 0.3531250000000001 0.440625 0.3531250000000001 0.440625 0.3843750000000001 0.5234375 0.3843750000000001
0 0.5484375 0.3500000000000001 0.534375 0.3500000000000001 0.534375 0.3671875000000001 0.5484375 0.3671875000000001
0 0.5703125 0.3453125000000001 0.559375 0.3453125000000001 0.559375 0.3531250000000001 0.5703125 0.3531250000000001
0 0.68125 0.3546875000000001 0.5890625 0.3546875000000001 0.5890625 0.3828125000000001 0.68125 0.3828125000000001
0 0.8046875 0.3546875000000001 0.7 0.3546875000000001 0.7 0.3765625000000001 0.8046875 0.3765625000000001
0 0.2156250000000001 0.409375 0.15781250000000005 0.409375 0.15781250000000005 0.425 0.2156250000000001 0.425
0 0.3671875000000001 0.403125 0.2390625000000001 0.403125 0.2390625000000001 0.434375 0.3671875000000001 0.434375
0 0.3828125000000001 0.4171875 0.3781250000000001 0.4171875 0.3781250000000001 0.4203125 0.3828125000000001 0.4203125
0 0.4125 0.4 0.3984375000000001 0.4 0.3984375000000001 0.4078125 0.4125 0.4078125
0 0.5515625 0.4046875 0.425 0.4046875 0.425 0.434375 0.5515625 0.434375
0 0.6359375 0.40625 0.5671875 0.40625 0.5671875 0.425 0.6359375 0.425
0 0.7109375 0.409375 0.65 0.409375 0.65 0.421875 0.7109375 0.421875
0 0.85625 0.4031250000000002 0.7265625 0.4031250000000002 0.7265625 0.42500000000000016 0.85625 0.42500000000000016
0 0.2015625000000001 0.4546875 0.15468750000000003 0.4546875 0.15468750000000003 0.4734375 0.2015625000000001 0.4734375
0 0.26250000000000007 0.4546875 0.21093750000000008 0.4546875 0.21093750000000008 0.471875 0.26250000000000007 0.471875
0 0.3546875000000001 0.4546875 0.2843750000000001 0.4546875 0.2843750000000001 0.4734375 0.3546875000000001 0.4734375
0 0.446875 0.4546875 0.3765625000000001 0.4546875 0.3765625000000001 0.475 0.446875 0.475
0 0.48125 0.4546875 0.4625 0.4546875 0.4625 0.471875 0.48125 0.471875
0 0.5625 0.4578125 0.4984375 0.4578125 0.4984375 0.475 0.5625 0.475
0 0.6015625 0.4625 0.578125 0.4625 0.578125 0.4734375 0.6015625 0.4734375
0 0.7546875 0.4546875000000001 0.625 0.4546875 0.625 0.4750000000000001 0.7546875 0.4750000000000002
0 0.825 0.46406250000000016 0.7828125 0.46406250000000016 0.7828125 0.47656250000000017 0.825 0.47656250000000017
0 0.2078125000000001 0.5046875 0.15312500000000004 0.5046875 0.15312500000000004 0.525 0.2078125000000001 0.525
0 0.3109375000000001 0.5046875 0.2312500000000001 0.5046875 0.2312500000000001 0.525 0.3109375000000001 0.525
0 0.3906250000000001 0.5109375 0.3234375000000001 0.5109375 0.3234375000000001 0.525 0.3906250000000001 0.525
0 0.409375 0.5203125 0.4046875 0.5203125 0.4046875 0.521875 0.409375 0.521875
0 0.46875 0.5078125 0.4375 0.5078125 0.4375 0.525 0.46875 0.525
0 0.6078125 0.50625 0.4953125 0.50625 0.4953125 0.5265625 0.6078125 0.5265625
0 0.696875 0.5046875 0.628125 0.5046875 0.628125 0.5234375 0.696875 0.5234375
0 0.790625 0.5062500000000001 0.715625 0.50625 0.715625 0.5265625 0.790625 0.5265625000000002
0 0.2218750000000001 0.5640625 0.15000000000000008 0.5640625 0.15000000000000008 0.5875 0.2218750000000001 0.5875
0 0.3031250000000001 0.5578125 0.24218750000000008 0.5578125 0.24218750000000008 0.5765625 0.3031250000000001 0.5765625
0 0.30937500000000007 0.571875 0.3046875000000001 0.571875 0.3046875000000001 0.5796875 0.30937500000000007 0.5796875
0 0.3656250000000001 0.55625 0.3187500000000001 0.55625 0.3187500000000001 0.5734375 0.3656250000000001 0.5734375
0 0.3843750000000001 0.55 0.37187500000000007 0.55 0.37187500000000007 0.5703125 0.3843750000000001 0.5703125
0 0.403125 0.5453125 0.3921875000000001 0.5453125 0.3921875000000001 0.553125 0.403125 0.553125
0 0.43125 0.553125 0.4203125 0.553125 0.4203125 0.559375 0.43125 0.559375
0 0.4859375 0.55625 0.44375 0.55625 0.44375 0.5765625 0.4859375 0.5765625
0 0.4921875 0.575 0.4890625 0.575 0.4890625 0.5828125 0.4921875 0.5828125
0 0.515625 0.553125 0.5046875 0.553125 0.5046875 0.5609375 0.515625 0.5609375
0 0.5921875 0.5578125 0.5265625 0.5578125 0.5265625 0.5765625 0.5921875 0.5765625
0 0.7484375 0.5562500000000001 0.6140625 0.55625 0.6140625 0.5859375000000001 0.7484375 0.5859375000000002
0 0.7640625 0.5718750000000001 0.7609375 0.5718750000000001 0.7609375 0.5734375000000002 0.7640625 0.5734375000000002
0 0.1625000000000001 0.6046875 0.1531250000000001 0.6046875 0.1531250000000001 0.6125 0.1625000000000001 0.6125
0 0.2156250000000001 0.609375 0.1828125000000001 0.609375 0.1828125000000001 0.625 0.2156250000000001 0.625
0 0.33281250000000007 0.60625 0.2375000000000001 0.60625 0.2375000000000001 0.6265625 0.33281250000000007 0.6265625
0 0.484375 0.6078125 0.3531250000000001 0.6078125 0.3531250000000001 0.6421875 0.484375 0.6421875
0 0.5671875 0.6125 0.5125 0.6125 0.5125 0.6265625 0.5671875 0.6265625
0 0.6484375 0.6125 0.5703125 0.6125 0.5703125 0.640625 0.6484375 0.640625
0 0.6625 0.625 0.6578125 0.625 0.6578125 0.6265625 0.6625 0.6265625
0 0.8390625 0.6046875 0.69375 0.6046875 0.69375 0.6265625000000001 0.8390625 0.6265625000000001
0 0.1937500000000001 0.6609375 0.1687500000000001 0.6609375 0.1687500000000001 0.6796875 0.1937500000000001 0.6796875
0 0.2687500000000001 0.6640625 0.2015625000000001 0.6640625 0.2015625000000001 0.6765625 0.2687500000000001 0.6765625
0 0.3687500000000001 0.6640625 0.2843750000000001 0.6640625 0.2843750000000001 0.690625 0.3687500000000001 0.690625
0 0.45 0.6625 0.39531250000000007 0.6625 0.39531250000000007 0.675 0.45 0.675
0 0.503125 0.6578125 0.4765625 0.6578125 0.4765625 0.678125 0.503125 0.678125
0 0.6515625 0.6640625 0.515625 0.6640625 0.515625 0.6875 0.6515625 0.6875
0 0.721875 0.6609375 0.6828125 0.6609375 0.6828125 0.678125 0.721875 0.678125
0 0.3281250000000001 0.7078125 0.1671875000000001 0.7078125 0.1671875000000001 0.734375 0.3281250000000001 0.734375
0 0.3812500000000001 0.709375 0.3468750000000001 0.709375 0.3468750000000001 0.725 0.3812500000000001 0.725
0 0.453125 0.7125 0.3906250000000001 0.7125 0.3906250000000001 0.725 0.453125 0.725
0 0.5312500000000001 0.7171875 0.471875 0.7171875 0.4718750000000001 0.7390625 0.5312500000000002 0.7390625
0 0.5437500000000002 0.728125 0.5375000000000002 0.728125 0.5375000000000002 0.7359375 0.5437500000000002 0.7359375
0 0.6046875 0.7109375 0.5625 0.7109375 0.5625000000000001 0.728125 0.6046875000000002 0.728125
0 0.7390625000000001 0.7093750000000001 0.621875 0.709375 0.6218750000000001 0.7281250000000001 0.7390625000000002 0.7281250000000001
0 0.8 0.7156250000000002 0.7625 0.7156250000000002 0.7625000000000001 0.7343750000000002 0.8 0.7343750000000002
0 0.846875 0.7125000000000001 0.8234375 0.7125000000000001 0.8234375 0.7281250000000001 0.846875 0.7281250000000001