0 0.2234375 0.203125 0.13750000000000004 0.203125 0.13750000000000004 0.24375 0.2234375 0.24375
0 0.275 0.2078125 0.234375 0.2078125 0.234375 0.2234375 0.275 0.2234375
0 0.325 0.2140625 0.296875 0.2140625 0.296875 0.225 0.325 0.225
0 0.33125 0.2125 0.3140625 0.2125 0.3140625 0.2234375 0.33125 0.2234375
0 0.3765625 0.20468750000000005 0.3328125 0.2046875 0.3328125 0.22656250000000006 0.3765625 0.22656250000000008
0 0.5109375 0.2015625000000001 0.40625 0.2015625000000001 0.40625 0.2250000000000001 0.5109375 0.2250000000000001
0 0.584375 0.20468750000000008 0.5390625 0.20468750000000008 0.5390625 0.2250000000000001 0.584375 0.2250000000000001
0 0.5953125 0.2218750000000001 0.5921875 0.2218750000000001 0.5921875 0.2234375000000001 0.5953125 0.2234375000000001
0 0.6125 0.2062500000000001 0.6046875 0.2062500000000001 0.6046875 0.2156250000000001 0.6125 0.2156250000000001
0 0.7203125 0.20468750000000008 0.6203125 0.20468750000000008 0.6203125 0.2250000000000001 0.7203125 0.2250000000000001
0 0.7890625 0.20312500000000008 0.7375 0.20312500000000008 0.7375 0.2234375000000001 0.7890625 0.2234375000000001
0 0.85 0.20468750000000008 0.8 0.20468750000000008 0.8 0.2234375000000001 0.85 0.2234375000000001
0 0.2046875 0.25625 0.14375000000000004 0.25625 0.14375000000000004 0.2765625 0.2046875 0.2765625
0 0.2578125 0.2546875 0.228125 0.2546875 0.228125 0.278125 0.2578125 0.278125
0 0.3234375 0.25625 0.284375 0.25625 0.284375 0.2765625 0.3234375 0.2765625
0 0.434375 0.2515625 0.353125 0.2515625 0.353125 0.28906250000000006 0.434375 0.2890625000000001
0 0.5296875 0.2515625000000001 0.4609375 0.2515625000000001 0.4609375 0.2750000000000001 0.5296875 0.2750000000000001
0 0.61875 0.2531250000000001 0.5609375 0.2531250000000001 0.5609375 0.2734375000000001 0.61875 0.2734375000000001
0 0.6359375 0.2718750000000001 0.63125 0.2718750000000001 0.63125 0.2734375000000001 0.6359375 0.2734375000000001
0 0.7109375 0.25468750000000007 0.646875 0.25468750000000007 0.646875 0.2750000000000001 0.7109375 0.2750000000000001
0 0.76875 0.2656250000000001 0.7359375 0.2656250000000001 0.7359375 0.27812500000000007 0.76875 0.27812500000000007
0 0.8015625 0.2531250000000001 0.771875 0.2531250000000001 0.771875 0.2750000000000001 0.8015625 0.2750000000000001
0 0.2296875 0.3046875 0.13906250000000003 0.3046875 0.13906250000000003 0.3265625 0.2296875 0.3265625
0 0.2953125 0.3140625 0.2625 0.3140625 0.2625 0.325 0.2953125 0.325
0 0.3859375 0.30156250000000007 0.3203125 0.3015625 0.3203125 0.32500000000000007 0.3859375 0.32500000000000007
0 0.465625 0.30937500000000007 0.40625 0.30937500000000007 0.40625 0.32500000000000007 0.465625 0.32500000000000007
0 0.54375 0.3046875000000001 0.4859375 0.3046875000000001 0.4859375 0.32500000000000007 0.54375 0.32500000000000007
0 0.696875 0.3046875000000001 0.5734375 0.3046875000000001 0.5734375 0.34062500000000007 0.696875 0.34062500000000007
0 0.759375 0.3031250000000001 0.725 0.3031250000000001 0.725 0.3468750000000001 0.759375 0.3468750000000001
0 0.85625 0.3046875000000001 0.7703125 0.3046875000000001 0.7703125 0.32500000000000007 0.85625 0.32500000000000007
0 0.865625 0.3156250000000001 0.8546875 0.3156250000000001 0.8546875 0.3312500000000001 0.865625 0.3312500000000001
0 0.18125000000000005 0.3546875 0.14218750000000005 0.3546875 0.14218750000000005 0.378125 0.18125000000000005 0.378125
0 0.22968750000000004 0.3625 0.2 0.3625 0.20000000000000004 0.375 0.2296875000000001 0.375
0 0.25625000000000003 0.353125 0.2453125 0.353125 0.24531250000000004 0.3734375 0.2562500000000001 0.3734375
0 0.271875 0.353125 0.2640625 0.353125 0.2640625 0.3609375 0.271875 0.3609375
0 0.30625 0.3546875 0.2984375 0.3546875 0.2984375 0.365625 0.3062500000000001 0.365625
0 0.33437500000000003 0.359375 0.3078125 0.359375 0.30781250000000004 0.3765625 0.3343750000000001 0.3765625
0 0.34062500000000007 0.3765625 0.3375000000000001 0.3765625 0.3375000000000001 0.3828125 0.34062500000000007 0.3828125
0 0.35625000000000007 0.35625 0.35 0.35625 0.35000000000000003 0.365625 0.35625000000000007 0.365625
0 0.4015625 0.3625000000000001 0.378125 0.3625000000000001 0.37812500000000004 0.3781250000000001 0.4015625 0.3781250000000001
0 0.48125 0.3546875000000001 0.421875 0.3546875000000001 0.421875 0.38750000000000007 0.48125 0.38750000000000007
0 0.5421875 0.35625000000000007 0.5046875 0.35625000000000007 0.5046875 0.3734375000000001 0.5421875 0.3734375000000001
0 0.671875 0.3578125000000001 0.5625 0.3578125000000001 0.5625 0.38750000000000007 0.671875 0.38750000000000007
0 0.678125 0.3750000000000001 0.6734375 0.3750000000000001 0.6734375 0.3765625000000001 0.678125 0.3765625000000001
0 0.7109375 0.3546875000000001 0.7015625 0.3546875000000001 0.7015625 0.36406250000000007 0.7109375 0.36406250000000007
0 0.7296875 0.35625000000000007 0.721875 0.35625000000000007 0.721875 0.3765625000000001 0.7296875 0.3765625000000001
0 0.8046875 0.3546875000000001 0.753125 0.3546875000000001 0.753125 0.3750000000000001 0.8046875 0.3750000000000001
0 0.8640625 0.36406250000000007 0.8375 0.36406250000000007 0.8375 0.3765625000000001 0.8640625 0.3765625000000001
0 0.19375000000000003 0.409375 0.14062500000000006 0.409375 0.14062500000000006 0.4265625 0.19375000000000003 0.4265625
0 0.3109375000000001 0.4046875 0.22031250000000008 0.4046875 0.22031250000000008 0.4296875 0.3109375000000001 0.4296875
0 0.3187500000000001 0.425 0.3140625000000001 0.425 0.3140625000000001 0.43125 0.3187500000000001 0.43125
0 0.3609375000000001 0.4078125 0.3312500000000001 0.4078125 0.3312500000000001 0.425 0.3609375000000001 0.425
0 0.3703125000000001 0.4234375 0.3625000000000001 0.4234375 0.3625000000000001 0.43125 0.3703125000000001 0.43125
0 0.434375 0.40625 0.3843750000000001 0.40625 0.3843750000000001 0.4234375 0.434375 0.4234375
0 0.471875 0.415625 0.4546875 0.415625 0.4546875 0.4265625 0.471875 0.4265625
0 0.56875 0.4046875 0.48125 0.4046875 0.48125 0.4421875 0.56875 0.4421875
0 0.6734375 0.4109375 0.5953125 0.4109375 0.5953125 0.428125 0.6734375 0.428125
0 0.7375 0.41093750000000007 0.6984375 0.4109375 0.6984375 0.4296875000000001 0.7375 0.42968750000000017
0 0.8734375 0.4031250000000002 0.7609375 0.4031250000000002 0.7609375 0.4390625000000002 0.8734375 0.4390625000000002
0 0.18750000000000006 0.465625 0.14218750000000005 0.465625 0.14218750000000005 0.478125 0.18750000000000006 0.478125
0 0.26250000000000007 0.465625 0.20312500000000008 0.465625 0.20312500000000008 0.478125 0.26250000000000007 0.478125
0 0.2734375000000001 0.4734375 0.27031250000000007 0.4734375 0.27031250000000007 0.4765625 0.2734375000000001 0.4765625
0 0.2921875000000001 0.4546875 0.2843750000000001 0.4546875 0.2843750000000001 0.465625 0.2921875000000001 0.465625
0 0.3843750000000001 0.4578125 0.3125000000000001 0.4578125 0.3125000000000001 0.4921875 0.3843750000000001 0.4921875
0 0.45625 0.459375 0.409375 0.459375 0.409375 0.4765625 0.45625 0.4765625
0 0.578125 0.45625 0.4828125 0.45625 0.4828125 0.49375 0.578125 0.49375
0 0.665625 0.45 0.59375 0.45 0.59375 0.478125 0.665625 0.478125
0 0.675 0.471875 0.671875 0.471875 0.671875 0.4765625 0.675 0.4765625
0 0.703125 0.45625 0.69375 0.45625 0.69375 0.465625 0.703125 0.465625
0 0.809375 0.4546875000000001 0.7125 0.4546875 0.7125 0.4953125000000001 0.809375 0.49531250000000016
0 0.2015625000000001 0.5015625 0.14062500000000006 0.5015625 0.14062500000000006 0.528125 0.2015625000000001 0.528125
0 0.2515625000000001 0.515625 0.2234375000000001 0.515625 0.2234375000000001 0.5296875 0.2515625000000001 0.5296875
0 0.32500000000000007 0.509375 0.27812500000000007 0.509375 0.27812500000000007 0.5296875 0.32500000000000007 0.5296875
0 0.3937500000000001 0.5140625 0.3625000000000001 0.5140625 0.3625000000000001 0.5296875 0.3937500000000001 0.5296875
0 0.45625 0.515625 0.421875 0.515625 0.421875 0.5265625 0.45625 0.5265625
0 0.5921875 0.50625 0.4796875 0.50625 0.4796875 0.5421875 0.5921875 0.5421875
0 0.6 0.521875 0.5953125 0.521875 0.5953125 0.528125 0.6 0.528125
0 0.6828125 0.50625 0.615625 0.50625 0.615625 0.5453125 0.6828125 0.5453125
0 0.6953125 0.5046875 0.6859375 0.5046875 0.6859375 0.528125 0.6953125 0.528125
0 0.7109375 0.503125 0.7 0.503125 0.7 0.515625 0.7109375 0.515625