0 0.15937500000000004 0.1984375 0.15156250000000004 0.1984375 0.15156250000000004 0.2078125 0.15937500000000004 0.2078125
0 0.2953125 0.203125 0.17343750000000005 0.203125 0.17343750000000005 0.221875 0.2953125 0.221875
0 0.3859375 0.20625000000000004 0.3203125 0.20625 0.3203125 0.22031250000000005 0.3859375 0.22031250000000008
0 0.496875 0.20468750000000008 0.4046875 0.20468750000000008 0.4046875 0.2296875000000001 0.496875 0.2296875000000001
0 0.5078125 0.22031250000000008 0.503125 0.22031250000000008 0.503125 0.22812500000000008 0.5078125 0.22812500000000008
0 0.53125 0.19843750000000004 0.51875 0.19843750000000004 0.51875 0.20468750000000008 0.53125 0.20468750000000008
0 0.65625 0.20312500000000008 0.540625 0.20312500000000008 0.540625 0.2234375000000001 0.65625 0.2234375000000001
0 0.7796875 0.20312500000000008 0.6765625 0.20312500000000008 0.6765625 0.2218750000000001 0.7796875 0.2218750000000001
0 0.796875 0.21875000000000008 0.7921875 0.21875000000000008 0.7921875 0.22031250000000008 0.796875 0.22031250000000008
0 0.16406250000000006 0.246875 0.15625000000000006 0.246875 0.15625000000000006 0.253125 0.16406250000000006 0.253125
0 0.215625 0.253125 0.18593750000000003 0.253125 0.18593750000000003 0.2703125 0.215625 0.2703125
0 0.24375 0.2515625 0.225 0.2515625 0.225 0.26875 0.24375 0.26875
0 0.359375 0.2546875 0.265625 0.2546875 0.265625 0.2859375 0.359375 0.2859375
0 0.41875 0.2609375000000001 0.3796875 0.2609375000000001 0.3796875 0.2796875000000001 0.41875 0.2796875000000001
0 0.4578125 0.2562500000000001 0.4265625 0.2562500000000001 0.4265625 0.2734375000000001 0.4578125 0.2734375000000001
0 0.528125 0.25468750000000007 0.4734375 0.25468750000000007 0.4734375 0.2843750000000001 0.528125 0.2843750000000001
0 0.6640625 0.2531250000000001 0.55 0.2531250000000001 0.55 0.2734375000000001 0.6640625 0.2734375000000001
0 0.6734375 0.2687500000000001 0.66875 0.2687500000000001 0.66875 0.27031250000000007 0.6734375 0.27031250000000007
0 0.840625 0.2531250000000001 0.703125 0.2531250000000001 0.703125 0.2718750000000001 0.840625 0.2718750000000001
0 0.8609375 0.2500000000000001 0.8484375 0.2500000000000001 0.8484375 0.27031250000000007 0.8609375 0.27031250000000007
0 0.878125 0.2484375000000001 0.8703125 0.2484375000000001 0.8703125 0.2562500000000001 0.878125 0.2562500000000001
0 0.15781250000000005 0.3015625 0.14843750000000006 0.3015625 0.14843750000000006 0.30625 0.15781250000000005 0.30625
0 0.19218750000000004 0.3046875 0.16718750000000004 0.3046875 0.16718750000000004 0.325 0.19218750000000004 0.325
0 0.3625 0.3046875 0.2140625 0.3046875 0.2140625 0.321875 0.3625 0.321875
0 0.3703125 0.3218750000000001 0.3671875 0.3218750000000001 0.3671875 0.3296875000000001 0.3703125 0.3296875000000001
0 0.3921875 0.30156250000000007 0.38125 0.30156250000000007 0.38125 0.3062500000000001 0.3921875 0.3062500000000001
0 0.534375 0.3046875000000001 0.4046875 0.3046875000000001 0.4046875 0.3359375000000001 0.534375 0.3359375000000001
0 0.6140625 0.3031250000000001 0.553125 0.3031250000000001 0.553125 0.3203125000000001 0.6140625 0.3203125000000001
0 0.796875 0.3046875000000001 0.6265625 0.3046875000000001 0.6265625 0.3234375000000001 0.796875 0.3234375000000001
0 0.8078125 0.3203125000000001 0.803125 0.3203125000000001 0.803125 0.3281250000000001 0.8078125 0.3281250000000001
0 0.27968750000000003 0.35625 0.15312500000000004 0.35625 0.15312500000000004 0.390625 0.2796875000000001 0.390625
0 0.34375000000000006 0.3625 0.30625 0.3625 0.30625 0.3734375 0.3437500000000001 0.3734375
0 0.4859375 0.3593750000000001 0.3671875 0.3593750000000001 0.36718750000000006 0.37968750000000007 0.4859375 0.37968750000000007
0 0.496875 0.3687500000000001 0.4921875 0.3687500000000001 0.4921875 0.3781250000000001 0.496875 0.3781250000000001
0 0.5328125 0.3515625000000001 0.515625 0.3515625000000001 0.515625 0.3593750000000001 0.5328125 0.3593750000000001
0 0.6125 0.35625000000000007 0.5515625 0.35625000000000007 0.5515625 0.3734375000000001 0.6125 0.3734375000000001
0 0.7171875 0.3546875000000001 0.640625 0.3546875000000001 0.640625 0.3734375000000001 0.7171875 0.3734375000000001
0 0.78125 0.35625000000000007 0.74375 0.35625000000000007 0.74375 0.3734375000000001 0.78125 0.3734375000000001
0 0.8109375 0.3500000000000001 0.790625 0.3500000000000001 0.790625 0.37187500000000007 0.8109375 0.37187500000000007
0 0.22812500000000008 0.4046875 0.14843750000000006 0.4046875 0.14843750000000006 0.4234375 0.22812500000000008 0.4234375
0 0.3625000000000001 0.4046875 0.2500000000000001 0.4046875 0.2500000000000001 0.425 0.3625000000000001 0.425
0 0.45625 0.4109375 0.38750000000000007 0.4109375 0.38750000000000007 0.425 0.45625 0.425
0 0.659375 0.40625 0.484375 0.40625 0.484375 0.4359375 0.659375 0.4359375
0 0.671875 0.41875 0.6671875 0.41875 0.6671875 0.421875 0.671875 0.421875
0 0.6953125 0.3984375000000001 0.6828125 0.3984375000000001 0.6828125 0.4046875 0.6953125 0.4046875
0 0.725 0.4 0.7140625 0.4 0.7140625 0.40625 0.725 0.40625
0 0.85625 0.4031250000000002 0.73125 0.4031250000000002 0.73125 0.4359375000000002 0.85625 0.4359375000000002
0 0.16875000000000004 0.4546875 0.14843750000000006 0.4546875 0.14843750000000006 0.4734375 0.16875000000000004 0.4734375
0 0.2687500000000001 0.4515625 0.18750000000000006 0.4515625 0.18750000000000006 0.471875 0.2687500000000001 0.471875
0 0.29375000000000007 0.4484375 0.27812500000000007 0.4484375 0.27812500000000007 0.46875 0.29375000000000007 0.46875
0 0.3203125000000001 0.4453125 0.3046875000000001 0.4453125 0.3046875000000001 0.4515625 0.3203125000000001 0.4515625
0 0.3859375000000001 0.45625 0.3234375000000001 0.45625 0.3234375000000001 0.475 0.3859375000000001 0.475
0 0.51875 0.4515625 0.4171875 0.4515625 0.4171875 0.475 0.51875 0.475
0 0.53125 0.4703125 0.5265625 0.4703125 0.5265625 0.471875 0.53125 0.471875
0 0.5640625 0.453125 0.5515625 0.453125 0.5515625 0.4578125 0.5640625 0.4578125
0 0.6 0.45625 0.5765625 0.45625 0.5765625 0.4765625 0.6 0.4765625
0 0.7046875 0.453125 0.615625 0.453125 0.615625 0.475 0.7046875 0.475
0 0.7625 0.4609375000000001 0.7234375 0.4609375 0.7234375 0.4750000000000001 0.7625 0.4750000000000002
0 0.775 0.4703125000000002 0.771875 0.4703125000000002 0.771875 0.4734375000000002 0.775 0.4734375000000002
0 0.2093750000000001 0.50625 0.14531250000000004 0.50625 0.14531250000000004 0.5375 0.2093750000000001 0.5375
0 0.2234375000000001 0.5078125 0.2093750000000001 0.5078125 0.2093750000000001 0.5234375 0.2234375000000001 0.5234375
0 0.2734375000000001 0.5140625 0.2468750000000001 0.5140625 0.2468750000000001 0.5234375 0.2734375000000001 0.5234375
0 0.3781250000000001 0.503125 0.2921875000000001 0.503125 0.2921875000000001 0.534375 0.3781250000000001 0.534375
0 0.4625 0.5046875 0.4 0.5046875 0.4 0.5265625 0.4625 0.5265625
0 0.5171875 0.5078125 0.475 0.5078125 0.475 0.525 0.5171875 0.525
0 0.5859375 0.5078125 0.540625 0.5078125 0.540625 0.525 0.5859375 0.525
0 0.6 0.521875 0.596875 0.521875 0.596875 0.5234375 0.6 0.5234375
0 0.6890625 0.503125 0.6234375 0.503125 0.6234375 0.5234375 0.6890625 0.5234375
0 0.7359375 0.5046875000000001 0.7046875 0.5046875 0.7046875 0.5265625 0.7359375 0.5265625000000002
0 0.8515625 0.5062500000000002 0.75 0.5062500000000002 0.75 0.5343750000000002 0.8515625 0.5343750000000002
0 0.2578125000000001 0.5546875 0.1515625000000001 0.5546875 0.1515625000000001 0.5765625 0.2578125000000001 0.5765625
0 0.3625000000000001 0.559375 0.2796875000000001 0.559375 0.2796875000000001 0.5765625 0.3625000000000001 0.5765625
0 0.4109375 0.559375 0.3843750000000001 0.559375 0.3843750000000001 0.5765625 0.4109375 0.5765625
0 0.540625 0.5546875 0.4359375 0.5546875 0.4359375 0.575 0.540625 0.575
0 0.696875 0.5578125 0.5421875 0.5578125 0.5421875 0.5828125 0.696875 0.5828125
0 0.7328125 0.565625 0.725 0.565625 0.725 0.5765625000000001 0.7328125 0.5765625000000002
0 0.7484375 0.5593750000000001 0.725 0.559375 0.725 0.5765625000000001 0.7484375 0.5765625000000002
0 0.7921875 0.5546875000000002 0.765625 0.5546875000000002 0.765625 0.5718750000000001 0.7921875 0.5718750000000001
0 0.8203125 0.5531250000000002 0.80625 0.5531250000000002 0.80625 0.5718750000000001 0.8203125 0.5718750000000001
0 0.834375 0.5500000000000002 0.825 0.5500000000000002 0.825 0.5562500000000001 0.834375 0.5562500000000001
0 0.1625000000000001 0.6046875 0.15000000000000008 0.6046875 0.15000000000000008 0.6125 0.1625000000000001 0.6125
0 0.2156250000000001 0.6078125 0.1687500000000001 0.6078125 0.1687500000000001 0.625 0.2156250000000001 0.625
0 0.22031250000000008 0.621875 0.2171875000000001 0.621875 0.2171875000000001 0.63125 0.22031250000000008 0.63125
0 0.24218750000000008 0.603125 0.2296875000000001 0.603125 0.2296875000000001 0.6109375 0.24218750000000008 0.6109375
0 0.29375000000000007 0.60625 0.2515625000000001 0.60625 0.2515625000000001 0.6265625 0.29375000000000007 0.6265625
0 0.3828125000000001 0.609375 0.3046875000000001 0.609375 0.3046875000000001 0.625 0.3828125000000001 0.625
0 0.590625 0.6046875 0.409375 0.6046875 0.409375 0.6375 0.590625 0.6375
0 0.603125 0.6234375 0.5984375 0.6234375 0.5984375 0.6265625 0.603125 0.6265625
0 0.6359375 0.6078125 0.625 0.6078125 0.625 0.6140625 0.6359375 0.6140625
0 0.6828125 0.6078125 0.64375 0.6078125 0.64375 0.6265625 0.6828125 0.6265625
0 0.7671875 0.6031250000000001 0.7 0.603125 0.7 0.6250000000000001 0.7671875 0.6250000000000002
0 0.8171875 0.6078125000000002 0.7796875 0.6078125000000002 0.7796875 0.6234375000000002 0.8171875 0.6234375000000002
0 0.1921875000000001 0.659375 0.1546875000000001 0.659375 0.1546875000000001 0.675 0.1921875000000001 0.675
0 0.3515625000000001 0.6578125 0.2140625000000001 0.6578125 0.2140625000000001 0.68125 0.3515625000000001 0.68125
0 0.3609375000000001 0.6703125 0.3578125000000001 0.6703125 0.3578125000000001 0.6734375 0.3609375000000001 0.6734375
0 0.3859375000000001 0.653125 0.3734375000000001 0.653125 0.3734375000000001 0.659375 0.3859375000000001 0.659375