0 0.14843750000000006 0.209375 0.14062500000000006 0.209375 0.14062500000000006 0.215625 0.14843750000000006 0.215625
0 0.25 0.21875 0.15468750000000003 0.21875 0.15468750000000003 0.24375 0.25 0.24375
0 0.275 0.2125 0.2625 0.2125 0.2625 0.23125 0.275 0.23125
0 0.2890625 0.2109375 0.2828125 0.2109375 0.2828125 0.2140625 0.2890625 0.2140625
0 0.33125 0.215625 0.303125 0.215625 0.303125 0.23125 0.33125 0.23125
0 0.4359375 0.21562500000000004 0.34375 0.215625 0.34375 0.23281250000000003 0.4359375 0.2328125000000001
0 0.4796875 0.2156250000000001 0.45 0.2156250000000001 0.45 0.2312500000000001 0.4796875 0.2312500000000001
0 0.5421875 0.2234375000000001 0.49375 0.2234375000000001 0.49375 0.24375000000000008 0.5421875 0.24375000000000008
0 0.6078125 0.21875000000000008 0.559375 0.21875000000000008 0.559375 0.2312500000000001 0.6078125 0.2312500000000001
0 0.7015625 0.2156250000000001 0.6265625 0.2156250000000001 0.6265625 0.2312500000000001 0.7015625 0.2312500000000001
0 0.753125 0.2156250000000001 0.715625 0.2156250000000001 0.715625 0.2312500000000001 0.753125 0.2312500000000001
0 0.79375 0.2234375000000001 0.76875 0.2234375000000001 0.76875 0.2312500000000001 0.79375 0.2312500000000001
0 0.846875 0.21875000000000008 0.80625 0.21875000000000008 0.80625 0.2312500000000001 0.846875 0.2312500000000001
0 0.225 0.2671875 0.14218750000000005 0.2671875 0.14218750000000005 0.2828125 0.225 0.2828125
0 0.240625 0.2796875 0.234375 0.2796875 0.234375 0.2875 0.240625 0.2875
0 0.2765625 0.2734375 0.25 0.2734375 0.25 0.2828125 0.2765625 0.2828125
0 0.3359375 0.265625 0.3015625 0.265625 0.3015625 0.2828125 0.3359375 0.2828125
0 0.38125 0.2671875 0.3578125 0.2671875 0.3578125 0.290625 0.38125 0.2906250000000001
0 0.4890625 0.2656250000000001 0.3953125 0.2656250000000001 0.3953125 0.2828125000000001 0.4890625 0.2828125000000001
0 0.534375 0.2656250000000001 0.50625 0.2656250000000001 0.50625 0.2828125000000001 0.534375 0.2828125000000001
0 0.6390625 0.2671875000000001 0.5515625 0.2671875000000001 0.5515625 0.2828125000000001 0.6390625 0.2828125000000001
0 0.81875 0.2656250000000001 0.6578125 0.2656250000000001 0.6578125 0.2968750000000001 0.81875 0.2968750000000001
0 0.834375 0.27812500000000007 0.83125 0.27812500000000007 0.83125 0.2796875000000001 0.834375 0.2796875000000001
0 0.15000000000000005 0.3125 0.14218750000000005 0.3125 0.14218750000000005 0.31875 0.15000000000000005 0.31875
0 0.21875 0.315625 0.15781250000000005 0.315625 0.15781250000000005 0.334375 0.21875 0.334375
0 0.303125 0.3171875 0.234375 0.3171875 0.234375 0.334375 0.303125 0.334375
0 0.3390625 0.31875 0.3203125 0.31875 0.3203125 0.3359375 0.3390625 0.3359375
0 0.359375 0.3328125 0.3546875 0.3328125 0.3546875 0.3375 0.359375 0.3375
0 0.4140625 0.3218750000000001 0.365625 0.3218750000000001 0.365625 0.3453125000000001 0.4140625 0.3453125000000001
0 0.4859375 0.31718750000000007 0.421875 0.31718750000000007 0.421875 0.33281250000000007 0.4859375 0.33281250000000007
0 0.515625 0.31718750000000007 0.503125 0.31718750000000007 0.503125 0.33281250000000007 0.515625 0.33281250000000007
0 0.5328125 0.3140625000000001 0.525 0.3140625000000001 0.525 0.3187500000000001 0.5328125 0.3187500000000001
0 0.5578125 0.3156250000000001 0.55 0.3156250000000001 0.55 0.3218750000000001 0.5578125 0.3218750000000001
0 0.615625 0.3187500000000001 0.5640625 0.3187500000000001 0.5640625 0.3343750000000001 0.615625 0.3343750000000001
0 0.621875 0.3296875000000001 0.61875 0.3296875000000001 0.61875 0.3359375000000001 0.621875 0.3359375000000001
0 0.6359375 0.3156250000000001 0.6296875 0.3156250000000001 0.6296875 0.3203125000000001 0.6359375 0.3203125000000001
0 0.6859375 0.31718750000000007 0.6484375 0.31718750000000007 0.6484375 0.33281250000000007 0.6859375 0.33281250000000007
0 0.80625 0.3187500000000001 0.703125 0.3187500000000001 0.703125 0.3453125000000001 0.80625 0.3453125000000001
0 0.27031250000000007 0.36875 0.15312500000000004 0.36875 0.15312500000000004 0.39375 0.27031250000000007 0.39375
0 0.3078125000000001 0.36875 0.28593750000000007 0.36875 0.28593750000000007 0.384375 0.3078125000000001 0.384375
0 0.3500000000000001 0.375 0.3203125000000001 0.375 0.3203125000000001 0.384375 0.3500000000000001 0.384375
0 0.503125 0.3671875000000001 0.3734375000000001 0.3671875000000001 0.3734375000000001 0.3937500000000001 0.503125 0.3937500000000001
0 0.55625 0.3687500000000001 0.5296875 0.3687500000000001 0.5296875 0.3921875000000001 0.55625 0.3921875000000001
0 0.6359375 0.3687500000000001 0.5703125 0.3687500000000001 0.5703125 0.3921875000000001 0.6359375 0.3921875000000001
0 0.6546875 0.3812500000000001 0.65 0.3812500000000001 0.65 0.38750000000000007 0.6546875 0.38750000000000007
0 0.671875 0.3671875000000001 0.665625 0.3671875000000001 0.665625 0.37187500000000007 0.671875 0.37187500000000007
0 0.7265625 0.3671875000000001 0.6828125 0.3671875000000001 0.6828125 0.3843750000000001 0.7265625 0.3843750000000001
0 0.8171875 0.3656250000000001 0.74375 0.3656250000000001 0.74375 0.3906250000000001 0.8171875 0.3906250000000001
0 0.2296875000000001 0.41875 0.14531250000000004 0.41875 0.14531250000000004 0.4453125 0.2296875000000001 0.4453125
0 0.2953125000000001 0.41875 0.2468750000000001 0.41875 0.2468750000000001 0.4453125 0.2953125000000001 0.4453125
0 0.3859375000000001 0.41875 0.3109375000000001 0.41875 0.3109375000000001 0.44375 0.3859375000000001 0.44375
0 0.4296875 0.4171875 0.4015625 0.4171875 0.4015625 0.434375 0.4296875 0.434375
0 0.490625 0.425 0.440625 0.425 0.440625 0.434375 0.490625 0.434375
0 0.5515625 0.425 0.50625 0.425 0.50625 0.4421875 0.5515625 0.4421875
0 0.5890625 0.41875 0.5609375 0.41875 0.5609375 0.4359375 0.5890625 0.4359375
0 0.6375 0.41875 0.6015625 0.41875 0.6015625 0.4359375 0.6375 0.4359375
0 0.703125 0.41875 0.65 0.41875 0.65 0.4375 0.703125 0.4375
0 0.7390625 0.41875000000000007 0.7171875 0.41875 0.7171875 0.44218750000000007 0.7390625 0.4421875000000002
0 0.8328125 0.4187500000000002 0.7484375 0.4187500000000002 0.7484375 0.4343750000000002 0.8328125 0.4343750000000002
0 0.84375 0.4281250000000002 0.840625 0.4281250000000002 0.840625 0.42968750000000017 0.84375 0.42968750000000017
0 0.19375000000000003 0.4671875 0.14843750000000006 0.4671875 0.14843750000000006 0.484375 0.19375000000000003 0.484375
0 0.21875000000000008 0.475 0.20468750000000008 0.475 0.20468750000000008 0.484375 0.21875000000000008 0.484375
0 0.3125000000000001 0.46875 0.2312500000000001 0.46875 0.2312500000000001 0.484375 0.3125000000000001 0.484375
0 0.3265625000000001 0.48125 0.3218750000000001 0.48125 0.3218750000000001 0.4875 0.3265625000000001 0.4875
0 0.3734375000000001 0.46875 0.3343750000000001 0.46875 0.3343750000000001 0.484375 0.3734375000000001 0.484375
0 0.3859375000000001 0.4796875 0.3828125000000001 0.4796875 0.3828125000000001 0.4828125 0.3859375000000001 0.4828125
0 0.503125 0.4703125 0.4078125 0.4703125 0.4078125 0.496875 0.503125 0.496875
0 0.5171875 0.46875 0.5140625 0.46875 0.5140625 0.484375 0.5171875 0.484375
0 0.5359375 0.4625 0.528125 0.4625 0.528125 0.46875 0.5359375 0.46875
0 0.6171875 0.4703125 0.55 0.4703125 0.55 0.49375 0.6171875 0.49375
0 0.6734375 0.4734375 0.6328125 0.4734375 0.6328125 0.4859375 0.6734375 0.4859375
0 0.803125 0.4687500000000001 0.6875 0.46875 0.6875 0.4937500000000001 0.803125 0.4937500000000002
0 0.81875 0.4812500000000002 0.815625 0.4812500000000002 0.815625 0.4828125000000002 0.81875 0.4828125000000002
0 0.865625 0.4703125000000002 0.8375 0.4703125000000002 0.8375 0.48437500000000017 0.865625 0.48437500000000017
0 0.23593750000000008 0.51875 0.13906250000000003 0.51875 0.13906250000000003 0.5359375 0.23593750000000008 0.5359375
0 0.4171875 0.51875 0.2562500000000001 0.51875 0.2562500000000001 0.5453125 0.4171875 0.5453125
0 0.5015625 0.5171875 0.4421875 0.5171875 0.4421875 0.5359375 0.5015625 0.5359375
0 0.546875 0.5203125 0.5171875 0.5203125 0.5171875 0.534375 0.546875 0.534375
0 0.665625 0.5203125 0.565625 0.5203125 0.565625 0.54375 0.665625 0.54375
0 0.678125 0.5265625 0.6734375 0.5265625 0.6734375 0.540625 0.678125 0.540625
0 0.796875 0.5171875000000001 0.6890625 0.5171875 0.6890625 0.5468750000000001 0.796875 0.5468750000000002
0 0.2718750000000001 0.5703125 0.1453125000000001 0.5703125 0.1453125000000001 0.5875 0.2718750000000001 0.5875
0 0.3156250000000001 0.5703125 0.29375000000000007 0.5703125 0.29375000000000007 0.5859375 0.3156250000000001 0.5859375
0 0.38750000000000007 0.56875 0.3375000000000001 0.56875 0.3375000000000001 0.5859375 0.38750000000000007 0.5859375
0 0.4625 0.5703125 0.4078125 0.5703125 0.4078125 0.5859375 0.4625 0.5859375
0 0.4734375 0.578125 0.4640625 0.578125 0.4640625 0.5859375 0.4734375 0.5859375