0 0.2125 0.2 0.13750000000000004 0.2 0.13750000000000004 0.2265625 0.2125 0.2265625
0 0.2390625 0.209375 0.23125 0.209375 0.23125 0.2234375 0.2390625 0.2234375
0 0.3453125 0.2078125 0.2484375 0.2078125 0.2484375 0.225 0.3453125 0.225
0 0.36875 0.20781250000000004 0.3578125 0.2078125 0.3578125 0.22031250000000005 0.36875 0.22031250000000008
0 0.384375 0.2078125000000001 0.36875 0.2078125000000001 0.36875 0.2218750000000001 0.384375 0.2218750000000001
0 0.45 0.2062500000000001 0.39375 0.2062500000000001 0.39375 0.2234375000000001 0.45 0.2234375000000001
0 0.6328125 0.2062500000000001 0.4625 0.2062500000000001 0.4625 0.2296875000000001 0.6328125 0.2296875000000001
0 0.646875 0.2218750000000001 0.64375 0.2218750000000001 0.64375 0.2234375000000001 0.646875 0.2234375000000001
0 0.6625 0.2093750000000001 0.6609375 0.2093750000000001 0.6609375 0.21250000000000008 0.6625 0.21250000000000008
0 0.6828125 0.2140625000000001 0.6609375 0.2140625000000001 0.6609375 0.2250000000000001 0.6828125 0.2250000000000001
0 0.7046875 0.2093750000000001 0.6875 0.2093750000000001 0.6875 0.2234375000000001 0.7046875 0.2234375000000001
0 0.765625 0.2140625000000001 0.7171875 0.2140625000000001 0.7171875 0.23437500000000008 0.765625 0.23437500000000008
0 0.853125 0.2093750000000001 0.7765625 0.2093750000000001 0.7765625 0.2406250000000001 0.853125 0.2406250000000001
0 0.8578125 0.2218750000000001 0.8546875 0.2218750000000001 0.8546875 0.2250000000000001 0.8578125 0.2250000000000001
0 0.8640625 0.2015625000000001 0.85625 0.2015625000000001 0.85625 0.21093750000000008 0.8640625 0.21093750000000008
0 0.15000000000000005 0.25 0.14218750000000005 0.25 0.14218750000000005 0.2578125 0.15000000000000005 0.2578125
0 0.228125 0.25625 0.15468750000000003 0.25625 0.15468750000000003 0.284375 0.228125 0.284375
0 0.328125 0.259375 0.2546875 0.259375 0.2546875 0.284375 0.328125 0.284375
0 0.4421875 0.26250000000000007 0.3453125 0.2625 0.3453125 0.2828125 0.4421875 0.2828125000000001
0 0.484375 0.2578125000000001 0.45625 0.2578125000000001 0.45625 0.2750000000000001 0.484375 0.2750000000000001
0 0.6 0.2562500000000001 0.4984375 0.2562500000000001 0.4984375 0.2734375000000001 0.6 0.2734375000000001
0 0.659375 0.2531250000000001 0.621875 0.2531250000000001 0.621875 0.2765625000000001 0.659375 0.2765625000000001
0 0.7265625 0.2656250000000001 0.678125 0.2656250000000001 0.678125 0.2750000000000001 0.7265625 0.2750000000000001
0 0.7453125 0.2562500000000001 0.7359375 0.2562500000000001 0.7359375 0.26250000000000007 0.7453125 0.26250000000000007
0 0.7421875 0.2671875000000001 0.7390625 0.2671875000000001 0.7390625 0.27031250000000007 0.7421875 0.27031250000000007
0 0.771875 0.2593750000000001 0.7625 0.2593750000000001 0.7625 0.2656250000000001 0.771875 0.2656250000000001
0 0.7953125 0.2562500000000001 0.78125 0.2562500000000001 0.78125 0.2796875000000001 0.7953125 0.2796875000000001
0 0.2859375 0.296875 0.15781250000000005 0.296875 0.15781250000000005 0.325 0.2859375 0.325
0 0.2984375 0.3171875 0.2953125 0.3171875 0.2953125 0.3203125 0.2984375 0.3203125
0 0.3234375 0.3015625 0.3078125 0.3015625 0.3078125 0.3203125 0.3234375 0.3203125
0 0.4015625 0.30781250000000004 0.340625 0.3078125 0.340625 0.321875 0.4015625 0.3218750000000001
0 0.5359375 0.3046875000000001 0.4140625 0.3046875000000001 0.4140625 0.3343750000000001 0.5359375 0.3343750000000001
0 0.5421875 0.3203125000000001 0.5390625 0.3203125000000001 0.5390625 0.3218750000000001 0.5421875 0.3218750000000001
0 0.6296875 0.3078125000000001 0.553125 0.3078125000000001 0.553125 0.3343750000000001 0.6296875 0.3343750000000001
0 0.75 0.30937500000000007 0.6359375 0.30937500000000007 0.6359375 0.32500000000000007 0.75 0.32500000000000007
0 0.7703125 0.30937500000000007 0.75625 0.30937500000000007 0.75625 0.3265625000000001 0.7703125 0.3265625000000001
0 0.8515625 0.3140625000000001 0.7859375 0.3140625000000001 0.7859375 0.3265625000000001 0.8515625 0.3265625000000001
0 0.30625 0.353125 0.15937500000000004 0.353125 0.15937500000000004 0.3875 0.3062500000000001 0.3875
0 0.31718750000000007 0.3734375 0.3109375000000001 0.3734375 0.3109375000000001 0.3859375 0.31718750000000007 0.3859375
0 0.428125 0.353125 0.328125 0.353125 0.32812500000000006 0.38125000000000003 0.428125 0.3812500000000001
0 0.446875 0.35625000000000007 0.440625 0.35625000000000007 0.440625 0.3609375000000001 0.446875 0.3609375000000001
0 0.4484375 0.35625000000000007 0.4453125 0.35625000000000007 0.4453125 0.3593750000000001 0.4484375 0.3593750000000001
0 0.4765625 0.35625000000000007 0.465625 0.35625000000000007 0.465625 0.3671875000000001 0.4765625 0.3671875000000001
0 0.575 0.35625000000000007 0.4953125 0.35625000000000007 0.4953125 0.38750000000000007 0.575 0.38750000000000007
0 0.7828125 0.35625000000000007 0.6 0.35625000000000007 0.6 0.37968750000000007 0.7828125 0.37968750000000007
0 0.8828125 0.3531250000000001 0.790625 0.3531250000000001 0.790625 0.38750000000000007 0.8828125 0.38750000000000007
0 0.2640625000000001 0.4046875 0.15625000000000006 0.4046875 0.15625000000000006 0.4265625 0.2640625000000001 0.4265625
0 0.440625 0.4078125 0.2875000000000001 0.4078125 0.2875000000000001 0.428125 0.440625 0.428125
0 0.584375 0.4 0.4546875 0.4 0.4546875 0.4328125 0.584375 0.4328125
0 0.6859375 0.3984375000000001 0.6078125 0.3984375000000001 0.6078125 0.4265625 0.6859375 0.4265625
0 0.921875 0.4093750000000001 0.70625 0.409375 0.70625 0.4375000000000001 0.921875 0.43750000000000017
0 0.9296875 0.4234375000000002 0.925 0.4234375000000002 0.925 0.4281250000000002 0.9296875 0.4281250000000002
0 0.934375 0.40625000000000017 0.925 0.40625000000000017 0.925 0.4156250000000002 0.934375 0.4156250000000002
0 0.15468750000000003 0.4578125 0.14687500000000003 0.4578125 0.14687500000000003 0.4640625 0.15468750000000003 0.4640625
0 0.27031250000000007 0.4546875 0.17187500000000006 0.4546875 0.17187500000000006 0.4765625 0.27031250000000007 0.4765625
0 0.3265625000000001 0.4578125 0.2828125000000001 0.4578125 0.2828125000000001 0.475 0.3265625000000001 0.475
0 0.43125 0.4625 0.3421875000000001 0.4625 0.3421875000000001 0.475 0.43125 0.475
0 0.46875 0.465625 0.4484375 0.465625 0.4484375 0.4765625 0.46875 0.4765625
0 0.5765625 0.459375 0.490625 0.459375 0.490625 0.4875 0.5765625 0.4875
0 0.5953125 0.4546875 0.5875 0.4546875 0.5875 0.475 0.5953125 0.475
0 0.6140625 0.45625 0.60625 0.45625 0.60625 0.4609375 0.6140625 0.4609375
0 0.7203125 0.459375 0.6359375 0.459375 0.6359375 0.490625 0.7203125 0.490625
0 0.828125 0.4671875000000002 0.7421875 0.4671875000000002 0.7421875 0.4781250000000002 0.828125 0.4781250000000002
0 0.94375 0.4593750000000002 0.8484375 0.4593750000000002 0.8484375 0.48750000000000016 0.94375 0.48750000000000016
0 0.22031250000000008 0.5109375 0.17187500000000006 0.5109375 0.17187500000000006 0.5265625 0.22031250000000008 0.5265625
0 0.428125 0.50625 0.24375000000000008 0.50625 0.24375000000000008 0.5328125 0.428125 0.5328125
0 0.559375 0.5125 0.4515625 0.5125 0.4515625 0.534375 0.559375 0.534375
0 0.7234375 0.509375 0.5765625 0.509375 0.5765625 0.53125 0.7234375 0.53125
0 0.821875 0.5140625000000002 0.7515625 0.5140625000000002 0.7515625 0.5453125000000002 0.821875 0.5453125000000002
0 0.3281250000000001 0.55625 0.1593750000000001 0.55625 0.1593750000000001 0.584375 0.3281250000000001 0.584375
0 0.425 0.5609375 0.3421875000000001 0.5609375 0.3421875000000001 0.578125 0.425 0.578125
0 0.5203125 0.5609375 0.4515625 0.5609375 0.4515625 0.5765625 0.5203125 0.5765625
0 0.6625 0.5625 0.5515625 0.5625 0.5515625 0.5765625 0.6625 0.5765625
0 0.7109375 0.5546875 0.671875 0.5546875 0.671875 0.5765625 0.7109375 0.5765625
0 0.7265625 0.5734375 0.71875 0.5734375 0.71875 0.5796875000000001 0.7265625 0.5796875000000001