0 0.19218750000000004 0.19843750000000002 0.14531250000000004 0.1984375 0.14531250000000004 0.2328125 0.19218750000000004 0.2328125
0 0.2796875 0.2140625 0.2109375 0.2140625 0.2109375 0.2328125 0.2796875 0.2328125
0 0.428125 0.20312500000000006 0.2984375 0.203125 0.2984375 0.23281250000000003 0.428125 0.2328125000000001
0 0.4421875 0.2250000000000001 0.4296875 0.2250000000000001 0.4296875 0.2453125000000001 0.4421875 0.2453125000000001
0 0.5171875 0.20312500000000008 0.46875 0.20312500000000008 0.46875 0.2312500000000001 0.5171875 0.2312500000000001
0 0.6265625 0.20468750000000008 0.5390625 0.20468750000000008 0.5390625 0.2312500000000001 0.6265625 0.2312500000000001
0 0.746875 0.2078125000000001 0.6359375 0.2078125000000001 0.6359375 0.23437500000000008 0.746875 0.23437500000000008
0 0.7953125 0.2171875000000001 0.775 0.2171875000000001 0.775 0.2312500000000001 0.7953125 0.2312500000000001
0 0.3859375 0.25781250000000006 0.13125000000000003 0.2578125 0.13125000000000003 0.28593750000000007 0.3859375 0.28593750000000007
0 0.5578125 0.2718750000000001 0.4015625 0.2718750000000001 0.4015625 0.3046875000000001 0.5578125 0.3046875000000001
0 0.65625 0.2609375000000001 0.571875 0.2609375000000001 0.571875 0.2843750000000001 0.65625 0.2843750000000001
0 0.790625 0.25468750000000007 0.6578125 0.25468750000000007 0.6578125 0.28593750000000007 0.790625 0.28593750000000007
0 0.9203125 0.26250000000000007 0.803125 0.26250000000000007 0.803125 0.2875000000000001 0.9203125 0.2875000000000001
0 0.209375 0.3203125 0.12031250000000004 0.3203125 0.12031250000000004 0.3359375 0.209375 0.3359375
0 0.3484375 0.3109375 0.2296875 0.3109375 0.2296875 0.3421875 0.3484375 0.3421875
0 0.3359375 0.3140625 0.33125 0.3140625 0.33125 0.3171875 0.3359375 0.3171875
0 0.4671875 0.3125000000000001 0.3765625 0.3125000000000001 0.3765625 0.3453125000000001 0.4671875 0.3453125000000001
0 0.46875 0.33281250000000007 0.465625 0.33281250000000007 0.465625 0.3359375000000001 0.46875 0.3359375000000001
0 0.55625 0.30937500000000007 0.49375 0.30937500000000007 0.49375 0.3390625000000001 0.55625 0.3390625000000001
0 0.6875 0.30156250000000007 0.571875 0.30156250000000007 0.571875 0.3421875000000001 0.6875 0.3421875000000001
0 0.6953125 0.3312500000000001 0.6828125 0.3312500000000001 0.6828125 0.3453125000000001 0.6953125 0.3453125000000001
0 0.753125 0.3078125000000001 0.7109375 0.3078125000000001 0.7109375 0.3343750000000001 0.753125 0.3343750000000001
0 0.8890625 0.3031250000000001 0.7703125 0.3031250000000001 0.7703125 0.3468750000000001 0.8890625 0.3468750000000001
0 0.9046875 0.33281250000000007 0.89375 0.33281250000000007 0.89375 0.3421875000000001 0.9046875 0.3421875000000001
0 0.3375 0.3609375 0.14531250000000004 0.3609375 0.14531250000000004 0.4078125 0.3375000000000001 0.4078125
0 0.49375 0.3546875000000001 0.36875 0.3546875000000001 0.36875 0.3859375000000001 0.49375 0.3859375000000001
0 0.6046875 0.3546875000000001 0.5046875 0.3546875000000001 0.5046875 0.40625 0.6046875 0.40625
0 0.6796875 0.3546875000000001 0.6125 0.3546875000000001 0.6125 0.3890625000000001 0.6796875 0.3890625000000001
0 0.8078125 0.3734375000000001 0.7015625 0.3734375000000001 0.7015625 0.3890625000000001 0.8078125 0.3890625000000001
0 0.815625 0.3828125000000001 0.8078125 0.3828125000000001 0.8078125 0.3843750000000001 0.815625 0.3843750000000001
0 0.3546875000000001 0.4015625 0.12187500000000004 0.4015625 0.12187500000000004 0.4546875 0.3546875000000001 0.4546875
0 0.421875 0.4265625 0.3828125000000001 0.4265625 0.3828125000000001 0.4375 0.421875 0.4375
0 0.6265625 0.403125 0.425 0.403125 0.425 0.4375 0.6265625 0.4375
0 0.8203125 0.4046875000000001 0.640625 0.4046875 0.640625 0.43437500000000007 0.8203125 0.4343750000000002
0 0.9578125 0.40625000000000017 0.8421875 0.40625000000000017 0.8421875 0.4312500000000002 0.9578125 0.4312500000000002
0 0.21250000000000008 0.4546875 0.11562500000000005 0.4546875 0.11562500000000005 0.4890625 0.21250000000000008 0.4890625
0 0.4390625 0.4640625 0.2312500000000001 0.4640625 0.2312500000000001 0.5484375 0.4390625 0.5484375
0 0.45625 0.484375 0.440625 0.484375 0.440625 0.5015625 0.45625 0.5015625
0 0.63125 0.4640625 0.46875 0.4640625 0.46875 0.5078125 0.63125 0.5078125
0 0.7453125 0.4593750000000001 0.64375 0.459375 0.64375 0.4906250000000001 0.7453125 0.4906250000000002
0 0.83125 0.47656250000000017 0.765625 0.47656250000000017 0.765625 0.5031250000000002 0.83125 0.5031250000000002
0 0.85 0.4781250000000002 0.8421875 0.4781250000000002 0.8421875 0.49218750000000017 0.85 0.49218750000000017
0 0.13906250000000003 0.5046875 0.13437500000000005 0.5046875 0.13437500000000005 0.5171875 0.13906250000000003 0.5171875
0 0.23437500000000008 0.5046875 0.13906250000000003 0.5046875 0.13906250000000006 0.5625 0.23437500000000008 0.5625
0 0.3703125000000001 0.5140625 0.2593750000000001 0.5140625 0.2593750000000001 0.5375 0.3703125000000001 0.5375
0 0.5375 0.5140625 0.3750000000000001 0.5140625 0.3750000000000001 0.5515625 0.5375 0.5515625
0 0.6421875 0.5109375 0.5578125 0.5109375 0.5578125 0.5375 0.6421875 0.5375
0 0.703125 0.5078125 0.65 0.5078125 0.65 0.546875 0.703125 0.546875
0 0.7984375 0.5078125000000002 0.7265625 0.5078125000000002 0.7265625 0.5390625000000002 0.7984375 0.5390625000000002
0 0.828125 0.5312500000000002 0.815625 0.5312500000000002 0.815625 0.5343750000000002 0.828125 0.5343750000000002
0 0.23437500000000008 0.5734375 0.1468750000000001 0.5734375 0.1468750000000001 0.5921875 0.23437500000000008 0.5921875
0 0.36406250000000007 0.5640625 0.24218750000000008 0.5640625 0.24218750000000008 0.6109375 0.36406250000000007 0.6109375
0 0.3781250000000001 0.559375 0.3734375000000001 0.559375 0.3734375000000001 0.5671875 0.3781250000000001 0.5671875
0 0.39531250000000007 0.559375 0.3921875000000001 0.559375 0.3921875000000001 0.56875 0.39531250000000007 0.56875
0 0.4375 0.5625 0.4 0.5625 0.4 0.5859375 0.4375 0.5859375
0 0.54375 0.5640625 0.4265625 0.5640625 0.4265625 0.596875 0.54375 0.596875
0 0.590625 0.559375 0.5640625 0.559375 0.5640625 0.5890625 0.590625 0.5890625
0 0.6609375 0.578125 0.615625 0.578125 0.615625 0.5921875 0.6609375 0.5921875
0 0.865625 0.565625 0.6765625 0.565625 0.6765625 0.5953125000000001 0.865625 0.5953125000000001
0 0.8828125 0.5890625000000002 0.8671875 0.5890625000000002 0.8671875 0.5984375000000002 0.8828125 0.5984375000000002
0 0.3750000000000001 0.6140625 0.13437500000000008 0.6140625 0.13437500000000008 0.6640625 0.3750000000000001 0.6640625
0 0.5109375 0.6203125 0.4078125 0.6203125 0.4078125 0.6390625 0.5109375 0.6390625
0 0.5109375 0.634375 0.4984375 0.634375 0.4984375 0.6484375 0.5109375 0.6484375
0 0.521875 0.6171875 0.51875 0.6171875 0.51875 0.6203125 0.521875 0.6203125
0 0.6046875 0.6125 0.5328125 0.6125 0.5328125 0.6421875 0.6046875 0.6421875
0 0.7640625 0.6140625000000001 0.6171875 0.6140625 0.6171875 0.6531250000000001 0.7640625 0.6531250000000002
0 0.76875 0.6390625000000002 0.7640625 0.6390625000000002 0.7640625 0.6406250000000002 0.76875 0.6406250000000002
0 0.8 0.6187500000000001 0.79375 0.6187500000000001 0.79375 0.6250000000000002 0.8 0.6250000000000002
0 0.8296875 0.6203125000000002 0.7953125 0.6203125000000002 0.7953125 0.6406250000000002 0.8296875 0.6406250000000002
0 0.9296875 0.6203125000000002 0.821875 0.6203125000000002 0.821875 0.6515625000000002 0.9296875 0.6515625000000002
0 0.2015625000000001 0.65625 0.14062500000000008 0.65625 0.14062500000000008 0.690625 0.2015625000000001 0.690625
0 0.3750000000000001 0.665625 0.2171875000000001 0.665625 0.2171875000000001 0.6921875 0.3750000000000001 0.6921875
0 0.44375 0.6609375 0.409375 0.6609375 0.409375 0.6875 0.44375 0.6875
0 0.4625 0.6640625 0.428125 0.6640625 0.428125 0.6875 0.4625 0.6875
0 0.534375 0.6609375 0.4671875 0.6609375 0.4671875 0.690625 0.534375 0.690625
0 0.5421875 0.6890625 0.5359375 0.6890625 0.5359375 0.6921875 0.5421875 0.6921875
0 0.5625 0.6625 0.5546875 0.6625 0.5546875 0.6703125 0.5625 0.6703125