0 0.13281250000000006 0.19375 0.12656250000000005 0.19375 0.12656250000000005 0.2046875 0.13281250000000006 0.2046875
0 0.15937500000000004 0.2 0.13437500000000005 0.2 0.13437500000000005 0.2265625 0.15937500000000004 0.2265625
0 0.265625 0.19687500000000002 0.17500000000000004 0.196875 0.17500000000000004 0.2265625 0.265625 0.2265625
0 0.3890625 0.20000000000000004 0.2703125 0.2 0.2703125 0.22500000000000003 0.3890625 0.2250000000000001
0 0.48125 0.21093750000000008 0.396875 0.21093750000000008 0.396875 0.24375000000000008 0.48125 0.24375000000000008
0 0.5390625 0.19218750000000004 0.4859375 0.19218750000000004 0.4859375 0.2218750000000001 0.5390625 0.2218750000000001
0 0.728125 0.20312500000000008 0.546875 0.20312500000000008 0.546875 0.2375000000000001 0.728125 0.2375000000000001
0 0.8359375 0.2093750000000001 0.734375 0.2093750000000001 0.734375 0.2375000000000001 0.8359375 0.2375000000000001
0 0.3625 0.253125 0.12812500000000004 0.253125 0.12812500000000004 0.2921875 0.3625 0.2921875
0 0.440625 0.2468750000000001 0.3734375 0.2468750000000001 0.3734375 0.2906250000000001 0.440625 0.2906250000000001
0 0.528125 0.2468750000000001 0.4625 0.2468750000000001 0.4625 0.2750000000000001 0.528125 0.2750000000000001
0 0.74375 0.2468750000000001 0.5453125 0.2468750000000001 0.5453125 0.2750000000000001 0.74375 0.2750000000000001
0 0.7703125 0.27031250000000007 0.7671875 0.27031250000000007 0.7671875 0.2718750000000001 0.7703125 0.2718750000000001
0 0.859375 0.2468750000000001 0.734375 0.2468750000000001 0.734375 0.3218750000000001 0.859375 0.3218750000000001
0 0.2453125 0.2984375 0.13281250000000006 0.2984375 0.13281250000000006 0.3296875 0.2453125 0.3296875
0 0.446875 0.30312500000000003 0.2546875 0.303125 0.2546875 0.32812500000000006 0.446875 0.3281250000000001
0 0.5546875 0.3140625000000001 0.44375 0.3140625000000001 0.44375 0.3500000000000001 0.5546875 0.3500000000000001
0 0.73125 0.3000000000000001 0.5703125 0.3000000000000001 0.5703125 0.3265625000000001 0.73125 0.3265625000000001
0 0.840625 0.30937500000000007 0.7859375 0.30937500000000007 0.7859375 0.3234375000000001 0.840625 0.3234375000000001
0 0.27812500000000007 0.346875 0.13281250000000006 0.346875 0.13281250000000006 0.3796875 0.27812500000000007 0.3796875
0 0.38125000000000003 0.3609375 0.278125 0.3609375 0.27812500000000007 0.39843750000000006 0.3812500000000001 0.3984375000000001
0 0.5234375 0.3546875000000001 0.3984375 0.3546875000000001 0.39843750000000006 0.3781250000000001 0.5234375 0.3781250000000001
0 0.659375 0.3609375000000001 0.553125 0.3609375000000001 0.553125 0.37968750000000007 0.659375 0.37968750000000007
0 0.884375 0.3468750000000001 0.665625 0.3468750000000001 0.665625 0.3968750000000001 0.884375 0.3968750000000001
0 0.2875000000000001 0.3828125 0.14218750000000005 0.3828125 0.14218750000000005 0.428125 0.2875000000000001 0.428125
0 0.3078125000000001 0.4265625 0.2984375000000001 0.4265625 0.2984375000000001 0.4296875 0.3078125000000001 0.4296875
0 0.3468750000000001 0.3921875 0.3390625000000001 0.3921875 0.3390625000000001 0.403125 0.3468750000000001 0.403125
0 0.4265625 0.3921875 0.3421875000000001 0.3921875 0.3421875000000001 0.428125 0.4265625 0.428125
0 0.6453125 0.37968750000000007 0.440625 0.37968750000000007 0.440625 0.421875 0.6453125 0.421875
0 0.76875 0.3937500000000001 0.6546875 0.3937500000000001 0.6546875 0.42656250000000007 0.76875 0.4265625000000002
0 0.8828125 0.3921875000000001 0.7828125 0.3921875000000001 0.7828125 0.4359375000000002 0.8828125 0.4359375000000002
0 0.2218750000000001 0.440625 0.13125000000000003 0.440625 0.13125000000000003 0.478125 0.2218750000000001 0.478125
0 0.6 0.4453125 0.2390625000000001 0.4453125 0.2390625000000001 0.4953125 0.6 0.4953125
0 0.7390625 0.4406250000000001 0.609375 0.440625 0.609375 0.4875000000000001 0.7390625 0.48750000000000016
0 0.85 0.4468750000000002 0.7609375 0.4468750000000002 0.7609375 0.4781250000000002 0.85 0.4781250000000002
0 0.4421875 0.5046875 0.13750000000000004 0.5046875 0.13750000000000004 0.53125 0.4421875 0.53125
0 0.6625 0.490625 0.4625 0.490625 0.4625 0.5453125 0.6625 0.5453125
0 0.6671875 0.5171875 0.646875 0.5171875 0.646875 0.5359375 0.6671875 0.5359375
0 0.78125 0.4937500000000001 0.653125 0.49375 0.653125 0.5468750000000001 0.78125 0.5468750000000002
0 0.890625 0.5046875000000002 0.8078125 0.5046875000000002 0.8078125 0.5234375000000002 0.890625 0.5234375000000002
0 0.2156250000000001 0.55 0.12656250000000008 0.55 0.12656250000000008 0.58125 0.2156250000000001 0.58125
0 0.37968750000000007 0.5578125 0.22656250000000008 0.5578125 0.22656250000000008 0.5984375 0.37968750000000007 0.5984375
0 0.6921875 0.5515625 0.3750000000000001 0.5515625 0.3750000000000001 0.596875 0.6921875 0.596875
0 0.7953125 0.5593750000000001 0.69375 0.559375 0.69375 0.5906250000000001 0.7953125 0.5906250000000002
0 0.8 0.5734375000000002 0.78125 0.5734375000000002 0.78125 0.5875000000000001 0.8 0.5875000000000001
0 0.9078125 0.5562500000000001 0.8171875 0.5562500000000001 0.8171875 0.5796875000000001 0.9078125 0.5796875000000001
0 0.3578125000000001 0.60625 0.12031250000000009 0.60625 0.12031250000000009 0.634375 0.3578125000000001 0.634375
0 0.584375 0.5984375 0.37187500000000007 0.5984375 0.37187500000000007 0.628125 0.584375 0.628125
0 0.66875 0.6109375 0.609375 0.6109375 0.609375 0.625 0.66875 0.625
0 0.7484375 0.6031250000000001 0.69375 0.603125 0.69375 0.6265625000000001 0.7484375 0.6265625000000001
0 0.7609375 0.6296875000000002 0.7578125 0.6296875000000002 0.7578125 0.6312500000000002 0.7609375 0.6312500000000002
0 0.865625 0.6000000000000002 0.7828125 0.6000000000000002 0.7828125 0.6265625000000001 0.865625 0.6265625000000001
0 0.8921875 0.6203125000000002 0.8765625 0.6203125000000002 0.8765625 0.6375000000000002 0.8921875 0.6375000000000002
0 0.2468750000000001 0.65 0.13281250000000008 0.65 0.13281250000000008 0.68125 0.2468750000000001 0.68125
0 0.2906250000000001 0.6703125 0.2671875000000001 0.6703125 0.2671875000000001 0.684375 0.2906250000000001 0.684375
0 0.4875 0.6515625 0.2921875000000001 0.6515625 0.2921875000000001 0.7015625 0.4875 0.7015625
0 0.5859375 0.6484375 0.50625 0.6484375 0.50625 0.6796875 0.5859375 0.6796875
0 0.7375 0.6453125000000001 0.609375 0.6453125 0.609375 0.6781250000000001 0.7375 0.6781250000000002
0 0.8 0.6687500000000002 0.7640625 0.6687500000000002 0.7640625 0.6812500000000001 0.8 0.6812500000000001
0 0.9234375 0.6562500000000002 0.815625 0.6562500000000002 0.815625 0.6781250000000002 0.9234375 0.6781250000000002
0 0.9375 0.6781250000000002 0.9234375 0.6781250000000002 0.9234375 0.6890625000000001 0.9375 0.6890625000000001
0 0.18906250000000008 0.6984375 0.1359375000000001 0.6984375 0.1359375000000001 0.734375 0.18906250000000008 0.734375
0 0.2968750000000001 0.7046875 0.2171875000000001 0.7046875 0.2171875000000001 0.7328125 0.2968750000000001 0.7328125
0 0.4078125000000001 0.70625 0.3265625000000001 0.70625 0.3265625000000001 0.75 0.4078125000000002 0.75
0 0.4921875000000001 0.7046875 0.4328125 0.7046875 0.4328125000000001 0.73125 0.49218750000000017 0.73125
0 0.7078125000000001 0.696875 0.5125 0.696875 0.5125000000000001 0.7359375 0.7078125000000002 0.7359375
0 0.8671875 0.6984375000000002 0.7265625 0.6984375000000002 0.7265625000000001 0.7265625000000002 0.8671875 0.7265625000000002