0 0.17812500000000003 0.209375 0.13906250000000003 0.209375 0.13906250000000003 0.225 0.17812500000000003 0.225
0 0.2828125 0.2046875 0.19375000000000003 0.2046875 0.19375000000000003 0.2421875 0.2828125 0.2421875
0 0.3296875 0.2046875 0.3046875 0.2046875 0.3046875 0.234375 0.3296875 0.234375
0 0.440625 0.20156250000000003 0.3515625 0.2015625 0.3515625 0.22656250000000006 0.440625 0.22656250000000008
0 0.5703125 0.20468750000000008 0.478125 0.20468750000000008 0.478125 0.22656250000000008 0.5703125 0.22656250000000008
0 0.6203125 0.21250000000000008 0.5890625 0.21250000000000008 0.5890625 0.22656250000000008 0.6203125 0.22656250000000008
0 0.628125 0.22656250000000008 0.621875 0.22656250000000008 0.621875 0.23437500000000008 0.628125 0.23437500000000008
0 0.6796875 0.2062500000000001 0.64375 0.2062500000000001 0.64375 0.22656250000000008 0.6796875 0.22656250000000008
0 0.759375 0.2156250000000001 0.7 0.2156250000000001 0.7 0.22812500000000008 0.759375 0.22812500000000008
0 0.8078125 0.2078125000000001 0.7765625 0.2078125000000001 0.7765625 0.23593750000000008 0.8078125 0.23593750000000008
0 0.18750000000000006 0.2515625 0.14062500000000006 0.2515625 0.14062500000000006 0.2765625 0.18750000000000006 0.2765625
0 0.346875 0.2578125 0.2109375 0.2578125 0.2109375 0.290625 0.346875 0.290625
0 0.3609375 0.2765625 0.3578125 0.2765625 0.3578125 0.278125 0.3609375 0.278125
0 0.4109375 0.2562500000000001 0.375 0.2562500000000001 0.375 0.2765625000000001 0.4109375 0.2765625000000001
0 0.5140625 0.2562500000000001 0.428125 0.2562500000000001 0.428125 0.2843750000000001 0.5140625 0.2843750000000001
0 0.640625 0.2609375000000001 0.5390625 0.2609375000000001 0.5390625 0.2812500000000001 0.640625 0.2812500000000001
0 0.746875 0.26250000000000007 0.6703125 0.26250000000000007 0.6703125 0.2796875000000001 0.746875 0.2796875000000001
0 0.8 0.2578125000000001 0.765625 0.2578125000000001 0.765625 0.27812500000000007 0.8 0.27812500000000007
0 0.84375 0.2671875000000001 0.8171875 0.2671875000000001 0.8171875 0.2765625000000001 0.84375 0.2765625000000001
0 0.15468750000000003 0.30625 0.12656250000000005 0.30625 0.12656250000000005 0.3234375 0.15468750000000003 0.3234375
0 0.221875 0.309375 0.16875000000000004 0.309375 0.16875000000000004 0.3265625 0.221875 0.3265625
0 0.2328125 0.3234375 0.225 0.3234375 0.225 0.3328125 0.2328125 0.3328125
0 0.246875 0.30625 0.240625 0.30625 0.240625 0.3125 0.246875 0.3125
0 0.26875 0.309375 0.2609375 0.309375 0.2609375 0.325 0.26875 0.325
0 0.3078125 0.3140625 0.275 0.3140625 0.275 0.328125 0.3078125 0.328125
0 0.3609375 0.3125 0.3265625 0.3125 0.3265625 0.3296875 0.3609375 0.3296875
0 0.4671875 0.3078125000000001 0.3796875 0.3078125000000001 0.3796875 0.34062500000000007 0.4671875 0.34062500000000007
0 0.525 0.3078125000000001 0.4953125 0.3078125000000001 0.4953125 0.3375000000000001 0.525 0.3375000000000001
0 0.553125 0.3187500000000001 0.5390625 0.3187500000000001 0.5390625 0.3281250000000001 0.553125 0.3281250000000001
0 0.6828125 0.3109375000000001 0.58125 0.3109375000000001 0.58125 0.3296875000000001 0.6828125 0.3296875000000001
0 0.690625 0.3265625000000001 0.6875 0.3265625000000001 0.6875 0.3296875000000001 0.690625 0.3296875000000001
0 0.7546875 0.3078125000000001 0.7125 0.3078125000000001 0.7125 0.3281250000000001 0.7546875 0.3281250000000001
0 0.775 0.3125000000000001 0.765625 0.3125000000000001 0.765625 0.3343750000000001 0.775 0.3343750000000001
0 0.23593750000000008 0.3671875 0.13437500000000005 0.3671875 0.13437500000000005 0.3875 0.23593750000000008 0.3875
0 0.3000000000000001 0.3703125 0.27031250000000007 0.3703125 0.27031250000000007 0.378125 0.3000000000000001 0.378125
0 0.38593750000000004 0.35625000000000007 0.3265625 0.35625 0.32656250000000003 0.37812500000000004 0.3859375000000001 0.3781250000000001
0 0.4359375 0.3609375000000001 0.409375 0.3609375000000001 0.409375 0.3765625000000001 0.4359375 0.3765625000000001
0 0.546875 0.3578125000000001 0.4609375 0.3578125000000001 0.4609375 0.3781250000000001 0.546875 0.3781250000000001
0 0.590625 0.3578125000000001 0.571875 0.3578125000000001 0.571875 0.3765625000000001 0.590625 0.3765625000000001
0 0.6703125 0.3578125000000001 0.615625 0.3578125000000001 0.615625 0.3781250000000001 0.6703125 0.3781250000000001
0 0.746875 0.3671875000000001 0.70625 0.3671875000000001 0.70625 0.3781250000000001 0.746875 0.3781250000000001
0 0.7953125 0.3703125000000001 0.76875 0.3703125000000001 0.76875 0.37968750000000007 0.7953125 0.37968750000000007
0 0.840625 0.3609375000000001 0.80625 0.3609375000000001 0.80625 0.3812500000000001 0.840625 0.3812500000000001
0 0.16562500000000005 0.4078125 0.14218750000000005 0.4078125 0.14218750000000005 0.434375 0.16562500000000005 0.434375
0 0.22812500000000008 0.41875 0.19218750000000004 0.41875 0.19218750000000004 0.4296875 0.22812500000000008 0.4296875
0 0.3281250000000001 0.4078125 0.2500000000000001 0.4078125 0.2500000000000001 0.4359375 0.3281250000000001 0.4359375
0 0.3828125000000001 0.4078125 0.3546875000000001 0.4078125 0.3546875000000001 0.4296875 0.3828125000000001 0.4296875
0 0.440625 0.4078125 0.4046875 0.4078125 0.4046875 0.4296875 0.440625 0.4296875
0 0.575 0.4203125 0.475 0.4203125 0.475 0.4421875 0.575 0.4421875
0 0.590625 0.428125 0.5875 0.428125 0.5875 0.4296875 0.590625 0.4296875
0 0.60625 0.409375 0.6 0.409375 0.6 0.415625 0.60625 0.415625