0 0.17656250000000004 0.2 0.14843750000000006 0.2 0.14843750000000006 0.2234375 0.17656250000000004 0.2234375
0 0.2484375 0.20625 0.19062500000000004 0.20625 0.19062500000000004 0.2234375 0.2484375 0.2234375
0 0.3109375 0.20625 0.2703125 0.20625 0.2703125 0.225 0.3109375 0.225
0 0.3859375 0.20468750000000005 0.334375 0.2046875 0.334375 0.23125000000000004 0.3859375 0.2312500000000001
0 0.459375 0.2062500000000001 0.4015625 0.2062500000000001 0.4015625 0.2234375000000001 0.459375 0.2234375000000001
0 0.53125 0.21093750000000008 0.4765625 0.21093750000000008 0.4765625 0.22812500000000008 0.53125 0.22812500000000008
0 0.59375 0.2062500000000001 0.546875 0.2062500000000001 0.546875 0.22656250000000008 0.59375 0.22656250000000008
0 0.6515625 0.2093750000000001 0.6078125 0.2093750000000001 0.6078125 0.22031250000000008 0.6515625 0.22031250000000008
0 0.74375 0.20468750000000008 0.6671875 0.20468750000000008 0.6671875 0.2296875000000001 0.74375 0.2296875000000001
0 0.7765625 0.2093750000000001 0.7546875 0.2093750000000001 0.7546875 0.2218750000000001 0.7765625 0.2218750000000001
0 0.825 0.2093750000000001 0.784375 0.2093750000000001 0.784375 0.2250000000000001 0.825 0.2250000000000001
0 0.2375 0.2578125 0.15000000000000005 0.2578125 0.15000000000000005 0.2796875 0.2375 0.2796875
0 0.2703125 0.253125 0.2515625 0.253125 0.2515625 0.2796875 0.2703125 0.2796875
0 0.378125 0.2515625 0.2875 0.2515625 0.2875 0.27187500000000003 0.378125 0.2718750000000001
0 0.40625 0.2578125000000001 0.390625 0.2578125000000001 0.390625 0.2718750000000001 0.40625 0.2718750000000001
0 0.50625 0.2578125000000001 0.421875 0.2578125000000001 0.421875 0.2750000000000001 0.50625 0.2750000000000001
0 0.5921875 0.25468750000000007 0.5265625 0.25468750000000007 0.5265625 0.2734375000000001 0.5921875 0.2734375000000001
0 0.6421875 0.2593750000000001 0.603125 0.2593750000000001 0.603125 0.2718750000000001 0.6421875 0.2718750000000001
0 0.709375 0.2578125000000001 0.6515625 0.2578125000000001 0.6515625 0.27812500000000007 0.709375 0.27812500000000007
0 0.8015625 0.2578125000000001 0.7234375 0.2578125000000001 0.7234375 0.2734375000000001 0.8015625 0.2734375000000001
0 0.85 0.25468750000000007 0.8140625 0.25468750000000007 0.8140625 0.2750000000000001 0.85 0.2750000000000001
0 0.18281250000000004 0.3046875 0.15937500000000004 0.3046875 0.15937500000000004 0.321875 0.18281250000000004 0.321875
0 0.25 0.3046875 0.19531250000000006 0.3046875 0.19531250000000006 0.3234375 0.25 0.3234375
0 0.328125 0.30625 0.2765625 0.30625 0.2765625 0.3265625 0.328125 0.3265625
0 0.3625 0.315625 0.3390625 0.315625 0.3390625 0.3234375 0.3625 0.3234375
0 0.421875 0.3062500000000001 0.38125 0.3062500000000001 0.38125 0.3234375000000001 0.421875 0.3234375000000001
0 0.484375 0.30937500000000007 0.4390625 0.30937500000000007 0.4390625 0.3218750000000001 0.484375 0.3218750000000001
0 0.6109375 0.3078125000000001 0.5046875 0.3078125000000001 0.5046875 0.3296875000000001 0.6109375 0.3296875000000001
0 0.715625 0.3078125000000001 0.625 0.3078125000000001 0.625 0.3312500000000001 0.715625 0.3312500000000001
0 0.721875 0.3234375000000001 0.7171875 0.3234375000000001 0.7171875 0.3312500000000001 0.721875 0.3312500000000001
0 0.778125 0.3078125000000001 0.7375 0.3078125000000001 0.7375 0.3265625000000001 0.778125 0.3265625000000001
0 0.840625 0.30937500000000007 0.79375 0.30937500000000007 0.79375 0.3234375000000001 0.840625 0.3234375000000001
0 0.26562500000000006 0.3578125 0.16093750000000004 0.3578125 0.16093750000000004 0.3828125 0.2656250000000001 0.3828125
0 0.41875 0.35937500000000006 0.2875 0.359375 0.28750000000000003 0.37968750000000007 0.41875 0.37968750000000007
0 0.490625 0.3578125000000001 0.44375 0.3578125000000001 0.44375 0.3765625000000001 0.490625 0.3765625000000001
0 0.5421875 0.3578125000000001 0.5046875 0.3578125000000001 0.5046875 0.3734375000000001 0.5421875 0.3734375000000001
0 0.6359375 0.35625000000000007 0.5578125 0.35625000000000007 0.5578125 0.3765625000000001 0.6359375 0.3765625000000001
0 0.6859375 0.35625000000000007 0.65 0.35625000000000007 0.65 0.3750000000000001 0.6859375 0.3750000000000001
0 0.8171875 0.3578125000000001 0.7046875 0.3578125000000001 0.7046875 0.3843750000000001 0.8171875 0.3843750000000001
0 0.8796875 0.36406250000000007 0.8359375 0.36406250000000007 0.8359375 0.3812500000000001 0.8796875 0.3812500000000001
0 0.2171875000000001 0.4125 0.17031250000000003 0.4125 0.17031250000000003 0.4265625 0.2171875000000001 0.4265625
0 0.30937500000000007 0.409375 0.2375000000000001 0.409375 0.2375000000000001 0.4234375 0.30937500000000007 0.4234375
0 0.3156250000000001 0.4234375 0.3109375000000001 0.4234375 0.3109375000000001 0.4296875 0.3156250000000001 0.4296875
0 0.4234375 0.4109375 0.3390625000000001 0.4109375 0.3390625000000001 0.4234375 0.4234375 0.4234375
0 0.4859375 0.4125 0.446875 0.4125 0.446875 0.4234375 0.4859375 0.4234375
0 0.5703125 0.4109375 0.4984375 0.4109375 0.4984375 0.428125 0.5703125 0.428125
0 0.621875 0.4078125 0.5890625 0.4078125 0.5890625 0.43125 0.621875 0.43125
0 0.678125 0.409375 0.6375 0.409375 0.6375 0.425 0.678125 0.425
0 0.7921875 0.4093750000000001 0.696875 0.409375 0.696875 0.4328125000000001 0.7921875 0.43281250000000016
0 0.796875 0.42187500000000017 0.79375 0.42187500000000017 0.79375 0.4234375000000002 0.796875 0.4234375000000002
0 0.8578125 0.40937500000000016 0.8203125 0.40937500000000016 0.8203125 0.4265625000000002 0.8578125 0.4265625000000002
0 0.2562500000000001 0.4640625 0.18906250000000005 0.4640625 0.18906250000000005 0.4828125 0.2562500000000001 0.4828125
0 0.3343750000000001 0.4578125 0.2765625000000001 0.4578125 0.2765625000000001 0.4734375 0.3343750000000001 0.4734375
0 0.3421875000000001 0.471875 0.3359375000000001 0.471875 0.3359375000000001 0.48125 0.3421875000000001 0.48125
0 0.409375 0.4625 0.36406250000000007 0.4625 0.36406250000000007 0.4734375 0.409375 0.4734375
0 0.4734375 0.4546875 0.421875 0.4546875 0.421875 0.484375 0.4734375 0.484375
0 0.5328125 0.4609375 0.490625 0.4609375 0.490625 0.471875 0.5328125 0.471875
0 0.61875 0.4578125 0.5515625 0.4578125 0.5515625 0.4765625 0.61875 0.4765625
0 0.7203125 0.459375 0.640625 0.459375 0.640625 0.4765625 0.7203125 0.4765625
0 0.7890625 0.46875000000000017 0.7359375 0.46875000000000017 0.7359375 0.48437500000000017 0.7890625 0.48437500000000017
0 0.8 0.4781250000000002 0.796875 0.4781250000000002 0.796875 0.4781250000000002 0.8 0.4781250000000002