0 0.18906250000000005 0.2078125 0.15468750000000003 0.2078125 0.15468750000000003 0.225 0.18906250000000005 0.225
0 0.3203125 0.2078125 0.2171875 0.2078125 0.2171875 0.225 0.3203125 0.225
0 0.38125 0.20937500000000003 0.3375 0.209375 0.3375 0.22656250000000006 0.38125 0.22656250000000008
0 0.48125 0.2078125000000001 0.4046875 0.2078125000000001 0.4046875 0.22812500000000008 0.48125 0.22812500000000008
0 0.496875 0.22656250000000008 0.4875 0.22656250000000008 0.4875 0.23593750000000008 0.496875 0.23593750000000008
0 0.58125 0.2171875000000001 0.515625 0.2171875000000001 0.515625 0.2375000000000001 0.58125 0.2375000000000001
0 0.6375 0.21093750000000008 0.6140625 0.21093750000000008 0.6140625 0.22812500000000008 0.6375 0.22812500000000008
0 0.753125 0.21093750000000008 0.653125 0.21093750000000008 0.653125 0.22656250000000008 0.753125 0.22656250000000008
0 0.809375 0.21250000000000008 0.76875 0.21250000000000008 0.76875 0.22812500000000008 0.809375 0.22812500000000008
0 0.3 0.259375 0.14218750000000005 0.259375 0.14218750000000005 0.2890625 0.3 0.2890625
0 0.371875 0.2671875 0.31875 0.2671875 0.31875 0.28906250000000006 0.371875 0.2890625000000001
0 0.4421875 0.26250000000000007 0.4015625 0.26250000000000007 0.4015625 0.2796875000000001 0.4421875 0.2796875000000001
0 0.6734375 0.2609375000000001 0.465625 0.2609375000000001 0.465625 0.2796875000000001 0.6734375 0.2796875000000001
0 0.74375 0.2640625000000001 0.690625 0.2640625000000001 0.690625 0.2796875000000001 0.74375 0.2796875000000001
0 0.8125 0.2640625000000001 0.7609375 0.2640625000000001 0.7609375 0.2812500000000001 0.8125 0.2812500000000001
0 0.16718750000000004 0.3109375 0.14375000000000004 0.3109375 0.14375000000000004 0.328125 0.16718750000000004 0.328125
0 0.271875 0.315625 0.18750000000000006 0.315625 0.18750000000000006 0.3390625 0.271875 0.3390625
0 0.39375 0.31250000000000006 0.29375 0.3125 0.29375 0.34218750000000003 0.39375 0.3421875000000001
0 0.453125 0.3140625000000001 0.4171875 0.3140625000000001 0.4171875 0.3296875000000001 0.453125 0.3296875000000001
0 0.5546875 0.30937500000000007 0.4765625 0.30937500000000007 0.4765625 0.3296875000000001 0.5546875 0.3296875000000001
0 0.6515625 0.3203125000000001 0.5765625 0.3203125000000001 0.5765625 0.3312500000000001 0.6515625 0.3312500000000001
0 0.6765625 0.3265625000000001 0.6609375 0.3265625000000001 0.6609375 0.34062500000000007 0.6765625 0.34062500000000007
0 0.75 0.3125000000000001 0.696875 0.3125000000000001 0.696875 0.3281250000000001 0.75 0.3281250000000001
0 0.846875 0.3109375000000001 0.76875 0.3109375000000001 0.76875 0.34062500000000007 0.846875 0.34062500000000007
0 0.8359375 0.3140625000000001 0.834375 0.3140625000000001 0.834375 0.3156250000000001 0.8359375 0.3156250000000001
0 0.18437500000000004 0.3578125 0.14218750000000005 0.3578125 0.14218750000000005 0.3796875 0.18437500000000004 0.3796875
0 0.24375000000000005 0.3609375 0.20625 0.3609375 0.20625000000000004 0.378125 0.24375000000000008 0.378125
0 0.32812500000000006 0.3625 0.265625 0.3625 0.26562500000000006 0.3890625 0.3281250000000001 0.3890625
0 0.3437500000000001 0.375 0.34062500000000007 0.375 0.34062500000000007 0.3765625 0.3437500000000001 0.3765625
0 0.409375 0.3593750000000001 0.378125 0.3593750000000001 0.37812500000000004 0.3781250000000001 0.409375 0.3781250000000001
0 0.5453125 0.3609375000000001 0.4328125 0.3609375000000001 0.4328125 0.37968750000000007 0.5453125 0.37968750000000007
0 0.6109375 0.3609375000000001 0.5640625 0.3609375000000001 0.5640625 0.37968750000000007 0.6109375 0.37968750000000007
0 0.7203125 0.3609375000000001 0.6375 0.3609375000000001 0.6375 0.3781250000000001 0.7203125 0.3781250000000001
0 0.8078125 0.3625000000000001 0.746875 0.3625000000000001 0.746875 0.37968750000000007 0.8078125 0.37968750000000007
0 0.2578125000000001 0.4109375 0.13281250000000006 0.4109375 0.13281250000000006 0.446875 0.2578125000000001 0.446875
0 0.3234375000000001 0.4109375 0.2796875000000001 0.4109375 0.2796875000000001 0.4375 0.3234375000000001 0.4375
0 0.3734375000000001 0.4140625 0.3421875000000001 0.4140625 0.3421875000000001 0.43125 0.3734375000000001 0.43125
0 0.496875 0.4140625 0.3937500000000001 0.4140625 0.3937500000000001 0.43125 0.496875 0.43125
0 0.5984375 0.4125 0.5265625 0.4125 0.5265625 0.4359375 0.5984375 0.4359375
0 0.728125 0.4125000000000001 0.6265625 0.4125 0.6265625 0.4437500000000001 0.728125 0.4437500000000002
0 0.8046875 0.4125000000000002 0.7625 0.4125000000000002 0.7625 0.42968750000000017 0.8046875 0.42968750000000017
0 0.2562500000000001 0.4609375 0.14218750000000005 0.4609375 0.14218750000000005 0.4875 0.2562500000000001 0.4875
0 0.31718750000000007 0.4609375 0.2812500000000001 0.4609375 0.2812500000000001 0.4796875 0.31718750000000007 0.4796875
0 0.36406250000000007 0.4609375 0.3281250000000001 0.4609375 0.3281250000000001 0.478125 0.36406250000000007 0.478125
0 0.590625 0.4625 0.3906250000000001 0.4625 0.3906250000000001 0.48125 0.590625 0.48125
0 0.6734375 0.4625 0.615625 0.4625 0.615625 0.4796875 0.6734375 0.4796875
0 0.7265625 0.4609375000000001 0.6890625 0.4609375 0.6890625 0.4796875000000001 0.7265625 0.47968750000000016
0 0.8015625 0.4625000000000002 0.740625 0.4625000000000002 0.740625 0.4859375000000002 0.8015625 0.4859375000000002
0 0.2578125000000001 0.509375 0.14218750000000005 0.509375 0.14218750000000005 0.5296875 0.2578125000000001 0.5296875
0 0.3234375000000001 0.5125 0.2890625000000001 0.5125 0.2890625000000001 0.540625 0.3234375000000001 0.540625
0 0.43125 0.5109375 0.33281250000000007 0.5109375 0.33281250000000007 0.5421875 0.43125 0.5421875
0 0.5015625 0.5140625 0.4671875 0.5140625 0.4671875 0.5296875 0.5015625 0.5296875
0 0.6296875 0.5109375 0.528125 0.5109375 0.528125 0.5375 0.6296875 0.5375
0 0.728125 0.5125000000000001 0.6453125 0.5125 0.6453125 0.5328125000000001 0.728125 0.5328125000000001
0 0.2609375000000001 0.559375 0.1437500000000001 0.559375 0.1437500000000001 0.590625 0.2609375000000001 0.590625
0 0.3687500000000001 0.5640625 0.3140625000000001 0.5640625 0.3140625000000001 0.5828125 0.3687500000000001 0.5828125
0 0.525 0.5625 0.39531250000000007 0.5625 0.39531250000000007 0.5953125 0.525 0.5953125
0 0.5421875 0.578125 0.5390625 0.578125 0.5390625 0.5796875 0.5421875 0.5796875