0 0.2140625 0.2046875 0.15156250000000004 0.2046875 0.15156250000000004 0.2234375 0.2140625 0.2234375
0 0.2328125 0.2015625 0.215625 0.2015625 0.215625 0.225 0.2328125 0.225
0 0.34375 0.2078125 0.2546875 0.2078125 0.2546875 0.2265625 0.34375 0.2265625
0 0.4015625 0.20781250000000004 0.359375 0.2078125 0.359375 0.22500000000000003 0.4015625 0.2250000000000001
0 0.4859375 0.2062500000000001 0.415625 0.2062500000000001 0.415625 0.22812500000000008 0.4859375 0.22812500000000008
0 0.490625 0.2218750000000001 0.4828125 0.2218750000000001 0.4828125 0.2296875000000001 0.490625 0.2296875000000001
0 0.5578125 0.2078125000000001 0.503125 0.2078125000000001 0.503125 0.2250000000000001 0.5578125 0.2250000000000001
0 0.5921875 0.2062500000000001 0.5703125 0.2062500000000001 0.5703125 0.2234375000000001 0.5921875 0.2234375000000001
0 0.6203125 0.20468750000000008 0.6046875 0.20468750000000008 0.6046875 0.2250000000000001 0.6203125 0.2250000000000001
0 0.6359375 0.20312500000000008 0.6265625 0.20312500000000008 0.6265625 0.21093750000000008 0.6359375 0.21093750000000008
0 0.6546875 0.20312500000000008 0.64375 0.20312500000000008 0.64375 0.21093750000000008 0.6546875 0.21093750000000008
0 0.6890625 0.2062500000000001 0.65625 0.2062500000000001 0.65625 0.2234375000000001 0.6890625 0.2234375000000001
0 0.6984375 0.22031250000000008 0.690625 0.22031250000000008 0.690625 0.22812500000000008 0.6984375 0.22812500000000008
0 0.759375 0.2078125000000001 0.709375 0.2078125000000001 0.709375 0.2250000000000001 0.759375 0.2250000000000001
0 0.7828125 0.21093750000000008 0.7765625 0.21093750000000008 0.7765625 0.2218750000000001 0.7828125 0.2218750000000001
0 0.8734375 0.2140625000000001 0.796875 0.2140625000000001 0.796875 0.2250000000000001 0.8734375 0.2250000000000001
0 0.8859375 0.2156250000000001 0.878125 0.2156250000000001 0.878125 0.21875000000000008 0.8859375 0.21875000000000008
0 0.9078125 0.2015625000000001 0.896875 0.2015625000000001 0.896875 0.2078125000000001 0.9078125 0.2078125000000001
0 0.15312500000000004 0.25625 0.14375000000000004 0.25625 0.14375000000000004 0.2640625 0.15312500000000004 0.2640625
0 0.17500000000000004 0.25625 0.15625000000000006 0.25625 0.15625000000000006 0.2734375 0.17500000000000004 0.2734375
0 0.2609375 0.2609375 0.19062500000000004 0.2609375 0.19062500000000004 0.2765625 0.2609375 0.2765625
0 0.346875 0.259375 0.2765625 0.259375 0.2765625 0.2765625 0.346875 0.2765625
0 0.40625 0.2671875 0.35 0.2671875 0.35 0.29375000000000007 0.40625 0.29375000000000007
0 0.5078125 0.2656250000000001 0.425 0.2656250000000001 0.425 0.2765625000000001 0.5078125 0.2765625000000001
0 0.51875 0.2718750000000001 0.5140625 0.2718750000000001 0.5140625 0.2750000000000001 0.51875 0.2750000000000001
0 0.58125 0.2578125000000001 0.5359375 0.2578125000000001 0.5359375 0.2765625000000001 0.58125 0.2765625000000001
0 0.659375 0.2671875000000001 0.6 0.2671875000000001 0.6 0.29375000000000007 0.659375 0.29375000000000007
0 0.74375 0.2562500000000001 0.684375 0.2562500000000001 0.684375 0.2750000000000001 0.74375 0.2750000000000001
0 0.8125 0.2640625000000001 0.75625 0.2640625000000001 0.75625 0.2812500000000001 0.8125 0.2812500000000001
0 0.821875 0.26250000000000007 0.8203125 0.26250000000000007 0.8203125 0.2640625000000001 0.821875 0.2640625000000001
0 0.884375 0.2609375000000001 0.8296875 0.2609375000000001 0.8296875 0.2765625000000001 0.884375 0.2765625000000001
0 0.234375 0.309375 0.13750000000000004 0.309375 0.13750000000000004 0.34375 0.234375 0.34375
0 0.24375 0.325 0.240625 0.325 0.240625 0.3265625 0.24375 0.3265625
0 0.2796875 0.309375 0.259375 0.309375 0.259375 0.325 0.2796875 0.325
0 0.36875 0.31093750000000003 0.290625 0.3109375 0.290625 0.32656250000000003 0.36875 0.3265625000000001
0 0.378125 0.3234375000000001 0.371875 0.3234375000000001 0.371875 0.3312500000000001 0.378125 0.3312500000000001
0 0.5109375 0.3109375000000001 0.3953125 0.3109375000000001 0.3953125 0.3312500000000001 0.5109375 0.3312500000000001
0 0.5671875 0.30937500000000007 0.534375 0.30937500000000007 0.534375 0.32500000000000007 0.5671875 0.32500000000000007
0 0.6 0.3109375000000001 0.56875 0.3109375000000001 0.56875 0.3265625000000001 0.6 0.3265625000000001
0 0.659375 0.31718750000000007 0.60625 0.31718750000000007 0.60625 0.34062500000000007 0.659375 0.34062500000000007
0 0.76875 0.30937500000000007 0.6734375 0.30937500000000007 0.6734375 0.3421875000000001 0.76875 0.3421875000000001
0 0.85 0.30937500000000007 0.7859375 0.30937500000000007 0.7859375 0.3281250000000001 0.85 0.3281250000000001
0 0.16250000000000003 0.359375 0.13750000000000004 0.359375 0.13750000000000004 0.375 0.16250000000000003 0.375
0 0.2671875 0.3625 0.17812500000000003 0.3625 0.17812500000000003 0.378125 0.2671875000000001 0.378125
0 0.35625000000000007 0.365625 0.2875000000000001 0.365625 0.2875000000000001 0.390625 0.35625000000000007 0.390625
0 0.459375 0.3609375000000001 0.3796875 0.3609375000000001 0.37968750000000007 0.3765625000000001 0.459375 0.3765625000000001
0 0.56875 0.3593750000000001 0.478125 0.3593750000000001 0.478125 0.3765625000000001 0.56875 0.3765625000000001
0 0.596875 0.3687500000000001 0.5828125 0.3687500000000001 0.5828125 0.3703125000000001 0.596875 0.3703125000000001
0 0.640625 0.3656250000000001 0.609375 0.3656250000000001 0.609375 0.3765625000000001 0.640625 0.3765625000000001
0 0.6578125 0.3703125000000001 0.640625 0.3703125000000001 0.640625 0.37187500000000007 0.6578125 0.37187500000000007
0 0.725 0.3593750000000001 0.675 0.3593750000000001 0.675 0.3765625000000001 0.725 0.3765625000000001
0 0.8 0.3609375000000001 0.74375 0.3609375000000001 0.74375 0.3906250000000001 0.8 0.3906250000000001
0 0.85 0.3593750000000001 0.8203125 0.3593750000000001 0.8203125 0.3781250000000001 0.85 0.3781250000000001
0 0.2562500000000001 0.4140625 0.13750000000000004 0.4140625 0.13750000000000004 0.446875 0.2562500000000001 0.446875
0 0.3390625000000001 0.41875 0.2812500000000001 0.41875 0.2812500000000001 0.4421875 0.3390625000000001 0.4421875
0 0.4703125 0.4109375 0.3625000000000001 0.4109375 0.3625000000000001 0.4296875 0.4703125 0.4296875
0 0.5140625 0.4125 0.4859375 0.4125 0.4859375 0.4265625 0.5140625 0.4265625
0 0.678125 0.4125 0.5375 0.4125 0.5375 0.4328125 0.678125 0.4328125
0 0.6875 0.425 0.684375 0.425 0.684375 0.428125 0.6875 0.428125
0 0.70625 0.4078125 0.6984375 0.4078125 0.6984375 0.415625 0.70625 0.415625
0 0.75625 0.4125000000000001 0.7109375 0.4125 0.7109375 0.4296875000000001 0.75625 0.42968750000000017
0 0.865625 0.4125000000000002 0.7703125 0.4125000000000002 0.7703125 0.42968750000000017 0.865625 0.42968750000000017
0 0.21093750000000008 0.4609375 0.13906250000000003 0.4609375 0.13906250000000003 0.478125 0.21093750000000008 0.478125
0 0.21875000000000008 0.4734375 0.2156250000000001 0.4734375 0.2156250000000001 0.4765625 0.21875000000000008 0.4765625
0 0.3000000000000001 0.4609375 0.2453125000000001 0.4609375 0.2453125000000001 0.478125 0.3000000000000001 0.478125
0 0.39531250000000007 0.459375 0.3265625000000001 0.459375 0.3265625000000001 0.4796875 0.39531250000000007 0.4796875
0 0.4875 0.4671875 0.41875 0.4671875 0.41875 0.478125 0.4875 0.478125
0 0.5828125 0.4609375 0.515625 0.4609375 0.515625 0.48125 0.5828125 0.48125
0 0.646875 0.4625 0.6046875 0.4625 0.6046875 0.4796875 0.646875 0.4796875
0 0.8625 0.4593750000000001 0.6640625 0.459375 0.6640625 0.4781250000000001 0.8625 0.4781250000000002
0 0.14375000000000004 0.509375 0.13593750000000004 0.509375 0.13593750000000004 0.528125 0.14375000000000004 0.528125
0 0.2484375000000001 0.5109375 0.15000000000000005 0.5109375 0.15000000000000005 0.534375 0.2484375000000001 0.534375
0 0.4484375 0.5109375 0.2640625000000001 0.5109375 0.2640625000000001 0.546875 0.4484375 0.546875
0 0.4609375 0.509375 0.4546875 0.509375 0.4546875 0.5328125 0.4609375 0.5328125
0 0.6296875 0.5125 0.484375 0.5125 0.484375 0.5296875 0.6296875 0.5296875
0 0.7984375 0.5109375 0.659375 0.5109375 0.659375 0.55 0.7984375 0.5500000000000002
0 0.875 0.5171875000000001 0.8109375 0.5171875000000001 0.8109375 0.5281250000000002 0.875 0.5281250000000002
0 0.1984375000000001 0.5671875 0.13437500000000008 0.5671875 0.13437500000000008 0.5796875 0.1984375000000001 0.5796875
0 0.2390625000000001 0.5640625 0.2140625000000001 0.5640625 0.2140625000000001 0.5796875 0.2390625000000001 0.5796875
0 0.3218750000000001 0.5640625 0.2578125000000001 0.5640625 0.2578125000000001 0.5796875 0.3218750000000001 0.5796875
0 0.3281250000000001 0.575 0.32500000000000007 0.575 0.32500000000000007 0.578125 0.3281250000000001 0.578125