0 0.17968750000000006 0.2015625 0.14687500000000003 0.2015625 0.14687500000000003 0.2203125 0.17968750000000006 0.2203125
0 0.2796875 0.203125 0.2015625 0.203125 0.2015625 0.23125 0.2796875 0.23125
0 0.3453125 0.2109375 0.2984375 0.2109375 0.2984375 0.2203125 0.3453125 0.2203125
0 0.3890625 0.21093750000000008 0.365625 0.21093750000000008 0.365625 0.22031250000000008 0.3890625 0.22031250000000008
0 0.478125 0.20312500000000008 0.4140625 0.20312500000000008 0.4140625 0.22812500000000008 0.478125 0.22812500000000008
0 0.525 0.21093750000000008 0.5 0.21093750000000008 0.5 0.2218750000000001 0.525 0.2218750000000001
0 0.575 0.20312500000000008 0.540625 0.20312500000000008 0.540625 0.22031250000000008 0.575 0.22031250000000008
0 0.6515625 0.20468750000000008 0.5953125 0.20468750000000008 0.5953125 0.22656250000000008 0.6515625 0.22656250000000008
0 0.6625 0.22031250000000008 0.659375 0.22031250000000008 0.659375 0.2250000000000001 0.6625 0.2250000000000001
0 0.721875 0.20468750000000008 0.6734375 0.20468750000000008 0.6734375 0.2218750000000001 0.721875 0.2218750000000001
0 0.8125 0.20312500000000008 0.74375 0.20312500000000008 0.74375 0.22812500000000008 0.8125 0.22812500000000008
0 0.18906250000000005 0.2546875 0.12968750000000004 0.2546875 0.12968750000000004 0.2796875 0.18906250000000005 0.2796875
0 0.284375 0.2546875 0.21875 0.2546875 0.21875 0.278125 0.284375 0.278125
0 0.3578125 0.25625 0.309375 0.25625 0.309375 0.271875 0.3578125 0.271875
0 0.40625 0.26250000000000007 0.375 0.26250000000000007 0.375 0.2718750000000001 0.40625 0.2718750000000001
0 0.4578125 0.2562500000000001 0.425 0.2562500000000001 0.425 0.27031250000000007 0.4578125 0.27031250000000007
0 0.5390625 0.2562500000000001 0.475 0.2562500000000001 0.475 0.2765625000000001 0.5390625 0.2765625000000001
0 0.6703125 0.2578125000000001 0.5625 0.2578125000000001 0.5625 0.2718750000000001 0.6703125 0.2718750000000001
0 0.7203125 0.25468750000000007 0.6890625 0.25468750000000007 0.6890625 0.2765625000000001 0.7203125 0.2765625000000001
0 0.7640625 0.2578125000000001 0.7328125 0.2578125000000001 0.7328125 0.2718750000000001 0.7640625 0.2718750000000001
0 0.84375 0.2562500000000001 0.790625 0.2562500000000001 0.790625 0.2734375000000001 0.84375 0.2734375000000001
0 0.17656250000000004 0.30625 0.13125000000000003 0.30625 0.13125000000000003 0.321875 0.17656250000000004 0.321875
0 0.18281250000000004 0.3234375 0.17812500000000003 0.3234375 0.17812500000000003 0.328125 0.18281250000000004 0.328125
0 0.3 0.3078125 0.2 0.3078125 0.2 0.3359375 0.3 0.3359375
0 0.3703125 0.30781250000000004 0.328125 0.3078125 0.328125 0.321875 0.3703125 0.3218750000000001
0 0.45 0.30937500000000007 0.384375 0.30937500000000007 0.384375 0.3234375000000001 0.45 0.3234375000000001
0 0.5046875 0.3078125000000001 0.471875 0.3078125000000001 0.471875 0.3234375000000001 0.5046875 0.3234375000000001
0 0.5859375 0.3078125000000001 0.5171875 0.3078125000000001 0.5171875 0.3312500000000001 0.5859375 0.3312500000000001
0 0.5984375 0.3203125000000001 0.5921875 0.3203125000000001 0.5921875 0.3265625000000001 0.5984375 0.3265625000000001
0 0.640625 0.3156250000000001 0.609375 0.3156250000000001 0.609375 0.3234375000000001 0.640625 0.3234375000000001
0 0.728125 0.30937500000000007 0.6609375 0.30937500000000007 0.6609375 0.3234375000000001 0.728125 0.3234375000000001
0 0.80625 0.3078125000000001 0.75 0.3078125000000001 0.75 0.3312500000000001 0.80625 0.3312500000000001
0 0.17656250000000004 0.3578125 0.12968750000000004 0.3578125 0.12968750000000004 0.371875 0.17656250000000004 0.371875
0 0.28750000000000003 0.359375 0.209375 0.359375 0.20937500000000003 0.3765625 0.2875000000000001 0.3765625
0 0.39062500000000006 0.35625000000000007 0.3171875 0.35625 0.31718750000000007 0.37968750000000007 0.3906250000000001 0.37968750000000007
0 0.465625 0.3593750000000001 0.4109375 0.3593750000000001 0.4109375 0.3734375000000001 0.465625 0.3734375000000001
0 0.5109375 0.3578125000000001 0.484375 0.3578125000000001 0.484375 0.3734375000000001 0.5109375 0.3734375000000001
0 0.5625 0.3593750000000001 0.525 0.3593750000000001 0.525 0.3734375000000001 0.5625 0.3734375000000001
0 0.6640625 0.3625000000000001 0.584375 0.3625000000000001 0.584375 0.3734375000000001 0.6640625 0.3734375000000001
0 0.7171875 0.35625000000000007 0.6890625 0.35625000000000007 0.6890625 0.37968750000000007 0.7171875 0.37968750000000007
0 0.7671875 0.35625000000000007 0.73125 0.35625000000000007 0.73125 0.3734375000000001 0.7671875 0.3734375000000001
0 0.834375 0.3609375000000001 0.775 0.3609375000000001 0.775 0.3812500000000001 0.834375 0.3812500000000001
0 0.18750000000000006 0.4140625 0.13281250000000006 0.4140625 0.13281250000000006 0.4359375 0.18750000000000006 0.4359375
0 0.2609375000000001 0.4140625 0.2171875000000001 0.4140625 0.2171875000000001 0.43125 0.2609375000000001 0.43125
0 0.2750000000000001 0.421875 0.2718750000000001 0.421875 0.2718750000000001 0.425 0.2750000000000001 0.425
0 0.3343750000000001 0.4078125 0.2968750000000001 0.4078125 0.2968750000000001 0.425 0.3343750000000001 0.425
0 0.496875 0.4078125 0.3468750000000001 0.4078125 0.3468750000000001 0.434375 0.496875 0.434375
0 0.5703125 0.4140625 0.51875 0.4140625 0.51875 0.4234375 0.5703125 0.4234375
0 0.65625 0.4078125 0.5890625 0.4078125 0.5890625 0.428125 0.65625 0.428125
0 0.6671875 0.421875 0.6625 0.421875 0.6625 0.428125 0.6671875 0.428125
0 0.7703125 0.4093750000000001 0.6828125 0.409375 0.6828125 0.4375000000000001 0.7703125 0.43750000000000017
0 0.8265625 0.4125000000000002 0.7953125 0.4125000000000002 0.7953125 0.42500000000000016 0.8265625 0.42500000000000016
0 0.19218750000000004 0.45625 0.13906250000000003 0.45625 0.13906250000000003 0.4734375 0.19218750000000004 0.4734375
0 0.2390625000000001 0.4578125 0.2156250000000001 0.4578125 0.2156250000000001 0.4734375 0.2390625000000001 0.4734375
0 0.32500000000000007 0.4625 0.2593750000000001 0.4625 0.2593750000000001 0.4734375 0.32500000000000007 0.4734375
0 0.3828125000000001 0.465625 0.3515625000000001 0.465625 0.3515625000000001 0.48125 0.3828125000000001 0.48125
0 0.4375 0.459375 0.3968750000000001 0.459375 0.3968750000000001 0.4828125 0.4375 0.4828125
0 0.4734375 0.45625 0.453125 0.45625 0.453125 0.4734375 0.4734375 0.4734375
0 0.515625 0.4609375 0.4890625 0.4609375 0.4890625 0.48125 0.515625 0.48125
0 0.6703125 0.45625 0.540625 0.45625 0.540625 0.4828125 0.6703125 0.4828125
0 0.7578125 0.4609375000000001 0.675 0.4609375 0.675 0.4875000000000001 0.7578125 0.48750000000000016
0 0.8375 0.46093750000000017 0.7796875 0.46093750000000017 0.7796875 0.4750000000000002 0.8375 0.4750000000000002
0 0.18593750000000003 0.5078125 0.13593750000000004 0.5078125 0.13593750000000004 0.5265625 0.18593750000000003 0.5265625
0 0.2500000000000001 0.5125 0.2093750000000001 0.5125 0.2093750000000001 0.525 0.2500000000000001 0.525
0 0.4140625 0.5078125 0.2734375000000001 0.5078125 0.2734375000000001 0.5328125 0.4140625 0.5328125
0 0.465625 0.5078125 0.434375 0.5078125 0.434375 0.5296875 0.465625 0.5296875
0 0.5109375 0.5109375 0.475 0.5109375 0.475 0.5265625 0.5109375 0.5265625
0 0.6234375 0.5078125 0.5328125 0.5078125 0.5328125 0.5328125 0.6234375 0.5328125
0 0.7171875 0.5125 0.6453125 0.5125 0.6453125 0.525 0.7171875 0.525
0 0.7234375 0.5234375 0.721875 0.5234375 0.721875 0.525 0.7234375 0.525