0 0.19531250000000006 0.303125 0.15468750000000003 0.303125 0.15468750000000003 0.3265625 0.19531250000000006 0.3265625
0 0.2796875 0.3140625 0.2125 0.3140625 0.2125 0.328125 0.2796875 0.328125
0 0.359375 0.315625 0.3046875 0.315625 0.3046875 0.3265625 0.359375 0.3265625
0 0.440625 0.3046875000000001 0.3828125 0.3046875000000001 0.3828125 0.3296875000000001 0.440625 0.3296875000000001
0 0.5 0.3046875000000001 0.4671875 0.3046875000000001 0.4671875 0.3265625000000001 0.5 0.3265625000000001
0 0.5890625 0.3046875000000001 0.51875 0.3046875000000001 0.51875 0.3296875000000001 0.5890625 0.3296875000000001
0 0.6734375 0.3109375000000001 0.609375 0.3109375000000001 0.609375 0.3281250000000001 0.6734375 0.3281250000000001
0 0.8484375 0.3031250000000001 0.68125 0.3031250000000001 0.68125 0.34062500000000007 0.8484375 0.34062500000000007
0 0.8546875 0.3281250000000001 0.8484375 0.3281250000000001 0.8484375 0.3343750000000001 0.8546875 0.3343750000000001
0 0.17031250000000003 0.3671875 0.15156250000000004 0.3671875 0.15156250000000004 0.378125 0.17031250000000003 0.378125
0 0.2500000000000001 0.365625 0.18593750000000003 0.365625 0.18593750000000003 0.3859375 0.2500000000000001 0.3859375
0 0.4921875 0.35468750000000004 0.2640625 0.3546875 0.26406250000000003 0.3921875 0.4921875 0.3921875000000001
0 0.5515625 0.35625000000000007 0.5171875 0.35625000000000007 0.5171875 0.38750000000000007 0.5515625 0.38750000000000007
0 0.7609375 0.35625000000000007 0.5578125 0.35625000000000007 0.5578125 0.3906250000000001 0.7609375 0.3906250000000001
0 0.8546875 0.3703125000000001 0.7828125 0.3703125000000001 0.7828125 0.3812500000000001 0.8546875 0.3812500000000001
0 0.18125000000000005 0.4015625 0.15156250000000004 0.4015625 0.15156250000000004 0.4265625 0.18125000000000005 0.4265625
0 0.3265625000000001 0.403125 0.17187500000000006 0.403125 0.17187500000000006 0.4484375 0.3265625000000001 0.4484375
0 0.4203125 0.40625 0.33281250000000007 0.40625 0.33281250000000007 0.4296875 0.4203125 0.4296875
0 0.4828125 0.40625 0.4375 0.40625 0.4375 0.4390625 0.4828125 0.4390625
0 0.5234375 0.4125 0.4875 0.4125 0.4875 0.4328125 0.5234375 0.4328125
0 0.603125 0.421875 0.540625 0.421875 0.540625 0.43125 0.603125 0.43125
0 0.7609375 0.4046875000000001 0.6265625 0.4046875 0.6265625 0.4312500000000001 0.7609375 0.4312500000000002
0 0.878125 0.41406250000000017 0.78125 0.41406250000000017 0.78125 0.4343750000000002 0.878125 0.4343750000000002
0 0.884375 0.42968750000000017 0.878125 0.42968750000000017 0.878125 0.43750000000000017 0.884375 0.43750000000000017
0 0.18593750000000003 0.45 0.15468750000000003 0.45 0.15468750000000003 0.478125 0.18593750000000003 0.478125
0 0.3000000000000001 0.4515625 0.19843750000000004 0.4515625 0.19843750000000004 0.4796875 0.3000000000000001 0.4796875
0 0.3859375000000001 0.4546875 0.3031250000000001 0.4546875 0.3031250000000001 0.4921875 0.3859375000000001 0.4921875
0 0.5453125 0.45625 0.4078125 0.45625 0.4078125 0.48125 0.5453125 0.48125
0 0.596875 0.471875 0.5671875 0.471875 0.5671875 0.484375 0.596875 0.484375
0 0.771875 0.4515625000000001 0.6140625 0.4515625 0.6140625 0.4953125000000001 0.771875 0.49531250000000016
0 0.790625 0.47968750000000016 0.784375 0.47968750000000016 0.784375 0.4859375000000002 0.790625 0.4859375000000002
0 0.875 0.45625000000000016 0.8015625 0.45625000000000016 0.8015625 0.4828125000000002 0.875 0.4828125000000002
0 0.21875000000000008 0.503125 0.14375000000000004 0.503125 0.14375000000000004 0.5421875 0.21875000000000008 0.5421875
0 0.4109375 0.503125 0.2375000000000001 0.503125 0.2375000000000001 0.540625 0.4109375 0.540625
0 0.4953125 0.503125 0.4375 0.503125 0.4375 0.53125 0.4953125 0.53125
0 0.621875 0.509375 0.4921875 0.509375 0.4921875 0.540625 0.621875 0.540625
0 0.634375 0.5328125 0.628125 0.5328125 0.628125 0.5390625 0.634375 0.5390625
0 0.75625 0.5140625000000001 0.6546875 0.5140625 0.6546875 0.5421875 0.75625 0.5421875000000002
0 0.8390625 0.5203125000000002 0.771875 0.5203125000000002 0.771875 0.5328125000000001 0.8390625 0.5328125000000001
0 0.853125 0.5312500000000002 0.8484375 0.5312500000000002 0.8484375 0.5343750000000002 0.853125 0.5343750000000002
0 0.1937500000000001 0.5546875 0.14843750000000008 0.5546875 0.14843750000000008 0.5828125 0.1937500000000001 0.5828125
0 0.3500000000000001 0.5625 0.2062500000000001 0.5625 0.2062500000000001 0.5984375 0.3500000000000001 0.5984375
0 0.40625 0.55625 0.3687500000000001 0.55625 0.3687500000000001 0.5875 0.40625 0.5875
0 0.4203125 0.58125 0.4109375 0.58125 0.4109375 0.5890625 0.4203125 0.5890625
0 0.565625 0.5671875 0.44375 0.5671875 0.44375 0.5859375 0.565625 0.5859375
0 0.6015625 0.5625 0.571875 0.5625 0.571875 0.5875 0.6015625 0.5875
0 0.6828125 0.5625 0.61875 0.5625 0.61875 0.5859375 0.6828125 0.5859375
0 0.734375 0.5796875000000001 0.6875 0.5796875 0.6875 0.5875000000000001 0.734375 0.5875000000000001
0 0.8359375 0.5609375000000002 0.75 0.5609375000000002 0.75 0.5890625000000002 0.8359375 0.5890625000000002
0 0.2484375000000001 0.6203125 0.1390625000000001 0.6203125 0.1390625000000001 0.6453125 0.2484375000000001 0.6453125
0 0.3296875000000001 0.609375 0.27031250000000007 0.609375 0.27031250000000007 0.634375 0.3296875000000001 0.634375
0 0.39531250000000007 0.6078125 0.3531250000000001 0.6078125 0.3531250000000001 0.6328125 0.39531250000000007 0.6328125
0 0.55 0.6109375 0.415625 0.6109375 0.415625 0.6484375 0.55 0.6484375
0 0.61875 0.6140625 0.5796875 0.6140625 0.5796875 0.640625 0.61875 0.640625
0 0.7078125 0.6109375 0.6265625 0.6109375 0.6265625 0.6390625 0.7078125 0.6390625
0 0.7390625 0.6234375000000001 0.715625 0.6234375 0.715625 0.6375000000000001 0.7390625 0.6375000000000002
0 0.796875 0.6140625000000002 0.7625 0.6140625000000002 0.7625 0.6390625000000002 0.796875 0.6390625000000002
0 0.23593750000000008 0.6546875 0.1437500000000001 0.6546875 0.1437500000000001 0.684375 0.23593750000000008 0.684375
0 0.3281250000000001 0.6734375 0.2578125000000001 0.6734375 0.2578125000000001 0.69375 0.3281250000000001 0.69375
0 0.3453125000000001 0.6828125 0.3390625000000001 0.6828125 0.3390625000000001 0.6890625 0.3453125000000001 0.6890625
0 0.4078125 0.6578125 0.3703125000000001 0.6578125 0.3703125000000001 0.6859375 0.4078125 0.6859375
0 0.503125 0.6625 0.421875 0.6625 0.421875 0.6890625 0.503125 0.6890625
0 0.5484375 0.659375 0.50625 0.659375 0.50625 0.6890625 0.5484375 0.6890625
0 0.61875 0.6640625 0.55 0.6640625 0.55 0.7 0.61875 0.7
0 0.78125 0.6609375000000001 0.64375 0.6609375 0.64375 0.6984375 0.78125 0.6984375000000002
0 0.796875 0.6859375000000002 0.7875 0.6859375000000002 0.7875 0.6921875000000002 0.796875 0.6921875000000002
0 0.8625 0.6640625000000002 0.80625 0.6640625000000002 0.80625 0.6953125000000002 0.8625 0.6953125000000002
0 0.18125000000000008 0.7078125 0.15000000000000008 0.7078125 0.15000000000000008 0.7359375 0.18125000000000008 0.7359375
0 0.2671875000000001 0.709375 0.2000000000000001 0.709375 0.2000000000000001 0.7453125 0.2671875000000001 0.7453125
0 0.3968750000000001 0.709375 0.2890625000000001 0.709375 0.2890625000000001 0.7453125 0.3968750000000001 0.7453125
0 0.4609375000000001 0.7078125 0.4171875 0.7078125 0.4171875000000001 0.7453125 0.46093750000000017 0.7453125
0 0.4953125000000001 0.709375 0.4625 0.709375 0.4625000000000001 0.7390625 0.49531250000000016 0.7390625
0 0.6390625000000001 0.7078125 0.5265625 0.7078125 0.5265625 0.7453125 0.6390625000000002 0.7453125
0 0.6609375000000002 0.7375 0.6500000000000001 0.7375 0.6500000000000001 0.7453125 0.6609375000000002 0.7453125
0 0.7546875000000001 0.7156250000000001 0.6859375 0.715625 0.6859375000000001 0.7375 0.7546875000000002 0.7375000000000002
0 0.815625 0.7125000000000001 0.775 0.7125000000000001 0.7750000000000001 0.7390625000000002 0.815625 0.7390625000000002