0 0.15156250000000004 0.2015625 0.14218750000000005 0.2015625 0.14218750000000005 0.2109375 0.15156250000000004 0.2109375
0 0.18281250000000004 0.2015625 0.15312500000000004 0.2015625 0.15312500000000004 0.2328125 0.18281250000000004 0.2328125
0 0.2765625 0.20625 0.18593750000000003 0.20625 0.18593750000000003 0.225 0.2765625 0.225
0 0.3484375 0.2078125 0.2953125 0.2078125 0.2953125 0.234375 0.3484375 0.234375
0 0.440625 0.2015625000000001 0.3640625 0.2015625000000001 0.3640625 0.2250000000000001 0.440625 0.2250000000000001
0 0.5328125 0.2062500000000001 0.4515625 0.2062500000000001 0.4515625 0.2250000000000001 0.5328125 0.2250000000000001
0 0.64375 0.20312500000000008 0.5484375 0.20312500000000008 0.5484375 0.22656250000000008 0.64375 0.22656250000000008
0 0.7125 0.2062500000000001 0.6609375 0.2062500000000001 0.6609375 0.2250000000000001 0.7125 0.2250000000000001
0 0.859375 0.2015625000000001 0.725 0.2015625000000001 0.725 0.22656250000000008 0.859375 0.22656250000000008
0 0.2015625 0.25 0.15468750000000003 0.25 0.15468750000000003 0.28125 0.2015625 0.28125
0 0.2984375 0.246875 0.221875 0.246875 0.221875 0.2875 0.2984375 0.2875
0 0.43125 0.24843750000000003 0.3140625 0.2484375 0.3140625 0.28593750000000007 0.43125 0.28593750000000007
0 0.5203125 0.2500000000000001 0.4515625 0.2500000000000001 0.4515625 0.2765625000000001 0.5203125 0.2765625000000001
0 0.634375 0.2515625000000001 0.53125 0.2515625000000001 0.53125 0.2812500000000001 0.634375 0.2812500000000001
0 0.753125 0.2484375000000001 0.646875 0.2484375000000001 0.646875 0.2765625000000001 0.753125 0.2765625000000001
0 0.7625 0.27031250000000007 0.7546875 0.27031250000000007 0.7546875 0.2828125000000001 0.7625 0.2828125000000001
0 0.2546875 0.3 0.15468750000000003 0.3 0.15468750000000003 0.3375 0.2546875 0.3375
0 0.3296875 0.3015625 0.275 0.3015625 0.275 0.325 0.3296875 0.325
0 0.340625 0.315625 0.33125 0.315625 0.33125 0.33125 0.340625 0.33125
0 0.509375 0.30000000000000004 0.3515625 0.3 0.3515625 0.33906250000000004 0.509375 0.3390625000000001
0 0.5640625 0.30937500000000007 0.5296875 0.30937500000000007 0.5296875 0.3281250000000001 0.5640625 0.3281250000000001
0 0.6203125 0.3000000000000001 0.571875 0.3000000000000001 0.571875 0.3265625000000001 0.6203125 0.3265625000000001
0 0.7109375 0.3046875000000001 0.6328125 0.3046875000000001 0.6328125 0.3359375000000001 0.7109375 0.3359375000000001
0 0.7703125 0.30156250000000007 0.7296875 0.30156250000000007 0.7296875 0.3343750000000001 0.7703125 0.3343750000000001
0 0.83125 0.3000000000000001 0.7796875 0.3000000000000001 0.7796875 0.3265625000000001 0.83125 0.3265625000000001
0 0.23281250000000003 0.35 0.15000000000000005 0.35 0.15000000000000005 0.375 0.2328125000000001 0.375
0 0.2531250000000001 0.3671875 0.2468750000000001 0.3671875 0.2468750000000001 0.378125 0.2531250000000001 0.378125
0 0.33125000000000004 0.35 0.2640625 0.35 0.26406250000000003 0.375 0.3312500000000001 0.375
0 0.4796875 0.35156250000000006 0.3515625 0.3515625 0.35156250000000006 0.3765625 0.4796875 0.3765625000000001
0 0.525 0.3546875000000001 0.4984375 0.3546875000000001 0.4984375 0.3781250000000001 0.525 0.3781250000000001
0 0.603125 0.3515625000000001 0.5484375 0.3515625000000001 0.5484375 0.3765625000000001 0.603125 0.3765625000000001
0 0.690625 0.3531250000000001 0.6140625 0.3531250000000001 0.6140625 0.3765625000000001 0.690625 0.3765625000000001
0 0.8171875 0.3578125000000001 0.70625 0.3578125000000001 0.70625 0.38750000000000007 0.8171875 0.38750000000000007
0 0.2312500000000001 0.4 0.14375000000000004 0.4 0.14375000000000004 0.4265625 0.2312500000000001 0.4265625
0 0.2390625000000001 0.4171875 0.23437500000000008 0.4171875 0.23437500000000008 0.4203125 0.2390625000000001 0.4203125
0 0.2687500000000001 0.4 0.25468750000000007 0.4 0.25468750000000007 0.425 0.2687500000000001 0.425
0 0.3500000000000001 0.4 0.2796875000000001 0.4 0.2796875000000001 0.4265625 0.3500000000000001 0.4265625
0 0.3937500000000001 0.4046875 0.3687500000000001 0.4046875 0.3687500000000001 0.428125 0.3937500000000001 0.428125
0 0.4609375 0.409375 0.403125 0.409375 0.403125 0.4421875 0.4609375 0.4421875
0 0.54375 0.40625 0.471875 0.40625 0.471875 0.4296875 0.54375 0.4296875
0 0.584375 0.4109375 0.5625 0.4109375 0.5625 0.428125 0.584375 0.428125
0 0.7390625 0.4046875000000001 0.6046875 0.4046875 0.6046875 0.4406250000000001 0.7390625 0.44062500000000016
0 0.840625 0.4031250000000002 0.75625 0.4031250000000002 0.75625 0.4281250000000002 0.840625 0.4281250000000002
0 0.18437500000000004 0.453125 0.14375000000000004 0.453125 0.14375000000000004 0.48125 0.18437500000000004 0.48125
0 0.19375000000000003 0.4703125 0.18125000000000005 0.4703125 0.18125000000000005 0.484375 0.19375000000000003 0.484375
0 0.2750000000000001 0.4484375 0.2093750000000001 0.4484375 0.2093750000000001 0.475 0.2750000000000001 0.475
0 0.28593750000000007 0.471875 0.27812500000000007 0.471875 0.27812500000000007 0.4828125 0.28593750000000007 0.4828125
0 0.3703125000000001 0.4515625 0.3062500000000001 0.4515625 0.3062500000000001 0.478125 0.3703125000000001 0.478125
0 0.4 0.4640625 0.3828125000000001 0.4640625 0.3828125000000001 0.4671875 0.4 0.4671875
0 0.44375 0.4578125 0.4078125 0.4578125 0.4078125 0.4765625 0.44375 0.4765625
0 0.4703125 0.4671875 0.4484375 0.4671875 0.4484375 0.4703125 0.4703125 0.4703125
0 0.603125 0.453125 0.48125 0.453125 0.48125 0.49375 0.603125 0.49375
0 0.64375 0.453125 0.6203125 0.453125 0.6203125 0.478125 0.64375 0.478125
0 0.6625 0.4515625 0.6484375 0.4515625 0.6484375 0.465625 0.6625 0.465625
0 0.690625 0.4515625 0.6765625 0.4515625 0.6765625 0.4640625 0.690625 0.4640625
0 0.746875 0.4531250000000001 0.690625 0.453125 0.690625 0.4781250000000001 0.746875 0.4781250000000002
0 0.8125 0.45625000000000016 0.75 0.45625000000000016 0.75 0.49531250000000016 0.8125 0.49531250000000016
0 0.821875 0.47187500000000016 0.8140625 0.47187500000000016 0.8140625 0.48437500000000017 0.821875 0.48437500000000017
0 0.2000000000000001 0.5 0.13906250000000003 0.5 0.13906250000000003 0.528125 0.2000000000000001 0.528125
0 0.26250000000000007 0.5015625 0.21093750000000008 0.5015625 0.21093750000000008 0.528125 0.26250000000000007 0.528125
0 0.3531250000000001 0.5046875 0.27031250000000007 0.5046875 0.27031250000000007 0.53125 0.3531250000000001 0.53125
0 0.4765625 0.5015625 0.3765625000000001 0.5015625 0.3765625000000001 0.5296875 0.4765625 0.5296875
0 0.546875 0.5046875 0.48125 0.5046875 0.48125 0.5390625 0.546875 0.5390625
0 0.60625 0.509375 0.559375 0.509375 0.559375 0.5296875 0.60625 0.5296875
0 0.6421875 0.5109375 0.61875 0.5109375 0.61875 0.528125 0.6421875 0.528125
0 0.721875 0.50625 0.6546875 0.50625 0.6546875 0.5296875 0.721875 0.5296875
0 0.7359375 0.5234375000000002 0.728125 0.5234375000000002 0.728125 0.5343750000000002 0.7359375 0.5343750000000002
0 0.7671875 0.5046875000000002 0.75 0.5046875000000002 0.75 0.5296875000000002 0.7671875 0.5296875000000002
0 0.8046875 0.5000000000000002 0.771875 0.5000000000000002 0.771875 0.5281250000000002 0.8046875 0.5281250000000002
0 0.21250000000000008 0.5515625 0.1390625000000001 0.5515625 0.1390625000000001 0.5765625 0.21250000000000008 0.5765625
0 0.2250000000000001 0.5703125 0.2218750000000001 0.5703125 0.2218750000000001 0.5734375 0.2250000000000001 0.5734375
0 0.25468750000000007 0.5484375 0.24218750000000008 0.5484375 0.24218750000000008 0.559375 0.25468750000000007 0.559375
0 0.2843750000000001 0.5484375 0.2687500000000001 0.5484375 0.2687500000000001 0.5625 0.2843750000000001 0.5625
0 0.3281250000000001 0.55625 0.2796875000000001 0.55625 0.2796875000000001 0.5796875 0.3281250000000001 0.5796875
0 0.3312500000000001 0.571875 0.3234375000000001 0.571875 0.3234375000000001 0.584375 0.3312500000000001 0.584375
0 0.4 0.5578125 0.34062500000000007 0.5578125 0.34062500000000007 0.5890625 0.4 0.5890625
0 0.4125 0.5734375 0.409375 0.5734375 0.409375 0.5765625 0.4125 0.5765625
0 0.484375 0.553125 0.4234375 0.553125 0.4234375 0.59375 0.484375 0.59375
0 0.5765625 0.5515625 0.5078125 0.5515625 0.5078125 0.5796875 0.5765625 0.5796875
0 0.6703125 0.559375 0.6 0.559375 0.6 0.5828125 0.6703125 0.5828125
0 0.846875 0.5562500000000001 0.69375 0.55625 0.69375 0.5828125000000001 0.846875 0.5828125000000002
0 0.85625 0.5750000000000002 0.8515625 0.5750000000000002 0.8515625 0.5859375000000002 0.85625 0.5859375000000002
0 0.2015625000000001 0.596875 0.13437500000000008 0.596875 0.13437500000000008 0.6265625 0.2015625000000001 0.6265625
0 0.26250000000000007 0.59375 0.2234375000000001 0.59375 0.2234375000000001 0.621875 0.26250000000000007 0.621875
0 0.5796875 0.6203125 0.575 0.6203125 0.575 0.6234375 0.5796875 0.6234375