0 0.14687500000000003 0.225 0.14062500000000006 0.225 0.14062500000000006 0.2328125 0.14687500000000003 0.2328125
0 0.19375000000000003 0.20625 0.15937500000000004 0.20625 0.15937500000000004 0.23125 0.19375000000000003 0.23125
0 0.2015625 0.2265625 0.19687500000000005 0.2265625 0.19687500000000005 0.2359375 0.2015625 0.2359375
0 0.2671875 0.20625 0.2125 0.20625 0.2125 0.23125 0.2671875 0.23125
0 0.28125 0.228125 0.2671875 0.228125 0.2671875 0.2296875 0.28125 0.2296875
0 0.29375 0.2265625 0.2890625 0.2265625 0.2890625 0.228125 0.29375 0.228125
0 0.315625 0.2046875 0.30625 0.2046875 0.30625 0.209375 0.315625 0.209375
0 0.34375 0.2078125 0.31875 0.2078125 0.31875 0.228125 0.34375 0.228125
0 0.45 0.20781250000000004 0.346875 0.2078125 0.346875 0.24218750000000006 0.45 0.24218750000000008
0 0.5234375 0.2078125000000001 0.4625 0.2078125000000001 0.4625 0.2296875000000001 0.5234375 0.2296875000000001
0 0.575 0.21093750000000008 0.5296875 0.21093750000000008 0.5296875 0.2296875000000001 0.575 0.2296875000000001
0 0.6453125 0.2078125000000001 0.5875 0.2078125000000001 0.5875 0.2296875000000001 0.6453125 0.2296875000000001
0 0.7234375 0.2078125000000001 0.6546875 0.2078125000000001 0.6546875 0.2296875000000001 0.7234375 0.2296875000000001
0 0.8671875 0.2093750000000001 0.7328125 0.2093750000000001 0.7328125 0.2390625000000001 0.8671875 0.2390625000000001
0 0.253125 0.25625 0.13593750000000004 0.25625 0.13593750000000004 0.28125 0.253125 0.28125
0 0.325 0.25625 0.265625 0.25625 0.265625 0.2796875 0.325 0.2796875
0 0.3984375 0.26562500000000006 0.328125 0.265625 0.328125 0.290625 0.3984375 0.2906250000000001
0 0.4265625 0.2671875000000001 0.4078125 0.2671875000000001 0.4078125 0.2812500000000001 0.4265625 0.2812500000000001
0 0.4921875 0.2578125000000001 0.4421875 0.2578125000000001 0.4421875 0.2921875000000001 0.4921875 0.2921875000000001
0 0.6109375 0.2640625000000001 0.503125 0.2640625000000001 0.503125 0.2812500000000001 0.6109375 0.2812500000000001
0 0.7 0.26250000000000007 0.621875 0.26250000000000007 0.621875 0.2890625000000001 0.7 0.2890625000000001
0 0.7046875 0.2750000000000001 0.7015625 0.2750000000000001 0.7015625 0.2765625000000001 0.7046875 0.2765625000000001
0 0.7234375 0.2593750000000001 0.7140625 0.2593750000000001 0.7140625 0.2656250000000001 0.7234375 0.2656250000000001
0 0.7984375 0.2609375000000001 0.73125 0.2609375000000001 0.73125 0.2890625000000001 0.7984375 0.2890625000000001
0 0.2640625 0.3078125 0.13593750000000004 0.3078125 0.13593750000000004 0.3421875 0.2640625 0.3421875
0 0.35625 0.309375 0.2859375 0.309375 0.2859375 0.3328125 0.35625 0.3328125
0 0.471875 0.30937500000000007 0.3703125 0.30937500000000007 0.3703125 0.3390625000000001 0.471875 0.3390625000000001
0 0.48125 0.3265625000000001 0.4734375 0.3265625000000001 0.4734375 0.3343750000000001 0.48125 0.3343750000000001
0 0.5484375 0.3109375000000001 0.4890625 0.3109375000000001 0.4890625 0.3312500000000001 0.5484375 0.3312500000000001
0 0.5609375 0.32500000000000007 0.5578125 0.32500000000000007 0.5578125 0.3281250000000001 0.5609375 0.3281250000000001
0 0.61875 0.30937500000000007 0.5671875 0.30937500000000007 0.5671875 0.3312500000000001 0.61875 0.3312500000000001
0 0.7609375 0.30937500000000007 0.6265625 0.30937500000000007 0.6265625 0.3390625000000001 0.7609375 0.3390625000000001
0 0.7640625 0.32500000000000007 0.75625 0.32500000000000007 0.75625 0.3343750000000001 0.7640625 0.3343750000000001
0 0.8640625 0.3109375000000001 0.775 0.3109375000000001 0.775 0.34062500000000007 0.8640625 0.34062500000000007
0 0.20312500000000008 0.365625 0.14062500000000006 0.365625 0.14062500000000006 0.3828125 0.20312500000000008 0.3828125
0 0.21093750000000008 0.3765625 0.2062500000000001 0.3765625 0.2062500000000001 0.3796875 0.21093750000000008 0.3796875
0 0.26093750000000004 0.35625 0.2171875 0.35625 0.21718750000000003 0.3828125 0.2609375000000001 0.3828125
0 0.2609375000000001 0.3796875 0.25468750000000007 0.3796875 0.25468750000000007 0.3875 0.2609375000000001 0.3875
0 0.3296875000000001 0.36875 0.27031250000000007 0.36875 0.27031250000000007 0.3828125 0.3296875000000001 0.3828125
0 0.3343750000000001 0.378125 0.3296875000000001 0.378125 0.3296875000000001 0.3859375 0.3343750000000001 0.3859375
0 0.37500000000000006 0.3609375 0.34375 0.3609375 0.34375000000000006 0.384375 0.3750000000000001 0.3843750000000001
0 0.425 0.3671875000000001 0.3890625000000001 0.3671875000000001 0.3890625000000001 0.3812500000000001 0.425 0.3812500000000001
0 0.4890625 0.3687500000000001 0.44375 0.3687500000000001 0.44375 0.3828125000000001 0.4890625 0.3828125000000001
0 0.4984375 0.3781250000000001 0.49375 0.3781250000000001 0.49375 0.3812500000000001 0.4984375 0.3812500000000001
0 0.5171875 0.3609375000000001 0.50625 0.3609375000000001 0.50625 0.3828125000000001 0.5171875 0.3828125000000001
0 0.5953125 0.3593750000000001 0.525 0.3593750000000001 0.525 0.3843750000000001 0.5953125 0.3843750000000001
0 0.6234375 0.3609375000000001 0.6109375 0.3609375000000001 0.6109375 0.37968750000000007 0.6234375 0.37968750000000007
0 0.6765625 0.3671875000000001 0.6265625 0.3671875000000001 0.6265625 0.3828125000000001 0.6765625 0.3828125000000001
0 0.7421875 0.3578125000000001 0.684375 0.3578125000000001 0.684375 0.38750000000000007 0.7421875 0.38750000000000007
0 0.796875 0.3687500000000001 0.753125 0.3687500000000001 0.753125 0.3890625000000001 0.796875 0.3890625000000001
0 0.8640625 0.3593750000000001 0.809375 0.3593750000000001 0.809375 0.37968750000000007 0.8640625 0.37968750000000007
0 0.2000000000000001 0.41875 0.13750000000000004 0.41875 0.13750000000000004 0.434375 0.2000000000000001 0.434375
0 0.2984375000000001 0.4140625 0.2171875000000001 0.4140625 0.2171875000000001 0.440625 0.2984375000000001 0.440625
0 0.3671875000000001 0.4109375 0.3156250000000001 0.4109375 0.3156250000000001 0.4328125 0.3671875000000001 0.4328125
0 0.4125 0.41875 0.3812500000000001 0.41875 0.3812500000000001 0.4328125 0.4125 0.4328125
0 0.4125 0.4140625 0.409375 0.4140625 0.409375 0.4171875 0.4125 0.4171875
0 0.4265625 0.4203125 0.4078125 0.4203125 0.4078125 0.44375 0.4265625 0.44375
0 0.4578125 0.4125 0.4265625 0.4125 0.4265625 0.4359375 0.4578125 0.4359375
0 0.4875 0.4140625 0.4671875 0.4140625 0.4671875 0.4328125 0.4875 0.4328125
0 0.5015625 0.4125 0.4875 0.4125 0.4875 0.4328125 0.5015625 0.4328125
0 0.5296875 0.421875 0.5125 0.421875 0.5125 0.4390625 0.5296875 0.4390625
0 0.5609375 0.4203125 0.528125 0.4203125 0.528125 0.43125 0.5609375 0.43125
0 0.6265625 0.4140625 0.571875 0.4140625 0.571875 0.4328125 0.6265625 0.4328125
0 0.65625 0.4203125 0.640625 0.4203125 0.640625 0.4328125 0.65625 0.4328125
0 0.796875 0.41093750000000007 0.6765625 0.4109375 0.6765625 0.4453125000000001 0.796875 0.44531250000000017
0 0.8453125 0.4187500000000002 0.809375 0.4187500000000002 0.809375 0.4312500000000002 0.8453125 0.4312500000000002
0 0.18593750000000003 0.4609375 0.14062500000000006 0.4609375 0.14062500000000006 0.4828125 0.18593750000000003 0.4828125
0 0.3234375000000001 0.4625 0.19843750000000004 0.4625 0.19843750000000004 0.49375 0.3234375000000001 0.49375
0 0.3531250000000001 0.478125 0.3265625000000001 0.478125 0.3265625000000001 0.48125 0.3531250000000001 0.48125
0 0.37187500000000007 0.4609375 0.3671875000000001 0.4609375 0.3671875000000001 0.46875 0.37187500000000007 0.46875
0 0.3765625000000001 0.459375 0.37187500000000007 0.459375 0.37187500000000007 0.4671875 0.3765625000000001 0.4671875
0 0.3906250000000001 0.478125 0.3812500000000001 0.478125 0.3812500000000001 0.484375 0.3906250000000001 0.484375
0 0.4453125 0.4578125 0.3968750000000001 0.4578125 0.3968750000000001 0.48125 0.4453125 0.48125
0 0.4484375 0.478125 0.4421875 0.478125 0.4421875 0.4875 0.4484375 0.4875
0 0.5109375 0.459375 0.459375 0.459375 0.459375 0.4890625 0.5109375 0.4890625
0 0.5453125 0.4625 0.515625 0.4625 0.515625 0.48125 0.5453125 0.48125
0 0.6125 0.4578125 0.5578125 0.4578125 0.5578125 0.4875 0.6125 0.4875
0 0.621875 0.478125 0.615625 0.478125 0.615625 0.4875 0.621875 0.4875
0 0.6703125 0.4671875 0.628125 0.4671875 0.628125 0.4796875 0.6703125 0.4796875
0 0.7359375 0.4609375000000001 0.6828125 0.4609375 0.6828125 0.4937500000000001 0.7359375 0.4937500000000002
0 0.7578125 0.4625000000000002 0.74375 0.4625000000000002 0.74375 0.4828125000000002 0.7578125 0.4828125000000002
0 0.7765625 0.4593750000000002 0.765625 0.4593750000000002 0.765625 0.4828125000000002 0.7765625 0.4828125000000002
0 0.8625 0.46875000000000017 0.7828125 0.46875000000000017 0.7828125 0.4828125000000002 0.8625 0.4828125000000002
0 0.8671875 0.4781250000000002 0.8609375 0.4781250000000002 0.8609375 0.48750000000000016 0.8671875 0.48750000000000016
0 0.19843750000000004 0.5109375 0.14531250000000004 0.5109375 0.14531250000000004 0.540625 0.19843750000000004 0.540625
0 0.23437500000000008 0.509375 0.20468750000000008 0.509375 0.20468750000000008 0.5328125 0.23437500000000008 0.5328125
0 0.2953125000000001 0.5109375 0.2500000000000001 0.5109375 0.2500000000000001 0.5328125 0.2953125000000001 0.5328125
0 0.3140625000000001 0.5234375 0.3046875000000001 0.5234375 0.3046875000000001 0.5265625 0.3140625000000001 0.5265625
0 0.5375 0.5140625 0.32500000000000007 0.5140625 0.32500000000000007 0.5421875 0.5375 0.5421875
0 0.5609375 0.5125 0.54375 0.5125 0.54375 0.53125 0.5609375 0.53125
0 0.5765625 0.5078125 0.5671875 0.5078125 0.5671875 0.515625 0.5765625 0.515625
0 0.6125 0.5109375 0.5859375 0.5109375 0.5859375 0.53125 0.6125 0.53125
0 0.6375 0.51875 0.6078125 0.51875 0.6078125 0.5328125 0.6375 0.5328125
0 0.659375 0.5234375 0.6484375 0.5234375 0.6484375 0.5265625 0.659375 0.5265625
0 0.703125 0.51875 0.6703125 0.51875 0.6703125 0.5328125 0.703125 0.5328125
0 0.721875 0.5234375 0.7078125 0.5234375 0.7078125 0.5265625 0.721875 0.5265625
0 0.8375 0.5078125000000002 0.740625 0.5078125000000002 0.740625 0.5406250000000001 0.8375 0.5406250000000001
0 0.840625 0.5281250000000002 0.834375 0.5281250000000002 0.834375 0.5359375000000002 0.840625 0.5359375000000002
0 0.17187500000000008 0.5640625 0.1359375000000001 0.5640625 0.1359375000000001 0.584375 0.17187500000000008 0.584375
0 0.3281250000000001 0.5640625 0.18906250000000008 0.5640625 0.18906250000000008 0.5921875 0.3281250000000001 0.5921875
0 0.4921875 0.5640625 0.3453125000000001 0.5640625 0.3453125000000001 0.5921875 0.4921875 0.5921875
0 0.5546875 0.56875 0.50625 0.56875 0.50625 0.5828125 0.5546875 0.5828125
0 0.8078125 0.5640625000000001 0.5765625 0.5640625 0.5765625 0.5906250000000001 0.8078125 0.5906250000000002
0 0.8140625 0.5796875000000001 0.809375 0.5796875000000001 0.809375 0.5812500000000002 0.8140625 0.5812500000000002