0 0.19218750000000004 0.2078125 0.13750000000000004 0.2078125 0.13750000000000004 0.228125 0.19218750000000004 0.228125
0 0.278125 0.2109375 0.21875 0.2109375 0.21875 0.246875 0.278125 0.246875
0 0.3171875 0.20625 0.3125 0.20625 0.3125 0.2296875 0.3171875 0.2296875
0 0.490625 0.21093750000000006 0.3328125 0.2109375 0.3328125 0.23593750000000005 0.490625 0.23593750000000008
0 0.540625 0.2093750000000001 0.5140625 0.2093750000000001 0.5140625 0.2296875000000001 0.540625 0.2296875000000001
0 0.6140625 0.21093750000000008 0.5546875 0.21093750000000008 0.5546875 0.2312500000000001 0.6140625 0.2312500000000001
0 0.803125 0.2093750000000001 0.640625 0.2093750000000001 0.640625 0.2312500000000001 0.803125 0.2312500000000001
0 0.228125 0.2609375 0.13906250000000003 0.2609375 0.13906250000000003 0.278125 0.228125 0.278125
0 0.2734375 0.2578125 0.25 0.2578125 0.25 0.2765625 0.2734375 0.2765625
0 0.3546875 0.2609375 0.2890625 0.2609375 0.2890625 0.2796875 0.3546875 0.2796875
0 0.4390625 0.27031250000000007 0.390625 0.27031250000000007 0.390625 0.2921875000000001 0.4390625 0.2921875000000001
0 0.571875 0.27031250000000007 0.46875 0.27031250000000007 0.46875 0.2968750000000001 0.571875 0.2968750000000001
0 0.7109375 0.2593750000000001 0.60625 0.2593750000000001 0.60625 0.2875000000000001 0.7109375 0.2875000000000001
0 0.83125 0.2609375000000001 0.728125 0.2609375000000001 0.728125 0.28593750000000007 0.83125 0.28593750000000007
0 0.17031250000000003 0.3109375 0.13281250000000006 0.3109375 0.13281250000000006 0.3296875 0.17031250000000003 0.3296875
0 0.234375 0.3109375 0.19375000000000003 0.3109375 0.19375000000000003 0.3296875 0.234375 0.3296875
0 0.3625 0.3109375 0.2625 0.3109375 0.2625 0.33125 0.3625 0.33125
0 0.428125 0.3125000000000001 0.390625 0.3125000000000001 0.390625 0.3296875000000001 0.428125 0.3296875000000001
0 0.4921875 0.3125000000000001 0.440625 0.3125000000000001 0.440625 0.3312500000000001 0.4921875 0.3312500000000001
0 0.6578125 0.3156250000000001 0.5140625 0.3156250000000001 0.5140625 0.34843750000000007 0.6578125 0.34843750000000007
0 0.678125 0.3265625000000001 0.671875 0.3265625000000001 0.671875 0.3375000000000001 0.678125 0.3375000000000001
0 0.753125 0.3203125000000001 0.696875 0.3203125000000001 0.696875 0.3296875000000001 0.753125 0.3296875000000001
0 0.8625 0.3218750000000001 0.775 0.3218750000000001 0.775 0.3312500000000001 0.8625 0.3312500000000001
0 0.16718750000000004 0.3625 0.14062500000000006 0.3625 0.14062500000000006 0.3796875 0.16718750000000004 0.3796875
0 0.27812500000000007 0.3609375 0.18906250000000005 0.3609375 0.18906250000000005 0.3796875 0.27812500000000007 0.3796875
0 0.34687500000000004 0.3609375 0.309375 0.3609375 0.30937500000000007 0.3796875 0.3468750000000001 0.3796875
0 0.4984375 0.36406250000000007 0.3703125000000001 0.36406250000000007 0.3703125000000001 0.3812500000000001 0.4984375 0.3812500000000001
0 0.5140625 0.3781250000000001 0.5078125 0.3781250000000001 0.5078125 0.3859375000000001 0.5140625 0.3859375000000001
0 0.5953125 0.3656250000000001 0.528125 0.3656250000000001 0.528125 0.3828125000000001 0.5953125 0.3828125000000001
0 0.6796875 0.36406250000000007 0.6109375 0.36406250000000007 0.6109375 0.3843750000000001 0.6796875 0.3843750000000001
0 0.83125 0.3656250000000001 0.6984375 0.3656250000000001 0.6984375 0.3828125000000001 0.83125 0.3828125000000001
0 0.18125000000000005 0.409375 0.14062500000000006 0.409375 0.14062500000000006 0.428125 0.18125000000000005 0.428125
0 0.2734375000000001 0.4125 0.2000000000000001 0.4125 0.2000000000000001 0.4296875 0.2734375000000001 0.4296875
0 0.2953125000000001 0.428125 0.2921875000000001 0.428125 0.2921875000000001 0.4296875 0.2953125000000001 0.4296875
0 0.3687500000000001 0.4140625 0.3125000000000001 0.4140625 0.3125000000000001 0.43125 0.3687500000000001 0.43125
0 0.4625 0.4125 0.3843750000000001 0.4125 0.3843750000000001 0.434375 0.4625 0.434375
0 0.60625 0.4140625 0.49375 0.4140625 0.49375 0.434375 0.60625 0.434375
0 0.7078125 0.425 0.634375 0.425 0.634375 0.4359375 0.7078125 0.4359375
0 0.821875 0.42500000000000016 0.7375 0.42500000000000016 0.7375 0.43281250000000016 0.821875 0.43281250000000016
0 0.834375 0.4312500000000002 0.8265625 0.4312500000000002 0.8265625 0.43750000000000017 0.834375 0.43750000000000017
0 0.2140625000000001 0.465625 0.13750000000000004 0.465625 0.13750000000000004 0.484375 0.2140625000000001 0.484375
0 0.2718750000000001 0.4734375 0.2375000000000001 0.4734375 0.2375000000000001 0.4828125 0.2718750000000001 0.4828125
0 0.3859375000000001 0.475 0.3000000000000001 0.475 0.3000000000000001 0.4828125 0.3859375000000001 0.4828125
0 0.4671875 0.4625 0.4078125 0.4625 0.4078125 0.48125 0.4671875 0.48125
0 0.6703125 0.4625 0.48125 0.4625 0.48125 0.4875 0.6703125 0.4875
0 0.79375 0.46562500000000007 0.6921875 0.465625 0.6921875 0.4843750000000001 0.79375 0.48437500000000017
0 0.8078125 0.4812500000000002 0.8046875 0.4812500000000002 0.8046875 0.4828125000000002 0.8078125 0.4828125000000002
0 0.88125 0.46406250000000016 0.8234375 0.46406250000000016 0.8234375 0.4812500000000002 0.88125 0.4812500000000002
0 0.2093750000000001 0.5140625 0.13906250000000003 0.5140625 0.13906250000000003 0.5328125 0.2093750000000001 0.5328125
0 0.3031250000000001 0.515625 0.2328125000000001 0.515625 0.2328125000000001 0.5328125 0.3031250000000001 0.5328125
0 0.3921875000000001 0.5140625 0.3265625000000001 0.5140625 0.3265625000000001 0.5421875 0.3921875000000001 0.5421875
0 0.503125 0.5140625 0.4125 0.5140625 0.4125 0.534375 0.503125 0.534375
0 0.6171875 0.515625 0.525 0.515625 0.525 0.534375 0.6171875 0.534375
0 0.6375 0.5328125 0.634375 0.5328125 0.634375 0.5359375 0.6375 0.5359375
0 0.7171875 0.5171875 0.6515625 0.5171875 0.6515625 0.534375 0.7171875 0.534375
0 0.853125 0.5156250000000002 0.7375 0.5156250000000002 0.7375 0.5359375000000002 0.853125 0.5359375000000002
0 0.2218750000000001 0.5734375 0.14218750000000008 0.5734375 0.14218750000000008 0.584375 0.2218750000000001 0.584375
0 0.3343750000000001 0.5640625 0.2531250000000001 0.5640625 0.2531250000000001 0.584375 0.3343750000000001 0.584375
0 0.44375 0.575 0.36406250000000007 0.575 0.36406250000000007 0.584375 0.44375 0.584375
0 0.5203125 0.565625 0.4609375 0.565625 0.4609375 0.584375 0.5203125 0.584375
0 0.5765625 0.575 0.55 0.575 0.55 0.5828125 0.5765625 0.5828125
0 0.678125 0.56875 0.590625 0.56875 0.590625 0.5921875 0.678125 0.5921875
0 0.76875 0.5703125000000001 0.7 0.5703125 0.7 0.5859375000000001 0.76875 0.5859375000000002
0 0.85625 0.5687500000000002 0.7828125 0.5687500000000002 0.7828125 0.5984375000000002 0.85625 0.5984375000000002
0 0.2484375000000001 0.6140625 0.14218750000000008 0.6140625 0.14218750000000008 0.634375 0.2484375000000001 0.634375
0 0.3265625000000001 0.6171875 0.2718750000000001 0.6171875 0.2718750000000001 0.6484375 0.3265625000000001 0.6484375
0 0.421875 0.615625 0.3515625000000001 0.615625 0.3515625000000001 0.634375 0.421875 0.634375
0 0.575 0.6171875 0.45 0.6171875 0.45 0.6390625 0.575 0.6390625
0 0.778125 0.6156250000000001 0.5953125 0.615625 0.5953125 0.6515625 0.778125 0.6515625000000002
0 0.875 0.6140625000000002 0.79375 0.6140625000000002 0.79375 0.6390625000000002 0.875 0.6390625000000002
0 0.19531250000000008 0.665625 0.14218750000000008 0.665625 0.14218750000000008 0.6921875 0.19531250000000008 0.6921875
0 0.21250000000000008 0.6828125 0.2093750000000001 0.6828125 0.2093750000000001 0.684375 0.21250000000000008 0.684375