0 0.19218750000000004 0.2109375 0.14218750000000005 0.2109375 0.14218750000000005 0.228125 0.19218750000000004 0.228125
0 0.26875 0.2078125 0.2140625 0.2078125 0.2140625 0.2296875 0.26875 0.2296875
0 0.3796875 0.20781250000000004 0.3 0.2078125 0.3 0.23281250000000003 0.3796875 0.2328125000000001
0 0.4671875 0.22031250000000008 0.4078125 0.22031250000000008 0.4078125 0.2312500000000001 0.4671875 0.2312500000000001
0 0.6 0.2078125000000001 0.4953125 0.2078125000000001 0.4953125 0.2312500000000001 0.6 0.2312500000000001
0 0.678125 0.2078125000000001 0.6203125 0.2078125000000001 0.6203125 0.22812500000000008 0.678125 0.22812500000000008
0 0.8140625 0.22031250000000008 0.7125 0.22031250000000008 0.7125 0.2312500000000001 0.8140625 0.2312500000000001
0 0.26875 0.2609375 0.14843750000000006 0.2609375 0.14843750000000006 0.28125 0.26875 0.28125
0 0.3359375 0.2609375 0.2984375 0.2609375 0.2984375 0.2875 0.3359375 0.2875
0 0.40625 0.26093750000000004 0.353125 0.2609375 0.353125 0.28125000000000006 0.40625 0.2812500000000001
0 0.484375 0.2609375000000001 0.4203125 0.2609375000000001 0.4203125 0.2812500000000001 0.484375 0.2812500000000001
0 0.60625 0.2593750000000001 0.5078125 0.2593750000000001 0.5078125 0.28593750000000007 0.60625 0.28593750000000007
0 0.721875 0.2609375000000001 0.6359375 0.2609375000000001 0.6359375 0.2828125000000001 0.721875 0.2828125000000001
0 0.8296875 0.2734375000000001 0.740625 0.2734375000000001 0.740625 0.2828125000000001 0.8296875 0.2828125000000001
0 0.2859375 0.309375 0.14062500000000006 0.309375 0.14062500000000006 0.34375 0.2859375 0.34375
0 0.35 0.3140625 0.3109375 0.3140625 0.3109375 0.33125 0.35 0.33125
0 0.4078125 0.31250000000000006 0.3546875 0.3125 0.3546875 0.33281250000000007 0.4078125 0.33281250000000007
0 0.509375 0.30937500000000007 0.4296875 0.30937500000000007 0.4296875 0.3312500000000001 0.509375 0.3312500000000001
0 0.646875 0.30937500000000007 0.540625 0.30937500000000007 0.540625 0.3312500000000001 0.646875 0.3312500000000001
0 0.66875 0.3281250000000001 0.665625 0.3281250000000001 0.665625 0.3312500000000001 0.66875 0.3312500000000001
0 0.71875 0.3140625000000001 0.684375 0.3140625000000001 0.684375 0.33281250000000007 0.71875 0.33281250000000007
0 0.8171875 0.3234375000000001 0.74375 0.3234375000000001 0.74375 0.33281250000000007 0.8171875 0.33281250000000007
0 0.24375000000000005 0.3609375 0.14375000000000004 0.3609375 0.14375000000000004 0.38125 0.24375000000000008 0.38125
0 0.2828125000000001 0.3703125 0.2656250000000001 0.3703125 0.2656250000000001 0.38125 0.2828125000000001 0.38125
0 0.3843750000000001 0.36406250000000007 0.3031250000000001 0.3640625 0.3031250000000001 0.39843750000000006 0.3843750000000001 0.3984375000000001
0 0.5140625 0.36406250000000007 0.403125 0.36406250000000007 0.403125 0.3921875000000001 0.5140625 0.3921875000000001
0 0.6109375 0.3625000000000001 0.540625 0.3625000000000001 0.540625 0.3812500000000001 0.6109375 0.3812500000000001
0 0.7328125 0.3625000000000001 0.6265625 0.3625000000000001 0.6265625 0.3890625000000001 0.7328125 0.3890625000000001
0 0.83125 0.3656250000000001 0.75625 0.3656250000000001 0.75625 0.3828125000000001 0.83125 0.3828125000000001
0 0.2578125000000001 0.4140625 0.15000000000000005 0.4140625 0.15000000000000005 0.4328125 0.2578125000000001 0.4328125
0 0.3312500000000001 0.4171875 0.2890625000000001 0.4171875 0.2890625000000001 0.4328125 0.3312500000000001 0.4328125
0 0.4203125 0.415625 0.3531250000000001 0.415625 0.3531250000000001 0.4328125 0.4203125 0.4328125
0 0.5140625 0.4125 0.4390625 0.4125 0.4390625 0.4328125 0.5140625 0.4328125
0 0.53125 0.4296875 0.528125 0.4296875 0.528125 0.4328125 0.53125 0.4328125
0 0.5828125 0.4125 0.5453125 0.4125 0.5453125 0.4328125 0.5828125 0.4328125
0 0.759375 0.4171875000000001 0.6125 0.4171875 0.6125 0.45000000000000007 0.759375 0.4500000000000002
0 0.7734375 0.4312500000000002 0.7671875 0.4312500000000002 0.7671875 0.44062500000000016 0.7734375 0.44062500000000016
0 0.8578125 0.41406250000000017 0.784375 0.41406250000000017 0.784375 0.4343750000000002 0.8578125 0.4343750000000002
0 0.2140625000000001 0.471875 0.14062500000000006 0.471875 0.14062500000000006 0.48125 0.2140625000000001 0.48125
0 0.2218750000000001 0.4796875 0.2171875000000001 0.4796875 0.2171875000000001 0.4890625 0.2218750000000001 0.4890625
0 0.2968750000000001 0.4734375 0.2406250000000001 0.4734375 0.2406250000000001 0.484375 0.2968750000000001 0.484375
0 0.3859375000000001 0.465625 0.3265625000000001 0.465625 0.3265625000000001 0.484375 0.3859375000000001 0.484375
0 0.53125 0.465625 0.4 0.465625 0.4 0.4984375 0.53125 0.4984375
0 0.5859375 0.465625 0.5546875 0.465625 0.5546875 0.4828125 0.5859375 0.4828125
0 0.725 0.46875 0.5984375 0.46875 0.5984375 0.4921875 0.725 0.4921875
0 0.8203125 0.47656250000000017 0.746875 0.47656250000000017 0.746875 0.4859375000000002 0.8203125 0.4859375000000002
0 0.17187500000000006 0.5109375 0.14531250000000004 0.5109375 0.14531250000000004 0.5390625 0.17187500000000006 0.5390625
0 0.27812500000000007 0.515625 0.19375000000000003 0.515625 0.19375000000000003 0.534375 0.27812500000000007 0.534375
0 0.3890625000000001 0.5171875 0.3000000000000001 0.5171875 0.3000000000000001 0.5390625 0.3890625000000001 0.5390625
0 0.515625 0.515625 0.4234375 0.515625 0.4234375 0.5515625 0.515625 0.5515625
0 0.6265625 0.5171875 0.5484375 0.5171875 0.5484375 0.5375 0.6265625 0.5375
0 0.678125 0.5171875 0.6484375 0.5171875 0.6484375 0.5359375 0.678125 0.5359375
0 0.7359375 0.5171875000000001 0.6859375 0.5171875 0.6859375 0.534375 0.7359375 0.5343750000000002
0 0.821875 0.5265625000000002 0.7546875 0.5265625000000002 0.7546875 0.5500000000000002 0.821875 0.5500000000000002
0 0.3140625000000001 0.5640625 0.1468750000000001 0.5640625 0.1468750000000001 0.584375 0.3140625000000001 0.584375
0 0.3312500000000001 0.5765625 0.3234375000000001 0.5765625 0.3234375000000001 0.59375 0.3312500000000001 0.59375
0 0.41875 0.5671875 0.3468750000000001 0.5671875 0.3468750000000001 0.5859375 0.41875 0.5859375
0 0.5109375 0.5671875 0.446875 0.5671875 0.446875 0.590625 0.5109375 0.590625
0 0.6078125 0.56875 0.53125 0.56875 0.53125 0.5859375 0.6078125 0.5859375
0 0.6234375 0.56875 0.6203125 0.56875 0.6203125 0.5859375 0.6234375 0.5859375
0 0.7578125 0.5687500000000001 0.65 0.56875 0.65 0.5859375000000001 0.7578125 0.5859375000000002
0 0.846875 0.5671875000000002 0.771875 0.5671875000000002 0.771875 0.5859375000000002 0.846875 0.5859375000000002
0 0.2890625000000001 0.615625 0.1359375000000001 0.615625 0.1359375000000001 0.6359375 0.2890625000000001 0.6359375
0 0.3437500000000001 0.6203125 0.30937500000000007 0.6203125 0.30937500000000007 0.6359375 0.3437500000000001 0.6359375
0 0.4 0.61875 0.3515625000000001 0.61875 0.3515625000000001 0.6359375 0.4 0.6359375
0 0.5 0.6171875 0.4125 0.6171875 0.4125 0.6359375 0.5 0.6359375
0 0.5984375 0.61875 0.525 0.61875 0.525 0.6390625 0.5984375 0.6390625
0 0.6734375 0.61875 0.6203125 0.61875 0.6203125 0.6359375 0.6734375 0.6359375
0 0.75 0.6187500000000001 0.684375 0.61875 0.684375 0.6375000000000001 0.75 0.6375000000000002
0 0.875 0.6156250000000002 0.7703125 0.6156250000000002 0.7703125 0.6421875000000001 0.875 0.6421875000000001
0 0.2484375000000001 0.6671875 0.1390625000000001 0.6671875 0.1390625000000001 0.703125 0.2484375000000001 0.703125
0 0.3343750000000001 0.671875 0.2656250000000001 0.671875 0.2656250000000001 0.6875 0.3343750000000001 0.6875
0 0.440625 0.66875 0.35625000000000007 0.66875 0.35625000000000007 0.6890625 0.440625 0.6890625
0 0.5265625 0.665625 0.4640625 0.665625 0.4640625 0.6921875 0.5265625 0.6921875
0 0.59375 0.66875 0.5390625 0.66875 0.5390625 0.6890625 0.59375 0.6890625
0 0.678125 0.665625 0.60625 0.665625 0.60625 0.7015625 0.678125 0.7015625
0 0.71875 0.6671875 0.6953125 0.6671875 0.6953125 0.6921875 0.71875 0.6921875
0 0.7515625 0.6796875000000002 0.73125 0.6796875000000002 0.73125 0.6875000000000002 0.7515625 0.6875000000000002
0 0.8734375 0.6687500000000002 0.771875 0.6687500000000002 0.771875 0.7000000000000002 0.8734375 0.7000000000000002
0 0.2843750000000001 0.721875 0.1375000000000001 0.721875 0.1375000000000001 0.7515625 0.2843750000000001 0.7515625
0 0.3000000000000001 0.7328125 0.2968750000000001 0.7328125 0.2968750000000001 0.7359375 0.3000000000000001 0.7359375