0 0.215625 0.23125 0.14531250000000004 0.23125 0.14531250000000004 0.265625 0.215625 0.265625
0 0.325 0.2328125 0.2421875 0.2328125 0.2421875 0.2671875 0.325 0.2671875
0 0.4765625 0.23437500000000006 0.3484375 0.234375 0.3484375 0.25312500000000004 0.4765625 0.2531250000000001
0 0.509375 0.23437500000000008 0.4890625 0.23437500000000008 0.4890625 0.2500000000000001 0.509375 0.2500000000000001
0 0.6109375 0.2328125000000001 0.534375 0.2328125000000001 0.534375 0.27031250000000007 0.6109375 0.27031250000000007
0 0.7546875 0.2296875000000001 0.6328125 0.2296875000000001 0.6328125 0.26250000000000007 0.7546875 0.26250000000000007
0 0.80625 0.2406250000000001 0.7546875 0.2406250000000001 0.7546875 0.2531250000000001 0.80625 0.2531250000000001
0 0.2640625 0.28125 0.14687500000000003 0.28125 0.14687500000000003 0.303125 0.2640625 0.303125
0 0.3 0.2796875 0.2828125 0.2796875 0.2828125 0.303125 0.3 0.303125
0 0.3140625 0.3015625 0.3078125 0.3015625 0.3078125 0.3125 0.3140625 0.3125
0 0.371875 0.28125000000000006 0.3359375 0.28125 0.3359375 0.30937500000000007 0.371875 0.30937500000000007
0 0.496875 0.2796875000000001 0.3953125 0.2796875000000001 0.3953125 0.3031250000000001 0.496875 0.3031250000000001
0 0.5140625 0.2953125000000001 0.5078125 0.2953125000000001 0.5078125 0.3062500000000001 0.5140625 0.3062500000000001
0 0.5828125 0.2812500000000001 0.528125 0.2812500000000001 0.528125 0.3031250000000001 0.5828125 0.3031250000000001
0 0.6578125 0.2843750000000001 0.6078125 0.2843750000000001 0.6078125 0.3046875000000001 0.6578125 0.3046875000000001
0 0.7828125 0.2843750000000001 0.68125 0.2843750000000001 0.68125 0.3046875000000001 0.7828125 0.3046875000000001
0 0.8640625 0.2812500000000001 0.8046875 0.2812500000000001 0.8046875 0.3046875000000001 0.8640625 0.3046875000000001
0 0.2578125 0.325 0.13906250000000003 0.325 0.13906250000000003 0.353125 0.2578125 0.353125
0 0.3046875 0.3328125 0.284375 0.3328125 0.284375 0.353125 0.3046875 0.353125
0 0.409375 0.33125000000000004 0.328125 0.33125 0.328125 0.35468750000000004 0.409375 0.3546875000000001
0 0.4734375 0.3296875000000001 0.4390625 0.3296875000000001 0.4390625 0.3781250000000001 0.4734375 0.3781250000000001
0 0.5484375 0.3296875000000001 0.5 0.3296875000000001 0.5 0.3546875000000001 0.5484375 0.3546875000000001
0 0.6296875 0.3265625000000001 0.5703125 0.3265625000000001 0.5703125 0.3625000000000001 0.6296875 0.3625000000000001
0 0.6453125 0.3453125000000001 0.6390625 0.3453125000000001 0.6390625 0.3593750000000001 0.6453125 0.3593750000000001
0 0.7984375 0.3343750000000001 0.6671875 0.3343750000000001 0.6671875 0.35625000000000007 0.7984375 0.35625000000000007
0 0.871875 0.3296875000000001 0.815625 0.3296875000000001 0.815625 0.3546875000000001 0.871875 0.3546875000000001
0 0.3500000000000001 0.3765625 0.13437500000000005 0.3765625 0.13437500000000005 0.4171875 0.3500000000000001 0.4171875
0 0.3609375000000001 0.3953125 0.3500000000000001 0.3953125 0.3500000000000001 0.4125 0.3609375000000001 0.4125
0 0.44375 0.37968750000000007 0.38750000000000007 0.37968750000000007 0.38750000000000007 0.415625 0.44375 0.415625
0 0.5734375 0.3828125000000001 0.4546875 0.3828125000000001 0.4546875 0.425 0.5734375 0.425
0 0.6421875 0.3906250000000001 0.60625 0.3906250000000001 0.60625 0.4171875 0.6421875 0.4171875
0 0.721875 0.3890625000000001 0.653125 0.3890625000000001 0.653125 0.40625 0.721875 0.40625
0 0.8140625 0.3828125000000001 0.74375 0.3828125000000001 0.74375 0.4187500000000002 0.8140625 0.4187500000000002
0 0.2296875000000001 0.4296875 0.14062500000000006 0.4296875 0.14062500000000006 0.4546875 0.2296875000000001 0.4546875
0 0.30156250000000007 0.4328125 0.26250000000000007 0.4328125 0.26250000000000007 0.45625 0.30156250000000007 0.45625
0 0.4171875 0.4390625 0.3375000000000001 0.4390625 0.3375000000000001 0.45625 0.4171875 0.45625
0 0.4875 0.434375 0.453125 0.434375 0.453125 0.459375 0.4875 0.459375
0 0.59375 0.43125 0.5140625 0.43125 0.5140625 0.45625 0.59375 0.45625
0 0.609375 0.4515625 0.6078125 0.4515625 0.6078125 0.453125 0.609375 0.453125
0 0.69375 0.43125 0.6484375 0.43125 0.6484375 0.45625 0.69375 0.45625
0 0.8171875 0.42656250000000007 0.7171875 0.4265625 0.7171875 0.4765625000000001 0.8171875 0.47656250000000017
0 0.2328125000000001 0.4859375 0.13125000000000003 0.4859375 0.13125000000000003 0.53125 0.2328125000000001 0.53125
0 0.3187500000000001 0.4828125 0.2593750000000001 0.4828125 0.2593750000000001 0.5078125 0.3187500000000001 0.5078125
0 0.3828125000000001 0.4859375 0.3453125000000001 0.4859375 0.3453125000000001 0.50625 0.3828125000000001 0.50625
0 0.4875 0.4828125 0.409375 0.4828125 0.409375 0.50625 0.4875 0.50625
0 0.565625 0.4828125 0.525 0.4828125 0.525 0.5109375 0.565625 0.5109375
0 0.60625 0.4921875 0.5875 0.4921875 0.5875 0.5078125 0.60625 0.5078125
0 0.6890625 0.484375 0.640625 0.484375 0.640625 0.5078125 0.6890625 0.5078125
0 0.8203125 0.4843750000000001 0.7171875 0.484375 0.7171875 0.5093750000000001 0.8203125 0.5093750000000001
0 0.2171875000000001 0.528125 0.13593750000000004 0.528125 0.13593750000000007 0.5625 0.2171875000000001 0.5625
0 0.2875000000000001 0.534375 0.2500000000000001 0.534375 0.2500000000000001 0.55625 0.2875000000000001 0.55625
0 0.51875 0.5296875 0.3125000000000001 0.5296875 0.3125000000000001 0.565625 0.51875 0.565625
0 0.6796875 0.5328125 0.54375 0.5328125 0.54375 0.5671875 0.6796875 0.5671875
0 0.753125 0.534375 0.703125 0.534375 0.703125 0.5593750000000001 0.753125 0.5593750000000002
0 0.8484375 0.5359375000000002 0.771875 0.5359375000000002 0.771875 0.5687500000000002 0.8484375 0.5687500000000002
0 0.8625 0.5578125000000002 0.859375 0.5578125000000002 0.859375 0.5609375000000002 0.8625 0.5609375000000002
0 0.20468750000000008 0.58125 0.13281250000000008 0.58125 0.13281250000000008 0.60625 0.20468750000000008 0.60625
0 0.30937500000000007 0.5890625 0.2312500000000001 0.5890625 0.2312500000000001 0.634375 0.30937500000000007 0.634375
0 0.3218750000000001 0.603125 0.3140625000000001 0.603125 0.3140625000000001 0.6140625 0.3218750000000001 0.6140625
0 0.475 0.5859375 0.3531250000000001 0.5859375 0.3531250000000001 0.6078125 0.475 0.6078125
0 0.5234375 0.5890625 0.5046875 0.5890625 0.5046875 0.609375 0.5234375 0.609375
0 0.528125 0.6046875 0.5203125 0.6046875 0.5203125 0.6171875 0.528125 0.6171875
0 0.6359375 0.5921875 0.5515625 0.5921875 0.5515625 0.628125 0.6359375 0.628125
0 0.69375 0.5875 0.665625 0.5875 0.665625 0.6078125 0.69375 0.6078125
0 0.8328125 0.58125 0.71875 0.58125 0.71875 0.6265625000000001 0.8328125 0.6265625000000001
0 0.26250000000000007 0.6359375 0.1531250000000001 0.6359375 0.1531250000000001 0.659375 0.26250000000000007 0.659375
0 0.2828125000000001 0.653125 0.2734375000000001 0.653125 0.2734375000000001 0.6640625 0.2828125000000001 0.6640625
0 0.3750000000000001 0.6359375 0.31718750000000007 0.6359375 0.31718750000000007 0.6578125 0.3750000000000001 0.6578125
0 0.50625 0.6375 0.4125 0.6375 0.4125 0.659375 0.50625 0.659375
0 0.5703125 0.6390625 0.540625 0.6390625 0.540625 0.659375 0.5703125 0.659375
0 0.6375 0.6359375 0.59375 0.6359375 0.59375 0.659375 0.6375 0.659375
0 0.7578125 0.6359375 0.665625 0.6359375 0.665625 0.6609375000000001 0.7578125 0.6609375000000002
0 0.23437500000000008 0.6890625 0.14062500000000008 0.6890625 0.14062500000000008 0.728125 0.23437500000000008 0.728125
0 0.33281250000000007 0.684375 0.2687500000000001 0.684375 0.2687500000000001 0.7078125 0.33281250000000007 0.7078125
0 0.403125 0.684375 0.3593750000000001 0.684375 0.3593750000000001 0.709375 0.403125 0.709375
0 0.653125 0.6890625 0.4390625 0.6890625 0.4390625 0.721875 0.653125 0.721875
0 0.7125 0.6875 0.6828125 0.6875 0.6828125 0.715625 0.7125 0.715625
0 0.83125 0.6890625000000001 0.7421875 0.6890625000000001 0.7421875 0.7234375000000002 0.83125 0.7234375000000002
0 0.85 0.7109375000000002 0.8375 0.7109375000000002 0.8375 0.7218750000000002 0.85 0.7218750000000002
0 0.2843750000000001 0.7359375 0.1531250000000001 0.7359375 0.1531250000000001 0.771875 0.2843750000000001 0.771875
0 0.3859375000000001 0.7375 0.3156250000000001 0.7375 0.3156250000000001 0.7578125 0.3859375000000001 0.7578125
0 0.4781250000000002 0.7375 0.4187500000000002 0.7375 0.4187500000000002 0.759375 0.4781250000000002 0.759375
0 0.5312500000000002 0.7375 0.5000000000000002 0.7375 0.5000000000000002 0.759375 0.5312500000000002 0.759375
0 0.6062500000000002 0.7453125 0.5562500000000001 0.7453125 0.5562500000000001 0.759375 0.6062500000000002 0.759375
0 0.6625000000000002 0.7453125 0.6250000000000002 0.7453125 0.6250000000000002 0.7609375 0.6625000000000002 0.7609375
0 0.7453125000000002 0.7359375000000001 0.6937500000000002 0.7359375 0.6937500000000002 0.7609375 0.7453125000000002 0.7609375000000002
0 0.865625 0.7390625000000002 0.7796875000000002 0.7390625000000002 0.7796875000000002 0.7765625000000002 0.865625 0.7765625000000002