0 0.215625 0.2015625 0.13750000000000004 0.2015625 0.13750000000000004 0.2390625 0.215625 0.2390625
0 0.2984375 0.2015625 0.246875 0.2015625 0.246875 0.2265625 0.2984375 0.2265625
0 0.409375 0.20468750000000005 0.3375 0.2046875 0.3375 0.22968750000000004 0.409375 0.2296875000000001
0 0.528125 0.2015625000000001 0.4609375 0.2015625000000001 0.4609375 0.2250000000000001 0.528125 0.2250000000000001
0 0.6296875 0.20312500000000008 0.5578125 0.20312500000000008 0.5578125 0.22656250000000008 0.6296875 0.22656250000000008
0 0.75 0.20312500000000008 0.66875 0.20312500000000008 0.66875 0.2250000000000001 0.75 0.2250000000000001
0 0.821875 0.2078125000000001 0.784375 0.2078125000000001 0.784375 0.23593750000000008 0.821875 0.23593750000000008
0 0.3515625 0.253125 0.13750000000000004 0.253125 0.13750000000000004 0.2765625 0.3515625 0.2765625
0 0.4734375 0.2515625000000001 0.384375 0.2515625000000001 0.384375 0.29375000000000007 0.4734375 0.29375000000000007
0 0.5234375 0.2515625000000001 0.5015625 0.2515625000000001 0.5015625 0.27812500000000007 0.5234375 0.27812500000000007
0 0.64375 0.2515625000000001 0.5546875 0.2515625000000001 0.5546875 0.2765625000000001 0.64375 0.2765625000000001
0 0.821875 0.2531250000000001 0.6859375 0.2531250000000001 0.6859375 0.3046875000000001 0.821875 0.3046875000000001
0 0.2296875 0.3046875 0.14218750000000005 0.3046875 0.14218750000000005 0.3296875 0.2296875 0.3296875
0 0.3140625 0.3109375 0.2640625 0.3109375 0.2640625 0.3296875 0.3140625 0.3296875
0 0.45 0.30625 0.3421875 0.30625 0.3421875 0.33906250000000004 0.45 0.3390625000000001
0 0.459375 0.3218750000000001 0.453125 0.3218750000000001 0.453125 0.3343750000000001 0.459375 0.3343750000000001
0 0.5359375 0.30156250000000007 0.49375 0.30156250000000007 0.49375 0.3281250000000001 0.5359375 0.3281250000000001
0 0.6609375 0.3046875000000001 0.5703125 0.3046875000000001 0.5703125 0.3281250000000001 0.6609375 0.3281250000000001
0 0.7546875 0.3062500000000001 0.69375 0.3062500000000001 0.69375 0.32500000000000007 0.7546875 0.32500000000000007
0 0.7703125 0.3234375000000001 0.7609375 0.3234375000000001 0.7609375 0.3343750000000001 0.7703125 0.3343750000000001
0 0.84375 0.3046875000000001 0.784375 0.3046875000000001 0.784375 0.3281250000000001 0.84375 0.3281250000000001
0 0.33125000000000004 0.3546875 0.13750000000000004 0.3546875 0.13750000000000004 0.378125 0.3312500000000001 0.378125
0 0.3468750000000001 0.371875 0.34062500000000007 0.371875 0.34062500000000007 0.384375 0.3468750000000001 0.384375
0 0.490625 0.3515625000000001 0.3671875 0.3515625000000001 0.36718750000000006 0.37968750000000007 0.490625 0.37968750000000007
0 0.5015625 0.3765625000000001 0.490625 0.3765625000000001 0.490625 0.38750000000000007 0.5015625 0.38750000000000007
0 0.6375 0.3531250000000001 0.5234375 0.3531250000000001 0.5234375 0.3781250000000001 0.6375 0.3781250000000001
0 0.7546875 0.3515625000000001 0.6765625 0.3515625000000001 0.6765625 0.3859375000000001 0.7546875 0.3859375000000001
0 0.2406250000000001 0.4046875 0.14062500000000006 0.4046875 0.14062500000000006 0.428125 0.2406250000000001 0.428125
0 0.32500000000000007 0.4078125 0.2734375000000001 0.4078125 0.2734375000000001 0.4296875 0.32500000000000007 0.4296875
0 0.46875 0.409375 0.3546875000000001 0.409375 0.3546875000000001 0.4296875 0.46875 0.4296875
0 0.546875 0.4078125 0.4953125 0.4078125 0.4953125 0.45 0.546875 0.45
0 0.6921875 0.40625 0.5703125 0.40625 0.5703125 0.43125 0.6921875 0.43125
0 0.7046875 0.4265625 0.69375 0.4265625 0.69375 0.4390625 0.7046875 0.4390625
0 0.79375 0.40156250000000016 0.7328125 0.40156250000000016 0.7328125 0.4390625000000002 0.79375 0.4390625000000002
0 0.875 0.4031250000000002 0.809375 0.4031250000000002 0.809375 0.43281250000000016 0.875 0.43281250000000016
0 0.17812500000000003 0.45625 0.13437500000000005 0.45625 0.13437500000000005 0.5015625 0.17812500000000003 0.5015625
0 0.41875 0.4578125 0.2140625000000001 0.4578125 0.2140625000000001 0.5015625 0.41875 0.5015625
0 0.44375 0.475 0.440625 0.475 0.440625 0.4765625 0.44375 0.4765625
0 0.525 0.4578125 0.4828125 0.4578125 0.4828125 0.4875 0.525 0.4875
0 0.53125 0.475 0.521875 0.475 0.521875 0.490625 0.53125 0.490625
0 0.596875 0.4578125 0.5609375 0.4578125 0.5609375 0.48125 0.596875 0.48125
0 0.675 0.4703125 0.6203125 0.4703125 0.6203125 0.5 0.675 0.5
0 0.778125 0.4562500000000001 0.7 0.45625 0.7 0.4796875000000001 0.778125 0.47968750000000016
0 0.8421875 0.46406250000000016 0.809375 0.46406250000000016 0.809375 0.47968750000000016 0.8421875 0.47968750000000016
0 0.8765625 0.46406250000000016 0.8484375 0.46406250000000016 0.8484375 0.4890625000000002 0.8765625 0.4890625000000002
0 0.16718750000000004 0.5015625 0.12343750000000005 0.5015625 0.12343750000000005 0.534375 0.16718750000000004 0.534375
0 0.2718750000000001 0.5078125 0.21250000000000008 0.5078125 0.21250000000000008 0.5296875 0.2718750000000001 0.5296875
0 0.403125 0.5078125 0.3187500000000001 0.5078125 0.3187500000000001 0.528125 0.403125 0.528125
0 0.4859375 0.5125 0.434375 0.5125 0.434375 0.54375 0.4859375 0.54375
0 0.55 0.503125 0.5125 0.503125 0.5125 0.540625 0.55 0.540625
0 0.628125 0.50625 0.5640625 0.50625 0.5640625 0.53125 0.628125 0.53125
0 0.6671875 0.5140625 0.6484375 0.5140625 0.6484375 0.515625 0.6671875 0.515625
0 0.753125 0.5046875000000001 0.7109375 0.5046875 0.7109375 0.5312500000000001 0.753125 0.5312500000000002
0 0.884375 0.5031250000000002 0.7734375 0.5031250000000002 0.7734375 0.5437500000000002 0.884375 0.5437500000000002
0 0.1906250000000001 0.55625 0.13281250000000008 0.55625 0.13281250000000008 0.5828125 0.1906250000000001 0.5828125
0 0.30937500000000007 0.5578125 0.2328125000000001 0.5578125 0.2328125000000001 0.58125 0.30937500000000007 0.58125
0 0.3218750000000001 0.575 0.3156250000000001 0.575 0.3156250000000001 0.584375 0.3218750000000001 0.584375
0 0.38750000000000007 0.55625 0.3500000000000001 0.55625 0.3500000000000001 0.5796875 0.38750000000000007 0.5796875
0 0.490625 0.559375 0.4203125 0.559375 0.4203125 0.58125 0.490625 0.58125
0 0.6984375 0.559375 0.5203125 0.559375 0.5203125 0.5984375 0.6984375 0.5984375
0 0.759375 0.5671875000000002 0.7296875 0.5671875000000002 0.7296875 0.5828125000000002 0.759375 0.5828125000000002
0 0.8390625 0.5578125000000002 0.784375 0.5578125000000002 0.784375 0.5812500000000002 0.8390625 0.5812500000000002
0 0.2468750000000001 0.609375 0.14062500000000008 0.609375 0.14062500000000008 0.640625 0.2468750000000001 0.640625
0 0.3578125000000001 0.609375 0.2750000000000001 0.609375 0.2750000000000001 0.6328125 0.3578125000000001 0.6328125
0 0.4203125 0.6109375 0.3906250000000001 0.6109375 0.3906250000000001 0.6296875 0.4203125 0.6296875
0 0.496875 0.609375 0.453125 0.609375 0.453125 0.63125 0.496875 0.63125
0 0.69375 0.6015625 0.5375 0.6015625 0.5375 0.634375 0.69375 0.634375
0 0.7 0.628125 0.696875 0.628125 0.696875 0.63125 0.7 0.63125