0 0.17500000000000004 0.203125 0.13437500000000005 0.203125 0.13437500000000005 0.2234375 0.17500000000000004 0.2234375
0 0.2390625 0.2015625 0.18750000000000006 0.2015625 0.18750000000000006 0.234375 0.2390625 0.234375
0 0.3015625 0.2125 0.2609375 0.2125 0.2609375 0.225 0.3015625 0.225
0 0.340625 0.215625 0.3171875 0.215625 0.3171875 0.2234375 0.340625 0.2234375
0 0.3875 0.20156250000000003 0.3546875 0.2015625 0.3546875 0.22343750000000004 0.3875 0.2234375000000001
0 0.4515625 0.20312500000000008 0.4046875 0.20312500000000008 0.4046875 0.2250000000000001 0.4515625 0.2250000000000001
0 0.521875 0.2062500000000001 0.4734375 0.2062500000000001 0.4734375 0.2312500000000001 0.521875 0.2312500000000001
0 0.5328125 0.21875000000000008 0.5265625 0.21875000000000008 0.5265625 0.2312500000000001 0.5328125 0.2312500000000001
0 0.584375 0.2093750000000001 0.55 0.2093750000000001 0.55 0.2250000000000001 0.584375 0.2250000000000001
0 0.653125 0.2171875000000001 0.5953125 0.2171875000000001 0.5953125 0.22812500000000008 0.653125 0.22812500000000008
0 0.665625 0.21875000000000008 0.659375 0.21875000000000008 0.659375 0.23437500000000008 0.665625 0.23437500000000008
0 0.7296875 0.21093750000000008 0.684375 0.21093750000000008 0.684375 0.2375000000000001 0.7296875 0.2375000000000001
0 0.8625 0.20468750000000008 0.7578125 0.20468750000000008 0.7578125 0.22656250000000008 0.8625 0.22656250000000008
0 0.18281250000000004 0.253125 0.14375000000000004 0.253125 0.14375000000000004 0.2734375 0.18281250000000004 0.2734375
0 0.25625 0.2640625 0.2125 0.2640625 0.2125 0.2765625 0.25625 0.2765625
0 0.2703125 0.2703125 0.2625 0.2703125 0.2625 0.284375 0.2703125 0.284375
0 0.353125 0.2625 0.2953125 0.2625 0.2953125 0.2859375 0.353125 0.2859375
0 0.46875 0.2593750000000001 0.3671875 0.2593750000000001 0.3671875 0.27812500000000007 0.46875 0.27812500000000007
0 0.5984375 0.2578125000000001 0.490625 0.2578125000000001 0.490625 0.2890625000000001 0.5984375 0.2890625000000001
0 0.6625 0.2593750000000001 0.615625 0.2593750000000001 0.615625 0.27812500000000007 0.6625 0.27812500000000007
0 0.746875 0.2593750000000001 0.6796875 0.2593750000000001 0.6796875 0.2765625000000001 0.746875 0.2765625000000001
0 0.75625 0.2687500000000001 0.746875 0.2687500000000001 0.746875 0.2828125000000001 0.75625 0.2828125000000001
0 0.8546875 0.2656250000000001 0.7734375 0.2656250000000001 0.7734375 0.2875000000000001 0.8546875 0.2875000000000001
0 0.16875000000000004 0.30625 0.13593750000000004 0.30625 0.13593750000000004 0.3265625 0.16875000000000004 0.3265625
0 0.24375 0.309375 0.18593750000000003 0.309375 0.18593750000000003 0.3265625 0.24375 0.3265625
0 0.315625 0.3125 0.271875 0.3125 0.271875 0.3328125 0.315625 0.3328125
0 0.43125 0.31093750000000003 0.34375 0.3109375 0.34375 0.3375 0.43125 0.3375000000000001
0 0.5765625 0.3062500000000001 0.4609375 0.3062500000000001 0.4609375 0.3265625000000001 0.5765625 0.3265625000000001
0 0.63125 0.30937500000000007 0.596875 0.30937500000000007 0.596875 0.3343750000000001 0.63125 0.3343750000000001
0 0.7734375 0.3109375000000001 0.6484375 0.3109375000000001 0.6484375 0.3375000000000001 0.7734375 0.3375000000000001
0 0.784375 0.32500000000000007 0.775 0.32500000000000007 0.775 0.33281250000000007 0.784375 0.33281250000000007
0 0.18906250000000005 0.3578125 0.13437500000000005 0.3578125 0.13437500000000005 0.378125 0.18906250000000005 0.378125
0 0.24062500000000003 0.3609375 0.19843750000000004 0.3609375 0.19843750000000004 0.3765625 0.2406250000000001 0.3765625
0 0.31718750000000007 0.359375 0.2625 0.359375 0.26250000000000007 0.3765625 0.31718750000000007 0.3765625
0 0.3343750000000001 0.36875 0.3265625000000001 0.36875 0.3265625000000001 0.384375 0.3343750000000001 0.384375
0 0.3890625000000001 0.36875 0.3546875000000001 0.36875 0.3546875000000001 0.37812500000000004 0.3890625000000001 0.3781250000000001
0 0.4859375 0.3609375000000001 0.40625 0.3609375000000001 0.40625 0.3828125000000001 0.4859375 0.3828125000000001
0 0.496875 0.37187500000000007 0.4890625 0.37187500000000007 0.4890625 0.3812500000000001 0.496875 0.3812500000000001
0 0.5984375 0.3625000000000001 0.5203125 0.3625000000000001 0.5203125 0.3781250000000001 0.5984375 0.3781250000000001
0 0.715625 0.3578125000000001 0.6125 0.3578125000000001 0.6125 0.3843750000000001 0.715625 0.3843750000000001
0 0.73125 0.3734375000000001 0.728125 0.3734375000000001 0.728125 0.3781250000000001 0.73125 0.3781250000000001
0 0.7828125 0.3578125000000001 0.753125 0.3578125000000001 0.753125 0.3750000000000001 0.7828125 0.3750000000000001
0 0.19375000000000003 0.4078125 0.13593750000000004 0.4078125 0.13593750000000004 0.434375 0.19375000000000003 0.434375
0 0.2921875000000001 0.4078125 0.2171875000000001 0.4078125 0.2171875000000001 0.4390625 0.2921875000000001 0.4390625
0 0.4109375 0.4109375 0.3125000000000001 0.4109375 0.3125000000000001 0.440625 0.4109375 0.440625
0 0.471875 0.4203125 0.4328125 0.4203125 0.4328125 0.428125 0.471875 0.428125
0 0.5375 0.409375 0.4828125 0.409375 0.4828125 0.428125 0.5375 0.428125
0 0.5734375 0.415625 0.5625 0.415625 0.5625 0.4265625 0.5734375 0.4265625
0 0.65 0.409375 0.5875 0.409375 0.5875 0.4390625 0.65 0.4390625
0 0.8296875 0.4125000000000001 0.68125 0.4125 0.68125 0.4281250000000001 0.8296875 0.4281250000000002
0 0.8390625 0.4265625000000002 0.8359375 0.4265625000000002 0.8359375 0.4281250000000002 0.8390625 0.4281250000000002
0 0.17812500000000003 0.45625 0.13906250000000003 0.45625 0.13906250000000003 0.4734375 0.17812500000000003 0.4734375
0 0.2500000000000001 0.4671875 0.20468750000000008 0.4671875 0.20468750000000008 0.478125 0.2500000000000001 0.478125
0 0.34843750000000007 0.459375 0.2750000000000001 0.459375 0.2750000000000001 0.4796875 0.34843750000000007 0.4796875
0 0.39531250000000007 0.4703125 0.36406250000000007 0.4703125 0.36406250000000007 0.4859375 0.39531250000000007 0.4859375
0 0.4796875 0.4625 0.4203125 0.4625 0.4203125 0.4796875 0.4796875 0.4796875
0 0.5671875 0.4609375 0.5015625 0.4609375 0.5015625 0.478125 0.5671875 0.478125
0 0.65 0.4609375 0.5921875 0.4609375 0.5921875 0.48125 0.65 0.48125
0 0.6953125 0.4625 0.671875 0.4625 0.671875 0.484375 0.6953125 0.484375
0 0.734375 0.4687500000000001 0.721875 0.46875 0.721875 0.4765625000000001 0.734375 0.47656250000000017
0 0.8 0.46406250000000016 0.753125 0.46406250000000016 0.753125 0.48437500000000017 0.8 0.48437500000000017
0 0.22812500000000008 0.5109375 0.13593750000000004 0.5109375 0.13593750000000004 0.534375 0.22812500000000008 0.534375
0 0.2875000000000001 0.5125 0.26250000000000007 0.5125 0.26250000000000007 0.5359375 0.2875000000000001 0.5359375
0 0.46875 0.5109375 0.3125000000000001 0.5109375 0.3125000000000001 0.53125 0.46875 0.53125
0 0.4796875 0.5265625 0.4765625 0.5265625 0.4765625 0.528125 0.4796875 0.528125