0 0.19375000000000003 0.20625 0.13906250000000003 0.20625 0.13906250000000003 0.228125 0.19375000000000003 0.228125
0 0.253125 0.2046875 0.215625 0.2046875 0.215625 0.240625 0.253125 0.240625
0 0.3328125 0.2171875 0.2828125 0.2171875 0.2828125 0.2265625 0.3328125 0.2265625
0 0.34375 0.2265625 0.3390625 0.2265625 0.3390625 0.23125 0.34375 0.23125
0 0.384375 0.21562500000000004 0.3625 0.215625 0.3625 0.22812500000000005 0.384375 0.22812500000000008
0 0.45 0.20468750000000008 0.4 0.20468750000000008 0.4 0.2312500000000001 0.45 0.2312500000000001
0 0.4609375 0.2234375000000001 0.4578125 0.2234375000000001 0.4578125 0.2312500000000001 0.4609375 0.2312500000000001
0 0.5390625 0.20312500000000008 0.4796875 0.20312500000000008 0.4796875 0.2250000000000001 0.5390625 0.2250000000000001
0 0.5828125 0.2156250000000001 0.55625 0.2156250000000001 0.55625 0.2250000000000001 0.5828125 0.2250000000000001
0 0.5984375 0.22656250000000008 0.59375 0.22656250000000008 0.59375 0.2328125000000001 0.5984375 0.2328125000000001
0 0.675 0.2078125000000001 0.6171875 0.2078125000000001 0.6171875 0.23593750000000008 0.675 0.23593750000000008
0 0.7265625 0.20468750000000008 0.696875 0.20468750000000008 0.696875 0.23593750000000008 0.7265625 0.23593750000000008
0 0.796875 0.20312500000000008 0.74375 0.20312500000000008 0.74375 0.22812500000000008 0.796875 0.22812500000000008
0 0.80625 0.22656250000000008 0.803125 0.22656250000000008 0.803125 0.22812500000000008 0.80625 0.22812500000000008
0 0.19062500000000004 0.2578125 0.13281250000000006 0.2578125 0.13281250000000006 0.278125 0.19062500000000004 0.278125
0 0.2296875 0.25625 0.20625 0.25625 0.20625 0.284375 0.2296875 0.284375
0 0.3 0.25625 0.24375 0.25625 0.24375 0.2828125 0.3 0.2828125
0 0.3734375 0.26406250000000003 0.321875 0.2640625 0.321875 0.27656250000000004 0.3734375 0.2765625000000001
0 0.490625 0.2562500000000001 0.3921875 0.2562500000000001 0.3921875 0.2875000000000001 0.490625 0.2875000000000001
0 0.53125 0.27031250000000007 0.5046875 0.27031250000000007 0.5046875 0.2765625000000001 0.53125 0.2765625000000001
0 0.578125 0.2593750000000001 0.5375 0.2593750000000001 0.5375 0.2812500000000001 0.578125 0.2812500000000001
0 0.6890625 0.2593750000000001 0.6046875 0.2593750000000001 0.6046875 0.2796875000000001 0.6890625 0.2796875000000001
0 0.75625 0.2578125000000001 0.7125 0.2578125000000001 0.7125 0.27812500000000007 0.75625 0.27812500000000007
0 0.7671875 0.2765625000000001 0.7609375 0.2765625000000001 0.7609375 0.2843750000000001 0.7671875 0.2843750000000001
0 0.81875 0.2609375000000001 0.784375 0.2609375000000001 0.784375 0.2765625000000001 0.81875 0.2765625000000001
0 0.2359375 0.3078125 0.13593750000000004 0.3078125 0.13593750000000004 0.3265625 0.2359375 0.3265625
0 0.2859375 0.315625 0.2609375 0.315625 0.2609375 0.325 0.2859375 0.325
0 0.3109375 0.31875 0.3 0.31875 0.3 0.3265625 0.3109375 0.3265625
0 0.3890625 0.30937500000000007 0.33125 0.309375 0.33125 0.3375 0.3890625 0.3375000000000001
0 0.4484375 0.3125000000000001 0.415625 0.3125000000000001 0.415625 0.3343750000000001 0.4484375 0.3343750000000001
0 0.4984375 0.3140625000000001 0.465625 0.3140625000000001 0.465625 0.33281250000000007 0.4984375 0.33281250000000007
0 0.5078125 0.3265625000000001 0.503125 0.3265625000000001 0.503125 0.3343750000000001 0.5078125 0.3343750000000001
0 0.5546875 0.30937500000000007 0.521875 0.30937500000000007 0.521875 0.3281250000000001 0.5546875 0.3281250000000001
0 0.621875 0.3125000000000001 0.571875 0.3125000000000001 0.571875 0.3296875000000001 0.621875 0.3296875000000001
0 0.68125 0.31718750000000007 0.634375 0.31718750000000007 0.634375 0.3343750000000001 0.68125 0.3343750000000001
0 0.821875 0.3078125000000001 0.7171875 0.3078125000000001 0.7171875 0.3375000000000001 0.821875 0.3375000000000001
0 0.8359375 0.3265625000000001 0.8328125 0.3265625000000001 0.8328125 0.3281250000000001 0.8359375 0.3281250000000001
0 0.16406250000000006 0.3640625 0.13125000000000003 0.3640625 0.13125000000000003 0.378125 0.16406250000000006 0.378125
0 0.21562500000000004 0.3625 0.17968750000000006 0.3625 0.17968750000000006 0.3796875 0.2156250000000001 0.3796875
0 0.24218750000000008 0.3703125 0.2328125000000001 0.3703125 0.2328125000000001 0.3796875 0.24218750000000008 0.3796875
0 0.32500000000000007 0.3625 0.2578125 0.3625 0.25781250000000006 0.3859375 0.32500000000000007 0.3859375
0 0.37031250000000004 0.35781250000000003 0.346875 0.3578125 0.34687500000000004 0.37812500000000004 0.3703125000000001 0.3781250000000001
0 0.46875 0.3578125000000001 0.4 0.3578125000000001 0.4 0.3781250000000001 0.46875 0.3781250000000001
0 0.4796875 0.3781250000000001 0.478125 0.3781250000000001 0.478125 0.37968750000000007 0.4796875 0.37968750000000007
0 0.5296875 0.3609375000000001 0.4984375 0.3609375000000001 0.4984375 0.3781250000000001 0.5296875 0.3781250000000001
0 0.6140625 0.3578125000000001 0.55 0.3578125000000001 0.55 0.37968750000000007 0.6140625 0.37968750000000007
0 0.696875 0.3625000000000001 0.6359375 0.3625000000000001 0.6359375 0.3781250000000001 0.696875 0.3781250000000001
0 0.775 0.3609375000000001 0.7140625 0.3609375000000001 0.7140625 0.3859375000000001 0.775 0.3859375000000001
0 0.778125 0.3765625000000001 0.775 0.3765625000000001 0.775 0.37968750000000007 0.778125 0.37968750000000007
0 0.17500000000000004 0.4125 0.12187500000000004 0.4125 0.12187500000000004 0.4328125 0.17500000000000004 0.4328125
0 0.27812500000000007 0.4109375 0.19687500000000005 0.4109375 0.19687500000000005 0.4390625 0.27812500000000007 0.4390625
0 0.3531250000000001 0.4125 0.30937500000000007 0.4125 0.30937500000000007 0.428125 0.3531250000000001 0.428125
0 0.38750000000000007 0.4140625 0.3687500000000001 0.4140625 0.3687500000000001 0.4296875 0.38750000000000007 0.4296875
0 0.45 0.4109375 0.4046875 0.4109375 0.4046875 0.4296875 0.45 0.4296875
0 0.5125 0.4109375 0.4703125 0.4109375 0.4703125 0.4296875 0.5125 0.4296875
0 0.584375 0.4109375 0.5359375 0.4109375 0.5359375 0.4296875 0.584375 0.4296875
0 0.640625 0.421875 0.6109375 0.421875 0.6109375 0.4296875 0.640625 0.4296875
0 0.778125 0.4093750000000001 0.659375 0.409375 0.659375 0.4406250000000001 0.778125 0.44062500000000016
0 0.8640625 0.4109375000000002 0.79375 0.4109375000000002 0.79375 0.4312500000000002 0.8640625 0.4312500000000002
0 0.23593750000000008 0.4609375 0.13125000000000003 0.4609375 0.13125000000000003 0.4796875 0.23593750000000008 0.4796875
0 0.2453125000000001 0.478125 0.24218750000000008 0.478125 0.24218750000000008 0.4796875 0.2453125000000001 0.4796875
0 0.2984375000000001 0.459375 0.2687500000000001 0.459375 0.2687500000000001 0.478125 0.2984375000000001 0.478125
0 0.3468750000000001 0.4703125 0.3140625000000001 0.4703125 0.3140625000000001 0.48125 0.3468750000000001 0.48125
0 0.4078125 0.4640625 0.36406250000000007 0.4640625 0.36406250000000007 0.48125 0.4078125 0.48125
0 0.4203125 0.4765625 0.4140625 0.4765625 0.4140625 0.4859375 0.4203125 0.4859375
0 0.4796875 0.471875 0.4296875 0.471875 0.4296875 0.4828125 0.4796875 0.4828125
0 0.528125 0.4609375 0.4953125 0.4609375 0.4953125 0.4796875 0.528125 0.4796875
0 0.6234375 0.465625 0.546875 0.465625 0.546875 0.4921875 0.6234375 0.4921875
0 0.7265625 0.45781250000000007 0.64375 0.4578125 0.64375 0.4828125000000001 0.7265625 0.4828125000000002
0 0.740625 0.47968750000000016 0.734375 0.47968750000000016 0.734375 0.4859375000000002 0.740625 0.4859375000000002
0 0.809375 0.46406250000000016 0.753125 0.46406250000000016 0.753125 0.48437500000000017 0.809375 0.48437500000000017
0 0.85 0.4750000000000002 0.828125 0.4750000000000002 0.828125 0.4828125000000002 0.85 0.4828125000000002
0 0.18125000000000005 0.5140625 0.13437500000000005 0.5140625 0.13437500000000005 0.5375 0.18125000000000005 0.5375
0 0.25468750000000007 0.51875 0.19687500000000005 0.51875 0.19687500000000005 0.5390625 0.25468750000000007 0.5390625
0 0.2734375000000001 0.528125 0.27031250000000007 0.528125 0.27031250000000007 0.53125 0.2734375000000001 0.53125
0 0.36406250000000007 0.5109375 0.2921875000000001 0.5109375 0.2921875000000001 0.540625 0.36406250000000007 0.540625
0 0.4234375 0.5109375 0.38750000000000007 0.5109375 0.38750000000000007 0.5296875 0.4234375 0.5296875
0 0.5109375 0.5125 0.4390625 0.5125 0.4390625 0.540625 0.5109375 0.540625
0 0.559375 0.5109375 0.534375 0.5109375 0.534375 0.5328125 0.559375 0.5328125
0 0.6390625 0.5140625 0.575 0.5140625 0.575 0.5328125 0.6390625 0.5328125
0 0.6765625 0.5234375 0.6625 0.5234375 0.6625 0.5328125 0.6765625 0.5328125
0 0.740625 0.5093750000000001 0.690625 0.509375 0.690625 0.5312500000000001 0.740625 0.5312500000000002
0 0.746875 0.5296875000000002 0.7390625 0.5296875000000002 0.7390625 0.5359375000000002 0.746875 0.5359375000000002
0 0.1703125000000001 0.5625 0.13281250000000008 0.5625 0.13281250000000008 0.58125 0.1703125000000001 0.58125
0 0.24375000000000008 0.5640625 0.1906250000000001 0.5640625 0.1906250000000001 0.5828125 0.24375000000000008 0.5828125
0 0.28593750000000007 0.56875 0.26250000000000007 0.56875 0.26250000000000007 0.5953125 0.28593750000000007 0.5953125
0 0.3687500000000001 0.5640625 0.3125000000000001 0.5640625 0.3125000000000001 0.590625 0.3687500000000001 0.590625
0 0.48125 0.565625 0.3859375000000001 0.565625 0.3859375000000001 0.5953125 0.48125 0.5953125
0 0.4890625 0.58125 0.4859375 0.58125 0.4859375 0.5828125 0.4890625 0.5828125